0
-1.1324e-13
-2.2228e-12
-2.06277e-11
-9.34361e-11
-2.29176e-10
-3.68354e-10
-4.15785e-10
-5.24533e-10
-3.81267e-10
-5.02352e-10
-4.33885e-10
-3.59678e-10
-4.78129e-10
-3.28252e-10
-3.59992e-10
-4.02119e-10
-2.46884e-10
-3.57267e-10
-2.90754e-10
-2.07843e-10
-3.24335e-10
-1.7785e-10
-2.03118e-10
-2.50048e-10
-9.74564e-11
-2.05099e-10
-1.47607e-10
-6.58483e-11
-1.84029e-10
-4.83057e-11
-7.32239e-11
-1.26466e-10
1.59233e-11
-9.03396e-11
-4.37929e-11
3.08322e-11
-8.64496e-11
3.44575e-11
7.92676e-12
-4.78883e-11
7.85933e-11
-2.29247e-11
1.40747e-11
7.69932e-11
-3.20183e-11
7.11245e-11
4.30274e-11
-7.88805e-12
9.65681e-11
6.09574e-12
3.66688e-11
8.26779e-11
-7.48022e-12
7.45688e-11
4.51765e-11
8.98404e-12
8.36903e-11
1.18085e-11
3.97864e-11
6.2117e-11
2.90261e-12
5.98079e-11
2.85652e-11
1.77859e-11
5.38239e-11
7.68117e-12
3.70056e-11
2.79311e-11
1.10327e-11
3.88664e-11
4.21529e-12
2.8381e-11
1.7751e-11
2.38194e-12
3.65065e-11
-1.0382e-11
2.26232e-11
1.92902e-11
-2.05579e-11
4.39246e-11
-1.68258e-11
-2.85093e-13
4.05825e-11
-4.54837e-11
3.741e-11
4.65162e-12
-4.0754e-11
6.14239e-11
-4.40902e-11
1.41863e-13
4.65585e-11
-7.06981e-11
5.08392e-11
-4.37659e-12
-5.20656e-11
7.36026e-11
-5.92665e-11
2.7319e-12
4.85496e-11
-7.9545e-11
5.66118e-11
-9.06171e-12
-5.03516e-11
7.19254e-11
-5.90005e-11
6.64188e-12
4.00326e-11
-6.72205e-11
4.97333e-11
-1.17645e-11
-3.29354e-11
5.06892e-11
-4.29435e-11
1.15962e-11
1.73193e-11
-3.38127e-11
2.94243e-11
-1.48798e-11
-1.46821e-12
1.13301e-11
-1.55291e-11
1.7164e-11
-1.67995e-11
1.23739e-11
7.47678e-13
-1.92993e-11
3.52054e-11
-3.5013e-11
1.37356e-11
2.13003e-11
-5.11089e-11
5.42986e-11
-2.63919e-11
-2.29821e-11
6.11126e-11
-6.95117e-11
3.30015e-11
1.95348e-11
-6.85683e-11
7.13862e-11
-4.14863e-11
-2.11152e-11
5.89544e-11
-7.38995e-11
3.36505e-11
6.79616e-12
-5.50803e-11
5.0618e-11
-3.92788e-11
-9.39144e-12
2.15866e-11
-4.26697e-11
1.59771e-11
-1.74475e-11
-1.15907e-11
-1.53375e-12
-2.34533e-11
1.03132e-11
-3.67964e-11
8.4972e-12
-9.48304e-12
-4.34801e-11
3.91713e-11
-5.61231e-11
-4.27942e-12
2.65205e-11
-8.07376e-11
4.78279e-11
-2.75643e-11
-5.17679e-11
6.20687e-11
-7.56898e-11
9.43964e-12
2.38503e-11
-7.30772e-11
4.88482e-11
-2.7879e-11
-2.52427e-11
3.65541e-11
-4.10729e-11
1.75157e-11
-8.89004e-13
-6.77895e-12
1.5282e-11
-1.00031e-11
3.1296e-11
-1.66298e-11
2.88709e-11
2.67213e-11
-2.47501e-11
7.78056e-11
-1.4963e-11
2.04078e-11
8.3772e-11
-4.02884e-11
8.7553e-11
4.08419e-11
-8.868e-12
1.17862e-10
-4.49328e-13
5.79993e-11
9.23911e-11
9.48271e-12
9.97838e-11
5.47182e-11
6.06294e-11
8.67367e-11
5.93894e-11
9.42592e-11
5.48503e-11
1.05422e-10
7.32073e-11
6.14746e-11
1.35808e-10
2.76797e-11
1.12937e-10
1.06586e-10
1.85044e-11
1.53289e-10
4.21902e-11
6.02514e-11
1.31233e-10
6.53886e-12
9.97709e-11
6.39584e-11
2.27828e-11
8.02065e-11
1.61267e-11
4.23459e-11
1.21609e-11
1.73236e-11
5.58456e-12
-3.98729e-11
2.27169e-11
-8.09999e-11
-4.15809e-11
-2.95779e-11
-1.51714e-10
-3.54332e-11
-1.36074e-10
-1.67122e-10
-8.6037e-11
-2.29302e-10
-1.66911e-10
-1.93105e-10
-2.64717e-10
-2.17332e-10
-2.88264e-10
-2.78898e-10
-3.20046e-10
-3.23622e-10
-3.38233e-10
-4.05637e-10
-3.34216e-10
-4.44199e-10
-4.24207e-10
-3.86793e-10
-5.25e-10
-4.10953e-10
-4.81837e-10
-5.28936e-10
-4.33669e-10
-5.44954e-10
-4.9197e-10
-4.91762e-10
-5.23719e-10
-4.82524e-10
-5.09034e-10
-4.56022e-10
-4.97873e-10
-4.34668e-10
-4.10635e-10
-4.60163e-10
-3.10859e-10
-3.81557e-10
-3.22159e-10
-2.07502e-10
-2.89303e-10
-1.32407e-10
-1.15208e-10
-9.19407e-11
3.76333e-11
4.59459e-11
1.54262e-10
2.00837e-10
3.09929e-10
3.76785e-10
4.35935e-10
6.1105e-10
5.92798e-10
7.65917e-10
8.76266e-10
8.78647e-10
1.11405e-09
1.12773e-09
1.244e-09
1.40754e-09
1.43796e-09
1.60075e-09
1.67396e-09
1.80132e-09
1.87841e-09
1.98006e-09
2.11923e-09
2.11098e-09
2.30315e-09
2.32672e-09
2.35789e-09
2.53606e-09
2.46578e-09
2.57879e-09
2.62332e-09
2.58746e-09
2.6616e-09
2.61626e-09
2.63482e-09
2.56531e-09
2.55668e-09
2.49663e-09
2.35196e-09
2.37347e-09
2.15235e-09
2.0536e-09
1.96367e-09
1.67607e-09
1.58902e-09
1.33327e-09
1.09034e-09
8.7224e-10
5.68927e-10
3.10011e-10
-5.88349e-11
-3.15511e-10
-7.2428e-10
-1.10582e-09
-1.40146e-09
-1.93872e-09
-2.26245e-09
-2.71224e-09
-3.22552e-09
-3.59788e-09
-4.13685e-09
-4.58442e-09
-5.09166e-09
-5.56244e-09
-6.06341e-09
-6.59832e-09
-6.99292e-09
-7.59368e-09
-8.00667e-09
-8.44706e-09
-9.00273e-09
-9.32303e-09
-9.80791e-09
-1.01898e-08
-1.05314e-08
-1.08888e-08
-1.11621e-08
-1.14732e-08
-1.16096e-08
-1.1867e-08
-1.19658e-08
-1.19776e-08
-1.21184e-08
-1.19605e-08
-1.1907e-08
-1.17599e-08
-1.14648e-08
-1.12059e-08
-1.07843e-08
-1.03703e-08
-9.76822e-09
-9.20131e-09
-8.50714e-09
-7.63621e-09
-6.89705e-09
-5.84246e-09
-4.82613e-09
-3.75546e-09
-2.4723e-09
-1.24246e-09
1.64465e-10
1.57355e-09
3.14544e-09
4.71361e-09
6.34407e-09
8.17715e-09
9.83875e-09
1.17587e-08
1.36559e-08
1.55135e-08
1.75585e-08
1.9493e-08
2.15323e-08
2.35092e-08
2.55628e-08
2.7554e-08
2.94746e-08
3.15377e-08
3.3321e-08
3.52174e-08
3.70259e-08
3.86404e-08
4.03136e-08
4.17619e-08
4.31693e-08
4.43628e-08
4.54952e-08
4.64339e-08
4.71096e-08
4.78065e-08
4.80743e-08
4.82583e-08
4.82385e-08
4.78643e-08
4.73687e-08
4.65212e-08
4.54937e-08
4.40771e-08
4.248e-08
4.05781e-08
3.82467e-08
3.58421e-08
3.29235e-08
2.97832e-08
2.63695e-08
2.25587e-08
1.85217e-08
1.41007e-08
9.50511e-09
4.45912e-09
-7.49995e-10
-6.21272e-09
-1.20975e-08
-1.80009e-08
-2.42967e-08
-3.07409e-08
-3.73614e-08
-4.41687e-08
-5.10825e-08
-5.82038e-08
-6.52312e-08
-7.25154e-08
-7.97114e-08
-8.68505e-08
-9.41077e-08
-1.01106e-07
-1.081e-07
-1.14868e-07
-1.21498e-07
-1.27826e-07
-1.33861e-07
-1.397e-07
-1.44943e-07
-1.49976e-07
-1.54465e-07
-1.58405e-07
-1.61898e-07
-1.64711e-07
-1.66975e-07
-1.68443e-07
-1.69357e-07
-1.69398e-07
-1.68637e-07
-1.6721e-07
-1.64715e-07
-1.61492e-07
-1.57289e-07
-1.52172e-07
-1.46079e-07
-1.39008e-07
-1.31047e-07
-1.21894e-07
-1.11964e-07
-1.00913e-07
-8.88499e-08
-7.59176e-08
-6.19045e-08
-4.70376e-08
-3.115e-08
-1.45209e-08
3.09151e-09
2.14766e-08
4.04974e-08
6.04246e-08
8.08069e-08
1.01855e-07
1.23366e-07
1.45325e-07
1.67602e-07
1.90067e-07
2.12855e-07
2.35468e-07
2.58195e-07
2.80729e-07
3.0292e-07
3.24813e-07
3.46121e-07
3.66897e-07
3.8676e-07
4.05917e-07
4.23974e-07
4.40835e-07
4.56594e-07
4.7079e-07
4.83576e-07
4.94636e-07
5.04018e-07
5.11424e-07
5.16824e-07
5.20242e-07
5.21217e-07
5.20058e-07
5.16394e-07
5.10239e-07
5.01504e-07
4.90113e-07
4.76085e-07
4.59124e-07
4.39591e-07
4.17079e-07
3.91755e-07
3.63665e-07
3.32662e-07
2.98934e-07
2.62338e-07
2.23207e-07
1.81257e-07
1.36842e-07
9.0031e-08
4.07338e-08
-1.06272e-08
-6.41505e-08
-1.19472e-07
-1.76648e-07
-2.35236e-07
-2.95155e-07
-3.56307e-07
-4.18125e-07
-4.80722e-07
-5.43584e-07
-6.06594e-07
-6.69326e-07
-7.31607e-07
-7.93153e-07
-8.53404e-07
-9.12443e-07
-9.69583e-07
-1.0247e-06
-1.07738e-06
-1.12734e-06
-1.17423e-06
-1.2176e-06
-1.25745e-06
-1.29303e-06
-1.32434e-06
-1.35097e-06
-1.37259e-06
-1.38897e-06
-1.39974e-06
-1.40488e-06
-1.40377e-06
-1.39657e-06
-1.38288e-06
-1.3625e-06
-1.33541e-06
-1.30135e-06
-1.26038e-06
-1.21215e-06
-1.157e-06
-1.0946e-06
-1.02507e-06
-9.48577e-07
-8.65026e-07
-7.74714e-07
-6.77596e-07
-5.74181e-07
-4.64342e-07
-3.48585e-07
-2.27222e-07
-1.00414e-07
3.12433e-08
1.67527e-07
3.07747e-07
4.51745e-07
5.98688e-07
7.48158e-07
8.99679e-07
1.05241e-06
1.20594e-06
1.3594e-06
1.51238e-06
1.66384e-06
1.81331e-06
1.96003e-06
2.10307e-06
2.24192e-06
2.37561e-06
2.5036e-06
2.62482e-06
2.73883e-06
2.84472e-06
2.94169e-06
3.02923e-06
3.10641e-06
3.17277e-06
3.22739e-06
3.27e-06
3.29973e-06
3.31612e-06
3.31881e-06
3.30711e-06
3.28084e-06
3.23943e-06
3.18289e-06
3.11064e-06
3.02275e-06
2.9191e-06
2.7995e-06
2.66418e-06
2.51306e-06
2.34657e-06
2.16462e-06
1.96789e-06
1.7566e-06
1.53122e-06
1.29244e-06
1.04077e-06
7.77112e-07
5.01945e-07
2.16533e-07
-7.84865e-08
-3.81998e-07
-6.92881e-07
-1.01007e-06
-1.33225e-06
-1.65839e-06
-1.98679e-06
-2.3165e-06
-2.64584e-06
-2.97347e-06
-3.29787e-06
-3.61754e-06
-3.93106e-06
-4.23659e-06
-4.53298e-06
-4.81835e-06
-5.09132e-06
-5.35027e-06
-5.59377e-06
-5.8203e-06
-6.02826e-06
-6.21658e-06
-6.38352e-06
-6.52806e-06
-6.64876e-06
-6.74466e-06
-6.81448e-06
-6.85728e-06
-6.87232e-06
-6.8585e-06
-6.81539e-06
-6.74217e-06
-6.63865e-06
-6.50416e-06
-6.33871e-06
-6.1422e-06
-5.91452e-06
-5.65604e-06
-5.36692e-06
-5.04787e-06
-4.69915e-06
-4.32187e-06
-3.91675e-06
-3.48486e-06
-3.02743e-06
-2.54576e-06
-2.04145e-06
-1.51582e-06
-9.71011e-07
-4.08568e-07
1.6933e-07
7.60689e-07
1.36318e-06
1.97451e-06
2.59241e-06
3.21409e-06
3.83727e-06
4.45908e-06
5.07705e-06
5.68815e-06
6.28985e-06
6.8793e-06
7.45354e-06
8.00999e-06
8.54566e-06
9.05801e-06
9.54399e-06
1.00013e-05
1.04271e-05
1.0819e-05
1.11745e-05
1.14912e-05
1.17672e-05
1.2e-05
1.21881e-05
1.23294e-05
1.24225e-05
1.24659e-05
1.24584e-05
1.23988e-05
1.22864e-05
1.21207e-05
1.1901e-05
1.16274e-05
1.12997e-05
1.09184e-05
1.04839e-05
9.997e-06
9.45876e-06
8.87035e-06
8.23337e-06
7.54938e-06
6.82069e-06
6.04912e-06
5.2374e-06
4.38803e-06
3.50402e-06
2.58831e-06
1.64422e-06
6.75353e-07
-3.1492e-07
-1.32255e-06
-2.34382e-06
-3.37438e-06
-4.4104e-06
-5.4473e-06
-6.48084e-06
-7.50659e-06
-8.52003e-06
-9.51676e-06
-1.0492e-05
-1.14417e-05
-1.2361e-05
-1.32458e-05
-1.40914e-05
-1.48939e-05
-1.56491e-05
-1.63528e-05
-1.70014e-05
-1.75912e-05
-1.81187e-05
-1.85805e-05
-1.89739e-05
-1.92957e-05
-1.95438e-05
-1.97157e-05
-1.98096e-05
-1.98237e-05
-1.97568e-05
-1.96079e-05
-1.93763e-05
-1.90617e-05
-1.86641e-05
-1.8184e-05
-1.76221e-05
-1.69795e-05
-1.62577e-05
-1.54586e-05
-1.45843e-05
-1.36374e-05
-1.2621e-05
-1.15381e-05
-1.03924e-05
-9.1877e-06
-7.92844e-06
-6.61884e-06
-5.26387e-06
-3.86857e-06
-2.43812e-06
-9.78129e-07
5.05837e-07
2.00762e-06
3.52155e-06
5.04114e-06
6.56032e-06
8.07256e-06
9.57166e-06
1.10511e-05
1.25043e-05
1.39251e-05
1.53071e-05
1.6644e-05
1.79296e-05
1.91583e-05
2.03238e-05
2.14208e-05
2.24437e-05
2.33876e-05
2.42476e-05
2.50189e-05
2.56977e-05
2.62798e-05
2.6762e-05
2.71408e-05
2.74138e-05
2.75786e-05
2.76334e-05
2.75768e-05
2.74078e-05
2.71261e-05
2.67314e-05
2.62246e-05
2.56063e-05
2.48783e-05
2.40421e-05
2.31006e-05
2.20564e-05
2.0913e-05
1.9674e-05
1.83439e-05
1.69273e-05
1.54291e-05
1.38551e-05
1.22109e-05
1.05029e-05
8.73729e-06
6.92136e-06
5.06184e-06
3.16631e-06
1.24211e-06
-7.02806e-07
-2.66068e-06
-4.62353e-06
-6.58314e-06
-8.53151e-06
-1.04603e-05
-1.23617e-05
-1.42273e-05
-1.60493e-05
-1.78198e-05
-1.95312e-05
-2.11758e-05
-2.27465e-05
-2.42363e-05
-2.56385e-05
-2.69467e-05
-2.81548e-05
-2.92574e-05
-3.0249e-05
-3.11251e-05
-3.18811e-05
-3.25135e-05
-3.30187e-05
-3.3394e-05
-3.3637e-05
-3.37462e-05
-3.37203e-05
-3.35585e-05
-3.32612e-05
-3.28285e-05
-3.22619e-05
-3.15627e-05
-3.07335e-05
-2.97769e-05
-2.86963e-05
-2.74956e-05
-2.61794e-05
-2.47524e-05
-2.32202e-05
-2.15886e-05
-1.98639e-05
-1.80531e-05
-1.61629e-05
-1.42013e-05
-1.21757e-05
-1.00946e-05
-7.96599e-06
-5.79892e-06
-3.60188e-06
-1.38397e-06
8.45805e-07
3.07823e-06
5.30413e-06
7.51445e-06
9.69985e-06
1.18515e-05
1.39602e-05
1.60175e-05
1.80145e-05
1.99432e-05
2.17953e-05
2.35632e-05
2.52394e-05
2.68168e-05
2.8289e-05
2.96497e-05
3.08931e-05
3.2014e-05
3.30079e-05
3.38702e-05
3.45977e-05
3.51868e-05
3.56356e-05
3.59417e-05
3.61042e-05
3.6122e-05
3.59954e-05
3.57247e-05
3.5311e-05
3.47561e-05
3.40624e-05
3.32327e-05
3.22705e-05
3.11799e-05
2.99654e-05
2.86322e-05
2.71857e-05
2.56322e-05
2.3978e-05
2.22302e-05
2.03959e-05
1.8483e-05
1.64993e-05
1.44531e-05
1.2353e-05
1.02076e-05
8.02602e-06
5.81697e-06
3.58987e-06
1.35365e-06
-8.8216e-07
-3.10874e-06
-5.31669e-06
-7.49721e-06
-9.64122e-06
-1.17402e-05
-1.37856e-05
-1.57692e-05
-1.7683e-05
-1.95195e-05
-2.12714e-05
-2.29317e-05
-2.44941e-05
-2.59523e-05
-2.73011e-05
-2.8535e-05
-2.96498e-05
-3.0641e-05
-3.15055e-05
-3.224e-05
-3.28422e-05
-3.33102e-05
-3.36428e-05
-3.38392e-05
-3.38992e-05
-3.38235e-05
-3.36129e-05
-3.32691e-05
-3.2794e-05
-3.21906e-05
-3.14619e-05
-3.06116e-05
-2.96439e-05
-2.85636e-05
-2.73756e-05
-2.60856e-05
-2.46994e-05
-2.32235e-05
-2.16643e-05
-2.00289e-05
-1.83245e-05
-1.65585e-05
-1.47387e-05
-1.28728e-05
-1.09689e-05
-9.03487e-06
-7.07926e-06
-5.10987e-06
-3.1352e-06
-1.16312e-06
7.97986e-07
2.74043e-06
4.65619e-06
6.53775e-06
8.37751e-06
1.01684e-05
1.19033e-05
1.35758e-05
1.51793e-05
1.67079e-05
1.81561e-05
1.95185e-05
2.07904e-05
2.19671e-05
2.30451e-05
2.40205e-05
2.48904e-05
2.56521e-05
2.63038e-05
2.68436e-05
2.72705e-05
2.75838e-05
2.77834e-05
2.78696e-05
2.78432e-05
2.77055e-05
2.74582e-05
2.71035e-05
2.66439e-05
2.60825e-05
2.54227e-05
2.46684e-05
2.38234e-05
2.28927e-05
2.18806e-05
2.07926e-05
1.96337e-05
1.84097e-05
1.71263e-05
1.57897e-05
1.44057e-05
1.29808e-05
1.15213e-05
1.00337e-05
8.52434e-06
6.99976e-06
5.46651e-06
3.93088e-06
2.39943e-06
8.78169e-07
-6.26518e-07
-2.1089e-06
-3.56284e-06
-4.98305e-06
-6.36383e-06
-7.70032e-06
-8.98726e-06
-1.02203e-05
-1.13949e-05
-1.25073e-05
-1.35534e-05
-1.45301e-05
-1.54341e-05
-1.6263e-05
-1.70143e-05
-1.7686e-05
-1.82765e-05
-1.87846e-05
-1.92095e-05
-1.95504e-05
-1.98075e-05
-1.99806e-05
-2.00707e-05
-2.00784e-05
-2.00051e-05
-1.98521e-05
-1.96217e-05
-1.93157e-05
-1.89368e-05
-1.84875e-05
-1.7971e-05
-1.73904e-05
-1.67492e-05
-1.6051e-05
-1.52997e-05
-1.44993e-05
-1.36538e-05
-1.27675e-05
-1.18449e-05
-1.08903e-05
-9.90823e-06
-8.90329e-06
-7.8799e-06
-6.84285e-06
-5.79644e-06
-4.74539e-06
-3.6939e-06
-2.64664e-06
-1.60759e-06
-5.81178e-07
4.2886e-07
1.4183e-06
2.3837e-06
3.32123e-06
4.2278e-06
5.09994e-06
5.93489e-06
6.72968e-06
7.48197e-06
8.18928e-06
8.84963e-06
9.46109e-06
1.00221e-05
1.05314e-05
1.09877e-05
1.13903e-05
1.17385e-05
1.2032e-05
1.22705e-05
1.24544e-05
1.25837e-05
1.26593e-05
1.26816e-05
1.2652e-05
1.25714e-05
1.24414e-05
1.22633e-05
1.20392e-05
1.17707e-05
1.146e-05
1.11092e-05
1.07208e-05
1.02971e-05
9.84062e-06
9.35393e-06
8.83991e-06
8.30111e-06
7.74047e-06
7.16068e-06
6.56472e-06
5.95537e-06
5.33553e-06
4.70798e-06
4.07554e-06
3.44102e-06
2.80705e-06
2.17637e-06
1.55141e-06
9.34838e-07
3.2888e-07
-2.63978e-07
-8.41787e-07
-1.40223e-06
-1.9436e-06
-2.46379e-06
-2.96143e-06
-3.43466e-06
-3.88237e-06
-4.30297e-06
-4.69566e-06
-5.05916e-06
-5.39297e-06
-5.69608e-06
-5.96826e-06
-6.20884e-06
-6.41788e-06
-6.59502e-06
-6.74053e-06
-6.85436e-06
-6.93704e-06
-6.98884e-06
-7.01047e-06
-7.00245e-06
-6.9657e-06
-6.90102e-06
-6.8095e-06
-6.69213e-06
-6.55011e-06
-6.38469e-06
-6.19718e-06
-5.98898e-06
-5.76146e-06
-5.51616e-06
-5.25451e-06
-4.97819e-06
-4.68863e-06
-4.38755e-06
-4.07637e-06
-3.7569e-06
-3.43052e-06
-3.09903e-06
-2.76373e-06
-2.42642e-06
-2.08835e-06
-1.75126e-06
-1.41628e-06
-1.08505e-06
-7.58616e-07
-4.38551e-07
-1.25749e-07
1.78348e-07
4.72998e-07
7.5688e-07
1.02937e-06
1.28932e-06
1.53627e-06
1.76923e-06
1.98788e-06
2.19139e-06
2.37959e-06
2.55185e-06
2.70815e-06
2.84801e-06
2.97152e-06
3.07841e-06
3.16892e-06
3.24295e-06
3.30081e-06
3.34256e-06
3.36865e-06
3.37929e-06
3.37504e-06
3.35622e-06
3.32344e-06
3.27718e-06
3.21814e-06
3.14689e-06
3.06415e-06
2.97061e-06
2.86701e-06
2.75415e-06
2.63277e-06
2.5037e-06
2.36771e-06
2.22567e-06
2.07835e-06
1.92666e-06
1.7713e-06
1.61319e-06
1.45302e-06
1.29173e-06
1.12994e-06
9.68551e-07
8.08111e-07
6.49514e-07
4.9326e-07
3.40199e-07
1.9073e-07
4.56438e-08
-9.47354e-08
-2.29655e-07
-3.58878e-07
-4.8173e-07
-5.98078e-07
-7.07309e-07
-8.09371e-07
-9.0372e-07
-9.9041e-07
-1.06898e-06
-1.13956e-06
-1.20176e-06
-1.2558e-06
-1.30138e-06
-1.33881e-06
-1.36784e-06
-1.38886e-06
-1.40168e-06
-1.40678e-06
-1.40406e-06
-1.39405e-06
-1.37667e-06
-1.35252e-06
-1.32161e-06
-1.28459e-06
-1.2415e-06
-1.19302e-06
-1.13922e-06
-1.08084e-06
-1.01799e-06
-9.51433e-07
-8.81293e-07
-8.08329e-07
-7.32685e-07
-6.55152e-07
-5.75893e-07
-4.95687e-07
-4.14674e-07
-3.33619e-07
-2.52672e-07
-1.72603e-07
-9.35436e-08
-1.62217e-08
5.92699e-08
1.32225e-07
2.02557e-07
2.69586e-07
3.33273e-07
3.93e-07
4.48772e-07
4.99998e-07
5.46711e-07
5.88371e-07
6.25081e-07
6.56366e-07
6.82372e-07
7.02658e-07
7.17419e-07
7.26282e-07
7.29516e-07
7.26809e-07
7.18471e-07
7.0423e-07
6.84455e-07
6.5895e-07
6.28155e-07
5.91918e-07
5.50713e-07
5.04435e-07
4.53622e-07
3.98238e-07
3.38873e-07
2.75518e-07
2.08791e-07
1.38728e-07
6.60082e-08
-9.28448e-09
-8.64449e-08
-1.65381e-07
-2.45368e-07
-3.26273e-07
-4.07328e-07
-4.88383e-07
-5.68675e-07
-6.48064e-07
-7.2577e-07
-8.01631e-07
-8.74855e-07
-9.45299e-07
-1.0122e-06
-1.07544e-06
-1.13425e-06
-1.18852e-06
-1.23751e-06
-1.28114e-06
-1.31875e-06
-1.35027e-06
-1.37507e-06
-1.39312e-06
-1.40384e-06
-1.40728e-06
-1.40293e-06
-1.39087e-06
-1.37064e-06
-1.3424e-06
-1.30578e-06
-1.26101e-06
-1.20777e-06
-1.14638e-06
-1.0766e-06
-9.98826e-07
-9.12915e-07
-8.19326e-07
-7.18004e-07
-6.09486e-07
-4.93821e-07
-3.71617e-07
-2.43005e-07
-1.08655e-07
3.1202e-08
1.75816e-07
3.24866e-07
4.77565e-07
6.33518e-07
7.91878e-07
9.52148e-07
1.11344e-06
1.2752e-06
1.43654e-06
1.59684e-06
1.75515e-06
1.9108e-06
2.06286e-06
2.21063e-06
2.3532e-06
2.48981e-06
2.61959e-06
2.74175e-06
2.85549e-06
2.96004e-06
3.05461e-06
3.13846e-06
3.2109e-06
3.2712e-06
3.31879e-06
3.35296e-06
3.37324e-06
3.37901e-06
3.36993e-06
3.34546e-06
3.30537e-06
3.24919e-06
3.17689e-06
3.08812e-06
2.98299e-06
2.86124e-06
2.72315e-06
2.56861e-06
2.39809e-06
2.21161e-06
2.00979e-06
1.79279e-06
1.56143e-06
1.31603e-06
1.05755e-06
7.86464e-07
5.03902e-07
2.1048e-07
-9.24897e-08
-4.0427e-07
-7.23431e-07
-1.04909e-06
-1.37966e-06
-1.71413e-06
-2.05084e-06
-2.3887e-06
-2.72594e-06
-3.06133e-06
-3.39308e-06
-3.71988e-06
-4.03995e-06
-4.3519e-06
-4.65392e-06
-4.94462e-06
-5.22224e-06
-5.48536e-06
-5.73232e-06
-5.96167e-06
-6.17186e-06
-6.36154e-06
-6.5293e-06
-6.6738e-06
-6.79381e-06
-6.88811e-06
-6.95571e-06
-6.99551e-06
-7.00669e-06
-6.98833e-06
-6.93991e-06
-6.86067e-06
-6.75037e-06
-6.60845e-06
-6.43494e-06
-6.22956e-06
-5.99266e-06
-5.72415e-06
-5.4247e-06
-5.09452e-06
-4.7346e-06
-4.34543e-06
-3.92826e-06
-3.48388e-06
-3.01387e-06
-2.51933e-06
-2.00207e-06
-1.46348e-06
-9.05621e-07
-3.30203e-07
2.60477e-07
8.64488e-07
1.47936e-06
2.10286e-06
2.73237e-06
3.36543e-06
3.99936e-06
4.6315e-06
5.25905e-06
5.87923e-06
6.48923e-06
7.08618e-06
7.66729e-06
8.22959e-06
8.77039e-06
9.28676e-06
9.77613e-06
1.02356e-05
1.06627e-05
1.10548e-05
1.14095e-05
1.17245e-05
1.19976e-05
1.22266e-05
1.24098e-05
1.25452e-05
1.26315e-05
1.26669e-05
1.26506e-05
1.25813e-05
1.24583e-05
1.2281e-05
1.20491e-05
1.17623e-05
1.14209e-05
1.10251e-05
1.05756e-05
1.00731e-05
9.51872e-06
8.91388e-06
8.26002e-06
7.55906e-06
6.81295e-06
6.02413e-06
5.1949e-06
4.32823e-06
3.42682e-06
2.49414e-06
1.53322e-06
5.47899e-07
-4.58427e-07
-1.48155e-06
-2.51777e-06
-3.56266e-06
-4.61228e-06
-5.66196e-06
-6.70753e-06
-7.74427e-06
-8.7679e-06
-9.77365e-06
-1.07571e-05
-1.17136e-05
-1.26388e-05
-1.35282e-05
-1.43773e-05
-1.5182e-05
-1.59381e-05
-1.66417e-05
-1.72888e-05
-1.78759e-05
-1.83993e-05
-1.8856e-05
-1.92428e-05
-1.95572e-05
-1.97964e-05
-1.99585e-05
-2.00413e-05
-2.00436e-05
-1.99636e-05
-1.98008e-05
-1.95544e-05
-1.92242e-05
-1.88103e-05
-1.83132e-05
-1.77337e-05
-1.7073e-05
-1.63327e-05
-1.55147e-05
-1.46214e-05
-1.36553e-05
-1.26195e-05
-1.15172e-05
-1.03523e-05
-9.12859e-06
-7.85057e-06
-6.52254e-06
-5.1497e-06
-3.73688e-06
-2.28975e-06
-8.13546e-07
6.85621e-07
2.20205e-06
3.7294e-06
5.26169e-06
6.79238e-06
8.31518e-06
9.82356e-06
1.13111e-05
1.27714e-05
1.41978e-05
1.55843e-05
1.69242e-05
1.82118e-05
1.94408e-05
2.06056e-05
2.17004e-05
2.27201e-05
2.36592e-05
2.45133e-05
2.52775e-05
2.59479e-05
2.65206e-05
2.69922e-05
2.73594e-05
2.76199e-05
2.77712e-05
2.78117e-05
2.774e-05
2.75553e-05
2.72572e-05
2.68457e-05
2.63215e-05
2.56856e-05
2.49396e-05
2.40854e-05
2.31258e-05
2.20634e-05
2.0902e-05
1.96452e-05
1.82976e-05
1.68637e-05
1.5349e-05
1.37588e-05
1.20992e-05
1.03763e-05
8.59687e-06
6.76777e-06
4.89606e-06
2.9893e-06
1.05494e-06
-8.99026e-07
-2.86495e-06
-4.8345e-06
-6.7998e-06
-8.75242e-06
-1.06845e-05
-1.25876e-05
-1.4454e-05
-1.62753e-05
-1.80439e-05
-1.97522e-05
-2.13925e-05
-2.29577e-05
-2.44409e-05
-2.58354e-05
-2.71347e-05
-2.83331e-05
-2.94248e-05
-3.0405e-05
-3.12685e-05
-3.20115e-05
-3.26299e-05
-3.31208e-05
-3.34812e-05
-3.3709e-05
-3.38024e-05
-3.37607e-05
-3.3583e-05
-3.32695e-05
-3.2821e-05
-3.22384e-05
-3.15237e-05
-3.0679e-05
-2.97076e-05
-2.86126e-05
-2.73982e-05
-2.60687e-05
-2.46294e-05
-2.30855e-05
-2.14433e-05
-1.97088e-05
-1.78891e-05
-1.59913e-05
-1.4023e-05
-1.1992e-05
-9.90647e-06
-7.77495e-06
-5.60588e-06
-3.40828e-06
-1.19091e-06
1.03688e-06
3.2663e-06
5.48785e-06
7.69265e-06
9.8713e-06
1.20151e-05
1.41149e-05
1.61622e-05
1.81482e-05
2.00649e-05
2.19043e-05
2.36585e-05
2.53204e-05
2.68828e-05
2.83395e-05
2.96841e-05
3.09112e-05
3.20154e-05
3.29924e-05
3.38377e-05
3.45481e-05
3.51205e-05
3.55525e-05
3.58423e-05
3.59886e-05
3.5991e-05
3.58494e-05
3.55644e-05
3.51371e-05
3.45697e-05
3.38641e-05
3.30237e-05
3.20518e-05
3.09527e-05
2.97308e-05
2.83914e-05
2.69401e-05
2.53831e-05
2.37268e-05
2.19781e-05
2.01446e-05
1.82336e-05
1.62534e-05
1.4212e-05
1.21183e-05
9.98052e-06
7.80788e-06
5.60914e-06
3.39363e-06
1.17032e-06
-1.05163e-06
-3.26303e-06
-5.45492e-06
-7.61822e-06
-9.74439e-06
-1.18245e-05
-1.38505e-05
-1.58139e-05
-1.77072e-05
-1.95226e-05
-2.12532e-05
-2.2892e-05
-2.44327e-05
-2.58694e-05
-2.71966e-05
-2.84094e-05
-2.95032e-05
-3.04742e-05
-3.13186e-05
-3.2034e-05
-3.26178e-05
-3.30683e-05
-3.33842e-05
-3.35652e-05
-3.36109e-05
-3.3522e-05
-3.32996e-05
-3.29452e-05
-3.24612e-05
-3.18501e-05
-3.11154e-05
-3.02607e-05
-2.92902e-05
-2.82086e-05
-2.70211e-05
-2.57332e-05
-2.43508e-05
-2.28803e-05
-2.13282e-05
-1.97016e-05
-1.80074e-05
-1.62533e-05
-1.44467e-05
-1.25957e-05
-1.07078e-05
-8.79145e-06
-6.85445e-06
-4.90506e-06
-2.95126e-06
-1.00123e-06
9.37071e-07
2.85591e-06
4.74735e-06
6.60405e-06
8.41843e-06
1.01837e-05
1.18927e-05
1.35392e-05
1.51167e-05
1.66196e-05
1.80422e-05
1.93793e-05
2.06265e-05
2.17792e-05
2.28338e-05
2.37865e-05
2.46349e-05
2.5376e-05
2.60082e-05
2.65297e-05
2.69397e-05
2.72374e-05
2.74229e-05
2.74965e-05
2.74591e-05
2.7312e-05
2.70569e-05
2.66963e-05
2.62324e-05
2.56685e-05
2.5008e-05
2.42547e-05
2.34127e-05
2.24864e-05
2.14807e-05
2.04007e-05
1.92516e-05
1.80389e-05
1.67686e-05
1.54463e-05
1.40783e-05
1.26706e-05
1.12298e-05
9.76198e-06
8.27356e-06
6.77109e-06
5.26072e-06
3.74899e-06
2.24192e-06
7.45989e-07
-7.33151e-07
-2.18934e-06
-3.61704e-06
-5.01061e-06
-6.36489e-06
-7.67481e-06
-8.93541e-06
-1.01424e-05
-1.12914e-05
-1.23786e-05
-1.34002e-05
-1.43531e-05
-1.52342e-05
-1.60411e-05
-1.67713e-05
-1.74231e-05
-1.79949e-05
-1.84855e-05
-1.88942e-05
-1.92203e-05
-1.94641e-05
-1.96254e-05
-1.97052e-05
-1.97042e-05
-1.96237e-05
-1.94654e-05
-1.9231e-05
-1.89229e-05
-1.85432e-05
-1.80952e-05
-1.75813e-05
-1.7005e-05
-1.63696e-05
-1.56789e-05
-1.49365e-05
-1.41462e-05
-1.33125e-05
-1.24393e-05
-1.1531e-05
-1.05917e-05
-9.62634e-06
-8.63892e-06
-7.63415e-06
-6.61644e-06
-5.59028e-06
-4.56005e-06
-3.53e-06
-2.50468e-06
-1.48792e-06
-4.84075e-07
5.03163e-07
1.46973e-06
2.41227e-06
3.32716e-06
4.21107e-06
5.06107e-06
5.8741e-06
6.64767e-06
7.37902e-06
8.06631e-06
8.70721e-06
9.30012e-06
9.84342e-06
1.03359e-05
1.07765e-05
1.11643e-05
1.1499e-05
1.178e-05
1.20074e-05
1.21812e-05
1.23019e-05
1.237e-05
1.23862e-05
1.23518e-05
1.22677e-05
1.21354e-05
1.19565e-05
1.17328e-05
1.14659e-05
1.11582e-05
1.08116e-05
1.04285e-05
1.00113e-05
9.56237e-06
9.08452e-06
8.58003e-06
8.05193e-06
7.50272e-06
6.93538e-06
6.35246e-06
5.75689e-06
5.15152e-06
4.53887e-06
3.92193e-06
3.30318e-06
2.68548e-06
2.07108e-06
1.4628e-06
8.6289e-07
2.73637e-07
-3.02625e-07
-8.63897e-07
-1.408e-06
-1.93337e-06
-2.43787e-06
-2.92017e-06
-3.37864e-06
-3.81199e-06
-4.21896e-06
-4.59846e-06
-4.94977e-06
-5.27174e-06
-5.56411e-06
-5.82614e-06
-6.05764e-06
-6.25824e-06
-6.428e-06
-6.56701e-06
-6.67524e-06
-6.75333e-06
-6.80145e-06
-6.8204e-06
-6.81057e-06
-6.77305e-06
-6.70855e-06
-6.61798e-06
-6.50262e-06
-6.36339e-06
-6.20171e-06
-6.01858e-06
-5.81572e-06
-5.59419e-06
-5.35555e-06
-5.10133e-06
-4.83291e-06
-4.55194e-06
-4.25974e-06
-3.95821e-06
-3.64848e-06
-3.33236e-06
-3.01129e-06
-2.68675e-06
-2.36024e-06
-2.03311e-06
-1.70703e-06
-1.38295e-06
-1.06257e-06
-7.46919e-07
-4.37307e-07
-1.34805e-07
1.59464e-07
4.4438e-07
7.19302e-07
9.82964e-07
1.23487e-06
1.47412e-06
1.7002e-06
1.91239e-06
2.11023e-06
2.29349e-06
2.46146e-06
2.61424e-06
2.75138e-06
2.87294e-06
2.97869e-06
3.06881e-06
3.1434e-06
3.20237e-06
3.24629e-06
3.27515e-06
3.28949e-06
3.28949e-06
3.27582e-06
3.24883e-06
3.20897e-06
3.15708e-06
3.09346e-06
3.01897e-06
2.9341e-06
2.83975e-06
2.73641e-06
2.62489e-06
2.50608e-06
2.38043e-06
2.24898e-06
2.11227e-06
1.97126e-06
1.82647e-06
1.67882e-06
1.52905e-06
1.37765e-06
1.22564e-06
1.07343e-06
9.21891e-07
7.71431e-07
6.22892e-07
4.76749e-07
3.33421e-07
1.93743e-07
5.78734e-08
-7.34946e-08
-2.00135e-07
-3.2145e-07
-4.37274e-07
-5.47291e-07
-6.50992e-07
-7.48498e-07
-8.39296e-07
-9.23424e-07
-1.00058e-06
-1.07086e-06
-1.13408e-06
-1.19012e-06
-1.23931e-06
-1.28128e-06
-1.3164e-06
-1.3446e-06
-1.36612e-06
-1.38099e-06
-1.38938e-06
-1.39171e-06
-1.38781e-06
-1.37828e-06
-1.36314e-06
-1.34277e-06
-1.31738e-06
-1.28729e-06
-1.2529e-06
-1.21424e-06
-1.17202e-06
-1.12624e-06
-1.07737e-06
-1.02574e-06
-9.71633e-07
-9.15454e-07
-8.57331e-07
-7.97946e-07
-7.37213e-07
-6.75693e-07
-6.13668e-07
-5.51309e-07
-4.89042e-07
-4.26982e-07
-3.65644e-07
-3.04915e-07
-2.45361e-07
-1.87082e-07
-1.30159e-07
-7.50352e-08
-2.1656e-08
2.96134e-08
7.887e-08
1.25689e-07
1.70161e-07
2.12212e-07
2.51488e-07
2.88269e-07
3.22222e-07
3.53486e-07
3.8187e-07
4.0752e-07
4.30386e-07
4.50299e-07
4.67663e-07
4.82115e-07
4.93949e-07
5.03141e-07
5.09766e-07
5.13911e-07
5.15558e-07
5.15076e-07
5.12154e-07
5.07251e-07
5.0034e-07
4.9145e-07
4.80876e-07
4.68568e-07
4.54841e-07
4.39538e-07
4.23122e-07
4.05496e-07
3.86753e-07
3.67289e-07
3.46893e-07
3.25946e-07
3.04396e-07
2.82525e-07
2.60292e-07
2.37844e-07
2.15489e-07
1.92935e-07
1.70684e-07
1.48597e-07
1.26806e-07
1.05442e-07
8.45186e-08
6.42396e-08
4.43947e-08
2.54356e-08
7.09247e-09
-1.04973e-08
-2.71223e-08
-4.30236e-08
-5.79213e-08
-7.19812e-08
-8.49756e-08
-9.71148e-08
-1.08256e-07
-1.18288e-07
-1.27554e-07
-1.3564e-07
-1.42844e-07
-1.49079e-07
-1.54345e-07
-1.58704e-07
-1.62088e-07
-1.64749e-07
-1.66346e-07
-1.67278e-07
-1.6741e-07
-1.66671e-07
-1.65378e-07
-1.63288e-07
-1.60647e-07
-1.57324e-07
-1.53551e-07
-1.49226e-07
-1.44353e-07
-1.39266e-07
-1.33577e-07
-1.27686e-07
-1.21497e-07
-1.14999e-07
-1.08357e-07
-1.01482e-07
-9.45953e-08
-8.74426e-08
-8.04004e-08
-7.32938e-08
-6.60914e-08
-5.91382e-08
-5.20835e-08
-4.52287e-08
-3.84729e-08
-3.18965e-08
-2.54892e-08
-1.92232e-08
-1.33428e-08
-7.47434e-09
-2.02149e-09
3.18391e-09
8.23208e-09
1.28355e-08
1.72696e-08
2.13246e-08
2.51583e-08
2.8599e-08
3.17705e-08
3.47239e-08
3.71668e-08
3.95393e-08
4.14852e-08
4.31285e-08
4.45934e-08
4.56709e-08
4.65698e-08
4.71179e-08
4.75454e-08
4.76189e-08
4.7489e-08
4.72752e-08
4.6632e-08
4.60096e-08
4.51234e-08
4.40426e-08
4.28997e-08
4.15414e-08
4.01409e-08
3.85138e-08
3.69436e-08
3.51777e-08
3.33218e-08
3.1577e-08
2.95502e-08
2.76639e-08
2.57045e-08
2.36806e-08
2.1731e-08
1.97168e-08
1.7805e-08
1.57805e-08
1.3941e-08
1.20598e-08
1.01535e-08
8.50345e-09
6.67983e-09
5.05679e-09
3.49409e-09
1.92577e-09
5.1844e-10
-8.88443e-10
-2.11988e-09
-3.40617e-09
-4.48142e-09
-5.50368e-09
-6.56546e-09
-7.31294e-09
-8.19326e-09
-8.89777e-09
-9.47587e-09
-1.00899e-08
-1.05165e-08
-1.09513e-08
-1.12238e-08
-1.15329e-08
-1.16943e-08
-1.17624e-08
-1.1935e-08
-1.18089e-08
-1.18118e-08
-1.17276e-08
-1.14848e-08
-1.13626e-08
-1.10656e-08
-1.0806e-08
-1.04618e-08
-1.01332e-08
-9.76378e-09
-9.2909e-09
-8.98207e-09
-8.43734e-09
-8.00733e-09
-7.60413e-09
-7.01257e-09
-6.62657e-09
-6.09965e-09
-5.60604e-09
-5.14201e-09
-4.64089e-09
-4.19884e-09
-3.66478e-09
-3.29674e-09
-2.78721e-09
-2.34059e-09
-2.01949e-09
-1.48432e-09
-1.19026e-09
-8.09818e-10
-4.01675e-10
-1.45179e-10
2.23905e-10
4.83453e-10
7.8777e-10
1.00721e-09
1.25181e-09
1.50951e-09
1.59878e-09
1.88883e-09
1.98144e-09
2.08305e-09
2.30719e-09
2.28884e-09
2.43679e-09
2.50021e-09
2.51228e-09
2.58528e-09
2.57025e-09
2.61913e-09
2.54852e-09
2.58788e-09
2.54683e-09
2.43723e-09
2.51086e-09
2.33596e-09
2.30797e-09
2.28748e-09
2.09828e-09
2.10939e-09
1.97294e-09
1.87389e-09
1.79927e-09
1.67423e-09
1.6032e-09
1.44245e-09
1.41392e-09
1.25212e-09
1.13745e-09
1.12523e-09
8.91133e-10
8.89923e-10
7.80605e-10
6.08383e-10
6.27402e-10
4.52924e-10
3.94292e-10
3.27835e-10
2.19029e-10
1.72636e-10
6.43976e-11
5.60709e-11
-7.36093e-11
-9.70639e-11
-1.14529e-10
-2.7176e-10
-1.9036e-10
-3.05478e-10
-3.65388e-10
-2.9525e-10
-4.45156e-10
-3.96265e-10
-4.20964e-10
-4.84863e-10
-4.43724e-10
-4.97464e-10
-4.71692e-10
-5.13633e-10
-4.82421e-10
-4.83376e-10
-5.37099e-10
-4.26546e-10
-5.22533e-10
-4.76137e-10
-4.05943e-10
-5.20657e-10
-3.83097e-10
-4.21133e-10
-4.41723e-10
-3.32311e-10
-4.04276e-10
-3.37386e-10
-3.23261e-10
-3.2014e-10
-2.79418e-10
-2.89177e-10
-2.1861e-10
-2.6633e-10
-1.9502e-10
-1.69102e-10
-2.31736e-10
-8.86884e-11
-1.69963e-10
-1.39076e-10
-3.85727e-11
-1.54964e-10
-3.29165e-11
-4.49846e-11
-8.44472e-11
1.92456e-11
-4.33479e-11
2.12209e-12
1.38918e-11
8.77376e-12
3.90182e-11
1.28708e-11
7.70344e-11
1.97039e-11
6.09835e-11
9.6906e-11
3.79299e-12
1.28611e-10
5.77575e-11
3.98292e-11
1.51063e-10
1.64158e-11
1.04636e-10
1.11126e-10
2.60073e-11
1.34272e-10
6.00749e-11
7.19415e-11
1.04286e-10
5.38423e-11
9.33743e-11
5.86242e-11
8.60864e-11
6.00892e-11
5.42837e-11
9.94487e-11
9.24319e-12
9.22397e-11
5.79329e-11
-4.38891e-13
1.17945e-10
-8.71784e-12
4.10538e-11
8.78204e-11
-3.997e-11
8.41347e-11
2.08114e-11
-1.4525e-11
7.8274e-11
-2.42557e-11
2.72359e-11
2.94035e-11
-1.60854e-11
3.18501e-11
-9.44383e-12
1.58435e-11
-6.21854e-12
-3.3242e-13
1.80656e-11
-4.0532e-11
3.70838e-11
-2.47263e-11
-2.73777e-11
4.93329e-11
-7.26105e-11
2.42976e-11
9.8673e-12
-7.52841e-11
6.24537e-11
-5.14056e-11
-2.72246e-11
4.81458e-11
-8.04437e-11
2.67931e-11
-4.03017e-12
-5.5896e-11
3.93774e-11
-4.32965e-11
-9.31893e-12
8.64027e-12
-3.66723e-11
1.04187e-11
-2.33662e-11
-1.46307e-12
-1.1537e-11
-1.74082e-11
1.60007e-11
-4.26581e-11
2.15839e-11
-9.40424e-12
-3.93037e-11
5.0584e-11
-5.51237e-11
6.74467e-12
3.35916e-11
-7.39646e-11
5.88829e-11
-2.11907e-11
-4.1567e-11
7.1303e-11
-6.86552e-11
1.94463e-11
3.29109e-11
-6.9603e-11
6.10205e-11
-2.30739e-11
-2.64836e-11
5.42077e-11
-5.11983e-11
2.12118e-11
1.36499e-11
-3.50977e-11
3.51242e-11
-1.93789e-11
6.71418e-13
1.23005e-11
-1.68705e-11
1.70973e-11
-1.55943e-11
1.12701e-11
-1.52683e-12
-1.49337e-11
2.93729e-11
-3.38608e-11
1.72747e-11
1.15542e-11
-4.29819e-11
5.06535e-11
-3.29682e-11
-1.17942e-11
4.97056e-11
-6.72447e-11
4.00097e-11
6.62248e-12
-5.90189e-11
7.19102e-11
-5.0366e-11
-9.07314e-12
5.66008e-11
-7.95532e-11
4.85416e-11
2.72621e-12
-5.92717e-11
7.35988e-11
-5.20686e-11
-4.3788e-12
5.08377e-11
-7.06988e-11
4.65579e-11
1.42349e-13
-4.40902e-11
6.1425e-11
-4.07535e-11
4.65272e-12
3.74109e-11
-4.54827e-11
4.05831e-11
-2.84008e-13
-1.68258e-11
4.39257e-11
-2.05588e-11
1.9291e-11
2.26216e-11
-1.0382e-11
3.65044e-11
2.38088e-12
1.77486e-11
2.83788e-11
4.21227e-12
3.88633e-11
1.10288e-11
2.79273e-11
3.70006e-11
7.67681e-12
5.38181e-11
1.77807e-11
2.85588e-11
5.98017e-11
2.89587e-12
6.21097e-11
3.97793e-11
1.18002e-11
8.36828e-11
8.97533e-12
4.51682e-11
7.45599e-11
-7.48926e-12
8.26687e-11
3.66594e-11
6.08607e-12
9.65584e-11
-7.89809e-12
4.30175e-11
7.11144e-11
-3.20286e-11
7.69829e-11
1.40642e-11
-2.29353e-11
7.8583e-11
-4.78994e-11
7.91672e-12
3.44462e-11
-8.64596e-11
3.08209e-11
-4.38032e-11
-9.03505e-11
1.59128e-11
-1.26476e-10
-7.32345e-11
-4.83163e-11
-1.84039e-10
-6.58588e-11
-1.47618e-10
-2.05109e-10
-9.74673e-11
-2.50058e-10
-2.03129e-10
-1.7786e-10
-3.24346e-10
-2.07853e-10
-2.90764e-10
-3.57277e-10
-2.46894e-10
-4.02129e-10
-3.60002e-10
-3.28262e-10
-4.78139e-10
-3.59688e-10
-4.33895e-10
-5.02362e-10
-3.81277e-10
-5.24542e-10
-4.15792e-10
-3.68358e-10
-2.29173e-10
-9.3432e-11
-2.06249e-11
-2.21561e-12
0
