0
2.52357e-16
3.60676e-15
2.38088e-14
3.58066e-14
3.51087e-13
-8.42892e-13
-3.38524e-14
5.83735e-12
-1.39465e-11
1.73832e-11
-1.28619e-11
9.43338e-13
1.55875e-11
-3.30501e-11
4.70557e-11
-5.39474e-11
5.23766e-11
-4.44156e-11
3.35445e-11
-2.22405e-11
1.08596e-11
2.58704e-13
-9.26393e-12
1.31109e-11
-1.03185e-11
2.13602e-12
7.94375e-12
-1.61767e-11
1.91415e-11
-1.44888e-11
1.76904e-12
1.60058e-11
-3.33666e-11
4.51298e-11
-4.95889e-11
4.81324e-11
-4.29678e-11
3.48318e-11
-2.38922e-11
1.119e-11
6.57168e-13
-9.04715e-12
1.22246e-11
-9.61853e-12
1.51241e-12
9.74879e-12
-1.95082e-11
2.22198e-11
-1.52718e-11
7.36189e-13
1.59567e-11
-3.00672e-11
3.94466e-11
-4.41325e-11
4.43416e-11
-4.03593e-11
3.28336e-11
-2.30859e-11
1.20466e-11
-6.20731e-13
-9.32055e-12
1.40963e-11
-1.0655e-11
-3.99659e-13
1.36414e-11
-2.22728e-11
2.21878e-11
-1.39842e-11
9.50754e-13
1.31059e-11
-2.52355e-11
3.31972e-11
-3.6379e-11
3.59633e-11
-3.40075e-11
3.07326e-11
-2.41973e-11
1.26599e-11
1.69298e-12
-1.30583e-11
1.57903e-11
-8.97955e-12
-3.40812e-12
1.52969e-11
-2.19936e-11
2.1086e-11
-1.28984e-11
3.47259e-13
1.15271e-11
-1.87156e-11
2.103e-11
-2.21955e-11
2.53596e-11
-2.9415e-11
2.94237e-11
-2.18137e-11
7.94982e-12
6.38571e-12
-1.53107e-11
1.5647e-11
-7.84733e-12
-4.7906e-12
1.64689e-11
-2.12558e-11
1.6585e-11
-6.08837e-12
-3.06948e-12
5.98177e-12
-4.33381e-12
3.83072e-12
-8.42432e-12
1.63967e-11
-2.25545e-11
2.23452e-11
-1.47703e-11
2.01341e-12
1.11122e-11
-1.86717e-11
1.61357e-11
-4.52126e-12
-9.03234e-12
1.56749e-11
-1.22232e-11
3.42207e-12
2.43828e-12
-1.06105e-12
-5.3467e-12
1.09357e-11
-1.13615e-11
5.73013e-12
3.41061e-12
-1.13833e-11
1.27509e-11
-4.99188e-12
-8.51848e-12
1.91251e-11
-1.94685e-11
9.65174e-12
2.37073e-12
-7.90377e-12
4.29268e-12
3.73747e-12
-9.10692e-12
7.21319e-12
1.8937e-12
-1.45879e-11
2.49291e-11
-2.74652e-11
2.05934e-11
-9.18191e-12
1.6765e-12
-3.67413e-12
1.268e-11
-2.04831e-11
2.01847e-11
-1.20846e-11
2.37239e-12
2.12494e-12
1.12188e-12
-9.85236e-12
1.84835e-11
-2.08961e-11
1.30245e-11
3.9107e-12
-2.31336e-11
3.58046e-11
-3.75406e-11
3.13236e-11
-2.47298e-11
2.30052e-11
-2.54527e-11
2.70334e-11
-2.3731e-11
1.55298e-11
-6.24827e-12
6.23926e-13
-2.12056e-12
1.08688e-11
-2.30855e-11
3.16957e-11
-3.0179e-11
1.66989e-11
3.93931e-12
-2.37478e-11
3.67667e-11
-4.24939e-11
4.39654e-11
-4.40542e-11
4.28675e-11
-3.9059e-11
3.18061e-11
-2.21366e-11
1.21065e-11
-4.46875e-12
2.01726e-12
-6.8301e-12
1.7918e-11
-3.04665e-11
3.75236e-11
-3.45242e-11
2.17506e-11
-3.47394e-12
-1.5842e-11
3.32481e-11
-4.6869e-11
5.4459e-11
-5.46034e-11
4.82492e-11
-3.88483e-11
2.9404e-11
-2.07489e-11
1.23783e-11
-5.4747e-12
3.01105e-12
-7.26644e-12
1.68393e-11
-2.75609e-11
3.49842e-11
-3.62945e-11
2.95397e-11
-1.39453e-11
-8.44908e-12
3.11506e-11
-4.62164e-11
4.94702e-11
-4.37183e-11
3.54064e-11
-2.91215e-11
2.46442e-11
-1.96195e-11
1.29014e-11
-5.87976e-12
7.89371e-13
1.13913e-13
4.80874e-12
-1.56544e-11
2.84989e-11
-3.58167e-11
3.07521e-11
-1.33755e-11
-8.3938e-12
2.40181e-11
-2.81709e-11
2.32394e-11
-1.61024e-11
1.21738e-11
-1.27667e-11
1.53943e-11
-1.62178e-11
1.19596e-11
-2.42451e-12
-8.48796e-12
1.40156e-11
-9.56053e-12
-3.12796e-12
1.5905e-11
-2.03068e-11
1.38672e-11
-2.1115e-12
-6.33238e-12
5.9938e-12
1.93346e-12
-1.17397e-11
1.72204e-11
-1.54209e-11
7.43659e-12
2.07746e-12
-7.4001e-12
4.63523e-12
5.15061e-12
-1.628e-11
2.20734e-11
-2.02605e-11
1.42864e-11
-9.96094e-12
9.65288e-12
-1.06465e-11
7.98686e-12
6.34181e-13
-1.36802e-11
2.73625e-11
-3.81407e-11
4.29717e-11
-3.99168e-11
2.93836e-11
-1.57484e-11
5.36855e-12
-2.65685e-12
7.03241e-12
-1.48659e-11
2.29942e-11
-3.04937e-11
3.64252e-11
-3.8419e-11
3.38792e-11
-2.31811e-11
9.47382e-12
4.19224e-12
-1.76517e-11
3.18349e-11
-4.55775e-11
5.44293e-11
-5.4136e-11
4.40894e-11
-2.82106e-11
1.22354e-11
-1.57102e-12
-1.59872e-13
-8.19754e-12
2.35569e-11
-3.88815e-11
4.62485e-11
-4.23388e-11
3.05029e-11
-1.79181e-11
9.19769e-12
-3.31468e-12
-4.49865e-12
1.713e-11
-3.25175e-11
4.45212e-11
-4.74078e-11
3.92032e-11
-2.30701e-11
5.65115e-12
5.39149e-12
-5.21467e-12
-5.41013e-12
1.94017e-11
-2.76389e-11
2.50577e-11
-1.47333e-11
4.92942e-12
-2.30008e-12
6.41994e-12
-1.14297e-11
1.15524e-11
-5.76475e-12
-2.93282e-12
1.03425e-11
-1.3596e-11
1.13728e-11
-4.6275e-12
-3.24896e-12
7.48878e-12
-5.91997e-12
1.31362e-12
2.85952e-13
4.64516e-12
-1.39546e-11
2.16259e-11
-2.32075e-11
1.81542e-11
-8.53716e-12
-3.85864e-12
1.73729e-11
-2.9269e-11
3.55545e-11
-3.39779e-11
2.60473e-11
-1.6439e-11
9.39166e-12
-6.69639e-12
7.7716e-12
-1.16338e-11
1.7332e-11
-2.38969e-11
2.99624e-11
-3.48707e-11
3.87187e-11
-4.13554e-11
4.01992e-11
-3.09414e-11
1.09279e-11
1.64006e-11
-4.17535e-11
5.49935e-11
-5.22363e-11
3.80255e-11
-2.18621e-11
1.15093e-11
-9.58912e-12
1.39044e-11
-2.04165e-11
2.51656e-11
-2.61898e-11
2.45158e-11
-2.41435e-11
2.8415e-11
-3.59825e-11
3.98501e-11
-3.28735e-11
1.42858e-11
8.34708e-12
-2.49438e-11
2.99602e-11
-2.53103e-11
1.68303e-11
-9.90525e-12
7.01779e-12
-8.36394e-12
1.21099e-11
-1.50588e-11
1.3775e-11
-7.44095e-12
-1.1804e-12
7.35006e-12
-8.31796e-12
4.83719e-12
1.31823e-13
-4.6889e-12
8.7507e-12
-1.28278e-11
1.5943e-11
-1.64189e-11
1.38054e-11
-1.02579e-11
8.35292e-12
-8.4736e-12
8.09294e-12
-5.1592e-12
1.14245e-12
-1.03347e-12
8.88484e-12
-2.41382e-11
4.11955e-11
-5.30195e-11
5.41949e-11
-4.28368e-11
2.09256e-11
5.10388e-12
-2.63486e-11
3.58031e-11
-3.3528e-11
2.64137e-11
-2.25757e-11
2.42583e-11
-2.70766e-11
2.51906e-11
-1.78307e-11
9.92748e-12
-8.01535e-12
1.4947e-11
-2.86122e-11
4.33119e-11
-5.27783e-11
5.22427e-11
-4.07113e-11
2.17061e-11
-2.38802e-12
-1.05187e-11
1.45257e-11
-1.27864e-11
1.07327e-11
-1.18291e-11
1.52317e-11
-1.80594e-11
1.84915e-11
-1.71987e-11
1.50861e-11
-1.16178e-11
5.44418e-12
2.4827e-12
-8.49967e-12
8.92978e-12
-4.00988e-12
-2.43995e-12
6.45482e-12
-7.56292e-12
8.02613e-12
-1.01459e-11
1.40143e-11
-1.82884e-11
2.09083e-11
-1.96354e-11
1.24243e-11
-1.32195e-13
-1.17089e-11
1.44368e-11
-2.59056e-12
-2.10454e-11
4.57961e-11
-6.02432e-11
5.93194e-11
-4.66429e-11
3.00036e-11
-1.56463e-11
5.01633e-12
3.5895e-12
-1.22159e-11
2.10139e-11
-2.86422e-11
3.29318e-11
-3.21026e-11
2.55285e-11
-1.54246e-11
6.7728e-12
-5.13375e-12
1.2234e-11
-2.44052e-11
3.50058e-11
-3.97017e-11
3.84631e-11
-3.37235e-11
2.67923e-11
-1.79372e-11
8.53221e-12
-2.26292e-12
1.8783e-12
-5.8399e-12
8.32815e-12
-4.23763e-12
-6.58611e-12
1.88526e-11
-2.60304e-11
2.42647e-11
-1.42553e-11
-1.67425e-13
1.384e-11
-2.25799e-11
2.45755e-11
-2.15904e-11
1.76063e-11
-1.59709e-11
1.58858e-11
-1.26656e-11
1.59492e-12
1.64085e-11
-3.37632e-11
4.08341e-11
-3.36661e-11
1.69066e-11
-3.58732e-13
-8.1627e-12
6.27907e-12
3.83941e-12
-1.87235e-11
3.45416e-11
-4.72795e-11
5.32708e-11
-5.15644e-11
4.43967e-11
-3.54997e-11
2.6942e-11
-1.8772e-11
1.04005e-11
-2.34526e-12
-4.6631e-12
1.06882e-11
-1.66816e-11
2.23461e-11
-2.54408e-11
2.32303e-11
-1.60946e-11
8.39707e-12
-5.70418e-12
9.38023e-12
-1.48431e-11
1.49141e-11
-6.61457e-12
-5.86869e-12
1.39784e-11
-1.16739e-11
-7.13022e-13
1.72091e-11
-3.04948e-11
3.49018e-11
-2.83859e-11
1.31247e-11
4.31416e-12
-1.59553e-11
1.67485e-11
-7.9184e-12
-4.98777e-12
1.67461e-11
-2.62297e-11
3.49516e-11
-4.35674e-11
4.96609e-11
-5.0039e-11
4.37462e-11
-3.32434e-11
2.17006e-11
-1.0492e-11
-1.16938e-12
1.32078e-11
-2.2871e-11
2.59197e-11
-2.10789e-11
1.21216e-11
-5.89766e-12
6.99717e-12
-1.49402e-11
2.49197e-11
-3.14834e-11
3.09197e-11
-2.27927e-11
1.01732e-11
4.70239e-13
-2.43857e-12
-6.69638e-12
2.18747e-11
-3.35301e-11
3.41688e-11
-2.39069e-11
9.17751e-12
2.74549e-12
-9.07753e-12
1.13727e-11
-1.21109e-11
1.11552e-11
-6.47826e-12
-3.14111e-12
1.58843e-11
-2.84373e-11
3.83387e-11
-4.51684e-11
4.85861e-11
-4.70253e-11
3.83516e-11
-2.29306e-11
4.55763e-12
1.11602e-11
-2.02329e-11
2.14105e-11
-1.60688e-11
7.44092e-12
-7.85352e-13
1.42542e-12
-1.13519e-11
2.6101e-11
-3.68997e-11
3.66097e-11
-2.57474e-11
1.21204e-11
-5.08978e-12
8.36494e-12
-1.83207e-11
2.76586e-11
-3.15039e-11
2.96016e-11
-2.45832e-11
1.82032e-11
-1.06086e-11
1.76621e-12
6.66937e-12
-1.25376e-11
1.48019e-11
-1.40685e-11
1.05602e-11
-3.43921e-12
-8.16223e-12
2.28583e-11
-3.73042e-11
4.77931e-11
-5.20768e-11
4.88793e-11
-3.77573e-11
1.98462e-11
1.18077e-13
-1.47364e-11
1.78677e-11
-9.90547e-12
-1.59705e-12
6.52581e-12
1.37637e-13
-1.48698e-11
2.84047e-11
-3.33543e-11
2.90015e-11
-2.04975e-11
1.3382e-11
-1.01944e-11
1.05914e-11
-1.38985e-11
1.94515e-11
-2.58533e-11
3.03541e-11
-3.07412e-11
2.67376e-11
-2.00672e-11
1.23531e-11
-4.35755e-12
-3.64056e-12
1.04578e-11
-1.45435e-11
1.48644e-11
-1.16448e-11
5.03715e-12
5.6039e-12
-2.11887e-11
3.99249e-11
-5.59073e-11
6.10689e-11
-5.13313e-11
3.08341e-11
-1.04458e-11
-1.50144e-13
-9.43387e-13
7.35726e-12
-1.0839e-11
7.16876e-12
2.18546e-12
-1.33707e-11
2.29779e-11
-2.90364e-11
3.00193e-11
-2.53229e-11
1.61054e-11
-5.97673e-12
-7.94863e-13
1.35103e-12
4.03916e-12
-1.28094e-11
2.15091e-11
-2.75204e-11
2.91019e-11
-2.5753e-11
1.84682e-11
-1.03036e-11
4.44343e-12
-1.63703e-12
-1.0013e-12
6.51606e-12
-1.38111e-11
1.65163e-11
-8.21923e-12
-1.13963e-11
3.46317e-11
-5.12214e-11
5.53081e-11
-4.88774e-11
3.8469e-11
-2.99991e-11
2.53051e-11
-2.32864e-11
2.21506e-11
-2.0911e-11
1.81948e-11
-1.17879e-11
-2.00673e-13
1.62693e-11
-3.11191e-11
3.82498e-11
-3.44399e-11
2.1242e-11
-3.8772e-12
-1.16603e-11
2.0222e-11
-1.92342e-11
9.74218e-12
3.0535e-12
-1.25341e-11
1.46621e-11
-1.10722e-11
7.11329e-12
-7.15427e-12
1.03975e-11
-1.21185e-11
8.26977e-12
-6.96216e-14
-6.81252e-12
6.86184e-12
3.69087e-13
-1.07806e-11
1.98731e-11
-2.67003e-11
3.26289e-11
-3.80584e-11
4.07703e-11
-3.88866e-11
3.37918e-11
-3.00983e-11
3.13251e-11
-3.6435e-11
3.96377e-11
-3.46998e-11
1.92281e-11
3.21267e-12
-2.52291e-11
3.89925e-11
-3.98441e-11
2.76606e-11
-7.13942e-12
-1.41443e-11
2.85853e-11
-3.25776e-11
2.81161e-11
-2.11875e-11
1.67569e-11
-1.57117e-11
1.55505e-11
-1.44011e-11
1.26142e-11
-1.13063e-11
9.43258e-12
-4.41463e-12
-4.89174e-12
1.53615e-11
-2.14468e-11
1.96464e-11
-1.24016e-11
6.30686e-12
-6.72846e-12
1.28373e-11
-1.89248e-11
1.98604e-11
-1.62495e-11
1.3371e-11
-1.62102e-11
2.46961e-11
-3.42776e-11
3.94009e-11
-3.71099e-11
2.73481e-11
-1.23409e-11
-4.4144e-12
1.82767e-11
-2.49312e-11
2.19489e-11
-1.04588e-11
-5.46968e-12
2.04756e-11
-3.06303e-11
3.44653e-11
-3.30761e-11
2.9006e-11
-2.60463e-11
2.79975e-11
-3.65466e-11
4.82332e-11
-5.51194e-11
4.9413e-11
-2.99823e-11
3.88348e-12
1.80153e-11
-2.86904e-11
2.83731e-11
-2.23572e-11
1.52169e-11
-8.11474e-12
8.92469e-14
8.19967e-12
-1.38222e-11
1.40075e-11
-9.81199e-12
5.66197e-12
-5.53617e-12
8.68816e-12
-1.06029e-11
7.48014e-12
-4.23542e-13
-5.87653e-12
7.33432e-12
-4.14505e-12
-5.25555e-14
1.07157e-12
2.61388e-12
-9.50144e-12
1.61502e-11
-1.95903e-11
1.85066e-11
-1.40774e-11
9.41631e-12
-8.76697e-12
1.49986e-11
-2.75434e-11
4.15664e-11
-5.07468e-11
5.07999e-11
-4.17942e-11
2.66113e-11
-8.77927e-12
-8.64858e-12
2.17522e-11
-2.59854e-11
1.86233e-11
-2.54573e-12
-1.40971e-11
2.25155e-11
-1.99785e-11
1.18824e-11
-7.98961e-12
1.45879e-11
-3.00331e-11
4.64029e-11
-5.63231e-11
5.74017e-11
-5.1662e-11
4.11755e-11
-2.6464e-11
8.19067e-12
9.9306e-12
-2.21727e-11
2.44402e-11
-1.79758e-11
8.43982e-12
-1.90146e-12
2.1106e-13
-6.91796e-13
-8.66668e-13
5.97269e-12
-1.26938e-11
1.75242e-11
-1.85078e-11
1.58797e-11
-1.14419e-11
7.03743e-12
-4.274e-12
3.72878e-12
-4.55861e-12
4.24258e-12
-5.8996e-13
-6.34754e-12
1.35261e-11
-1.73226e-11
1.5999e-11
-1.1014e-11
5.33354e-12
-1.55108e-12
6.47706e-13
-3.23482e-12
1.03561e-11
-2.28162e-11
3.80342e-11
-4.92142e-11
4.85917e-11
-3.40248e-11
1.17752e-11
6.92399e-12
-1.39642e-11
9.26633e-12
3.14685e-13
-7.41e-12
9.01072e-12
-7.05464e-12
4.51183e-12
-2.73153e-12
1.82956e-12
-3.67933e-12
1.19652e-11
-2.89031e-11
5.0765e-11
-6.84504e-11
7.28224e-11
-6.14895e-11
4.01096e-11
-1.83041e-11
3.07431e-12
4.02202e-12
-5.79498e-12
5.64167e-12
-5.50511e-12
5.53413e-12
-5.57237e-12
5.39039e-12
-4.40567e-12
9.55168e-13
6.34705e-12
-1.71968e-11
2.89281e-11
-3.83701e-11
4.32791e-11
-4.3061e-11
3.79954e-11
-2.93869e-11
1.93007e-11
-1.02091e-11
3.32214e-12
1.88843e-12
-7.16263e-12
1.30626e-11
-1.7763e-11
1.76271e-11
-1.07736e-11
-3.7064e-13
9.55635e-12
-1.15728e-11
6.2572e-12
1.3261e-12
-5.69366e-12
5.04773e-12
-1.82501e-12
-1.10969e-12
3.15853e-12
-5.60137e-12
8.11419e-12
-7.64769e-12
8.06789e-13
1.13308e-11
-2.2148e-11
2.34319e-11
-1.25829e-11
-4.41184e-12
1.65446e-11
-1.60961e-11
3.42906e-12
1.44951e-11
-3.03961e-11
4.05401e-11
-4.46312e-11
4.28158e-11
-3.4933e-11
2.1861e-11
-7.79492e-12
-9.84068e-13
4.93432e-14
8.69664e-12
-1.7663e-11
1.86883e-11
-9.42626e-12
-5.44044e-12
1.76392e-11
-2.0848e-11
1.31683e-11
2.99029e-12
-2.31897e-11
4.24135e-11
-5.63885e-11
6.19752e-11
-5.83862e-11
4.76143e-11
-3.42163e-11
2.28385e-11
-1.60827e-11
1.33289e-11
-1.21357e-11
9.68361e-12
-4.31877e-12
-4.07976e-12
1.33535e-11
-1.96445e-11
1.87693e-11
-9.15973e-12
-6.83533e-12
2.37444e-11
-3.66113e-11
4.35892e-11
-4.63367e-11
4.7098e-11
-4.63327e-11
4.22783e-11
-3.37662e-11
2.22866e-11
-1.16843e-11
4.53809e-12
-6.81726e-14
-4.71789e-12
1.07775e-11
-1.54161e-11
1.44868e-11
-7.16603e-12
-2.67004e-12
9.21247e-12
-1.01789e-11
8.82764e-12
-1.12091e-11
1.98913e-11
-3.1122e-11
3.75454e-11
-3.4871e-11
2.49077e-11
-1.32468e-11
3.745e-12
3.40535e-12
-9.64877e-12
1.42254e-11
-1.4074e-11
7.01302e-12
4.09823e-12
-1.20359e-11
1.03019e-11
6.82672e-13
-1.34054e-11
1.88148e-11
-1.35619e-11
1.56743e-12
9.73129e-12
-1.52566e-11
1.42629e-11
-8.86096e-12
8.51146e-13
8.63229e-12
-1.77153e-11
2.22583e-11
-1.81092e-11
4.88833e-12
1.15571e-11
-2.22101e-11
2.05419e-11
-7.16503e-12
-1.11774e-11
2.60423e-11
-3.23991e-11
2.99938e-11
-2.21684e-11
1.30811e-11
-6.46916e-12
4.80895e-12
-9.14544e-12
1.79356e-11
-2.70338e-11
3.07665e-11
-2.52473e-11
1.0804e-11
7.4065e-12
-2.22157e-11
2.76536e-11
-2.16628e-11
6.29378e-12
1.29983e-11
-2.97543e-11
3.88779e-11
-3.91245e-11
3.31764e-11
-2.62345e-11
2.28668e-11
-2.49174e-11
3.05167e-11
-3.57923e-11
3.69605e-11
-3.22106e-11
2.13972e-11
-5.9354e-12
-1.11761e-11
2.47698e-11
-2.93763e-11
2.21585e-11
-5.61377e-12
-1.35865e-11
2.81647e-11
-3.48048e-11
3.53628e-11
-3.47614e-11
3.63307e-11
-3.97404e-11
4.22594e-11
-4.23549e-11
4.04652e-11
-3.72984e-11
3.14276e-11
-2.04753e-11
4.09098e-12
1.34753e-11
-2.52364e-11
2.58973e-11
-1.62604e-11
2.44329e-12
8.88113e-12
-1.58877e-11
2.15222e-11
-2.93021e-11
3.87601e-11
-4.61278e-11
4.81529e-11
-4.56407e-11
4.21112e-11
-3.99779e-11
3.73587e-11
-3.0042e-11
1.60885e-11
6.79235e-13
-1.32776e-11
1.71378e-11
-1.40256e-11
9.38848e-12
-6.88248e-12
4.75754e-12
1.48744e-12
-1.40137e-11
2.93688e-11
-4.12595e-11
4.57086e-11
-4.4399e-11
4.19368e-11
-4.09064e-11
3.90722e-11
-3.25852e-11
2.07201e-11
-7.83438e-12
-6.07178e-13
2.95332e-12
-3.03671e-12
5.81147e-12
-1.21738e-11
1.7237e-11
-1.48696e-11
3.22758e-12
1.30989e-11
-2.72211e-11
3.52186e-11
-3.83933e-11
3.98524e-11
-4.04804e-11
3.78637e-11
-3.00795e-11
1.89956e-11
-9.9896e-12
7.00713e-12
-8.80338e-12
9.43105e-12
-3.83821e-12
-7.49091e-12
1.8257e-11
-2.16937e-11
1.56143e-11
-3.59639e-12
-9.16966e-12
1.97901e-11
-2.84778e-11
3.53855e-11
-3.86837e-11
3.5545e-11
-2.59998e-11
1.44185e-11
-7.34219e-12
8.06067e-12
-1.37773e-11
1.73596e-11
-1.34189e-11
2.33311e-12
1.02791e-11
-1.85572e-11
1.99618e-11
-1.563e-11
7.46787e-12
3.39399e-12
-1.62061e-11
2.83383e-11
-3.53164e-11
3.32797e-11
-2.30369e-11
1.05313e-11
-3.31926e-12
4.75228e-12
-1.19687e-11
1.82975e-11
-1.85853e-11
1.19709e-11
-1.53705e-12
-8.88981e-12
1.66472e-11
-2.04979e-11
1.90323e-11
-1.09283e-11
-3.32907e-12
1.92879e-11
-3.01613e-11
3.08614e-11
-2.20725e-11
9.71928e-12
-1.22029e-12
4.91558e-13
-6.30019e-12
1.37334e-11
-1.81948e-11
1.75688e-11
-1.22491e-11
3.22786e-12
8.00038e-12
-1.87017e-11
2.43327e-11
-2.10022e-11
8.36498e-12
8.75599e-12
-2.2823e-11
2.76776e-11
-2.25323e-11
1.19084e-11
-2.53683e-12
-1.26034e-12
-9.42096e-13
6.73899e-12
-1.34115e-11
1.84097e-11
-1.93768e-11
1.41852e-11
-2.76596e-12
-1.18064e-11
2.34415e-11
-2.6194e-11
1.7812e-11
-2.04465e-12
-1.36193e-11
2.23849e-11
-2.22312e-11
1.5677e-11
-7.34813e-12
9.62358e-13
1.33888e-12
9.62171e-13
-7.34783e-12
1.56767e-11
-2.2231e-11
2.23848e-11
-1.36192e-11
-2.04475e-12
1.78121e-11
-2.61941e-11
2.34416e-11
-1.18067e-11
-2.76553e-12
1.41847e-11
-1.93762e-11
1.84091e-11
-1.34111e-11
6.73873e-12
-9.4194e-13
-1.26044e-12
-2.53677e-12
1.19084e-11
-2.25323e-11
2.76777e-11
-2.2823e-11
8.75609e-12
8.36477e-12
-2.10018e-11
2.43322e-11
-1.87011e-11
7.99978e-12
3.22844e-12
-1.22497e-11
1.75693e-11
-1.81952e-11
1.37338e-11
-6.30045e-12
4.91787e-13
-1.22051e-12
9.71945e-12
-2.20726e-11
3.08613e-11
-3.0161e-11
1.92875e-11
-3.32861e-12
-1.09287e-11
1.90327e-11
-2.04983e-11
1.66476e-11
-8.89018e-12
-1.53673e-12
1.19706e-11
-1.85851e-11
1.82971e-11
-1.19683e-11
4.75198e-12
-3.31913e-12
1.05314e-11
-2.30372e-11
3.32801e-11
-3.53168e-11
2.83386e-11
-1.62063e-11
3.39418e-12
7.4677e-12
-1.56299e-11
1.99617e-11
-1.85571e-11
1.02789e-11
2.33345e-12
-1.34193e-11
1.73599e-11
-1.37774e-11
8.06056e-12
-7.34194e-12
1.44182e-11
-2.59996e-11
3.55449e-11
-3.86836e-11
3.53854e-11
-2.84778e-11
1.97901e-11
-9.16964e-12
-3.59652e-12
1.56145e-11
-2.16941e-11
1.82574e-11
-7.49113e-12
-3.83816e-12
9.43111e-12
-8.80347e-12
7.00717e-12
-9.98958e-12
1.89955e-11
-3.00795e-11
3.78636e-11
-4.04803e-11
3.98524e-11
-3.83934e-11
3.52189e-11
-2.72215e-11
1.30993e-11
3.22725e-12
-1.48694e-11
1.72369e-11
-1.21737e-11
5.81133e-12
-3.0365e-12
2.95306e-12
-6.06898e-13
-7.83466e-12
2.07203e-11
-3.25854e-11
3.90723e-11
-4.09063e-11
4.19365e-11
-4.43987e-11
4.57083e-11
-4.12592e-11
2.93686e-11
-1.40135e-11
1.48718e-12
4.75788e-12
-6.88291e-12
9.38895e-12
-1.40261e-11
1.71382e-11
-1.3278e-11
6.79461e-13
1.60884e-11
-3.00419e-11
3.73588e-11
-3.99779e-11
4.21112e-11
-4.56408e-11
4.8153e-11
-4.61281e-11
3.87604e-11
-2.93026e-11
2.15227e-11
-1.58882e-11
8.88164e-12
2.44285e-12
-1.62601e-11
2.5897e-11
-2.52362e-11
1.34751e-11
4.09119e-12
-2.04755e-11
3.14278e-11
-3.72986e-11
4.04653e-11
-4.23548e-11
4.2259e-11
-3.97399e-11
3.63302e-11
-3.4761e-11
3.53624e-11
-3.48045e-11
2.81644e-11
-1.35862e-11
-5.61406e-12
2.21587e-11
-2.93765e-11
2.47701e-11
-1.11765e-11
-5.93507e-12
2.13971e-11
-3.22106e-11
3.69607e-11
-3.57927e-11
3.0517e-11
-2.49177e-11
2.28671e-11
-2.62348e-11
3.31767e-11
-3.91249e-11
3.88782e-11
-2.97545e-11
1.29985e-11
6.29359e-12
-2.16626e-11
2.76533e-11
-2.22156e-11
7.40645e-12
1.08039e-11
-2.52472e-11
3.07663e-11
-2.70335e-11
1.79353e-11
-9.14513e-12
4.80862e-12
-6.46884e-12
1.30808e-11
-2.21681e-11
2.99936e-11
-3.2399e-11
2.60422e-11
-1.11773e-11
-7.16513e-12
2.0542e-11
-2.22102e-11
1.1557e-11
4.8886e-12
-1.81096e-11
2.22587e-11
-1.77156e-11
8.6326e-12
8.50821e-13
-8.86059e-12
1.42626e-11
-1.52563e-11
9.73105e-12
1.56759e-12
-1.35621e-11
1.88149e-11
-1.34054e-11
6.82594e-13
1.03022e-11
-1.20363e-11
4.09867e-12
7.01265e-12
-1.40737e-11
1.42251e-11
-9.64848e-12
3.40497e-12
3.74544e-12
-1.32473e-11
2.49081e-11
-3.48713e-11
3.75457e-11
-3.11222e-11
1.98914e-11
-1.12089e-11
8.82732e-12
-1.01785e-11
9.2121e-12
-2.66981e-12
-7.16613e-12
1.44869e-11
-1.54163e-11
1.07778e-11
-4.71825e-12
-6.7816e-14
4.53778e-12
-1.1684e-11
2.22863e-11
-3.37659e-11
4.2278e-11
-4.63326e-11
4.70981e-11
-4.63368e-11
4.35893e-11
-3.66112e-11
2.37443e-11
-6.83525e-12
-9.15972e-12
1.87692e-11
-1.96443e-11
1.33534e-11
-4.07963e-12
-4.31897e-12
9.68393e-12
-1.21362e-11
1.33294e-11
-1.60832e-11
2.28389e-11
-3.42167e-11
4.76147e-11
-5.83865e-11
6.19755e-11
-5.63887e-11
4.24136e-11
-2.31897e-11
2.99027e-12
1.31684e-11
-2.08481e-11
1.76394e-11
-5.44075e-12
-9.42584e-12
1.86878e-11
-1.76625e-11
8.69607e-12
4.9947e-14
-9.84684e-13
-7.79434e-12
2.18605e-11
-3.49327e-11
4.28156e-11
-4.46311e-11
4.05401e-11
-3.03961e-11
1.44952e-11
3.42881e-12
-1.60958e-11
1.65443e-11
-4.41161e-12
-1.25831e-11
2.34321e-11
-2.21483e-11
1.13312e-11
8.06317e-13
-7.64734e-12
8.11401e-12
-5.60133e-12
3.15852e-12
-1.10968e-12
-1.82498e-12
5.0476e-12
-5.6934e-12
1.32581e-12
6.25739e-12
-1.15729e-11
9.55631e-12
-3.70625e-13
-1.07735e-11
1.76269e-11
-1.77629e-11
1.30627e-11
-7.16271e-12
1.88852e-12
3.32209e-12
-1.0209e-11
1.93006e-11
-2.93867e-11
3.79952e-11
-4.30608e-11
4.32789e-11
-3.837e-11
2.8928e-11
-1.71967e-11
6.34701e-12
9.55105e-13
-4.40552e-12
5.39021e-12
-5.57223e-12
5.53405e-12
-5.50506e-12
5.6416e-12
-5.79485e-12
4.02184e-12
3.07453e-12
-1.83043e-11
4.01098e-11
-6.14897e-11
7.28225e-11
-6.84505e-11
5.0765e-11
-2.8903e-11
1.19651e-11
-3.67919e-12
1.82941e-12
-2.73142e-12
4.51184e-12
-7.05478e-12
9.01092e-12
-7.41015e-12
3.14712e-13
9.26642e-12
-1.39643e-11
6.92412e-12
1.17751e-11
-3.40246e-11
4.85915e-11
-4.92141e-11
3.80341e-11
-2.28163e-11
1.03563e-11
-3.23508e-12
6.4783e-13
-1.55098e-12
5.33324e-12
-1.10137e-11
1.59987e-11
-1.73224e-11
1.35259e-11
-6.34752e-12
-5.89833e-13
4.24232e-12
-4.55826e-12
3.72841e-12
-4.27369e-12
7.03724e-12
-1.14419e-11
1.58798e-11
-1.8508e-11
1.75244e-11
-1.26939e-11
5.97269e-12
-8.66495e-13
-6.92042e-13
2.11258e-13
-1.90153e-12
8.43978e-12
-1.79757e-11
2.44401e-11
-2.21726e-11
9.93043e-12
8.1909e-12
-2.64642e-11
4.11756e-11
-5.16619e-11
5.74016e-11
-5.63228e-11
4.64028e-11
-3.0033e-11
1.45878e-11
-7.98952e-12
1.18822e-11
-1.99784e-11
2.25154e-11
-1.40971e-11
-2.54561e-12
1.86231e-11
-2.59853e-11
2.1752e-11
-8.64843e-12
-8.77931e-12
2.66112e-11
-4.1794e-11
5.07996e-11
-5.07465e-11
4.15663e-11
-2.75434e-11
1.49986e-11
-8.76697e-12
9.41632e-12
-1.40774e-11
1.85066e-11
-1.95903e-11
1.61501e-11
-9.50119e-12
2.61356e-12
1.07184e-12
-5.26612e-14
-4.1451e-12
7.33443e-12
-5.87659e-12
-4.23548e-13
7.48013e-12
-1.06028e-11
8.68784e-12
-5.53574e-12
5.66159e-12
-9.81176e-12
1.40075e-11
-1.38223e-11
8.19989e-12
8.90426e-14
-8.11467e-12
1.52171e-11
-2.23576e-11
2.83738e-11
-2.86911e-11
1.80159e-11
3.88303e-12
-2.99821e-11
4.9413e-11
-5.51196e-11
4.82336e-11
-3.6547e-11
2.79979e-11
-2.60465e-11
2.90058e-11
-3.30758e-11
3.44651e-11
-3.06304e-11
2.0476e-11
-5.47019e-12
-1.04584e-11
2.19486e-11
-2.49309e-11
1.82764e-11
-4.41398e-12
-1.23413e-11
2.73484e-11
-3.711e-11
3.94009e-11
-3.42776e-11
2.4696e-11
-1.621e-11
1.33708e-11
-1.62493e-11
1.98604e-11
-1.89248e-11
1.28373e-11
-6.72853e-12
6.30692e-12
-1.24016e-11
1.96464e-11
-2.14467e-11
1.53613e-11
-4.89145e-12
-4.41484e-12
9.43261e-12
-1.13061e-11
1.2614e-11
-1.44008e-11
1.55503e-11
-1.57115e-11
1.67568e-11
-2.11874e-11
2.8116e-11
-3.25775e-11
2.85854e-11
-1.41445e-11
-7.13919e-12
2.76603e-11
-3.98439e-11
3.89924e-11
-2.52291e-11
3.21281e-12
1.92279e-11
-3.46996e-11
3.96377e-11
-3.64351e-11
3.13252e-11
-3.00984e-11
3.37919e-11
-3.88866e-11
4.07701e-11
-3.80581e-11
3.26286e-11
-2.67e-11
1.98729e-11
-1.07806e-11
3.69299e-13
6.86148e-12
-6.81206e-12
-7.01438e-14
8.2703e-12
-1.21189e-11
1.03978e-11
-7.15443e-12
7.11335e-12
-1.10722e-11
1.46621e-11
-1.2534e-11
3.05339e-12
9.74242e-12
-1.92345e-11
2.02223e-11
-1.16605e-11
-3.87711e-12
2.12419e-11
-3.44399e-11
3.82498e-11
-3.11192e-11
1.62694e-11
-2.0084e-13
-1.17878e-11
1.81946e-11
-2.09107e-11
2.21502e-11
-2.32859e-11
2.53047e-11
-2.99987e-11
3.84687e-11
-4.88772e-11
5.5308e-11
-5.12214e-11
3.46319e-11
-1.13967e-11
-8.21879e-12
1.65159e-11
-1.38108e-11
6.51586e-12
-1.00115e-12
-1.63709e-12
4.44337e-12
-1.03035e-11
1.8468e-11
-2.57528e-11
2.91018e-11
-2.75204e-11
2.1509e-11
-1.28093e-11
4.03919e-12
1.35084e-12
-7.945e-13
-5.97716e-12
1.61058e-11
-2.53232e-11
3.00196e-11
-2.90367e-11
2.29783e-11
-1.33711e-11
2.18586e-12
7.1684e-12
-1.08386e-11
7.35686e-12
-9.43017e-13
-1.50407e-13
-1.04457e-11
3.08341e-11
-5.13313e-11
6.1069e-11
-5.59074e-11
3.9925e-11
-2.11889e-11
5.60402e-12
5.03704e-12
-1.16446e-11
1.48641e-11
-1.45432e-11
1.04575e-11
-3.64026e-12
-4.35778e-12
1.23533e-11
-2.00674e-11
2.67378e-11
-3.07415e-11
3.03544e-11
-2.58537e-11
1.94518e-11
-1.38986e-11
1.05914e-11
-1.01941e-11
1.33817e-11
-2.04971e-11
2.90013e-11
-3.33542e-11
2.84047e-11
-1.48699e-11
1.37795e-13
6.52566e-12
-1.59687e-12
-9.90565e-12
1.78678e-11
-1.47365e-11
1.18242e-13
1.9846e-11
-3.77571e-11
4.88791e-11
-5.20767e-11
4.77932e-11
-3.73045e-11
2.28588e-11
-8.16276e-12
-3.43872e-12
1.05598e-11
-1.40683e-11
1.48017e-11
-1.25375e-11
6.66923e-12
1.76633e-12
-1.06087e-11
1.82031e-11
-2.4583e-11
2.96013e-11
-3.15034e-11
2.7658e-11
-1.83201e-11
8.36439e-12
-5.08932e-12
1.21201e-11
-2.57473e-11
3.66097e-11
-3.68998e-11
2.61012e-11
-1.1352e-11
1.42547e-12
-7.85316e-13
7.44085e-12
-1.60687e-11
2.14104e-11
-2.02328e-11
1.116e-11
4.55791e-12
-2.2931e-11
3.83521e-11
-4.70258e-11
4.85866e-11
-4.51689e-11
3.83391e-11
-2.84375e-11
1.58842e-11
-3.14079e-12
-6.47865e-12
1.11555e-11
-1.21111e-11
1.13727e-11
-9.07745e-12
2.74543e-12
9.17749e-12
-2.39068e-11
3.41686e-11
-3.35299e-11
2.18746e-11
-6.69627e-12
-2.43864e-12
4.70337e-13
1.0173e-11
-2.27924e-11
3.09193e-11
-3.1483e-11
2.49194e-11
-1.49399e-11
6.99693e-12
-5.89743e-12
1.21214e-11
-2.10785e-11
2.59193e-11
-2.28706e-11
1.32073e-11
-1.16891e-12
-1.04924e-11
2.17009e-11
-3.32435e-11
4.37462e-11
-5.00388e-11
4.96608e-11
-4.35673e-11
3.49516e-11
-2.62298e-11
1.67463e-11
-4.98807e-12
-7.91802e-12
1.67481e-11
-1.5955e-11
4.31386e-12
1.31249e-11
-2.8386e-11
3.49019e-11
-3.04947e-11
1.72088e-11
-7.12656e-13
-1.16743e-11
1.39787e-11
-5.86889e-12
-6.61445e-12
1.4914e-11
-1.4843e-11
9.38015e-12
-5.70411e-12
8.397e-12
-1.60945e-11
2.32303e-11
-2.54408e-11
2.23462e-11
-1.66817e-11
1.06883e-11
-4.66297e-12
-2.34549e-12
1.04007e-11
-1.87723e-11
2.69422e-11
-3.54998e-11
4.43968e-11
-5.15645e-11
5.32709e-11
-4.72797e-11
3.45419e-11
-1.87238e-11
3.83969e-12
6.27888e-12
-8.16259e-12
-3.58759e-13
1.69066e-11
-3.3666e-11
4.0834e-11
-3.37631e-11
1.64084e-11
1.59497e-12
-1.26656e-11
1.58859e-11
-1.5971e-11
1.76066e-11
-2.15907e-11
2.45758e-11
-2.25799e-11
1.38397e-11
-1.66946e-13
-1.42558e-11
2.42651e-11
-2.60306e-11
1.88525e-11
-6.58593e-12
-4.23779e-12
8.32818e-12
-5.83979e-12
1.87819e-12
-2.26296e-12
8.53251e-12
-1.79377e-11
2.67928e-11
-3.37239e-11
3.84633e-11
-3.97017e-11
3.50056e-11
-2.44048e-11
1.22336e-11
-5.13327e-12
6.77231e-12
-1.54241e-11
2.55281e-11
-3.21023e-11
3.29316e-11
-2.8642e-11
2.10138e-11
-1.22159e-11
3.58966e-12
5.01606e-12
-1.5646e-11
3.00033e-11
-4.66427e-11
5.93193e-11
-6.02434e-11
4.57966e-11
-2.1046e-11
-2.58996e-12
1.44364e-11
-1.17086e-11
-1.32426e-13
1.24245e-11
-1.96357e-11
2.09086e-11
-1.82886e-11
1.40145e-11
-1.0146e-11
8.02614e-12
-7.56287e-12
6.45476e-12
-2.43992e-12
-4.00982e-12
8.92967e-12
-8.49953e-12
2.4826e-12
5.44425e-12
-1.16178e-11
1.50861e-11
-1.71987e-11
1.84915e-11
-1.80596e-11
1.5232e-11
-1.18294e-11
1.0733e-11
-1.27867e-11
1.45259e-11
-1.05189e-11
-2.38788e-12
2.1706e-11
-4.07114e-11
5.22429e-11
-5.27785e-11
4.33121e-11
-2.86124e-11
1.49472e-11
-8.01554e-12
9.92762e-12
-1.78307e-11
2.51906e-11
-2.70765e-11
2.42581e-11
-2.25756e-11
2.64135e-11
-3.35279e-11
3.5803e-11
-2.63487e-11
5.10418e-12
2.09253e-11
-4.28365e-11
5.41947e-11
-5.30193e-11
4.11955e-11
-2.41381e-11
8.88479e-12
-1.03341e-12
1.14234e-12
-5.15899e-12
8.09266e-12
-8.47329e-12
8.35263e-12
-1.02576e-11
1.3805e-11
-1.64183e-11
1.59424e-11
-1.28272e-11
8.75028e-12
-4.68867e-12
1.31789e-13
4.83709e-12
-8.31776e-12
7.34982e-12
-1.18021e-12
-7.44097e-12
1.37748e-11
-1.50585e-11
1.21095e-11
-8.36353e-12
7.01742e-12
-9.90485e-12
1.68298e-11
-2.53098e-11
2.99598e-11
-2.49434e-11
8.34682e-12
1.4286e-11
-3.28735e-11
3.98499e-11
-3.59822e-11
2.84148e-11
-2.41434e-11
2.45159e-11
-2.61899e-11
2.51657e-11
-2.04166e-11
1.39043e-11
-9.58898e-12
1.15092e-11
-2.18621e-11
3.80256e-11
-5.22363e-11
5.49936e-11
-4.17536e-11
1.64007e-11
1.0928e-11
-3.09415e-11
4.01993e-11
-4.13555e-11
3.87188e-11
-3.48707e-11
2.99626e-11
-2.38971e-11
1.73322e-11
-1.16339e-11
7.77176e-12
-6.69659e-12
9.39192e-12
-1.64392e-11
2.60475e-11
-3.3978e-11
3.55546e-11
-2.92691e-11
1.7373e-11
-3.85879e-12
-8.537e-12
1.81541e-11
-2.32075e-11
2.1626e-11
-1.39547e-11
4.64529e-12
2.85895e-13
1.31358e-12
-5.91982e-12
7.48857e-12
-3.24873e-12
-4.62771e-12
1.1373e-11
-1.35962e-11
1.03427e-11
-2.93298e-12
-5.76468e-12
1.15524e-11
-1.14299e-11
6.42021e-12
-2.30032e-12
4.92957e-12
-1.47334e-11
2.50577e-11
-2.76388e-11
1.94016e-11
-5.40999e-12
-5.21483e-12
5.39164e-12
5.65103e-12
-2.307e-11
3.92032e-11
-4.74079e-11
4.45215e-11
-3.25179e-11
1.71304e-11
-4.49898e-12
-3.31445e-12
9.19758e-12
-1.79181e-11
3.05029e-11
-4.23389e-11
4.62487e-11
-3.88817e-11
2.35571e-11
-8.19764e-12
-1.59816e-13
-1.57101e-12
1.22354e-11
-2.82105e-11
4.40891e-11
-5.41356e-11
5.44288e-11
-4.5577e-11
3.18345e-11
-1.76514e-11
4.19214e-12
9.47378e-12
-2.31809e-11
3.3879e-11
-3.84189e-11
3.64251e-11
-3.04936e-11
2.2994e-11
-1.48657e-11
7.03229e-12
-2.65689e-12
5.36881e-12
-1.57488e-11
2.9384e-11
-3.99172e-11
4.29719e-11
-3.81408e-11
2.73625e-11
-1.36801e-11
6.34169e-13
7.98679e-12
-1.06464e-11
9.65293e-12
-9.96111e-12
1.42866e-11
-2.02605e-11
2.20733e-11
-1.62798e-11
5.15034e-12
4.63543e-12
-7.40015e-12
2.07728e-12
7.437e-12
-1.54214e-11
1.72208e-11
-1.17399e-11
1.93355e-12
5.99381e-12
-6.33241e-12
-2.11143e-12
1.3867e-11
-2.03064e-11
1.59047e-11
-3.1276e-12
-9.56079e-12
1.40157e-11
-8.48789e-12
-2.42483e-12
1.19603e-11
-1.62186e-11
1.53951e-11
-1.27673e-11
1.21743e-11
-1.61026e-11
2.32394e-11
-2.81707e-11
2.40177e-11
-8.39327e-12
-1.33761e-11
3.07525e-11
-3.5817e-11
2.84991e-11
-1.56545e-11
4.80863e-12
1.14248e-13
7.88875e-13
-5.8792e-12
1.29009e-11
-1.96191e-11
2.4644e-11
-2.91214e-11
3.54065e-11
-4.37185e-11
4.94705e-11
-4.62169e-11
3.11511e-11
-8.44943e-12
-1.39451e-11
2.95395e-11
-3.62945e-11
3.49843e-11
-2.75609e-11
1.68393e-11
-7.26632e-12
3.01088e-12
-5.47457e-12
1.23784e-11
-2.07491e-11
2.94042e-11
-3.88483e-11
4.8249e-11
-5.46032e-11
5.44588e-11
-4.68689e-11
3.32481e-11
-1.58421e-11
-3.47385e-12
2.17506e-11
-3.45245e-11
3.7524e-11
-3.04669e-11
1.79182e-11
-6.83008e-12
2.01702e-12
-4.46844e-12
1.21063e-11
-2.21366e-11
3.18061e-11
-3.90591e-11
4.28674e-11
-4.4054e-11
4.39652e-11
-4.24937e-11
3.67667e-11
-2.37479e-11
3.9395e-12
1.66987e-11
-3.0179e-11
3.16958e-11
-2.30857e-11
1.08691e-11
-2.12077e-12
6.24021e-13
-6.24828e-12
1.55298e-11
-2.37311e-11
2.70335e-11
-2.54528e-11
2.30053e-11
-2.47298e-11
3.13236e-11
-3.75406e-11
3.58047e-11
-2.31337e-11
3.91091e-12
1.30242e-11
-2.08959e-11
1.84834e-11
-9.85231e-12
1.12188e-12
2.12494e-12
2.37241e-12
-1.20846e-11
2.01848e-11
-2.04832e-11
1.26801e-11
-3.67423e-12
1.6766e-12
-9.18199e-12
2.05934e-11
-2.74651e-11
2.4929e-11
-1.45878e-11
1.89358e-12
7.21332e-12
-9.10702e-12
3.73752e-12
4.29272e-12
-7.90384e-12
2.37082e-12
9.65165e-12
-1.94683e-11
1.91249e-11
-8.5182e-12
-4.9922e-12
1.27513e-11
-1.13837e-11
3.41089e-12
5.73e-12
-1.13615e-11
1.09359e-11
-5.34691e-12
-1.06086e-12
2.43814e-12
3.42221e-12
-1.22234e-11
1.56751e-11
-9.03242e-12
-4.52127e-12
1.61358e-11
-1.86719e-11
1.11126e-11
2.01294e-12
-1.47699e-11
2.23448e-11
-2.25544e-11
1.63967e-11
-8.42448e-12
3.83097e-12
-4.33409e-12
5.98209e-12
-3.06982e-12
-6.08802e-12
1.65847e-11
-2.12555e-11
1.64687e-11
-4.79047e-12
-7.84731e-12
1.56468e-11
-1.53104e-11
6.38543e-12
7.95003e-12
-2.18138e-11
2.94237e-11
-2.94149e-11
2.53594e-11
-2.21952e-11
2.10297e-11
-1.87153e-11
1.15267e-11
3.47642e-13
-1.28988e-11
2.10864e-11
-2.19939e-11
1.52972e-11
-3.40827e-12
-8.97949e-12
1.57903e-11
-1.30583e-11
1.69302e-12
1.26599e-11
-2.41974e-11
3.07328e-11
-3.40077e-11
3.59635e-11
-3.63792e-11
3.31975e-11
-2.52358e-11
1.31063e-11
9.50305e-13
-1.39837e-11
2.21873e-11
-2.22725e-11
1.36412e-11
-3.99566e-13
-1.0655e-11
1.40964e-11
-9.32066e-12
-6.20573e-13
1.20465e-11
-2.30857e-11
3.28336e-11
-4.03592e-11
4.43415e-11
-4.41323e-11
3.94463e-11
-3.00668e-11
1.59562e-11
7.36575e-13
-1.5272e-11
2.222e-11
-1.95083e-11
9.74894e-12
1.51225e-12
-9.61837e-12
1.22244e-11
-9.04707e-12
6.57149e-13
1.119e-11
-2.38922e-11
3.48318e-11
-4.2968e-11
4.81326e-11
-4.95892e-11
4.513e-11
-3.33667e-11
1.60059e-11
1.7689e-12
-1.44886e-11
1.91413e-11
-1.61765e-11
7.94362e-12
2.13609e-12
-1.03184e-11
1.31109e-11
-9.26385e-12
2.58753e-13
1.08595e-11
-2.22403e-11
3.35445e-11
-4.44156e-11
5.23767e-11
-5.39475e-11
4.70557e-11
-3.305e-11
1.55873e-11
9.43495e-13
-1.2862e-11
1.73833e-11
-1.39464e-11
5.83751e-12
-3.2436e-14
-8.3909e-13
3.58307e-13
4.17077e-14
2.63933e-14
4.08448e-15
0
