0
2.53496e-16
3.60975e-15
1.9424e-14
1.55298e-13
-6.57373e-13
1.53369e-12
3.75474e-12
-1.81717e-11
2.808e-11
-2.30497e-11
1.26322e-11
-1.12671e-11
1.95855e-11
-2.40398e-11
1.32536e-11
7.6003e-12
-2.23374e-11
2.17214e-11
-1.35215e-11
1.21529e-11
-2.12888e-11
2.9164e-11
-2.28174e-11
3.47231e-12
1.4132e-11
-1.83826e-11
1.30129e-11
-1.17254e-11
2.10206e-11
-3.23176e-11
3.15638e-11
-1.58125e-11
-3.34059e-12
1.23741e-11
-1.06333e-11
9.53926e-12
-1.83902e-11
3.25382e-11
-3.83699e-11
2.83612e-11
-9.79747e-12
-3.47695e-12
5.84204e-12
-5.31079e-12
1.2855e-11
-2.89055e-11
4.15879e-11
-3.95637e-11
2.41662e-11
-8.10535e-12
1.38954e-12
-1.12213e-12
-4.31125e-12
2.05626e-11
-3.96329e-11
4.72081e-11
-3.80176e-11
2.12422e-11
-1.06241e-11
9.22583e-12
-6.87452e-12
-7.45068e-12
3.11593e-11
-4.9117e-11
4.88625e-11
-3.41919e-11
2.0572e-11
-1.79505e-11
1.93332e-11
-9.58672e-12
-1.59489e-11
4.34343e-11
-5.4226e-11
4.45299e-11
-2.95312e-11
2.55029e-11
-3.1016e-11
2.82579e-11
-4.88237e-12
-2.96676e-11
5.20006e-11
-4.99868e-11
3.54328e-11
-3.00443e-11
3.91923e-11
-4.52962e-11
2.8291e-11
8.95243e-12
-4.15461e-11
4.87608e-11
-3.67593e-11
2.9925e-11
-4.15025e-11
5.67064e-11
-4.9919e-11
1.53175e-11
2.392e-11
-4.05686e-11
3.27848e-11
-2.47639e-11
3.65027e-11
-5.92259e-11
6.45679e-11
-3.82144e-11
-2.45748e-12
2.66733e-11
-2.43915e-11
1.5566e-11
-2.4932e-11
5.12486e-11
-6.80298e-11
5.39569e-11
-1.80811e-11
-1.02104e-11
1.37053e-11
-5.15337e-12
9.76775e-12
-3.43046e-11
5.83916e-11
-5.79203e-11
3.23262e-11
-4.81339e-12
-3.88288e-12
-2.78146e-12
3.88319e-12
1.31194e-11
-3.76403e-11
4.82097e-11
-3.62178e-11
1.4464e-11
-2.13578e-12
4.74026e-12
-1.04005e-11
5.09112e-12
1.17778e-11
-2.71402e-11
2.85546e-11
-1.63746e-11
2.73615e-12
9.38729e-13
5.79819e-12
-1.28858e-11
1.04713e-11
1.33009e-12
-1.19594e-11
1.08456e-11
1.59403e-12
-1.28236e-11
1.01787e-11
5.76879e-12
-2.04243e-11
2.0097e-11
-7.32097e-12
-8.59427e-13
-8.12801e-12
2.64957e-11
-3.27641e-11
1.52397e-11
1.32893e-11
-2.85722e-11
2.14667e-11
-8.76757e-12
1.31328e-11
-3.59601e-11
5.32281e-11
-4.26416e-11
8.89244e-12
1.98958e-11
-2.41951e-11
1.32884e-11
-1.38583e-11
3.62769e-11
-6.23958e-11
6.42863e-11
-3.70879e-11
2.68688e-12
1.33898e-11
-1.07545e-11
9.6826e-12
-2.71223e-11
5.44885e-11
-6.9227e-11
5.74098e-11
-2.96997e-11
6.18723e-12
2.12403e-12
-4.01232e-12
1.26234e-11
-3.24115e-11
5.21784e-11
-5.89881e-11
4.73643e-11
-2.59759e-11
7.06076e-12
8.70135e-13
-1.92725e-12
5.76966e-12
-1.9909e-11
3.81293e-11
-4.65125e-11
3.4975e-11
-1.15795e-11
-4.85093e-12
1.98003e-12
1.07128e-11
-1.28124e-11
-4.47269e-12
2.57142e-11
-2.78642e-11
6.91195e-12
1.55761e-11
-1.50829e-11
-7.58925e-12
2.79923e-11
-2.45201e-11
4.5566e-12
6.738e-12
6.28592e-12
-2.8625e-11
3.48106e-11
-1.37185e-11
-1.60295e-11
3.20923e-11
-2.70968e-11
1.88058e-11
-2.19751e-11
3.79735e-11
-4.80431e-11
4.08128e-11
-1.53383e-11
-1.16326e-11
2.9979e-11
-3.41543e-11
3.44388e-11
-3.66645e-11
4.64591e-11
-5.29886e-11
4.76399e-11
-2.21037e-11
-1.01914e-11
3.39701e-11
-3.56014e-11
2.78341e-11
-2.65488e-11
4.18681e-11
-5.50475e-11
4.75319e-11
-1.44592e-11
-1.82323e-11
2.85771e-11
-1.45485e-11
2.45523e-12
-9.98859e-12
3.15903e-11
-4.07755e-11
2.50859e-11
2.62741e-12
-1.66658e-11
7.04843e-12
1.17713e-11
-2.01091e-11
1.08034e-11
2.42269e-12
-7.58148e-12
-5.563e-13
8.63697e-12
-8.90959e-12
-6.861e-12
2.68616e-11
-4.4253e-11
4.31179e-11
-3.15216e-11
1.42953e-11
-1.17862e-11
1.40241e-11
-1.44159e-11
-1.00516e-11
4.20598e-11
-6.82667e-11
6.02706e-11
-3.87548e-11
1.70974e-11
-2.16174e-11
2.59845e-11
-1.96156e-11
-1.65013e-11
4.76007e-11
-6.26112e-11
4.42046e-11
-2.62823e-11
1.43613e-11
-2.28867e-11
2.25941e-11
-1.53125e-11
-9.10912e-12
2.40162e-11
-3.11527e-11
1.79669e-11
-4.85082e-12
-6.97289e-12
5.92163e-13
1.08624e-11
-2.22356e-11
1.62547e-11
-3.66795e-12
-2.57213e-12
-1.19308e-11
3.47639e-11
-4.18681e-11
2.23628e-11
1.20682e-11
-3.01598e-11
2.87641e-11
-1.60823e-11
2.44994e-11
-4.29144e-11
6.4425e-11
-5.2723e-11
2.83061e-11
9.36734e-12
-2.0718e-11
3.02507e-11
-2.24702e-11
3.55596e-11
-3.81755e-11
5.52945e-11
-4.27596e-11
3.35494e-11
4.35496e-12
-1.53553e-11
2.87472e-11
-4.35528e-12
5.12725e-12
5.87838e-14
2.97618e-11
-2.50226e-11
2.19599e-11
1.52692e-11
-1.12374e-11
5.34901e-12
3.47143e-11
-3.44947e-11
3.5208e-11
-4.89385e-12
8.37872e-12
-2.4925e-12
1.69872e-11
2.12555e-12
-1.57295e-11
4.95603e-11
-5.72122e-11
6.20633e-11
-3.89821e-11
2.25546e-11
-6.23192e-12
8.06935e-12
-5.38242e-12
-1.0565e-11
3.90919e-11
-6.37704e-11
5.49842e-11
-3.23255e-11
-5.54291e-13
-3.97117e-12
6.44871e-12
-2.4706e-11
-6.20022e-13
6.09043e-12
-3.17754e-11
3.4134e-12
-4.39377e-12
-2.8809e-11
1.59617e-12
-9.63669e-12
-3.62505e-11
2.03556e-11
-4.84622e-11
9.05382e-12
-3.70786e-11
1.28259e-11
-5.87856e-11
1.89116e-11
-2.48505e-11
-5.1064e-11
3.58318e-11
-6.83109e-11
1.37213e-11
-4.64625e-11
1.78942e-11
-6.3571e-11
1.52496e-11
-2.48816e-11
-3.86454e-11
1.55642e-11
-4.47476e-11
-2.17387e-12
-1.70804e-11
-1.41781e-11
-2.24615e-11
7.76079e-12
-3.05778e-11
-2.81605e-12
-3.46274e-12
-3.57782e-12
-3.37232e-11
4.73571e-11
-4.79322e-11
1.90163e-11
1.27324e-11
-1.66482e-11
2.4021e-11
-8.62749e-12
4.17576e-11
-3.76937e-11
7.72683e-11
-3.74688e-11
5.26852e-11
1.78663e-11
7.17885e-12
5.03637e-11
1.33891e-11
3.87775e-11
2.09152e-11
6.38334e-11
1.13978e-12
6.22004e-11
4.49772e-11
2.49147e-11
5.05122e-11
6.73754e-11
7.54997e-12
8.5685e-11
2.73731e-11
5.98409e-11
4.4384e-11
5.87473e-11
4.70231e-11
4.22956e-11
8.36271e-11
-7.0071e-12
1.18811e-10
-7.69633e-12
7.50552e-11
4.26931e-11
4.36978e-11
3.46245e-11
4.70635e-11
4.95636e-11
-8.95073e-13
7.3628e-11
2.67701e-12
2.63692e-11
3.26578e-11
9.80896e-12
4.29723e-12
3.32466e-11
-2.93458e-11
2.86139e-11
-2.55362e-11
3.17019e-12
-3.76965e-11
1.00244e-11
-5.37704e-11
-3.5635e-11
2.95391e-12
-1.06478e-10
6.70536e-12
-9.13167e-11
-3.71592e-11
-9.03074e-11
-4.34331e-11
-9.94101e-11
-7.51905e-11
-7.32384e-11
-1.18582e-10
-6.86365e-11
-1.10958e-10
-1.14901e-10
-8.58322e-11
-1.1975e-10
-1.29554e-10
-8.30988e-11
-1.4704e-10
-1.01707e-10
-1.38587e-10
-8.62564e-11
-1.73101e-10
-6.99964e-11
-1.48624e-10
-1.2111e-10
-8.72765e-11
-1.55607e-10
-7.11376e-11
-1.35051e-10
-8.22749e-11
-1.21788e-10
-5.80596e-11
-1.19356e-10
-6.61277e-11
-6.00684e-11
-8.52752e-11
-5.3047e-11
-2.45759e-11
-7.56462e-11
5.84972e-13
-2.99459e-11
-1.51413e-11
1.79444e-11
-5.62055e-12
4.40181e-11
9.68939e-12
8.99585e-11
-1.03777e-12
1.35045e-10
4.24889e-11
9.95821e-11
1.2943e-10
9.61685e-11
1.39891e-10
1.42211e-10
1.58962e-10
1.47817e-10
1.95897e-10
1.69537e-10
1.97656e-10
2.09168e-10
2.07363e-10
2.04801e-10
2.68546e-10
1.70519e-10
2.93397e-10
2.12281e-10
2.50371e-10
2.51021e-10
2.50963e-10
2.51771e-10
2.32057e-10
2.88653e-10
1.93655e-10
2.90508e-10
2.07965e-10
2.3758e-10
2.35664e-10
2.06841e-10
1.98017e-10
2.2641e-10
1.51963e-10
1.92372e-10
1.53195e-10
1.51937e-10
1.09649e-10
1.35151e-10
8.77417e-11
5.49286e-11
1.06585e-10
-2.51295e-11
7.64555e-11
-4.30097e-11
-9.25522e-12
-4.97602e-11
-6.19096e-11
-1.08263e-10
-9.97913e-11
-1.3377e-10
-1.77794e-10
-1.66715e-10
-1.99379e-10
-2.49691e-10
-2.21349e-10
-2.79035e-10
-3.04389e-10
-2.67316e-10
-3.82114e-10
-2.93946e-10
-3.97111e-10
-3.53128e-10
-4.18655e-10
-3.70644e-10
-4.44306e-10
-4.24227e-10
-4.09729e-10
-4.79873e-10
-4.205e-10
-4.57883e-10
-4.64893e-10
-4.36034e-10
-4.58952e-10
-4.6088e-10
-4.09617e-10
-4.70693e-10
-3.96545e-10
-4.35199e-10
-3.6737e-10
-4.32433e-10
-3.1371e-10
-3.80748e-10
-3.24507e-10
-2.76557e-10
-3.17349e-10
-2.17956e-10
-2.42409e-10
-1.94411e-10
-1.60016e-10
-1.26368e-10
-1.20818e-10
-4.11739e-11
-4.37203e-11
1.02428e-11
2.85169e-11
1.15124e-10
6.10849e-11
2.1093e-10
1.51586e-10
2.40545e-10
2.8406e-10
2.68505e-10
3.71977e-10
3.57575e-10
4.17302e-10
4.29595e-10
5.02018e-10
4.77736e-10
5.51071e-10
5.64704e-10
5.84172e-10
6.05757e-10
6.64601e-10
6.03597e-10
7.31403e-10
6.38282e-10
7.17045e-10
7.18729e-10
6.91666e-10
7.3554e-10
7.09095e-10
7.33367e-10
6.83167e-10
7.41713e-10
6.62661e-10
6.95276e-10
6.64779e-10
6.32378e-10
6.23522e-10
6.16646e-10
5.15626e-10
5.96608e-10
4.54032e-10
4.85229e-10
4.24228e-10
3.8172e-10
3.43953e-10
2.89755e-10
2.65787e-10
1.70558e-10
1.89742e-10
5.95348e-11
6.72304e-11
-3.79029e-12
-8.07929e-11
-1.09662e-10
-1.50017e-10
-2.74624e-10
-2.27313e-10
-3.81505e-10
-3.60193e-10
-4.58897e-10
-4.86223e-10
-5.51454e-10
-5.87763e-10
-6.35734e-10
-7.11218e-10
-6.83807e-10
-8.09701e-10
-7.87086e-10
-8.3286e-10
-8.89522e-10
-8.92877e-10
-9.11229e-10
-9.85526e-10
-9.12543e-10
-1.03147e-09
-9.54789e-10
-1.01742e-09
-9.83048e-10
-1.02127e-09
-9.7258e-10
-9.87464e-10
-9.90937e-10
-9.17781e-10
-9.64673e-10
-8.88328e-10
-8.71551e-10
-8.64295e-10
-7.86573e-10
-7.60918e-10
-7.5663e-10
-6.20651e-10
-6.72509e-10
-5.32987e-10
-5.41425e-10
-4.26167e-10
-4.21981e-10
-3.03218e-10
-2.8009e-10
-1.99099e-10
-1.07368e-10
-8.86677e-11
2.50392e-11
9.47965e-11
1.19439e-10
2.51173e-10
2.88758e-10
3.40586e-10
4.74433e-10
4.50639e-10
6.09497e-10
5.99202e-10
7.16437e-10
7.24506e-10
8.4425e-10
8.352e-10
9.24708e-10
9.73522e-10
9.93216e-10
1.04985e-09
1.10449e-09
1.07916e-09
1.18915e-09
1.14118e-09
1.18417e-09
1.23792e-09
1.16633e-09
1.25543e-09
1.19288e-09
1.23254e-09
1.18062e-09
1.21434e-09
1.14299e-09
1.16495e-09
1.10703e-09
1.08072e-09
1.04144e-09
1.02631e-09
9.04156e-10
9.64358e-10
8.05221e-10
8.06485e-10
7.44272e-10
6.33469e-10
6.3172e-10
5.07001e-10
4.58671e-10
3.8317e-10
3.10026e-10
2.08289e-10
1.66876e-10
5.53376e-11
-5.88014e-12
-1.05813e-10
-1.46276e-10
-2.9994e-10
-2.70886e-10
-4.71047e-10
-4.48233e-10
-5.64416e-10
-6.5538e-10
-6.80163e-10
-7.76906e-10
-8.48727e-10
-8.70783e-10
-9.79059e-10
-9.93415e-10
-1.05497e-09
-1.11631e-09
-1.13132e-09
-1.19035e-09
-1.19724e-09
-1.27434e-09
-1.2117e-09
-1.33283e-09
-1.25195e-09
-1.31595e-09
-1.30561e-09
-1.28116e-09
-1.29296e-09
-1.29825e-09
-1.2044e-09
-1.28954e-09
-1.15894e-09
-1.1903e-09
-1.12792e-09
-1.08005e-09
-1.0504e-09
-9.83975e-10
-9.38499e-10
-8.63953e-10
-8.36839e-10
-7.22659e-10
-6.92061e-10
-6.14699e-10
-5.23157e-10
-4.63944e-10
-4.031e-10
-2.58857e-10
-2.9389e-10
-7.91598e-11
-1.10072e-10
2.62786e-11
1.02108e-10
1.66554e-10
2.47353e-10
3.48354e-10
3.78756e-10
5.0638e-10
5.33061e-10
6.29249e-10
6.79392e-10
7.64694e-10
7.96592e-10
8.67879e-10
9.44978e-10
9.27098e-10
1.06407e-09
1.01794e-09
1.10842e-09
1.13472e-09
1.13172e-09
1.1807e-09
1.21696e-09
1.15466e-09
1.2735e-09
1.16368e-09
1.25141e-09
1.18954e-09
1.20417e-09
1.17267e-09
1.17523e-09
1.11851e-09
1.11163e-09
1.07436e-09
1.03018e-09
9.83708e-10
9.6619e-10
8.68337e-10
8.67951e-10
7.86216e-10
7.00967e-10
7.25522e-10
5.49334e-10
5.79766e-10
4.64649e-10
3.99656e-10
3.50135e-10
2.68993e-10
1.73718e-10
1.71662e-10
6.47e-12
2.59508e-11
-1.12481e-10
-1.28158e-10
-2.46499e-10
-2.61217e-10
-3.72441e-10
-4.02181e-10
-4.71925e-10
-5.45984e-10
-5.77169e-10
-6.30551e-10
-7.21553e-10
-6.95176e-10
-8.06671e-10
-8.16131e-10
-8.24491e-10
-9.36564e-10
-8.59477e-10
-9.71247e-10
-9.51032e-10
-9.64241e-10
-9.91959e-10
-1.00086e-09
-9.73128e-10
-1.03363e-09
-9.52221e-10
-1.01974e-09
-9.44706e-10
-9.85091e-10
-9.01991e-10
-9.52087e-10
-8.60224e-10
-8.69099e-10
-8.29645e-10
-7.79024e-10
-7.55644e-10
-7.26985e-10
-6.2578e-10
-6.72303e-10
-5.37394e-10
-5.30274e-10
-4.9875e-10
-3.79447e-10
-4.11037e-10
-2.90153e-10
-2.59935e-10
-2.22318e-10
-1.38201e-10
-9.09506e-11
-6.36388e-11
4.46122e-11
3.04801e-11
1.50373e-10
1.40592e-10
2.4659e-10
2.32226e-10
3.51457e-10
3.25521e-10
4.14407e-10
4.39297e-10
4.75329e-10
5.05009e-10
5.73121e-10
5.25822e-10
6.63058e-10
5.80615e-10
6.64489e-10
6.834e-10
6.51693e-10
7.24013e-10
6.96635e-10
6.96358e-10
7.49168e-10
6.86244e-10
7.24266e-10
7.23789e-10
6.73703e-10
7.22629e-10
6.50209e-10
6.8347e-10
6.28458e-10
6.42586e-10
5.76433e-10
6.02638e-10
5.32716e-10
5.30414e-10
4.84522e-10
4.78014e-10
3.93974e-10
4.45442e-10
2.98163e-10
3.7532e-10
2.62109e-10
2.45485e-10
2.30978e-10
1.63102e-10
1.28528e-10
1.36714e-10
6.97241e-12
8.11662e-11
-4.10425e-11
-4.44618e-11
-5.89667e-11
-1.38797e-10
-1.28686e-10
-1.7853e-10
-2.19921e-10
-2.18679e-10
-2.69954e-10
-2.94029e-10
-2.99182e-10
-3.46972e-10
-3.40238e-10
-3.89347e-10
-3.66912e-10
-4.34482e-10
-3.77493e-10
-4.64022e-10
-4.13736e-10
-4.46027e-10
-4.53377e-10
-4.51086e-10
-4.31513e-10
-4.95596e-10
-3.83423e-10
-5.09919e-10
-3.92836e-10
-4.42119e-10
-4.31777e-10
-3.93106e-10
-4.00828e-10
-4.05556e-10
-3.20285e-10
-4.1163e-10
-2.88073e-10
-3.39431e-10
-2.99045e-10
-2.64717e-10
-2.71162e-10
-2.33339e-10
-2.0408e-10
-2.11455e-10
-1.5577e-10
-1.53156e-10
-1.26486e-10
-1.00902e-10
-8.32536e-11
-5.32115e-11
-4.54577e-11
4.01977e-12
-2.43928e-11
6.24823e-11
2.17238e-11
7.44991e-11
9.11239e-11
9.3646e-11
1.18242e-10
1.61497e-10
9.85647e-11
2.31337e-10
1.20636e-10
2.21826e-10
1.97303e-10
1.97675e-10
2.31858e-10
2.35583e-10
1.93629e-10
3.02335e-10
1.78351e-10
2.93633e-10
2.2581e-10
2.48772e-10
2.60471e-10
2.43779e-10
2.29945e-10
2.75832e-10
1.99662e-10
2.67542e-10
2.0512e-10
2.31856e-10
2.12002e-10
2.075e-10
1.92315e-10
1.94694e-10
1.7725e-10
1.64433e-10
1.62248e-10
1.46579e-10
1.29856e-10
1.36589e-10
9.89295e-11
1.01725e-10
1.08921e-10
3.92506e-11
1.06146e-10
2.05103e-11
5.34398e-11
3.98876e-11
-3.30435e-12
1.76358e-11
1.25184e-11
-5.96139e-11
3.81024e-11
-9.54657e-11
-2.87804e-12
-6.26391e-11
-7.41936e-11
-5.27555e-11
-7.29933e-11
-1.14016e-10
-3.39018e-11
-1.60526e-10
-4.30556e-11
-1.36261e-10
-1.02364e-10
-1.0677e-10
-1.15138e-10
-1.30941e-10
-8.6422e-11
-1.65915e-10
-7.43919e-11
-1.54298e-10
-1.00243e-10
-1.31037e-10
-1.08783e-10
-1.26966e-10
-9.80969e-11
-1.29926e-10
-9.13929e-11
-1.1718e-10
-8.91091e-11
-1.12852e-10
-7.23897e-11
-1.08317e-10
-6.83696e-11
-8.25281e-11
-8.28598e-11
-4.848e-11
-7.82438e-11
-5.6659e-11
-3.48901e-11
-7.19987e-11
-1.588e-11
-4.24592e-11
-4.856e-11
1.7653e-11
-6.29697e-11
1.71272e-11
-1.41653e-11
-2.04548e-11
3.07364e-11
-1.05687e-11
-9.18742e-13
5.76234e-11
-3.93834e-11
7.95885e-11
-8.20572e-12
3.54396e-11
5.08819e-11
1.71308e-11
3.90199e-11
7.0224e-11
-1.01382e-11
1.0874e-10
-7.39616e-12
7.81978e-11
4.50704e-11
4.1867e-11
5.31184e-11
6.62578e-11
1.47411e-11
1.03631e-10
-4.11173e-12
9.15087e-11
2.66053e-11
5.91993e-11
4.0455e-11
5.74296e-11
2.1994e-11
7.83993e-11
2.88316e-12
7.38885e-11
9.7921e-12
5.94386e-11
1.44712e-11
5.05985e-11
7.93219e-12
4.98674e-11
6.20649e-12
3.86471e-11
3.93451e-12
3.83371e-11
-8.75397e-12
4.2998e-11
-1.79853e-11
3.09476e-11
-1.49808e-12
2.88597e-12
7.65709e-12
3.29593e-12
-1.68037e-11
2.77272e-11
-4.18941e-11
2.42438e-11
-1.8658e-11
-1.90896e-11
1.18522e-11
-3.3029e-11
-6.73566e-12
3.79859e-12
-5.1619e-11
2.20956e-11
-3.78126e-11
-2.10835e-11
1.03709e-11
-5.8584e-11
1.29097e-11
-2.3863e-11
-4.07716e-11
1.65253e-11
-5.06525e-11
-8.93066e-12
3.26625e-12
-6.49245e-11
3.0638e-11
-4.87994e-11
-1.36616e-11
5.1917e-12
-4.97708e-11
5.502e-12
-6.58587e-12
-5.23818e-11
4.02247e-11
-6.40083e-11
1.76098e-11
-1.0722e-11
-3.30672e-11
1.37739e-11
-1.43173e-11
-3.0368e-11
4.03973e-11
-6.48923e-11
4.24038e-11
-2.76676e-11
-6.7195e-12
1.2836e-11
-1.45216e-11
-9.72586e-12
3.31349e-11
-5.36659e-11
5.56635e-11
-4.00288e-11
1.9667e-11
3.28345e-12
-6.00041e-12
3.02886e-12
2.37499e-11
-3.75499e-11
5.65956e-11
-4.4166e-11
3.92824e-11
-1.05691e-11
7.18478e-12
5.4471e-12
1.78457e-11
-2.29952e-11
4.84002e-11
-4.14924e-11
4.89527e-11
-2.24542e-11
2.01122e-11
-1.36695e-12
1.69356e-11
-1.3697e-11
3.76208e-11
-3.58225e-11
4.82829e-11
-2.88608e-11
2.98497e-11
-1.23561e-11
1.89164e-11
-1.16022e-11
2.99258e-11
-2.98083e-11
4.05559e-11
-3.07413e-11
3.45061e-11
-2.12778e-11
2.17901e-11
-1.61524e-11
2.64663e-11
-2.51855e-11
3.18924e-11
-3.04032e-11
3.31167e-11
-2.53179e-11
2.47031e-11
-2.32928e-11
2.53156e-11
-2.38928e-11
2.7003e-11
-2.89107e-11
2.75024e-11
-2.59536e-11
2.63499e-11
-2.79853e-11
2.50513e-11
-2.65981e-11
2.61382e-11
-2.70161e-11
2.21063e-11
-2.5645e-11
2.50955e-11
-2.83029e-11
2.54786e-11
-3.09686e-11
2.67172e-11
-2.64178e-11
2.04907e-11
-2.52397e-11
2.12605e-11
-2.62556e-11
2.59434e-11
-3.32263e-11
2.69232e-11
-2.84017e-11
2.24427e-11
-2.47095e-11
1.78218e-11
-2.47525e-11
2.50118e-11
-3.17313e-11
2.68514e-11
-3.17313e-11
2.50119e-11
-2.47526e-11
1.78218e-11
-2.47095e-11
2.24426e-11
-2.84017e-11
2.69231e-11
-3.32263e-11
2.59434e-11
-2.62557e-11
2.12606e-11
-2.52397e-11
2.04906e-11
-2.64176e-11
2.6717e-11
-3.09684e-11
2.54785e-11
-2.83029e-11
2.50957e-11
-2.56453e-11
2.21067e-11
-2.70164e-11
2.61383e-11
-2.6598e-11
2.50509e-11
-2.79847e-11
2.63494e-11
-2.59531e-11
2.75022e-11
-2.89109e-11
2.70034e-11
-2.38934e-11
2.53162e-11
-2.32933e-11
2.47034e-11
-2.53178e-11
3.31163e-11
-3.04027e-11
3.18919e-11
-2.5185e-11
2.6466e-11
-1.61524e-11
2.17904e-11
-2.12782e-11
3.45065e-11
-3.07418e-11
4.05563e-11
-2.98085e-11
2.99256e-11
-1.16019e-11
1.8916e-11
-1.23555e-11
2.98491e-11
-2.88605e-11
4.82829e-11
-3.58227e-11
3.76212e-11
-1.36975e-11
1.69361e-11
-1.36721e-12
2.01122e-11
-2.2454e-11
4.89524e-11
-4.14921e-11
4.84e-11
-2.29952e-11
1.78459e-11
5.44687e-12
7.18499e-12
-1.05691e-11
3.92823e-11
-4.41657e-11
5.65952e-11
-3.75496e-11
2.37498e-11
3.02868e-12
-6.00003e-12
3.283e-12
1.96674e-11
-4.00289e-11
5.56633e-11
-5.36655e-11
3.31345e-11
-9.7255e-12
-1.45217e-11
1.28358e-11
-6.71892e-12
-2.76683e-11
4.24043e-11
-6.48925e-11
4.03971e-11
-3.03674e-11
-1.43182e-11
1.37749e-11
-3.3068e-11
-1.07216e-11
1.76099e-11
-6.4009e-11
4.02257e-11
-5.23828e-11
-6.58503e-12
5.50148e-12
-4.97708e-11
5.19211e-12
-1.36622e-11
-4.87986e-11
3.06373e-11
-6.4924e-11
3.26603e-12
-8.93068e-12
-5.06523e-11
1.65249e-11
-4.07712e-11
-2.38633e-11
1.29099e-11
-5.85841e-11
1.03709e-11
-2.10834e-11
-3.78127e-11
2.20957e-11
-5.16192e-11
3.79874e-12
-6.73578e-12
-3.30289e-11
1.18522e-11
-1.90897e-11
-1.86578e-11
2.42436e-11
-4.18939e-11
2.7727e-11
-1.68037e-11
3.29615e-12
7.65675e-12
2.88634e-12
-1.49838e-12
3.09478e-11
-1.79852e-11
4.29976e-11
-8.75351e-12
3.83366e-11
3.93487e-12
3.8647e-11
6.20635e-12
4.98676e-11
7.93189e-12
5.05989e-11
1.44709e-11
5.94386e-11
9.79215e-12
7.38884e-11
2.88316e-12
7.83993e-11
2.1994e-11
5.74297e-11
4.04549e-11
5.91993e-11
2.66054e-11
9.15084e-11
-4.11146e-12
1.03631e-10
1.47413e-11
6.62576e-11
5.31185e-11
4.18671e-11
4.50702e-11
7.8198e-11
-7.3963e-12
1.0874e-10
-1.01384e-11
7.02242e-11
3.90198e-11
1.7131e-11
5.08818e-11
3.54396e-11
-8.20561e-12
7.95884e-11
-3.93832e-11
5.76231e-11
-9.18367e-13
-1.05691e-11
3.07366e-11
-2.04549e-11
-1.41653e-11
1.71273e-11
-6.297e-11
1.76532e-11
-4.85601e-11
-4.24592e-11
-1.58799e-11
-7.19989e-11
-3.489e-11
-5.66591e-11
-7.82439e-11
-4.84797e-11
-8.28604e-11
-8.25276e-11
-6.837e-11
-1.08317e-10
-7.23896e-11
-1.12852e-10
-8.91083e-11
-1.17181e-10
-9.13921e-11
-1.29927e-10
-9.80968e-11
-1.26965e-10
-1.08783e-10
-1.31037e-10
-1.00244e-10
-1.54297e-10
-7.43921e-11
-1.65915e-10
-8.6422e-11
-1.30941e-10
-1.15138e-10
-1.0677e-10
-1.02364e-10
-1.36261e-10
-4.30554e-11
-1.60527e-10
-3.39015e-11
-1.14016e-10
-7.29932e-11
-5.27554e-11
-7.41937e-11
-6.2639e-11
-2.87815e-12
-9.54656e-11
3.81024e-11
-5.96139e-11
1.25185e-11
1.76358e-11
-3.30439e-12
3.98877e-11
5.34398e-11
2.05103e-11
1.06146e-10
3.92507e-11
1.08921e-10
1.01725e-10
9.89293e-11
1.36589e-10
1.29856e-10
1.46579e-10
1.62248e-10
1.64433e-10
1.7725e-10
1.94693e-10
1.92315e-10
2.075e-10
2.12001e-10
2.31856e-10
2.0512e-10
2.67542e-10
1.99662e-10
2.75832e-10
2.29945e-10
2.43779e-10
2.60471e-10
2.48772e-10
2.2581e-10
2.93633e-10
1.78351e-10
3.02335e-10
1.93629e-10
2.35583e-10
2.31857e-10
1.97675e-10
1.97303e-10
2.21826e-10
1.20636e-10
2.31337e-10
9.85652e-11
1.61496e-10
1.18242e-10
9.36459e-11
9.11238e-11
7.44994e-11
2.17233e-11
6.24828e-11
-2.4393e-11
4.01981e-12
-4.54577e-11
-5.32115e-11
-8.32533e-11
-1.00902e-10
-1.26485e-10
-1.53156e-10
-1.5577e-10
-2.11455e-10
-2.0408e-10
-2.33339e-10
-2.71162e-10
-2.64716e-10
-2.99045e-10
-3.39431e-10
-2.88073e-10
-4.1163e-10
-3.20285e-10
-4.05556e-10
-4.00828e-10
-3.93106e-10
-4.31777e-10
-4.42119e-10
-3.92835e-10
-5.09919e-10
-3.83423e-10
-4.95596e-10
-4.31514e-10
-4.51085e-10
-4.53377e-10
-4.46027e-10
-4.13736e-10
-4.64022e-10
-3.77493e-10
-4.34482e-10
-3.66912e-10
-3.89347e-10
-3.40238e-10
-3.46973e-10
-2.99181e-10
-2.9403e-10
-2.69954e-10
-2.18679e-10
-2.19921e-10
-1.7853e-10
-1.28686e-10
-1.38796e-10
-5.89669e-11
-4.44616e-11
-4.10426e-11
8.11663e-11
6.9724e-12
1.36714e-10
1.28528e-10
1.63102e-10
2.30978e-10
2.45485e-10
2.6211e-10
3.7532e-10
2.98163e-10
4.45442e-10
3.93974e-10
4.78014e-10
4.84521e-10
5.30413e-10
5.32716e-10
6.02638e-10
5.76433e-10
6.42586e-10
6.28458e-10
6.8347e-10
6.50208e-10
7.22629e-10
6.73703e-10
7.23789e-10
7.24266e-10
6.86244e-10
7.49168e-10
6.96357e-10
6.96635e-10
7.24013e-10
6.51693e-10
6.834e-10
6.64489e-10
5.80615e-10
6.63057e-10
5.25823e-10
5.73121e-10
5.0501e-10
4.75329e-10
4.39297e-10
4.14407e-10
3.25521e-10
3.51457e-10
2.32225e-10
2.4659e-10
1.40592e-10
1.50374e-10
3.04796e-11
4.46124e-11
-6.36386e-11
-9.09507e-11
-1.38201e-10
-2.22318e-10
-2.59935e-10
-2.90152e-10
-4.11037e-10
-3.79447e-10
-4.9875e-10
-5.30275e-10
-5.37394e-10
-6.72303e-10
-6.2578e-10
-7.26985e-10
-7.55644e-10
-7.79024e-10
-8.29645e-10
-8.69099e-10
-8.60224e-10
-9.52087e-10
-9.01991e-10
-9.85091e-10
-9.44706e-10
-1.01974e-09
-9.52222e-10
-1.03362e-09
-9.73128e-10
-1.00086e-09
-9.91959e-10
-9.64241e-10
-9.51032e-10
-9.71247e-10
-8.59477e-10
-9.36564e-10
-8.24491e-10
-8.16131e-10
-8.06671e-10
-6.95176e-10
-7.21553e-10
-6.30551e-10
-5.77169e-10
-5.45985e-10
-4.71925e-10
-4.02181e-10
-3.72441e-10
-2.61217e-10
-2.46499e-10
-1.28158e-10
-1.12482e-10
2.59512e-11
6.46963e-12
1.71662e-10
1.73718e-10
2.68993e-10
3.50135e-10
3.99655e-10
4.64649e-10
5.79766e-10
5.49334e-10
7.25522e-10
7.00967e-10
7.86215e-10
8.67951e-10
8.68337e-10
9.6619e-10
9.83709e-10
1.03018e-09
1.07436e-09
1.11163e-09
1.11851e-09
1.17523e-09
1.17266e-09
1.20417e-09
1.18954e-09
1.25141e-09
1.16368e-09
1.2735e-09
1.15466e-09
1.21696e-09
1.1807e-09
1.13172e-09
1.13472e-09
1.10842e-09
1.01794e-09
1.06407e-09
9.27098e-10
9.44978e-10
8.67879e-10
7.96592e-10
7.64694e-10
6.79391e-10
6.2925e-10
5.33061e-10
5.0638e-10
3.78756e-10
3.48354e-10
2.47353e-10
1.66554e-10
1.02108e-10
2.62791e-11
-1.10073e-10
-7.91595e-11
-2.93891e-10
-2.58857e-10
-4.031e-10
-4.63944e-10
-5.23156e-10
-6.147e-10
-6.92061e-10
-7.22659e-10
-8.36838e-10
-8.63953e-10
-9.38499e-10
-9.83975e-10
-1.0504e-09
-1.08005e-09
-1.12791e-09
-1.1903e-09
-1.15894e-09
-1.28954e-09
-1.2044e-09
-1.29825e-09
-1.29296e-09
-1.28116e-09
-1.30561e-09
-1.31595e-09
-1.25195e-09
-1.33283e-09
-1.2117e-09
-1.27433e-09
-1.19724e-09
-1.19035e-09
-1.13132e-09
-1.11631e-09
-1.05497e-09
-9.93415e-10
-9.79059e-10
-8.70783e-10
-8.48727e-10
-7.76906e-10
-6.80163e-10
-6.5538e-10
-5.64416e-10
-4.48234e-10
-4.71047e-10
-2.70886e-10
-2.99941e-10
-1.46276e-10
-1.05814e-10
-5.8796e-12
5.53372e-11
1.66876e-10
2.08289e-10
3.10026e-10
3.8317e-10
4.58671e-10
5.07001e-10
6.3172e-10
6.33469e-10
7.44272e-10
8.06485e-10
8.05221e-10
9.64359e-10
9.04156e-10
1.02631e-09
1.04144e-09
1.08072e-09
1.10703e-09
1.16495e-09
1.14299e-09
1.21434e-09
1.18062e-09
1.23254e-09
1.19288e-09
1.25543e-09
1.16633e-09
1.23792e-09
1.18417e-09
1.14118e-09
1.18915e-09
1.07916e-09
1.10449e-09
1.04985e-09
9.93216e-10
9.73521e-10
9.24709e-10
8.352e-10
8.44251e-10
7.24505e-10
7.16438e-10
5.99202e-10
6.09498e-10
4.50639e-10
4.74433e-10
3.40585e-10
2.88758e-10
2.51173e-10
1.19439e-10
9.47963e-11
2.50393e-11
-8.86677e-11
-1.07368e-10
-1.99099e-10
-2.8009e-10
-3.03218e-10
-4.21981e-10
-4.26166e-10
-5.41425e-10
-5.32987e-10
-6.72509e-10
-6.20651e-10
-7.5663e-10
-7.60918e-10
-7.86573e-10
-8.64295e-10
-8.71552e-10
-8.88328e-10
-9.64673e-10
-9.17781e-10
-9.90937e-10
-9.87465e-10
-9.7258e-10
-1.02127e-09
-9.83048e-10
-1.01742e-09
-9.54789e-10
-1.03147e-09
-9.12542e-10
-9.85527e-10
-9.11229e-10
-8.92878e-10
-8.89522e-10
-8.3286e-10
-7.87085e-10
-8.09702e-10
-6.83806e-10
-7.11218e-10
-6.35734e-10
-5.87763e-10
-5.51454e-10
-4.86223e-10
-4.58897e-10
-3.60193e-10
-3.81505e-10
-2.27313e-10
-2.74624e-10
-1.50017e-10
-1.09662e-10
-8.07929e-11
-3.79017e-12
6.72304e-11
5.95345e-11
1.89742e-10
1.70558e-10
2.65787e-10
2.89755e-10
3.43953e-10
3.8172e-10
4.24228e-10
4.85229e-10
4.54033e-10
5.96607e-10
5.15626e-10
6.16646e-10
6.23521e-10
6.32379e-10
6.64778e-10
6.95276e-10
6.62661e-10
7.41713e-10
6.83167e-10
7.33367e-10
7.09095e-10
7.35541e-10
6.91666e-10
7.18729e-10
7.17045e-10
6.38282e-10
7.31403e-10
6.03596e-10
6.64602e-10
6.05756e-10
5.84172e-10
5.64704e-10
5.51072e-10
4.77736e-10
5.02018e-10
4.29595e-10
4.17302e-10
3.57574e-10
3.71977e-10
2.68504e-10
2.8406e-10
2.40545e-10
1.51586e-10
2.10931e-10
6.10845e-11
1.15125e-10
2.85168e-11
1.02429e-11
-4.37202e-11
-4.1174e-11
-1.20818e-10
-1.26368e-10
-1.60016e-10
-1.94411e-10
-2.4241e-10
-2.17956e-10
-3.17349e-10
-2.76557e-10
-3.24506e-10
-3.80748e-10
-3.13711e-10
-4.32433e-10
-3.6737e-10
-4.35199e-10
-3.96544e-10
-4.70694e-10
-4.09616e-10
-4.60881e-10
-4.58952e-10
-4.36035e-10
-4.64893e-10
-4.57884e-10
-4.205e-10
-4.79873e-10
-4.09729e-10
-4.24227e-10
-4.44306e-10
-3.70643e-10
-4.18656e-10
-3.53127e-10
-3.97112e-10
-2.93946e-10
-3.82114e-10
-2.67316e-10
-3.04389e-10
-2.79034e-10
-2.21349e-10
-2.49691e-10
-1.99378e-10
-1.66716e-10
-1.77793e-10
-1.3377e-10
-9.97913e-11
-1.08263e-10
-6.19099e-11
-4.976e-11
-9.2553e-12
-4.30094e-11
7.64552e-11
-2.51293e-11
1.06585e-10
5.49286e-11
8.77415e-11
1.35151e-10
1.09649e-10
1.51937e-10
1.53195e-10
1.92371e-10
1.51964e-10
2.2641e-10
1.98017e-10
2.0684e-10
2.35664e-10
2.37581e-10
2.07965e-10
2.90508e-10
1.93655e-10
2.88653e-10
2.32056e-10
2.51771e-10
2.50963e-10
2.51021e-10
2.50371e-10
2.1228e-10
2.93397e-10
1.7052e-10
2.68546e-10
2.04801e-10
2.07362e-10
2.09169e-10
1.97656e-10
1.69537e-10
1.95897e-10
1.47817e-10
1.58962e-10
1.42212e-10
1.39891e-10
9.61685e-11
1.2943e-10
9.95819e-11
4.24893e-11
1.35044e-10
-1.03752e-12
8.99584e-11
9.68969e-12
4.40176e-11
-5.62005e-12
1.7944e-11
-1.51409e-11
-2.99462e-11
5.85284e-13
-7.56464e-11
-2.45759e-11
-5.3047e-11
-8.52752e-11
-6.00685e-11
-6.61276e-11
-1.19356e-10
-5.80596e-11
-1.21788e-10
-8.22746e-11
-1.35051e-10
-7.11375e-11
-1.55607e-10
-8.72765e-11
-1.2111e-10
-1.48623e-10
-6.99967e-11
-1.731e-10
-8.62563e-11
-1.38587e-10
-1.01707e-10
-1.4704e-10
-8.30989e-11
-1.29554e-10
-1.1975e-10
-8.58326e-11
-1.149e-10
-1.10958e-10
-6.86365e-11
-1.18582e-10
-7.32385e-11
-7.51906e-11
-9.94098e-11
-4.34336e-11
-9.03071e-11
-3.71591e-11
-9.1317e-11
6.70559e-12
-1.06477e-10
2.95362e-12
-3.56347e-11
-5.37707e-11
1.00248e-11
-3.76968e-11
3.17025e-12
-2.55361e-11
2.86139e-11
-2.93462e-11
3.32471e-11
4.29684e-12
9.80901e-12
3.26579e-11
2.63692e-11
2.67685e-12
7.36281e-11
-8.94983e-13
4.95634e-11
4.70635e-11
3.46246e-11
4.36976e-11
4.26932e-11
7.50554e-11
-7.69649e-12
1.18811e-10
-7.00696e-12
8.3627e-11
4.22957e-11
4.70231e-11
5.87473e-11
4.4384e-11
5.98407e-11
2.73732e-11
8.56851e-11
7.54963e-12
6.73759e-11
5.0512e-11
2.49145e-11
4.49776e-11
6.22e-11
1.13965e-12
6.3834e-11
2.09146e-11
3.87777e-11
1.33894e-11
5.03631e-11
7.17929e-12
1.78662e-11
5.26852e-11
-3.74687e-11
7.72682e-11
-3.76937e-11
4.17578e-11
-8.62794e-12
2.40216e-11
-1.66488e-11
1.27327e-11
1.90164e-11
-4.79325e-11
4.73573e-11
-3.3723e-11
-3.57838e-12
-3.46205e-12
-2.81658e-12
-3.05775e-11
7.76078e-12
-2.24616e-11
-1.41781e-11
-1.70801e-11
-2.17432e-12
-4.4747e-11
1.55637e-11
-3.8645e-11
-2.48818e-11
1.52497e-11
-6.35711e-11
1.78942e-11
-4.64625e-11
1.37214e-11
-6.83111e-11
3.58322e-11
-5.10642e-11
-2.48507e-11
1.8912e-11
-5.87861e-11
1.28261e-11
-3.70785e-11
9.05348e-12
-4.84618e-11
2.03554e-11
-3.62505e-11
-9.63658e-12
1.59611e-12
-2.88091e-11
-4.39343e-12
3.41287e-12
-3.17747e-11
6.08986e-12
-6.19706e-13
-2.4706e-11
6.44863e-12
-3.97125e-12
-5.53917e-13
-3.23261e-11
5.49847e-11
-6.37707e-11
3.90918e-11
-1.05648e-11
-5.38255e-12
8.06926e-12
-6.23164e-12
2.25544e-11
-3.89821e-11
6.20634e-11
-5.72124e-11
4.95604e-11
-1.57296e-11
2.12554e-12
1.69872e-11
-2.49241e-12
8.37859e-12
-4.89371e-12
3.52079e-11
-3.44945e-11
3.4714e-11
5.34932e-12
-1.12377e-11
1.52694e-11
2.19598e-11
-2.50226e-11
2.97616e-11
5.90829e-14
5.12692e-12
-4.35507e-12
2.87472e-11
-1.53554e-11
4.3551e-12
3.35494e-11
-4.27597e-11
5.52947e-11
-3.81754e-11
3.55594e-11
-2.24698e-11
3.02505e-11
-2.0718e-11
9.3675e-12
2.8306e-11
-5.27232e-11
6.44253e-11
-4.29147e-11
2.44995e-11
-1.60821e-11
2.87638e-11
-3.01596e-11
1.20683e-11
2.23628e-11
-4.18681e-11
3.47641e-11
-1.19311e-11
-2.57164e-12
-3.66853e-12
1.62552e-11
-2.22359e-11
1.08625e-11
5.92096e-13
-6.9725e-12
-4.8515e-12
1.79675e-11
-3.11529e-11
2.40162e-11
-9.10902e-12
-1.53124e-11
2.25939e-11
-2.28866e-11
1.43615e-11
-2.62826e-11
4.42047e-11
-6.26111e-11
4.76007e-11
-1.65015e-11
-1.96151e-11
2.59841e-11
-2.16174e-11
1.70977e-11
-3.8755e-11
6.02706e-11
-6.82666e-11
4.20598e-11
-1.00517e-11
-1.44156e-11
1.40238e-11
-1.1786e-11
1.42951e-11
-3.15215e-11
4.31177e-11
-4.42528e-11
2.68615e-11
-6.861e-12
-8.9095e-12
8.63685e-12
-5.56179e-13
-7.58159e-12
2.42285e-12
1.08031e-11
-2.01088e-11
1.17711e-11
7.04869e-12
-1.66661e-11
2.62774e-12
2.50856e-11
-4.07753e-11
3.15903e-11
-9.98872e-12
2.45529e-12
-1.45484e-11
2.85769e-11
-1.82322e-11
-1.4459e-11
4.75314e-11
-5.50468e-11
4.18676e-11
-2.65486e-11
2.78343e-11
-3.56015e-11
3.39697e-11
-1.01907e-11
-2.21045e-11
4.76403e-11
-5.29886e-11
4.64589e-11
-3.66645e-11
3.44391e-11
-3.41547e-11
2.99792e-11
-1.16325e-11
-1.53385e-11
4.08129e-11
-4.80431e-11
3.79735e-11
-2.19754e-11
1.88063e-11
-2.70973e-11
3.20926e-11
-1.60297e-11
-1.37183e-11
3.48101e-11
-2.86242e-11
6.2852e-12
6.73849e-12
4.55638e-12
-2.452e-11
2.79919e-11
-7.58865e-12
-1.50835e-11
1.55765e-11
6.91178e-12
-2.78641e-11
2.57139e-11
-4.47233e-12
-1.28127e-11
1.0713e-11
1.98006e-12
-4.85089e-12
-1.15797e-11
3.49753e-11
-4.65127e-11
3.81293e-11
-1.99088e-11
5.76957e-12
-1.92741e-12
8.70522e-13
7.06042e-12
-2.59758e-11
4.73646e-11
-5.89883e-11
5.21784e-11
-3.24111e-11
1.2623e-11
-4.01227e-12
2.1243e-12
6.18692e-12
-2.96996e-11
5.74098e-11
-6.9227e-11
5.44883e-11
-2.71219e-11
9.68224e-12
-1.07543e-11
1.33896e-11
2.68728e-12
-3.70884e-11
6.42868e-11
-6.23961e-11
3.62772e-11
-1.38586e-11
1.32889e-11
-2.41957e-11
1.98964e-11
8.89198e-12
-4.26414e-11
5.32281e-11
-3.59601e-11
1.31325e-11
-8.76708e-12
2.14662e-11
-2.8572e-11
1.32895e-11
1.52394e-11
-3.2764e-11
2.64958e-11
-8.12825e-12
-8.59244e-13
-7.32096e-12
2.00968e-11
-2.0424e-11
5.76849e-12
1.01789e-11
-1.28236e-11
1.59386e-12
1.08458e-11
-1.19593e-11
1.32971e-12
1.04717e-11
-1.2886e-11
5.79804e-12
9.39043e-13
2.73597e-12
-1.63747e-11
2.8555e-11
-2.71405e-11
1.17778e-11
5.09151e-12
-1.04009e-11
4.74044e-12
-2.13554e-12
1.44636e-11
-3.62178e-11
4.82102e-11
-3.76409e-11
1.31197e-11
3.88335e-12
-2.78176e-12
-3.88295e-12
-4.81281e-12
3.23255e-11
-5.79199e-11
5.83916e-11
-3.43048e-11
9.76765e-12
-5.15291e-12
1.37047e-11
-1.021e-11
-1.80812e-11
5.39569e-11
-6.80299e-11
5.12489e-11
-2.49323e-11
1.55662e-11
-2.43916e-11
2.66734e-11
-2.45766e-12
-3.82141e-11
6.45677e-11
-5.92259e-11
3.65028e-11
-2.47638e-11
3.27845e-11
-4.05681e-11
2.39198e-11
1.53174e-11
-4.99189e-11
5.67065e-11
-4.15029e-11
2.99256e-11
-3.67597e-11
4.8761e-11
-4.15462e-11
8.95257e-12
2.82907e-11
-4.52957e-11
3.91917e-11
-3.00437e-11
3.54324e-11
-4.99866e-11
5.20004e-11
-2.96673e-11
-4.88286e-12
2.82585e-11
-3.10165e-11
2.55033e-11
-2.95314e-11
4.45302e-11
-5.42262e-11
4.34346e-11
-1.59492e-11
-9.5863e-12
1.93328e-11
-1.79502e-11
2.05719e-11
-3.41919e-11
4.88625e-11
-4.91167e-11
3.11587e-11
-7.45016e-12
-6.87477e-12
9.22582e-12
-1.0624e-11
2.12424e-11
-3.8018e-11
4.72087e-11
-3.96334e-11
2.05629e-11
-4.31144e-12
-1.12199e-12
1.38938e-12
-8.10506e-12
2.41658e-11
-3.95631e-11
4.15873e-11
-2.89052e-11
1.2855e-11
-5.31099e-12
5.84201e-12
-3.47641e-12
-9.79832e-12
2.83619e-11
-3.83699e-11
3.25377e-11
-1.83897e-11
9.53938e-12
-1.0634e-11
1.23749e-11
-3.34078e-12
-1.5813e-11
3.15645e-11
-3.23178e-11
2.10202e-11
-1.17248e-11
1.30126e-11
-1.83828e-11
1.41324e-11
3.47201e-12
-2.28175e-11
2.91643e-11
-2.1289e-11
1.21529e-11
-1.35214e-11
2.17213e-11
-2.23375e-11
7.60043e-12
1.32536e-11
-2.40399e-11
1.95855e-11
-1.1267e-11
1.2632e-11
-2.30496e-11
2.80802e-11
-1.81716e-11
3.75615e-12
1.53752e-12
-6.50144e-13
1.61204e-13
2.20057e-14
4.0863e-15
0
