0
-3.10826e-14
-4.47201e-13
-3.11104e-12
-1.02557e-11
-1.7882e-11
-1.77068e-11
-5.73173e-13
-2.56928e-11
5.11678e-11
-1.02875e-11
5.80833e-11
2.5787e-11
9.02735e-11
2.95503e-11
1.17275e-10
8.43744e-11
8.92081e-11
1.49809e-10
1.01741e-10
1.61829e-10
1.30522e-10
1.987e-10
1.27457e-10
2.24939e-10
1.7542e-10
1.93655e-10
2.33591e-10
1.96427e-10
2.4241e-10
2.09427e-10
2.74182e-10
1.91104e-10
2.9184e-10
2.21481e-10
2.50595e-10
2.63391e-10
2.35092e-10
2.61382e-10
2.25402e-10
2.79662e-10
1.85399e-10
2.83481e-10
1.90034e-10
2.28801e-10
2.10154e-10
1.90533e-10
1.93595e-10
1.5625e-10
1.94532e-10
9.35361e-11
1.84845e-10
7.00097e-11
1.19413e-10
6.90808e-11
6.06328e-11
4.05868e-11
7.31266e-12
2.6933e-11
-7.16346e-11
1.11954e-11
-1.18305e-10
-5.50897e-11
-1.32214e-10
-1.24636e-10
-1.63263e-10
-1.83764e-10
-1.82326e-10
-2.65285e-10
-1.90565e-10
-3.23387e-10
-2.42216e-10
-3.36384e-10
-3.07295e-10
-3.56098e-10
-3.54059e-10
-3.67822e-10
-4.20476e-10
-3.52685e-10
-4.7494e-10
-3.7298e-10
-4.71417e-10
-4.1752e-10
-4.66044e-10
-4.3408e-10
-4.58976e-10
-4.69041e-10
-4.07937e-10
-5.06593e-10
-3.85007e-10
-4.74873e-10
-3.98059e-10
-4.36365e-10
-3.73195e-10
-4.05622e-10
-3.6764e-10
-3.15401e-10
-3.82074e-10
-2.47941e-10
-3.19588e-10
-2.28779e-10
-2.50017e-10
-1.63153e-10
-2.00949e-10
-1.1978e-10
-8.12304e-11
-1.15097e-10
1.85578e-11
-3.09757e-11
5.826e-11
5.60891e-11
1.50021e-10
1.07834e-10
2.15972e-10
2.34854e-10
2.26124e-10
3.42692e-10
3.12305e-10
3.8105e-10
3.94774e-10
4.72967e-10
4.27693e-10
5.37416e-10
5.3239e-10
5.34221e-10
6.18059e-10
5.97911e-10
6.29714e-10
6.52185e-10
6.91464e-10
6.46658e-10
7.28822e-10
7.00728e-10
6.95728e-10
7.3772e-10
7.15659e-10
7.03086e-10
7.25279e-10
7.09393e-10
6.72208e-10
7.0162e-10
6.58663e-10
6.32118e-10
6.33965e-10
5.98276e-10
5.47736e-10
5.61269e-10
4.87562e-10
4.68377e-10
4.31596e-10
3.88885e-10
3.33892e-10
3.09219e-10
2.52609e-10
1.85108e-10
1.84433e-10
6.70872e-11
7.66823e-11
-2.26093e-11
-4.66272e-11
-1.25869e-10
-1.54693e-10
-2.31974e-10
-2.85962e-10
-3.02233e-10
-4.34235e-10
-3.8895e-10
-5.28988e-10
-5.18383e-10
-6.06841e-10
-6.16105e-10
-7.04912e-10
-7.15654e-10
-7.43956e-10
-8.54338e-10
-7.74458e-10
-9.20463e-10
-8.68069e-10
-9.4413e-10
-9.17722e-10
-1.0007e-09
-9.5149e-10
-9.83387e-10
-1.04035e-09
-9.36885e-10
-1.05125e-09
-9.6209e-10
-1.00473e-09
-9.41287e-10
-9.96569e-10
-8.93568e-10
-9.16807e-10
-9.04939e-10
-7.9647e-10
-8.5143e-10
-7.4181e-10
-7.39157e-10
-6.5408e-10
-6.61463e-10
-5.35484e-10
-5.3626e-10
-4.64362e-10
-3.71221e-10
-3.60025e-10
-2.5207e-10
-2.07558e-10
-1.2772e-10
-7.65903e-11
2.54561e-11
5.80524e-11
1.57261e-10
2.20498e-10
2.79477e-10
3.65599e-10
4.31975e-10
4.78777e-10
5.81883e-10
6.14825e-10
6.83547e-10
7.63712e-10
7.93399e-10
8.6211e-10
9.13905e-10
9.71469e-10
9.68663e-10
1.09722e-09
1.03805e-09
1.13262e-09
1.15088e-09
1.15401e-09
1.19023e-09
1.20441e-09
1.22406e-09
1.17346e-09
1.28556e-09
1.1466e-09
1.24317e-09
1.17898e-09
1.1674e-09
1.14436e-09
1.12303e-09
1.09118e-09
1.01141e-09
1.06448e-09
8.91569e-10
9.58732e-10
8.25084e-10
8.06823e-10
7.2816e-10
6.74372e-10
6.02668e-10
5.18858e-10
4.89565e-10
3.42646e-10
3.5404e-10
1.95676e-10
1.70161e-10
7.11251e-11
-1.24629e-11
-8.9146e-11
-1.58791e-10
-2.57443e-10
-3.32123e-10
-3.83301e-10
-5.07097e-10
-5.46612e-10
-6.15486e-10
-7.21214e-10
-7.59235e-10
-8.10945e-10
-9.28431e-10
-9.20752e-10
-1.01385e-09
-1.05459e-09
-1.11064e-09
-1.11033e-09
-1.21827e-09
-1.18842e-09
-1.22889e-09
-1.29767e-09
-1.23493e-09
-1.32718e-09
-1.26993e-09
-1.33131e-09
-1.25728e-09
-1.33356e-09
-1.2394e-09
-1.27162e-09
-1.24472e-09
-1.17084e-09
-1.21721e-09
-1.08753e-09
-1.12862e-09
-1.01376e-09
-1.02275e-09
-9.0343e-10
-9.14349e-10
-7.98459e-10
-7.42616e-10
-7.20452e-10
-5.71588e-10
-5.66724e-10
-4.61042e-10
-3.87661e-10
-2.98242e-10
-2.61346e-10
-1.21594e-10
-8.10466e-11
-5.12196e-12
1.09425e-10
1.65725e-10
2.26269e-10
3.57586e-10
3.77267e-10
4.79401e-10
5.5606e-10
6.05531e-10
6.89617e-10
7.40759e-10
8.22412e-10
8.34074e-10
9.638e-10
9.14111e-10
1.0612e-09
1.02451e-09
1.09555e-09
1.13834e-09
1.12955e-09
1.19182e-09
1.17341e-09
1.23802e-09
1.15782e-09
1.28446e-09
1.16146e-09
1.22978e-09
1.20883e-09
1.16175e-09
1.17195e-09
1.13782e-09
1.11177e-09
1.04961e-09
1.07703e-09
9.55379e-10
9.68291e-10
9.02853e-10
8.3604e-10
7.9875e-10
7.42324e-10
6.55705e-10
6.33202e-10
5.28985e-10
4.89653e-10
4.09278e-10
3.45248e-10
2.64406e-10
2.15592e-10
1.26493e-10
4.13718e-11
3.93262e-11
-1.43969e-10
-9.36175e-11
-2.46963e-10
-2.70483e-10
-3.59637e-10
-3.88576e-10
-4.9129e-10
-5.31446e-10
-5.477e-10
-6.97472e-10
-6.2672e-10
-7.74697e-10
-7.5503e-10
-8.27625e-10
-8.3938e-10
-8.98218e-10
-9.00936e-10
-9.38518e-10
-9.67319e-10
-9.523e-10
-1.0089e-09
-9.79137e-10
-9.94363e-10
-1.01587e-09
-9.77425e-10
-9.82264e-10
-1.00196e-09
-9.20661e-10
-9.67728e-10
-9.03966e-10
-9.00661e-10
-8.34728e-10
-8.72788e-10
-7.4813e-10
-7.7474e-10
-7.28263e-10
-6.3005e-10
-6.71354e-10
-5.36628e-10
-5.62516e-10
-4.43964e-10
-4.61928e-10
-3.34874e-10
-3.51e-10
-2.45207e-10
-2.06984e-10
-1.79681e-10
-6.08099e-11
-7.80756e-11
2.22721e-11
6.75756e-11
1.08437e-10
1.55912e-10
2.41583e-10
2.38943e-10
3.17658e-10
3.62873e-10
3.92976e-10
4.19668e-10
5.1727e-10
4.63003e-10
5.78853e-10
5.62364e-10
5.94251e-10
6.45803e-10
6.24371e-10
6.93507e-10
6.53618e-10
7.3232e-10
6.58538e-10
7.68774e-10
6.65464e-10
7.4465e-10
7.21968e-10
6.80537e-10
7.33718e-10
6.7903e-10
6.79711e-10
6.59939e-10
6.67507e-10
5.93523e-10
6.29295e-10
5.73204e-10
5.42297e-10
5.34571e-10
4.98894e-10
4.39681e-10
4.68068e-10
3.54505e-10
3.9674e-10
3.064e-10
2.91454e-10
2.60887e-10
2.07267e-10
1.82529e-10
1.26593e-10
1.40179e-10
1.94801e-12
9.97561e-11
-5.93863e-11
-2.44369e-11
-7.1845e-11
-1.21256e-10
-1.42539e-10
-1.71473e-10
-2.03778e-10
-2.48113e-10
-2.38397e-10
-3.09779e-10
-2.95942e-10
-3.35475e-10
-3.62848e-10
-3.59238e-10
-3.89068e-10
-4.27719e-10
-3.68613e-10
-4.80292e-10
-3.978e-10
-4.59728e-10
-4.39783e-10
-4.65871e-10
-4.29656e-10
-4.6538e-10
-4.61575e-10
-4.01474e-10
-4.98228e-10
-3.74131e-10
-4.63078e-10
-3.87306e-10
-4.07706e-10
-3.82602e-10
-3.74225e-10
-3.43255e-10
-3.50779e-10
-3.12344e-10
-2.90723e-10
-2.9718e-10
-2.52133e-10
-2.2215e-10
-2.48327e-10
-1.70051e-10
-1.68065e-10
-1.84117e-10
-7.7864e-11
-1.50782e-10
-4.44814e-11
-9.12329e-11
-6.76838e-12
-4.72826e-11
3.48041e-11
4.27708e-12
5.20261e-11
8.34653e-11
4.27746e-11
1.51882e-10
8.36422e-11
1.44142e-10
1.59749e-10
1.58144e-10
1.66148e-10
2.15718e-10
1.76553e-10
2.23213e-10
2.14099e-10
2.37727e-10
2.09476e-10
2.76359e-10
2.01218e-10
2.81787e-10
2.32408e-10
2.37381e-10
2.88962e-10
1.97023e-10
2.89386e-10
2.16831e-10
2.57967e-10
2.07925e-10
2.67399e-10
1.84264e-10
2.33298e-10
2.13974e-10
1.77709e-10
2.05957e-10
1.78439e-10
1.53139e-10
1.86132e-10
1.19667e-10
1.53441e-10
1.28597e-10
8.9568e-11
1.32495e-10
6.44883e-11
9.60728e-11
3.94787e-11
9.93489e-11
-2.00236e-11
8.72059e-11
-1.19597e-11
6.47099e-12
1.7977e-11
-3.93942e-11
-5.03114e-12
-4.1953e-11
-4.46419e-11
-4.71201e-11
-6.00251e-11
-8.02834e-11
-5.6236e-11
-9.70966e-11
-8.76981e-11
-9.17168e-11
-8.67933e-11
-1.46426e-10
-4.46693e-11
-1.75453e-10
-7.22849e-11
-1.32809e-10
-1.23038e-10
-1.0539e-10
-1.38865e-10
-1.04493e-10
-1.33502e-10
-1.04894e-10
-1.41846e-10
-8.29444e-11
-1.46456e-10
-9.71326e-11
-9.91734e-11
-1.2338e-10
-9.83998e-11
-7.18607e-11
-1.40889e-10
-3.54873e-11
-1.26735e-10
-5.14839e-11
-8.61696e-11
-6.70911e-11
-5.72165e-11
-6.42392e-11
-4.37769e-11
-6.4544e-11
-2.73667e-12
-8.8672e-11
2.1044e-11
-5.06066e-11
-2.15192e-11
3.89952e-12
-1.74459e-11
-1.3288e-11
2.87644e-11
-2.90018e-11
4.65489e-11
-1.3576e-11
3.75432e-11
1.41031e-11
3.37918e-11
1.94935e-11
4.32084e-11
4.38212e-11
1.42706e-12
1.02127e-10
-1.7908e-11
8.60169e-11
3.26388e-11
4.55479e-11
5.45473e-11
5.19004e-11
3.85756e-11
7.40603e-11
2.2435e-11
7.55153e-11
3.77439e-11
5.75429e-11
3.55878e-11
7.51823e-11
1.93233e-11
5.54681e-11
6.89962e-11
-7.75373e-12
1.01135e-10
-1.05916e-11
7.20544e-11
2.02369e-11
3.64574e-11
3.29231e-11
3.70832e-11
7.0784e-12
5.19102e-11
4.13743e-12
2.59472e-11
1.59417e-11
3.22436e-11
-1.98318e-11
5.00655e-11
-1.55116e-11
6.49806e-12
3.26705e-11
-4.40078e-11
5.60963e-11
-4.95508e-11
2.67549e-11
-1.24287e-11
-5.78218e-12
-1.73462e-11
1.41929e-11
-3.63848e-11
4.03563e-12
-1.68148e-11
-1.10874e-11
-2.95205e-11
1.39444e-11
-5.54587e-11
2.16967e-11
-4.52385e-11
-1.56961e-11
1.08146e-11
-7.06555e-11
3.33575e-11
-5.29987e-11
-6.15389e-12
-2.39808e-11
-7.12381e-12
-3.91516e-11
3.66518e-12
-3.5157e-11
-4.87043e-12
-2.6302e-11
-6.48926e-12
-3.39948e-11
1.9825e-11
-6.51655e-11
3.77908e-11
-4.21878e-11
-1.89094e-11
2.38153e-11
-5.30033e-11
2.36578e-11
-2.93658e-11
2.29759e-12
-1.23238e-11
-2.60933e-13
-1.88255e-11
1.64724e-11
-2.68013e-11
1.1582e-11
-8.08971e-12
8.1265e-12
-3.18833e-11
5.33124e-11
-6.02276e-11
4.85454e-11
-2.14045e-11
-1.40613e-12
2.65249e-11
-2.97999e-11
3.10832e-11
-6.17554e-12
-3.91989e-12
1.75637e-11
4.50912e-12
-9.91336e-12
2.51211e-11
-7.90313e-12
1.4205e-11
-5.8639e-12
3.00492e-11
-3.32651e-11
5.86366e-11
-5.2204e-11
5.81632e-11
-2.29533e-11
2.57982e-12
3.23884e-11
-1.95477e-11
1.15933e-11
2.01575e-11
-1.89209e-11
2.74721e-11
-8.55648e-12
7.42914e-12
1.21077e-11
-1.02612e-11
1.9034e-11
-8.34346e-12
2.05744e-11
-3.19364e-11
5.79322e-11
-5.6217e-11
4.52804e-11
-1.4771e-11
-2.87996e-12
1.58634e-11
-8.26224e-12
-4.62579e-12
2.86375e-11
-4.6191e-11
5.09691e-11
-3.32565e-11
8.75776e-12
6.2132e-12
-7.95609e-12
4.51879e-12
-7.87045e-12
1.43555e-11
-2.57432e-11
3.09633e-11
-3.55858e-11
2.82537e-11
-1.61456e-11
-7.54692e-12
1.61462e-11
-8.05674e-12
-2.43595e-11
4.8729e-11
-6.45196e-11
5.69007e-11
-4.49867e-11
2.04649e-11
-4.13128e-12
-1.11654e-11
6.3959e-12
1.46145e-12
-1.37566e-11
6.02804e-12
3.41033e-12
-1.25617e-11
3.02224e-12
4.88516e-12
-1.38287e-11
9.34593e-12
-1.22834e-12
-2.1165e-11
4.37699e-11
-6.50928e-11
6.38983e-11
-4.42218e-11
1.12575e-11
7.66712e-12
-1.01216e-11
-2.22773e-12
1.5266e-11
-3.02871e-11
3.91463e-11
-3.87677e-11
2.64699e-11
-1.40535e-11
9.41763e-12
-1.43465e-11
1.78531e-11
-9.27186e-12
-1.05026e-11
2.90343e-11
-3.58419e-11
3.27577e-11
-2.08157e-11
1.96961e-12
1.8634e-11
-2.36335e-11
7.27581e-12
2.45393e-11
-5.11886e-11
6.26108e-11
-5.49315e-11
4.01947e-11
-2.34911e-11
1.12011e-11
-2.9975e-12
7.23549e-12
-1.72966e-11
2.3486e-11
-1.52886e-11
5.20319e-12
-2.759e-12
1.27246e-11
-2.36897e-11
3.04215e-11
-2.58833e-11
1.27751e-11
9.65498e-12
-3.42188e-11
5.30967e-11
-5.07618e-11
2.77467e-11
1.5476e-12
-1.61644e-11
1.40485e-11
-4.77481e-13
-1.79173e-11
3.84391e-11
-5.13436e-11
5.03397e-11
-3.69369e-11
2.29937e-11
-1.79985e-11
2.27944e-11
-2.68551e-11
2.16175e-11
-9.95024e-12
9.16388e-13
2.95445e-12
-2.98355e-12
-4.92058e-12
2.29241e-11
-4.07146e-11
4.137e-11
-2.08955e-11
-1.02738e-11
3.63863e-11
-4.864e-11
4.4895e-11
-2.98017e-11
8.2094e-12
1.11028e-11
-1.73627e-11
3.36631e-12
2.03441e-11
-3.68702e-11
3.93433e-11
-3.65022e-11
3.36404e-11
-3.05262e-11
2.69252e-11
-2.76531e-11
3.08725e-11
-2.97847e-11
1.82578e-11
-1.01785e-12
-1.07623e-11
6.21766e-12
1.19567e-11
-3.18055e-11
4.29401e-11
-4.4074e-11
3.25898e-11
-6.25459e-12
-2.67255e-11
4.63801e-11
-4.22751e-11
2.20839e-11
-9.22759e-13
-1.30595e-11
1.66822e-11
-9.07261e-12
-7.9727e-12
2.7377e-11
-3.97456e-11
3.88334e-11
-2.92672e-11
2.33936e-11
-2.7155e-11
3.28576e-11
-3.21553e-11
2.6886e-11
-2.10575e-11
1.24024e-11
-1.37772e-12
-1.54547e-12
-1.20283e-11
3.555e-11
-5.34067e-11
5.52293e-11
-4.06569e-11
1.62311e-11
9.44337e-12
-2.83875e-11
3.35345e-11
-1.99122e-11
-7.45253e-12
3.11413e-11
-3.55155e-11
2.23437e-11
-3.66074e-12
-1.43218e-11
3.04391e-11
-3.83918e-11
3.23834e-11
-1.88389e-11
1.11282e-11
-1.37968e-11
2.02652e-11
-2.29621e-11
2.02814e-11
-1.55268e-11
1.28325e-11
-1.38532e-11
1.90237e-11
-3.04731e-11
4.73031e-11
-5.864e-11
5.14502e-11
-2.7594e-11
2.77849e-12
1.16216e-11
-1.49386e-11
6.39315e-12
1.59428e-11
-4.37153e-11
5.88931e-11
-5.12975e-11
2.69988e-11
4.18258e-13
-2.07231e-11
2.89288e-11
-2.43899e-11
9.65221e-12
8.96373e-12
-2.14209e-11
1.8855e-11
-3.90244e-12
-1.04717e-11
1.61084e-11
-1.77361e-11
2.04953e-11
-2.15585e-11
1.96116e-11
-2.17047e-11
3.03401e-11
-3.56241e-11
2.82531e-11
-1.31405e-11
1.81435e-12
-1.4875e-13
7.7489e-12
-2.32625e-11
4.31164e-11
-5.95954e-11
6.28385e-11
-4.74638e-11
1.86998e-11
7.68461e-12
-1.78172e-11
1.05674e-11
6.91089e-12
-2.9894e-11
5.24195e-11
-6.12261e-11
4.66512e-11
-1.78189e-11
-6.45074e-12
1.76332e-11
-1.88244e-11
1.1475e-11
4.27243e-12
-2.06234e-11
2.57417e-11
-1.73329e-11
3.7761e-12
6.11133e-12
-1.01669e-11
1.09111e-11
-1.15875e-11
1.30136e-11
-1.48556e-11
1.83317e-11
-2.41888e-11
2.67086e-11
-1.86424e-11
3.63923e-12
4.61981e-12
4.5093e-13
-1.314e-11
2.81261e-11
-4.56438e-11
5.9624e-11
-5.68875e-11
3.4462e-11
-6.95986e-12
-9.86072e-12
1.18847e-11
-1.09916e-12
-2.10824e-11
4.82113e-11
-6.66982e-11
6.52761e-11
-4.47396e-11
1.62012e-11
6.68379e-12
-1.55651e-11
9.87669e-12
6.24093e-12
-2.76907e-11
4.58989e-11
-4.96113e-11
3.5423e-11
-1.45622e-11
2.21031e-13
6.10794e-12
-8.68372e-12
5.41724e-12
5.40986e-12
-1.48793e-11
1.30003e-11
-4.27504e-12
8.74598e-14
-1.69092e-12
1.94169e-12
5.49428e-13
-2.35449e-12
5.15786e-12
-1.38458e-11
2.5655e-11
-3.13259e-11
2.55379e-11
-1.17978e-11
-2.28991e-12
9.85575e-12
-7.43936e-12
-5.15557e-12
2.54238e-11
-4.73285e-11
5.96518e-11
-5.28905e-11
3.00201e-11
-5.43332e-12
-9.85754e-12
1.36466e-11
-4.29121e-12
-2.0531e-11
5.16106e-11
-6.93932e-11
6.37993e-11
-4.34949e-11
2.03931e-11
1.0071e-12
-1.51204e-11
1.10545e-11
1.2474e-11
-4.01837e-11
5.57126e-11
-5.63513e-11
4.65144e-11
-2.86799e-11
7.12023e-12
7.57881e-12
-7.20239e-12
-5.72391e-12
2.14436e-11
-3.22219e-11
3.52222e-11
-3.12252e-11
2.24168e-11
-1.17578e-11
3.0847e-12
-8.57446e-13
5.2926e-12
-1.00577e-11
9.10054e-12
-5.15799e-12
4.28548e-12
-5.83096e-12
5.47549e-12
-5.57202e-12
1.02093e-11
-1.37652e-11
6.54191e-12
8.64914e-12
-1.95503e-11
2.16655e-11
-1.98156e-11
1.37893e-11
6.34303e-13
-1.71996e-11
2.08181e-11
-7.19622e-12
-1.31695e-11
3.05731e-11
-4.31835e-11
4.70327e-11
-3.50763e-11
9.89403e-12
1.31459e-11
-2.09717e-11
1.24261e-11
7.19075e-12
-3.2418e-11
5.47718e-11
-6.31675e-11
5.18459e-11
-2.63763e-11
-5.59333e-13
1.66952e-11
-1.58329e-11
-9.24799e-13
2.67236e-11
-5.2214e-11
6.68374e-11
-6.24552e-11
4.01294e-11
-1.24966e-11
-6.49111e-12
1.15614e-11
-3.73918e-12
-1.61797e-11
4.27567e-11
-6.16756e-11
6.08903e-11
-4.43204e-11
2.455e-11
-7.79275e-12
-4.57621e-12
5.63047e-12
1.00368e-11
-3.31397e-11
4.71026e-11
-4.77266e-11
4.19844e-11
-3.23279e-11
1.66064e-11
-1.81639e-12
7.96033e-14
-1.11877e-11
2.26627e-11
-2.83886e-11
3.22348e-11
-3.4402e-11
2.87761e-11
-1.6923e-11
9.42695e-12
-1.07487e-11
1.39784e-11
-1.43889e-11
1.53868e-11
-1.87354e-11
1.94164e-11
-1.55517e-11
1.2752e-11
-1.49411e-11
1.79256e-11
-1.70798e-11
1.35464e-11
-1.01103e-11
6.20104e-12
-1.73599e-12
9.17537e-14
-4.37191e-12
1.2576e-11
-1.97224e-11
2.18552e-11
-1.79141e-11
8.93587e-12
2.18559e-12
-1.16109e-11
1.49837e-11
-9.37405e-12
-3.88832e-12
1.77914e-11
-2.47404e-11
2.21497e-11
-1.20211e-11
-3.38845e-12
1.99216e-11
-2.91157e-11
2.38273e-11
-7.26985e-12
-1.03248e-11
2.20634e-11
-2.60907e-11
1.90935e-11
5.98644e-13
-2.44409e-11
3.76725e-11
-3.46791e-11
2.12517e-11
-3.31246e-12
-1.64304e-11
2.96267e-11
-2.48814e-11
2.65355e-12
2.23665e-11
-3.81949e-11
4.34307e-11
-3.76558e-11
1.76491e-11
1.02029e-11
-2.82447e-11
2.55235e-11
-8.3683e-12
-1.29941e-11
3.48206e-11
-5.14877e-11
5.05553e-11
-2.84022e-11
-5.35013e-13
1.91858e-11
-2.40969e-11
1.76358e-11
1.98932e-12
-3.16911e-11
5.46106e-11
-5.55623e-11
3.78222e-11
-1.48035e-11
-6.97562e-12
2.38843e-11
-2.55805e-11
4.99417e-12
2.64832e-11
-4.91754e-11
5.5474e-11
-4.91951e-11
3.1255e-11
-2.96349e-12
-2.21988e-11
2.66685e-11
-9.39039e-12
-1.57261e-11
3.83213e-11
-5.54271e-11
5.96394e-11
-4.26464e-11
1.13116e-11
1.42276e-11
-2.21839e-11
1.54947e-11
1.68942e-12
-2.84543e-11
5.49066e-11
-6.35358e-11
4.85434e-11
-2.25549e-11
-8.73611e-13
1.74878e-11
-2.29969e-11
9.23128e-12
2.09978e-11
-4.92812e-11
5.98977e-11
-5.3629e-11
3.69472e-11
-1.20883e-11
-1.44822e-11
2.65276e-11
-1.44825e-11
-1.2088e-11
3.6947e-11
-5.36286e-11
5.98972e-11
-4.92808e-11
2.09977e-11
9.23123e-12
-2.29968e-11
1.74876e-11
-8.73261e-13
-2.25553e-11
4.85438e-11
-6.35361e-11
5.49068e-11
-2.84543e-11
1.68924e-12
1.54949e-11
-2.21841e-11
1.4228e-11
1.13113e-11
-4.26463e-11
5.96395e-11
-5.54272e-11
3.83214e-11
-1.57263e-11
-9.39007e-12
2.66682e-11
-2.21988e-11
-2.96336e-12
3.1255e-11
-4.91951e-11
5.54739e-11
-4.91751e-11
2.6483e-11
4.9941e-12
-2.55803e-11
2.38842e-11
-6.97569e-12
-1.48035e-11
3.78223e-11
-5.55624e-11
5.46105e-11
-3.16909e-11
1.9894e-12
1.76356e-11
-2.40968e-11
1.91859e-11
-5.35028e-13
-2.84024e-11
5.05552e-11
-5.14874e-11
3.48203e-11
-1.2994e-11
-8.36831e-12
2.55236e-11
-2.82447e-11
1.02026e-11
1.76495e-11
-3.76561e-11
4.34308e-11
-3.81951e-11
2.23665e-11
2.65372e-12
-2.48817e-11
2.9627e-11
-1.64306e-11
-3.3123e-12
2.12516e-11
-3.46791e-11
3.76726e-11
-2.44409e-11
5.98604e-13
1.90936e-11
-2.60908e-11
2.20636e-11
-1.03249e-11
-7.26998e-12
2.38275e-11
-2.91161e-11
1.99221e-11
-3.38899e-12
-1.20208e-11
2.21496e-11
-2.47406e-11
1.77918e-11
-3.8889e-12
-9.37332e-12
1.49831e-11
-1.16106e-11
2.18551e-12
8.9358e-12
-1.79139e-11
2.18547e-11
-1.97219e-11
1.25757e-11
-4.37178e-12
9.17267e-14
-1.73602e-12
6.20107e-12
-1.01103e-11
1.35463e-11
-1.70797e-11
1.79254e-11
-1.49408e-11
1.27519e-11
-1.55518e-11
1.94166e-11
-1.87357e-11
1.53872e-11
-1.43893e-11
1.39788e-11
-1.07489e-11
9.42697e-12
-1.69229e-11
2.8776e-11
-3.44018e-11
3.22346e-11
-2.83882e-11
2.26624e-11
-1.11876e-11
7.95722e-14
-1.81622e-12
1.66062e-11
-3.23278e-11
4.19844e-11
-4.77266e-11
4.71025e-11
-3.31397e-11
1.0037e-11
5.63009e-12
-4.5758e-12
-7.7931e-12
2.45503e-11
-4.43208e-11
6.08906e-11
-6.16756e-11
4.27564e-11
-1.61792e-11
-3.7396e-12
1.15618e-11
-6.49157e-12
-1.24962e-11
4.01291e-11
-6.24553e-11
6.68377e-11
-5.22143e-11
2.67238e-11
-9.25061e-13
-1.58325e-11
1.66949e-11
-5.59254e-13
-2.63762e-11
5.18458e-11
-6.31675e-11
5.47717e-11
-3.24178e-11
7.1905e-12
1.24262e-11
-2.09716e-11
1.31458e-11
9.89401e-12
-3.50763e-11
4.70329e-11
-4.31837e-11
3.05731e-11
-1.31694e-11
-7.19631e-12
2.08182e-11
-1.71997e-11
6.34386e-13
1.37892e-11
-1.98155e-11
2.16655e-11
-1.95504e-11
8.64928e-12
6.54184e-12
-1.37653e-11
1.02094e-11
-5.57203e-12
5.4754e-12
-5.83088e-12
4.28543e-12
-5.15783e-12
9.10024e-12
-1.00574e-11
5.29259e-12
-8.57689e-13
3.08506e-12
-1.17582e-11
2.24173e-11
-3.12256e-11
3.52225e-11
-3.22218e-11
2.14432e-11
-5.72337e-12
-7.20293e-12
7.57929e-12
7.11986e-12
-2.86798e-11
4.65146e-11
-5.63517e-11
5.5713e-11
-4.01842e-11
1.24744e-11
1.10543e-11
-1.51203e-11
1.00716e-12
2.0393e-11
-4.34946e-11
6.37989e-11
-6.93927e-11
5.16103e-11
-2.05309e-11
-4.29123e-12
1.36465e-11
-9.85727e-12
-5.43383e-12
3.00207e-11
-5.28909e-11
5.9652e-11
-4.73286e-11
2.54238e-11
-5.15529e-12
-7.43984e-12
9.85628e-12
-2.29036e-12
-1.17975e-11
2.55376e-11
-3.13258e-11
2.5655e-11
-1.38461e-11
5.15832e-12
-2.35484e-12
5.49716e-13
1.94134e-12
-1.69065e-12
8.75137e-14
-4.27543e-12
1.30008e-11
-1.48797e-11
5.4101e-12
5.41712e-12
-8.68385e-12
6.10846e-12
2.20263e-13
-1.45615e-11
3.54226e-11
-4.96113e-11
4.58994e-11
-2.76914e-11
6.24181e-12
9.87579e-12
-1.55644e-11
6.6836e-12
1.62008e-11
-4.47388e-11
6.52753e-11
-6.66975e-11
4.82107e-11
-2.10821e-11
-1.09906e-12
1.18844e-11
-9.86033e-12
-6.96018e-12
3.44622e-11
-5.68876e-11
5.96241e-11
-4.56438e-11
2.81262e-11
-1.314e-11
4.50957e-13
4.61976e-12
3.63924e-12
-1.86423e-11
2.67083e-11
-2.41885e-11
1.83316e-11
-1.48556e-11
1.30136e-11
-1.15875e-11
1.09112e-11
-1.01669e-11
6.11122e-12
3.77634e-12
-1.73332e-11
2.57418e-11
-2.06233e-11
4.27207e-12
1.14756e-11
-1.88251e-11
1.76339e-11
-6.45127e-12
-1.78186e-11
4.66513e-11
-6.12266e-11
5.24202e-11
-2.98947e-11
6.91161e-12
1.05668e-11
-1.78169e-11
7.68459e-12
1.86997e-11
-4.74635e-11
6.28381e-11
-5.95952e-11
4.31163e-11
-2.32625e-11
7.74889e-12
-1.48731e-13
1.81432e-12
-1.31404e-11
2.82529e-11
-3.56238e-11
3.03398e-11
-2.17046e-11
1.96115e-11
-2.15585e-11
2.04953e-11
-1.77362e-11
1.61084e-11
-1.04717e-11
-3.90246e-12
1.88549e-11
-2.14206e-11
8.9634e-12
9.65255e-12
-2.43902e-11
2.89291e-11
-2.07232e-11
4.18203e-13
2.69991e-11
-5.12979e-11
5.88934e-11
-4.37154e-11
1.59428e-11
6.39309e-12
-1.49385e-11
1.16216e-11
2.77849e-12
-2.75942e-11
5.14506e-11
-5.86404e-11
4.73033e-11
-3.0473e-11
1.90235e-11
-1.38529e-11
1.28321e-11
-1.55263e-11
2.02809e-11
-2.29618e-11
2.02651e-11
-1.37969e-11
1.11284e-11
-1.88392e-11
3.23837e-11
-3.8392e-11
3.04393e-11
-1.43219e-11
-3.66076e-12
2.23438e-11
-3.55157e-11
3.11413e-11
-7.4525e-12
-1.99122e-11
3.35345e-11
-2.83876e-11
9.44332e-12
1.62312e-11
-4.0657e-11
5.52293e-11
-5.34068e-11
3.555e-11
-1.20281e-11
-1.54568e-12
-1.37753e-12
1.24023e-11
-2.10577e-11
2.68863e-11
-3.21557e-11
3.28578e-11
-2.7155e-11
2.33936e-11
-2.92671e-11
3.88331e-11
-3.9745e-11
2.73766e-11
-7.97259e-12
-9.0724e-12
1.6682e-11
-1.30594e-11
-9.23008e-13
2.20844e-11
-4.22755e-11
4.63802e-11
-2.67252e-11
-6.25481e-12
3.25899e-11
-4.40741e-11
4.29403e-11
-3.18057e-11
1.19568e-11
6.21771e-12
-1.07623e-11
-1.01791e-12
1.82578e-11
-2.97846e-11
3.08723e-11
-2.7653e-11
2.69253e-11
-3.05262e-11
3.36406e-11
-3.65025e-11
3.93436e-11
-3.68704e-11
2.03441e-11
3.36638e-12
-1.73629e-11
1.11031e-11
8.20904e-12
-2.98014e-11
4.48948e-11
-4.86398e-11
3.63861e-11
-1.02737e-11
-2.08954e-11
4.13699e-11
-4.07146e-11
2.29241e-11
-4.92056e-12
-2.98363e-12
2.95436e-12
9.16738e-13
-9.95062e-12
2.16175e-11
-2.68548e-11
2.27939e-11
-1.7998e-11
2.29931e-11
-3.69361e-11
5.03389e-11
-5.13431e-11
3.84391e-11
-1.79176e-11
-4.77223e-13
1.40485e-11
-1.61643e-11
1.5473e-12
2.77472e-11
-5.07623e-11
5.30972e-11
-3.42194e-11
9.65571e-12
1.27744e-11
-2.5883e-11
3.04217e-11
-2.36902e-11
1.27252e-11
-2.7595e-12
5.2036e-12
-1.52889e-11
2.34862e-11
-1.72967e-11
7.23547e-12
-2.99749e-12
1.12011e-11
-2.3491e-11
4.01945e-11
-5.49313e-11
6.26105e-11
-5.11882e-11
2.45389e-11
7.2759e-12
-2.36333e-11
1.86337e-11
1.97004e-12
-2.08162e-11
3.27581e-11
-3.58422e-11
2.90346e-11
-1.05028e-11
-9.2718e-12
1.78532e-11
-1.43466e-11
9.41773e-12
-1.40535e-11
2.647e-11
-3.87679e-11
3.91467e-11
-3.02874e-11
1.52661e-11
-2.22777e-12
-1.01214e-11
7.66677e-12
1.12579e-11
-4.42221e-11
6.38984e-11
-6.50928e-11
4.377e-11
-2.11651e-11
-1.2286e-12
9.3464e-12
-1.38292e-11
4.88548e-12
3.02196e-12
-1.25614e-11
3.41002e-12
6.02823e-12
-1.37567e-11
1.4614e-12
6.3959e-12
-1.11653e-11
-4.13133e-12
2.04648e-11
-4.49866e-11
5.69006e-11
-6.45194e-11
4.87286e-11
-2.4359e-11
-8.05716e-12
1.61463e-11
-7.54688e-12
-1.61456e-11
2.82536e-11
-3.55857e-11
3.09632e-11
-2.5743e-11
1.43551e-11
-7.86992e-12
4.51837e-12
-7.95599e-12
6.21346e-12
8.75733e-12
-3.32561e-11
5.09688e-11
-4.61907e-11
2.8637e-11
-4.62522e-12
-8.26266e-12
1.58637e-11
-2.88026e-12
-1.47707e-11
4.528e-11
-5.62169e-11
5.79323e-11
-3.19367e-11
2.05746e-11
-8.34348e-12
1.9034e-11
-1.02613e-11
1.21079e-11
7.42904e-12
-8.55641e-12
2.74719e-11
-1.89207e-11
2.01572e-11
1.15938e-11
-1.95481e-11
3.23886e-11
2.57963e-12
-2.2953e-11
5.81629e-11
-5.22037e-11
5.86365e-11
-3.32649e-11
3.00488e-11
-5.86347e-12
1.42047e-11
-7.90308e-12
2.51213e-11
-9.91376e-12
4.50948e-12
1.75634e-11
-3.91949e-12
-6.17592e-12
3.10834e-11
-2.98001e-11
2.65252e-11
-1.40653e-12
-2.14038e-11
4.85445e-11
-6.02269e-11
5.3312e-11
-3.18832e-11
8.12649e-12
-8.08968e-12
1.15819e-11
-2.68013e-11
1.64725e-11
-1.88257e-11
-2.60673e-13
-1.23242e-11
2.29823e-12
-2.93667e-11
2.36586e-11
-5.30039e-11
2.38157e-11
-1.89095e-11
-4.21878e-11
3.77909e-11
-6.51656e-11
1.98252e-11
-3.39949e-11
-6.48915e-12
-2.63019e-11
-4.87049e-12
-3.51569e-11
3.66506e-12
-3.91515e-11
-7.12369e-12
-2.3981e-11
-6.15361e-12
-5.2999e-11
3.33577e-11
-7.06555e-11
1.08146e-11
-1.56961e-11
-4.52382e-11
2.16964e-11
-5.54582e-11
1.39439e-11
-2.952e-11
-1.10877e-11
-1.68147e-11
4.0357e-12
-3.63852e-11
1.41934e-11
-1.73468e-11
-5.78138e-12
-1.24295e-11
2.67557e-11
-4.95514e-11
5.60966e-11
-4.40078e-11
3.26704e-11
6.49817e-12
-1.55117e-11
5.00656e-11
-1.9832e-11
3.2244e-11
1.59412e-11
2.59478e-11
4.13673e-12
5.19108e-11
7.07806e-12
3.70833e-11
3.29232e-11
3.64574e-11
2.02369e-11
7.20544e-11
-1.05915e-11
1.01135e-10
-7.75329e-12
6.89957e-11
5.54686e-11
1.93231e-11
7.51822e-11
3.55881e-11
5.75426e-11
3.7744e-11
7.55154e-11
2.24346e-11
7.40606e-11
3.85755e-11
5.19004e-11
5.45475e-11
4.55476e-11
3.2639e-11
8.60169e-11
-1.79083e-11
1.02127e-10
1.42678e-12
4.38211e-11
4.32089e-11
1.94929e-11
3.37922e-11
1.41031e-11
3.75431e-11
-1.35759e-11
4.65487e-11
-2.90016e-11
2.87644e-11
-1.32882e-11
-1.74454e-11
3.8992e-12
-2.15193e-11
-5.06064e-11
2.10437e-11
-8.8672e-11
-2.73647e-12
-6.45442e-11
-4.37769e-11
-6.42393e-11
-5.72162e-11
-6.70916e-11
-8.61691e-11
-5.14841e-11
-1.26735e-10
-3.54871e-11
-1.40889e-10
-7.18607e-11
-9.84e-11
-1.2338e-10
-9.91736e-11
-9.71326e-11
-1.46456e-10
-8.29442e-11
-1.41846e-10
-1.04893e-10
-1.33502e-10
-1.04493e-10
-1.38865e-10
-1.0539e-10
-1.23038e-10
-1.32809e-10
-7.22849e-11
-1.75453e-10
-4.46693e-11
-1.46426e-10
-8.67931e-11
-9.17171e-11
-8.76976e-11
-9.70972e-11
-5.62355e-11
-8.02836e-11
-6.00252e-11
-4.71198e-11
-4.46421e-11
-4.1953e-11
-5.03109e-12
-3.93944e-11
1.79773e-11
6.47067e-12
-1.19595e-11
8.72059e-11
-2.00238e-11
9.93492e-11
3.94784e-11
9.60729e-11
6.44884e-11
1.32495e-10
8.95682e-11
1.28597e-10
1.53441e-10
1.19667e-10
1.86132e-10
1.5314e-10
1.78439e-10
2.05957e-10
1.77708e-10
2.13974e-10
2.33298e-10
1.84264e-10
2.67399e-10
2.07925e-10
2.57967e-10
2.16831e-10
2.89386e-10
1.97023e-10
2.88962e-10
2.37381e-10
2.32408e-10
2.81787e-10
2.01218e-10
2.76359e-10
2.09477e-10
2.37727e-10
2.14099e-10
2.23213e-10
1.76553e-10
2.15718e-10
1.66148e-10
1.58144e-10
1.59748e-10
1.44142e-10
8.36424e-11
1.51882e-10
4.27752e-11
8.3465e-11
5.2026e-11
4.27731e-12
3.4804e-11
-4.72828e-11
-6.76809e-12
-9.12332e-11
-4.44811e-11
-1.50783e-10
-7.78637e-11
-1.84117e-10
-1.68065e-10
-1.70051e-10
-2.48327e-10
-2.2215e-10
-2.52133e-10
-2.9718e-10
-2.90723e-10
-3.12344e-10
-3.50779e-10
-3.43255e-10
-3.74225e-10
-3.82602e-10
-4.07705e-10
-3.87306e-10
-4.63078e-10
-3.7413e-10
-4.98228e-10
-4.01474e-10
-4.61575e-10
-4.6538e-10
-4.29656e-10
-4.65871e-10
-4.39783e-10
-4.59728e-10
-3.97799e-10
-4.80292e-10
-3.68613e-10
-4.27719e-10
-3.89068e-10
-3.59238e-10
-3.62848e-10
-3.35475e-10
-2.95942e-10
-3.09779e-10
-2.38398e-10
-2.48112e-10
-2.03779e-10
-1.71473e-10
-1.42539e-10
-1.21256e-10
-7.18451e-11
-2.44369e-11
-5.93862e-11
9.97559e-11
1.94818e-12
1.40179e-10
1.26593e-10
1.8253e-10
2.07267e-10
2.60887e-10
2.91454e-10
3.064e-10
3.9674e-10
3.54505e-10
4.68067e-10
4.39682e-10
4.98893e-10
5.34572e-10
5.42297e-10
5.73204e-10
6.29295e-10
5.93523e-10
6.67506e-10
6.59939e-10
6.79711e-10
6.79031e-10
7.33717e-10
6.80537e-10
7.21968e-10
7.44649e-10
6.65464e-10
7.68774e-10
6.58537e-10
7.3232e-10
6.53618e-10
6.93507e-10
6.24372e-10
6.45803e-10
5.94251e-10
5.62364e-10
5.78853e-10
4.63002e-10
5.17271e-10
4.19668e-10
3.92976e-10
3.62874e-10
3.17658e-10
2.38943e-10
2.41583e-10
1.55912e-10
1.08437e-10
6.75754e-11
2.22721e-11
-7.80755e-11
-6.081e-11
-1.79681e-10
-2.06984e-10
-2.45206e-10
-3.51e-10
-3.34875e-10
-4.61928e-10
-4.43964e-10
-5.62516e-10
-5.36628e-10
-6.71354e-10
-6.3005e-10
-7.28263e-10
-7.7474e-10
-7.48131e-10
-8.72788e-10
-8.34727e-10
-9.00661e-10
-9.03966e-10
-9.67728e-10
-9.20661e-10
-1.00196e-09
-9.82263e-10
-9.77426e-10
-1.01587e-09
-9.94363e-10
-9.79137e-10
-1.0089e-09
-9.52299e-10
-9.6732e-10
-9.38517e-10
-9.00936e-10
-8.98218e-10
-8.39381e-10
-8.27625e-10
-7.5503e-10
-7.74696e-10
-6.26721e-10
-6.97471e-10
-5.47701e-10
-5.31446e-10
-4.9129e-10
-3.88576e-10
-3.59637e-10
-2.70483e-10
-2.46963e-10
-9.36172e-11
-1.4397e-10
3.93261e-11
4.13722e-11
1.26492e-10
2.15592e-10
2.64406e-10
3.45248e-10
4.09278e-10
4.89653e-10
5.28985e-10
6.33202e-10
6.55705e-10
7.42324e-10
7.9875e-10
8.3604e-10
9.02854e-10
9.68291e-10
9.55379e-10
1.07703e-09
1.04961e-09
1.11177e-09
1.13782e-09
1.17195e-09
1.16175e-09
1.20883e-09
1.22978e-09
1.16146e-09
1.28446e-09
1.15782e-09
1.23802e-09
1.17341e-09
1.19182e-09
1.12955e-09
1.13834e-09
1.09555e-09
1.02451e-09
1.0612e-09
9.14111e-10
9.638e-10
8.34074e-10
8.22412e-10
7.40759e-10
6.89616e-10
6.05532e-10
5.5606e-10
4.79401e-10
3.77267e-10
3.57585e-10
2.26269e-10
1.65726e-10
1.09425e-10
-5.12183e-12
-8.10464e-11
-1.21594e-10
-2.61346e-10
-2.98242e-10
-3.87661e-10
-4.61041e-10
-5.66724e-10
-5.71588e-10
-7.20451e-10
-7.42616e-10
-7.98458e-10
-9.1435e-10
-9.0343e-10
-1.02275e-09
-1.01376e-09
-1.12862e-09
-1.08753e-09
-1.21721e-09
-1.17084e-09
-1.24472e-09
-1.27162e-09
-1.2394e-09
-1.33356e-09
-1.25728e-09
-1.33131e-09
-1.26993e-09
-1.32718e-09
-1.23493e-09
-1.29767e-09
-1.22888e-09
-1.18842e-09
-1.21827e-09
-1.11033e-09
-1.11064e-09
-1.05459e-09
-1.01385e-09
-9.20753e-10
-9.28431e-10
-8.10945e-10
-7.59234e-10
-7.21214e-10
-6.15486e-10
-5.46612e-10
-5.07098e-10
-3.833e-10
-3.32123e-10
-2.57443e-10
-1.58791e-10
-8.91457e-11
-1.24634e-11
7.11256e-11
1.7016e-10
1.95676e-10
3.5404e-10
3.42646e-10
4.89565e-10
5.18858e-10
6.02668e-10
6.74373e-10
7.2816e-10
8.06823e-10
8.25083e-10
9.58732e-10
8.91569e-10
1.06448e-09
1.01141e-09
1.09118e-09
1.12303e-09
1.14436e-09
1.1674e-09
1.17898e-09
1.24317e-09
1.1466e-09
1.28556e-09
1.17346e-09
1.22406e-09
1.20441e-09
1.19023e-09
1.15401e-09
1.15087e-09
1.13262e-09
1.03805e-09
1.09722e-09
9.68663e-10
9.71468e-10
9.13905e-10
8.6211e-10
7.93399e-10
7.63712e-10
6.83547e-10
6.14824e-10
5.81884e-10
4.78776e-10
4.31976e-10
3.65599e-10
2.79477e-10
2.20498e-10
1.57261e-10
5.80521e-11
2.54565e-11
-7.65907e-11
-1.27719e-10
-2.07559e-10
-2.52069e-10
-3.60026e-10
-3.71221e-10
-4.64362e-10
-5.3626e-10
-5.35484e-10
-6.61463e-10
-6.54081e-10
-7.39157e-10
-7.4181e-10
-8.5143e-10
-7.9647e-10
-9.0494e-10
-9.16807e-10
-8.93568e-10
-9.96569e-10
-9.41287e-10
-1.00473e-09
-9.62091e-10
-1.05125e-09
-9.36886e-10
-1.04035e-09
-9.83387e-10
-9.5149e-10
-1.0007e-09
-9.17722e-10
-9.44131e-10
-8.68069e-10
-9.20463e-10
-7.74457e-10
-8.54338e-10
-7.43956e-10
-7.15655e-10
-7.04912e-10
-6.16106e-10
-6.06841e-10
-5.18383e-10
-5.28987e-10
-3.8895e-10
-4.34235e-10
-3.02232e-10
-2.85962e-10
-2.31974e-10
-1.54693e-10
-1.25869e-10
-4.6627e-11
-2.26092e-11
7.6682e-11
6.70875e-11
1.84433e-10
1.85108e-10
2.52609e-10
3.09218e-10
3.33892e-10
3.88885e-10
4.31596e-10
4.68377e-10
4.87562e-10
5.61268e-10
5.47736e-10
5.98276e-10
6.33965e-10
6.32118e-10
6.58663e-10
7.0162e-10
6.72208e-10
7.09392e-10
7.2528e-10
7.03085e-10
7.15659e-10
7.3772e-10
6.95728e-10
7.00728e-10
7.28822e-10
6.46658e-10
6.91464e-10
6.52184e-10
6.29714e-10
5.97911e-10
6.18059e-10
5.34221e-10
5.3239e-10
5.37416e-10
4.27693e-10
4.72967e-10
3.94774e-10
3.81049e-10
3.12305e-10
3.42692e-10
2.26124e-10
2.34854e-10
2.15972e-10
1.07834e-10
1.50021e-10
5.60891e-11
5.82601e-11
-3.09761e-11
1.85584e-11
-1.15098e-10
-8.123e-11
-1.1978e-10
-2.00949e-10
-1.63153e-10
-2.50016e-10
-2.2878e-10
-3.19587e-10
-2.47941e-10
-3.82074e-10
-3.15401e-10
-3.6764e-10
-4.05622e-10
-3.73194e-10
-4.36365e-10
-3.98059e-10
-4.74873e-10
-3.85007e-10
-5.06593e-10
-4.07937e-10
-4.6904e-10
-4.58976e-10
-4.3408e-10
-4.66044e-10
-4.17521e-10
-4.71417e-10
-3.7298e-10
-4.74941e-10
-3.52684e-10
-4.20476e-10
-3.67823e-10
-3.54059e-10
-3.56098e-10
-3.07295e-10
-3.36384e-10
-2.42216e-10
-3.23387e-10
-1.90564e-10
-2.65285e-10
-1.82326e-10
-1.83764e-10
-1.63263e-10
-1.24636e-10
-1.32214e-10
-5.50902e-11
-1.18305e-10
1.11953e-11
-7.16346e-11
2.6933e-11
7.31283e-12
4.05865e-11
6.0633e-11
6.90806e-11
1.19413e-10
7.00097e-11
1.84845e-10
9.35359e-11
1.94532e-10
1.5625e-10
1.93595e-10
1.90533e-10
2.10154e-10
2.28801e-10
1.90034e-10
2.83481e-10
1.85399e-10
2.79662e-10
2.25402e-10
2.61382e-10
2.35092e-10
2.63391e-10
2.50595e-10
2.21481e-10
2.9184e-10
1.91104e-10
2.74182e-10
2.09427e-10
2.4241e-10
1.96427e-10
2.33591e-10
1.93655e-10
1.7542e-10
2.24939e-10
1.27458e-10
1.98701e-10
1.30522e-10
1.6183e-10
1.01741e-10
1.49809e-10
8.92085e-11
8.43742e-11
1.17275e-10
2.95507e-11
9.02732e-11
2.57873e-11
5.80835e-11
-1.02877e-11
5.1168e-11
-2.56925e-11
-5.71788e-13
-1.77029e-11
-1.78747e-11
-1.02497e-11
-3.10802e-12
-4.43953e-13
0
