0
7.31911e-11
1.46184e-09
1.38108e-08
6.36959e-08
1.58854e-07
2.54761e-07
3.12305e-07
3.32274e-07
3.31822e-07
3.25319e-07
3.1726e-07
3.08032e-07
2.98096e-07
2.87076e-07
2.75441e-07
2.63348e-07
2.5051e-07
2.37526e-07
2.24236e-07
2.10587e-07
1.97123e-07
1.83461e-07
1.69842e-07
1.56577e-07
1.43239e-07
1.303e-07
1.17744e-07
1.05295e-07
9.34892e-08
8.20185e-08
7.08774e-08
6.04803e-08
5.03616e-08
4.08006e-08
3.19395e-08
2.33511e-08
1.54922e-08
8.1901e-09
1.22806e-09
-4.9411e-09
-1.07243e-08
-1.60488e-08
-2.0645e-08
-2.49828e-08
-2.87461e-08
-3.19486e-08
-3.49356e-08
-3.72954e-08
-3.93038e-08
-4.10584e-08
-4.22332e-08
-4.3236e-08
-4.39097e-08
-4.41455e-08
-4.43071e-08
-4.40887e-08
-4.36224e-08
-4.30887e-08
-4.21958e-08
-4.12266e-08
-4.01408e-08
-3.87965e-08
-3.74753e-08
-3.59916e-08
-3.43945e-08
-3.28333e-08
-3.11176e-08
-2.94176e-08
-2.7711e-08
-2.59247e-08
-2.42162e-08
-2.24615e-08
-2.07365e-08
-1.90717e-08
-1.73742e-08
-1.5792e-08
-1.42072e-08
-1.26679e-08
-1.12556e-08
-9.79514e-09
-8.48605e-09
-7.2342e-09
-5.95808e-09
-4.90183e-09
-3.79487e-09
-2.76479e-09
-1.93266e-09
-9.76217e-10
-2.28383e-10
4.3842e-10
1.21014e-09
1.68785e-09
2.24294e-09
2.78459e-09
3.05426e-09
3.51629e-09
3.80365e-09
3.95284e-09
4.29913e-09
4.35541e-09
4.45809e-09
4.64654e-09
4.54402e-09
4.62929e-09
4.63558e-09
4.46835e-09
4.51643e-09
4.36265e-09
4.20499e-09
4.17398e-09
3.92855e-09
3.80463e-09
3.6712e-09
3.41812e-09
3.30297e-09
3.09002e-09
2.88612e-09
2.73818e-09
2.50941e-09
2.35843e-09
2.16204e-09
1.98571e-09
1.84792e-09
1.63574e-09
1.54205e-09
1.37413e-09
1.21203e-09
1.17516e-09
9.72509e-10
9.1611e-10
8.75812e-10
6.85743e-10
7.39588e-10
6.48855e-10
5.42669e-10
6.53598e-10
5.17883e-10
5.40524e-10
6.32965e-10
5.10318e-10
6.45013e-10
6.74019e-10
6.33561e-10
8.10108e-10
7.92218e-10
8.6091e-10
1.00397e-09
1.00057e-09
1.13973e-09
1.22133e-09
1.28536e-09
1.41742e-09
1.47195e-09
1.59943e-09
1.66586e-09
1.75375e-09
1.88011e-09
1.88449e-09
2.03242e-09
2.07936e-09
2.07899e-09
2.24594e-09
2.18191e-09
2.23252e-09
2.33256e-09
2.19601e-09
2.2949e-09
2.26037e-09
2.12382e-09
2.20106e-09
2.03384e-09
1.93703e-09
1.90571e-09
1.67098e-09
1.58094e-09
1.4054e-09
1.1708e-09
1.00621e-09
7.2861e-10
5.01115e-10
2.02649e-10
-9.78463e-11
-3.79587e-10
-7.94548e-10
-1.07539e-09
-1.48307e-09
-1.93244e-09
-2.22671e-09
-2.76937e-09
-3.17668e-09
-3.55876e-09
-4.16271e-09
-4.52161e-09
-5.02821e-09
-5.59157e-09
-5.96218e-09
-6.54231e-09
-7.01522e-09
-7.45222e-09
-7.99636e-09
-8.40978e-09
-8.88955e-09
-9.3133e-09
-9.72594e-09
-1.01451e-08
-1.04473e-08
-1.08601e-08
-1.11106e-08
-1.1347e-08
-1.16706e-08
-1.17203e-08
-1.19166e-08
-1.20287e-08
-1.19255e-08
-1.20172e-08
-1.18557e-08
-1.16495e-08
-1.15144e-08
-1.11128e-08
-1.07743e-08
-1.03286e-08
-9.75551e-09
-9.1792e-09
-8.44126e-09
-7.70557e-09
-6.79993e-09
-5.85316e-09
-4.87771e-09
-3.65111e-09
-2.54439e-09
-1.24144e-09
2.07759e-10
1.51438e-09
3.14178e-09
4.72221e-09
6.30242e-09
8.14262e-09
9.84825e-09
1.17001e-08
1.36206e-08
1.55002e-08
1.75019e-08
1.94471e-08
2.1494e-08
2.34775e-08
2.54648e-08
2.75491e-08
2.94119e-08
3.14265e-08
3.33514e-08
3.50792e-08
3.69875e-08
3.86095e-08
4.0182e-08
4.17677e-08
4.30452e-08
4.43338e-08
4.54227e-08
4.63357e-08
4.71193e-08
4.76512e-08
4.80876e-08
4.81778e-08
4.81424e-08
4.78941e-08
4.72274e-08
4.65428e-08
4.5427e-08
4.40175e-08
4.2507e-08
4.04759e-08
3.82892e-08
3.57963e-08
3.29066e-08
2.98176e-08
2.63297e-08
2.26124e-08
1.85129e-08
1.41455e-08
9.547e-09
4.47904e-09
-6.5662e-10
-6.17693e-09
-1.20236e-08
-1.78959e-08
-2.42248e-08
-3.06476e-08
-3.72177e-08
-4.40807e-08
-5.09551e-08
-5.80314e-08
-6.51308e-08
-7.23342e-08
-7.95574e-08
-8.66777e-08
-9.39415e-08
-1.00927e-07
-1.07869e-07
-1.14759e-07
-1.21218e-07
-1.27649e-07
-1.33714e-07
-1.39391e-07
-1.44826e-07
-1.4973e-07
-1.54258e-07
-1.58213e-07
-1.6168e-07
-1.64561e-07
-1.66693e-07
-1.68363e-07
-1.69128e-07
-1.69189e-07
-1.68595e-07
-1.66951e-07
-1.64637e-07
-1.6138e-07
-1.57161e-07
-1.52098e-07
-1.45994e-07
-1.39012e-07
-1.3093e-07
-1.21954e-07
-1.11984e-07
-1.00869e-07
-8.90022e-08
-7.59656e-08
-6.19921e-08
-4.72091e-08
-3.13157e-08
-1.46804e-08
2.86051e-09
2.11974e-08
4.02766e-08
6.01068e-08
8.04455e-08
1.01543e-07
1.22992e-07
1.44858e-07
1.67231e-07
1.89613e-07
2.12314e-07
2.35044e-07
2.57643e-07
2.80188e-07
3.02371e-07
3.24264e-07
3.45534e-07
3.66262e-07
3.86266e-07
4.05217e-07
4.23401e-07
4.40285e-07
4.55905e-07
4.70271e-07
4.8295e-07
4.94103e-07
5.03424e-07
5.10906e-07
5.1636e-07
5.19648e-07
5.20881e-07
5.19572e-07
5.15999e-07
5.09946e-07
5.01148e-07
4.89905e-07
4.75826e-07
4.59035e-07
4.39451e-07
4.17031e-07
3.91843e-07
3.63669e-07
3.32869e-07
2.99139e-07
2.62619e-07
2.23575e-07
1.81678e-07
1.37366e-07
9.05726e-08
4.14123e-08
-9.9119e-09
-6.3372e-08
-1.18589e-07
-1.75714e-07
-2.34247e-07
-2.94068e-07
-3.55179e-07
-4.16937e-07
-4.79453e-07
-5.42304e-07
-6.05205e-07
-6.67958e-07
-7.30144e-07
-7.91677e-07
-8.51923e-07
-9.10866e-07
-9.681e-07
-1.02307e-06
-1.07586e-06
-1.12578e-06
-1.17265e-06
-1.21615e-06
-1.25588e-06
-1.29163e-06
-1.32287e-06
-1.34963e-06
-1.37129e-06
-1.38766e-06
-1.39868e-06
-1.4037e-06
-1.40284e-06
-1.39568e-06
-1.38208e-06
-1.36187e-06
-1.33482e-06
-1.30103e-06
-1.26002e-06
-1.21208e-06
-1.15704e-06
-1.09472e-06
-1.02547e-06
-9.49043e-07
-8.65722e-07
-7.75507e-07
-6.78648e-07
-5.75357e-07
-4.65643e-07
-3.50179e-07
-2.28886e-07
-1.02266e-07
2.91922e-08
1.65319e-07
3.05426e-07
4.49234e-07
5.96004e-07
7.45399e-07
8.96775e-07
1.04932e-06
1.20281e-06
1.35619e-06
1.50897e-06
1.66046e-06
1.80984e-06
1.9565e-06
2.09949e-06
2.23838e-06
2.37206e-06
2.49994e-06
2.62139e-06
2.73531e-06
2.84129e-06
2.93838e-06
3.02599e-06
3.10333e-06
3.16972e-06
3.2247e-06
3.26728e-06
3.29728e-06
3.31395e-06
3.31674e-06
3.30539e-06
3.27928e-06
3.23829e-06
3.18185e-06
3.11002e-06
3.02248e-06
2.919e-06
2.79989e-06
2.66482e-06
2.51413e-06
2.34788e-06
2.1664e-06
1.97002e-06
1.75898e-06
1.53413e-06
1.29561e-06
1.04432e-06
7.80985e-07
5.06225e-07
2.21105e-07
-7.36381e-08
-3.76727e-07
-6.87397e-07
-1.00431e-06
-1.32619e-06
-1.65208e-06
-1.98032e-06
-2.3098e-06
-2.63896e-06
-2.96647e-06
-3.29078e-06
-3.61029e-06
-3.9238e-06
-4.22934e-06
-4.52567e-06
-4.81114e-06
-5.08415e-06
-5.34327e-06
-5.58682e-06
-5.8136e-06
-6.02179e-06
-6.21027e-06
-6.37762e-06
-6.52237e-06
-6.64353e-06
-6.73971e-06
-6.81004e-06
-6.85328e-06
-6.86872e-06
-6.85555e-06
-6.81282e-06
-6.74031e-06
-6.63725e-06
-6.50347e-06
-6.33861e-06
-6.14269e-06
-5.91579e-06
-5.65782e-06
-5.36953e-06
-5.05103e-06
-4.70308e-06
-4.32645e-06
-3.92198e-06
-3.49084e-06
-3.03396e-06
-2.55306e-06
-2.04927e-06
-1.52433e-06
-9.80069e-07
-4.18181e-07
1.59158e-07
7.50075e-07
1.35203e-06
1.96302e-06
2.58049e-06
3.20184e-06
3.82476e-06
4.44633e-06
5.0641e-06
5.67506e-06
6.27672e-06
6.86614e-06
7.44039e-06
7.99698e-06
8.53281e-06
9.04533e-06
9.53166e-06
9.98929e-06
1.04155e-05
1.08078e-05
1.11639e-05
1.14812e-05
1.17577e-05
1.19913e-05
1.21801e-05
1.23223e-05
1.24162e-05
1.24606e-05
1.24539e-05
1.23954e-05
1.2284e-05
1.21193e-05
1.19008e-05
1.16281e-05
1.13017e-05
1.09214e-05
1.04881e-05
1.00023e-05
9.4652e-06
8.87796e-06
8.24199e-06
7.55932e-06
6.83151e-06
6.06109e-06
5.25037e-06
4.40201e-06
3.51891e-06
2.60405e-06
1.66095e-06
6.9269e-07
-2.96765e-07
-1.30378e-06
-2.32442e-06
-3.35456e-06
-4.39013e-06
-5.4266e-06
-6.46e-06
-7.48553e-06
-8.4989e-06
-9.4956e-06
-1.04711e-05
-1.14209e-05
-1.23405e-05
-1.32257e-05
-1.40718e-05
-1.48749e-05
-1.56307e-05
-1.63352e-05
-1.69847e-05
-1.75753e-05
-1.81039e-05
-1.85669e-05
-1.89614e-05
-1.92846e-05
-1.9534e-05
-1.97073e-05
-1.98025e-05
-1.98183e-05
-1.97529e-05
-1.96056e-05
-1.93756e-05
-1.90627e-05
-1.86668e-05
-1.81883e-05
-1.76282e-05
-1.69873e-05
-1.62672e-05
-1.54697e-05
-1.45971e-05
-1.36519e-05
-1.26369e-05
-1.15557e-05
-1.04114e-05
-9.20818e-06
-7.95015e-06
-6.64191e-06
-5.28812e-06
-3.8938e-06
-2.46447e-06
-1.00526e-06
4.77802e-07
1.97907e-06
3.49231e-06
5.01152e-06
6.53041e-06
8.04244e-06
9.54153e-06
1.10209e-05
1.24745e-05
1.38956e-05
1.52781e-05
1.66156e-05
1.7902e-05
1.91315e-05
2.0298e-05
2.13961e-05
2.24203e-05
2.33656e-05
2.4227e-05
2.5e-05
2.56804e-05
2.62643e-05
2.67483e-05
2.7129e-05
2.74041e-05
2.7571e-05
2.76279e-05
2.75735e-05
2.74067e-05
2.71273e-05
2.67348e-05
2.62303e-05
2.56143e-05
2.48885e-05
2.40546e-05
2.31152e-05
2.20733e-05
2.09318e-05
1.9695e-05
1.83668e-05
1.6952e-05
1.54557e-05
1.38833e-05
1.22408e-05
1.05341e-05
8.77002e-06
6.95516e-06
5.09686e-06
3.20211e-06
1.2788e-06
-6.65515e-07
-2.62295e-06
-4.58543e-06
-6.54497e-06
-8.49323e-06
-1.04224e-05
-1.2324e-05
-1.41902e-05
-1.60128e-05
-1.77842e-05
-1.94966e-05
-2.11423e-05
-2.27144e-05
-2.42056e-05
-2.56095e-05
-2.69193e-05
-2.81294e-05
-2.92339e-05
-3.02276e-05
-3.11059e-05
-3.18643e-05
-3.24991e-05
-3.30067e-05
-3.33846e-05
-3.36302e-05
-3.3742e-05
-3.37187e-05
-3.35597e-05
-3.32651e-05
-3.28351e-05
-3.22711e-05
-3.15746e-05
-3.0748e-05
-2.97939e-05
-2.87158e-05
-2.75177e-05
-2.62037e-05
-2.4779e-05
-2.32488e-05
-2.16193e-05
-1.98965e-05
-1.80874e-05
-1.61989e-05
-1.42387e-05
-1.22145e-05
-1.01344e-05
-8.00697e-06
-5.84054e-06
-3.64421e-06
-1.42667e-06
8.02739e-07
3.03515e-06
5.26121e-06
7.47172e-06
9.65768e-06
1.18099e-05
1.39196e-05
1.59777e-05
1.79761e-05
1.99061e-05
2.17598e-05
2.35293e-05
2.52073e-05
2.67868e-05
2.8261e-05
2.9624e-05
3.08697e-05
3.19932e-05
3.29894e-05
3.38545e-05
3.45845e-05
3.51766e-05
3.5628e-05
3.5937e-05
3.61023e-05
3.6123e-05
3.59992e-05
3.57313e-05
3.53205e-05
3.47684e-05
3.40773e-05
3.32503e-05
3.22907e-05
3.12026e-05
2.99904e-05
2.86595e-05
2.72152e-05
2.56637e-05
2.40114e-05
2.22653e-05
2.04327e-05
1.85211e-05
1.65387e-05
1.44936e-05
1.23944e-05
1.02497e-05
8.06863e-06
5.85997e-06
3.63303e-06
1.39684e-06
-8.39285e-07
-3.06612e-06
-5.27475e-06
-7.45591e-06
-9.60098e-06
-1.17009e-05
-1.37477e-05
-1.57326e-05
-1.76481e-05
-1.94863e-05
-2.124e-05
-2.29024e-05
-2.44667e-05
-2.59273e-05
-2.72783e-05
-2.85148e-05
-2.96318e-05
-3.06258e-05
-3.14927e-05
-3.22299e-05
-3.28348e-05
-3.33055e-05
-3.36408e-05
-3.38399e-05
-3.39027e-05
-3.38295e-05
-3.36217e-05
-3.32803e-05
-3.28079e-05
-3.22068e-05
-3.14804e-05
-3.06324e-05
-2.96669e-05
-2.85886e-05
-2.74025e-05
-2.61144e-05
-2.47298e-05
-2.32554e-05
-2.16976e-05
-2.00635e-05
-1.83601e-05
-1.6595e-05
-1.47759e-05
-1.29106e-05
-1.10071e-05
-9.07333e-06
-7.1178e-06
-5.1483e-06
-3.17336e-06
-1.20089e-06
7.60818e-07
2.70398e-06
4.62068e-06
6.5032e-06
8.3442e-06
1.01363e-05
1.18728e-05
1.35467e-05
1.5152e-05
1.66823e-05
1.81324e-05
1.94967e-05
2.07706e-05
2.19496e-05
2.30296e-05
2.40073e-05
2.48793e-05
2.56435e-05
2.62974e-05
2.68396e-05
2.72686e-05
2.75843e-05
2.77861e-05
2.78746e-05
2.78503e-05
2.77147e-05
2.74696e-05
2.71168e-05
2.66592e-05
2.60996e-05
2.54416e-05
2.46888e-05
2.38455e-05
2.29161e-05
2.19055e-05
2.08185e-05
1.96608e-05
1.84377e-05
1.71552e-05
1.58192e-05
1.44358e-05
1.30113e-05
1.1552e-05
1.00646e-05
8.5552e-06
7.03057e-06
5.49699e-06
3.96108e-06
2.42902e-06
9.07162e-07
-5.98293e-07
-2.08149e-06
-3.53643e-06
-4.95775e-06
-6.33969e-06
-7.6774e-06
-8.9657e-06
-1.02002e-05
-1.13763e-05
-1.24902e-05
-1.35379e-05
-1.45163e-05
-1.54221e-05
-1.62526e-05
-1.70057e-05
-1.76792e-05
-1.82716e-05
-1.87814e-05
-1.9208e-05
-1.95507e-05
-1.98095e-05
-1.99844e-05
-2.00762e-05
-2.00855e-05
-2.00138e-05
-1.98624e-05
-1.96334e-05
-1.93289e-05
-1.89512e-05
-1.85033e-05
-1.79879e-05
-1.74085e-05
-1.67682e-05
-1.6071e-05
-1.53205e-05
-1.45208e-05
-1.36759e-05
-1.27902e-05
-1.1868e-05
-1.09137e-05
-9.93195e-06
-8.92706e-06
-7.90383e-06
-6.86655e-06
-5.8201e-06
-4.76867e-06
-3.71698e-06
-2.66911e-06
-1.62962e-06
-6.02483e-07
4.08147e-07
1.39847e-06
2.36471e-06
3.30321e-06
4.21075e-06
5.08396e-06
5.92008e-06
6.71604e-06
7.46959e-06
8.17812e-06
8.83986e-06
9.45264e-06
1.00151e-05
1.05257e-05
1.09835e-05
1.13876e-05
1.17372e-05
1.20321e-05
1.22721e-05
1.24574e-05
1.25882e-05
1.26652e-05
1.26889e-05
1.26607e-05
1.25814e-05
1.24527e-05
1.22759e-05
1.2053e-05
1.17857e-05
1.14762e-05
1.11265e-05
1.0739e-05
1.03163e-05
9.86064e-06
9.37487e-06
8.86147e-06
8.32344e-06
7.76329e-06
7.18412e-06
6.58848e-06
5.97956e-06
5.35989e-06
4.73257e-06
4.10016e-06
3.46563e-06
2.83155e-06
2.20064e-06
1.57542e-06
9.58374e-07
3.52e-07
-2.41563e-07
-8.19948e-07
-1.38133e-06
-1.92344e-06
-2.44478e-06
-2.94334e-06
-3.41792e-06
-3.86676e-06
-4.28888e-06
-4.68289e-06
-5.04807e-06
-5.38341e-06
-5.68834e-06
-5.96224e-06
-6.20477e-06
-6.41573e-06
-6.59491e-06
-6.7425e-06
-6.85846e-06
-6.94338e-06
-6.9974e-06
-7.02136e-06
-7.01562e-06
-6.98128e-06
-6.91894e-06
-6.82986e-06
-6.71483e-06
-6.57526e-06
-6.41218e-06
-6.22707e-06
-6.02118e-06
-5.79595e-06
-5.55287e-06
-5.29341e-06
-5.0192e-06
-4.73162e-06
-4.43246e-06
-4.12306e-06
-3.8053e-06
-3.48044e-06
-3.15035e-06
-2.81627e-06
-2.48004e-06
-2.14285e-06
-1.80643e-06
-1.47191e-06
-1.1409e-06
-8.14532e-07
-4.94196e-07
-1.80975e-07
1.23967e-07
4.19547e-07
7.04826e-07
9.78786e-07
1.24076e-06
1.48978e-06
1.72539e-06
1.94669e-06
2.15347e-06
2.34498e-06
2.52117e-06
2.68139e-06
2.82576e-06
2.95385e-06
3.06588e-06
3.16159e-06
3.24128e-06
3.3049e-06
3.35283e-06
3.38524e-06
3.40252e-06
3.40504e-06
3.39319e-06
3.36758e-06
3.32861e-06
3.27702e-06
3.21321e-06
3.13808e-06
3.05205e-06
2.95612e-06
2.8507e-06
2.73684e-06
2.615e-06
2.48628e-06
2.35113e-06
2.21064e-06
2.06528e-06
1.91611e-06
1.76368e-06
1.60893e-06
1.45245e-06
1.29506e-06
1.13742e-06
9.80243e-07
8.24213e-07
6.69886e-07
5.17974e-07
3.6892e-07
2.23457e-07
8.18753e-08
-5.51161e-08
-1.87345e-07
-3.14106e-07
-4.35329e-07
-5.50374e-07
-6.59283e-07
-7.61476e-07
-8.57044e-07
-9.45491e-07
-1.02698e-06
-1.10112e-06
-1.16812e-06
-1.22769e-06
-1.28002e-06
-1.32498e-06
-1.36277e-06
-1.39339e-06
-1.417e-06
-1.43374e-06
-1.44374e-06
-1.44728e-06
-1.44448e-06
-1.4357e-06
-1.42102e-06
-1.40091e-06
-1.37545e-06
-1.3452e-06
-1.31017e-06
-1.27098e-06
-1.22765e-06
-1.18084e-06
-1.13058e-06
-1.07751e-06
-1.02165e-06
-9.63662e-07
-9.03582e-07
-8.42047e-07
-7.79099e-07
-7.15316e-07
-6.50771e-07
-5.85996e-07
-5.21102e-07
-4.56536e-07
-3.92429e-07
-3.29141e-07
-2.66857e-07
-2.05855e-07
-1.46349e-07
-8.85094e-08
-3.2578e-08
2.13576e-08
7.30113e-08
1.22389e-07
1.69195e-07
2.13528e-07
2.55068e-07
2.93975e-07
3.29917e-07
3.63133e-07
3.93302e-07
4.20712e-07
4.45039e-07
4.66605e-07
4.8511e-07
5.00919e-07
5.1376e-07
5.24001e-07
5.31392e-07
5.36308e-07
5.38551e-07
5.38493e-07
5.35976e-07
5.31341e-07
5.24472e-07
5.15693e-07
5.04951e-07
4.92532e-07
4.78425e-07
4.62864e-07
4.45896e-07
4.27717e-07
4.08432e-07
3.88179e-07
3.67101e-07
3.45281e-07
3.22916e-07
3.00045e-07
2.76908e-07
2.5348e-07
2.30029e-07
2.06484e-07
1.83154e-07
1.59926e-07
1.37129e-07
1.14596e-07
9.26732e-08
7.11622e-08
5.0429e-08
3.02451e-08
1.09736e-08
-7.64887e-09
-2.52586e-08
-4.21313e-08
-5.79025e-08
-7.28652e-08
-8.66752e-08
-9.96391e-08
-1.11425e-07
-1.22334e-07
-1.32052e-07
-1.40881e-07
-1.4854e-07
-1.55327e-07
-1.60982e-07
-1.65781e-07
-1.69494e-07
-1.72387e-07
-1.74267e-07
-1.75382e-07
-1.75564e-07
-1.75032e-07
-1.73653e-07
-1.71625e-07
-1.68854e-07
-1.65509e-07
-1.61524e-07
-1.57031e-07
-1.52e-07
-1.46539e-07
-1.40655e-07
-1.34422e-07
-1.27869e-07
-1.21036e-07
-1.13984e-07
-1.06724e-07
-9.9351e-08
-9.18432e-08
-8.43152e-08
-7.67101e-08
-6.91693e-08
-6.16111e-08
-5.42028e-08
-4.68319e-08
-3.96805e-08
-3.26062e-08
-2.58121e-08
-1.91355e-08
-1.27993e-08
-6.61463e-09
-8.13547e-10
4.81834e-09
1.00337e-08
1.50617e-08
1.96396e-08
2.40159e-08
2.79235e-08
3.16312e-08
3.48629e-08
3.78977e-08
4.04482e-08
4.28056e-08
4.46802e-08
4.63782e-08
4.76057e-08
4.86753e-08
4.92856e-08
4.97559e-08
4.97844e-08
4.96998e-08
4.91986e-08
4.86121e-08
4.76323e-08
4.65932e-08
4.51877e-08
4.37556e-08
4.19902e-08
4.02306e-08
3.81665e-08
3.6136e-08
3.38303e-08
3.15909e-08
2.9112e-08
2.67332e-08
2.41454e-08
2.16836e-08
1.9039e-08
1.65481e-08
1.39064e-08
1.14499e-08
8.87227e-09
6.50291e-09
4.0332e-09
1.79125e-09
-5.27319e-10
-2.59332e-09
-4.71053e-09
-6.55542e-09
-8.43584e-09
-1.00326e-08
-1.16519e-08
-1.2973e-08
-1.42991e-08
-1.53121e-08
-1.63194e-08
-1.70086e-08
-1.76892e-08
-1.80485e-08
-1.8393e-08
-1.8409e-08
-1.8405e-08
-1.80725e-08
-1.7725e-08
-1.7056e-08
-1.63782e-08
-1.53821e-08
-1.43799e-08
-1.30642e-08
-1.17531e-08
-1.01432e-08
-8.55527e-09
-6.68312e-09
-4.84584e-09
-2.73552e-09
-6.75653e-10
1.63759e-09
3.87507e-09
6.3412e-09
8.70792e-09
1.12839e-08
1.37397e-08
1.63818e-08
1.88741e-08
2.15213e-08
2.39868e-08
2.65794e-08
2.89642e-08
3.14503e-08
3.3698e-08
3.60132e-08
3.80545e-08
4.01304e-08
4.19031e-08
4.36827e-08
4.51302e-08
4.65521e-08
4.76087e-08
4.8607e-08
4.9213e-08
4.97347e-08
4.98407e-08
4.98343e-08
4.93869e-08
4.88002e-08
4.77548e-08
4.65519e-08
4.48789e-08
4.30295e-08
4.06976e-08
3.81727e-08
3.51634e-08
3.19569e-08
2.82742e-08
2.43912e-08
2.00388e-08
1.54841e-08
1.04784e-08
5.28431e-09
-3.27506e-10
-6.10987e-09
-1.22774e-08
-1.8598e-08
-2.52609e-08
-3.20433e-08
-3.91081e-08
-4.62522e-08
-5.36183e-08
-6.10244e-08
-6.85831e-08
-7.61274e-08
-8.37389e-08
-9.12764e-08
-9.8797e-08
-1.06186e-07
-1.13465e-07
-1.20541e-07
-1.27401e-07
-1.33983e-07
-1.40251e-07
-1.46173e-07
-1.51675e-07
-1.56751e-07
-1.61292e-07
-1.6533e-07
-1.68731e-07
-1.71561e-07
-1.73652e-07
-1.75097e-07
-1.75698e-07
-1.75588e-07
-1.74547e-07
-1.72744e-07
-1.6993e-07
-1.66299e-07
-1.61582e-07
-1.56012e-07
-1.4931e-07
-1.41736e-07
-1.32993e-07
-1.23362e-07
-1.12538e-07
-1.00837e-07
-8.79558e-08
-7.42271e-08
-5.93433e-08
-4.36481e-08
-2.68482e-08
-9.30746e-09
9.25038e-09
2.84621e-08
4.85916e-08
6.92762e-08
9.07451e-08
1.12633e-07
1.35137e-07
1.57914e-07
1.81131e-07
2.04458e-07
2.28009e-07
2.51476e-07
2.7493e-07
2.98103e-07
3.21021e-07
3.43443e-07
3.65333e-07
3.8649e-07
4.06836e-07
4.26224e-07
4.44518e-07
4.61612e-07
4.77312e-07
4.91568e-07
5.04149e-07
5.15063e-07
5.24026e-07
5.31088e-07
5.35927e-07
5.38657e-07
5.38937e-07
5.36925e-07
5.32247e-07
5.251e-07
5.1511e-07
5.02526e-07
4.86978e-07
4.68736e-07
4.47436e-07
4.23376e-07
3.96232e-07
3.66329e-07
3.33376e-07
2.97692e-07
2.59038e-07
2.17744e-07
1.7365e-07
1.27072e-07
7.79118e-08
2.64628e-08
-2.72822e-08
-8.30386e-08
-1.40721e-07
-2.00086e-07
-2.60968e-07
-3.23154e-07
-3.86366e-07
-4.50422e-07
-5.14962e-07
-5.79855e-07
-6.44658e-07
-7.09259e-07
-7.73127e-07
-8.3619e-07
-8.97871e-07
-9.5813e-07
-1.01633e-06
-1.07243e-06
-1.12577e-06
-1.17634e-06
-1.22349e-06
-1.26719e-06
-1.30679e-06
-1.34225e-06
-1.37298e-06
-1.39893e-06
-1.41957e-06
-1.4348e-06
-1.44416e-06
-1.44757e-06
-1.44466e-06
-1.4353e-06
-1.41924e-06
-1.39631e-06
-1.36638e-06
-1.3293e-06
-1.28506e-06
-1.23346e-06
-1.17462e-06
-1.10835e-06
-1.03493e-06
-9.54159e-07
-8.6642e-07
-7.71545e-07
-6.70027e-07
-5.61773e-07
-4.47357e-07
-3.26734e-07
-2.00542e-07
-6.88448e-08
6.76549e-08
2.08789e-07
3.53851e-07
5.02555e-07
6.54172e-07
8.0826e-07
9.64113e-07
1.12117e-06
1.27877e-06
1.43618e-06
1.59276e-06
1.74768e-06
1.90035e-06
2.04984e-06
2.1956e-06
2.33658e-06
2.47228e-06
2.60165e-06
2.72421e-06
2.83887e-06
2.94517e-06
3.04206e-06
3.12913e-06
3.20538e-06
3.27038e-06
3.32322e-06
3.36352e-06
3.39052e-06
3.40381e-06
3.4028e-06
3.38708e-06
3.35626e-06
3.30997e-06
3.24802e-06
3.17004e-06
3.07605e-06
2.96576e-06
2.83942e-06
2.69679e-06
2.5383e-06
2.36384e-06
2.17402e-06
1.96891e-06
1.74923e-06
1.5152e-06
1.2677e-06
1.00718e-06
7.34597e-07
4.50614e-07
1.5624e-07
-1.47596e-07
-4.59817e-07
-7.79269e-07
-1.10488e-06
-1.43525e-06
-1.76927e-06
-2.10534e-06
-2.44232e-06
-2.7785e-06
-3.1127e-06
-3.44306e-06
-3.76835e-06
-4.08673e-06
-4.39691e-06
-4.69703e-06
-4.98574e-06
-5.26126e-06
-5.52222e-06
-5.76696e-06
-5.99402e-06
-6.20192e-06
-6.38921e-06
-6.55462e-06
-6.69668e-06
-6.81435e-06
-6.90621e-06
-6.97148e-06
-7.00886e-06
-7.01777e-06
-6.99708e-06
-6.94643e-06
-6.86497e-06
-6.75253e-06
-6.60852e-06
-6.43297e-06
-6.22566e-06
-5.98681e-06
-5.71658e-06
-5.41531e-06
-5.08359e-06
-4.72199e-06
-4.33148e-06
-3.91279e-06
-3.46728e-06
-2.99592e-06
-2.50044e-06
-1.98204e-06
-1.44268e-06
-8.83887e-07
-3.07885e-07
2.83508e-07
8.87942e-07
1.50329e-06
2.12707e-06
2.75681e-06
3.39e-06
4.02393e-06
4.65606e-06
5.28339e-06
5.9034e-06
6.51298e-06
7.10962e-06
7.69012e-06
8.25195e-06
8.79198e-06
9.30773e-06
9.79619e-06
1.02549e-05
1.0681e-05
1.10721e-05
1.14258e-05
1.17396e-05
1.20115e-05
1.22393e-05
1.24212e-05
1.25553e-05
1.26403e-05
1.26743e-05
1.26566e-05
1.25859e-05
1.24615e-05
1.22827e-05
1.20494e-05
1.17612e-05
1.14183e-05
1.10211e-05
1.057e-05
1.00662e-05
9.51042e-06
8.90426e-06
8.24902e-06
7.54684e-06
6.79946e-06
6.00947e-06
5.17907e-06
4.31132e-06
3.40894e-06
2.47527e-06
1.51352e-06
5.27307e-07
-4.79618e-07
-1.50348e-06
-2.54014e-06
-3.58565e-06
-4.63547e-06
-5.68555e-06
-6.73116e-06
-7.76815e-06
-8.79164e-06
-9.79734e-06
-1.07805e-05
-1.17368e-05
-1.26615e-05
-1.35503e-05
-1.43989e-05
-1.52028e-05
-1.59582e-05
-1.66608e-05
-1.73069e-05
-1.78928e-05
-1.84152e-05
-1.88705e-05
-1.92561e-05
-1.9569e-05
-1.98069e-05
-1.99673e-05
-2.00486e-05
-2.00491e-05
-1.99676e-05
-1.98031e-05
-1.95549e-05
-1.9223e-05
-1.88072e-05
-1.83084e-05
-1.77271e-05
-1.70647e-05
-1.63226e-05
-1.55029e-05
-1.46078e-05
-1.36401e-05
-1.26026e-05
-1.14988e-05
-1.03324e-05
-9.10724e-06
-7.82786e-06
-6.49859e-06
-5.12458e-06
-3.71066e-06
-2.26251e-06
-7.85484e-07
7.14463e-07
2.23151e-06
3.75948e-06
5.29206e-06
6.82308e-06
8.34596e-06
9.85446e-06
1.13418e-05
1.28018e-05
1.42279e-05
1.56138e-05
1.69531e-05
1.82399e-05
1.9468e-05
2.06317e-05
2.17254e-05
2.27436e-05
2.36814e-05
2.45338e-05
2.52966e-05
2.59651e-05
2.65361e-05
2.70056e-05
2.7371e-05
2.76293e-05
2.77786e-05
2.78169e-05
2.7743e-05
2.75561e-05
2.72556e-05
2.68419e-05
2.63154e-05
2.56772e-05
2.49289e-05
2.40726e-05
2.31106e-05
2.20461e-05
2.08825e-05
1.96238e-05
1.82742e-05
1.68384e-05
1.53219e-05
1.373e-05
1.20689e-05
1.03445e-05
8.56381e-06
6.73346e-06
4.86077e-06
2.95305e-06
1.01796e-06
-9.3662e-07
-2.90296e-06
-4.87279e-06
-6.83822e-06
-8.79078e-06
-1.07227e-05
-1.26254e-05
-1.44912e-05
-1.63118e-05
-1.80795e-05
-1.97867e-05
-2.14258e-05
-2.29898e-05
-2.44713e-05
-2.58642e-05
-2.71618e-05
-2.83583e-05
-2.9448e-05
-3.0426e-05
-3.12873e-05
-3.20279e-05
-3.2644e-05
-3.31323e-05
-3.34902e-05
-3.37153e-05
-3.38063e-05
-3.37617e-05
-3.35814e-05
-3.32652e-05
-3.28139e-05
-3.22287e-05
-3.15113e-05
-3.06642e-05
-2.96901e-05
-2.85927e-05
-2.73758e-05
-2.60441e-05
-2.46024e-05
-2.30566e-05
-2.14122e-05
-1.96759e-05
-1.78545e-05
-1.59551e-05
-1.39854e-05
-1.1953e-05
-9.8665e-06
-7.73391e-06
-5.56417e-06
-3.36587e-06
-1.14822e-06
1.0799e-06
3.30931e-06
5.53073e-06
7.73516e-06
9.91332e-06
1.20565e-05
1.41553e-05
1.62015e-05
1.81864e-05
2.01017e-05
2.19395e-05
2.3692e-05
2.5352e-05
2.69125e-05
2.8367e-05
2.97093e-05
3.09341e-05
3.20359e-05
3.30102e-05
3.3853e-05
3.45607e-05
3.51303e-05
3.55595e-05
3.58465e-05
3.599e-05
3.59896e-05
3.5845e-05
3.55572e-05
3.51273e-05
3.4557e-05
3.38488e-05
3.30057e-05
3.20314e-05
3.09296e-05
2.97055e-05
2.83638e-05
2.69105e-05
2.53514e-05
2.36932e-05
2.1943e-05
2.01078e-05
1.81955e-05
1.6214e-05
1.41718e-05
1.2077e-05
9.93861e-06
7.76538e-06
5.56643e-06
3.35073e-06
1.12741e-06
-1.09419e-06
-3.30526e-06
-5.49646e-06
-7.65914e-06
-9.78417e-06
-1.18633e-05
-1.38879e-05
-1.585e-05
-1.77416e-05
-1.95553e-05
-2.12841e-05
-2.29208e-05
-2.44595e-05
-2.58939e-05
-2.72189e-05
-2.84292e-05
-2.95205e-05
-3.04889e-05
-3.13308e-05
-3.20436e-05
-3.26246e-05
-3.30725e-05
-3.33858e-05
-3.3564e-05
-3.36071e-05
-3.35155e-05
-3.32905e-05
-3.29336e-05
-3.24472e-05
-3.18337e-05
-3.10967e-05
-3.02397e-05
-2.92671e-05
-2.81836e-05
-2.69941e-05
-2.57045e-05
-2.43205e-05
-2.28485e-05
-2.12951e-05
-1.96673e-05
-1.79721e-05
-1.62171e-05
-1.44099e-05
-1.25582e-05
-1.06701e-05
-8.75337e-06
-6.81646e-06
-4.86711e-06
-2.91366e-06
-9.64042e-07
9.73686e-07
2.89166e-06
4.78234e-06
6.63784e-06
8.45119e-06
1.0215e-05
1.19227e-05
1.35675e-05
1.51434e-05
1.66446e-05
1.80652e-05
1.94005e-05
2.06455e-05
2.17963e-05
2.28486e-05
2.37993e-05
2.46453e-05
2.53843e-05
2.60142e-05
2.65334e-05
2.69412e-05
2.72366e-05
2.74199e-05
2.74913e-05
2.74518e-05
2.73026e-05
2.70455e-05
2.6683e-05
2.62172e-05
2.56516e-05
2.49893e-05
2.42345e-05
2.33909e-05
2.24633e-05
2.14564e-05
2.03752e-05
1.92251e-05
1.80115e-05
1.67404e-05
1.54175e-05
1.40489e-05
1.26411e-05
1.11999e-05
9.73201e-06
8.24359e-06
6.74131e-06
5.23122e-06
3.71984e-06
2.21344e-06
7.18004e-07
-7.60256e-07
-2.21569e-06
-3.64228e-06
-5.03489e-06
-6.388e-06
-7.69659e-06
-8.95598e-06
-1.01615e-05
-1.13091e-05
-1.23947e-05
-1.34148e-05
-1.43661e-05
-1.52456e-05
-1.60508e-05
-1.67793e-05
-1.74295e-05
-1.79995e-05
-1.84885e-05
-1.88954e-05
-1.922e-05
-1.9462e-05
-1.96218e-05
-1.97e-05
-1.96974e-05
-1.96156e-05
-1.94558e-05
-1.92201e-05
-1.89106e-05
-1.85299e-05
-1.80807e-05
-1.75657e-05
-1.69885e-05
-1.63523e-05
-1.56607e-05
-1.49176e-05
-1.41268e-05
-1.32926e-05
-1.24189e-05
-1.15103e-05
-1.05709e-05
-9.60532e-06
-8.61791e-06
-7.61321e-06
-6.5957e-06
-5.56966e-06
-4.53985e-06
-3.51023e-06
-2.48532e-06
-1.46918e-06
-4.65929e-07
5.20505e-07
1.48649e-06
2.42804e-06
3.3421e-06
4.22512e-06
5.07411e-06
5.88616e-06
6.65858e-06
7.38907e-06
8.07505e-06
8.71495e-06
9.3067e-06
9.8489e-06
1.03402e-05
1.07797e-05
1.11665e-05
1.14999e-05
1.17799e-05
1.20062e-05
1.2179e-05
1.22986e-05
1.23657e-05
1.23811e-05
1.23456e-05
1.22608e-05
1.21277e-05
1.1948e-05
1.17236e-05
1.14561e-05
1.11478e-05
1.08006e-05
1.04171e-05
9.99945e-06
9.55018e-06
9.07198e-06
8.56731e-06
8.03904e-06
7.48968e-06
6.92231e-06
6.33941e-06
5.74388e-06
5.13864e-06
4.52617e-06
3.90946e-06
3.29097e-06
2.67359e-06
2.05961e-06
1.45166e-06
8.52275e-07
2.63455e-07
-3.12258e-07
-8.72983e-07
-1.41654e-06
-1.94123e-06
-2.44523e-06
-2.92675e-06
-3.38469e-06
-3.8173e-06
-4.22362e-06
-4.60248e-06
-4.95302e-06
-5.27445e-06
-5.56599e-06
-5.82751e-06
-6.05824e-06
-6.25825e-06
-6.42742e-06
-6.56573e-06
-6.6735e-06
-6.75088e-06
-6.79862e-06
-6.81691e-06
-6.80668e-06
-6.76872e-06
-6.7037e-06
-6.61286e-06
-6.49703e-06
-6.35759e-06
-6.19549e-06
-6.0122e-06
-5.80911e-06
-5.58731e-06
-5.34862e-06
-5.09422e-06
-4.82577e-06
-4.54468e-06
-4.25255e-06
-3.951e-06
-3.64127e-06
-3.32532e-06
-3.00432e-06
-2.67989e-06
-2.35356e-06
-2.02666e-06
-1.70074e-06
-1.3769e-06
-1.05681e-06
-7.41429e-07
-4.32026e-07
-1.29942e-07
1.64055e-07
4.48684e-07
7.23204e-07
9.86545e-07
1.23808e-06
1.47707e-06
1.70262e-06
1.91457e-06
2.11206e-06
2.29485e-06
2.46258e-06
2.61494e-06
2.75183e-06
2.87291e-06
2.97849e-06
3.06825e-06
3.14242e-06
3.20129e-06
3.2448e-06
3.27348e-06
3.28748e-06
3.28738e-06
3.27343e-06
3.24617e-06
3.20633e-06
3.15409e-06
3.09042e-06
3.01579e-06
2.93084e-06
2.83636e-06
2.73293e-06
2.6215e-06
2.50246e-06
2.37691e-06
2.24546e-06
2.10871e-06
1.96776e-06
1.82302e-06
1.67546e-06
1.52566e-06
1.37445e-06
1.22252e-06
1.07035e-06
9.18991e-07
7.68673e-07
6.20206e-07
4.74234e-07
3.31093e-07
1.91525e-07
5.58106e-08
-7.53601e-08
-2.01815e-07
-3.23062e-07
-4.38595e-07
-5.48489e-07
-6.52067e-07
-7.49315e-07
-8.40017e-07
-9.23916e-07
-1.00101e-06
-1.071e-06
-1.13415e-06
-1.19008e-06
-1.23897e-06
-1.28099e-06
-1.31584e-06
-1.344e-06
-1.36535e-06
-1.38012e-06
-1.38848e-06
-1.39057e-06
-1.38677e-06
-1.377e-06
-1.36187e-06
-1.34145e-06
-1.31593e-06
-1.28591e-06
-1.25135e-06
-1.2128e-06
-1.17045e-06
-1.1247e-06
-1.07587e-06
-1.02413e-06
-9.70162e-07
-9.13889e-07
-8.5586e-07
-7.96478e-07
-7.35757e-07
-6.74332e-07
-6.12283e-07
-5.50032e-07
-4.87774e-07
-4.25795e-07
-3.64516e-07
-3.03826e-07
-2.44369e-07
-1.86143e-07
-1.29271e-07
-7.42509e-08
-2.0934e-08
3.02995e-08
7.94199e-08
1.26222e-07
1.70592e-07
2.1259e-07
2.51779e-07
2.88486e-07
3.22441e-07
3.53501e-07
3.8197e-07
4.07484e-07
4.30259e-07
4.50222e-07
4.67417e-07
4.8192e-07
4.93605e-07
5.02861e-07
5.09384e-07
5.13437e-07
5.15233e-07
5.14493e-07
5.11701e-07
5.06744e-07
4.99756e-07
4.90926e-07
4.80259e-07
4.68057e-07
4.54159e-07
4.38996e-07
4.22555e-07
4.04801e-07
3.86265e-07
3.66658e-07
3.46311e-07
3.25401e-07
3.03849e-07
2.81988e-07
2.59742e-07
2.37422e-07
2.14949e-07
1.92482e-07
1.70313e-07
1.4813e-07
1.26432e-07
1.05128e-07
8.41554e-08
6.39196e-08
4.41713e-08
2.51536e-08
6.8583e-09
-1.06602e-08
-2.72917e-08
-4.31991e-08
-5.8013e-08
-7.20335e-08
-8.51324e-08
-9.7076e-08
-1.08281e-07
-1.18353e-07
-1.27442e-07
-1.35648e-07
-1.42764e-07
-1.4901e-07
-1.54223e-07
-1.58597e-07
-1.62014e-07
-1.64494e-07
-1.66308e-07
-1.67073e-07
-1.67185e-07
-1.66595e-07
-1.651e-07
-1.63141e-07
-1.60432e-07
-1.57135e-07
-1.53348e-07
-1.48983e-07
-1.44239e-07
-1.38959e-07
-1.33432e-07
-1.27511e-07
-1.21218e-07
-1.14892e-07
-1.08127e-07
-1.01304e-07
-9.44299e-08
-8.72703e-08
-8.02468e-08
-7.31128e-08
-6.5991e-08
-5.89657e-08
-5.19558e-08
-4.51402e-08
-3.83286e-08
-3.18024e-08
-2.54165e-08
-1.91173e-08
-1.32678e-08
-7.43739e-09
-1.92688e-09
3.20514e-09
8.27535e-09
1.28816e-08
1.72622e-08
2.13799e-08
2.512e-08
2.86351e-08
3.17551e-08
3.46797e-08
3.72108e-08
3.94387e-08
4.15137e-08
4.30704e-08
4.45281e-08
4.56939e-08
4.64298e-08
4.7149e-08
4.74505e-08
4.75397e-08
4.75035e-08
4.71211e-08
4.66428e-08
4.59124e-08
4.50519e-08
4.40146e-08
4.27764e-08
4.1548e-08
4.00099e-08
3.84835e-08
3.69058e-08
3.50399e-08
3.33526e-08
3.14661e-08
2.94878e-08
2.76592e-08
2.56066e-08
2.3649e-08
2.16928e-08
1.96709e-08
1.77484e-08
1.5767e-08
1.39056e-08
1.20009e-08
1.01627e-08
8.46864e-09
6.63786e-09
5.06505e-09
3.49005e-09
1.8662e-09
5.61324e-10
-8.87851e-10
-2.1924e-09
-3.30227e-09
-4.53346e-09
-5.51485e-09
-6.4688e-09
-7.38277e-09
-8.12785e-09
-8.87612e-09
-9.46362e-09
-1.00487e-08
-1.0507e-08
-1.08586e-08
-1.12739e-08
-1.1423e-08
-1.16435e-08
-1.18195e-08
-1.17424e-08
-1.18604e-08
-1.17629e-08
-1.15813e-08
-1.15461e-08
-1.12367e-08
-1.10142e-08
-1.07774e-08
-1.03779e-08
-1.00886e-08
-9.68197e-09
-9.28129e-09
-8.869e-09
-8.40015e-09
-7.99709e-09
-7.46273e-09
-7.03492e-09
-6.57059e-09
-5.99843e-09
-5.63517e-09
-5.07853e-09
-4.57805e-09
-4.22466e-09
-3.62561e-09
-3.24784e-09
-2.84427e-09
-2.30477e-09
-2.01312e-09
-1.56584e-09
-1.15973e-09
-8.79978e-10
-4.65638e-10
-1.84075e-10
1.16661e-10
4.15762e-10
6.44262e-10
9.23204e-10
1.08946e-09
1.32601e-09
1.50377e-09
1.59627e-09
1.83367e-09
1.86785e-09
1.96767e-09
2.13805e-09
2.06408e-09
2.204e-09
2.24196e-09
2.14657e-09
2.28664e-09
2.19013e-09
2.14304e-09
2.21058e-09
2.04709e-09
2.05086e-09
2.00727e-09
1.86261e-09
1.8614e-09
1.73812e-09
1.65319e-09
1.58961e-09
1.46486e-09
1.41292e-09
1.28332e-09
1.22161e-09
1.14218e-09
1.00505e-09
1.01035e-09
8.69028e-10
8.01933e-10
8.21274e-10
6.46036e-10
6.87661e-10
6.59685e-10
5.25884e-10
6.49296e-10
5.57491e-10
5.35366e-10
6.71478e-10
5.60835e-10
6.67202e-10
7.58012e-10
7.04153e-10
8.94115e-10
9.34226e-10
9.90359e-10
1.19267e-09
1.22914e-09
1.39078e-09
1.55819e-09
1.65132e-09
1.8629e-09
2.00006e-09
2.17572e-09
2.37142e-09
2.52169e-09
2.74973e-09
2.89693e-09
3.10009e-09
3.31229e-09
3.42669e-09
3.67904e-09
3.81174e-09
3.93494e-09
4.17966e-09
4.20999e-09
4.36698e-09
4.52012e-09
4.47141e-09
4.63805e-09
4.63119e-09
4.54538e-09
4.64739e-09
4.45845e-09
4.35532e-09
4.29861e-09
3.95192e-09
3.80238e-09
3.51468e-09
3.05234e-09
2.78241e-09
2.2405e-09
1.6852e-09
1.20731e-09
4.35423e-10
-2.31518e-10
-9.79462e-10
-1.936e-09
-2.76819e-09
-3.79832e-09
-4.9053e-09
-5.96155e-09
-7.23765e-09
-8.48948e-09
-9.79852e-09
-1.12589e-08
-1.26711e-08
-1.42103e-08
-1.5795e-08
-1.73772e-08
-1.90745e-08
-2.07392e-08
-2.24641e-08
-2.42187e-08
-2.59271e-08
-2.77133e-08
-2.94197e-08
-3.11196e-08
-3.28351e-08
-3.43962e-08
-3.59932e-08
-3.74767e-08
-3.87977e-08
-4.01419e-08
-4.12276e-08
-4.21967e-08
-4.30894e-08
-4.3623e-08
-4.40892e-08
-4.43075e-08
-4.41458e-08
-4.39099e-08
-4.32361e-08
-4.22333e-08
-4.10584e-08
-3.93037e-08
-3.72953e-08
-3.49354e-08
-3.19483e-08
-2.87458e-08
-2.49824e-08
-2.06446e-08
-1.60484e-08
-1.07238e-08
-4.94061e-09
1.22858e-09
8.19063e-09
1.54928e-08
2.33516e-08
3.194e-08
4.08011e-08
5.03622e-08
6.04809e-08
7.08779e-08
8.20191e-08
9.34898e-08
1.05295e-07
1.17745e-07
1.30301e-07
1.4324e-07
1.56577e-07
1.69843e-07
1.83461e-07
1.97124e-07
2.10588e-07
2.24236e-07
2.37527e-07
2.5051e-07
2.63348e-07
2.75441e-07
2.87076e-07
2.98096e-07
3.08032e-07
3.1726e-07
3.2532e-07
3.31822e-07
3.32274e-07
3.12305e-07
2.54761e-07
1.58854e-07
6.36959e-08
1.38104e-08
1.45755e-09
0
