0
2.53115e-16
3.59117e-15
2.19599e-14
1.06849e-13
-4.92145e-13
3.10765e-12
-7.40012e-12
8.14692e-12
-1.86493e-12
-6.40671e-12
1.04706e-11
-9.33146e-12
6.80176e-12
-7.03402e-12
9.66024e-12
-1.08358e-11
7.62247e-12
-1.7138e-12
-2.01103e-12
-1.80809e-13
6.60315e-12
-1.14236e-11
9.94404e-12
-3.38853e-12
-2.98836e-12
5.20374e-12
-4.29895e-12
4.22672e-12
-7.49426e-12
1.18971e-11
-1.26216e-11
7.21371e-12
7.69102e-13
-4.89864e-12
1.9079e-12
5.0141e-12
-9.80687e-12
8.95374e-12
-4.48009e-12
1.15672e-12
-1.56621e-12
2.97651e-12
-6.81912e-13
-6.35228e-12
1.31745e-11
-1.37081e-11
6.60996e-12
2.96851e-12
-8.08024e-12
5.72009e-12
5.49816e-13
-4.67228e-12
4.13147e-12
-2.39546e-12
4.00162e-12
-8.90709e-12
1.17421e-11
-7.57869e-12
-2.81184e-12
1.24166e-11
-1.39254e-11
6.11704e-12
4.59418e-12
-1.04787e-11
9.38251e-12
-5.7998e-12
4.60843e-12
-5.72535e-12
4.30508e-12
3.17827e-12
-1.41039e-11
2.03733e-11
-1.58696e-11
2.79656e-12
9.20709e-12
-1.18217e-11
4.80481e-12
4.85181e-12
-1.05447e-11
1.15693e-11
-1.24833e-11
1.64165e-11
-2.0297e-11
1.68426e-11
-3.04927e-12
-1.49313e-11
2.57091e-11
-2.2765e-11
9.7581e-12
2.76416e-12
-6.67104e-12
2.0892e-12
4.37055e-12
-7.90218e-12
1.0422e-11
-1.73095e-11
2.88142e-11
-3.73434e-11
3.34107e-11
-1.52339e-11
-8.47914e-12
2.44621e-11
-2.55754e-11
1.57972e-11
-5.69518e-12
1.99193e-12
-3.06011e-12
3.5786e-12
-2.88026e-12
6.25217e-12
-1.88559e-11
3.79362e-11
-5.25052e-11
5.10432e-11
-3.19262e-11
5.46744e-12
1.4256e-11
-2.0856e-11
1.82626e-11
-1.42979e-11
1.22485e-11
-9.7359e-12
3.94152e-12
1.99968e-12
1.73692e-13
-1.61628e-11
4.10392e-11
-6.11244e-11
6.41968e-11
-4.91437e-11
2.53068e-11
-4.35296e-12
-8.29105e-12
1.45593e-11
-1.86179e-11
2.0476e-11
-1.65777e-11
6.00985e-12
4.51493e-12
-4.71017e-12
-1.06428e-11
3.61322e-11
-5.92273e-11
6.86319e-11
-6.17874e-11
4.47728e-11
-2.61474e-11
1.00547e-11
3.76133e-12
-1.54874e-11
2.20055e-11
-1.98009e-11
9.46727e-12
2.22528e-12
-5.97979e-12
-3.97278e-12
2.49373e-11
-4.74884e-11
6.18471e-11
-6.40986e-11
5.62305e-11
-4.27298e-11
2.70379e-11
-1.12231e-11
-3.19091e-12
1.36231e-11
-1.70773e-11
1.24471e-11
-3.38185e-12
-3.04185e-12
5.30788e-13
1.19972e-11
-3.01022e-11
4.62005e-11
-5.4126e-11
5.23208e-11
-4.42324e-11
3.42819e-11
-2.43929e-11
1.37779e-11
-2.38696e-12
-7.382e-12
1.16757e-11
-8.90065e-12
2.08694e-12
1.71674e-12
3.06532e-12
-1.54671e-11
2.80316e-11
-3.36779e-11
3.15202e-11
-2.68491e-11
2.50358e-11
-2.64581e-11
2.59975e-11
-1.86874e-11
5.50986e-12
6.04181e-12
-9.23966e-12
4.84691e-12
-5.07182e-13
2.46637e-12
-9.52222e-12
1.42514e-11
-1.08969e-11
1.46804e-12
4.96831e-12
-9.55898e-13
-1.1726e-11
2.28428e-11
-2.35847e-11
1.42599e-11
-3.0134e-12
-2.98165e-12
3.48752e-12
-3.9637e-12
8.10385e-12
-1.27119e-11
9.75023e-12
4.62972e-12
-2.43239e-11
3.68249e-11
-3.39993e-11
1.83666e-11
-3.59663e-13
-1.06347e-11
1.21775e-11
-8.45835e-12
4.23246e-12
-2.50568e-13
-5.9585e-12
1.41399e-11
-1.86424e-11
1.21516e-11
6.96961e-12
-3.22605e-11
5.26413e-11
-5.94618e-11
5.11233e-11
-3.35719e-11
1.5433e-11
-2.75903e-12
-3.21311e-12
3.60653e-12
1.63227e-13
-6.80765e-12
1.393e-11
-1.8071e-11
1.49768e-11
-1.66535e-12
-2.09187e-11
4.59359e-11
-6.36551e-11
6.70177e-11
-5.62416e-11
3.80651e-11
-2.16111e-11
1.25055e-11
-1.01801e-11
9.82219e-12
-8.37622e-12
7.14122e-12
-8.73705e-12
1.14735e-11
-9.26418e-12
-3.16162e-12
2.40385e-11
-4.44236e-11
5.39955e-11
-4.95582e-11
3.76451e-11
-2.8754e-11
2.72662e-11
-2.83976e-11
2.43423e-11
-1.34008e-11
1.50288e-12
3.71363e-12
-7.44418e-13
-4.40503e-12
3.66873e-12
4.75796e-12
-1.46216e-11
1.79652e-11
-1.40027e-11
9.70073e-12
-1.24647e-11
2.21812e-11
-3.13543e-11
3.13672e-11
-1.99038e-11
2.59748e-12
1.12777e-11
-1.62807e-11
1.35307e-11
-7.53965e-12
7.38588e-13
7.17624e-12
-1.65486e-11
2.50082e-11
-2.83917e-11
2.31055e-11
-9.41655e-12
-7.41393e-12
1.88398e-11
-1.84273e-11
5.87544e-12
1.25067e-11
-2.76803e-11
3.22364e-11
-2.43296e-11
7.99668e-12
1.00246e-11
-2.5634e-11
3.84225e-11
-4.84596e-11
5.26605e-11
-4.68493e-11
3.06656e-11
-1.08726e-11
-1.7736e-12
-4.1036e-13
1.51507e-11
-3.10694e-11
3.61443e-11
-2.75203e-11
1.20112e-11
1.77416e-12
-1.16424e-11
2.13211e-11
-3.42073e-11
4.76749e-11
-5.45445e-11
4.95333e-11
-3.56408e-11
2.25799e-11
-1.85968e-11
2.27543e-11
-2.68146e-11
2.35142e-11
-1.3254e-11
2.38076e-12
2.82259e-12
-1.52545e-12
-1.69188e-12
7.13066e-13
6.65848e-12
-1.7472e-11
2.66139e-11
-3.13199e-11
3.16932e-11
-2.90431e-11
2.40256e-11
-1.67723e-11
6.88544e-12
5.16385e-12
-1.64519e-11
2.11412e-11
-1.44387e-11
-2.88403e-12
2.30405e-11
-3.5651e-11
3.39483e-11
-1.96748e-11
1.91355e-12
9.22821e-12
-1.03124e-11
5.26825e-12
5.71841e-13
-6.79577e-12
1.62736e-11
-2.89773e-11
3.82068e-11
-3.48656e-11
1.51548e-11
1.42067e-11
-3.94769e-11
4.9409e-11
-4.39093e-11
3.25533e-11
-2.53965e-11
2.47445e-11
-2.6389e-11
2.595e-11
-2.36037e-11
2.25309e-11
-2.49851e-11
2.89633e-11
-2.93653e-11
2.2028e-11
-8.02861e-12
-7.22155e-12
1.83018e-11
-2.3858e-11
2.61083e-11
-2.86497e-11
3.37214e-11
-4.06048e-11
4.4728e-11
-4.06824e-11
2.701e-11
-9.11078e-12
-4.28704e-12
7.16004e-12
-4.8191e-13
-9.31422e-12
1.5241e-11
-1.52919e-11
1.26664e-11
-1.08928e-11
8.2374e-12
3.111e-13
-1.57577e-11
3.0388e-11
-3.29618e-11
1.81633e-11
7.81437e-12
-3.13185e-11
4.03705e-11
-3.27427e-11
1.57248e-11
9.21795e-13
-1.28897e-11
2.16312e-11
-2.92211e-11
3.41041e-11
-3.32975e-11
2.63366e-11
-1.7012e-11
1.09158e-11
-1.23725e-11
2.13763e-11
-3.32475e-11
4.09238e-11
-3.98055e-11
3.02686e-11
-1.71192e-11
6.03207e-12
-2.44071e-13
-2.18465e-12
7.04301e-12
-1.89113e-11
3.53382e-11
-4.79707e-11
4.96411e-11
-4.10324e-11
2.91041e-11
-2.05298e-11
1.61761e-11
-1.23706e-11
6.12627e-12
-6.46135e-14
6.50668e-13
-1.12387e-11
2.59075e-11
-3.27875e-11
2.38525e-11
-2.32013e-12
-2.03488e-11
3.28863e-11
-3.10916e-11
1.80979e-11
-1.01089e-12
-1.39861e-11
2.39498e-11
-2.87804e-11
2.84593e-11
-2.24504e-11
1.07959e-11
4.29481e-12
-1.91869e-11
2.9591e-11
-3.20891e-11
2.61663e-11
-1.67492e-11
1.2006e-11
-1.71335e-11
2.89572e-11
-3.85493e-11
3.87967e-11
-3.06657e-11
2.1789e-11
-1.98622e-11
2.53296e-11
-3.07538e-11
2.71931e-11
-1.28719e-11
-5.75217e-12
2.06289e-11
-2.95442e-11
3.54221e-11
-4.06959e-11
4.32333e-11
-3.86954e-11
2.50695e-11
-6.0703e-12
-1.01141e-11
1.51861e-11
-6.57576e-12
-1.08338e-11
2.75844e-11
-3.54155e-11
3.07498e-11
-1.61859e-11
-8.65486e-13
1.17527e-11
-1.25112e-11
6.03135e-12
1.60283e-12
-7.82538e-12
1.47663e-11
-2.48363e-11
3.55415e-11
-4.04485e-11
3.44093e-11
-1.90716e-11
2.48758e-12
6.8169e-12
-7.69527e-12
7.29455e-12
-1.40005e-11
2.83938e-11
-4.27325e-11
4.80447e-11
-4.18052e-11
2.85828e-11
-1.62368e-11
1.09066e-11
-1.4429e-11
2.35876e-11
-3.2681e-11
3.67748e-11
-3.41462e-11
2.56042e-11
-1.33512e-11
-5.65212e-13
1.46917e-11
-2.79672e-11
3.73227e-11
-3.72329e-11
2.3413e-11
6.38616e-13
-2.32768e-11
3.23189e-11
-2.48601e-11
8.71788e-12
4.40522e-12
-8.23062e-12
5.14487e-12
-2.77942e-12
6.38717e-12
-1.46203e-11
2.15012e-11
-2.31801e-11
2.10975e-11
-1.95492e-11
2.07441e-11
-2.40612e-11
2.78093e-11
-3.09451e-11
3.27397e-11
-3.34295e-11
3.41663e-11
-3.55619e-11
3.48307e-11
-2.66975e-11
7.69014e-12
1.89324e-11
-4.33539e-11
5.4126e-11
-4.61186e-11
2.48204e-11
-3.49245e-12
-6.87793e-12
5.12094e-12
1.46964e-12
-6.14963e-12
8.18328e-12
-1.07963e-11
1.5185e-11
-1.89049e-11
1.8319e-11
-1.24603e-11
4.01839e-12
1.82707e-12
-1.08864e-12
-6.33062e-12
1.63278e-11
-2.40224e-11
2.67365e-11
-2.55015e-11
2.41065e-11
-2.72954e-11
3.64664e-11
-4.64128e-11
4.6928e-11
-3.1369e-11
3.50292e-12
2.41527e-11
-4.0214e-11
4.18351e-11
-3.45338e-11
2.56055e-11
-1.88975e-11
1.37116e-11
-8.55539e-12
4.5961e-12
-5.76579e-12
1.3961e-11
-2.56457e-11
3.3426e-11
-3.20745e-11
2.17081e-11
-6.99238e-12
-5.95099e-12
1.14343e-11
-7.10957e-12
-3.79038e-12
1.33612e-11
-1.55289e-11
1.15173e-11
-9.21416e-12
1.57007e-11
-3.08584e-11
4.64838e-11
-5.23852e-11
4.37011e-11
-2.46232e-11
4.14124e-12
1.13179e-11
-2.1779e-11
2.96862e-11
-3.48376e-11
3.40801e-11
-2.625e-11
1.46116e-11
-5.16311e-12
2.74072e-12
-9.26633e-12
2.25156e-11
-3.62963e-11
4.24984e-11
-3.64273e-11
2.04156e-11
-3.08295e-12
-6.60273e-12
5.1775e-12
2.63761e-12
-7.93285e-12
5.1364e-12
2.23461e-12
-4.8558e-12
-3.5449e-12
2.00292e-11
-3.6114e-11
4.51955e-11
-4.63239e-11
4.13597e-11
-3.19608e-11
1.88266e-11
-3.11459e-12
-1.32981e-11
2.73803e-11
-3.54672e-11
3.44535e-11
-2.46367e-11
1.06779e-11
-3.11003e-13
1.83663e-13
-1.18533e-11
2.91246e-11
-4.10023e-11
3.92549e-11
-2.58544e-11
1.12769e-11
-5.18e-12
7.94074e-12
-1.23894e-11
1.15671e-11
-4.68592e-12
-4.01435e-12
8.96647e-12
-6.70374e-12
-3.10423e-12
1.74526e-11
-3.19761e-11
4.29424e-11
-4.86839e-11
4.87679e-11
-4.33734e-11
3.24557e-11
-1.61186e-11
-4.39974e-12
2.42196e-11
-3.53842e-11
3.1959e-11
-1.69966e-11
1.96097e-12
1.95436e-12
6.70737e-12
-1.98671e-11
2.75939e-11
-2.58862e-11
1.76137e-11
-9.30615e-12
6.38447e-12
-1.02757e-11
1.73578e-11
-2.16774e-11
1.88059e-11
-9.05096e-12
-2.95727e-12
1.05057e-11
-8.8639e-12
-1.81865e-12
1.63335e-11
-2.92407e-11
3.92609e-11
-4.86319e-11
5.69531e-11
-5.86882e-11
4.78374e-11
-2.55609e-11
7.00859e-13
1.64618e-11
-2.14034e-11
1.66227e-11
-8.95226e-12
4.95544e-12
-7.58759e-12
1.42011e-11
-1.86001e-11
1.5344e-11
-4.29025e-12
-8.93923e-12
1.58014e-11
-1.06483e-11
-4.7585e-12
2.09025e-11
-2.74048e-11
2.11567e-11
-8.61169e-12
-1.20151e-12
4.13069e-12
-1.94209e-12
-3.02844e-12
1.07648e-11
-2.21065e-11
3.56911e-11
-4.83375e-11
5.64231e-11
-5.71693e-11
4.9091e-11
-3.38336e-11
1.64699e-11
-3.42959e-12
-1.99599e-12
1.78585e-12
-1.98379e-12
7.56017e-12
-1.76553e-11
2.43486e-11
-1.86929e-11
-9.49777e-13
2.5437e-11
-4.16036e-11
4.19497e-11
-2.89233e-11
1.05503e-11
5.13919e-12
-1.32142e-11
1.23596e-11
-5.90152e-12
2.22948e-13
-4.6744e-13
6.10112e-12
-1.24542e-11
1.58217e-11
-1.72422e-11
2.02946e-11
-2.69008e-11
3.46662e-11
-3.89689e-11
3.68533e-11
-3.02515e-11
2.41327e-11
-2.16263e-11
2.01755e-11
-1.43895e-11
1.92758e-12
1.31684e-11
-2.36448e-11
2.34102e-11
-1.0255e-11
-1.35703e-11
4.02307e-11
-5.84536e-11
5.991e-11
-4.63935e-11
2.86862e-11
-1.78283e-11
1.62623e-11
-1.79886e-11
1.51102e-11
-4.72478e-12
-9.86864e-12
2.18692e-11
-2.5871e-11
2.08176e-11
-1.03984e-11
-1.13097e-14
6.08326e-12
-6.20762e-12
1.23688e-12
5.67046e-12
-1.1029e-11
1.3401e-11
-1.44259e-11
1.53502e-11
-1.40607e-11
6.86173e-12
5.15054e-12
-1.44147e-11
1.26171e-11
1.25021e-12
-2.03349e-11
3.57395e-11
-4.28306e-11
4.21741e-11
-3.79611e-11
3.52848e-11
-3.75242e-11
4.29626e-11
-4.4899e-11
3.59226e-11
-1.46167e-11
-1.20393e-11
3.18666e-11
-3.52448e-11
2.11787e-11
1.70054e-12
-2.15253e-11
3.12109e-11
-3.21902e-11
3.00968e-11
-2.88624e-11
2.8465e-11
-2.75334e-11
2.47874e-11
-1.90241e-11
9.39231e-12
2.02277e-12
-1.0545e-11
1.28738e-11
-1.10253e-11
9.63057e-12
-1.04619e-11
1.05449e-11
-7.12751e-12
2.02453e-12
-7.57201e-13
6.89557e-12
-1.86963e-11
2.96887e-11
-3.29403e-11
2.49805e-11
-8.47596e-12
-9.06185e-12
1.90913e-11
-1.70772e-11
4.54284e-12
1.16133e-11
-2.31646e-11
2.54768e-11
-2.17126e-11
2.08917e-11
-3.03658e-11
4.79035e-11
-6.27465e-11
6.42233e-11
-5.0101e-11
2.62815e-11
-1.63898e-12
-1.65211e-11
2.35134e-11
-1.89026e-11
7.35167e-12
3.59707e-12
-9.76586e-12
1.31904e-11
-1.87674e-11
2.76958e-11
-3.62141e-11
3.94527e-11
-3.61807e-11
2.87602e-11
-2.05561e-11
1.3062e-11
-5.87649e-12
-2.04562e-12
1.00748e-11
-1.56438e-11
1.57126e-11
-9.72997e-12
2.7436e-13
7.92847e-12
-1.02738e-11
3.85289e-12
9.86327e-12
-2.39373e-11
2.88024e-11
-2.01041e-11
3.36877e-12
9.70679e-12
-1.14395e-11
3.4981e-12
6.21384e-12
-1.103e-11
8.87868e-12
-2.25372e-12
-3.15087e-12
-6.21599e-14
1.59475e-11
-4.03352e-11
6.12755e-11
-6.75238e-11
5.66259e-11
-3.597e-11
1.58902e-11
-3.00737e-12
-2.27694e-12
3.31099e-12
-3.98695e-12
5.7227e-12
-7.00435e-12
4.53799e-12
3.86412e-12
-1.78295e-11
3.40253e-11
-4.76754e-11
5.43734e-11
-5.2847e-11
4.54263e-11
-3.58292e-11
2.51965e-11
-1.23134e-11
-2.55394e-12
1.45569e-11
-1.78687e-11
1.13888e-11
-3.5305e-13
-8.79722e-12
1.28813e-11
-1.24117e-11
9.23559e-12
-6.46723e-12
7.93702e-12
-1.52218e-11
2.36518e-11
-2.47788e-11
1.40359e-11
3.46729e-12
-1.67807e-11
1.77812e-11
-7.10288e-12
-7.70655e-12
1.71937e-11
-1.51167e-11
1.07545e-12
1.85649e-11
-3.39487e-11
3.74283e-11
-2.89551e-11
1.56949e-11
-6.99358e-12
7.47281e-12
-1.4183e-11
1.87627e-11
-1.42952e-11
7.88487e-13
1.43059e-11
-2.19698e-11
1.74608e-11
-2.33065e-12
-1.82531e-11
3.78652e-11
-5.08017e-11
5.39916e-11
-4.95105e-11
4.28698e-11
-3.79183e-11
3.28807e-11
-2.37276e-11
1.00564e-11
3.26612e-12
-1.13891e-11
1.34804e-11
-1.15106e-11
6.07599e-12
3.50189e-12
-1.6647e-11
3.05257e-11
-4.27803e-11
5.23053e-11
-5.7418e-11
5.44211e-11
-4.1314e-11
2.1765e-11
-4.3488e-12
-4.13534e-12
3.39969e-12
1.06225e-12
-3.36197e-12
1.02501e-12
3.78371e-12
-6.15679e-12
1.20039e-12
1.2089e-11
-2.91909e-11
4.15246e-11
-4.1788e-11
2.86787e-11
-8.76117e-12
-7.19065e-12
1.06263e-11
-1.45934e-12
-1.19316e-11
1.87292e-11
-1.39936e-11
1.20663e-12
1.13081e-11
-1.66733e-11
1.24872e-11
-1.64882e-12
-8.83497e-12
1.06839e-11
-6.0581e-13
-1.56646e-11
2.62694e-11
-2.30958e-11
8.13267e-12
9.02825e-12
-1.97241e-11
2.06861e-11
-1.32732e-11
9.19921e-13
1.11509e-11
-1.79011e-11
1.82642e-11
-1.73246e-11
2.13881e-11
-3.12374e-11
4.06194e-11
-4.26521e-11
3.55141e-11
-2.2517e-11
7.73e-12
5.71782e-12
-1.51425e-11
1.80308e-11
-1.42156e-11
6.02416e-12
3.89769e-12
-1.51322e-11
2.799e-11
-4.10128e-11
5.04029e-11
-5.32263e-11
4.95883e-11
-4.22936e-11
3.38858e-11
-2.51634e-11
1.51913e-11
-3.34154e-12
-9.27982e-12
1.9047e-11
-2.15749e-11
1.40371e-11
2.55036e-12
-2.35917e-11
4.22693e-11
-5.25617e-11
5.20568e-11
-4.41675e-11
3.59864e-11
-3.2992e-11
3.39434e-11
-3.23669e-11
2.26563e-11
-5.59662e-12
-1.25494e-11
2.40788e-11
-2.37061e-11
1.00704e-11
1.23921e-11
-3.38697e-11
4.38369e-11
-3.92831e-11
2.74082e-11
-1.95838e-11
2.12315e-11
-2.86986e-11
3.38806e-11
-3.10097e-11
1.87674e-11
-3.79407e-13
-1.68717e-11
2.34535e-11
-1.42096e-11
-6.02185e-12
2.42555e-11
-2.9771e-11
2.20514e-11
-9.58896e-12
1.48747e-12
-1.95781e-12
9.72357e-12
-2.0066e-11
2.59762e-11
-2.16891e-11
7.51765e-12
8.07803e-12
-1.45846e-11
8.02163e-12
5.70626e-12
-1.66352e-11
1.81415e-11
-1.02548e-11
-2.51149e-12
1.3715e-11
-1.77284e-11
1.23379e-11
-1.24538e-12
-8.02696e-12
9.57804e-12
-4.10764e-12
-2.446e-12
4.0435e-12
6.79087e-13
-8.50383e-12
1.40955e-11
-1.3348e-11
5.06184e-12
8.08476e-12
-2.09742e-11
2.85354e-11
-2.88741e-11
2.37148e-11
-1.69505e-11
1.15578e-11
-8.12918e-12
4.86168e-12
8.17088e-14
-6.71917e-12
1.25627e-11
-1.47195e-11
1.17055e-11
-4.18893e-12
-6.38506e-12
1.81961e-11
-2.9147e-11
3.67749e-11
-3.98522e-11
3.87536e-11
-3.44866e-11
2.68546e-11
-1.56164e-11
2.52813e-12
8.21852e-12
-1.34717e-11
1.34507e-11
-1.06877e-11
6.30752e-12
4.69354e-13
-1.03133e-11
2.19551e-11
-3.37823e-11
4.46968e-11
-5.2968e-11
5.45542e-11
-4.60342e-11
2.89055e-11
-1.02558e-11
-2.98652e-12
8.90047e-12
-1.01574e-11
9.3236e-12
-7.16699e-12
3.69344e-12
1.0013e-12
-8.62561e-12
2.19975e-11
-4.09571e-11
5.87944e-11
-6.62482e-11
5.90723e-11
-4.16714e-11
2.22755e-11
-6.96867e-12
-2.25569e-12
5.42212e-12
-4.41471e-12
3.11896e-12
-5.10049e-12
8.49363e-12
-6.04404e-12
-8.2867e-12
3.18808e-11
-5.47725e-11
6.71937e-11
-6.58559e-11
5.31535e-11
-3.43874e-11
1.60349e-11
-4.64231e-12
2.5092e-12
-4.94351e-12
3.57367e-12
4.8489e-12
-1.46105e-11
1.59371e-11
-4.00941e-12
-1.81376e-11
4.2687e-11
-6.15936e-11
6.83128e-11
-6.02861e-11
4.16287e-11
-2.27447e-11
1.29147e-11
-1.28732e-11
1.46866e-11
-1.03229e-11
-1.25312e-12
1.40078e-11
-2.04433e-11
1.53538e-11
2.34965e-12
-2.85945e-11
5.34337e-11
-6.56714e-11
6.05957e-11
-4.44128e-11
2.87969e-11
-2.15161e-11
2.14408e-11
-2.22585e-11
1.81429e-11
-7.15368e-12
-8.50561e-12
2.20977e-11
-2.4646e-11
1.05514e-11
1.61082e-11
-4.2897e-11
5.74825e-11
-5.64655e-11
4.55931e-11
-3.38195e-11
2.70473e-11
-2.65396e-11
2.89988e-11
-2.81082e-11
1.78374e-11
1.5315e-12
-2.12318e-11
2.89882e-11
-1.88099e-11
-4.63249e-12
2.98506e-11
-4.68192e-11
5.13665e-11
-4.55334e-11
3.54292e-11
-2.87862e-11
3.00279e-11
-3.62579e-11
3.81088e-11
-2.77828e-11
6.3524e-12
1.6061e-11
-2.80898e-11
2.41764e-11
-6.69653e-12
-1.68328e-11
3.68391e-11
-4.58277e-11
4.24427e-11
-3.34711e-11
2.88562e-11
-3.34712e-11
4.24429e-11
-4.5828e-11
3.68395e-11
-1.68332e-11
-6.69615e-12
2.41759e-11
-2.80893e-11
1.60604e-11
6.35287e-12
-2.77831e-11
3.81089e-11
-3.62579e-11
3.00279e-11
-2.87862e-11
3.54291e-11
-4.55335e-11
5.13665e-11
-4.6819e-11
2.98502e-11
-4.63196e-12
-1.88105e-11
2.89886e-11
-2.1232e-11
1.53152e-12
1.78374e-11
-2.81082e-11
2.89987e-11
-2.65393e-11
2.70469e-11
-3.38192e-11
4.55929e-11
-5.64657e-11
5.74827e-11
-4.28972e-11
1.61083e-11
1.05515e-11
-2.46462e-11
2.20979e-11
-8.50566e-12
-7.15388e-12
1.81433e-11
-2.2259e-11
2.14412e-11
-2.15163e-11
2.8797e-11
-4.44129e-11
6.05958e-11
-6.56716e-11
5.3434e-11
-2.85949e-11
2.34999e-12
1.53536e-11
-2.04434e-11
1.40081e-11
-1.25343e-12
-1.03226e-11
1.46863e-11
-1.28729e-11
1.29145e-11
-2.27444e-11
4.16284e-11
-6.02857e-11
6.83124e-11
-6.15932e-11
4.26866e-11
-1.81373e-11
-4.00959e-12
1.59372e-11
-1.46105e-11
4.84873e-12
3.57393e-12
-4.94378e-12
2.50943e-12
-4.64252e-12
1.60351e-11
-3.43878e-11
5.3154e-11
-6.58565e-11
6.71944e-11
-5.47731e-11
3.18813e-11
-8.28692e-12
-6.04407e-12
8.49378e-12
-5.10059e-12
3.11898e-12
-4.41472e-12
5.42225e-12
-2.25597e-12
-6.96821e-12
2.22749e-11
-4.16706e-11
5.90715e-11
-6.62475e-11
5.8794e-11
-4.09569e-11
2.19973e-11
-8.62549e-12
1.00121e-12
3.69345e-12
-7.16691e-12
9.32345e-12
-1.01571e-11
8.90005e-12
-2.98597e-12
-1.02564e-11
2.8906e-11
-4.60346e-11
5.45546e-11
-5.29683e-11
4.4697e-11
-3.37823e-11
2.1955e-11
-1.03132e-11
4.6936e-13
6.30748e-12
-1.06877e-11
1.34507e-11
-1.34717e-11
8.21863e-12
2.52793e-12
-1.56162e-11
2.68544e-11
-3.44864e-11
3.87536e-11
-3.98522e-11
3.67748e-11
-2.91467e-11
1.81957e-11
-6.38461e-12
-4.18939e-12
1.17059e-11
-1.47198e-11
1.2563e-11
-6.7193e-12
8.17802e-14
4.86163e-12
-8.12918e-12
1.1558e-11
-1.69509e-11
2.37153e-11
-2.88747e-11
2.8536e-11
-2.09748e-11
8.08539e-12
5.06127e-12
-1.33475e-11
1.40951e-11
-8.50346e-12
6.78798e-13
4.04359e-12
-2.4458e-12
-4.10807e-12
9.57858e-12
-8.02752e-12
-1.24484e-12
1.23374e-11
-1.7728e-11
1.37147e-11
-2.51127e-12
-1.0255e-11
1.81418e-11
-1.66354e-11
5.7064e-12
8.02166e-12
-1.45848e-11
8.0783e-12
7.51737e-12
-2.16889e-11
2.59761e-11
-2.0066e-11
9.72375e-12
-1.95811e-12
1.48777e-12
-9.58916e-12
2.20515e-11
-2.9771e-11
2.42555e-11
-6.02183e-12
-1.42096e-11
2.34535e-11
-1.68718e-11
-3.79286e-13
1.87672e-11
-3.10093e-11
3.38801e-11
-2.86982e-11
2.12311e-11
-1.95834e-11
2.74079e-11
-3.92829e-11
4.38368e-11
-3.38698e-11
1.23924e-11
1.00701e-11
-2.37059e-11
2.40787e-11
-1.25494e-11
-5.59666e-12
2.26564e-11
-3.23671e-11
3.39437e-11
-3.29924e-11
3.59868e-11
-4.41678e-11
5.20568e-11
-5.25617e-11
4.22692e-11
-2.35917e-11
2.55061e-12
1.40367e-11
-2.15744e-11
1.90466e-11
-9.27962e-12
-3.34147e-12
1.5191e-11
-2.51631e-11
3.38856e-11
-4.22934e-11
4.95882e-11
-5.32262e-11
5.04026e-11
-4.10124e-11
2.79895e-11
-1.51317e-11
3.89742e-12
6.02423e-12
-1.42155e-11
1.80306e-11
-1.51423e-11
5.71773e-12
7.73004e-12
-2.2517e-11
3.55142e-11
-4.26523e-11
4.06196e-11
-3.12375e-11
2.13881e-11
-1.73244e-11
1.82639e-11
-1.79008e-11
1.11506e-11
9.20002e-13
-1.32732e-11
2.06859e-11
-1.9724e-11
9.0282e-12
8.13275e-12
-2.30959e-11
2.62697e-11
-1.5665e-11
-6.05364e-13
1.06835e-11
-8.83468e-12
-1.64891e-12
1.2487e-11
-1.6673e-11
1.13078e-11
1.20681e-12
-1.39937e-11
1.87294e-11
-1.1932e-11
-1.45893e-12
1.06259e-11
-7.1903e-12
-8.76142e-12
2.86788e-11
-4.17878e-11
4.15242e-11
-2.91904e-11
1.20886e-11
1.20063e-12
-6.15695e-12
3.78386e-12
1.02482e-12
-3.36175e-12
1.06201e-12
3.39992e-12
-4.1355e-12
-4.34877e-12
2.17652e-11
-4.13142e-11
5.44215e-11
-5.74183e-11
5.23056e-11
-4.27805e-11
3.05258e-11
-1.6647e-11
3.50192e-12
6.07596e-12
-1.15106e-11
1.34803e-11
-1.13889e-11
3.26593e-12
1.00566e-11
-2.37276e-11
3.28806e-11
-3.7918e-11
4.28695e-11
-4.95103e-11
5.39916e-11
-5.08019e-11
3.78654e-11
-1.82532e-11
-2.3306e-12
1.74609e-11
-2.19699e-11
1.4306e-11
7.88432e-13
-1.42953e-11
1.87628e-11
-1.4183e-11
7.47271e-12
-6.99337e-12
1.56947e-11
-2.89548e-11
3.7428e-11
-3.39485e-11
1.85647e-11
1.07568e-12
-1.51169e-11
1.71939e-11
-7.70662e-12
-7.10293e-12
1.77814e-11
-1.6781e-11
3.46759e-12
1.40356e-11
-2.47785e-11
2.36516e-11
-1.52217e-11
7.93696e-12
-6.46715e-12
9.23551e-12
-1.24116e-11
1.28813e-11
-8.79716e-12
-3.53146e-13
1.13889e-11
-1.78687e-11
1.45568e-11
-2.55386e-12
-1.23134e-11
2.51963e-11
-3.58289e-11
4.54259e-11
-5.28468e-11
5.43734e-11
-4.76754e-11
3.40255e-11
-1.78299e-11
3.86448e-12
4.53772e-12
-7.00417e-12
5.7225e-12
-3.98662e-12
3.31053e-12
-2.27653e-12
-3.00754e-12
1.58901e-11
-3.59697e-11
5.66255e-11
-6.75236e-11
6.12753e-11
-4.03351e-11
1.59475e-11
-6.20382e-14
-3.1511e-12
-2.25346e-12
8.87852e-12
-1.10301e-11
6.21421e-12
3.49751e-12
-1.14388e-11
9.70633e-12
3.36893e-12
-2.0104e-11
2.88021e-11
-2.39371e-11
9.86314e-12
3.85299e-12
-1.0274e-11
7.92866e-12
2.74066e-13
-9.72956e-12
1.57121e-11
-1.56433e-11
1.00744e-11
-2.04543e-12
-5.87642e-12
1.30617e-11
-2.05558e-11
2.87599e-11
-3.61805e-11
3.94525e-11
-3.6214e-11
2.76957e-11
-1.87673e-11
1.31901e-11
-9.76543e-12
3.59668e-12
7.35186e-12
-1.89025e-11
2.35132e-11
-1.65209e-11
-1.63914e-12
2.62815e-11
-5.0101e-11
6.42233e-11
-6.27465e-11
4.79036e-11
-3.0366e-11
2.08918e-11
-2.17126e-11
2.54767e-11
-2.31645e-11
1.16133e-11
4.54281e-12
-1.70772e-11
1.90914e-11
-9.0621e-12
-8.4756e-12
2.49802e-11
-3.29403e-11
2.96889e-11
-1.86968e-11
6.89607e-12
-7.5756e-13
2.02463e-12
-7.12732e-12
1.05445e-11
-1.04616e-11
9.63062e-12
-1.10256e-11
1.28742e-11
-1.05453e-11
2.02287e-12
9.39241e-12
-1.90242e-11
2.47875e-11
-2.75334e-11
2.84649e-11
-2.88621e-11
3.00964e-11
-3.21898e-11
3.12107e-11
-2.15253e-11
1.70062e-12
2.11787e-11
-3.52448e-11
3.18666e-11
-1.20392e-11
-1.46168e-11
3.59227e-11
-4.48992e-11
4.29628e-11
-3.75244e-11
3.52851e-11
-3.79614e-11
4.21743e-11
-4.28308e-11
3.57397e-11
-2.03353e-11
1.25081e-12
1.26165e-11
-1.44142e-11
5.15025e-12
6.86186e-12
-1.40607e-11
1.53502e-11
-1.44258e-11
1.34008e-11
-1.10288e-11
5.67019e-12
1.23735e-12
-6.2083e-12
6.08403e-12
-1.1983e-14
-1.03979e-11
2.08173e-11
-2.58709e-11
2.18692e-11
-9.86861e-12
-4.7248e-12
1.51102e-11
-1.79884e-11
1.62621e-11
-1.78281e-11
2.86862e-11
-4.63937e-11
5.99103e-11
-5.84538e-11
4.02308e-11
-1.35703e-11
-1.02551e-11
2.34103e-11
-2.36449e-11
1.31685e-11
1.92741e-12
-1.43893e-11
2.01751e-11
-2.16257e-11
2.41321e-11
-3.0251e-11
3.6853e-11
-3.89688e-11
3.46662e-11
-2.69008e-11
2.02945e-11
-1.72423e-11
1.58219e-11
-1.24546e-11
6.10145e-12
-4.67674e-13
2.23058e-13
-5.90155e-12
1.23596e-11
-1.32143e-11
5.13934e-12
1.055e-11
-2.8923e-11
4.19494e-11
-4.16034e-11
2.5437e-11
-9.49857e-13
-1.86927e-11
2.43485e-11
-1.76552e-11
7.56e-12
-1.98355e-12
1.78554e-12
-1.99565e-12
-3.4299e-12
1.64702e-11
-3.38338e-11
4.90912e-11
-5.71694e-11
5.6423e-11
-4.83373e-11
3.56908e-11
-2.21062e-11
1.07645e-11
-3.02813e-12
-1.94235e-12
4.1309e-12
-1.20163e-12
-8.61166e-12
2.11568e-11
-2.74049e-11
2.09026e-11
-4.75854e-12
-1.06483e-11
1.58016e-11
-8.93947e-12
-4.28991e-12
1.53437e-11
-1.85999e-11
1.4201e-11
-7.58757e-12
4.95547e-12
-8.95235e-12
1.66229e-11
-2.14036e-11
1.64619e-11
7.00707e-13
-2.55607e-11
4.78372e-11
-5.86881e-11
5.69532e-11
-4.86321e-11
3.92611e-11
-2.92408e-11
1.63336e-11
-1.81866e-12
-8.86387e-12
1.05056e-11
-2.95706e-12
-9.05117e-12
1.8806e-11
-2.16773e-11
1.73576e-11
-1.02754e-11
6.38414e-12
-9.30586e-12
1.76135e-11
-2.58861e-11
2.75939e-11
-1.98671e-11
6.70733e-12
1.95438e-12
1.96102e-12
-1.69967e-11
3.19591e-11
-3.53842e-11
2.42194e-11
-4.3994e-12
-1.61189e-11
3.2456e-11
-4.33736e-11
4.87681e-11
-4.86842e-11
4.29426e-11
-3.19764e-11
1.7453e-11
-3.1046e-12
-6.70337e-12
8.96618e-12
-4.01421e-12
-4.68585e-12
1.15669e-11
-1.2389e-11
7.94025e-12
-5.17945e-12
1.12764e-11
-2.5854e-11
3.92547e-11
-4.10022e-11
2.91245e-11
-1.18532e-11
1.83571e-13
-3.11031e-13
1.06781e-11
-2.46369e-11
3.44536e-11
-3.54673e-11
2.73803e-11
-1.32981e-11
-3.11465e-12
1.88267e-11
-3.1961e-11
4.136e-11
-4.63244e-11
4.51959e-11
-3.61143e-11
2.00293e-11
-3.5449e-12
-4.85592e-12
2.23483e-12
5.1362e-12
-7.93273e-12
2.63756e-12
5.17759e-12
-6.60292e-12
-3.0827e-12
2.04154e-11
-3.64272e-11
4.24985e-11
-3.62965e-11
2.25158e-11
-9.26642e-12
2.7408e-12
-5.16326e-12
1.46119e-11
-2.62504e-11
3.40804e-11
-3.48378e-11
2.96863e-11
-2.1779e-11
1.13179e-11
4.14114e-12
-2.4623e-11
4.37008e-11
-5.2385e-11
4.64836e-11
-3.08582e-11
1.57007e-11
-9.21415e-12
1.15174e-11
-1.55289e-11
1.33613e-11
-3.79049e-12
-7.10948e-12
1.14343e-11
-5.95117e-12
-6.99203e-12
2.17077e-11
-3.20742e-11
3.3426e-11
-2.5646e-11
1.39615e-11
-5.76632e-12
4.59655e-12
-8.5557e-12
1.37119e-11
-1.88976e-11
2.56057e-11
-3.45341e-11
4.18355e-11
-4.02144e-11
2.41531e-11
3.50265e-12
-3.13688e-11
4.69278e-11
-4.64126e-11
3.64663e-11
-2.72955e-11
2.41067e-11
-2.55016e-11
2.67365e-11
-2.40222e-11
1.63275e-11
-6.33029e-12
-1.08881e-12
1.82705e-12
4.01857e-12
-1.24604e-11
1.8319e-11
-1.89047e-11
1.51847e-11
-1.0796e-11
8.18309e-12
-6.14964e-12
1.46983e-12
5.1207e-12
-6.87772e-12
-3.49258e-12
2.48205e-11
-4.61186e-11
5.4126e-11
-4.33539e-11
1.89323e-11
7.69024e-12
-2.66975e-11
3.48307e-11
-3.55617e-11
3.41661e-11
-3.34294e-11
3.27397e-11
-3.09453e-11
2.78096e-11
-2.40614e-11
2.07441e-11
-1.9549e-11
2.10971e-11
-2.31796e-11
2.15007e-11
-1.46197e-11
6.38676e-12
-2.77921e-12
5.14491e-12
-8.23082e-12
4.40545e-12
8.71776e-12
-2.48601e-11
3.2319e-11
-2.32769e-11
6.38584e-13
2.34132e-11
-3.72331e-11
3.7323e-11
-2.79673e-11
1.46918e-11
-5.65246e-13
-1.33511e-11
2.56042e-11
-3.41463e-11
3.6775e-11
-3.26813e-11
2.35878e-11
-1.4429e-11
1.09065e-11
-1.62366e-11
2.85826e-11
-4.18052e-11
4.80448e-11
-4.27326e-11
2.83939e-11
-1.40007e-11
7.29466e-12
-7.69535e-12
6.81703e-12
2.4873e-12
-1.90711e-11
3.44087e-11
-4.04478e-11
3.55409e-11
-2.48358e-11
1.47658e-11
-7.8249e-12
1.6024e-12
6.03169e-12
-1.25113e-11
1.17527e-11
-8.65505e-13
-1.61858e-11
3.07496e-11
-3.54153e-11
2.75843e-11
-1.08338e-11
-6.5758e-12
1.51862e-11
-1.01141e-11
-6.07035e-12
2.50696e-11
-3.86955e-11
4.32332e-11
-4.06958e-11
3.54221e-11
-2.95443e-11
2.06292e-11
-5.7526e-12
-1.28714e-11
2.71926e-11
-3.07534e-11
2.53291e-11
-1.98618e-11
2.17886e-11
-3.06655e-11
3.87966e-11
-3.85492e-11
2.8957e-11
-1.71333e-11
1.20057e-11
-1.67489e-11
2.6166e-11
-3.20888e-11
2.95906e-11
-1.91866e-11
4.29459e-12
1.0796e-11
-2.24505e-11
2.84593e-11
-2.87804e-11
2.39498e-11
-1.39862e-11
-1.01082e-12
1.80978e-11
-3.10915e-11
3.28862e-11
-2.03487e-11
-2.32031e-12
2.38528e-11
-3.27877e-11
2.59076e-11
-1.12387e-11
6.50459e-13
-6.43058e-14
6.12597e-12
-1.23704e-11
1.61759e-11
-2.05296e-11
2.9104e-11
-4.10324e-11
4.96413e-11
-4.7971e-11
3.53385e-11
-1.89116e-11
7.04321e-12
-2.18469e-12
-2.44181e-13
6.03231e-12
-1.71195e-11
3.02688e-11
-3.98056e-11
4.09239e-11
-3.32475e-11
2.13764e-11
-1.23726e-11
1.09158e-11
-1.70119e-11
2.63363e-11
-3.32972e-11
3.41038e-11
-2.92209e-11
2.16309e-11
-1.28893e-11
9.21452e-13
1.5725e-11
-3.27427e-11
4.03703e-11
-3.13183e-11
7.81429e-12
1.81632e-11
-3.29617e-11
3.03877e-11
-1.57573e-11
3.10608e-13
8.23796e-12
-1.08933e-11
1.26666e-11
-1.52919e-11
1.5241e-11
-9.31424e-12
-4.81759e-13
7.15981e-12
-4.28679e-12
-9.11102e-12
2.70102e-11
-4.06827e-11
4.47284e-11
-4.0605e-11
3.37214e-11
-2.86495e-11
2.61081e-11
-2.38578e-11
1.83016e-11
-7.22153e-12
-8.02849e-12
2.20278e-11
-2.93649e-11
2.89629e-11
-2.49848e-11
2.25308e-11
-2.36037e-11
2.59501e-11
-2.6389e-11
2.47446e-11
-2.53968e-11
3.25538e-11
-4.39098e-11
4.94094e-11
-3.9477e-11
1.42066e-11
1.51549e-11
-3.48657e-11
3.82069e-11
-2.89774e-11
1.62739e-11
-6.79601e-12
5.71946e-13
5.26841e-12
-1.03128e-11
9.22879e-12
1.91297e-12
-1.96743e-11
3.39479e-11
-3.56506e-11
2.30403e-11
-2.88388e-12
-1.44387e-11
2.1141e-11
-1.64517e-11
5.16368e-12
6.8854e-12
-1.6772e-11
2.40252e-11
-2.90427e-11
3.16928e-11
-3.13197e-11
2.66137e-11
-1.74718e-11
6.6583e-12
7.13196e-13
-1.69188e-12
-1.52555e-12
2.82268e-12
2.38085e-12
-1.32544e-11
2.35147e-11
-2.68151e-11
2.27546e-11
-1.85968e-11
2.25797e-11
-3.56407e-11
4.95332e-11
-5.45444e-11
4.76749e-11
-3.42072e-11
2.1321e-11
-1.16423e-11
1.77421e-12
1.2011e-11
-2.752e-11
3.6144e-11
-3.10692e-11
1.51507e-11
-4.10464e-13
-1.7735e-12
-1.08726e-11
3.06655e-11
-4.68494e-11
5.26607e-11
-4.84599e-11
3.84229e-11
-2.56344e-11
1.0025e-11
7.99652e-12
-2.43296e-11
3.22365e-11
-2.76804e-11
1.25067e-11
5.87545e-12
-1.84273e-11
1.88399e-11
-7.41401e-12
-9.41638e-12
2.31051e-11
-2.83912e-11
2.50076e-11
-1.65481e-11
7.17598e-12
7.38655e-13
-7.53964e-12
1.35308e-11
-1.62809e-11
1.12779e-11
2.59732e-12
-1.99037e-11
3.13671e-11
-3.13543e-11
2.21812e-11
-1.24646e-11
9.70058e-12
-1.40025e-11
1.7965e-11
-1.46214e-11
4.75775e-12
3.66891e-12
-4.4052e-12
-7.44185e-13
3.7134e-12
1.503e-12
-1.34007e-11
2.4342e-11
-2.83972e-11
2.72659e-11
-2.87539e-11
3.76453e-11
-4.95584e-11
5.39956e-11
-4.44235e-11
2.40385e-11
-3.16178e-12
-9.26385e-12
1.14731e-11
-8.73698e-12
7.14151e-12
-8.37675e-12
9.82277e-12
-1.01806e-11
1.25058e-11
-2.16113e-11
3.80653e-11
-5.62418e-11
6.70178e-11
-6.36549e-11
4.59355e-11
-2.09182e-11
-1.66572e-12
1.49769e-11
-1.80708e-11
1.39295e-11
-6.80696e-12
1.62518e-13
3.60715e-12
-3.21354e-12
-2.75879e-12
1.5433e-11
-3.35721e-11
5.11237e-11
-5.94623e-11
5.26418e-11
-3.22609e-11
6.96971e-12
1.21519e-11
-1.8643e-11
1.41406e-11
-5.95916e-12
-2.50085e-13
4.23223e-12
-8.45834e-12
1.21776e-11
-1.06349e-11
-3.59363e-13
1.83663e-11
-3.3999e-11
3.68247e-11
-2.43238e-11
4.62987e-12
9.74995e-12
-1.27116e-11
8.10365e-12
-3.96364e-12
3.4876e-12
-2.98174e-12
-3.01336e-12
1.426e-11
-2.35848e-11
2.28428e-11
-1.1726e-11
-9.55968e-13
4.96837e-12
1.46801e-12
-1.08969e-11
1.42513e-11
-9.52205e-12
2.46622e-12
-5.07073e-13
4.84687e-12
-9.23968e-12
6.04187e-12
5.50981e-12
-1.86873e-11
2.59975e-11
-2.6458e-11
2.50358e-11
-2.68492e-11
3.15203e-11
-3.3678e-11
2.80316e-11
-1.54672e-11
3.06547e-12
1.71648e-12
2.08728e-12
-8.90095e-12
1.16759e-11
-7.382e-12
-2.38707e-12
1.37781e-11
-2.43931e-11
3.42822e-11
-4.42326e-11
5.2321e-11
-5.41262e-11
4.62004e-11
-3.01019e-11
1.19966e-11
5.314e-13
-3.04235e-12
-3.38158e-12
1.24471e-11
-1.70775e-11
1.36235e-11
-3.19129e-12
-1.12226e-11
2.70375e-11
-4.27294e-11
5.62303e-11
-6.40987e-11
6.18473e-11
-4.74888e-11
2.49378e-11
-3.97307e-12
-5.97973e-12
2.22543e-12
9.46702e-12
-1.98006e-11
2.20052e-11
-1.54871e-11
3.76099e-12
1.0055e-11
-2.61476e-11
4.47729e-11
-6.17873e-11
6.86318e-11
-5.92273e-11
3.61322e-11
-1.0643e-11
-4.70995e-12
4.51478e-12
6.0099e-12
-1.65777e-11
2.04761e-11
-1.86181e-11
1.45595e-11
-8.29127e-12
-4.35277e-12
2.53066e-11
-4.91435e-11
6.41966e-11
-6.11241e-11
4.1039e-11
-1.61627e-11
1.73794e-13
1.99948e-12
3.94172e-12
-9.73598e-12
1.22485e-11
-1.42978e-11
1.82625e-11
-2.08558e-11
1.42557e-11
5.46782e-12
-3.19266e-11
5.10436e-11
-5.25053e-11
3.79361e-11
-1.88557e-11
6.25198e-12
-2.8801e-12
3.57846e-12
-3.05997e-12
1.99182e-12
-5.69516e-12
1.57974e-11
-2.55758e-11
2.44626e-11
-8.47961e-12
-1.52336e-11
3.34106e-11
-3.73434e-11
2.88142e-11
-1.73095e-11
1.04221e-11
-7.90236e-12
4.37077e-12
2.08911e-12
-6.6712e-12
2.76461e-12
9.75749e-12
-2.27644e-11
2.57086e-11
-1.49309e-11
-3.04954e-12
1.68428e-11
-2.02972e-11
1.64166e-11
-1.24832e-11
1.15693e-11
-1.05448e-11
4.85208e-12
4.80436e-12
-1.18211e-11
9.20654e-12
2.79708e-12
-1.58701e-11
2.03738e-11
-1.41044e-11
3.17857e-12
4.3049e-12
-5.72519e-12
4.60823e-12
-5.7995e-12
9.38217e-12
-1.04784e-11
4.59385e-12
6.11742e-12
-1.39259e-11
1.24171e-11
-2.8123e-12
-7.57836e-12
1.1742e-11
-8.90691e-12
4.00135e-12
-2.39507e-12
4.13108e-12
-4.67199e-12
5.49669e-13
5.72019e-12
-8.08042e-12
2.96885e-12
6.60957e-12
-1.37078e-11
1.31744e-11
-6.35225e-12
-6.81981e-13
2.97673e-12
-1.56653e-12
1.15702e-12
-4.48023e-12
8.95374e-12
-9.80685e-12
5.0142e-12
1.90769e-12
-4.89841e-12
7.68976e-13
7.21371e-12
-1.26215e-11
1.18971e-11
-7.49432e-12
4.22685e-12
-4.29904e-12
5.20376e-12
-2.98832e-12
-3.38854e-12
9.94399e-12
-1.14234e-11
6.60304e-12
-1.80761e-13
-2.011e-12
-1.71387e-12
7.62254e-12
-1.08358e-11
9.66025e-12
-7.03403e-12
6.80179e-12
-9.33146e-12
1.04706e-11
-6.40665e-12
-1.86498e-12
8.14729e-12
-7.39882e-12
3.1115e-12
-4.84926e-13
1.12752e-13
2.45435e-14
4.06851e-15
0
