0
3.08871e-16
4.39473e-15
2.71643e-14
7.09532e-14
2.97808e-13
-2.06526e-12
8.87327e-12
-1.5285e-11
5.69534e-12
2.30403e-11
-5.47033e-11
6.95524e-11
-5.9872e-11
3.27495e-11
-7.71716e-12
5.82199e-13
-1.11547e-11
2.20154e-11
-1.71877e-11
-8.12518e-12
4.20615e-11
-6.54652e-11
6.3235e-11
-4.06758e-11
1.58739e-11
-6.23914e-12
1.36602e-11
-2.74605e-11
2.85645e-11
-7.56857e-12
-2.76917e-11
5.57316e-11
-6.21406e-11
4.6243e-11
-2.25986e-11
9.09595e-12
-1.53194e-11
3.08817e-11
-3.70735e-11
2.18251e-11
1.00265e-11
-4.27068e-11
5.73556e-11
-4.79259e-11
2.60151e-11
-1.17547e-11
1.48729e-11
-3.0236e-11
4.19095e-11
-3.49181e-11
6.69263e-12
2.74419e-11
-4.76318e-11
4.53893e-11
-2.83246e-11
1.23508e-11
-1.1578e-11
2.66838e-11
-4.27957e-11
4.24098e-11
-2.12263e-11
-1.01646e-11
3.48965e-11
-4.02766e-11
2.72366e-11
-1.10259e-11
7.80042e-12
-2.0126e-11
3.7175e-11
-4.41829e-11
3.21734e-11
-5.00124e-12
-2.10935e-11
3.1051e-11
-2.36039e-11
9.93493e-12
-3.16473e-12
1.04126e-11
-2.72723e-11
3.95542e-11
-3.5235e-11
1.58622e-11
6.66077e-12
-2.0188e-11
1.91799e-11
-7.81659e-12
-1.45552e-12
-1.32886e-12
1.42172e-11
-2.68291e-11
3.01263e-11
-2.10398e-11
4.01881e-12
1.01312e-11
-1.27817e-11
5.60747e-12
2.83848e-12
-5.75876e-12
7.93874e-13
9.47243e-12
-1.75329e-11
1.66844e-11
-8.27684e-12
-1.13041e-12
6.4534e-12
-5.50035e-12
-1.46e-12
9.43783e-12
-1.22572e-11
8.81178e-12
-2.65132e-12
-3.21067e-12
5.923e-12
-3.20174e-12
-2.8358e-12
5.91003e-12
-2.63915e-12
-5.97601e-12
1.69214e-11
-2.52907e-11
2.50235e-11
-1.59572e-11
5.08712e-12
4.40993e-13
1.0786e-12
-7.09389e-12
1.07173e-11
-3.94623e-12
-1.40797e-11
3.34857e-11
-4.29428e-11
3.81373e-11
-2.30455e-11
7.51889e-12
-2.70748e-12
1.04865e-11
-1.98645e-11
1.70516e-11
1.88328e-12
-2.97157e-11
5.2412e-11
-5.69037e-11
4.14527e-11
-1.98724e-11
9.06956e-12
-1.42538e-11
2.65907e-11
-3.13026e-11
1.66328e-11
1.59291e-11
-4.93441e-11
6.40297e-11
-5.51575e-11
3.39965e-11
-1.74284e-11
1.68515e-11
-3.04539e-11
4.18104e-11
-3.35023e-11
3.76336e-12
3.23923e-11
-5.68042e-11
5.92769e-11
-4.31891e-11
2.43997e-11
-1.95228e-11
3.0104e-11
-4.25412e-11
4.18711e-11
-2.28193e-11
-8.59503e-12
3.73398e-11
-4.89915e-11
4.20336e-11
-2.86527e-11
2.14186e-11
-2.41717e-11
3.25858e-11
-3.7693e-11
3.05931e-11
-1.11188e-11
-1.09941e-11
2.5717e-11
-3.04497e-11
2.72541e-11
-2.02834e-11
1.53147e-11
-1.58342e-11
1.89156e-11
-2.00205e-11
1.77408e-11
-1.16769e-11
9.40122e-13
1.11725e-11
-1.80113e-11
1.62124e-11
-7.84977e-12
-2.96323e-12
9.8905e-12
-6.45925e-12
-6.39378e-12
1.82028e-11
-1.94521e-11
9.66502e-12
3.93963e-12
-1.10114e-11
2.92358e-12
1.80556e-11
-3.68788e-11
3.83084e-11
-2.09167e-11
-4.03029e-12
2.1597e-11
-2.1927e-11
7.59468e-12
5.01353e-12
3.48629e-13
-2.39053e-11
5.01719e-11
-6.20522e-11
5.12504e-11
-2.30257e-11
-5.4549e-12
1.70635e-11
-1.07231e-11
9.46494e-13
-2.73513e-12
2.00445e-11
-4.58236e-11
6.55065e-11
-6.59059e-11
4.6659e-11
-2.13292e-11
3.37371e-12
3.70555e-12
-4.24319e-12
5.11067e-12
-1.31179e-11
2.89413e-11
-4.4962e-11
5.27276e-11
-5.08448e-11
4.15208e-11
-2.66476e-11
9.83905e-12
2.98917e-12
-9.41974e-12
1.11531e-11
-1.05006e-11
1.0512e-11
-1.63768e-11
2.84867e-11
-3.82911e-11
3.60025e-11
-2.07516e-11
-2.3866e-13
1.61112e-11
-1.69416e-11
1.40088e-12
1.76299e-11
-2.33768e-11
1.11287e-11
8.8001e-12
-2.1645e-11
1.74099e-11
2.50156e-12
-2.31671e-11
2.58083e-11
-5.77361e-12
-2.33691e-11
4.32619e-11
-4.45447e-11
2.9762e-11
-1.15641e-11
4.9659e-12
-1.42003e-11
2.75395e-11
-2.99207e-11
1.64251e-11
7.53102e-12
-3.25331e-11
4.85885e-11
-5.07819e-11
4.38291e-11
-3.65247e-11
3.18056e-11
-2.77469e-11
2.37293e-11
-1.95218e-11
1.17298e-11
2.19261e-12
-2.0232e-11
3.84032e-11
-5.23934e-11
5.54893e-11
-4.35171e-11
2.3062e-11
-8.03749e-12
6.17395e-12
-1.38307e-11
2.09223e-11
-1.68817e-11
-2.98795e-12
2.96572e-11
-4.43687e-11
3.5959e-11
-1.17631e-11
-1.0868e-11
1.80068e-11
-6.23669e-12
-1.5387e-11
2.92801e-11
-2.42197e-11
6.55325e-12
7.01977e-12
-6.23941e-12
-7.53672e-12
2.55468e-11
-3.64183e-11
3.18925e-11
-1.47568e-11
-4.08806e-12
1.72242e-11
-2.53074e-11
2.98034e-11
-3.07362e-11
3.0203e-11
-3.18666e-11
3.564e-11
-3.92775e-11
4.05989e-11
-3.53489e-11
1.73663e-11
1.1413e-11
-3.80239e-11
4.92571e-11
-4.34754e-11
2.88597e-11
-1.76708e-11
1.9808e-11
-3.4822e-11
4.75772e-11
-4.1492e-11
1.53651e-11
1.56684e-11
-3.49594e-11
3.42198e-11
-1.68773e-11
-3.26045e-12
1.01206e-11
-3.99303e-13
-1.43566e-11
2.11862e-11
-1.75171e-11
7.78538e-12
1.71236e-12
-4.64745e-12
-2.20538e-12
1.44904e-11
-2.55545e-11
3.31951e-11
-3.70792e-11
3.28757e-11
-1.78132e-11
-2.38957e-12
1.77214e-11
-2.32174e-11
2.03115e-11
-1.53388e-11
1.82464e-11
-3.52321e-11
5.81198e-11
-6.84389e-11
5.52647e-11
-2.48805e-11
-6.8409e-12
2.55183e-11
-2.49808e-11
1.21136e-11
-3.87553e-12
1.18917e-11
-3.04769e-11
4.44837e-11
-4.47089e-11
3.19971e-11
-1.24978e-11
-4.74276e-12
1.17622e-11
-8.27891e-12
9.4798e-13
6.15957e-12
-1.35008e-11
1.8882e-11
-1.65921e-11
6.42104e-12
4.32951e-12
-8.59907e-12
4.85103e-12
3.6558e-12
-8.15831e-12
-2.39199e-12
2.93612e-11
-5.76805e-11
6.84047e-11
-5.60895e-11
3.05757e-11
-6.75862e-12
-3.90379e-12
-5.91979e-13
9.13283e-12
-5.87638e-12
-1.34246e-11
3.73526e-11
-5.25982e-11
5.45155e-11
-4.51159e-11
2.86857e-11
-1.22048e-11
1.45689e-12
3.31002e-12
-4.50762e-12
1.0027e-12
6.91947e-12
-1.21088e-11
6.67748e-12
6.18809e-12
-1.54658e-11
1.2921e-11
8.54435e-13
-1.82405e-11
2.54014e-11
-1.13757e-11
-1.98785e-11
4.85031e-11
-5.78905e-11
4.78342e-11
-3.06104e-11
1.7824e-11
-1.58882e-11
2.24008e-11
-2.69395e-11
1.8765e-11
6.79107e-13
-2.15283e-11
3.6997e-11
-4.73468e-11
5.11687e-11
-4.53273e-11
3.05782e-11
-1.35628e-11
5.38329e-13
3.36964e-12
3.9592e-12
-1.68574e-11
2.11045e-11
-8.79532e-12
-1.12829e-11
2.17149e-11
-1.41416e-11
-6.4968e-12
2.72245e-11
-3.40621e-11
1.96573e-11
8.24961e-12
-3.20182e-11
4.0897e-11
-3.90631e-11
3.52103e-11
-3.25052e-11
3.0865e-11
-3.08138e-11
3.1139e-11
-2.84787e-11
2.16938e-11
-1.07815e-11
-6.62061e-12
3.06779e-11
-5.09884e-11
5.34699e-11
-3.58699e-11
1.15456e-11
3.99793e-12
-3.40044e-12
-1.02527e-11
2.56402e-11
-2.82949e-11
1.43785e-11
3.82501e-12
-9.80716e-12
4.1511e-13
1.56229e-11
-2.90033e-11
3.53444e-11
-3.1834e-11
1.90538e-11
-1.47103e-12
-1.64831e-11
3.35696e-11
-4.56345e-11
4.57095e-11
-3.39067e-11
2.2715e-11
-2.38153e-11
3.5271e-11
-4.4478e-11
4.05024e-11
-2.00367e-11
-1.04032e-11
3.51206e-11
-3.90498e-11
2.2628e-11
-1.84471e-12
-9.07783e-12
8.9572e-12
-3.51879e-12
-3.83919e-12
1.08783e-11
-1.51721e-11
1.64843e-11
-1.71504e-11
1.70363e-11
-1.63777e-11
2.03962e-11
-3.48507e-11
5.28945e-11
-5.83256e-11
4.15278e-11
-1.00325e-11
-2.08823e-11
3.81179e-11
-3.72022e-11
2.35555e-11
-1.23225e-11
1.4402e-11
-2.6142e-11
3.37512e-11
-3.13411e-11
2.27847e-11
-1.32397e-11
2.92379e-12
5.84337e-12
-8.84124e-12
3.08658e-12
1.02088e-11
-2.88717e-11
4.51248e-11
-4.67775e-11
2.73181e-11
1.75156e-12
-2.14066e-11
2.313e-11
-1.53262e-11
1.03541e-11
-1.57972e-11
3.13329e-11
-4.95044e-11
5.77097e-11
-4.98565e-11
3.21101e-11
-1.48783e-11
4.8396e-13
1.26687e-11
-2.05306e-11
1.57708e-11
3.95599e-13
-1.74121e-11
2.4911e-11
-1.90288e-11
2.79754e-12
1.36002e-11
-1.71952e-11
5.56046e-12
7.34538e-12
-4.59688e-12
-1.51471e-11
3.93716e-11
-5.60341e-11
6.12737e-11
-5.4903e-11
3.95549e-11
-2.06818e-11
3.75412e-12
1.00953e-11
-1.85762e-11
1.66111e-11
-3.83943e-12
-7.49754e-12
4.60189e-12
1.10299e-11
-2.42768e-11
2.38547e-11
-1.00814e-11
-7.66998e-12
1.78229e-11
-1.08328e-11
-1.17707e-11
3.68709e-11
-5.11152e-11
5.39064e-11
-5.11492e-11
4.36961e-11
-2.79454e-11
7.56145e-12
7.14565e-12
-9.96271e-12
4.59102e-12
9.12917e-13
1.10512e-12
-1.43535e-11
3.31411e-11
-4.21567e-11
3.04834e-11
-5.50719e-12
-1.40116e-11
1.71355e-11
-7.41525e-12
-7.91479e-12
2.48128e-11
-4.0081e-11
4.89698e-11
-4.95605e-11
4.21889e-11
-2.78393e-11
1.00239e-11
9.72891e-13
1.91927e-12
-1.16216e-11
1.08649e-11
6.86234e-12
-3.10905e-11
4.57437e-11
-4.44319e-11
2.9444e-11
-8.76856e-12
-7.98021e-12
1.28589e-11
-7.36126e-12
-2.63911e-12
1.48453e-11
-3.1654e-11
4.77724e-11
-5.15576e-11
3.81728e-11
-1.92698e-11
9.3951e-12
-1.25166e-11
2.03593e-11
-2.2969e-11
1.3021e-11
9.07621e-12
-3.35371e-11
4.56886e-11
-4.09982e-11
2.76974e-11
-1.52083e-11
3.26864e-12
9.40423e-12
-1.61054e-11
7.63853e-12
1.39101e-11
-3.62187e-11
4.76726e-11
-4.47801e-11
3.13775e-11
-1.77054e-11
1.50551e-11
-2.47355e-11
3.39065e-11
-2.91107e-11
1.15293e-11
7.29323e-12
-2.09493e-11
3.15031e-11
-3.86659e-11
3.65116e-11
-2.18613e-11
6.51794e-13
1.70692e-11
-2.22606e-11
1.03e-11
1.49813e-11
-3.84637e-11
4.54205e-11
-3.63609e-11
2.63048e-11
-2.54378e-11
2.99794e-11
-3.15761e-11
2.95934e-11
-2.66972e-11
2.16599e-11
-1.05127e-11
-6.29314e-12
2.44402e-11
-3.73994e-11
3.74245e-11
-1.9355e-11
-9.13641e-12
2.89056e-11
-2.62175e-11
6.986e-12
1.28136e-11
-2.51407e-11
3.2997e-11
-3.87504e-11
3.99202e-11
-3.5476e-11
2.92738e-11
-2.54954e-11
2.58133e-11
-2.99978e-11
3.35866e-11
-2.71008e-11
5.40566e-12
2.09853e-11
-3.29728e-11
2.2726e-11
-1.30543e-12
-1.65002e-11
2.57431e-11
-2.84231e-11
2.36031e-11
-9.41443e-12
-1.14994e-11
3.19251e-11
-4.55938e-11
4.75282e-11
-3.69113e-11
2.12633e-11
-1.49969e-11
2.37079e-11
-3.63648e-11
3.67295e-11
-2.31795e-11
7.12592e-12
2.10657e-12
-5.55855e-12
5.16094e-12
1.16132e-12
-1.52845e-11
3.24538e-11
-4.51444e-11
4.59983e-11
-3.04979e-11
4.57253e-13
3.03203e-11
-4.48421e-11
3.88325e-11
-2.55823e-11
1.84613e-11
-1.75124e-11
1.53269e-11
-1.19319e-11
1.29847e-11
-1.89928e-11
2.266e-11
-1.90344e-11
1.04244e-11
-3.63976e-12
5.38643e-12
-1.99548e-11
4.30777e-11
-6.02297e-11
5.74279e-11
-3.63449e-11
1.16621e-11
6.24602e-12
-1.92578e-11
2.99071e-11
-3.19892e-11
1.91281e-11
2.66066e-12
-1.87234e-11
1.98936e-11
-8.21962e-12
-8.07787e-12
2.01717e-11
-2.21762e-11
1.62249e-11
-1.24883e-11
1.87545e-11
-3.06653e-11
3.84146e-11
-4.04804e-11
4.31369e-11
-4.59915e-11
3.86847e-11
-1.58368e-11
-1.14103e-11
2.54521e-11
-1.91671e-11
-8.11049e-13
2.34286e-11
-3.96217e-11
4.38975e-11
-3.62741e-11
2.25181e-11
-7.72964e-12
-8.09048e-12
2.41681e-11
-3.2557e-11
2.6061e-11
-1.1415e-11
5.29311e-12
-1.4661e-11
2.83346e-11
-3.17814e-11
2.34378e-11
-1.21586e-11
4.27641e-12
-5.0143e-13
1.36884e-12
-9.00718e-12
2.31333e-11
-4.06142e-11
5.6859e-11
-6.49103e-11
5.57843e-11
-2.81952e-11
-4.24294e-12
2.22651e-11
-2.03793e-11
9.50806e-12
-6.62442e-13
-7.31778e-12
1.8341e-11
-2.72192e-11
2.41037e-11
-9.07783e-12
-7.08306e-12
1.4482e-11
-1.27702e-11
7.66462e-12
-6.30671e-12
1.36476e-11
-2.88762e-11
4.26848e-11
-4.5355e-11
3.69673e-11
-2.62174e-11
1.68275e-11
-4.5548e-12
-1.07143e-11
1.64646e-11
-1.09361e-12
-2.95046e-11
5.53624e-11
-6.30827e-11
5.48115e-11
-3.94017e-11
2.15731e-11
-3.68754e-12
-1.02933e-11
1.61487e-11
-1.31856e-11
3.03991e-12
1.03674e-11
-1.94225e-11
1.60664e-11
-2.25463e-12
-8.71741e-12
6.37478e-12
3.38227e-12
-6.39716e-12
-1.51897e-12
1.16588e-11
-1.8175e-11
2.60624e-11
-4.01206e-11
5.28666e-11
-5.15047e-11
3.30565e-11
-7.65429e-12
-1.17683e-11
1.75368e-11
-8.3367e-12
-1.15356e-11
3.3028e-11
-4.81519e-11
5.52824e-11
-5.58905e-11
4.7248e-11
-2.59957e-11
-7.90906e-13
1.62111e-11
-1.12638e-11
-4.00643e-12
1.27581e-11
-1.11999e-11
8.48116e-12
-1.02096e-11
1.11225e-11
-6.16414e-12
-2.595e-13
5.22377e-13
5.03899e-12
-8.68e-12
3.64172e-12
1.08789e-11
-3.05251e-11
4.66384e-11
-4.98897e-11
3.79043e-11
-1.91029e-11
3.89699e-12
5.59092e-12
-1.24291e-11
1.28354e-11
2.57227e-12
-3.31558e-11
6.12429e-11
-6.86479e-11
5.53269e-11
-3.60334e-11
2.0908e-11
-8.60237e-12
-3.10379e-12
8.62551e-12
-2.02803e-12
-1.34417e-11
2.74199e-11
-3.25058e-11
2.80937e-11
-1.84316e-11
9.79588e-12
-7.9192e-12
1.22501e-11
-1.51315e-11
1.00037e-11
-1.52623e-13
-6.86414e-12
1.09256e-11
-1.89668e-11
3.03802e-11
-3.25696e-11
1.62372e-11
9.14048e-12
-2.40836e-11
2.00476e-11
-5.18654e-12
-1.09003e-11
2.77501e-11
-4.70853e-11
6.20026e-11
-6.16761e-11
4.36419e-11
-1.72934e-11
-4.86778e-12
1.46148e-11
-9.8822e-12
-5.84041e-12
2.42422e-11
-3.78287e-11
4.51232e-11
-4.83459e-11
4.56646e-11
-3.28299e-11
1.33084e-11
-6.82243e-13
3.88613e-12
-1.51516e-11
1.89271e-11
-1.18764e-11
5.01381e-12
-6.5345e-12
1.0654e-11
-9.01861e-12
4.85256e-12
-8.3574e-12
1.99733e-11
-2.76393e-11
2.084e-11
-2.09713e-12
-1.82763e-11
3.24818e-11
-3.80832e-11
3.4416e-11
-2.23003e-11
5.25595e-12
1.14733e-11
-2.31673e-11
2.43801e-11
-9.95902e-12
-1.83868e-11
4.73086e-11
-6.10735e-11
5.62287e-11
-4.30056e-11
3.00894e-11
-1.56959e-11
-2.69569e-12
1.57254e-11
-9.90966e-12
-1.38001e-11
3.75392e-11
-4.64173e-11
4.30241e-11
-3.87221e-11
3.61701e-11
-2.92698e-11
1.67277e-11
-7.30873e-12
8.38643e-12
-1.64152e-11
2.16955e-11
-1.97944e-11
1.37632e-11
-8.82651e-12
7.99658e-12
-1.2161e-11
1.93694e-11
-2.52068e-11
2.61551e-11
-2.31629e-11
1.7978e-11
-8.27093e-12
-9.05641e-12
2.80464e-11
-3.47707e-11
2.19316e-11
8.12153e-13
-1.75925e-11
2.34905e-11
-2.49323e-11
2.35699e-11
-1.09092e-11
-1.71927e-11
4.73313e-11
-5.95907e-11
4.87314e-11
-2.7789e-11
1.0074e-11
3.07247e-12
-1.4739e-11
1.9954e-11
-9.8525e-12
-1.48663e-11
4.09468e-11
-5.51898e-11
5.46812e-11
-4.47381e-11
3.08789e-11
-1.68201e-11
5.94154e-12
-1.29594e-12
3.56523e-12
-1.18676e-11
2.42281e-11
-3.62321e-11
4.08821e-11
-3.52036e-11
2.5358e-11
-2.12594e-11
2.43121e-11
-2.63342e-11
2.1778e-11
-1.63746e-11
1.75861e-11
-2.17196e-11
1.79101e-11
-5.64154e-12
-1.49526e-12
-7.19872e-12
2.44247e-11
-3.43948e-11
3.24367e-11
-2.74871e-11
2.49063e-11
-1.77788e-11
-6.87831e-13
2.22189e-11
-3.01919e-11
1.85503e-11
2.22885e-12
-1.92256e-11
2.91378e-11
-3.43916e-11
3.27742e-11
-1.88796e-11
-6.27521e-12
3.18803e-11
-4.59931e-11
4.39131e-11
-2.88258e-11
7.22105e-12
1.33804e-11
-2.61944e-11
2.73666e-11
-1.73958e-11
-1.24643e-12
2.49885e-11
-4.70732e-11
5.70919e-11
-4.88246e-11
2.78178e-11
-7.66879e-12
-3.51647e-12
8.05618e-12
-9.44964e-12
3.23979e-12
1.56051e-11
-3.99905e-11
5.32325e-11
-4.7682e-11
3.32786e-11
-2.4028e-11
2.05399e-11
-1.41486e-11
4.31176e-12
-2.57871e-12
1.53999e-11
-3.23813e-11
3.79017e-11
-3.10689e-11
2.48324e-11
-2.7122e-11
3.09101e-11
-2.72235e-11
1.94554e-11
-1.83206e-11
2.50693e-11
-2.92259e-11
2.31796e-11
-1.29186e-11
9.38366e-12
-1.47903e-11
2.2e-11
-2.60737e-11
2.91662e-11
-3.39983e-11
3.69145e-11
-3.19886e-11
1.88016e-11
-3.85868e-12
-5.76072e-12
6.77997e-12
2.90875e-13
-1.30738e-11
2.73599e-11
-3.83831e-11
4.25956e-11
-3.85623e-11
2.5657e-11
-5.47636e-12
-1.54361e-11
2.66202e-11
-2.20243e-11
5.71315e-12
1.25043e-11
-2.72011e-11
3.84341e-11
-4.40603e-11
3.64295e-11
-1.24477e-11
-1.73938e-11
3.57367e-11
-3.54908e-11
2.41189e-11
-1.07609e-11
-5.06371e-12
2.58095e-11
-4.3157e-11
4.17341e-11
-1.80911e-11
-1.25404e-11
3.2042e-11
-3.76547e-11
3.76006e-11
-3.38695e-11
1.87277e-11
8.7609e-12
-3.31399e-11
3.63641e-11
-1.84252e-11
-4.50283e-12
2.03703e-11
-3.19251e-11
4.37871e-11
-4.89379e-11
3.60759e-11
-8.38172e-12
-1.56542e-11
2.155e-11
-1.30116e-11
1.92841e-12
8.5091e-12
-2.37921e-11
4.26771e-11
-5.25801e-11
4.35993e-11
-2.22109e-11
4.10119e-12
2.95262e-12
-3.72476e-12
3.05704e-12
2.5123e-12
-1.75799e-11
3.64922e-11
-4.67845e-11
4.26417e-11
-3.06607e-11
2.01212e-11
-1.31683e-11
6.81871e-12
-2.01794e-12
4.14712e-12
-1.51815e-11
2.88485e-11
-3.69142e-11
3.70654e-11
-3.31585e-11
2.84652e-11
-2.29387e-11
1.6244e-11
-1.11908e-11
1.11822e-11
-1.64053e-11
2.3339e-11
-2.85598e-11
3.08169e-11
-3.06578e-11
2.87119e-11
-2.58108e-11
2.28339e-11
-2.06213e-11
1.94893e-11
-1.99521e-11
2.21617e-11
-2.51099e-11
2.64778e-11
-2.53503e-11
2.35406e-11
-2.37492e-11
2.56795e-11
-2.66261e-11
2.53387e-11
-2.42389e-11
2.54031e-11
-2.69229e-11
2.49542e-11
-1.99806e-11
1.70825e-11
-1.97104e-11
2.47718e-11
-2.72126e-11
2.68189e-11
-2.78742e-11
3.1264e-11
-3.19854e-11
2.5894e-11
-1.69673e-11
1.30632e-11
-1.6313e-11
2.09941e-11
-2.26642e-11
2.41037e-11
-2.98684e-11
3.69834e-11
-3.7292e-11
2.82908e-11
-1.76443e-11
1.35195e-11
-1.51057e-11
1.5913e-11
-1.51446e-11
1.8874e-11
-2.97309e-11
3.99933e-11
-4.02147e-11
3.09992e-11
-2.192e-11
1.84111e-11
-1.64417e-11
1.13777e-11
-7.70677e-12
1.34055e-11
-2.75207e-11
3.88431e-11
-3.93815e-11
3.30469e-11
-2.84088e-11
2.5993e-11
-1.97294e-11
9.00867e-12
-3.16095e-12
9.72031e-12
-2.38401e-11
3.36463e-11
-3.49577e-11
3.38023e-11
-3.49578e-11
3.36464e-11
-2.38403e-11
9.72059e-12
-3.1612e-12
9.00889e-12
-1.97297e-11
2.59933e-11
-2.8409e-11
3.3047e-11
-3.93814e-11
3.88429e-11
-2.75207e-11
1.34054e-11
-7.70653e-12
1.13772e-11
-1.64413e-11
1.84109e-11
-2.192e-11
3.09992e-11
-4.02145e-11
3.99932e-11
-2.9731e-11
1.88742e-11
-1.51449e-11
1.59131e-11
-1.51056e-11
1.35195e-11
-1.76444e-11
2.82909e-11
-3.72922e-11
3.69835e-11
-2.98684e-11
2.41038e-11
-2.26644e-11
2.09942e-11
-1.6313e-11
1.30631e-11
-1.69671e-11
2.58937e-11
-3.19852e-11
3.12638e-11
-2.78739e-11
2.68186e-11
-2.72124e-11
2.47717e-11
-1.97106e-11
1.70828e-11
-1.99809e-11
2.49545e-11
-2.69231e-11
2.54034e-11
-2.42392e-11
2.53389e-11
-2.6626e-11
2.56793e-11
-2.3749e-11
2.35406e-11
-2.53502e-11
2.64776e-11
-2.51096e-11
2.21616e-11
-1.99522e-11
1.94895e-11
-2.06213e-11
2.28337e-11
-2.58107e-11
2.8712e-11
-3.0658e-11
3.08169e-11
-2.85596e-11
2.33389e-11
-1.64055e-11
1.11826e-11
-1.11911e-11
1.62441e-11
-2.29386e-11
2.84653e-11
-3.31586e-11
3.70654e-11
-3.6914e-11
2.88482e-11
-1.51813e-11
4.14709e-12
-2.018e-12
6.8187e-12
-1.31682e-11
2.01211e-11
-3.06607e-11
4.26418e-11
-4.67846e-11
3.64921e-11
-1.75797e-11
2.51222e-12
3.05697e-12
-3.72463e-12
2.95253e-12
4.1013e-12
-2.22112e-11
4.35997e-11
-5.25804e-11
4.26772e-11
-2.37922e-11
8.50909e-12
1.92847e-12
-1.30118e-11
2.15504e-11
-1.56546e-11
-8.38138e-12
3.60757e-11
-4.89376e-11
4.37868e-11
-3.1925e-11
2.03705e-11
-4.50322e-12
-1.84248e-11
3.63638e-11
-3.31396e-11
8.76047e-12
1.87281e-11
-3.38697e-11
3.76005e-11
-3.76544e-11
3.20417e-11
-1.25401e-11
-1.80916e-11
4.17346e-11
-4.31573e-11
2.58096e-11
-5.06368e-12
-1.0761e-11
2.41191e-11
-3.54912e-11
3.57371e-11
-1.73941e-11
-1.24475e-11
3.64295e-11
-4.40603e-11
3.84341e-11
-2.72012e-11
1.25045e-11
5.71284e-12
-2.20241e-11
2.66201e-11
-1.54362e-11
-5.47624e-12
2.56569e-11
-3.85624e-11
4.25956e-11
-3.83829e-11
2.73598e-11
-1.30738e-11
2.9105e-13
6.77983e-12
-5.76079e-12
-3.85848e-12
1.88015e-11
-3.19886e-11
3.69145e-11
-3.39981e-11
2.91659e-11
-2.60735e-11
2.20001e-11
-1.47905e-11
9.38376e-12
-1.29186e-11
2.31797e-11
-2.92261e-11
2.50695e-11
-1.83208e-11
1.94554e-11
-2.72234e-11
3.091e-11
-2.71219e-11
2.48324e-11
-3.10689e-11
3.79018e-11
-3.23813e-11
1.54e-11
-2.5789e-12
4.31208e-12
-1.41487e-11
2.05398e-11
-2.40277e-11
3.32783e-11
-4.76819e-11
5.32322e-11
-3.99899e-11
1.56045e-11
3.24002e-12
-9.44948e-12
8.056e-12
-3.51643e-12
-7.66889e-12
2.78182e-11
-4.88252e-11
5.70924e-11
-4.70735e-11
2.49888e-11
-1.24669e-12
-1.73955e-11
2.73665e-11
-2.61944e-11
1.33806e-11
7.22063e-12
-2.88252e-11
4.39127e-11
-4.59927e-11
3.18799e-11
-6.27477e-12
-1.88799e-11
3.27742e-11
-3.43914e-11
2.91375e-11
-1.92253e-11
2.22852e-12
1.85506e-11
-3.01922e-11
2.22191e-11
-6.87961e-13
-1.77788e-11
2.49065e-11
-2.74873e-11
3.24369e-11
-3.43948e-11
2.44246e-11
-7.19874e-12
-1.4951e-12
-5.64163e-12
1.791e-11
-2.17193e-11
1.75859e-11
-1.63746e-11
2.17781e-11
-2.63341e-11
2.4312e-11
-2.12594e-11
2.53581e-11
-3.52038e-11
4.08823e-11
-3.62324e-11
2.42284e-11
-1.18678e-11
3.56527e-12
-1.29584e-12
5.9414e-12
-1.682e-11
3.08787e-11
-4.47377e-11
5.46808e-11
-5.51895e-11
4.09468e-11
-1.48664e-11
-9.85233e-12
1.99539e-11
-1.47388e-11
3.07209e-12
1.00744e-11
-2.77893e-11
4.87315e-11
-5.95907e-11
4.73312e-11
-1.71924e-11
-1.09095e-11
2.35702e-11
-2.49326e-11
2.34908e-11
-1.75927e-11
8.12168e-13
2.19318e-11
-3.47711e-11
2.80468e-11
-9.05683e-12
-8.27054e-12
1.79777e-11
-2.31626e-11
2.61551e-11
-2.52072e-11
1.937e-11
-1.21617e-11
7.9971e-12
-8.82684e-12
1.37635e-11
-1.97947e-11
2.16955e-11
-1.64147e-11
8.38554e-12
-7.30785e-12
1.67271e-11
-2.92694e-11
3.61699e-11
-3.87219e-11
4.30243e-11
-4.64178e-11
3.754e-11
-1.38009e-11
-9.90896e-12
1.57249e-11
-2.69542e-12
-1.56959e-11
3.00893e-11
-4.30054e-11
5.62284e-11
-6.1073e-11
4.7308e-11
-1.83861e-11
-9.95955e-12
2.43803e-11
-2.31673e-11
1.14733e-11
5.25585e-12
-2.23002e-11
3.44163e-11
-3.80837e-11
3.24822e-11
-1.82765e-11
-2.09713e-12
2.084e-11
-2.76392e-11
1.99733e-11
-8.35736e-12
4.85248e-12
-9.01838e-12
1.06537e-11
-6.53413e-12
5.01344e-12
-1.1876e-11
1.89269e-11
-1.51516e-11
3.88658e-12
-6.82984e-13
1.33091e-11
-3.28305e-11
4.56651e-11
-4.83464e-11
4.51237e-11
-3.78289e-11
2.42421e-11
-5.84e-12
-9.8826e-12
1.46151e-11
-4.86803e-12
-1.72932e-11
4.36417e-11
-6.16758e-11
6.20022e-11
-4.70849e-11
2.77499e-11
-1.09004e-11
-5.18639e-12
2.00475e-11
-2.40835e-11
9.14011e-12
1.62379e-11
-3.25702e-11
3.03804e-11
-1.89666e-11
1.09251e-11
-6.86359e-12
-1.53157e-13
1.00042e-11
-1.51319e-11
1.22503e-11
-7.91918e-12
9.79547e-12
-1.84309e-11
2.8093e-11
-3.25054e-11
2.74197e-11
-1.34416e-11
-2.0281e-12
8.62547e-12
-3.10367e-12
-8.60254e-12
2.0908e-11
-3.60333e-11
5.53266e-11
-6.86477e-11
6.12428e-11
-3.31558e-11
2.57226e-12
1.28353e-11
-1.24289e-11
5.59068e-12
3.89711e-12
-1.91031e-11
3.79043e-11
-4.98897e-11
4.66383e-11
-3.05253e-11
1.08792e-11
3.6412e-12
-8.67967e-12
5.03879e-12
5.22602e-13
-2.59921e-13
-6.16379e-12
1.11225e-11
-1.02101e-11
8.48182e-12
-1.12004e-11
1.27583e-11
-4.00664e-12
-1.12635e-11
1.62106e-11
-7.90562e-13
-2.59956e-11
4.72477e-11
-5.58902e-11
5.52825e-11
-4.81521e-11
3.30282e-11
-1.15355e-11
-8.33669e-12
1.75366e-11
-1.1768e-11
-7.65439e-12
3.30564e-11
-5.15043e-11
5.28662e-11
-4.012e-11
2.60618e-11
-1.81745e-11
1.16585e-11
-1.51855e-12
-6.39748e-12
3.38241e-12
6.37519e-12
-8.71804e-12
-2.25395e-12
1.6066e-11
-1.94221e-11
1.0367e-11
3.04037e-12
-1.31857e-11
1.61486e-11
-1.02929e-11
-3.68783e-12
2.15734e-11
-3.94017e-11
5.48115e-11
-6.30826e-11
5.53623e-11
-2.95043e-11
-1.09379e-12
1.64647e-11
-1.07143e-11
-4.55482e-12
1.68277e-11
-2.62176e-11
3.69676e-11
-4.53551e-11
4.26849e-11
-2.88762e-11
1.36477e-11
-6.30688e-12
7.6648e-12
-1.27704e-11
1.44823e-11
-7.08357e-12
-9.0773e-12
2.41032e-11
-2.72189e-11
1.83407e-11
-7.31768e-12
-6.62462e-13
9.5078e-12
-2.0379e-11
2.22645e-11
-4.24229e-12
-2.81961e-11
5.57851e-11
-6.4911e-11
5.68594e-11
-4.06147e-11
2.31335e-11
-9.00736e-12
1.36861e-12
-5.0115e-13
4.27587e-12
-1.21584e-11
2.34377e-11
-3.17817e-11
2.83347e-11
-1.46611e-11
5.29292e-12
-1.14149e-11
2.60606e-11
-3.25567e-11
2.41676e-11
-8.09008e-12
-7.73016e-12
2.25183e-11
-3.62743e-11
4.38974e-11
-3.96217e-11
2.34286e-11
-8.11409e-13
-1.91666e-11
2.54513e-11
-1.14097e-11
-1.58374e-11
3.8685e-11
-4.59915e-11
4.31365e-11
-4.04798e-11
3.84138e-11
-3.06643e-11
1.87535e-11
-1.24873e-11
1.62241e-11
-2.21756e-11
2.01716e-11
-8.07781e-12
-8.21951e-12
1.98938e-11
-1.87235e-11
2.66086e-12
1.91282e-11
-3.1989e-11
2.99071e-11
-1.92576e-11
6.2463e-12
1.16617e-11
-3.6344e-11
5.74274e-11
-6.02289e-11
4.30774e-11
-1.99542e-11
5.38629e-12
-3.63945e-12
1.04246e-11
-1.90343e-11
2.26603e-11
-1.89926e-11
1.29848e-11
-1.19316e-11
1.53271e-11
-1.75125e-11
1.84618e-11
-2.55825e-11
3.88329e-11
-4.48421e-11
3.03206e-11
4.57161e-13
-3.04975e-11
4.59984e-11
-4.51443e-11
3.24537e-11
-1.5284e-11
1.16114e-12
5.16088e-12
-5.55806e-12
2.10614e-12
7.1264e-12
-2.318e-11
3.67301e-11
-3.63651e-11
2.37078e-11
-1.49965e-11
2.12629e-11
-3.69111e-11
4.75279e-11
-4.55939e-11
3.19254e-11
-1.15e-11
-9.41439e-12
2.36032e-11
-2.84236e-11
2.57432e-11
-1.65007e-11
-1.30523e-12
2.27255e-11
-3.29728e-11
2.09852e-11
5.40515e-12
-2.71006e-11
3.35859e-11
-2.99979e-11
2.58131e-11
-2.54959e-11
2.92737e-11
-3.54762e-11
3.99199e-11
-3.87505e-11
3.29968e-11
-2.51412e-11
1.28138e-11
6.98533e-12
-2.62174e-11
2.8905e-11
-9.13646e-12
-1.93552e-11
3.74241e-11
-3.73992e-11
2.44396e-11
-6.2929e-12
-1.05132e-11
2.16598e-11
-2.66972e-11
2.95931e-11
-3.15761e-11
2.99794e-11
-2.54381e-11
2.6305e-11
-3.63611e-11
4.54207e-11
-3.84639e-11
1.49815e-11
1.03e-11
-2.22607e-11
1.70696e-11
6.5164e-13
-2.18609e-11
3.65116e-11
-3.86657e-11
3.15033e-11
-2.09488e-11
7.2931e-12
1.15298e-11
-2.91106e-11
3.3907e-11
-2.47352e-11
1.50554e-11
-1.77051e-11
3.13778e-11
-4.47796e-11
4.76727e-11
-3.62183e-11
1.39107e-11
7.63848e-12
-1.61047e-11
9.40443e-12
3.26899e-12
-1.52076e-11
2.76971e-11
-4.09971e-11
4.56884e-11
-3.35364e-11
9.07637e-12
1.30215e-11
-2.29686e-11
2.03594e-11
-1.2516e-11
9.3953e-12
-1.92696e-11
3.81732e-11
-5.15576e-11
4.7773e-11
-3.16542e-11
1.48456e-11
-2.63888e-12
-7.3614e-12
1.28593e-11
-7.98033e-12
-8.76836e-12
2.94439e-11
-4.44318e-11
4.57435e-11
-3.10903e-11
6.8619e-12
1.08652e-11
-1.16218e-11
1.919e-12
9.7269e-13
1.00239e-11
-2.78399e-11
4.21889e-11
-4.95608e-11
4.89694e-11
-4.00811e-11
2.48123e-11
-7.91517e-12
-7.4154e-12
1.7135e-11
-1.40122e-11
-5.50709e-12
3.04825e-11
-4.21569e-11
3.31406e-11
-1.43539e-11
1.10471e-12
9.12469e-13
4.59059e-12
-9.96319e-12
7.14528e-12
7.56103e-12
-2.79459e-11
4.36958e-11
-5.11498e-11
5.39062e-11
-5.11157e-11
3.68706e-11
-1.17709e-11
-1.08333e-11
1.78227e-11
-7.67029e-12
-1.00818e-11
2.38549e-11
-2.42774e-11
1.10299e-11
4.60178e-12
-7.49792e-12
-3.83918e-12
1.66107e-11
-1.85761e-11
1.00951e-11
3.75426e-12
-2.06819e-11
3.95551e-11
-5.49031e-11
6.12741e-11
-5.60342e-11
3.9372e-11
-1.5147e-11
-4.59655e-12
7.34548e-12
5.56098e-12
-1.71952e-11
1.36007e-11
2.79791e-12
-1.90286e-11
2.49115e-11
-1.74116e-11
3.95673e-13
1.57716e-11
-2.05304e-11
1.2669e-11
4.84603e-13
-1.48779e-11
3.21104e-11
-4.98558e-11
5.77099e-11
-4.95039e-11
3.13336e-11
-1.57971e-11
1.03547e-11
-1.53256e-11
2.31303e-11
-2.14063e-11
1.75225e-12
2.73181e-11
-4.67767e-11
4.51249e-11
-2.88713e-11
1.02092e-11
3.08692e-12
-8.84119e-12
5.84389e-12
2.92373e-12
-1.32392e-11
2.27845e-11
-3.13407e-11
3.3751e-11
-2.61417e-11
1.44021e-11
-1.23226e-11
2.35557e-11
-3.72024e-11
3.81179e-11
-2.08822e-11
-1.00329e-11
4.15279e-11
-5.83259e-11
5.28942e-11
-3.48507e-11
2.03956e-11
-1.63776e-11
1.70358e-11
-1.71508e-11
1.64842e-11
-1.51727e-11
1.08781e-11
-3.83972e-12
-3.51911e-12
8.95686e-12
-9.07822e-12
-1.84525e-12
2.26277e-11
-3.90503e-11
3.51203e-11
-1.04037e-11
-2.00369e-11
4.05018e-11
-4.44784e-11
3.52706e-11
-2.38156e-11
2.27144e-11
-3.39069e-11
4.5709e-11
-4.56348e-11
3.35694e-11
-1.64838e-11
-1.47086e-12
1.90532e-11
-3.18342e-11
3.53443e-11
-2.90036e-11
1.56228e-11
4.1493e-13
-9.80756e-12
3.82533e-12
1.43779e-11
-2.82947e-11
2.56399e-11
-1.02526e-11
-3.40054e-12
3.99802e-12
1.15454e-11
-3.58695e-11
5.34696e-11
-5.0988e-11
3.06777e-11
-6.62022e-12
-1.07816e-11
2.16943e-11
-2.84788e-11
3.11394e-11
-3.08137e-11
3.08652e-11
-3.25049e-11
3.52106e-11
-3.90629e-11
4.08973e-11
-3.20178e-11
8.2496e-12
1.9658e-11
-3.40621e-11
2.72251e-11
-6.49658e-12
-1.41412e-11
2.17153e-11
-1.12826e-11
-8.79515e-12
2.1105e-11
-1.68572e-11
3.95956e-12
3.37007e-12
5.38371e-13
-1.35622e-11
3.05782e-11
-4.53267e-11
5.11687e-11
-4.73463e-11
3.69969e-11
-2.15279e-11
6.79175e-13
1.87652e-11
-2.69393e-11
2.24009e-11
-1.58882e-11
1.78242e-11
-3.06104e-11
4.78341e-11
-5.78901e-11
4.85028e-11
-1.98781e-11
-1.1376e-11
2.54017e-11
-1.82408e-11
8.54738e-13
1.29205e-11
-1.54655e-11
6.18759e-12
6.67774e-12
-1.21092e-11
6.91962e-12
1.00239e-12
-4.50774e-12
3.3099e-12
1.45666e-12
-1.2205e-11
2.86858e-11
-4.51165e-11
5.45158e-11
-5.25987e-11
3.73523e-11
-1.34245e-11
-5.87701e-12
9.13287e-12
-5.92187e-13
-3.90433e-12
-6.75841e-12
3.05751e-11
-5.60894e-11
6.84043e-11
-5.76805e-11
2.93608e-11
-2.39207e-12
-8.1585e-12
3.65553e-12
4.85088e-12
-8.59908e-12
4.32891e-12
6.42153e-12
-1.65928e-11
1.88822e-11
-1.35011e-11
6.15943e-12
9.48042e-13
-8.27917e-12
1.17622e-11
-4.74277e-12
-1.24979e-11
3.19973e-11
-4.47092e-11
4.44839e-11
-3.04768e-11
1.18915e-11
-3.87521e-12
1.21134e-11
-2.49807e-11
2.55185e-11
-6.84102e-12
-2.48804e-11
5.52649e-11
-6.84389e-11
5.81199e-11
-3.52318e-11
1.82462e-11
-1.53384e-11
2.03113e-11
-2.32172e-11
1.77214e-11
-2.38925e-12
-1.78134e-11
3.28762e-11
-3.70795e-11
3.31956e-11
-2.55546e-11
1.44907e-11
-2.20531e-12
-4.64719e-12
1.71236e-12
7.78559e-12
-1.7517e-11
2.11863e-11
-1.43564e-11
-3.99407e-13
1.0121e-11
-3.26058e-12
-1.68768e-11
3.42195e-11
-3.49588e-11
1.56681e-11
1.53655e-11
-4.14922e-11
4.75776e-11
-3.48223e-11
1.98084e-11
-1.76712e-11
2.88602e-11
-4.34756e-11
4.92571e-11
-3.80238e-11
1.1413e-11
1.73662e-11
-3.53489e-11
4.05988e-11
-3.92774e-11
3.56401e-11
-3.18669e-11
3.02031e-11
-3.07362e-11
2.98034e-11
-2.53074e-11
1.72242e-11
-4.08822e-12
-1.47566e-11
3.18921e-11
-3.64181e-11
2.55466e-11
-7.53677e-12
-6.23944e-12
7.0196e-12
6.55327e-12
-2.42197e-11
2.92799e-11
-1.53868e-11
-6.23693e-12
1.80068e-11
-1.08681e-11
-1.17633e-11
3.59591e-11
-4.43688e-11
2.9657e-11
-2.98788e-12
-1.68818e-11
2.09223e-11
-1.38307e-11
6.17392e-12
-8.03754e-12
2.30619e-11
-4.35171e-11
5.54891e-11
-5.23932e-11
3.84029e-11
-2.02319e-11
2.19263e-12
1.17297e-11
-1.95219e-11
2.37295e-11
-2.77474e-11
3.18062e-11
-3.65252e-11
4.38294e-11
-5.07819e-11
4.85883e-11
-3.2533e-11
7.53123e-12
1.64246e-11
-2.99198e-11
2.75386e-11
-1.41997e-11
4.96581e-12
-1.15643e-11
2.97624e-11
-4.45447e-11
4.32616e-11
-2.33684e-11
-5.77437e-12
2.5809e-11
-2.31673e-11
2.5015e-12
1.74102e-11
-2.16452e-11
8.80021e-12
1.11288e-11
-2.3377e-11
1.763e-11
1.40092e-12
-1.69417e-11
1.61114e-11
-2.38728e-13
-2.07514e-11
3.60023e-11
-3.82907e-11
2.84861e-11
-1.63762e-11
1.05116e-11
-1.05004e-11
1.1153e-11
-9.41966e-12
2.98896e-12
9.83962e-12
-2.66484e-11
4.15216e-11
-5.08454e-11
5.2728e-11
-4.49621e-11
2.89413e-11
-1.3118e-11
5.11101e-12
-4.24365e-12
3.70607e-12
3.37323e-12
-2.13289e-11
4.6659e-11
-6.59061e-11
6.55067e-11
-4.58237e-11
2.00445e-11
-2.73485e-12
9.4614e-13
-1.07229e-11
1.70636e-11
-5.45527e-12
-2.30252e-11
5.125e-11
-6.20521e-11
5.01721e-11
-2.39058e-11
3.48951e-13
5.01352e-12
7.59433e-12
-2.19266e-11
2.15967e-11
-4.0303e-12
-2.09164e-11
3.83079e-11
-3.68785e-11
1.80555e-11
2.92348e-12
-1.10113e-11
3.93958e-12
9.66492e-12
-1.94519e-11
1.82026e-11
-6.39372e-12
-6.45922e-12
9.89044e-12
-2.96324e-12
-7.84973e-12
1.62124e-11
-1.80113e-11
1.11726e-11
9.39872e-13
-1.16766e-11
1.77405e-11
-2.00203e-11
1.89154e-11
-1.58341e-11
1.53146e-11
-2.02832e-11
2.72539e-11
-3.04494e-11
2.57167e-11
-1.09937e-11
-1.11191e-11
3.05932e-11
-3.76931e-11
3.25859e-11
-2.41718e-11
2.14187e-11
-2.86529e-11
4.20339e-11
-4.89917e-11
3.73399e-11
-8.59503e-12
-2.28193e-11
4.18711e-11
-4.25411e-11
3.01038e-11
-1.95225e-11
2.43996e-11
-4.31891e-11
5.92771e-11
-5.68043e-11
3.23923e-11
3.76356e-12
-3.35028e-11
4.1811e-11
-3.04542e-11
1.68516e-11
-1.74283e-11
3.39962e-11
-5.51572e-11
6.40297e-11
-4.93446e-11
1.59298e-11
1.66322e-11
-3.13023e-11
2.65908e-11
-1.42543e-11
9.07004e-12
-1.98726e-11
4.14526e-11
-5.69033e-11
5.24116e-11
-2.97154e-11
1.88324e-12
1.70514e-11
-1.98641e-11
1.04862e-11
-2.70721e-12
7.51873e-12
-2.30454e-11
3.81373e-11
-4.29429e-11
3.34858e-11
-1.40798e-11
-3.94637e-12
1.07176e-11
-7.09427e-12
1.07895e-12
4.40768e-13
5.08715e-12
-1.5957e-11
2.50234e-11
-2.52906e-11
1.69214e-11
-5.97612e-12
-2.6389e-12
5.90979e-12
-2.83564e-12
-3.20183e-12
5.92296e-12
-3.21042e-12
-2.65163e-12
8.81203e-12
-1.22573e-11
9.43782e-12
-1.45984e-12
-5.50053e-12
6.45343e-12
-1.13021e-12
-8.27722e-12
1.66848e-11
-1.75333e-11
9.4727e-12
7.93791e-13
-5.75876e-12
2.83843e-12
5.60768e-12
-1.27821e-11
1.01317e-11
4.01826e-12
-2.10393e-11
3.01259e-11
-2.68288e-11
1.4217e-11
-1.32855e-12
-1.45599e-12
-7.816e-12
1.91793e-11
-2.01875e-11
6.66031e-12
1.58625e-11
-3.52353e-11
3.95546e-11
-2.72728e-11
1.04133e-11
-3.16543e-12
9.93554e-12
-2.36043e-11
3.10513e-11
-2.10938e-11
-5.00078e-12
3.21728e-11
-4.41823e-11
3.71744e-11
-2.01256e-11
7.80016e-12
-1.10256e-11
2.72363e-11
-4.02761e-11
3.48959e-11
-1.0164e-11
-2.12267e-11
4.241e-11
-4.27959e-11
2.66841e-11
-1.15784e-11
1.23513e-11
-2.83251e-11
4.53896e-11
-4.76319e-11
2.74418e-11
6.69261e-12
-3.49179e-11
4.1909e-11
-3.02354e-11
1.48724e-11
-1.17545e-11
2.60152e-11
-4.79261e-11
5.73557e-11
-4.27066e-11
1.00261e-11
2.18256e-11
-3.70739e-11
3.08818e-11
-1.53193e-11
9.09581e-12
-2.25985e-11
4.6243e-11
-6.21408e-11
5.57319e-11
-2.76919e-11
-7.56846e-12
2.85645e-11
-2.74605e-11
1.36603e-11
-6.23917e-12
1.58738e-11
-4.06758e-11
6.3235e-11
-6.54652e-11
4.20614e-11
-8.12519e-12
-1.71876e-11
2.20154e-11
-1.11547e-11
5.82162e-13
-7.71714e-12
3.27495e-11
-5.9872e-11
6.95524e-11
-5.47033e-11
2.30403e-11
5.69542e-12
-1.52847e-11
8.87461e-12
-2.06141e-12
3.05031e-13
7.68574e-14
2.97456e-14
4.86575e-15
0
