0
0
0
0
0
0
0
0
0
0
0
0
0
0
0
0
0
0
0
0
0
0
0
0
0
0
0
0
0
0
0
0
0
0
0
0
0
0
0
0
0
0
0
0
0
0
0
0
0
0
0
0
0
0
0
0
0
0
0
0
0
0
0
0
0
0
0
0
0
0
0
0
0
0
0
0
0
0
0
0
0
0
0
0
0
0
0
0
0
0
0
0
0
0
0
0
0
0
0
0
0
0
0
0
0
0
0
0
0
0
0
0
0
0
0
0
0
0
0
0
0
0
0
0
0
0
0
0
0
0
0
0
0
0
0
0
0
0
0
0
0
0
0
0
0
0
0
0
0
0
0
0
0
0
0
0
0
0
0
0
0
0
0
0
0
0
0
0
0
0
0
0
0
0
0
0
0
0
0
0
0
0
0
0
0
0
0
0
0
0
0
0
0
0
0
0
0
0
0
0
0
0
0
0
0
0
0
0
0
0
0
0
0
0
0
0
0
0
0
0
0
0
0
0
0
0
0
0
0
0
0
0
0
0
0
0
0
0
0
0
0
0
0
0
0
0
0
0
0
0
0
0
0
0
0
0
0
0
0
0
0
0
0
0
0
0
0
0
0
0
0
0
0
0
0
0
0
0
0
0
0
0
0
0
0
0
0
0
0
0
0
0
0
0
0
0
0
0
0
0
0
0
0
0
0
0
0
0
0
0
0
0
0
0
0
0
0
0
0
0
0
0
0
0
0
0
0
0
0
0
0
0
0
0
0
0
0
0
0
0
0
0
0
0
0
0
0
0
0
0
0
0
0
0
0
0
0
0
0
0
0
0
0
0
0
0
0
0
0
0
0
0
0
0
0
0
0
0
0
0
0
0
0
0
0
0
0
0
0
0
0
0
0
0
0
0
0
0
0
0
0
0
0
0
0
0
0
0
0
0
0
0
0
0
0
0
0
0
0
0
0
0
0
0
0
0
0
0
0
0
0
0
0
0
0
0
0
0
0
0
0
0
0
0
0
0
0
0
0
0
0
0
0
0
0
0
0
0
0
0
0
0
0
0
0
0
0
0
0
0
0
0
0
0
0
0
0
0
0
0
0
0
0
0
0
0
0
0
0
0
0
0
0
0
0
0
0
0
0
0
0
0
0
0
0
0
0
0
0
0
0
0
0
0
0
0
0
0
0
0
0
0
0
0
0
0
0
0
0
0
0
0
0
0
0
0
0
0
0
0
0
0
0
0
0
0
0
0
0
0
0
0
0
0
0
0
0
0
0
0
0
0
0
0
0
0
0
0
0
0
0
0
0
0
0
0
0
0
0
0
0
0
0
0
0
0
0
0
0
0
0
0
0
0
0
0
0
0
0
0
0
0
0
0
0
0
0
0
0
0
0
0
0
0
0
0
0
0
0
0
0
0
0
0
0
0
0
0
0
0
0
0
0
0
0
0
0
0
0
0
0
0
0
0
0
0
0
0
0
0
0
0
0
0
0
0
0
0
0
0
0
0
0
0
0
0
0
0
0
0
0
0
0
0
0
0
0
0
0
0
0
0
0
0
0
0
0
0
0
0
0
0
0
0
0
0
0
0
0
0
0
0
0
0
0
0
0
0
0
0
0
0
0
0
0
0
0
0
0
0
0
0
0
0
0
0
0
0
0
0
0
0
0
0
0
0
0
0
0
0
0
0
0
0
0
0
0
0
0
0
0
0
0
0
0
0
0
0
0
0
0
0
0
0
0
0
0
0
0
0
0
0
0
0
0
0
0
0
0
0
0
0
0
0
0
0
0
0
0
0
3.98842e-309
1.19866e-305
1.7946e-302
1.78466e-299
1.32618e-296
7.85479e-294
3.86256e-291
1.62201e-288
5.9377e-286
1.92488e-283
5.59503e-281
1.47289e-278
3.54085e-276
7.82771e-274
1.60075e-271
3.04364e-269
5.40466e-267
8.99798e-265
1.40936e-262
2.08324e-260
2.91403e-258
3.86692e-256
4.87906e-254
5.86541e-252
6.73082e-250
7.38572e-248
7.76182e-246
7.82378e-244
7.5743e-242
7.05162e-240
6.32073e-238
5.46076e-236
4.55191e-234
3.66443e-232
2.85157e-230
2.14683e-228
1.56492e-226
1.10535e-224
7.57059e-223
5.03126e-221
3.24653e-219
2.03528e-217
1.24034e-215
7.35209e-214
4.24093e-212
2.38183e-210
1.30306e-208
6.94743e-207
3.61142e-205
1.83108e-203
9.05911e-202
4.37502e-200
2.06325e-198
9.50498e-197
4.27886e-195
1.88289e-193
8.10166e-192
3.40965e-190
1.40397e-188
5.65769e-187
2.23188e-185
8.62118e-184
3.26163e-182
1.20887e-180
4.39042e-179
1.56282e-177
5.45359e-176
1.86604e-174
6.26197e-173
2.06129e-171
6.65717e-170
2.1098e-168
6.56251e-167
2.0038e-165
6.00711e-164
1.76838e-162
5.11269e-161
1.45197e-159
4.05101e-158
1.11052e-156
2.99166e-155
7.92091e-154
2.06145e-152
5.27428e-151
1.32678e-149
3.28193e-148
7.98375e-147
1.91021e-145
4.49572e-144
1.0409e-142
2.37111e-141
5.31464e-140
1.17224e-138
2.54461e-137
5.43662e-136
1.14334e-134
2.36702e-133
4.82439e-132
9.68129e-131
1.91297e-129
3.72221e-128
7.13254e-127
1.34607e-125
2.50211e-124
4.58125e-123
8.2629e-122
1.46818e-120
2.5701e-119
4.43273e-118
7.53301e-117
1.26144e-115
2.08156e-114
3.38499e-113
5.42493e-112
8.56883e-111
1.33401e-109
2.04705e-108
3.09632e-107
4.61671e-106
6.78585e-105
9.83284e-104
1.40467e-102
1.97835e-101
2.74714e-100
3.76119e-99
5.07746e-98
6.75865e-97
8.87111e-96
1.14818e-94
1.46545e-93
1.84447e-92
2.28939e-91
2.80237e-90
3.38296e-89
4.02759e-88
4.72908e-87
5.47644e-86
6.25485e-85
7.04595e-84
7.82836e-83
8.57859e-82
9.27214e-81
9.88476e-80
1.03939e-78
1.078e-77
1.10278e-76
1.11274e-75
1.10747e-74
1.08718e-73
1.05271e-72
1.00542e-71
9.47155e-71
8.80085e-70
8.06598e-69
7.29148e-68
6.50125e-67
5.71738e-66
4.9592e-65
4.24264e-64
3.57984e-63
2.97912e-62
2.44514e-61
1.97926e-60
1.58007e-59
1.24399e-58
9.65858e-58
7.39533e-57
5.5839e-56
4.15761e-55
3.05255e-54
2.20995e-53
1.57758e-52
1.11038e-51
7.70567e-51
5.27222e-50
3.55634e-49
2.36496e-48
1.55037e-47
1.0019e-46
6.38211e-46
4.0072e-45
2.47988e-44
1.51256e-43
9.09205e-43
5.38588e-42
3.14393e-41
1.80836e-40
1.02486e-39
5.72246e-39
3.14785e-38
1.7058e-37
9.10526e-37
4.78713e-36
2.47881e-35
1.26405e-34
6.34742e-34
3.1384e-33
1.52777e-32
7.32158e-32
3.45389e-31
1.60371e-30
7.3284e-30
3.29544e-29
1.45811e-28
6.34726e-28
2.71801e-27
1.1448e-26
4.74202e-26
1.9315e-25
7.73496e-25
3.04503e-24
1.17822e-23
4.48017e-23
1.67385e-22
6.14358e-22
2.21475e-21
7.84044e-21
2.7251e-20
9.29728e-20
3.11288e-19
1.02258e-18
3.295e-18
1.04116e-17
3.22523e-17
9.79167e-17
2.91251e-16
8.4849e-16
2.42012e-15
6.75567e-15
1.84486e-14
4.92635e-14
1.28571e-13
3.27786e-13
8.15859e-13
1.98128e-12
4.69112e-12
1.08212e-11
2.42978e-11
5.30553e-11
1.12533e-10
2.31561e-10
4.61579e-10
8.89735e-10
1.655e-09
2.96304e-09
5.08956e-09
8.35237e-09
1.30223e-08
1.91367e-08
2.61916e-08
3.27325e-08
3.59684e-08
3.16936e-08
1.49863e-08
-1.77508e-08
-6.50483e-08
-1.15333e-07
-1.425e-07
-1.06044e-07
3.86783e-08
3.15014e-07
6.84584e-07
1.00341e-06
1.00243e-06
3.34329e-07
-1.27283e-06
-3.74817e-06
-6.36468e-06
-7.55269e-06
-5.09987e-06
3.01356e-06
1.70942e-05
3.39032e-05
4.54479e-05
3.97678e-05
4.98702e-06
-6.31412e-05
-0.000152053
-0.000226046
-0.00022915
-0.000102835
0.000180776
0.000578716
0.00094941
0.00106343
0.000674137
-0.000351929
-0.00188125
-0.00341135
-0.00411441
-0.00309433
0.000157956
0.00525149
0.0105826
0.0135152
0.0112291
0.00212899
-0.0126691
-0.0285528
-0.0381086
-0.0336402
-0.0110094
0.0266552
0.0674157
0.092891
0.0848989
0.03461
-0.0495818
-0.140009
-0.196631
-0.18243
-0.0822857
0.0831066
0.25675
0.36242
0.335651
0.15699
-0.128264
-0.416665
-0.582261
-0.530135
-0.245615
0.185219
0.598502
0.815101
0.719042
0.317127
-0.250526
-0.759459
-0.992637
-0.836396
-0.336721
0.312574
0.848091
1.0488
0.832022
0.289805
-0.351339
-0.829152
-0.95804
-0.704809
-0.195318
0.347861
0.705561
0.753464
0.50543
0.0938709
-0.298296
-0.519457
-0.507836
-0.304352
-0.0204033
0.21907
0.329013
0.291878
0.15209
-0.0142525
-0.136825
-0.178353
-0.142284
-0.0618877
0.0203946
0.0723639
0.0823676
0.0584757
0.0197838
-0.0143916
-0.0323219
-0.0322758
-0.0201171
-0.00454672
0.00729793
0.0121725
0.0106922
0.00573947
0.000505823
-0.00289317
-0.00386151
-0.00298451
-0.00133927
0.000127999
0.000926631
0.0010314
0.000699619
0.000249461
-9.29505e-05
-0.000243748
-0.000231939
-0.00013724
-3.51888e-05
3.11413e-05
5.31755e-05
4.39247e-05
2.24325e-05
3.18638e-06
-7.43485e-06
-9.68242e-06
-7.01222e-06
-3.03664e-06
-7.50576e-09
1.38474e-06
1.48124e-06
9.43922e-07
3.36305e-07
-5.94912e-08
-2.11115e-07
-1.898e-07
-1.07234e-07
-3.13457e-08
1.53005e-08
2.47589e-08
2.14404e-08
1.06981e-08
9.08262e-10
-3.67164e-10
-4.13634e-09
-1.1957e-09
-6.67005e-10
-1.11922e-09
1.71867e-09
-1.26872e-09
1.19699e-09
-2.13248e-10
-5.63993e-10
1.20893e-09
-1.55271e-09
1.40954e-09
-9.3579e-10
2.14254e-10
5.45785e-10
-1.15576e-09
1.48598e-09
-1.46761e-09
1.12448e-09
-5.45471e-10
-1.36723e-10
7.77871e-10
-1.25402e-09
1.48243e-09
-1.43359e-09
1.13056e-09
-6.39049e-10
5.12651e-11
5.32661e-10
-1.02184e-09
1.34789e-09
-1.47262e-09
1.39008e-09
-1.12342e-09
7.18098e-10
-2.33034e-10
-2.68687e-10
7.28178e-10
-1.09724e-09
1.3425e-09
-1.4471e-09
1.41023e-09
-1.24495e-09
9.74892e-10
-6.30478e-10
2.45063e-10
1.48478e-10
-5.20504e-10
8.46577e-10
-1.10859e-09
1.29515e-09
-1.40134e-09
1.42797e-09
-1.3806e-09
1.2683e-09
-1.1025e-09
8.95841e-10
-6.61182e-10
4.10829e-10
-1.55936e-10
-9.39e-11
3.30846e-10
-5.48905e-10
7.43862e-10
-9.13143e-10
1.05561e-09
-1.17136e-09
1.26142e-09
-1.3276e-09
1.37219e-09
-1.39782e-09
1.4073e-09
-1.40345e-09
1.38903e-09
-1.36664e-09
1.33869e-09
-1.30736e-09
1.27458e-09
-1.24204e-09
1.21115e-09
-1.18312e-09
1.15892e-09
-1.13934e-09
1.12494e-09
-1.11614e-09
1.11319e-09
-1.11614e-09
1.12494e-09
-1.13934e-09
1.15892e-09
-1.18312e-09
1.21115e-09
-1.24204e-09
1.27458e-09
-1.30736e-09
1.33869e-09
-1.36664e-09
1.38903e-09
-1.40345e-09
1.4073e-09
-1.39782e-09
1.37219e-09
-1.3276e-09
1.26142e-09
-1.17136e-09
1.05561e-09
-9.13143e-10
7.43862e-10
-5.48905e-10
3.30846e-10
-9.39e-11
-1.55936e-10
4.10829e-10
-6.61182e-10
8.95841e-10
-1.1025e-09
1.2683e-09
-1.3806e-09
1.42797e-09
-1.40134e-09
1.29515e-09
-1.10859e-09
8.46577e-10
-5.20504e-10
1.48478e-10
2.45063e-10
-6.30478e-10
9.74892e-10
-1.24495e-09
1.41023e-09
-1.4471e-09
1.3425e-09
-1.09724e-09
7.28178e-10
-2.68687e-10
-2.33034e-10
7.18098e-10
-1.12342e-09
1.39008e-09
-1.47262e-09
1.34789e-09
-1.02184e-09
5.32661e-10
5.12651e-11
-6.39049e-10
1.13056e-09
-1.43359e-09
1.48243e-09
-1.25402e-09
7.77871e-10
-1.36723e-10
-5.45471e-10
1.12448e-09
-1.46761e-09
1.48598e-09
-1.15576e-09
5.45785e-10
2.14254e-10
-9.3579e-10
1.40954e-09
-1.55271e-09
1.20893e-09
-5.63993e-10
-2.13248e-10
1.19699e-09
-1.26872e-09
1.71867e-09
-1.11922e-09
-6.67005e-10
-1.1957e-09
-4.13634e-09
-3.67164e-10
9.08262e-10
1.06981e-08
2.14404e-08
2.47589e-08
1.53005e-08
-3.13457e-08
-1.07234e-07
-1.898e-07
-2.11115e-07
-5.94912e-08
3.36305e-07
9.43922e-07
1.48124e-06
1.38474e-06
-7.50576e-09
-3.03664e-06
-7.01222e-06
-9.68242e-06
-7.43485e-06
3.18638e-06
2.24325e-05
4.39247e-05
5.31755e-05
3.11413e-05
-3.51888e-05
-0.00013724
-0.000231939
-0.000243748
-9.29505e-05
0.000249461
0.000699619
0.0010314
0.000926631
0.000127999
-0.00133927
-0.00298451
-0.00386151
-0.00289317
0.000505823
0.00573947
0.0106922
0.0121725
0.00729793
-0.00454672
-0.0201171
-0.0322758
-0.0323219
-0.0143916
0.0197838
0.0584757
0.0823676
0.0723639
0.0203946
-0.0618877
-0.142284
-0.178353
-0.136825
-0.0142525
0.15209
0.291878
0.329013
0.21907
-0.0204033
-0.304352
-0.507836
-0.519457
-0.298296
0.0938709
0.50543
0.753464
0.705561
0.347861
-0.195318
-0.704809
-0.95804
-0.829152
-0.351339
0.289805
0.832022
1.0488
0.848091
0.312574
-0.336721
-0.836396
-0.992637
-0.759459
-0.250526
0.317127
0.719042
0.815101
0.598502
0.185219
-0.245615
-0.530135
-0.582261
-0.416665
-0.128264
0.15699
0.335651
0.36242
0.25675
0.0831066
-0.0822857
-0.18243
-0.196631
-0.140009
-0.0495818
0.03461
0.0848989
0.092891
0.0674157
0.0266552
-0.0110094
-0.0336402
-0.0381086
-0.0285528
-0.0126691
0.00212899
0.0112291
0.0135152
0.0105826
0.00525149
0.000157956
-0.00309433
-0.00411441
-0.00341135
-0.00188125
-0.000351929
0.000674137
0.00106343
0.00094941
0.000578716
0.000180776
-0.000102835
-0.00022915
-0.000226046
-0.000152053
-6.31412e-05
4.98702e-06
3.97678e-05
4.54479e-05
3.39032e-05
1.70942e-05
3.01356e-06
-5.09987e-06
-7.55269e-06
-6.36468e-06
-3.74817e-06
-1.27283e-06
3.34329e-07
1.00243e-06
1.00341e-06
6.84584e-07
3.15014e-07
3.86783e-08
-1.06044e-07
-1.425e-07
-1.15333e-07
-6.50483e-08
-1.77508e-08
1.49863e-08
3.16936e-08
3.59684e-08
3.27325e-08
2.61916e-08
1.91367e-08
1.30223e-08
8.35237e-09
5.08956e-09
2.96304e-09
1.655e-09
8.89735e-10
4.61579e-10
2.31561e-10
1.12533e-10
5.30553e-11
2.42978e-11
1.08212e-11
4.69112e-12
1.98128e-12
8.15859e-13
3.27786e-13
1.28571e-13
4.92635e-14
1.84486e-14
6.75567e-15
2.42012e-15
8.4849e-16
2.91251e-16
9.79167e-17
3.22523e-17
1.04116e-17
3.295e-18
1.02258e-18
3.11288e-19
9.29728e-20
2.7251e-20
7.84044e-21
2.21475e-21
6.14358e-22
1.67385e-22
4.48017e-23
1.17822e-23
3.04503e-24
7.73496e-25
1.9315e-25
4.74202e-26
1.1448e-26
2.71801e-27
6.34726e-28
1.45811e-28
3.29544e-29
7.3284e-30
1.60371e-30
3.45389e-31
7.32158e-32
1.52777e-32
3.1384e-33
6.34742e-34
1.26405e-34
2.47881e-35
4.78713e-36
9.10526e-37
1.7058e-37
3.14785e-38
5.72246e-39
1.02486e-39
1.80836e-40
3.14393e-41
5.38588e-42
9.09205e-43
1.51256e-43
2.47988e-44
4.0072e-45
6.38211e-46
1.0019e-46
1.55037e-47
2.36496e-48
3.55634e-49
5.27222e-50
7.70567e-51
1.11038e-51
1.57758e-52
2.20995e-53
3.05255e-54
4.15761e-55
5.5839e-56
7.39533e-57
9.65858e-58
1.24399e-58
1.58007e-59
1.97926e-60
2.44514e-61
2.97912e-62
3.57984e-63
4.24264e-64
4.9592e-65
5.71738e-66
6.50125e-67
7.29148e-68
8.06598e-69
8.80085e-70
9.47155e-71
1.00542e-71
1.05271e-72
1.08718e-73
1.10747e-74
1.11274e-75
1.10278e-76
1.078e-77
1.03939e-78
9.88476e-80
9.27214e-81
8.57859e-82
7.82836e-83
7.04595e-84
6.25485e-85
5.47644e-86
4.72908e-87
4.02759e-88
3.38296e-89
2.80237e-90
2.28939e-91
1.84447e-92
1.46545e-93
1.14818e-94
8.87111e-96
6.75865e-97
5.07746e-98
3.76119e-99
2.74714e-100
1.97835e-101
1.40467e-102
9.83284e-104
6.78585e-105
4.61671e-106
3.09632e-107
2.04705e-108
1.33401e-109
8.56883e-111
5.42493e-112
3.38499e-113
2.08156e-114
1.26144e-115
7.53301e-117
4.43273e-118
2.5701e-119
1.46818e-120
8.2629e-122
4.58125e-123
2.50211e-124
1.34607e-125
7.13254e-127
3.72221e-128
1.91297e-129
9.68129e-131
4.82439e-132
2.36702e-133
1.14334e-134
5.43662e-136
2.54461e-137
1.17224e-138
5.31464e-140
2.37111e-141
1.0409e-142
4.49572e-144
1.91021e-145
7.98375e-147
3.28193e-148
1.32678e-149
5.27428e-151
2.06145e-152
7.92091e-154
2.99166e-155
1.11052e-156
4.05101e-158
1.45197e-159
5.11269e-161
1.76838e-162
6.00711e-164
2.0038e-165
6.56251e-167
2.1098e-168
6.65717e-170
2.06129e-171
6.26197e-173
1.86604e-174
5.45359e-176
1.56282e-177
4.39042e-179
1.20887e-180
3.26163e-182
8.62118e-184
2.23188e-185
5.65769e-187
1.40397e-188
3.40965e-190
8.10166e-192
1.88289e-193
4.27886e-195
9.50498e-197
2.06325e-198
4.37502e-200
9.05911e-202
1.83108e-203
3.61142e-205
6.94743e-207
1.30306e-208
2.38183e-210
4.24093e-212
7.35209e-214
1.24034e-215
2.03528e-217
3.24653e-219
5.03126e-221
7.57059e-223
1.10535e-224
1.56492e-226
2.14683e-228
2.85157e-230
3.66443e-232
4.55191e-234
5.46076e-236
6.32073e-238
7.05162e-240
7.5743e-242
7.82378e-244
7.76182e-246
7.38572e-248
6.73082e-250
5.86541e-252
4.87906e-254
3.86692e-256
2.91403e-258
2.08324e-260
1.40936e-262
8.99798e-265
5.40466e-267
3.04364e-269
1.60075e-271
7.82771e-274
3.54085e-276
1.47289e-278
5.59503e-281
1.92488e-283
5.9377e-286
1.62201e-288
3.86256e-291
7.85479e-294
1.32618e-296
1.78466e-299
1.7946e-302
1.19866e-305
3.98842e-309
0
0
0
0
0
0
0
0
0
0
0
0
0
0
0
0
0
0
0
0
0
0
0
0
0
0
0
0
0
0
0
0
0
0
0
0
0
0
0
0
0
0
0
0
0
0
0
0
0
0
0
0
0
0
0
0
0
0
0
0
0
0
0
0
0
0
0
0
0
0
0
0
0
0
0
0
0
0
0
0
0
0
0
0
0
0
0
0
0
0
0
0
0
0
0
0
0
0
0
0
0
0
0
0
0
0
0
0
0
0
0
0
0
0
0
0
0
0
0
0
0
0
0
0
0
0
0
0
0
0
0
0
0
0
0
0
0
0
0
0
0
0
0
0
0
0
0
0
0
0
0
0
0
0
0
0
0
0
0
0
0
0
0
0
0
0
0
0
0
0
0
0
0
0
0
0
0
0
0
0
0
0
0
0
0
0
0
0
0
0
0
0
0
0
0
0
0
0
0
0
0
0
0
0
0
0
0
0
0
0
0
0
0
0
0
0
0
0
0
0
0
0
0
0
0
0
0
0
0
0
0
0
0
0
0
0
0
0
0
0
0
0
0
0
0
0
0
0
0
0
0
0
0
0
0
0
0
0
0
0
0
0
0
0
0
0
0
0
0
0
0
0
0
0
0
0
0
0
0
0
0
0
0
0
0
0
0
0
0
0
0
0
0
0
0
0
0
0
0
0
0
0
0
0
0
0
0
0
0
0
0
0
0
0
0
0
0
0
0
0
0
0
0
0
0
0
0
0
0
0
0
0
0
0
0
0
0
0
0
0
0
0
0
0
0
0
0
0
0
0
0
0
0
0
0
0
0
0
0
0
0
0
0
0
0
0
0
0
0
0
0
0
0
0
0
0
0
0
0
0
0
0
0
0
0
0
0
0
0
0
0
0
0
0
0
0
0
0
0
0
0
0
0
0
0
0
0
0
0
0
0
0
0
0
0
0
0
0
0
0
0
0
0
0
0
0
0
0
0
0
0
0
0
0
0
0
0
0
0
0
0
0
0
0
0
0
0
0
0
0
0
0
0
0
0
0
0
0
0
0
0
0
0
0
0
0
0
0
0
0
0
0
0
0
0
0
0
0
0
0
0
0
0
0
0
0
0
0
0
0
0
0
0
0
0
0
0
0
0
0
0
0
0
0
0
0
0
0
0
0
0
0
0
0
0
0
0
0
0
0
0
0
0
0
0
0
0
0
0
0
0
0
0
0
0
0
0
0
0
0
0
0
0
0
0
0
0
0
0
0
0
0
0
0
0
0
0
0
0
0
0
0
0
0
0
0
0
0
0
0
0
0
0
0
0
0
0
0
0
0
0
0
0
0
0
0
0
0
0
0
0
0
0
0
0
0
0
0
0
0
0
0
0
0
0
0
0
0
0
0
0
0
0
0
0
0
0
0
0
0
0
0
0
0
0
0
0
0
0
0
0
0
0
0
0
0
0
0
0
0
0
0
0
0
0
0
0
0
0
0
0
0
0
0
0
0
0
0
0
0
0
0
0
0
0
0
0
0
0
0
0
0
0
0
0
0
0
0
0
0
0
0
0
0
0
0
0
0
0
0
0
0
0
0
0
0
0
0
0
0
0
0
0
0
0
0
0
0
0
0
0
0
0
0
0
0
0
0
0
0
0
0
0
0
0
0
0
0
0
0
0
0
0
0
0
0
0
0
0
0
0
0
0
0
0
0
0
0
0
0
0
0
0
0
0
0
0
0
0
0
0
0
0
0
0
0
0
0
0
0
0
0
0
0
0
0
0
0
0
0
0
0
0
0
0
0
0
0
0
