0
2.53016e-16
3.60904e-15
2.25491e-14
7.64803e-14
-6.36764e-14
6.00662e-13
-4.35705e-13
-1.75654e-12
4.79127e-12
-4.91599e-12
2.44598e-13
7.57856e-12
-1.46006e-11
1.6447e-11
-1.08232e-11
-1.84016e-12
1.83988e-11
-3.4371e-11
4.50924e-11
-4.76843e-11
4.19576e-11
-3.06495e-11
1.759e-11
-6.09166e-12
-2.28745e-12
6.99083e-12
-7.98047e-12
5.439e-12
-8.00598e-13
-3.40193e-12
4.44894e-12
-1.58417e-12
-3.49541e-12
7.34602e-12
-7.12063e-12
1.85527e-12
6.80351e-12
-1.5501e-11
2.00537e-11
-1.7358e-11
6.70385e-12
9.1626e-12
-2.53441e-11
3.69234e-11
-4.15355e-11
3.95139e-11
-3.28708e-11
2.34474e-11
-1.28827e-11
2.90608e-12
4.16294e-12
-6.67113e-12
4.59962e-12
-1.55306e-13
-3.65429e-12
4.35333e-12
-1.39785e-12
-3.9619e-12
8.86046e-12
-1.01455e-11
5.63558e-12
3.94611e-12
-1.48693e-11
2.17857e-11
-2.10694e-11
1.26361e-11
1.51993e-13
-1.3181e-11
2.34703e-11
-2.99414e-11
3.22134e-11
-3.01922e-11
2.40271e-11
-1.50814e-11
5.6211e-12
1.72316e-12
-5.271e-12
4.53326e-12
-6.84291e-13
-3.84662e-12
5.79144e-12
-3.04463e-12
-3.79344e-12
1.08085e-11
-1.32582e-11
8.59953e-12
1.35458e-12
-1.19451e-11
1.85143e-11
-1.92119e-11
1.48468e-11
-7.64243e-12
-5.531e-13
8.33837e-12
-1.47814e-11
1.89386e-11
-2.0246e-11
1.82455e-11
-1.29912e-11
5.22938e-12
2.70541e-12
-7.59922e-12
6.94537e-12
-1.45828e-12
-4.93003e-12
7.25871e-12
-3.45013e-12
-4.32712e-12
1.10606e-11
-1.27853e-11
8.73305e-12
-1.38115e-12
-5.95801e-12
1.07833e-11
-1.24575e-11
1.16218e-11
-9.75559e-12
7.89592e-12
-6.14466e-12
3.44366e-12
8.14713e-13
-5.57736e-12
7.82657e-12
-5.07168e-12
-2.27429e-12
1.00863e-11
-1.35115e-11
1.0425e-11
-3.3109e-12
-3.00277e-12
4.67703e-12
-1.48371e-12
-3.95171e-12
8.06389e-12
-8.78735e-12
6.15115e-12
-2.20029e-12
-6.4875e-13
1.01367e-12
1.33847e-14
2.66808e-13
-4.17812e-12
1.10125e-11
-1.72551e-11
1.90104e-11
-1.56727e-11
1.0459e-11
-8.09975e-12
1.07277e-11
-1.65336e-11
2.11629e-11
-2.13515e-11
1.67847e-11
-1.01061e-11
4.58604e-12
-2.3455e-12
3.04555e-12
-4.6099e-12
4.47719e-12
-1.86735e-12
-1.49685e-12
2.12549e-12
2.0872e-12
-9.69929e-12
1.57071e-11
-1.51747e-11
6.70012e-12
6.21838e-12
-1.8037e-11
2.4789e-11
-2.65554e-11
2.61785e-11
-2.67713e-11
2.91919e-11
-3.21446e-11
3.32922e-11
-3.1314e-11
2.65469e-11
-2.10139e-11
1.67607e-11
-1.45176e-11
1.26687e-11
-8.69287e-12
1.33597e-12
7.20314e-12
-1.22468e-11
9.502e-12
1.2266e-12
-1.54713e-11
2.62767e-11
-2.85466e-11
2.13868e-11
-8.07615e-12
-6.79874e-12
1.96362e-11
-2.91922e-11
3.57268e-11
-4.01399e-11
4.27902e-11
-4.36397e-11
4.2384e-11
-3.94135e-11
3.57731e-11
-3.29294e-11
3.12676e-11
-2.94949e-11
2.47909e-11
-1.51381e-11
1.29859e-12
1.22812e-11
-1.98162e-11
1.73433e-11
-5.46918e-12
-1.12126e-11
2.63274e-11
-3.48684e-11
3.44299e-11
-2.5554e-11
1.06677e-11
6.52879e-12
-2.24045e-11
3.42069e-11
-4.11387e-11
4.38932e-11
-4.4012e-11
4.26864e-11
-4.09397e-11
3.95943e-11
-3.93642e-11
3.96734e-11
-3.8486e-11
3.29556e-11
-2.17946e-11
6.47514e-12
8.81155e-12
-1.93963e-11
2.18561e-11
-1.5363e-11
1.4881e-12
1.57333e-11
-3.07998e-11
3.81315e-11
-3.48871e-11
2.23724e-11
-5.63448e-12
-9.80227e-12
2.05911e-11
-2.66944e-11
2.96641e-11
-3.11079e-11
3.1688e-11
-3.18539e-11
3.194e-11
-3.22507e-11
3.23348e-11
-3.1361e-11
2.82724e-11
-2.24154e-11
1.33299e-11
-1.51187e-12
-1.09944e-11
2.00111e-11
-2.11555e-11
1.25935e-11
2.54383e-12
-1.75727e-11
2.58823e-11
-2.50873e-11
1.75696e-11
-8.34637e-12
1.28256e-12
2.49744e-12
-4.40921e-12
6.2554e-12
-8.9643e-12
1.18088e-11
-1.33176e-11
1.219e-11
-8.80358e-12
5.16849e-12
-3.98306e-12
6.13919e-12
-9.72799e-12
1.0809e-11
-6.72801e-12
-1.67118e-12
9.99108e-12
-1.36577e-11
1.10605e-11
-4.89143e-12
-3.4468e-13
1.52889e-12
7.3613e-13
-3.28777e-12
2.82149e-12
1.42126e-12
-7.54517e-12
1.22224e-11
-1.32743e-11
1.09069e-11
-7.94546e-12
7.83846e-12
-1.26196e-11
2.10269e-11
-2.91804e-11
3.257e-11
-2.918e-11
2.04794e-11
-1.04921e-11
2.7005e-12
1.64251e-12
-3.49441e-12
3.74301e-12
-2.10474e-12
-2.6223e-12
1.04168e-11
-1.92343e-11
2.5474e-11
-2.6283e-11
2.08093e-11
-1.06912e-11
-1.151e-12
1.13788e-11
-1.76772e-11
1.95185e-11
-1.90485e-11
1.99796e-11
-2.56185e-11
3.61712e-11
-4.84944e-11
5.75846e-11
-5.95963e-11
5.31611e-11
-3.96338e-11
2.19153e-11
-4.06193e-12
-9.66853e-12
1.57021e-11
-1.30187e-11
3.52826e-12
8.71143e-12
-1.99788e-11
2.80062e-11
-3.19942e-11
3.12133e-11
-2.51501e-11
1.43157e-11
-1.50288e-12
-9.33792e-12
1.51603e-11
-1.61905e-11
1.56221e-11
-1.78368e-11
2.53746e-11
-3.75676e-11
5.03729e-11
-5.84387e-11
5.73549e-11
-4.62584e-11
2.83587e-11
-9.87054e-12
-3.43427e-12
8.92448e-12
-8.19099e-12
4.72979e-12
-1.19482e-12
-2.4544e-12
7.5096e-12
-1.43072e-11
2.05195e-11
-2.26423e-11
1.85118e-11
-9.6227e-12
1.72484e-13
5.47986e-12
-5.91848e-12
3.00797e-12
-4.93809e-13
1.12236e-12
-5.29013e-12
1.07649e-11
-1.44383e-11
1.3996e-11
-9.70844e-12
4.1582e-12
-8.59868e-13
1.42894e-12
-4.40631e-12
5.93107e-12
-3.04616e-12
-3.98639e-12
1.14351e-11
-1.5192e-11
1.353e-11
-8.20627e-12
2.38266e-12
1.40956e-12
-2.55412e-12
1.53677e-12
4.61886e-13
-2.03125e-12
1.26371e-12
3.27163e-12
-1.17997e-11
2.26321e-11
-3.32612e-11
4.13066e-11
-4.54249e-11
4.47018e-11
-3.86721e-11
2.75186e-11
-1.32745e-11
-4.37117e-13
9.41333e-12
-1.10474e-11
5.12776e-12
5.97399e-12
-1.85037e-11
2.81283e-11
-3.15412e-11
2.75945e-11
-1.85394e-11
9.06568e-12
-4.08357e-12
5.27362e-12
-9.90467e-12
1.20905e-11
-6.88643e-12
-6.71114e-12
2.49993e-11
-4.23946e-11
5.44529e-11
-5.98728e-11
5.94652e-11
-5.46008e-11
4.57666e-11
-3.33063e-11
1.83498e-11
-3.78575e-12
-6.72315e-12
1.00482e-11
-5.50477e-12
-4.72584e-12
1.58858e-11
-2.29506e-11
2.30179e-11
-1.74099e-11
1.0612e-11
-7.33433e-12
8.7346e-12
-1.19147e-11
1.22203e-11
-7.3723e-12
-1.07471e-12
9.0093e-12
-1.33247e-11
1.36308e-11
-1.20249e-11
1.07663e-11
-1.10758e-11
1.26409e-11
-1.44625e-11
1.5024e-11
-1.30578e-11
7.97166e-12
-8.51382e-13
-6.0329e-12
1.01788e-11
-1.06162e-11
8.06191e-12
-4.45889e-12
1.47086e-12
-1.47402e-13
6.93727e-13
-3.03976e-12
6.46385e-12
-9.68353e-12
1.07206e-11
-7.96928e-12
6.97374e-13
1.04181e-11
-2.39673e-11
3.78206e-11
-4.93515e-11
5.51212e-11
-5.2162e-11
3.96665e-11
-2.09867e-11
2.85417e-12
7.48435e-12
-6.71776e-12
-2.74935e-12
1.42148e-11
-2.13644e-11
2.17165e-11
-1.75251e-11
1.30632e-11
-1.18168e-11
1.44635e-11
-1.9376e-11
2.3611e-11
-2.47054e-11
2.14477e-11
-1.44611e-11
5.14087e-12
5.34727e-12
-1.70968e-11
3.0362e-11
-4.41119e-11
5.48442e-11
-5.83484e-11
5.24336e-11
-3.92919e-11
2.4224e-11
-1.26089e-11
6.60611e-12
-5.07542e-12
5.25176e-12
-5.35549e-12
5.11977e-12
-5.39333e-12
6.69737e-12
-8.98178e-12
1.1429e-11
-1.30806e-11
1.2754e-11
-9.69959e-12
3.96089e-12
2.68024e-12
-7.25104e-12
6.76095e-12
-4.86535e-13
-9.36618e-12
1.82984e-11
-2.2195e-11
1.92419e-11
-1.09896e-11
1.08971e-12
6.25617e-12
-8.3829e-12
4.90469e-12
1.91481e-12
-8.54997e-12
1.18649e-11
-1.12538e-11
8.59747e-12
-6.82358e-12
7.22168e-12
-8.9947e-12
1.05449e-11
-1.19793e-11
1.50263e-11
-2.10453e-11
2.80973e-11
-3.11603e-11
2.4852e-11
-7.63925e-12
-1.67912e-11
4.0988e-11
-5.78574e-11
6.36108e-11
-5.90862e-11
4.82337e-11
-3.61424e-11
2.65482e-11
-2.08746e-11
1.79796e-11
-1.57786e-11
1.27177e-11
-9.17393e-12
6.79125e-12
-7.32169e-12
1.0878e-11
-1.59332e-11
2.00034e-11
-2.14364e-11
1.99223e-11
-1.64973e-11
1.23418e-11
-8.53292e-12
5.73438e-12
-4.4822e-12
4.37894e-12
-4.00593e-12
1.27801e-12
4.55722e-12
-1.20069e-11
1.77445e-11
-1.92983e-11
1.66792e-11
-1.23306e-11
8.49721e-12
-5.57248e-12
2.1256e-12
2.58218e-12
-7.22657e-12
8.81261e-12
-5.55598e-12
-1.31026e-12
7.40965e-12
-7.91874e-12
1.99723e-13
1.41151e-11
-2.97182e-11
3.95426e-11
-3.83015e-11
2.48637e-11
-3.2224e-12
-1.97064e-11
3.72247e-11
-4.61762e-11
4.74498e-11
-4.46063e-11
4.07757e-11
-3.71582e-11
3.30146e-11
-2.76829e-11
2.15596e-11
-1.61504e-11
1.24951e-11
-1.07077e-11
1.01296e-11
-1.06006e-11
1.23311e-11
-1.5381e-11
1.86109e-11
-2.05087e-11
2.03289e-11
-1.91723e-11
1.86524e-11
-1.92636e-11
1.92733e-11
-1.63905e-11
9.69738e-12
-8.7625e-13
-7.36209e-12
1.31058e-11
-1.66126e-11
1.92278e-11
-2.20004e-11
2.42313e-11
-2.40492e-11
1.95399e-11
-1.0718e-11
2.94861e-15
8.19449e-12
-9.87902e-12
3.64004e-12
7.60969e-12
-1.77405e-11
2.01251e-11
-1.17016e-11
-5.22593e-12
2.37716e-11
-3.65174e-11
3.91028e-11
-3.2058e-11
1.8992e-11
-4.03556e-12
-1.03427e-11
2.29023e-11
-3.28527e-11
3.91508e-11
-4.15215e-11
4.07734e-11
-3.85159e-11
3.54962e-11
-3.1399e-11
2.55904e-11
-1.88923e-11
1.33675e-11
-1.10561e-11
1.19586e-11
-1.42476e-11
1.55819e-11
-1.52652e-11
1.43757e-11
-1.48425e-11
1.73778e-11
-2.10015e-11
2.34702e-11
-2.3156e-11
1.9866e-11
-1.50708e-11
1.04794e-11
-7.05096e-12
4.04801e-12
1.95249e-13
-7.20705e-12
1.65105e-11
-2.52863e-11
2.91272e-11
-2.49267e-11
1.31732e-11
1.10052e-12
-1.09578e-11
1.13801e-11
-2.69777e-12
-9.94962e-12
1.96494e-11
-2.18514e-11
1.5701e-11
-3.44312e-12
-1.16407e-11
2.59171e-11
-3.60278e-11
3.92227e-11
-3.48502e-11
2.46751e-11
-1.22292e-11
3.61461e-13
1.00616e-11
-2.01524e-11
3.07307e-11
-4.08332e-11
4.74849e-11
-4.80522e-11
4.22217e-11
-3.28641e-11
2.40344e-11
-1.87459e-11
1.72345e-11
-1.78261e-11
1.83713e-11
-1.79844e-11
1.69288e-11
-1.61369e-11
1.59838e-11
-1.62146e-11
1.58693e-11
-1.42365e-11
1.1303e-11
-8.49436e-12
7.85385e-12
-1.0772e-11
1.60206e-11
-2.00028e-11
1.86437e-11
-1.07507e-11
-9.2874e-13
1.0968e-11
-1.4878e-11
1.13175e-11
-2.60785e-12
-7.2346e-12
1.41581e-11
-1.56149e-11
1.07554e-11
-1.00851e-12
-1.01901e-11
1.7885e-11
-1.79411e-11
9.19079e-12
5.18055e-12
-1.95588e-11
2.91125e-11
-3.29188e-11
3.34535e-11
-3.38865e-11
3.45792e-11
-3.28045e-11
2.4872e-11
-9.72319e-12
-9.98548e-12
2.89714e-11
-4.24414e-11
4.7878e-11
-4.57631e-11
3.84617e-11
-2.93922e-11
2.16339e-11
-1.73024e-11
1.67122e-11
-1.89109e-11
2.21846e-11
-2.51199e-11
2.64891e-11
-2.54104e-11
2.10938e-11
-1.36295e-11
4.17484e-12
4.8006e-12
-1.06897e-11
1.16965e-11
-8.00856e-12
1.32755e-12
5.85246e-12
-1.16413e-11
1.48763e-11
-1.53643e-11
1.36354e-11
-1.15351e-11
1.15867e-11
-1.57437e-11
2.31112e-11
-2.98393e-11
3.10496e-11
-2.47474e-11
1.35299e-11
-3.36971e-12
-7.86504e-13
-1.89917e-12
7.835e-12
-1.24824e-11
1.3613e-11
-1.27998e-11
1.33797e-11
-1.7923e-11
2.61617e-11
-3.54888e-11
4.20912e-11
-4.27974e-11
3.57802e-11
-2.14511e-11
2.46077e-12
1.62665e-11
-2.92741e-11
3.27207e-11
-2.68528e-11
1.58383e-11
-5.75851e-12
1.02851e-12
-2.75558e-12
8.8162e-12
-1.60405e-11
2.16619e-11
-2.4401e-11
2.40336e-11
-2.11231e-11
1.60132e-11
-8.7097e-12
-1.18397e-12
1.32414e-11
-2.56738e-11
3.51764e-11
-3.86586e-11
3.47463e-11
-2.49296e-11
1.2357e-11
-1.35856e-13
-1.05372e-11
1.99342e-11
-2.85532e-11
3.54247e-11
-3.86777e-11
3.69858e-11
-3.14702e-11
2.51848e-11
-2.14581e-11
2.15211e-11
-2.43695e-11
2.77111e-11
-2.97908e-11
2.94995e-11
-2.62212e-11
1.94841e-11
-1.0255e-11
1.47462e-12
2.58958e-12
5.44787e-13
-9.40579e-12
1.85286e-11
-2.20783e-11
1.75519e-11
-7.78701e-12
-1.2287e-12
4.07945e-12
4.88193e-13
-9.53608e-12
1.80953e-11
-2.26342e-11
2.23307e-11
-1.88181e-11
1.43038e-11
-1.0681e-11
8.73068e-12
-8.27094e-12
7.90891e-12
-6.05097e-12
1.95663e-12
2.82096e-12
-5.01149e-12
1.14569e-12
9.86548e-12
-2.58661e-11
4.18103e-11
-5.21713e-11
5.3021e-11
-4.39125e-11
2.76989e-11
-9.55961e-12
-5.43991e-12
1.40825e-11
-1.6319e-11
1.44058e-11
-1.14577e-11
9.32792e-12
-8.30127e-12
7.67489e-12
-7.52982e-12
8.97603e-12
-1.34477e-11
2.06408e-11
-2.80534e-11
3.18751e-11
-2.96735e-11
2.16173e-11
-1.01786e-11
-2.19649e-12
1.41501e-11
-2.527e-11
3.43868e-11
-3.94409e-11
3.83677e-11
-3.10406e-11
1.93221e-11
-6.13685e-12
-6.41619e-12
1.72215e-11
-2.56725e-11
3.05196e-11
-3.05771e-11
2.60022e-11
-1.98126e-11
1.66439e-11
-2.00033e-11
2.90443e-11
-3.88166e-11
4.32215e-11
-3.94469e-11
2.9369e-11
-1.80642e-11
9.98446e-12
-6.82203e-12
7.14583e-12
-8.33363e-12
8.00309e-12
-5.25321e-12
4.90345e-13
4.51978e-12
-7.48886e-12
6.21561e-12
-1.25755e-13
-9.18134e-12
1.80296e-11
-2.28666e-11
2.22761e-11
-1.83397e-11
1.51138e-11
-1.61655e-11
2.18372e-11
-2.91524e-11
3.33248e-11
-3.08746e-11
2.14219e-11
-8.3447e-12
-2.98893e-12
7.42638e-12
-2.79168e-12
-9.22607e-12
2.35627e-11
-3.46313e-11
3.88473e-11
-3.63017e-11
2.95972e-11
-2.20167e-11
1.54812e-11
-1.0547e-11
6.83745e-12
-4.15361e-12
2.40682e-12
-1.7678e-12
2.21395e-12
-3.87652e-12
6.68568e-12
-1.02741e-11
1.308e-11
-1.26746e-11
6.73115e-12
4.59183e-12
-1.78278e-11
2.72011e-11
-2.82054e-11
2.00385e-11
-5.90806e-12
-9.82744e-12
2.40184e-11
-3.56502e-11
4.41584e-11
-4.83244e-11
4.62047e-11
-3.71819e-11
2.31518e-11
-8.45816e-12
-2.66444e-12
8.16726e-12
-9.10698e-12
7.83223e-12
-6.28497e-12
5.05452e-12
-4.64405e-12
6.11039e-12
-1.08531e-11
1.87164e-11
-2.75172e-11
3.39225e-11
-3.60023e-11
3.40857e-11
-3.00354e-11
2.47296e-11
-1.72167e-11
5.5646e-12
1.0277e-11
-2.71973e-11
3.96452e-11
-4.30592e-11
3.64327e-11
-2.31359e-11
8.54098e-12
2.61506e-12
-8.4024e-12
9.42723e-12
-8.05876e-12
6.94959e-12
-8.49406e-12
1.37595e-11
-2.21086e-11
3.08379e-11
-3.66655e-11
3.74526e-11
-3.39985e-11
2.9348e-11
-2.6937e-11
2.78669e-11
-3.03128e-11
3.04274e-11
-2.51296e-11
1.39502e-11
9.93892e-14
-1.22063e-11
1.79678e-11
-1.59553e-11
8.12154e-12
1.03915e-12
-7.12898e-12
7.81739e-12
-4.28343e-12
2.78599e-13
-2.5395e-13
6.4292e-12
-1.76588e-11
2.98097e-11
-3.83706e-11
4.04479e-11
-3.61093e-11
2.76998e-11
-1.89961e-11
1.34501e-11
-1.30403e-11
1.69737e-11
-2.22314e-11
2.49522e-11
-2.30754e-11
1.74762e-11
-1.17354e-11
9.46726e-12
-1.19439e-11
1.67035e-11
-1.93999e-11
1.6714e-11
-9.16109e-12
5.6646e-13
4.29118e-12
-2.87657e-12
-4.40256e-12
1.48741e-11
-2.544e-11
3.31032e-11
-3.55663e-11
3.14642e-11
-2.1618e-11
9.15851e-12
1.19639e-12
-5.79235e-12
3.86441e-12
1.94607e-12
-8.02491e-12
1.23295e-11
-1.58695e-11
2.08058e-11
-2.78827e-11
3.4702e-11
-3.7506e-11
3.38961e-11
-2.4998e-11
1.43239e-11
-5.60586e-12
6.381e-13
3.60299e-13
2.1208e-12
-7.82003e-12
1.57445e-11
-2.35336e-11
2.74592e-11
-2.46861e-11
1.51071e-11
-2.0223e-12
-1.01317e-11
1.81704e-11
-2.1644e-11
2.13832e-11
-1.78245e-11
1.00728e-11
2.35375e-12
-1.78861e-11
3.2346e-11
-4.1347e-11
4.27393e-11
-3.79687e-11
3.02925e-11
-2.25844e-11
1.5723e-11
-9.65146e-12
4.64271e-12
-2.15355e-12
3.40608e-12
-8.10284e-12
1.36964e-11
-1.69864e-11
1.571e-11
-9.77761e-12
3.43791e-13
1.10766e-11
-2.32856e-11
3.43353e-11
-4.1196e-11
4.03136e-11
-3.0165e-11
1.27169e-11
6.76781e-12
-2.27368e-11
3.19298e-11
-3.47049e-11
3.34456e-11
-3.06488e-11
2.72164e-11
-2.29716e-11
1.75455e-11
-1.16219e-11
6.49924e-12
-3.49752e-12
2.91004e-12
-4.31517e-12
6.63731e-12
-8.52851e-12
7.8608e-12
-2.39837e-12
-9.13184e-12
2.51344e-11
-4.11833e-11
5.14631e-11
-5.1934e-11
4.21469e-11
-2.56495e-11
7.78054e-12
6.69725e-12
-1.58206e-11
2.02744e-11
-2.23071e-11
2.36391e-11
-2.48122e-11
2.50472e-11
-2.33323e-11
1.89079e-11
-1.21909e-11
4.75639e-12
7.51148e-13
-2.22415e-12
-6.31674e-13
5.28049e-12
-7.5877e-12
3.64748e-12
7.75624e-12
-2.44679e-11
4.13478e-11
-5.27402e-11
5.47874e-11
-4.74489e-11
3.3995e-11
-1.93993e-11
7.60601e-12
-2.50072e-13
-3.8009e-12
6.99209e-12
-1.15827e-11
1.77607e-11
-2.35906e-11
2.59428e-11
-2.29282e-11
1.51012e-11
-5.62652e-12
-1.65917e-12
3.96948e-12
-1.2668e-12
-3.86288e-12
6.9988e-12
-4.23627e-12
-6.02657e-12
2.17382e-11
-3.81887e-11
4.98094e-11
-5.29896e-11
4.74592e-11
-3.66144e-11
2.53704e-11
-1.7658e-11
1.40181e-11
-1.19963e-11
8.03103e-12
-4.32435e-13
-9.68515e-12
1.88933e-11
-2.37687e-11
2.24552e-11
-1.58359e-11
6.84824e-12
5.60466e-13
-3.5176e-12
1.34406e-12
3.69193e-12
-7.50323e-12
5.75258e-12
3.55317e-12
-1.88219e-11
3.49152e-11
-4.59776e-11
4.84658e-11
-4.33644e-11
3.49468e-11
-2.80622e-11
2.49216e-11
-2.45033e-11
2.35479e-11
-1.91889e-11
1.04606e-11
9.37225e-13
-1.1835e-11
1.88246e-11
-1.99844e-11
1.53818e-11
-7.47259e-12
5.76969e-14
3.04657e-12
-4.53497e-13
-5.73845e-12
1.039e-11
-8.56003e-12
-1.5128e-12
1.68247e-11
-3.16451e-11
4.06797e-11
-4.22084e-11
3.82394e-11
-3.29621e-11
2.97265e-11
-2.95507e-11
3.07834e-11
-3.07653e-11
2.71141e-11
-1.90534e-11
7.46661e-12
4.86839e-12
-1.42687e-11
1.74074e-11
-1.3639e-11
5.71564e-12
1.10942e-12
-2.4897e-12
-2.38089e-12
9.82233e-12
-1.42026e-11
1.12073e-11
-7.04849e-13
-1.36367e-11
2.64877e-11
-3.41966e-11
3.60955e-11
-3.43096e-11
3.16986e-11
-3.05868e-11
3.16986e-11
-3.43096e-11
3.60954e-11
-3.41964e-11
2.64873e-11
-1.36362e-11
-7.05275e-13
1.12077e-11
-1.42027e-11
9.82232e-12
-2.38078e-12
-2.4898e-12
1.10943e-12
5.71576e-12
-1.36392e-11
1.74077e-11
-1.4269e-11
4.86859e-12
7.4665e-12
-1.90534e-11
2.71141e-11
-3.07653e-11
3.07834e-11
-2.95507e-11
2.97265e-11
-3.29622e-11
3.82397e-11
-4.22088e-11
4.068e-11
-3.16455e-11
1.6825e-11
-1.51292e-12
-8.56002e-12
1.03901e-11
-5.73851e-12
-4.5347e-13
3.04659e-12
5.76408e-14
-7.47254e-12
1.53818e-11
-1.99845e-11
1.88246e-11
-1.18351e-11
9.37237e-13
1.04606e-11
-1.9189e-11
2.3548e-11
-2.45033e-11
2.49216e-11
-2.80621e-11
3.49467e-11
-4.33643e-11
4.84657e-11
-4.59774e-11
3.49152e-11
-1.88219e-11
3.55319e-12
5.75254e-12
-7.50319e-12
3.69188e-12
1.34416e-12
-3.51776e-12
5.60702e-13
6.84798e-12
-1.58357e-11
2.24551e-11
-2.37686e-11
1.88934e-11
-9.68529e-12
-4.32251e-13
8.03082e-12
-1.19961e-11
1.40179e-11
-1.76578e-11
2.53704e-11
-3.66144e-11
4.74592e-11
-5.29896e-11
4.98094e-11
-3.81888e-11
2.17383e-11
-6.02658e-12
-4.23634e-12
6.99901e-12
-3.86323e-12
-1.26637e-12
3.96907e-12
-1.65887e-12
-5.62669e-12
1.51012e-11
-2.29281e-11
2.59426e-11
-2.35902e-11
1.77603e-11
-1.15823e-11
6.99176e-12
-3.80068e-12
-2.50203e-13
7.6061e-12
-1.93994e-11
3.3995e-11
-4.74489e-11
5.47873e-11
-5.27401e-11
4.13477e-11
-2.4468e-11
7.75651e-12
3.64707e-12
-7.58725e-12
5.28008e-12
-6.31339e-13
-2.22437e-12
7.51212e-13
4.75651e-12
-1.21912e-11
1.89083e-11
-2.33328e-11
2.50476e-11
-2.48125e-11
2.36393e-11
-2.23073e-11
2.02746e-11
-1.58207e-11
6.69729e-12
7.78057e-12
-2.56496e-11
4.2147e-11
-5.1934e-11
5.14629e-11
-4.11831e-11
2.51341e-11
-9.1316e-12
-2.3986e-12
7.86098e-12
-8.52861e-12
6.63728e-12
-4.31502e-12
2.90978e-12
-3.49719e-12
6.49891e-12
-1.16216e-11
1.75452e-11
-2.29715e-11
2.72162e-11
-3.06487e-11
3.34456e-11
-3.47049e-11
3.19297e-11
-2.27368e-11
6.76769e-12
1.27171e-11
-3.01651e-11
4.03136e-11
-4.1196e-11
3.43352e-11
-2.32854e-11
1.10764e-11
3.43997e-13
-9.77781e-12
1.57102e-11
-1.69866e-11
1.36966e-11
-8.10309e-12
3.40631e-12
-2.15374e-12
4.64283e-12
-9.65151e-12
1.5723e-11
-2.25844e-11
3.02925e-11
-3.79687e-11
4.27394e-11
-4.13471e-11
3.23461e-11
-1.78862e-11
2.35364e-12
1.00731e-11
-1.78248e-11
2.13836e-11
-2.16444e-11
1.81708e-11
-1.0132e-11
-2.02201e-12
1.51069e-11
-2.46858e-11
2.7459e-11
-2.35334e-11
1.57444e-11
-7.81994e-12
2.12076e-12
3.60289e-13
6.38171e-13
-5.60599e-12
1.43241e-11
-2.49982e-11
3.38964e-11
-3.75063e-11
3.47023e-11
-2.78829e-11
2.0806e-11
-1.58697e-11
1.23298e-11
-8.02515e-12
1.9463e-12
3.86417e-12
-5.79213e-12
1.19619e-12
9.15866e-12
-2.16181e-11
3.14643e-11
-3.55664e-11
3.31034e-11
-2.54402e-11
1.48742e-11
-4.40258e-12
-2.87671e-12
4.2915e-12
5.65996e-13
-9.16054e-12
1.67134e-11
-1.93994e-11
1.67032e-11
-1.19438e-11
9.46732e-12
-1.17355e-11
1.74763e-11
-2.30755e-11
2.49523e-11
-2.22314e-11
1.69737e-11
-1.30403e-11
1.34502e-11
-1.8996e-11
2.76997e-11
-3.61091e-11
4.04476e-11
-3.83703e-11
2.98095e-11
-1.76587e-11
6.42922e-12
-2.54124e-13
2.78905e-13
-4.28379e-12
7.81773e-12
-7.12918e-12
1.03917e-12
8.1217e-12
-1.59556e-11
1.79681e-11
-1.22066e-11
9.96955e-14
1.39499e-11
-2.51294e-11
3.04272e-11
-3.03127e-11
2.78669e-11
-2.69372e-11
2.93482e-11
-3.39987e-11
3.74529e-11
-3.66659e-11
3.08383e-11
-2.2109e-11
1.37598e-11
-8.49421e-12
6.94959e-12
-8.05869e-12
9.42716e-12
-8.40237e-12
2.61507e-12
8.54094e-12
-2.31358e-11
3.64326e-11
-4.3059e-11
3.9645e-11
-2.71972e-11
1.0277e-11
5.56445e-12
-1.72165e-11
2.47294e-11
-3.00352e-11
3.40854e-11
-3.6002e-11
3.3922e-11
-2.75167e-11
1.8716e-11
-1.08529e-11
6.11025e-12
-4.64404e-12
5.05461e-12
-6.28512e-12
7.83242e-12
-9.10718e-12
8.16742e-12
-2.66452e-12
-8.45814e-12
2.31518e-11
-3.71818e-11
4.62045e-11
-4.83242e-11
4.41581e-11
-3.56499e-11
2.4018e-11
-9.82701e-12
-5.90854e-12
2.0039e-11
-2.82059e-11
2.72014e-11
-1.7828e-11
4.59181e-12
6.73133e-12
-1.26748e-11
1.30803e-11
-1.02744e-11
6.6859e-12
-3.87665e-12
2.21399e-12
-1.76776e-12
2.40673e-12
-4.15353e-12
6.83743e-12
-1.0547e-11
1.54814e-11
-2.20169e-11
2.95976e-11
-3.6302e-11
3.88477e-11
-3.46317e-11
2.35631e-11
-9.22643e-12
-2.79145e-12
7.42631e-12
-2.98898e-12
-8.34456e-12
2.14218e-11
-3.08745e-11
3.33247e-11
-2.91524e-11
2.18373e-11
-1.61658e-11
1.51141e-11
-1.83401e-11
2.22765e-11
-2.28669e-11
1.80298e-11
-9.18145e-12
-1.25743e-13
6.21566e-12
-7.48891e-12
4.5198e-12
4.9037e-13
-5.25326e-12
8.00315e-12
-8.33365e-12
7.14581e-12
-6.82196e-12
9.98434e-12
-1.80641e-11
2.93688e-11
-3.94467e-11
4.32212e-11
-3.88163e-11
2.9044e-11
-2.0003e-11
1.66435e-11
-1.98122e-11
2.60018e-11
-3.05768e-11
3.05194e-11
-2.56724e-11
1.72214e-11
-6.41601e-12
-6.13714e-12
1.93224e-11
-3.10409e-11
3.8368e-11
-3.94411e-11
3.43869e-11
-2.527e-11
1.41501e-11
-2.19643e-12
-1.01786e-11
2.16174e-11
-2.96736e-11
3.18752e-11
-2.80535e-11
2.0641e-11
-1.34479e-11
8.97629e-12
-7.53004e-12
7.67504e-12
-8.30136e-12
9.32798e-12
-1.14578e-11
1.44059e-11
-1.63192e-11
1.40827e-11
-5.44008e-12
-9.55948e-12
2.76988e-11
-4.39125e-11
5.3021e-11
-5.21712e-11
4.18102e-11
-2.58659e-11
9.86528e-12
1.14583e-12
-5.01154e-12
2.82091e-12
1.95677e-12
-6.05115e-12
7.90912e-12
-8.27115e-12
8.73089e-12
-1.06812e-11
1.4304e-11
-1.88182e-11
2.23308e-11
-2.26344e-11
1.80954e-11
-9.53618e-12
4.88238e-13
4.07947e-12
-1.22877e-12
-7.78691e-12
1.75518e-11
-2.20783e-11
1.85286e-11
-9.4058e-12
5.44825e-13
2.58953e-12
1.47467e-12
-1.0255e-11
1.9484e-11
-2.6221e-11
2.94992e-11
-2.97904e-11
2.77108e-11
-2.43692e-11
2.15209e-11
-2.1458e-11
2.51847e-11
-3.14701e-11
3.69856e-11
-3.86776e-11
3.54246e-11
-2.85532e-11
1.99342e-11
-1.05373e-11
-1.35683e-13
1.23568e-11
-2.49295e-11
3.47462e-11
-3.86585e-11
3.51764e-11
-2.56738e-11
1.32414e-11
-1.18393e-12
-8.70977e-12
1.60133e-11
-2.11232e-11
2.40335e-11
-2.44009e-11
2.16617e-11
-1.60402e-11
8.81584e-12
-2.75521e-12
1.02815e-12
-5.75819e-12
1.5838e-11
-2.68527e-11
3.27208e-11
-2.92742e-11
1.62665e-11
2.46081e-12
-2.14513e-11
3.57804e-11
-4.27976e-11
4.20913e-11
-3.54889e-11
2.61617e-11
-1.7923e-11
1.33797e-11
-1.27996e-11
1.36127e-11
-1.2482e-11
7.83448e-12
-1.89852e-12
-7.87248e-13
-3.36891e-12
1.35291e-11
-2.47468e-11
3.1049e-11
-2.98389e-11
2.31109e-11
-1.57436e-11
1.15867e-11
-1.15352e-11
1.36355e-11
-1.53643e-11
1.48762e-11
-1.16412e-11
5.85224e-12
1.3278e-12
-8.0088e-12
1.16967e-11
-1.06898e-11
4.80057e-12
4.175e-12
-1.36297e-11
2.1094e-11
-2.54106e-11
2.64892e-11
-2.512e-11
2.21848e-11
-1.89112e-11
1.67124e-11
-1.73026e-11
2.16339e-11
-2.93921e-11
3.84616e-11
-4.57629e-11
4.78778e-11
-4.24413e-11
2.89714e-11
-9.9855e-12
-9.72313e-12
2.48719e-11
-3.28045e-11
3.45792e-11
-3.38865e-11
3.34535e-11
-3.29187e-11
2.91124e-11
-1.95586e-11
5.18041e-12
9.19091e-12
-1.79413e-11
1.78853e-11
-1.01904e-11
-1.00819e-12
1.07551e-11
-1.56146e-11
1.41579e-11
-7.23436e-12
-2.60811e-12
1.13178e-11
-1.48784e-11
1.09684e-11
-9.29165e-13
-1.07503e-11
1.86435e-11
-2.00026e-11
1.60206e-11
-1.0772e-11
7.85386e-12
-8.49435e-12
1.1303e-11
-1.42365e-11
1.58694e-11
-1.62147e-11
1.59838e-11
-1.61369e-11
1.69288e-11
-1.79844e-11
1.83713e-11
-1.78261e-11
1.72346e-11
-1.87461e-11
2.40347e-11
-3.28645e-11
4.22222e-11
-4.80526e-11
4.74852e-11
-4.08334e-11
3.07307e-11
-2.01524e-11
1.00615e-11
3.61683e-13
-1.22296e-11
2.46756e-11
-3.48507e-11
3.92231e-11
-3.60281e-11
2.59174e-11
-1.16408e-11
-3.44311e-12
1.57011e-11
-2.18516e-11
1.96496e-11
-9.94984e-12
-2.69757e-12
1.13799e-11
-1.09577e-11
1.10038e-12
1.31734e-11
-2.49269e-11
2.91275e-11
-2.52867e-11
1.65108e-11
-7.20734e-12
1.95473e-13
4.04783e-12
-7.05078e-12
1.04792e-11
-1.50706e-11
1.98657e-11
-2.31558e-11
2.34701e-11
-2.10015e-11
1.73778e-11
-1.48426e-11
1.43757e-11
-1.52651e-11
1.55819e-11
-1.42477e-11
1.19589e-11
-1.10564e-11
1.33679e-11
-1.88927e-11
2.55908e-11
-3.13993e-11
3.54964e-11
-3.8516e-11
4.07734e-11
-4.15216e-11
3.91508e-11
-3.28526e-11
2.29021e-11
-1.03425e-11
-4.03592e-12
1.89924e-11
-3.20584e-11
3.91031e-11
-3.65177e-11
2.37719e-11
-5.22614e-12
-1.17015e-11
2.0125e-11
-1.77405e-11
7.6098e-12
3.63989e-12
-9.87886e-12
8.19437e-12
2.99048e-15
-1.07179e-11
1.95398e-11
-2.4049e-11
2.42312e-11
-2.20004e-11
1.92279e-11
-1.66127e-11
1.31059e-11
-7.36212e-12
-8.76308e-13
9.69749e-12
-1.63905e-11
1.92733e-11
-1.92635e-11
1.86521e-11
-1.9172e-11
2.03287e-11
-2.05087e-11
1.8611e-11
-1.53811e-11
1.23312e-11
-1.06007e-11
1.01298e-11
-1.0708e-11
1.24955e-11
-1.6151e-11
2.15603e-11
-2.76836e-11
3.30152e-11
-3.71587e-11
4.07761e-11
-4.46066e-11
4.745e-11
-4.61763e-11
3.72246e-11
-1.97062e-11
-3.2227e-12
2.4864e-11
-3.83018e-11
3.95428e-11
-2.97183e-11
1.41152e-11
1.99496e-13
-7.91843e-12
7.40931e-12
-1.30994e-12
-5.55626e-12
8.81287e-12
-7.22683e-12
2.58241e-12
2.12542e-12
-5.57238e-12
8.49721e-12
-1.23306e-11
1.66792e-11
-1.92983e-11
1.77445e-11
-1.20069e-11
4.55719e-12
1.27806e-12
-4.00598e-12
4.37897e-12
-4.48216e-12
5.73427e-12
-8.53276e-12
1.23417e-11
-1.64972e-11
1.99223e-11
-2.14366e-11
2.00038e-11
-1.59337e-11
1.08785e-11
-7.32229e-12
6.79182e-12
-9.17446e-12
1.27183e-11
-1.57792e-11
1.79803e-11
-2.08753e-11
2.65488e-11
-3.61429e-11
4.82341e-11
-5.90865e-11
6.3611e-11
-5.78575e-11
4.0988e-11
-1.67911e-11
-7.6395e-12
2.48523e-11
-3.11607e-11
2.80976e-11
-2.10455e-11
1.50264e-11
-1.19793e-11
1.05448e-11
-8.99466e-12
7.22165e-12
-6.82349e-12
8.59728e-12
-1.12535e-11
1.18646e-11
-8.54965e-12
1.91463e-12
4.90473e-12
-8.38281e-12
6.25602e-12
1.08988e-12
-1.09897e-11
1.9242e-11
-2.21949e-11
1.82982e-11
-9.36589e-12
-4.86767e-13
6.76107e-12
-7.25103e-12
2.68014e-12
3.96102e-12
-9.69971e-12
1.27541e-11
-1.30807e-11
1.14292e-11
-8.98205e-12
6.69774e-12
-5.39374e-12
5.12016e-12
-5.35578e-12
5.25194e-12
-5.07553e-12
6.60626e-12
-1.26092e-11
2.42244e-11
-3.92923e-11
5.2434e-11
-5.83485e-11
5.48443e-11
-4.41118e-11
3.03619e-11
-1.70968e-11
5.34733e-12
5.14083e-12
-1.44611e-11
2.14477e-11
-2.47053e-11
2.36108e-11
-1.93756e-11
1.4463e-11
-1.18163e-11
1.30629e-11
-1.75249e-11
2.17167e-11
-2.13647e-11
1.42151e-11
-2.74949e-12
-6.71788e-12
7.48471e-12
2.85368e-12
-2.09862e-11
3.9666e-11
-5.21617e-11
5.51209e-11
-4.93512e-11
3.78204e-11
-2.39671e-11
1.0418e-11
6.97361e-13
-7.96912e-12
1.07203e-11
-9.6832e-12
6.46357e-12
-3.03958e-12
6.93698e-13
-1.47489e-13
1.47102e-12
-4.45905e-12
8.06204e-12
-1.06162e-11
1.01788e-11
-6.03278e-12
-8.51582e-13
7.9719e-12
-1.30579e-11
1.50241e-11
-1.44625e-11
1.26408e-11
-1.10756e-11
1.07662e-11
-1.20248e-11
1.36308e-11
-1.33249e-11
9.00966e-12
-1.07521e-12
-7.37174e-12
1.22198e-11
-1.19144e-11
8.73456e-12
-7.33456e-12
1.06124e-11
-1.74104e-11
2.30183e-11
-2.29507e-11
1.58857e-11
-4.7256e-12
-5.50505e-12
1.00484e-11
-6.72331e-12
-3.78566e-12
1.83498e-11
-3.33063e-11
4.57666e-11
-5.46009e-11
5.94653e-11
-5.98729e-11
5.44531e-11
-4.23947e-11
2.49994e-11
-6.71116e-12
-6.8865e-12
1.20906e-11
-9.90486e-12
5.2738e-12
-4.08368e-12
9.06569e-12
-1.85393e-11
2.75943e-11
-3.15409e-11
2.8128e-11
-1.85034e-11
5.97368e-12
5.12806e-12
-1.10477e-11
9.41349e-12
-4.37179e-13
-1.32745e-11
2.75186e-11
-3.8672e-11
4.47015e-11
-4.54245e-11
4.13061e-11
-3.32608e-11
2.26319e-11
-1.17998e-11
3.27195e-12
1.26329e-12
-2.03085e-12
4.61611e-13
1.53688e-12
-2.55405e-12
1.40938e-12
2.3829e-12
-8.20651e-12
1.35302e-11
-1.51922e-11
1.14353e-11
-3.98642e-12
-3.04621e-12
5.93119e-12
-4.40646e-12
1.42906e-12
-8.59903e-13
4.15817e-12
-9.70834e-12
1.39959e-11
-1.44382e-11
1.07648e-11
-5.29011e-12
1.12241e-12
-4.93875e-13
3.00802e-12
-5.91847e-12
5.47982e-12
1.72529e-13
-9.62268e-12
1.85117e-11
-2.26421e-11
2.05192e-11
-1.4307e-11
7.50941e-12
-2.45424e-12
-1.19496e-12
4.72994e-12
-8.19117e-12
8.9247e-12
-3.43449e-12
-9.87038e-12
2.83587e-11
-4.62585e-11
5.73551e-11
-5.8439e-11
5.03732e-11
-3.75679e-11
2.53749e-11
-1.78371e-11
1.56225e-11
-1.61908e-11
1.51605e-11
-9.33802e-12
-1.50289e-12
1.43158e-11
-2.51503e-11
3.12134e-11
-3.19943e-11
2.80063e-11
-1.9979e-11
8.71168e-12
3.52796e-12
-1.30184e-11
1.57019e-11
-9.66849e-12
-4.06181e-12
2.1915e-11
-3.96335e-11
5.31608e-11
-5.9596e-11
5.75843e-11
-4.8494e-11
3.61708e-11
-2.5618e-11
1.99791e-11
-1.90481e-11
1.95182e-11
-1.7677e-11
1.13788e-11
-1.15109e-12
-1.0691e-11
2.0809e-11
-2.62826e-11
2.54736e-11
-1.92339e-11
1.04164e-11
-2.62212e-12
-2.10475e-12
3.74289e-12
-3.49419e-12
1.64227e-12
2.70074e-12
-1.04923e-11
2.04796e-11
-2.91802e-11
3.25703e-11
-2.91808e-11
2.10273e-11
-1.26199e-11
7.83862e-12
-7.94542e-12
1.09067e-11
-1.32739e-11
1.22219e-11
-7.54467e-12
1.4208e-12
2.82192e-12
-3.28811e-12
7.36379e-13
1.52878e-12
-3.447e-13
-4.89128e-12
1.10603e-11
-1.36575e-11
9.99084e-12
-1.67097e-12
-6.72817e-12
1.08091e-11
-9.72808e-12
6.13927e-12
-3.98311e-12
5.16848e-12
-8.80345e-12
1.21898e-11
-1.33173e-11
1.18084e-11
-8.96388e-12
6.25503e-12
-4.40888e-12
2.49719e-12
1.28273e-12
-8.34644e-12
1.75695e-11
-2.50872e-11
2.58822e-11
-1.75726e-11
2.54363e-12
1.25937e-11
-2.11557e-11
2.00113e-11
-1.09944e-11
-1.51192e-12
1.333e-11
-2.24156e-11
2.82726e-11
-3.1361e-11
3.23348e-11
-3.22506e-11
3.19399e-11
-3.18539e-11
3.16881e-11
-3.1108e-11
2.96641e-11
-2.66944e-11
2.05911e-11
-9.80216e-12
-5.63457e-12
2.23725e-11
-3.48872e-11
3.81316e-11
-3.08e-11
1.57335e-11
1.48806e-12
-1.53631e-11
2.18564e-11
-1.93966e-11
8.81178e-12
6.4751e-12
-2.17948e-11
3.2956e-11
-3.84865e-11
3.96739e-11
-3.93646e-11
3.95946e-11
-4.09399e-11
4.26865e-11
-4.40121e-11
4.38932e-11
-4.11386e-11
3.42068e-11
-2.24044e-11
6.52883e-12
1.06676e-11
-2.55539e-11
3.44298e-11
-3.48684e-11
2.63276e-11
-1.12128e-11
-5.4689e-12
1.73431e-11
-1.98162e-11
1.22814e-11
1.29822e-12
-1.51376e-11
2.47904e-11
-2.94944e-11
3.12674e-11
-3.29293e-11
3.57731e-11
-3.94137e-11
4.23843e-11
-4.36399e-11
4.27904e-11
-4.014e-11
3.57268e-11
-2.91921e-11
1.9636e-11
-6.79861e-12
-8.07621e-12
2.13868e-11
-2.85465e-11
2.62765e-11
-1.54711e-11
1.22649e-12
9.50203e-12
-1.22468e-11
7.20303e-12
1.33612e-12
-8.69298e-12
1.26687e-11
-1.45174e-11
1.67604e-11
-2.10135e-11
2.65465e-11
-3.13136e-11
3.32919e-11
-3.21445e-11
2.91918e-11
-2.67713e-11
2.61786e-11
-2.65555e-11
2.47891e-11
-1.8037e-11
6.21839e-12
6.70019e-12
-1.51748e-11
1.57073e-11
-9.69954e-12
2.08746e-12
2.12529e-12
-1.49668e-12
-1.86751e-12
4.47742e-12
-4.61023e-12
3.04597e-12
-2.34594e-12
4.58644e-12
-1.01064e-11
1.6785e-11
-2.13517e-11
2.11631e-11
-1.65337e-11
1.07278e-11
-8.09982e-12
1.0459e-11
-1.56727e-11
1.90104e-11
-1.72552e-11
1.10127e-11
-4.1784e-12
2.67175e-13
1.30167e-14
1.01401e-12
-6.49035e-13
-2.19999e-12
6.15082e-12
-8.78698e-12
8.06356e-12
-3.95144e-12
-1.48391e-12
4.67721e-12
-3.00295e-12
-3.31068e-12
1.04247e-11
-1.35112e-11
1.0086e-11
-2.27401e-12
-5.07186e-12
7.82666e-12
-5.5774e-12
8.14792e-13
3.44349e-12
-6.14441e-12
7.89563e-12
-9.7553e-12
1.16215e-11
-1.24572e-11
1.0783e-11
-5.95766e-12
-1.38146e-12
8.73331e-12
-1.27855e-11
1.10608e-11
-4.32727e-12
-3.44994e-12
7.25845e-12
-4.92967e-12
-1.4587e-12
6.94579e-12
-7.59954e-12
2.70562e-12
5.22928e-12
-1.29911e-11
1.82455e-11
-2.02459e-11
1.89386e-11
-1.47813e-11
8.33829e-12
-5.52946e-13
-7.64265e-12
1.48471e-11
-1.92122e-11
1.85146e-11
-1.19454e-11
1.35487e-12
8.59927e-12
-1.32579e-11
1.08082e-11
-3.79303e-12
-3.04506e-12
5.79186e-12
-3.84695e-12
-6.84055e-13
4.53312e-12
-5.2709e-12
1.72311e-12
5.62111e-12
-1.50813e-11
2.4027e-11
-3.0192e-11
3.22133e-11
-2.99414e-11
2.34703e-11
-1.31812e-11
1.52252e-13
1.26358e-11
-2.1069e-11
2.17853e-11
-1.48688e-11
3.94558e-12
5.63614e-12
-1.0146e-11
8.86091e-12
-3.96223e-12
-1.39762e-12
4.35319e-12
-3.65419e-12
-1.55366e-13
4.59964e-12
-6.67107e-12
4.16279e-12
2.90633e-12
-1.2883e-11
2.34477e-11
-3.28711e-11
3.95141e-11
-4.15356e-11
3.69234e-11
-2.53439e-11
9.16229e-12
6.70431e-12
-1.73586e-11
2.00544e-11
-1.55016e-11
6.80408e-12
1.85485e-12
-7.12033e-12
7.34583e-12
-3.49528e-12
-1.58424e-12
4.44898e-12
-3.4019e-12
-8.00688e-13
5.43917e-12
-7.9807e-12
6.99113e-12
-2.28779e-12
-6.09128e-12
1.75896e-11
-3.06492e-11
4.19574e-11
-4.76842e-11
4.50925e-11
-3.43712e-11
1.83992e-11
-1.84069e-12
-1.08226e-11
1.64465e-11
-1.46002e-11
7.57821e-12
2.44861e-13
-4.91615e-12
4.79135e-12
-1.75624e-12
-4.34399e-13
6.04492e-13
-5.64717e-14
8.23793e-14
2.51354e-14
4.08755e-15
0
