0
0
0
0
0
0
0
0
0
0
0
0
0
0
0
0
0
0
0
0
0
0
0
0
0
0
0
0
0
0
0
0
0
0
0
0
0
0
0
0
0
0
0
0
0
0
0
0
0
0
0
0
0
0
0
0
0
0
0
0
0
0
0
0
0
0
0
0
0
0
0
0
0
0
0
0
0
0
0
0
0
0
0
0
0
0
0
0
0
0
0
0
0
0
0
0
0
0
0
0
0
0
0
0
0
0
0
0
0
0
0
0
0
0
0
0
0
0
0
0
0
0
0
0
0
0
0
0
0
0
0
0
0
0
0
0
0
0
0
0
0
0
0
0
0
0
0
0
0
0
0
0
0
0
0
0
0
0
0
0
0
0
0
0
0
0
0
0
0
0
0
0
0
0
0
0
0
0
0
0
0
0
0
0
0
0
0
0
0
0
0
0
0
0
0
0
0
0
0
0
0
0
0
0
0
0
0
0
0
0
0
0
0
0
0
0
0
0
0
0
0
0
0
0
0
0
0
0
0
0
0
0
0
0
0
0
0
0
0
0
0
0
0
0
0
0
0
0
0
0
0
0
0
0
0
0
0
0
0
0
0
0
0
0
0
0
0
0
0
0
0
0
0
0
0
0
0
0
0
0
0
0
0
0
0
0
0
0
0
0
0
0
0
0
0
0
0
0
0
0
0
0
0
0
0
0
0
0
0
0
0
0
0
0
0
0
0
0
0
0
0
0
0
0
0
0
0
0
0
0
0
0
0
0
0
0
0
0
0
0
0
0
0
0
0
0
0
0
0
0
0
0
0
0
0
0
0
0
0
0
0
0
0
0
0
0
0
0
0
0
0
0
0
1.11659e-320
2.87571e-319
7.20228e-318
1.78758e-316
4.40187e-315
1.07573e-313
2.60898e-312
6.27987e-311
1.50021e-309
3.55703e-308
8.37073e-307
1.9552e-305
4.53293e-304
1.04313e-302
2.38273e-301
5.40258e-300
1.21598e-298
2.71678e-297
6.02559e-296
1.32669e-294
2.89981e-293
6.29232e-292
1.35551e-290
2.899e-289
6.15547e-288
1.29762e-286
2.71589e-285
5.64375e-284
1.16444e-282
2.38547e-281
4.8522e-280
9.79994e-279
1.96532e-277
3.9136e-276
7.73854e-275
1.51946e-273
2.96259e-272
5.73608e-271
1.10287e-269
2.10576e-268
3.99277e-267
7.51838e-266
1.40594e-264
2.61102e-263
4.81567e-262
8.82093e-261
1.60468e-259
2.89926e-258
5.20252e-257
9.27202e-256
1.64125e-254
2.8855e-253
5.03869e-252
8.73919e-251
1.50552e-249
2.57613e-248
4.37845e-247
7.3918e-246
1.23955e-244
2.06472e-243
3.41627e-242
5.61485e-241
9.16698e-240
1.48669e-238
2.3951e-237
3.83303e-236
6.09368e-235
9.62366e-234
1.50983e-232
2.35315e-231
3.64339e-230
5.60405e-229
8.56333e-228
1.29996e-226
1.96052e-225
2.93742e-224
4.37242e-223
6.46606e-222
9.5e-221
1.38669e-219
2.01097e-218
2.89742e-217
4.14759e-216
5.89881e-215
8.33526e-214
1.17021e-212
1.63231e-211
2.26223e-210
3.11508e-209
4.2619e-208
5.79353e-207
7.8251e-206
1.05014e-204
1.40029e-203
1.85525e-202
2.44234e-201
3.19469e-200
4.15218e-199
5.36226e-198
6.88093e-197
8.77358e-196
1.11157e-194
1.39938e-193
1.75052e-192
2.17589e-191
2.6875e-190
3.29838e-189
4.02252e-188
4.87463e-187
5.86993e-186
7.02381e-185
8.3515e-184
9.86753e-183
1.15853e-181
1.35164e-180
1.56701e-179
1.80526e-178
2.06666e-177
2.35104e-176
2.65774e-175
2.98558e-174
3.3328e-173
3.69705e-172
4.07538e-171
4.46424e-170
4.85956e-169
5.25671e-168
5.6507e-167
6.03616e-166
6.40754e-165
6.75917e-164
7.08547e-163
7.38102e-162
7.64079e-161
7.86021e-160
8.03534e-159
8.16299e-158
8.2408e-157
8.26732e-156
8.24205e-155
8.16547e-154
8.03901e-153
7.86502e-152
7.64666e-151
7.38788e-150
7.0932e-149
6.76768e-148
6.41671e-147
6.04587e-146
5.66082e-145
5.26712e-144
4.87013e-143
4.47486e-142
4.08593e-141
3.70743e-140
3.34292e-139
2.99536e-138
2.6671e-137
2.35993e-136
2.07504e-135
1.81308e-134
1.57426e-133
1.3583e-132
1.16461e-131
9.92263e-131
8.40103e-130
7.06801e-129
5.90908e-128
4.90906e-127
4.05258e-126
3.32443e-125
2.70991e-124
2.19504e-123
1.76676e-122
1.41306e-121
1.12302e-120
8.86859e-120
6.95927e-119
5.42639e-118
4.20431e-117
3.23678e-116
2.47607e-115
1.8821e-114
1.42151e-113
1.0668e-112
7.95491e-112
5.89399e-111
4.33911e-110
3.174e-109
2.30688e-108
1.66591e-107
1.19532e-106
8.52161e-106
6.03613e-105
4.24807e-104
2.97043e-103
2.06366e-102
1.42444e-101
9.76867e-101
6.65589e-100
4.50562e-99
3.03024e-98
2.02474e-97
1.34408e-96
8.86436e-96
5.808e-95
3.7806e-94
2.44481e-93
1.57064e-92
1.00242e-91
6.35564e-91
4.00317e-90
2.50483e-89
1.55696e-88
9.61379e-88
5.89696e-87
3.59313e-86
2.17482e-85
1.3076e-84
7.80944e-84
4.63294e-83
2.7301e-82
1.59801e-81
9.29088e-81
5.3654e-80
3.07759e-79
1.75339e-78
9.92192e-78
5.57647e-77
3.11289e-76
1.72584e-75
9.50311e-75
5.19699e-74
2.82262e-73
1.52251e-72
8.15589e-72
4.33886e-71
2.29228e-70
1.20265e-69
6.26595e-69
3.2419e-68
1.6656e-67
8.49752e-67
4.30485e-66
2.16551e-65
1.08165e-64
5.3646e-64
2.64178e-63
1.2917e-62
6.27073e-62
3.02247e-61
1.44638e-60
6.87181e-60
3.2413e-59
1.51781e-58
7.05594e-58
3.25629e-57
1.49181e-56
6.78443e-56
3.06277e-55
1.37248e-54
6.1049e-54
2.69538e-53
1.18119e-52
5.13768e-52
2.21794e-51
9.50295e-51
4.04091e-50
1.7053e-49
7.14187e-49
2.96824e-48
1.2242e-47
5.01018e-47
2.03467e-46
8.19897e-46
3.2782e-45
1.3005e-44
5.11877e-44
1.9989e-43
7.7441e-43
2.97639e-42
1.13483e-41
4.29223e-41
1.61037e-40
5.99301e-40
2.2122e-39
8.09925e-39
2.94097e-38
1.05912e-37
3.78258e-37
1.33968e-36
4.7051e-36
1.63858e-35
5.65824e-35
1.93726e-34
6.57605e-34
2.21307e-33
7.38336e-33
2.44186e-32
8.00521e-32
2.60127e-31
8.37793e-31
2.67425e-30
8.45969e-30
2.65198e-29
8.23801e-29
2.53562e-28
7.73261e-28
2.33626e-27
6.99263e-27
2.07326e-26
6.08874e-26
1.77105e-25
5.10192e-25
1.45546e-24
4.11142e-24
1.14995e-23
3.18432e-23
8.72917e-23
2.36868e-22
6.3617e-22
1.69096e-21
4.44775e-21
1.15758e-20
2.98068e-20
7.59253e-20
1.91298e-19
4.7669e-19
1.17465e-18
2.86196e-18
6.89363e-18
1.64133e-17
3.86224e-17
8.98073e-17
2.06319e-16
4.68215e-16
1.04942e-15
2.32256e-15
5.07468e-15
1.09441e-14
2.32906e-14
4.88993e-14
1.01259e-13
2.06755e-13
4.16135e-13
8.2534e-13
1.61251e-12
3.10227e-12
5.87478e-12
1.09458e-11
2.00558e-11
3.61196e-11
6.39003e-11
1.1098e-10
1.89084e-10
3.15784e-10
5.16485e-10
8.26434e-10
1.2922e-09
1.97162e-09
2.93084e-09
4.23639e-09
5.94053e-09
8.05811e-09
1.05353e-08
1.32137e-08
1.57989e-08
1.78489e-08
1.88037e-08
1.8081e-08
1.52531e-08
1.02992e-08
3.88319e-09
-2.45414e-09
-6.36049e-09
-5.20095e-09
2.79714e-09
1.68231e-08
3.15956e-08
3.62351e-08
1.53195e-08
-4.62855e-08
-1.53857e-07
-2.89405e-07
-3.98558e-07
-3.85921e-07
-1.30257e-07
4.69739e-07
1.41594e-06
2.51168e-06
3.28252e-06
2.98254e-06
7.63468e-07
-3.94011e-06
-1.08338e-05
-1.81534e-05
-2.23414e-05
-1.84451e-05
-1.63342e-06
3.00746e-05
7.23847e-05
0.000111941
0.000126233
8.83634e-05
-2.21527e-05
-0.000203853
-0.000417906
-0.000581171
-0.000577516
-0.000294204
0.000318594
0.00118082
0.00203814
0.00247781
0.00203466
0.000388667
-0.00239166
-0.00565684
-0.00816175
-0.00833704
-0.00486799
0.00254224
0.0125079
0.0217745
0.0258419
0.0204862
0.00386228
-0.0215694
-0.0483058
-0.0651303
-0.0607465
-0.0289216
0.0267155
0.0906433
0.13819
0.143484
0.0906984
-0.0155905
-0.146078
-0.252372
-0.283005
-0.205407
-0.025314
0.206059
0.403568
0.477708
0.372862
0.0986315
-0.26157
-0.573199
-0.700176
-0.563653
-0.184832
0.310167
0.73118
0.898404
0.720959
0.244623
-0.356023
-0.842786
-1.01191
-0.783317
-0.24046
0.399846
0.877036
0.997728
0.718718
0.164513
-0.4287
-0.817065
-0.853715
-0.547188
-0.0490986
0.420196
0.671246
0.624174
0.332652
-0.0530035
-0.361418
-0.476524
-0.380319
-0.146816
0.103737
0.264256
0.285008
0.185046
0.0311222
-0.100672
-0.160008
-0.138842
-0.065587
0.0157331
0.0685596
0.0780682
0.0521655
0.0119942
-0.0210491
-0.0349028
-0.029524
-0.0133404
0.00310991
0.0125754
0.013304
0.00802613
0.00120667
-0.00358236
-0.00497571
-0.00364424
-0.00123796
0.000741016
0.00157522
0.00135759
0.000625628
-6.9525e-05
-0.000426504
-0.00043021
-0.000236549
-2.44146e-05
9.93226e-05
0.000118356
7.34312e-05
1.63922e-05
-1.99689e-05
-2.86639e-05
-1.94262e-05
-5.77473e-06
3.47874e-06
6.17551e-06
4.46813e-06
1.53292e-06
-5.33494e-07
-1.19208e-06
-9.00708e-07
-3.35379e-07
7.2732e-08
2.1022e-07
1.60706e-07
5.94514e-08
-8.69755e-09
-3.14966e-08
-2.69226e-08
-1.04667e-08
3.1026e-09
4.77987e-09
1.75637e-09
2.05905e-09
1.25912e-09
-2.03452e-09
-1.19702e-09
1.61844e-09
-9.81803e-11
-1.61556e-09
1.0338e-09
1.17167e-09
-1.59012e-09
-2.98437e-10
1.7239e-09
-6.73964e-10
-1.32991e-09
1.42912e-09
4.85027e-10
-1.69976e-09
5.39846e-10
1.3536e-09
-1.36968e-09
-4.82657e-10
1.66174e-09
-5.90608e-10
-1.26007e-09
1.41616e-09
3.0082e-10
-1.6055e-09
8.02258e-10
1.03309e-09
-1.51936e-09
5.61037e-11
1.46407e-09
-1.11936e-09
-6.27246e-10
1.57446e-09
-5.61362e-10
-1.13308e-09
1.42524e-09
1.73392e-11
-1.42519e-09
1.11035e-09
5.24421e-10
-1.52302e-09
7.2147e-10
9.15226e-10
-1.47471e-09
3.29341e-10
1.18243e-09
-1.33555e-09
-2.13135e-11
1.34178e-09
-1.15485e-09
-3.08644e-10
1.41948e-09
-9.70283e-10
-5.27102e-10
1.44324e-09
-8.073e-10
-6.80584e-10
1.43711e-09
-6.81124e-10
-7.7687e-10
1.41919e-09
-5.99573e-10
-8.23773e-10
1.40108e-09
-5.65598e-10
-8.26879e-10
1.38808e-09
-5.79017e-10
-7.88546e-10
1.37961e-09
-6.37265e-10
-7.07889e-10
1.36966e-09
-7.35199e-10
-5.81611e-10
1.34707e-09
-8.64078e-10
-4.05691e-10
1.29613e-09
-1.01003e-09
-1.77972e-10
1.19784e-09
-1.15247e-09
9.83089e-11
1.03252e-09
-1.26321e-09
4.10387e-10
7.84141e-10
-1.30743e-09
7.31986e-10
4.46831e-10
-1.24758e-09
1.02103e-09
3.26887e-11
-1.05147e-09
1.22127e-09
-4.20757e-10
-7.04502e-10
1.27033e-09
-8.46989e-10
-2.24294e-10
1.11581e-09
-1.15547e-09
3.26998e-10
7.38488e-10
-1.24955e-09
8.40205e-10
1.77103e-10
-1.0585e-09
1.17517e-09
-4.56448e-10
-5.78059e-10
1.20053e-09
-9.86209e-10
9.5799e-11
8.52884e-10
-1.21753e-09
7.63046e-10
1.95194e-10
-1.01721e-09
1.16769e-09
-5.59909e-10
-4.03085e-10
1.10159e-09
-1.09834e-09
4.06767e-10
5.32163e-10
-1.13594e-09
1.04123e-09
-3.16809e-10
-5.92148e-10
1.1417e-09
-1.01356e-09
2.9381e-10
5.90638e-10
-1.12896e-09
1.02034e-09
-3.36809e-10
-5.29797e-10
1.09607e-09
-1.05595e-09
4.41393e-10
4.06486e-10
-1.03057e-09
1.10409e-09
-5.97711e-10
-2.15494e-10
9.11433e-10
-1.13692e-09
7.8592e-10
-4.4048e-11
-7.13955e-10
1.11528e-09
-9.70651e-10
3.59185e-10
4.19075e-10
-9.93145e-10
1.09764e-09
-6.92232e-10
-2.79946e-11
7.29927e-10
-1.09771e-09
9.73165e-10
-4.19928e-10
-3.12585e-10
9.04157e-10
-1.1038e-09
8.33793e-10
-2.15856e-10
-4.86979e-10
9.84072e-10
-1.07673e-09
7.34897e-10
-1.02733e-10
-5.65037e-10
1.007e-09
-1.05651e-09
7.01804e-10
-8.44727e-11
-5.59628e-10
9.91544e-10
-1.05702e-09
7.39149e-10
-1.58984e-10
-4.72941e-10
9.34143e-10
-1.06795e-09
8.34694e-10
-3.20405e-10
-2.97169e-10
8.11371e-10
-1.05569e-09
9.56185e-10
-5.51363e-10
-2.46974e-11
5.8841e-10
-9.65681e-10
1.04486e-09
-8.07907e-10
3.31811e-10
2.38254e-10
-7.34283e-10
1.01494e-09
-1.00474e-09
7.1242e-10
-2.24847e-10
-3.20332e-10
7.74325e-10
-1.01761e-09
9.90318e-10
-7.05168e-10
2.40951e-10
2.80597e-10
-7.27411e-10
9.90411e-10
-1.00921e-09
7.8449e-10
-3.74987e-10
-1.19093e-10
5.81363e-10
-9.06773e-10
1.02489e-09
-9.1397e-10
6.03452e-10
-1.65024e-10
-3.04809e-10
7.06384e-10
-9.57846e-10
1.01112e-09
-8.59986e-10
5.39215e-10
-1.15639e-10
-3.2648e-10
7.02499e-10
-9.43403e-10
1.00785e-09
-8.88296e-10
6.10608e-10
-2.2767e-10
-1.91319e-10
5.73675e-10
-8.55781e-10
9.93252e-10
-9.67212e-10
7.85943e-10
-4.82071e-10
1.06064e-10
2.82578e-10
-6.24907e-10
8.71328e-10
-9.88385e-10
9.62678e-10
-8.01612e-10
5.31134e-10
-1.91059e-10
-1.71164e-10
5.07232e-10
-7.74387e-10
9.40579e-10
-9.87875e-10
9.13815e-10
-7.30752e-10
4.63431e-10
-1.45289e-10
-1.85977e-10
4.9297e-10
-7.42754e-10
9.10173e-10
-9.8004e-10
9.48082e-10
-8.20645e-10
6.13332e-10
-3.48814e-10
5.41257e-11
2.42232e-10
-5.13072e-10
7.34936e-10
-8.89943e-10
9.66971e-10
-9.62132e-10
8.78565e-10
-7.25658e-10
5.1781e-10
-2.72905e-10
1.06485e-11
2.4908e-10
-4.87728e-10
6.89328e-10
-8.41428e-10
9.3569e-10
-9.6812e-10
9.38984e-10
-8.52435e-10
7.15923e-10
-5.39444e-10
3.34718e-10
-1.14331e-10
-1.0907e-10
3.23511e-10
-5.18288e-10
6.84444e-10
-8.15084e-10
9.05535e-10
-9.53383e-10
9.58373e-10
-9.22215e-10
8.48316e-10
-7.41451e-10
6.07419e-10
-4.52682e-10
2.84021e-10
-1.08223e-10
-6.81965e-11
2.39225e-10
-3.99534e-10
5.44601e-10
-6.70795e-10
7.75404e-10
-8.5663e-10
9.13547e-10
-9.46034e-10
9.54682e-10
-9.40694e-10
9.05776e-10
-8.52022e-10
7.81807e-10
-6.9768e-10
6.02276e-10
-4.98224e-10
3.8808e-10
-2.74269e-10
1.59034e-10
-4.44079e-11
-6.78158e-11
1.76092e-10
-2.79131e-10
3.75893e-10
-4.65578e-10
5.47613e-10
-6.21637e-10
6.87472e-10
-7.4511e-10
7.94688e-10
-8.3646e-10
8.70784e-10
-8.98095e-10
9.18891e-10
-9.33709e-10
9.43116e-10
-9.47695e-10
9.48026e-10
-9.44688e-10
9.38239e-10
-9.2922e-10
9.18142e-10
-9.05488e-10
8.91705e-10
-8.7721e-10
8.62382e-10
-8.47566e-10
8.33074e-10
-8.1918e-10
8.06132e-10
-7.94141e-10
7.83394e-10
-7.74044e-10
7.66224e-10
-7.60035e-10
7.55559e-10
-7.52851e-10
7.51944e-10
-7.52851e-10
7.55559e-10
-7.60035e-10
7.66224e-10
-7.74044e-10
7.83394e-10
-7.94141e-10
8.06132e-10
-8.1918e-10
8.33074e-10
-8.47566e-10
8.62382e-10
-8.7721e-10
8.91705e-10
-9.05488e-10
9.18142e-10
-9.2922e-10
9.38239e-10
-9.44688e-10
9.48026e-10
-9.47695e-10
9.43116e-10
-9.33709e-10
9.18891e-10
-8.98095e-10
8.70784e-10
-8.3646e-10
7.94688e-10
-7.4511e-10
6.87472e-10
-6.21637e-10
5.47613e-10
-4.65578e-10
3.75893e-10
-2.79131e-10
1.76092e-10
-6.78158e-11
-4.44079e-11
1.59034e-10
-2.74269e-10
3.8808e-10
-4.98224e-10
6.02276e-10
-6.9768e-10
7.81807e-10
-8.52022e-10
9.05776e-10
-9.40694e-10
9.54682e-10
-9.46034e-10
9.13547e-10
-8.5663e-10
7.75404e-10
-6.70795e-10
5.44601e-10
-3.99534e-10
2.39225e-10
-6.81965e-11
-1.08223e-10
2.84021e-10
-4.52682e-10
6.07419e-10
-7.41451e-10
8.48316e-10
-9.22215e-10
9.58373e-10
-9.53383e-10
9.05535e-10
-8.15084e-10
6.84444e-10
-5.18288e-10
3.23511e-10
-1.0907e-10
-1.14331e-10
3.34718e-10
-5.39444e-10
7.15923e-10
-8.52435e-10
9.38984e-10
-9.6812e-10
9.3569e-10
-8.41428e-10
6.89328e-10
-4.87728e-10
2.4908e-10
1.06485e-11
-2.72905e-10
5.1781e-10
-7.25658e-10
8.78565e-10
-9.62132e-10
9.66971e-10
-8.89943e-10
7.34936e-10
-5.13072e-10
2.42232e-10
5.41257e-11
-3.48814e-10
6.13332e-10
-8.20645e-10
9.48082e-10
-9.8004e-10
9.10173e-10
-7.42754e-10
4.9297e-10
-1.85977e-10
-1.45289e-10
4.63431e-10
-7.30752e-10
9.13815e-10
-9.87875e-10
9.40579e-10
-7.74387e-10
5.07232e-10
-1.71164e-10
-1.91059e-10
5.31134e-10
-8.01612e-10
9.62678e-10
-9.88385e-10
8.71328e-10
-6.24907e-10
2.82578e-10
1.06064e-10
-4.82071e-10
7.85943e-10
-9.67212e-10
9.93252e-10
-8.55781e-10
5.73675e-10
-1.91319e-10
-2.2767e-10
6.10608e-10
-8.88296e-10
1.00785e-09
-9.43403e-10
7.02499e-10
-3.2648e-10
-1.15639e-10
5.39215e-10
-8.59986e-10
1.01112e-09
-9.57846e-10
7.06384e-10
-3.04809e-10
-1.65024e-10
6.03452e-10
-9.1397e-10
1.02489e-09
-9.06773e-10
5.81363e-10
-1.19093e-10
-3.74987e-10
7.8449e-10
-1.00921e-09
9.90411e-10
-7.27411e-10
2.80597e-10
2.40951e-10
-7.05168e-10
9.90318e-10
-1.01761e-09
7.74325e-10
-3.20332e-10
-2.24847e-10
7.1242e-10
-1.00474e-09
1.01494e-09
-7.34283e-10
2.38254e-10
3.31811e-10
-8.07907e-10
1.04486e-09
-9.65681e-10
5.8841e-10
-2.46974e-11
-5.51363e-10
9.56185e-10
-1.05569e-09
8.11371e-10
-2.97169e-10
-3.20405e-10
8.34694e-10
-1.06795e-09
9.34143e-10
-4.72941e-10
-1.58984e-10
7.39149e-10
-1.05702e-09
9.91544e-10
-5.59628e-10
-8.44727e-11
7.01804e-10
-1.05651e-09
1.007e-09
-5.65037e-10
-1.02733e-10
7.34897e-10
-1.07673e-09
9.84072e-10
-4.86979e-10
-2.15856e-10
8.33793e-10
-1.1038e-09
9.04157e-10
-3.12585e-10
-4.19928e-10
9.73165e-10
-1.09771e-09
7.29927e-10
-2.79946e-11
-6.92232e-10
1.09764e-09
-9.93145e-10
4.19075e-10
3.59185e-10
-9.70651e-10
1.11528e-09
-7.13955e-10
-4.4048e-11
7.8592e-10
-1.13692e-09
9.11433e-10
-2.15494e-10
-5.97711e-10
1.10409e-09
-1.03057e-09
4.06486e-10
4.41393e-10
-1.05595e-09
1.09607e-09
-5.29797e-10
-3.36809e-10
1.02034e-09
-1.12896e-09
5.90638e-10
2.9381e-10
-1.01356e-09
1.1417e-09
-5.92148e-10
-3.16809e-10
1.04123e-09
-1.13594e-09
5.32163e-10
4.06767e-10
-1.09834e-09
1.10159e-09
-4.03085e-10
-5.59909e-10
1.16769e-09
-1.01721e-09
1.95194e-10
7.63046e-10
-1.21753e-09
8.52884e-10
9.5799e-11
-9.86209e-10
1.20053e-09
-5.78059e-10
-4.56448e-10
1.17517e-09
-1.0585e-09
1.77103e-10
8.40205e-10
-1.24955e-09
7.38488e-10
3.26998e-10
-1.15547e-09
1.11581e-09
-2.24294e-10
-8.46989e-10
1.27033e-09
-7.04502e-10
-4.20757e-10
1.22127e-09
-1.05147e-09
3.26887e-11
1.02103e-09
-1.24758e-09
4.46831e-10
7.31986e-10
-1.30743e-09
7.84141e-10
4.10387e-10
-1.26321e-09
1.03252e-09
9.83089e-11
-1.15247e-09
1.19784e-09
-1.77972e-10
-1.01003e-09
1.29613e-09
-4.05691e-10
-8.64078e-10
1.34707e-09
-5.81611e-10
-7.35199e-10
1.36966e-09
-7.07889e-10
-6.37265e-10
1.37961e-09
-7.88546e-10
-5.79017e-10
1.38808e-09
-8.26879e-10
-5.65598e-10
1.40108e-09
-8.23773e-10
-5.99573e-10
1.41919e-09
-7.7687e-10
-6.81124e-10
1.43711e-09
-6.80584e-10
-8.073e-10
1.44324e-09
-5.27102e-10
-9.70283e-10
1.41948e-09
-3.08644e-10
-1.15485e-09
1.34178e-09
-2.13135e-11
-1.33555e-09
1.18243e-09
3.29341e-10
-1.47471e-09
9.15226e-10
7.2147e-10
-1.52302e-09
5.24421e-10
1.11035e-09
-1.42519e-09
1.73392e-11
1.42524e-09
-1.13308e-09
-5.61362e-10
1.57446e-09
-6.27246e-10
-1.11936e-09
1.46407e-09
5.61037e-11
-1.51936e-09
1.03309e-09
8.02258e-10
-1.6055e-09
3.0082e-10
1.41616e-09
-1.26007e-09
-5.90608e-10
1.66174e-09
-4.82657e-10
-1.36968e-09
1.3536e-09
5.39846e-10
-1.69976e-09
4.85027e-10
1.42912e-09
-1.32991e-09
-6.73964e-10
1.7239e-09
-2.98437e-10
-1.59012e-09
1.17167e-09
1.0338e-09
-1.61556e-09
-9.81803e-11
1.61844e-09
-1.19702e-09
-2.03452e-09
1.25912e-09
2.05905e-09
1.75637e-09
4.77987e-09
3.1026e-09
-1.04667e-08
-2.69226e-08
-3.14966e-08
-8.69755e-09
5.94514e-08
1.60706e-07
2.1022e-07
7.2732e-08
-3.35379e-07
-9.00708e-07
-1.19208e-06
-5.33494e-07
1.53292e-06
4.46813e-06
6.17551e-06
3.47874e-06
-5.77473e-06
-1.94262e-05
-2.86639e-05
-1.99689e-05
1.63922e-05
7.34312e-05
0.000118356
9.93226e-05
-2.44146e-05
-0.000236549
-0.00043021
-0.000426504
-6.9525e-05
0.000625628
0.00135759
0.00157522
0.000741016
-0.00123796
-0.00364424
-0.00497571
-0.00358236
0.00120667
0.00802613
0.013304
0.0125754
0.00310991
-0.0133404
-0.029524
-0.0349028
-0.0210491
0.0119942
0.0521655
0.0780682
0.0685596
0.0157331
-0.065587
-0.138842
-0.160008
-0.100672
0.0311222
0.185046
0.285008
0.264256
0.103737
-0.146816
-0.380319
-0.476524
-0.361418
-0.0530035
0.332652
0.624174
0.671246
0.420196
-0.0490986
-0.547188
-0.853715
-0.817065
-0.4287
0.164513
0.718718
0.997728
0.877036
0.399846
-0.24046
-0.783317
-1.01191
-0.842786
-0.356023
0.244623
0.720959
0.898404
0.73118
0.310167
-0.184832
-0.563653
-0.700176
-0.573199
-0.26157
0.0986315
0.372862
0.477708
0.403568
0.206059
-0.025314
-0.205407
-0.283005
-0.252372
-0.146078
-0.0155905
0.0906984
0.143484
0.13819
0.0906433
0.0267155
-0.0289216
-0.0607465
-0.0651303
-0.0483058
-0.0215694
0.00386228
0.0204862
0.0258419
0.0217745
0.0125079
0.00254224
-0.00486799
-0.00833704
-0.00816175
-0.00565684
-0.00239166
0.000388667
0.00203466
0.00247781
0.00203814
0.00118082
0.000318594
-0.000294204
-0.000577516
-0.000581171
-0.000417906
-0.000203853
-2.21527e-05
8.83634e-05
0.000126233
0.000111941
7.23847e-05
3.00746e-05
-1.63342e-06
-1.84451e-05
-2.23414e-05
-1.81534e-05
-1.08338e-05
-3.94011e-06
7.63468e-07
2.98254e-06
3.28252e-06
2.51168e-06
1.41594e-06
4.69739e-07
-1.30257e-07
-3.85921e-07
-3.98558e-07
-2.89405e-07
-1.53857e-07
-4.62855e-08
1.53195e-08
3.62351e-08
3.15956e-08
1.68231e-08
2.79714e-09
-5.20095e-09
-6.36049e-09
-2.45414e-09
3.88319e-09
1.02992e-08
1.52531e-08
1.8081e-08
1.88037e-08
1.78489e-08
1.57989e-08
1.32137e-08
1.05353e-08
8.05811e-09
5.94053e-09
4.23639e-09
2.93084e-09
1.97162e-09
1.2922e-09
8.26434e-10
5.16485e-10
3.15784e-10
1.89084e-10
1.1098e-10
6.39003e-11
3.61196e-11
2.00558e-11
1.09458e-11
5.87478e-12
3.10227e-12
1.61251e-12
8.2534e-13
4.16135e-13
2.06755e-13
1.01259e-13
4.88993e-14
2.32906e-14
1.09441e-14
5.07468e-15
2.32256e-15
1.04942e-15
4.68215e-16
2.06319e-16
8.98073e-17
3.86224e-17
1.64133e-17
6.89363e-18
2.86196e-18
1.17465e-18
4.7669e-19
1.91298e-19
7.59253e-20
2.98068e-20
1.15758e-20
4.44775e-21
1.69096e-21
6.3617e-22
2.36868e-22
8.72917e-23
3.18432e-23
1.14995e-23
4.11142e-24
1.45546e-24
5.10192e-25
1.77105e-25
6.08874e-26
2.07326e-26
6.99263e-27
2.33626e-27
7.73261e-28
2.53562e-28
8.23801e-29
2.65198e-29
8.45969e-30
2.67425e-30
8.37793e-31
2.60127e-31
8.00521e-32
2.44186e-32
7.38336e-33
2.21307e-33
6.57605e-34
1.93726e-34
5.65824e-35
1.63858e-35
4.7051e-36
1.33968e-36
3.78258e-37
1.05912e-37
2.94097e-38
8.09925e-39
2.2122e-39
5.99301e-40
1.61037e-40
4.29223e-41
1.13483e-41
2.97639e-42
7.7441e-43
1.9989e-43
5.11877e-44
1.3005e-44
3.2782e-45
8.19897e-46
2.03467e-46
5.01018e-47
1.2242e-47
2.96824e-48
7.14187e-49
1.7053e-49
4.04091e-50
9.50295e-51
2.21794e-51
5.13768e-52
1.18119e-52
2.69538e-53
6.1049e-54
1.37248e-54
3.06277e-55
6.78443e-56
1.49181e-56
3.25629e-57
7.05594e-58
1.51781e-58
3.2413e-59
6.87181e-60
1.44638e-60
3.02247e-61
6.27073e-62
1.2917e-62
2.64178e-63
5.3646e-64
1.08165e-64
2.16551e-65
4.30485e-66
8.49752e-67
1.6656e-67
3.2419e-68
6.26595e-69
1.20265e-69
2.29228e-70
4.33886e-71
8.15589e-72
1.52251e-72
2.82262e-73
5.19699e-74
9.50311e-75
1.72584e-75
3.11289e-76
5.57647e-77
9.92192e-78
1.75339e-78
3.07759e-79
5.3654e-80
9.29088e-81
1.59801e-81
2.7301e-82
4.63294e-83
7.80944e-84
1.3076e-84
2.17482e-85
3.59313e-86
5.89696e-87
9.61379e-88
1.55696e-88
2.50483e-89
4.00317e-90
6.35564e-91
1.00242e-91
1.57064e-92
2.44481e-93
3.7806e-94
5.808e-95
8.86436e-96
1.34408e-96
2.02474e-97
3.03024e-98
4.50562e-99
6.65589e-100
9.76867e-101
1.42444e-101
2.06366e-102
2.97043e-103
4.24807e-104
6.03613e-105
8.52161e-106
1.19532e-106
1.66591e-107
2.30688e-108
3.174e-109
4.33911e-110
5.89399e-111
7.95491e-112
1.0668e-112
1.42151e-113
1.8821e-114
2.47607e-115
3.23678e-116
4.20431e-117
5.42639e-118
6.95927e-119
8.86859e-120
1.12302e-120
1.41306e-121
1.76676e-122
2.19504e-123
2.70991e-124
3.32443e-125
4.05258e-126
4.90906e-127
5.90908e-128
7.06801e-129
8.40103e-130
9.92263e-131
1.16461e-131
1.3583e-132
1.57426e-133
1.81308e-134
2.07504e-135
2.35993e-136
2.6671e-137
2.99536e-138
3.34292e-139
3.70743e-140
4.08593e-141
4.47486e-142
4.87013e-143
5.26712e-144
5.66082e-145
6.04587e-146
6.41671e-147
6.76768e-148
7.0932e-149
7.38788e-150
7.64666e-151
7.86502e-152
8.03901e-153
8.16547e-154
8.24205e-155
8.26732e-156
8.2408e-157
8.16299e-158
8.03534e-159
7.86021e-160
7.64079e-161
7.38102e-162
7.08547e-163
6.75917e-164
6.40754e-165
6.03616e-166
5.6507e-167
5.25671e-168
4.85956e-169
4.46424e-170
4.07538e-171
3.69705e-172
3.3328e-173
2.98558e-174
2.65774e-175
2.35104e-176
2.06666e-177
1.80526e-178
1.56701e-179
1.35164e-180
1.15853e-181
9.86753e-183
8.3515e-184
7.02381e-185
5.86993e-186
4.87463e-187
4.02252e-188
3.29838e-189
2.6875e-190
2.17589e-191
1.75052e-192
1.39938e-193
1.11157e-194
8.77358e-196
6.88093e-197
5.36226e-198
4.15218e-199
3.19469e-200
2.44234e-201
1.85525e-202
1.40029e-203
1.05014e-204
7.8251e-206
5.79353e-207
4.2619e-208
3.11508e-209
2.26223e-210
1.63231e-211
1.17021e-212
8.33526e-214
5.89881e-215
4.14759e-216
2.89742e-217
2.01097e-218
1.38669e-219
9.5e-221
6.46606e-222
4.37242e-223
2.93742e-224
1.96052e-225
1.29996e-226
8.56333e-228
5.60405e-229
3.64339e-230
2.35315e-231
1.50983e-232
9.62366e-234
6.09368e-235
3.83303e-236
2.3951e-237
1.48669e-238
9.16698e-240
5.61485e-241
3.41627e-242
2.06472e-243
1.23955e-244
7.3918e-246
4.37845e-247
2.57613e-248
1.50552e-249
8.73919e-251
5.03869e-252
2.8855e-253
1.64125e-254
9.27202e-256
5.20252e-257
2.89926e-258
1.60468e-259
8.82093e-261
4.81567e-262
2.61102e-263
1.40594e-264
7.51838e-266
3.99277e-267
2.10576e-268
1.10287e-269
5.73608e-271
2.96259e-272
1.51946e-273
7.73854e-275
3.9136e-276
1.96532e-277
9.79994e-279
4.8522e-280
2.38547e-281
1.16444e-282
5.64375e-284
2.71589e-285
1.29762e-286
6.15547e-288
2.899e-289
1.35551e-290
6.29232e-292
2.89981e-293
1.32669e-294
6.02559e-296
2.71678e-297
1.21598e-298
5.40258e-300
2.38273e-301
1.04313e-302
4.53293e-304
1.9552e-305
8.37073e-307
3.55703e-308
1.50021e-309
6.27987e-311
2.60898e-312
1.07573e-313
4.40187e-315
1.78758e-316
7.20228e-318
2.87571e-319
1.11659e-320
0
0
0
0
0
0
0
0
0
0
0
0
0
0
0
0
0
0
0
0
0
0
0
0
0
0
0
0
0
0
0
0
0
0
0
0
0
0
0
0
0
0
0
0
0
0
0
0
0
0
0
0
0
0
0
0
0
0
0
0
0
0
0
0
0
0
0
0
0
0
0
0
0
0
0
0
0
0
0
0
0
0
0
0
0
0
0
0
0
0
0
0
0
0
0
0
0
0
0
0
0
0
0
0
0
0
0
0
0
0
0
0
0
0
0
0
0
0
0
0
0
0
0
0
0
0
0
0
0
0
0
0
0
0
0
0
0
0
0
0
0
0
0
0
0
0
0
0
0
0
0
0
0
0
0
0
0
0
0
0
0
0
0
0
0
0
0
0
0
0
0
0
0
0
0
0
0
0
0
0
0
0
0
0
0
0
0
0
0
0
0
0
0
0
0
0
0
0
0
0
0
0
0
0
0
0
0
0
0
0
0
0
0
0
0
0
0
0
0
0
0
0
0
0
0
0
0
0
0
0
0
0
0
0
0
0
0
0
0
0
0
0
0
0
0
0
0
0
0
0
0
0
0
0
0
0
0
0
0
0
0
0
0
0
0
0
0
0
0
0
0
0
0
0
0
0
0
0
0
0
0
0
0
0
0
0
0
0
0
0
0
0
0
0
0
0
0
0
0
0
0
0
0
0
0
0
0
0
0
0
0
0
0
0
0
0
0
0
0
0
0
0
0
0
0
0
0
0
0
0
0
0
0
0
0
0
0
0
0
0
0
0
0
0
0
0
0
0
0
0
0
0
0
0
0
0
0
0
0
0
0
0
0
0
0
0
0
0
0
0
0
0
