0
-1.11674e-13
-1.58981e-12
-1.09228e-11
-3.59947e-11
-5.99186e-11
-6.12827e-11
-3.41345e-11
1.10935e-11
2.53513e-11
8.17508e-11
1.21365e-10
1.38875e-10
1.90601e-10
2.39441e-10
2.43978e-10
3.10565e-10
3.41488e-10
3.59655e-10
4.12032e-10
4.48313e-10
4.58768e-10
5.09046e-10
5.42748e-10
5.43195e-10
5.98072e-10
6.13476e-10
6.21972e-10
6.57506e-10
6.77586e-10
6.68841e-10
7.0671e-10
7.10423e-10
6.99777e-10
7.27781e-10
7.19957e-10
7.07352e-10
7.17986e-10
7.11385e-10
6.7738e-10
6.94968e-10
6.60357e-10
6.36995e-10
6.28664e-10
5.97582e-10
5.58278e-10
5.44522e-10
5.06863e-10
4.51507e-10
4.46838e-10
3.76258e-10
3.45897e-10
3.01108e-10
2.55926e-10
1.92854e-10
1.65016e-10
9.99925e-11
3.82373e-11
1.58346e-11
-7.65715e-11
-1.01854e-10
-1.73139e-10
-2.15686e-10
-2.91055e-10
-3.15058e-10
-3.96514e-10
-4.41579e-10
-4.72945e-10
-5.63858e-10
-5.69454e-10
-6.49608e-10
-6.69965e-10
-7.40803e-10
-7.41094e-10
-8.24339e-10
-8.27779e-10
-8.59186e-10
-9.21865e-10
-8.96487e-10
-9.65479e-10
-9.48165e-10
-9.97601e-10
-9.59546e-10
-1.0309e-09
-9.7398e-10
-1.00097e-09
-1.01297e-09
-9.54538e-10
-9.961e-10
-9.36003e-10
-9.52595e-10
-8.73283e-10
-9.24519e-10
-8.02269e-10
-8.27842e-10
-7.77878e-10
-6.9665e-10
-7.03234e-10
-6.09242e-10
-5.91129e-10
-4.82645e-10
-5.13236e-10
-3.38315e-10
-3.72332e-10
-2.64475e-10
-1.82109e-10
-1.57271e-10
-5.12317e-11
-6.93924e-12
1.05809e-10
8.94791e-11
2.87846e-10
2.32528e-10
3.78877e-10
4.35173e-10
4.78411e-10
5.67846e-10
6.2179e-10
7.08095e-10
6.95751e-10
8.78542e-10
7.92721e-10
9.47593e-10
9.54133e-10
9.97646e-10
1.04413e-09
1.08806e-09
1.12215e-09
1.10408e-09
1.23341e-09
1.11758e-09
1.24802e-09
1.19376e-09
1.22053e-09
1.20984e-09
1.22683e-09
1.19832e-09
1.1683e-09
1.21921e-09
1.08647e-09
1.16584e-09
1.05843e-09
1.05811e-09
9.94073e-10
9.74408e-10
8.94586e-10
8.51168e-10
8.21133e-10
6.94792e-10
7.10166e-10
5.75317e-10
5.47472e-10
4.52199e-10
3.96182e-10
2.97185e-10
2.42078e-10
1.5381e-10
5.95624e-11
1.62213e-11
-1.09297e-10
-1.54996e-10
-2.47999e-10
-3.30581e-10
-4.05144e-10
-4.69172e-10
-5.72419e-10
-6.16487e-10
-6.95885e-10
-7.76824e-10
-8.23977e-10
-8.81159e-10
-9.73087e-10
-9.83095e-10
-1.05358e-09
-1.1213e-09
-1.11329e-09
-1.19443e-09
-1.20944e-09
-1.24005e-09
-1.23989e-09
-1.32103e-09
-1.24628e-09
-1.31995e-09
-1.31155e-09
-1.26743e-09
-1.31454e-09
-1.26468e-09
-1.26573e-09
-1.20634e-09
-1.25841e-09
-1.10869e-09
-1.17893e-09
-1.0806e-09
-1.02834e-09
-1.01623e-09
-9.24159e-10
-8.92685e-10
-7.91632e-10
-8.04443e-10
-6.19011e-10
-6.74176e-10
-5.0719e-10
-4.73843e-10
-3.98573e-10
-2.9955e-10
-2.45848e-10
-1.31984e-10
-1.08018e-10
5.84895e-11
3.24837e-11
2.15751e-10
2.16627e-10
3.33129e-10
4.06589e-10
4.60608e-10
5.59413e-10
6.0224e-10
7.01782e-10
7.1404e-10
8.49234e-10
8.2425e-10
9.38554e-10
9.69809e-10
9.96383e-10
1.06406e-09
1.09633e-09
1.10913e-09
1.15401e-09
1.19134e-09
1.16213e-09
1.2243e-09
1.21895e-09
1.1949e-09
1.23024e-09
1.22089e-09
1.16431e-09
1.21725e-09
1.14624e-09
1.13539e-09
1.1095e-09
1.08945e-09
1.00704e-09
1.01909e-09
9.51343e-10
8.70166e-10
8.94449e-10
7.51154e-10
7.66702e-10
6.50175e-10
6.40323e-10
5.14133e-10
5.12039e-10
3.96219e-10
3.37305e-10
3.04465e-10
1.55828e-10
1.85331e-10
1.43617e-11
2.76425e-11
-1.0725e-10
-1.20173e-10
-2.44416e-10
-2.59793e-10
-3.47547e-10
-4.38973e-10
-4.18239e-10
-5.80852e-10
-5.49705e-10
-6.50764e-10
-6.76186e-10
-7.55192e-10
-7.42012e-10
-8.4139e-10
-8.5285e-10
-8.54256e-10
-9.48602e-10
-9.16862e-10
-9.519e-10
-9.87655e-10
-9.82111e-10
-9.77926e-10
-1.02202e-09
-9.82452e-10
-9.93645e-10
-9.9325e-10
-9.76281e-10
-9.39445e-10
-9.72966e-10
-8.82554e-10
-9.14533e-10
-8.53879e-10
-8.21578e-10
-8.09911e-10
-7.35447e-10
-7.33795e-10
-6.47537e-10
-6.60072e-10
-5.27957e-10
-5.87218e-10
-4.3016e-10
-4.4577e-10
-3.8518e-10
-2.90469e-10
-2.91038e-10
-1.93264e-10
-1.74176e-10
-6.12469e-11
-1.06539e-10
7.24474e-11
2.10131e-11
1.19323e-10
1.84287e-10
1.94642e-10
2.71047e-10
3.09127e-10
3.6316e-10
3.71069e-10
4.73826e-10
4.43978e-10
5.2509e-10
5.46377e-10
5.64396e-10
6.0752e-10
6.31717e-10
6.31408e-10
6.90054e-10
6.62791e-10
7.06087e-10
7.06484e-10
7.09794e-10
7.12242e-10
7.29428e-10
7.10433e-10
6.91752e-10
7.52787e-10
6.28272e-10
7.34426e-10
6.35845e-10
6.55758e-10
6.18512e-10
6.21539e-10
5.61381e-10
5.50429e-10
5.60794e-10
4.33864e-10
5.27445e-10
3.83767e-10
4.23115e-10
3.48145e-10
3.38546e-10
2.77149e-10
2.62106e-10
2.16444e-10
1.63781e-10
1.67222e-10
7.10206e-11
9.25702e-11
1.83292e-11
-1.42894e-11
-2.86159e-11
-8.02873e-11
-1.28756e-10
-1.12321e-10
-2.01615e-10
-1.95853e-10
-2.32469e-10
-2.53566e-10
-3.15514e-10
-2.69201e-10
-3.62716e-10
-3.55017e-10
-3.38333e-10
-4.35946e-10
-3.60365e-10
-4.49491e-10
-3.96383e-10
-4.72084e-10
-4.00999e-10
-4.87093e-10
-4.25852e-10
-4.55832e-10
-4.7169e-10
-4.09717e-10
-4.91183e-10
-4.00237e-10
-4.53147e-10
-4.12097e-10
-4.22269e-10
-3.75631e-10
-4.15115e-10
-3.51792e-10
-3.48566e-10
-3.60914e-10
-2.99506e-10
-2.95375e-10
-3.08742e-10
-2.26656e-10
-2.54519e-10
-2.23272e-10
-1.75607e-10
-1.91056e-10
-1.36273e-10
-1.42307e-10
-7.91541e-11
-1.21714e-10
-9.68749e-12
-9.0161e-11
2.62084e-11
-1.48234e-11
1.76695e-11
7.60539e-11
2.90507e-11
1.11846e-10
8.31166e-11
1.42386e-10
9.5032e-11
2.02318e-10
1.21047e-10
1.92461e-10
2.04984e-10
1.74643e-10
2.24852e-10
2.25267e-10
2.10514e-10
2.4655e-10
2.37714e-10
2.36404e-10
2.5425e-10
2.44672e-10
2.50484e-10
2.47889e-10
2.58599e-10
2.18724e-10
2.92194e-10
1.77828e-10
2.89588e-10
1.98941e-10
2.23483e-10
2.27958e-10
1.98207e-10
2.00373e-10
1.81035e-10
2.10916e-10
1.14149e-10
2.20684e-10
1.02908e-10
1.54771e-10
1.27378e-10
1.0487e-10
1.05556e-10
9.35543e-11
6.81824e-11
7.57075e-11
4.80182e-11
3.94985e-11
3.8318e-11
1.52049e-11
-1.65226e-12
1.48043e-11
-2.23872e-11
-4.37498e-11
1.79282e-11
-1.08588e-10
2.03061e-12
-9.11292e-11
-5.32676e-11
-8.99062e-11
-6.32403e-11
-1.05651e-10
-9.43351e-11
-7.70057e-11
-1.45802e-10
-5.94364e-11
-1.57257e-10
-8.36641e-11
-1.2861e-10
-1.23222e-10
-1.13072e-10
-1.15889e-10
-1.42125e-10
-9.41581e-11
-1.34126e-10
-1.20237e-10
-1.11439e-10
-1.04251e-10
-1.41705e-10
-7.26852e-11
-1.23825e-10
-1.13433e-10
-5.93761e-11
-1.43147e-10
-3.8826e-11
-1.26741e-10
-4.43862e-11
-1.01252e-10
-4.38436e-11
-8.74585e-11
-3.49185e-11
-6.21321e-11
-6.03893e-11
-2.79419e-12
-7.86824e-11
-3.54313e-12
-2.26833e-11
-3.65025e-11
-1.33145e-12
-4.00655e-13
-2.66566e-11
2.71758e-11
-1.29013e-11
2.60882e-11
-2.95266e-12
4.6365e-11
-1.37409e-11
6.96173e-11
-9.91343e-12
5.77704e-11
4.10093e-11
3.08821e-12
9.29421e-11
-1.59522e-12
7.18171e-11
3.25022e-11
6.7017e-11
1.72379e-11
8.69215e-11
2.7008e-11
5.32053e-11
6.44591e-11
3.70093e-11
5.37714e-11
6.39503e-11
2.18328e-11
8.29472e-11
1.91731e-11
5.57599e-11
6.06745e-11
1.20011e-11
7.23877e-11
1.8668e-11
5.82541e-11
2.18555e-12
8.82134e-11
-2.9638e-11
7.60127e-11
1.13435e-11
1.49631e-11
4.6144e-11
-1.76891e-12
3.20678e-11
1.39443e-11
7.41728e-12
1.93887e-11
9.81567e-12
-6.1391e-12
2.46118e-11
-8.66491e-12
4.22467e-13
-2.00358e-13
1.65129e-11
-5.24036e-11
6.03234e-11
-6.89994e-11
2.87664e-11
-2.2176e-11
-1.77204e-11
1.96723e-12
-3.14748e-11
7.30771e-13
-2.88918e-11
-1.46913e-12
-4.06158e-11
1.49453e-11
-5.02053e-11
-3.64027e-12
-1.0015e-11
-3.79468e-11
-1.40424e-11
4.26154e-12
-6.59358e-11
3.43493e-11
-6.14445e-11
8.43047e-12
-3.11069e-11
-1.37848e-11
-1.36076e-11
-2.2956e-11
-7.05249e-12
-3.21293e-11
1.98797e-11
-6.54047e-11
4.19145e-11
-4.87576e-11
-5.44121e-12
5.43718e-12
-2.47303e-11
-1.23093e-11
1.43915e-11
-3.92019e-11
2.5298e-11
-3.16102e-11
1.38219e-11
-1.61136e-11
5.14839e-12
-1.1435e-11
8.51358e-12
-2.75709e-12
-2.29873e-11
5.25358e-11
-6.61808e-11
5.86944e-11
-2.82948e-11
7.49904e-12
8.44374e-12
2.91475e-12
-4.73913e-12
1.97304e-11
-1.44298e-11
2.42559e-11
-8.60784e-12
1.21372e-11
-3.29573e-13
2.11472e-11
-2.05173e-11
3.12826e-11
3.56423e-12
-2.63867e-11
6.51545e-11
-5.64323e-11
5.45257e-11
-2.3587e-11
2.10826e-11
-1.55261e-12
1.20683e-11
-4.85062e-12
2.15317e-11
-1.26539e-11
1.52532e-11
6.89196e-12
-7.18445e-13
-4.72314e-12
3.4195e-11
-3.5243e-11
2.94869e-11
6.08511e-12
-2.91983e-11
5.24481e-11
-5.07673e-11
4.94039e-11
-3.27283e-11
2.0736e-11
-7.69846e-12
1.31221e-11
-2.07261e-11
2.52343e-11
-1.31376e-11
-3.27433e-12
1.17811e-11
-1.43314e-12
-2.11465e-11
3.70503e-11
-3.88951e-11
2.44449e-11
-4.9857e-12
-2.25142e-11
4.28521e-11
-5.48717e-11
4.43895e-11
-2.91447e-11
1.20754e-11
-1.59508e-11
2.38923e-11
-3.28938e-11
2.00197e-11
-6.83248e-12
-7.04877e-12
2.10204e-12
4.94396e-12
-2.3992e-11
3.55343e-11
-4.66618e-11
3.62913e-11
-1.51114e-11
-2.1917e-11
4.28823e-11
-4.74614e-11
3.02036e-11
-2.04062e-11
1.5681e-11
-2.30164e-11
2.4539e-11
-2.58072e-11
1.79781e-11
-1.22955e-11
2.56368e-12
5.93906e-13
3.69378e-12
-2.60502e-11
4.98067e-11
-5.99626e-11
4.32106e-11
-1.35534e-11
-1.53854e-11
3.001e-11
-3.22665e-11
2.64793e-11
-1.93649e-11
1.20281e-11
-8.51708e-12
1.36583e-11
-2.33474e-11
2.56032e-11
-1.36307e-11
-4.6181e-13
2.73506e-12
1.37655e-11
-3.79233e-11
5.7247e-11
-5.91695e-11
4.7629e-11
-2.60732e-11
1.95799e-12
2.21323e-11
-3.14133e-11
2.27719e-11
-2.53271e-12
-8.28927e-12
5.52445e-12
7.39652e-12
-1.48593e-11
1.3955e-11
-5.91341e-12
3.63778e-12
-7.69741e-12
1.84381e-11
-3.20605e-11
5.14668e-11
-6.49768e-11
6.10958e-11
-3.46869e-11
2.4498e-12
1.93293e-11
-1.9875e-11
6.31796e-12
1.03761e-11
-1.96567e-11
2.29418e-11
-2.02053e-11
1.09305e-11
3.03672e-12
-1.02174e-11
6.56941e-12
-1.17793e-12
7.81835e-12
-2.74292e-11
4.90438e-11
-5.86013e-11
5.03124e-11
-3.01529e-11
8.92289e-12
6.92864e-12
-1.44361e-11
7.2341e-12
1.59824e-11
-4.28663e-11
5.41312e-11
-4.48184e-11
2.50139e-11
-9.04103e-12
1.781e-12
-8.05734e-13
-1.08709e-12
5.61223e-12
-1.16802e-11
1.84733e-11
-2.84684e-11
3.49373e-11
-2.73641e-11
4.71742e-12
1.57583e-11
-1.84589e-11
1.12823e-12
2.49459e-11
-4.85064e-11
6.10099e-11
-6.08008e-11
4.801e-11
-2.59787e-11
2.28654e-12
8.76171e-12
-1.7933e-12
-1.23483e-11
1.70412e-11
-1.07199e-11
2.85355e-12
-7.92264e-13
3.47015e-12
-8.661e-12
1.38683e-11
-1.62047e-11
1.05922e-11
7.21334e-12
-3.53537e-11
5.9478e-11
-6.26441e-11
4.30685e-11
-1.66466e-11
-1.90433e-12
9.33432e-12
-6.48868e-12
-7.48666e-12
2.86397e-11
-4.58302e-11
4.90733e-11
-3.80232e-11
2.24852e-11
-1.47565e-11
1.78353e-11
-2.17394e-11
1.65149e-11
-4.28352e-12
-7.26559e-12
1.67385e-11
-2.42182e-11
2.29289e-11
-6.77183e-12
-1.67429e-11
3.08281e-11
-2.42422e-11
-4.45988e-13
3.03483e-11
-5.15055e-11
5.83605e-11
-5.32979e-11
3.89094e-11
-1.75775e-11
-6.49749e-13
2.68295e-12
1.11712e-11
-2.54858e-11
2.86186e-11
-2.37888e-11
1.96849e-11
-1.96361e-11
2.24703e-11
-2.65272e-11
3.00138e-11
-3.01183e-11
2.2033e-11
-1.83708e-12
-2.50457e-11
4.18351e-11
-3.60713e-11
1.39478e-11
8.14213e-12
-2.14975e-11
2.49978e-11
-1.57807e-11
-7.87626e-12
3.68258e-11
-5.54863e-11
5.51102e-11
-4.01597e-11
2.29708e-11
-1.42236e-11
1.45412e-11
-1.71505e-11
1.83361e-11
-2.04551e-11
2.22534e-11
-1.81676e-11
1.04441e-11
-1.14308e-11
2.59421e-11
-4.23897e-11
4.6042e-11
-3.4094e-11
1.28244e-11
1.03024e-11
-2.88518e-11
3.64401e-11
-2.88737e-11
6.82321e-12
2.00294e-11
-3.49297e-11
2.68649e-11
-2.89369e-12
-2.07272e-11
3.61811e-11
-4.50448e-11
4.56347e-11
-3.45765e-11
1.82257e-11
-1.01074e-11
1.45927e-11
-2.32087e-11
2.60343e-11
-2.14131e-11
1.45829e-11
-1.22815e-11
1.68019e-11
-2.53581e-11
3.507e-11
-4.52369e-11
5.02301e-11
-3.94199e-11
1.15516e-11
1.71043e-11
-2.90627e-11
2.26925e-11
-6.80047e-12
-1.31877e-11
3.29304e-11
-4.24219e-11
3.23793e-11
-5.95992e-12
-2.28659e-11
4.0122e-11
-4.08479e-11
3.03721e-11
-1.84504e-11
9.91954e-12
-4.54081e-12
4.26441e-12
-1.26059e-11
2.41247e-11
-2.69765e-11
1.96438e-11
-1.49394e-11
2.16341e-11
-3.38912e-11
4.2429e-11
-4.56813e-11
4.38603e-11
-3.34351e-11
1.34443e-11
7.72714e-12
-1.74852e-11
8.45443e-12
1.53726e-11
-4.04862e-11
5.33916e-11
-5.06621e-11
3.60756e-11
-1.2401e-11
-1.61877e-11
3.622e-11
-3.41663e-11
1.36426e-11
7.36416e-12
-1.76623e-11
1.91226e-11
-1.44112e-11
1.69747e-12
1.57371e-11
-2.77394e-11
2.82329e-11
-2.20129e-11
1.79757e-11
-2.06906e-11
2.72812e-11
-3.09216e-11
2.76581e-11
-2.05666e-11
1.3792e-11
-7.33252e-12
2.70037e-12
-8.59032e-12
2.936e-11
-5.31587e-11
6.22929e-11
-5.32478e-11
3.50166e-11
-1.38981e-11
-7.82729e-12
2.13008e-11
-1.51637e-11
-9.59122e-12
3.7644e-11
-5.38056e-11
5.26719e-11
-3.73252e-11
1.44472e-11
8.22689e-12
-2.39386e-11
2.69469e-11
-1.51051e-11
-4.86436e-12
1.84958e-11
-1.76844e-11
8.7147e-12
-1.08251e-12
-5.60635e-12
1.42849e-11
-1.97252e-11
1.64982e-11
-1.1845e-11
1.64412e-11
-2.76916e-11
3.32902e-11
-2.87139e-11
1.94669e-11
-1.03998e-11
2.44312e-12
8.63824e-13
6.31286e-12
-2.50283e-11
4.76938e-11
-6.22794e-11
5.96132e-11
-4.0718e-11
1.60954e-11
3.48968e-12
-1.36798e-11
1.13788e-11
7.37869e-12
-3.77405e-11
6.14007e-11
-6.33104e-11
4.69043e-11
-2.52263e-11
4.0619e-12
1.4495e-11
-2.169e-11
9.5829e-12
1.39966e-11
-3.17841e-11
3.55317e-11
-2.96234e-11
1.91259e-11
-5.67619e-12
-7.32209e-12
1.37756e-11
-1.1504e-11
4.62827e-12
-9.76388e-14
1.86546e-12
-7.59741e-12
1.05038e-11
-7.73863e-12
3.64553e-12
-2.52191e-12
2.58339e-12
-3.51847e-12
1.16747e-11
-2.94246e-11
4.50321e-11
-4.52118e-11
3.17847e-11
-1.61707e-11
2.76482e-12
8.56846e-12
-1.05353e-11
-6.05121e-12
3.52017e-11
-5.85843e-11
6.46253e-11
-5.55744e-11
3.68281e-11
-1.22929e-11
-1.003e-11
1.79105e-11
-5.60233e-12
-2.05346e-11
4.70169e-11
-6.21274e-11
6.07965e-11
-4.57074e-11
2.34554e-11
-1.03312e-12
-1.39056e-11
1.30642e-11
4.29197e-12
-2.64103e-11
3.91847e-11
-4.03998e-11
3.56662e-11
-2.58804e-11
9.40536e-12
5.85079e-12
-8.12525e-12
-1.21114e-12
8.84609e-12
-9.2689e-12
8.94823e-12
-1.09228e-11
9.15355e-12
-2.54815e-12
-4.62794e-13
-3.99844e-12
7.42479e-12
-2.11576e-12
-8.36767e-12
1.6437e-11
-2.05154e-11
2.13924e-11
-1.6838e-11
5.27967e-12
8.10822e-12
-1.45058e-11
8.36327e-12
8.64372e-12
-2.90858e-11
4.39625e-11
-4.8182e-11
4.10684e-11
-2.38632e-11
6.56094e-13
1.73406e-11
-1.75138e-11
-1.27952e-12
2.68245e-11
-4.77735e-11
6.07249e-11
-6.22561e-11
4.58618e-11
-1.53168e-11
-1.08461e-11
1.70132e-11
-5.6701e-12
-1.32223e-11
3.60367e-11
-5.92484e-11
6.96473e-11
-5.6815e-11
2.90178e-11
-4.92101e-12
-6.9726e-12
8.63672e-12
2.38146e-13
-2.14584e-11
4.61777e-11
-5.8641e-11
5.27917e-11
-3.66304e-11
1.93305e-11
-4.52743e-12
-4.47818e-12
2.31398e-12
1.10149e-11
-2.74096e-11
3.7573e-11
-3.83453e-11
3.18014e-11
-2.18842e-11
1.21368e-11
-5.34859e-12
3.22416e-12
-6.62606e-12
1.35267e-11
-1.8627e-11
1.78628e-11
-1.39772e-11
1.23284e-11
-1.29384e-11
1.16791e-11
-9.22923e-12
9.69918e-12
-1.11939e-11
6.66322e-12
2.9742e-12
-7.82885e-12
3.48998e-12
3.07804e-12
-6.94227e-12
1.18047e-11
-1.81892e-11
1.64462e-11
-1.65712e-12
-1.57342e-11
2.31722e-11
-2.16187e-11
1.70513e-11
-7.41284e-12
-9.8051e-12
2.40001e-11
-2.14297e-11
3.76414e-12
1.53563e-11
-2.91271e-11
3.85771e-11
-3.96896e-11
2.49044e-11
7.33366e-13
-2.00486e-11
2.23797e-11
-1.17281e-11
-5.64551e-12
2.78255e-11
-4.8823e-11
5.54955e-11
-4.15443e-11
1.60387e-11
6.60685e-12
-1.92623e-11
1.97018e-11
-5.57432e-12
-2.10366e-11
4.80564e-11
-6.12297e-11
5.54491e-11
-3.59065e-11
1.08319e-11
1.1237e-11
-2.13622e-11
1.34481e-11
9.92747e-12
-3.81856e-11
5.88279e-11
-6.38134e-11
5.17855e-11
-2.81562e-11
2.40519e-12
1.52152e-11
-1.72397e-11
1.6863e-12
2.51177e-11
-5.0662e-11
6.3559e-11
-6.02952e-11
4.36944e-11
-1.92659e-11
-4.63875e-12
1.63686e-11
-8.78693e-12
-1.33991e-11
3.77677e-11
-5.53861e-11
6.24805e-11
-5.5691e-11
3.41238e-11
-7.20887e-12
-9.65124e-12
9.11261e-12
3.81821e-12
-2.25511e-11
4.37036e-11
-6.0357e-11
6.11279e-11
-4.35576e-11
1.95674e-11
-2.49474e-12
-4.90663e-12
3.59754e-12
9.35526e-12
-3.29661e-11
5.39704e-11
-5.8706e-11
4.80888e-11
-3.24529e-11
1.63361e-11
-5.00988e-13
-7.40302e-12
-2.03313e-12
2.40987e-11
-4.3084e-11
5.06763e-11
-5.04596e-11
4.38889e-11
-2.74899e-11
5.98664e-12
5.42802e-12
6.75311e-13
-1.56834e-11
2.93881e-11
-4.16031e-11
5.17215e-11
-5.07873e-11
3.41104e-11
-1.31107e-11
2.20294e-12
-2.30266e-12
6.90182e-12
-1.68212e-11
3.44231e-11
-5.04991e-11
5.14381e-11
-3.80801e-11
2.30698e-11
-1.25996e-11
3.81237e-12
4.001e-13
8.59826e-12
-2.87512e-11
4.4754e-11
-4.74698e-11
4.22333e-11
-3.47256e-11
2.19481e-11
-5.1044e-12
-3.33743e-12
-5.10451e-12
2.19482e-11
-3.47256e-11
4.22333e-11
-4.747e-11
4.47542e-11
-2.87513e-11
8.5984e-12
3.99861e-13
3.81261e-12
-1.25996e-11
2.30697e-11
-3.808e-11
5.14379e-11
-5.04988e-11
3.44227e-11
-1.68208e-11
6.90148e-12
-2.30228e-12
2.20268e-12
-1.31107e-11
3.41107e-11
-5.07876e-11
5.17218e-11
-4.16037e-11
2.93888e-11
-1.56839e-11
6.75522e-13
5.42794e-12
5.98663e-12
-2.74896e-11
4.38883e-11
-5.04589e-11
5.06756e-11
-4.30835e-11
2.40983e-11
-2.03285e-12
-7.40305e-12
-5.01348e-13
1.63367e-11
-3.24535e-11
4.80893e-11
-5.87064e-11
5.39709e-11
-3.29664e-11
9.35515e-12
3.59793e-12
-4.90701e-12
-2.49444e-12
1.9567e-11
-4.35571e-11
6.11276e-11
-6.03569e-11
4.37038e-11
-2.25512e-11
3.81831e-12
9.11251e-12
-9.65104e-12
-7.20908e-12
3.41239e-11
-5.56909e-11
6.24804e-11
-5.53861e-11
3.77678e-11
-1.33991e-11
-8.78702e-12
1.63685e-11
-4.63845e-12
-1.92661e-11
4.36943e-11
-6.0295e-11
6.35589e-11
-5.06621e-11
2.51176e-11
1.68655e-12
-1.72398e-11
1.52151e-11
2.40533e-12
-2.81563e-11
5.17854e-11
-6.38133e-11
5.88278e-11
-3.81855e-11
9.92734e-12
1.34482e-11
-2.13623e-11
1.12368e-11
1.08323e-11
-3.5907e-11
5.54494e-11
-6.12299e-11
4.80567e-11
-2.10368e-11
-5.57438e-12
1.97022e-11
-1.92627e-11
6.60715e-12
1.60384e-11
-4.1544e-11
5.54952e-11
-4.88227e-11
2.78255e-11
-5.64552e-12
-1.17281e-11
2.23797e-11
-2.00485e-11
7.33013e-13
2.49049e-11
-3.969e-11
3.85776e-11
-2.91276e-11
1.53567e-11
3.76411e-12
-2.143e-11
2.40005e-11
-9.80567e-12
-7.41215e-12
1.70508e-11
-2.16185e-11
2.31721e-11
-1.57343e-11
-1.65687e-12
1.64457e-11
-1.81887e-11
1.18045e-11
-6.94234e-12
3.07822e-12
3.48983e-12
-7.82868e-12
2.97392e-12
6.66345e-12
-1.11939e-11
9.69887e-12
-9.22891e-12
1.16789e-11
-1.29382e-11
1.23282e-11
-1.39771e-11
1.78629e-11
-1.86272e-11
1.35269e-11
-6.62624e-12
3.22428e-12
-5.34866e-12
1.21368e-11
-2.18843e-11
3.18015e-11
-3.83454e-11
3.75731e-11
-2.74097e-11
1.1015e-11
2.31402e-12
-4.47837e-12
-4.52713e-12
1.93302e-11
-3.663e-11
5.27914e-11
-5.86407e-11
4.61776e-11
-2.14585e-11
2.38506e-13
8.63629e-12
-6.97217e-12
-4.92151e-12
2.90183e-11
-5.68153e-11
6.96472e-11
-5.92481e-11
3.60364e-11
-1.3222e-11
-5.67065e-12
1.70138e-11
-1.08464e-11
-1.53167e-11
4.58618e-11
-6.22561e-11
6.07251e-11
-4.77739e-11
2.68249e-11
-1.2799e-12
-1.75135e-11
1.73404e-11
6.56188e-13
-2.38632e-11
4.10682e-11
-4.81817e-11
4.39621e-11
-2.90855e-11
8.64346e-12
8.36349e-12
-1.45059e-11
8.10817e-12
5.27994e-12
-1.68384e-11
2.13928e-11
-2.05158e-11
1.64373e-11
-8.36782e-12
-2.11567e-12
7.42488e-12
-3.99875e-12
-4.62435e-13
-2.54839e-12
9.15371e-12
-1.0923e-11
8.94846e-12
-9.26901e-12
8.84609e-12
-1.21111e-12
-8.12527e-12
5.85085e-12
9.4052e-12
-2.58801e-11
3.56659e-11
-4.03995e-11
3.91845e-11
-2.64102e-11
4.29199e-12
1.30641e-11
-1.39054e-11
-1.03333e-12
2.34556e-11
-4.57074e-11
6.07964e-11
-6.21272e-11
4.70168e-11
-2.05346e-11
-5.60231e-12
1.79104e-11
-1.00298e-11
-1.22933e-11
3.68285e-11
-5.55746e-11
6.46253e-11
-5.85842e-11
3.52015e-11
-6.05087e-12
-1.05358e-11
8.56881e-12
2.76459e-12
-1.61705e-11
3.17846e-11
-4.52118e-11
4.50322e-11
-2.94248e-11
1.1675e-11
-3.5188e-12
2.58381e-12
-2.52228e-12
3.64578e-12
-7.7388e-12
1.05038e-11
-7.59725e-12
1.86509e-12
-9.71796e-14
4.62784e-12
-1.15036e-11
1.37752e-11
-7.32185e-12
-5.67617e-12
1.91257e-11
-2.96231e-11
3.55314e-11
-3.17836e-11
1.3996e-11
9.58335e-12
-2.16901e-11
1.44949e-11
4.06202e-12
-2.52265e-11
4.69046e-11
-6.33109e-11
6.1401e-11
-3.77404e-11
7.37843e-12
1.1379e-11
-1.36798e-11
3.48959e-12
1.60956e-11
-4.07184e-11
5.96138e-11
-6.22799e-11
4.76942e-11
-2.50283e-11
6.31241e-12
8.64586e-13
2.44229e-12
-1.03991e-11
1.94664e-11
-2.87137e-11
3.32903e-11
-2.7692e-11
1.64417e-11
-1.18454e-11
1.64983e-11
-1.97251e-11
1.42847e-11
-5.60617e-12
-1.08255e-12
8.71463e-12
-1.76842e-11
1.84954e-11
-4.86397e-12
-1.51054e-11
2.69471e-11
-2.39387e-11
8.22688e-12
1.44472e-11
-3.73252e-11
5.26719e-11
-5.38056e-11
3.76441e-11
-9.59151e-12
-1.51631e-11
2.13002e-11
-7.82685e-12
-1.38984e-11
3.50169e-11
-5.32479e-11
6.22925e-11
-5.31579e-11
2.93593e-11
-8.59002e-12
2.70035e-12
-7.3325e-12
1.3792e-11
-2.05668e-11
2.76584e-11
-3.09218e-11
2.72811e-11
-2.06902e-11
1.79754e-11
-2.20127e-11
2.82329e-11
-2.77394e-11
1.57373e-11
1.69711e-12
-1.44107e-11
1.91222e-11
-1.76621e-11
7.36411e-12
1.36425e-11
-3.41661e-11
3.62197e-11
-1.61874e-11
-1.24012e-11
3.60757e-11
-5.06622e-11
5.33916e-11
-4.04861e-11
1.53725e-11
8.45435e-12
-1.74852e-11
7.72717e-12
1.34442e-11
-3.34351e-11
4.38602e-11
-4.56812e-11
4.24289e-11
-3.38912e-11
2.16344e-11
-1.49397e-11
1.96439e-11
-2.69765e-11
2.41246e-11
-1.26058e-11
4.26414e-12
-4.54048e-12
9.91932e-12
-1.84505e-11
3.03725e-11
-4.08484e-11
4.01223e-11
-2.2866e-11
-5.95984e-12
3.23793e-11
-4.24221e-11
3.29309e-11
-1.31882e-11
-6.80024e-12
2.26926e-11
-2.90629e-11
1.71044e-11
1.15516e-11
-3.94198e-11
5.02299e-11
-4.52367e-11
3.50701e-11
-2.53584e-11
1.68021e-11
-1.22815e-11
1.45829e-11
-2.14131e-11
2.60343e-11
-2.32086e-11
1.45925e-11
-1.01072e-11
1.82256e-11
-3.45765e-11
4.56347e-11
-4.50448e-11
3.61811e-11
-2.0727e-11
-2.89392e-12
2.6865e-11
-3.49297e-11
2.00292e-11
6.82337e-12
-2.88739e-11
3.64405e-11
-2.88522e-11
1.03026e-11
1.28244e-11
-3.40941e-11
4.60422e-11
-4.23899e-11
2.59421e-11
-1.14305e-11
1.04437e-11
-1.81672e-11
2.22531e-11
-2.04548e-11
1.8336e-11
-1.71507e-11
1.45417e-11
-1.42245e-11
2.29718e-11
-4.01606e-11
5.51108e-11
-5.54867e-11
3.68262e-11
-7.87653e-12
-1.57808e-11
2.49982e-11
-2.14982e-11
8.14275e-12
1.39473e-11
-3.60706e-11
4.18343e-11
-2.5045e-11
-1.83734e-12
2.20329e-11
-3.01181e-11
3.00135e-11
-2.65268e-11
2.24699e-11
-1.96357e-11
1.96847e-11
-2.37888e-11
2.86188e-11
-2.54859e-11
1.11712e-11
2.6829e-12
-6.496e-13
-1.75776e-11
3.89094e-11
-5.32979e-11
5.83606e-11
-5.15056e-11
3.03483e-11
-4.45895e-13
-2.42424e-11
3.08282e-11
-1.67429e-11
-6.77178e-12
2.29286e-11
-2.42177e-11
1.6738e-11
-7.26527e-12
-4.28371e-12
1.6515e-11
-2.17395e-11
1.78352e-11
-1.47562e-11
2.24848e-11
-3.80229e-11
4.90733e-11
-4.58304e-11
2.86398e-11
-7.48641e-12
-6.48913e-12
9.33479e-12
-1.90474e-12
-1.66462e-11
4.30681e-11
-6.2644e-11
5.94781e-11
-3.53541e-11
7.21379e-12
1.05919e-11
-1.62046e-11
1.38683e-11
-8.66091e-12
3.46987e-12
-7.91865e-13
2.85322e-12
-1.07197e-11
1.7041e-11
-1.23481e-11
-1.79329e-12
8.76144e-12
2.28693e-12
-2.5979e-11
4.801e-11
-6.08007e-11
6.10097e-11
-4.85064e-11
2.4946e-11
1.12811e-12
-1.84587e-11
1.5758e-11
4.71789e-12
-2.73646e-11
3.49376e-11
-2.84686e-11
1.84733e-11
-1.16803e-11
5.61239e-12
-1.08721e-12
-8.05798e-13
1.78128e-12
-9.04139e-12
2.50142e-11
-4.48187e-11
5.41315e-11
-4.28667e-11
1.59828e-11
7.23375e-12
-1.44359e-11
6.92847e-12
8.92313e-12
-3.01532e-11
5.03126e-11
-5.86013e-11
4.90436e-11
-2.7429e-11
7.81819e-12
-1.1778e-12
6.56931e-12
-1.02173e-11
3.03666e-12
1.09306e-11
-2.02053e-11
2.29419e-11
-1.9657e-11
1.03765e-11
6.3175e-12
-1.98745e-11
1.93287e-11
2.45029e-12
-3.46872e-11
6.1096e-11
-6.49769e-11
5.14668e-11
-3.20605e-11
1.84381e-11
-7.69752e-12
3.63794e-12
-5.91357e-12
1.39551e-11
-1.48592e-11
7.39621e-12
5.52495e-12
-8.28984e-12
-2.53214e-12
2.27714e-11
-3.14128e-11
2.21319e-11
1.95848e-12
-2.60738e-11
4.76295e-11
-5.917e-11
5.72474e-11
-3.79236e-11
1.37655e-11
2.73522e-12
-4.62161e-13
-1.36303e-11
2.56028e-11
-2.3347e-11
1.36578e-11
-8.51656e-12
1.20276e-11
-1.93644e-11
2.64788e-11
-3.22661e-11
3.00098e-11
-1.53853e-11
-1.35534e-11
4.32104e-11
-5.99624e-11
4.98065e-11
-2.60501e-11
3.6938e-12
5.93767e-13
2.56396e-12
-1.22958e-11
1.79783e-11
-2.58073e-11
2.45389e-11
-2.30162e-11
1.56807e-11
-2.04058e-11
3.02032e-11
-4.7461e-11
4.2882e-11
-2.19167e-11
-1.51118e-11
3.62917e-11
-4.66622e-11
3.55346e-11
-2.39921e-11
4.94386e-12
2.10232e-12
-7.04927e-12
-6.83168e-12
2.00188e-11
-3.28931e-11
2.3892e-11
-1.59506e-11
1.20751e-11
-2.91443e-11
4.43891e-11
-5.48715e-11
4.28521e-11
-2.25143e-11
-4.98549e-12
2.44444e-11
-3.88942e-11
3.70493e-11
-2.11458e-11
-1.43336e-12
1.1781e-11
-3.27428e-12
-1.31375e-11
2.52343e-11
-2.07262e-11
1.31223e-11
-7.69857e-12
2.0736e-11
-3.27281e-11
4.94039e-11
-5.07675e-11
5.24484e-11
-2.91986e-11
6.0853e-12
2.94868e-11
-3.52428e-11
3.41947e-11
-4.72301e-12
-7.18328e-13
6.89163e-12
1.52535e-11
-1.2654e-11
2.15315e-11
-4.85025e-12
1.2068e-11
-1.55248e-12
2.10827e-11
-2.35871e-11
5.45258e-11
-5.64325e-11
6.51548e-11
-2.6387e-11
3.56445e-12
3.12825e-11
-2.05173e-11
2.11473e-11
-3.29678e-13
1.21374e-11
-8.60795e-12
2.4256e-11
-1.44297e-11
1.97302e-11
-4.73896e-12
2.91471e-12
8.44372e-12
7.49909e-12
-2.82948e-11
5.86943e-11
-6.61806e-11
5.25355e-11
-2.2987e-11
-2.75727e-12
8.51364e-12
-1.1435e-11
5.1484e-12
-1.61137e-11
1.3822e-11
-3.16102e-11
2.52979e-11
-3.92016e-11
1.4391e-11
-1.23087e-11
-2.47309e-11
5.43756e-12
-5.4414e-12
-4.87576e-11
4.19145e-11
-6.54047e-11
1.98793e-11
-3.21289e-11
-7.05281e-12
-2.2956e-11
-1.36071e-11
-1.37856e-11
-3.11062e-11
8.43033e-12
-6.14447e-11
3.43495e-11
-6.59358e-11
4.26125e-12
-1.40419e-11
-3.79472e-11
-1.00147e-11
-3.64048e-12
-5.02051e-11
1.49454e-11
-4.06161e-11
-1.46871e-12
-2.88919e-11
7.30512e-13
-3.14743e-11
1.96675e-12
-1.77203e-11
-2.21758e-11
2.87662e-11
-6.89992e-11
6.03233e-11
-5.24035e-11
1.65128e-11
-2.00213e-13
4.22237e-13
-8.66468e-12
2.46116e-11
-6.13901e-12
9.81549e-12
1.93891e-11
7.41677e-12
1.39448e-11
3.20675e-11
-1.76889e-12
4.61441e-11
1.49631e-11
1.13435e-11
7.60128e-11
-2.96382e-11
8.82137e-11
2.18531e-12
5.82542e-11
1.8668e-11
7.23874e-11
1.20015e-11
6.06741e-11
5.57601e-11
1.91731e-11
8.29469e-11
2.18331e-11
6.39501e-11
5.37711e-11
3.70099e-11
6.44585e-11
5.32057e-11
2.70079e-11
8.69215e-11
1.7238e-11
6.70169e-11
3.25022e-11
7.18171e-11
-1.59538e-12
9.29425e-11
3.08773e-12
4.10098e-11
5.77701e-11
-9.91335e-12
6.96174e-11
-1.37411e-11
4.6365e-11
-2.95233e-12
2.60877e-11
-1.29009e-11
2.71756e-11
-2.66565e-11
-4.0074e-13
-1.33138e-12
-3.65024e-11
-2.26835e-11
-3.54298e-12
-7.86823e-11
-2.79433e-12
-6.03893e-11
-6.21319e-11
-3.49188e-11
-8.74582e-11
-4.38437e-11
-1.01252e-10
-4.43862e-11
-1.26741e-10
-3.8826e-11
-1.43147e-10
-5.93761e-11
-1.13433e-10
-1.23826e-10
-7.2685e-11
-1.41705e-10
-1.04251e-10
-1.11438e-10
-1.20237e-10
-1.34126e-10
-9.41579e-11
-1.42125e-10
-1.15889e-10
-1.13072e-10
-1.23222e-10
-1.2861e-10
-8.36641e-11
-1.57257e-10
-5.94366e-11
-1.45802e-10
-7.70055e-11
-9.43355e-11
-1.05651e-10
-6.32403e-11
-8.99065e-11
-5.32673e-11
-9.11293e-11
2.03054e-12
-1.08587e-10
1.79281e-11
-4.37497e-11
-2.23874e-11
1.48046e-11
-1.6526e-12
1.52051e-11
3.8318e-11
3.94986e-11
4.80179e-11
7.57081e-11
6.81818e-11
9.35545e-11
1.05556e-10
1.0487e-10
1.27378e-10
1.54772e-10
1.02908e-10
2.20684e-10
1.14149e-10
2.10916e-10
1.81035e-10
2.00373e-10
1.98207e-10
2.27958e-10
2.23484e-10
1.98941e-10
2.89588e-10
1.77828e-10
2.92194e-10
2.18724e-10
2.586e-10
2.47889e-10
2.50484e-10
2.44672e-10
2.54251e-10
2.36403e-10
2.37714e-10
2.4655e-10
2.10514e-10
2.25267e-10
2.24852e-10
1.74643e-10
2.04984e-10
1.92461e-10
1.21047e-10
2.02318e-10
9.50319e-11
1.42386e-10
8.31165e-11
1.11846e-10
2.90508e-11
7.60537e-11
1.76699e-11
-1.48238e-11
2.62086e-11
-9.01609e-11
-9.6878e-12
-1.21714e-10
-7.91543e-11
-1.42307e-10
-1.36273e-10
-1.91056e-10
-1.75606e-10
-2.23272e-10
-2.54519e-10
-2.26656e-10
-3.08742e-10
-2.95375e-10
-2.99505e-10
-3.60914e-10
-3.48566e-10
-3.51792e-10
-4.15115e-10
-3.75632e-10
-4.22269e-10
-4.12097e-10
-4.53146e-10
-4.00237e-10
-4.91183e-10
-4.09717e-10
-4.7169e-10
-4.55832e-10
-4.25852e-10
-4.87094e-10
-4.00998e-10
-4.72084e-10
-3.96384e-10
-4.4949e-10
-3.60366e-10
-4.35946e-10
-3.38333e-10
-3.55018e-10
-3.62716e-10
-2.692e-10
-3.15515e-10
-2.53565e-10
-2.32469e-10
-1.95853e-10
-2.01615e-10
-1.12322e-10
-1.28756e-10
-8.02873e-11
-2.86161e-11
-1.42894e-11
1.83294e-11
9.25697e-11
7.10212e-11
1.67221e-10
1.63781e-10
2.16444e-10
2.62106e-10
2.77149e-10
3.38546e-10
3.48145e-10
4.23115e-10
3.83767e-10
5.27445e-10
4.33864e-10
5.60794e-10
5.50429e-10
5.61381e-10
6.2154e-10
6.18512e-10
6.55758e-10
6.35845e-10
7.34426e-10
6.28272e-10
7.52788e-10
6.91751e-10
7.10433e-10
7.29427e-10
7.12242e-10
7.09794e-10
7.06484e-10
7.06087e-10
6.62791e-10
6.90054e-10
6.31409e-10
6.31717e-10
6.0752e-10
5.64397e-10
5.46376e-10
5.2509e-10
4.43978e-10
4.73825e-10
3.7107e-10
3.6316e-10
3.09127e-10
2.71047e-10
1.94642e-10
1.84287e-10
1.19324e-10
2.10127e-11
7.24478e-11
-1.06539e-10
-6.12465e-11
-1.74177e-10
-1.93264e-10
-2.91038e-10
-2.90469e-10
-3.85181e-10
-4.4577e-10
-4.3016e-10
-5.87218e-10
-5.27956e-10
-6.60072e-10
-6.47537e-10
-7.33795e-10
-7.35447e-10
-8.09911e-10
-8.21578e-10
-8.5388e-10
-9.14533e-10
-8.82555e-10
-9.72966e-10
-9.39445e-10
-9.7628e-10
-9.93251e-10
-9.93645e-10
-9.82452e-10
-1.02202e-09
-9.77926e-10
-9.82111e-10
-9.87655e-10
-9.519e-10
-9.16862e-10
-9.48602e-10
-8.54255e-10
-8.52851e-10
-8.4139e-10
-7.42012e-10
-7.55192e-10
-6.76186e-10
-6.50763e-10
-5.49706e-10
-5.80852e-10
-4.18239e-10
-4.38972e-10
-3.47547e-10
-2.59793e-10
-2.44416e-10
-1.20173e-10
-1.07251e-10
2.76429e-11
1.43616e-11
1.85331e-10
1.55829e-10
3.04465e-10
3.37305e-10
3.9622e-10
5.12039e-10
5.14133e-10
6.40323e-10
6.50175e-10
7.66702e-10
7.51154e-10
8.94448e-10
8.70166e-10
9.51343e-10
1.01909e-09
1.00704e-09
1.08945e-09
1.1095e-09
1.13539e-09
1.14624e-09
1.21725e-09
1.16431e-09
1.22089e-09
1.23024e-09
1.1949e-09
1.21895e-09
1.2243e-09
1.16213e-09
1.19134e-09
1.15401e-09
1.10913e-09
1.09633e-09
1.06406e-09
9.96384e-10
9.69808e-10
9.38555e-10
8.24249e-10
8.49234e-10
7.14039e-10
7.01782e-10
6.0224e-10
5.59414e-10
4.60608e-10
4.0659e-10
3.33128e-10
2.16628e-10
2.15751e-10
3.24837e-11
5.84896e-11
-1.08018e-10
-1.31985e-10
-2.45848e-10
-2.99551e-10
-3.98573e-10
-4.73843e-10
-5.07191e-10
-6.74175e-10
-6.19011e-10
-8.04443e-10
-7.91631e-10
-8.92684e-10
-9.24159e-10
-1.01623e-09
-1.02834e-09
-1.0806e-09
-1.17893e-09
-1.10869e-09
-1.25841e-09
-1.20634e-09
-1.26573e-09
-1.26468e-09
-1.31454e-09
-1.26743e-09
-1.31155e-09
-1.31995e-09
-1.24628e-09
-1.32103e-09
-1.23989e-09
-1.24005e-09
-1.20944e-09
-1.19443e-09
-1.11329e-09
-1.1213e-09
-1.05358e-09
-9.83095e-10
-9.73087e-10
-8.81159e-10
-8.23977e-10
-7.76824e-10
-6.95886e-10
-6.16487e-10
-5.72419e-10
-4.69172e-10
-4.05144e-10
-3.30581e-10
-2.48e-10
-1.54996e-10
-1.09297e-10
1.62208e-11
5.95629e-11
1.5381e-10
2.42078e-10
2.97186e-10
3.96181e-10
4.522e-10
5.47472e-10
5.75316e-10
7.10166e-10
6.94792e-10
8.21132e-10
8.51169e-10
8.94586e-10
9.74408e-10
9.94073e-10
1.05811e-09
1.05843e-09
1.16584e-09
1.08647e-09
1.21921e-09
1.1683e-09
1.19832e-09
1.22683e-09
1.20984e-09
1.22053e-09
1.19376e-09
1.24802e-09
1.11758e-09
1.23341e-09
1.10408e-09
1.12216e-09
1.08805e-09
1.04413e-09
9.97645e-10
9.54133e-10
9.47592e-10
7.92721e-10
8.78542e-10
6.95751e-10
7.08095e-10
6.2179e-10
5.67846e-10
4.78411e-10
4.35174e-10
3.78876e-10
2.32528e-10
2.87846e-10
8.94794e-11
1.05809e-10
-6.93918e-12
-5.12317e-11
-1.5727e-10
-1.8211e-10
-2.64475e-10
-3.72333e-10
-3.38315e-10
-5.13236e-10
-4.82645e-10
-5.91129e-10
-6.09241e-10
-7.03234e-10
-6.9665e-10
-7.77879e-10
-8.27842e-10
-8.02269e-10
-9.24519e-10
-8.73283e-10
-9.52595e-10
-9.36004e-10
-9.96099e-10
-9.54538e-10
-1.01297e-09
-1.00097e-09
-9.7398e-10
-1.0309e-09
-9.59545e-10
-9.97602e-10
-9.48165e-10
-9.65479e-10
-8.96486e-10
-9.21866e-10
-8.59186e-10
-8.2778e-10
-8.24339e-10
-7.41095e-10
-7.40803e-10
-6.69966e-10
-6.49608e-10
-5.69455e-10
-5.63858e-10
-4.72945e-10
-4.41578e-10
-3.96515e-10
-3.15058e-10
-2.91056e-10
-2.15685e-10
-1.7314e-10
-1.01853e-10
-7.65718e-11
1.58347e-11
3.82371e-11
9.99926e-11
1.65016e-10
1.92854e-10
2.55926e-10
3.01108e-10
3.45896e-10
3.76258e-10
4.46838e-10
4.51507e-10
5.06862e-10
5.44523e-10
5.58278e-10
5.97582e-10
6.28663e-10
6.36995e-10
6.60356e-10
6.94968e-10
6.7738e-10
7.11384e-10
7.17986e-10
7.07353e-10
7.19957e-10
7.27782e-10
6.99777e-10
7.10423e-10
7.0671e-10
6.68841e-10
6.77585e-10
6.57506e-10
6.21972e-10
6.13476e-10
5.98073e-10
5.43194e-10
5.42748e-10
5.09046e-10
4.58768e-10
4.48314e-10
4.12032e-10
3.59655e-10
3.41488e-10
3.10565e-10
2.43978e-10
2.39441e-10
1.90601e-10
1.38875e-10
1.21366e-10
8.1751e-11
2.53512e-11
1.10943e-11
-3.41331e-11
-6.12787e-11
-5.99111e-11
-3.59884e-11
-1.09186e-11
-1.57933e-12
0
