0
5.6921e-10
2.42714e-09
-3.57813e-08
-3.73395e-07
-1.33802e-06
-2.6532e-06
-3.7572e-06
-4.46519e-06
-4.90322e-06
-5.23703e-06
-5.53791e-06
-5.8084e-06
-6.04822e-06
-6.25703e-06
-6.43477e-06
-6.58146e-06
-6.69727e-06
-6.78254e-06
-6.83759e-06
-6.86305e-06
-6.85951e-06
-6.8278e-06
-6.76875e-06
-6.68328e-06
-6.57251e-06
-6.43752e-06
-6.27957e-06
-6.09987e-06
-5.89979e-06
-5.68074e-06
-5.44413e-06
-5.19145e-06
-4.92414e-06
-4.64382e-06
-4.35198e-06
-4.05018e-06
-3.73995e-06
-3.42287e-06
-3.10048e-06
-2.77426e-06
-2.44572e-06
-2.11629e-06
-1.78746e-06
-1.46056e-06
-1.13693e-06
-8.17846e-07
-5.04555e-07
-1.98248e-07
1.00041e-07
3.89212e-07
6.6835e-07
9.36473e-07
1.19284e-06
1.43668e-06
1.66729e-06
1.88412e-06
2.08656e-06
2.27432e-06
2.4469e-06
2.60408e-06
2.74562e-06
2.87139e-06
2.98139e-06
3.07548e-06
3.1539e-06
3.21664e-06
3.26405e-06
3.29632e-06
3.31373e-06
3.31679e-06
3.30578e-06
3.28137e-06
3.24384e-06
3.19397e-06
3.13227e-06
3.05935e-06
2.97599e-06
2.88266e-06
2.78037e-06
2.66958e-06
2.55119e-06
2.42591e-06
2.29443e-06
2.15773e-06
2.01624e-06
1.87105e-06
1.72264e-06
1.57196e-06
1.41965e-06
1.2663e-06
1.11289e-06
9.59733e-07
8.0785e-07
6.57513e-07
5.0953e-07
3.64462e-07
2.22655e-07
8.49128e-08
-4.86998e-08
-1.77314e-07
-3.00878e-07
-4.18883e-07
-5.30977e-07
-6.37063e-07
-7.36537e-07
-8.29647e-07
-9.15802e-07
-9.95142e-07
-1.06743e-06
-1.13255e-06
-1.19073e-06
-1.24157e-06
-1.28549e-06
-1.32222e-06
-1.35211e-06
-1.37516e-06
-1.39142e-06
-1.4013e-06
-1.40469e-06
-1.40214e-06
-1.39354e-06
-1.37937e-06
-1.35986e-06
-1.33517e-06
-1.30579e-06
-1.27177e-06
-1.23372e-06
-1.19171e-06
-1.14619e-06
-1.09747e-06
-1.04583e-06
-9.91733e-07
-9.35322e-07
-8.77096e-07
-8.17275e-07
-7.56255e-07
-6.94292e-07
-6.31689e-07
-5.68803e-07
-5.05879e-07
-4.43207e-07
-3.81013e-07
-3.19627e-07
-2.59225e-07
-2.00094e-07
-1.42337e-07
-8.62884e-08
-3.20536e-08
2.01982e-08
7.0276e-08
1.18146e-07
1.63471e-07
2.06422e-07
2.46677e-07
2.84314e-07
3.19192e-07
3.51221e-07
3.80592e-07
4.06947e-07
4.30631e-07
4.51343e-07
4.6935e-07
4.84592e-07
4.96985e-07
5.06885e-07
5.13984e-07
5.18756e-07
5.20899e-07
5.20757e-07
5.18402e-07
5.13765e-07
5.07247e-07
4.98577e-07
4.8831e-07
4.76208e-07
4.62567e-07
4.47517e-07
4.31057e-07
4.13574e-07
3.94831e-07
3.75305e-07
3.54896e-07
3.33842e-07
3.12238e-07
2.90117e-07
2.67797e-07
2.45174e-07
2.22514e-07
1.99807e-07
1.77257e-07
1.54911e-07
1.32838e-07
1.11149e-07
8.99454e-08
6.92871e-08
4.92007e-08
2.98183e-08
1.11257e-08
-6.69493e-09
-2.38107e-08
-3.99716e-08
-5.52658e-08
-6.96227e-08
-8.29853e-08
-9.55063e-08
-1.0685e-07
-1.17381e-07
-1.26786e-07
-1.35291e-07
-1.42788e-07
-1.49214e-07
-1.54874e-07
-1.59379e-07
-1.63156e-07
-1.65871e-07
-1.67829e-07
-1.68965e-07
-1.6917e-07
-1.68783e-07
-1.67491e-07
-1.65694e-07
-1.63092e-07
-1.59944e-07
-1.56272e-07
-1.51998e-07
-1.47339e-07
-1.42126e-07
-1.36652e-07
-1.30756e-07
-1.24568e-07
-1.18119e-07
-1.11466e-07
-1.04636e-07
-9.76424e-08
-9.05569e-08
-8.34233e-08
-7.62803e-08
-6.9064e-08
-6.19872e-08
-5.48891e-08
-4.79922e-08
-4.11121e-08
-3.44276e-08
-2.79782e-08
-2.15943e-08
-1.558e-08
-9.61083e-09
-4.0932e-09
1.30777e-09
6.41379e-09
1.1161e-08
1.57484e-08
1.98553e-08
2.38914e-08
2.74205e-08
3.07449e-08
3.37578e-08
3.64233e-08
3.88838e-08
4.08893e-08
4.27698e-08
4.42633e-08
4.55212e-08
4.64822e-08
4.71974e-08
4.76918e-08
4.78998e-08
4.78919e-08
4.76838e-08
4.72879e-08
4.6637e-08
4.58806e-08
4.48816e-08
4.38444e-08
4.25311e-08
4.11712e-08
3.97153e-08
3.80761e-08
3.64728e-08
3.46085e-08
3.29103e-08
3.09726e-08
2.9074e-08
2.71586e-08
2.51506e-08
2.32808e-08
2.11932e-08
1.93304e-08
1.73527e-08
1.54547e-08
1.35772e-08
1.17052e-08
9.98308e-09
8.1875e-09
6.52815e-09
4.89887e-09
3.37389e-09
1.86688e-09
4.64648e-10
-8.81787e-10
-2.09661e-09
-3.3161e-09
-4.41357e-09
-5.39249e-09
-6.37713e-09
-7.16886e-09
-8.04366e-09
-8.63292e-09
-9.31215e-09
-9.8559e-09
-1.02895e-08
-1.07441e-08
-1.09698e-08
-1.13544e-08
-1.14495e-08
-1.16193e-08
-1.16887e-08
-1.16929e-08
-1.16967e-08
-1.15341e-08
-1.14715e-08
-1.12658e-08
-1.10575e-08
-1.07843e-08
-1.05253e-08
-1.02004e-08
-9.864e-09
-9.46671e-09
-9.12175e-09
-8.71372e-09
-8.25033e-09
-7.88256e-09
-7.375e-09
-7.01972e-09
-6.46399e-09
-6.0774e-09
-5.63014e-09
-5.12844e-09
-4.75001e-09
-4.22009e-09
-3.90252e-09
-3.3797e-09
-3.00527e-09
-2.61446e-09
-2.2047e-09
-1.85357e-09
-1.44499e-09
-1.156e-09
-7.98748e-10
-4.81002e-10
-1.74797e-10
6.423e-11
3.75555e-10
5.87909e-10
8.55325e-10
1.01844e-09
1.23477e-09
1.45872e-09
1.52909e-09
1.77066e-09
1.81143e-09
2.02212e-09
2.04875e-09
2.14281e-09
2.27541e-09
2.25623e-09
2.3732e-09
2.33675e-09
2.43667e-09
2.40614e-09
2.40382e-09
2.41843e-09
2.40919e-09
2.36664e-09
2.33957e-09
2.31172e-09
2.26867e-09
2.2257e-09
2.1178e-09
2.15964e-09
1.99726e-09
1.99572e-09
1.88397e-09
1.83425e-09
1.78749e-09
1.61586e-09
1.65862e-09
1.48675e-09
1.46561e-09
1.33915e-09
1.28519e-09
1.22444e-09
1.09226e-09
1.0489e-09
9.69901e-10
8.92135e-10
7.91217e-10
7.50573e-10
6.50188e-10
6.23263e-10
4.69979e-10
4.94025e-10
3.82898e-10
3.06854e-10
2.86358e-10
1.65669e-10
2.077e-10
2.64435e-11
7.13823e-11
-1.28577e-11
-6.9226e-11
-1.00882e-10
-1.69204e-10
-1.60449e-10
-2.53521e-10
-2.71784e-10
-2.98134e-10
-3.18622e-10
-4.01253e-10
-3.66429e-10
-4.43824e-10
-4.14526e-10
-4.9754e-10
-4.88092e-10
-4.62994e-10
-5.7757e-10
-4.88319e-10
-5.88141e-10
-5.1323e-10
-5.93943e-10
-5.79788e-10
-5.44323e-10
-6.03357e-10
-5.75163e-10
-5.87927e-10
-5.60424e-10
-5.88706e-10
-5.68808e-10
-5.75372e-10
-5.15315e-10
-5.99399e-10
-5.04181e-10
-5.30096e-10
-5.16456e-10
-4.83455e-10
-5.23791e-10
-3.9894e-10
-5.0931e-10
-4.04326e-10
-4.1679e-10
-3.88906e-10
-3.73665e-10
-3.67929e-10
-3.05735e-10
-3.15115e-10
-2.99639e-10
-2.59284e-10
-2.15808e-10
-2.57058e-10
-1.60002e-10
-2.05267e-10
-1.03291e-10
-1.63256e-10
-1.00734e-10
-4.02513e-11
-1.05498e-10
2.92266e-12
-4.76997e-11
4.7708e-11
1.29389e-12
4.65468e-11
8.44834e-11
8.72837e-11
8.24771e-11
1.39516e-10
1.38799e-10
1.45267e-10
1.7445e-10
1.57233e-10
2.49927e-10
1.35432e-10
2.61944e-10
2.11892e-10
2.32333e-10
2.46313e-10
2.24209e-10
2.96519e-10
2.16565e-10
2.71265e-10
2.67886e-10
2.69973e-10
2.36158e-10
2.90078e-10
2.40962e-10
2.83157e-10
2.18529e-10
2.6997e-10
2.65974e-10
1.84855e-10
2.84639e-10
1.84816e-10
2.53237e-10
1.70027e-10
2.14407e-10
2.02962e-10
1.549e-10
1.68559e-10
1.7354e-10
1.36083e-10
1.22632e-10
1.37474e-10
9.43306e-11
1.30184e-10
2.48701e-11
1.38521e-10
2.75434e-11
4.73144e-11
5.29545e-11
1.11258e-11
4.09516e-11
-3.71533e-11
2.65151e-11
-2.29279e-11
-3.61914e-11
-4.68305e-11
-1.067e-11
-9.46144e-11
-3.72492e-11
-9.33645e-11
-5.44356e-11
-9.28907e-11
-1.24389e-10
-3.50684e-11
-1.58438e-10
-7.68793e-11
-1.29467e-10
-9.35819e-11
-1.31614e-10
-1.24699e-10
-1.11469e-10
-1.1106e-10
-1.55722e-10
-1.02318e-10
-1.10246e-10
-1.57776e-10
-8.35256e-11
-1.59552e-10
-6.26521e-11
-1.70662e-10
-8.42086e-11
-9.55669e-11
-1.3012e-10
-8.99055e-11
-9.35594e-11
-8.70061e-11
-9.99821e-11
-7.51373e-11
-7.70798e-11
-5.13502e-11
-1.20545e-10
7.13735e-12
-9.94197e-11
-3.59774e-11
-4.33014e-11
-4.19982e-11
-1.20853e-11
-6.76806e-11
1.7373e-11
-2.64513e-11
-2.00826e-11
-8.61306e-12
3.0821e-11
-3.7837e-11
4.26884e-11
-1.60744e-11
5.26685e-11
-4.64036e-12
1.55446e-11
7.68831e-11
-2.14545e-11
6.62383e-11
2.47405e-11
5.7485e-11
2.07533e-11
5.7712e-11
4.2637e-11
6.66471e-11
4.94931e-12
9.70049e-11
3.71909e-11
2.8067e-11
8.88663e-11
1.83916e-11
8.92829e-11
3.99899e-12
8.99272e-11
4.08476e-11
3.68461e-11
4.77267e-11
7.57683e-11
6.04365e-12
6.53659e-11
3.8887e-11
3.74211e-11
4.82229e-11
-5.65366e-13
9.79931e-11
-2.96537e-11
5.73795e-11
2.80823e-11
2.48255e-11
7.3845e-12
3.79967e-11
9.55995e-12
2.49588e-11
-8.90032e-12
3.12803e-11
2.20085e-11
-4.67894e-11
6.94783e-11
-4.21685e-11
2.43762e-11
-2.20433e-11
1.77438e-11
-1.15793e-11
-1.56644e-11
-6.5578e-12
1.59516e-11
-4.79388e-11
5.15944e-13
1.282e-11
-5.96614e-11
2.63223e-11
-5.47983e-11
2.85058e-11
-5.99941e-11
-1.97785e-12
-5.63469e-12
-3.14088e-11
-3.46135e-11
1.69397e-11
-4.4936e-11
-1.99602e-11
-3.55687e-12
-3.80416e-11
1.29396e-11
-7.35085e-11
4.49413e-11
-5.50195e-11
-1.65578e-11
-4.97263e-12
-8.41868e-12
-4.24611e-11
1.07199e-11
-2.57591e-11
-4.18464e-12
-2.25758e-11
-1.77576e-11
3.21852e-11
-7.71907e-11
4.61332e-11
-2.86377e-11
-6.1826e-12
-1.52034e-11
1.6121e-11
-2.44576e-11
8.92886e-12
-2.33632e-11
3.14641e-11
-2.69686e-11
-1.42484e-11
5.14828e-11
-5.6801e-11
3.50408e-11
-1.33343e-11
1.86826e-11
-2.02663e-11
1.98947e-11
-4.64144e-12
2.32168e-11
-4.00367e-11
5.63876e-11
-1.721e-11
-1.58202e-11
4.74491e-11
-2.71323e-11
2.57079e-11
-1.52996e-11
3.25772e-11
-1.11262e-11
9.32738e-12
-3.38267e-12
4.68424e-11
-5.85292e-11
5.88353e-11
-8.16905e-12
-9.25967e-12
2.38045e-11
-5.94242e-12
2.13286e-11
-1.91967e-11
2.24064e-11
6.71196e-12
-5.22463e-13
-1.90608e-11
6.43809e-11
-6.52235e-11
4.702e-11
-9.53918e-12
5.48974e-12
-2.42912e-12
2.45848e-12
1.50429e-11
-1.0298e-11
-6.17272e-12
2.38542e-11
-3.18508e-12
-3.63914e-11
6.61194e-11
-5.73683e-11
3.2324e-11
-1.76711e-11
1.93676e-11
-1.82669e-11
4.45496e-12
1.15436e-12
1.33943e-11
-3.88949e-11
3.52666e-11
-1.44904e-12
-4.2141e-11
5.15741e-11
-3.7964e-11
1.82436e-11
-2.17241e-11
2.34117e-11
-2.00652e-11
6.36681e-12
-1.84531e-11
4.25037e-11
-6.27562e-11
3.94174e-11
3.32205e-13
-3.30193e-11
2.56545e-11
-1.07662e-11
1.74617e-12
-1.35695e-11
1.40994e-11
-1.03367e-11
8.54868e-12
-3.55303e-11
6.31355e-11
-6.90668e-11
3.4249e-11
1.92072e-12
-1.47895e-11
-4.65683e-12
1.9673e-11
-1.89393e-11
6.07567e-12
-5.19836e-12
5.84373e-12
7.12081e-12
-4.07137e-11
6.36733e-11
-5.34156e-11
1.65918e-11
7.12496e-12
2.67101e-12
-3.10651e-11
4.55806e-11
-3.81593e-11
2.67913e-11
-2.47377e-11
2.1736e-11
-3.92205e-13
-2.95498e-11
4.06511e-11
-1.76313e-11
-1.34945e-11
1.89089e-11
1.11555e-11
-4.49773e-11
5.61089e-11
-4.3306e-11
3.29144e-11
-3.16668e-11
2.93776e-11
-1.08594e-11
-6.92021e-12
3.067e-12
2.63619e-11
-4.69296e-11
3.34807e-11
9.17667e-12
-4.13286e-11
4.28448e-11
-2.33084e-11
1.33592e-11
-1.76278e-11
2.31142e-11
-1.65324e-11
1.32751e-11
-2.84079e-11
5.65905e-11
-6.52382e-11
3.89768e-11
3.87238e-12
-2.37787e-11
8.74482e-12
1.88015e-11
-2.64431e-11
1.14922e-11
6.16181e-12
-1.17846e-11
1.58422e-11
-3.16443e-11
5.16299e-11
-5.13589e-11
2.37148e-11
6.10719e-12
-5.49587e-12
-2.73814e-11
5.95971e-11
-6.03683e-11
3.28139e-11
-6.48585e-12
-4.75345e-13
-3.06243e-12
-9.03662e-13
1.01974e-11
-8.58635e-12
-8.62133e-12
1.9169e-11
-8.57199e-13
-3.98547e-11
6.719e-11
-5.6884e-11
2.12627e-11
2.28219e-12
4.98672e-12
-2.87536e-11
4.12682e-11
-3.6867e-11
3.00489e-11
-3.19468e-11
3.07898e-11
-1.20533e-11
-1.78684e-11
3.06348e-11
-1.12216e-11
-2.18071e-11
3.11606e-11
-3.41534e-12
-3.78003e-11
5.66485e-11
-4.47453e-11
2.36711e-11
-1.69099e-11
2.27419e-11
-2.49754e-11
1.86665e-11
-1.86645e-11
3.5467e-11
-5.53498e-11
5.11399e-11
-1.65638e-11
-2.14715e-11
2.87059e-11
-1.56159e-12
-2.89852e-11
3.08358e-11
-4.03948e-12
-2.43663e-11
3.34018e-11
-2.86436e-11
2.76341e-11
-3.34808e-11
3.22576e-11
-1.65597e-11
1.95747e-12
-1.11011e-11
4.34424e-11
-6.92301e-11
5.98335e-11
-2.02931e-11
-1.38893e-11
1.41411e-11
1.25479e-11
-3.43605e-11
3.07749e-11
-1.07623e-11
-4.15192e-12
7.84221e-12
-1.24393e-11
2.61535e-11
-3.73917e-11
2.88772e-11
-3.82876e-12
-1.07465e-11
-7.25352e-12
4.71722e-11
-7.28615e-11
6.00568e-11
-2.21425e-11
-4.52428e-12
-1.08401e-12
2.57726e-11
-4.1316e-11
3.62357e-11
-2.3192e-11
1.71762e-11
-1.54824e-11
4.77526e-12
1.54982e-11
-2.68005e-11
1.31079e-11
1.48974e-11
-2.60343e-11
1.52459e-12
4.15412e-11
-6.56117e-11
5.0962e-11
-1.58022e-11
-4.38541e-12
-6.60229e-12
3.24803e-11
-4.71425e-11
4.30003e-11
-3.37558e-11
3.16223e-11
-3.14512e-11
2.06962e-11
-1.6509e-12
-6.36119e-12
-1.03078e-11
3.80751e-11
-4.59508e-11
1.82404e-11
2.5129e-11
-4.68741e-11
2.99794e-11
4.76587e-12
-2.13656e-11
4.88951e-12
2.63916e-11
-4.45632e-11
4.1063e-11
-3.03755e-11
2.74452e-11
-3.01358e-11
2.64324e-11
-1.5579e-11
1.2591e-11
-2.93259e-11
5.44381e-11
-6.08091e-11
3.477e-11
4.64927e-12
-2.20361e-11
1.44229e-12
3.57055e-11
-5.19277e-11
3.09617e-11
7.38631e-12
-3.00779e-11
2.39868e-11
-5.05581e-12
-3.79618e-12
-2.92337e-12
1.26386e-11
-1.53127e-11
1.64255e-11
-2.70786e-11
4.44371e-11
-5.05117e-11
3.29835e-11
-4.58853e-12
-5.64485e-12
-1.7504e-11
5.57796e-11
-7.30798e-11
5.13035e-11
-9.71342e-12
-1.41538e-11
1.38672e-12
3.1061e-11
-5.01885e-11
4.0062e-11
-1.421e-11
-3.47593e-12
4.15522e-12
1.31671e-12
-6.99596e-13
-4.14e-12
2.56079e-12
6.40521e-12
-8.71588e-12
-8.5785e-12
3.75469e-11
-5.26762e-11
3.67294e-11
-2.59342e-12
-1.60403e-11
-2.44359e-12
4.40194e-11
-7.15287e-11
6.06775e-11
-2.37126e-11
-4.03515e-12
-9.82133e-13
2.93803e-11
-5.21438e-11
5.06651e-11
-3.22733e-11
1.6929e-11
-1.44477e-11
1.7379e-11
-1.54607e-11
1.03164e-11
-1.24033e-11
2.38504e-11
-3.10972e-11
1.83858e-11
1.109e-11
-3.32977e-11
2.5961e-11
5.89152e-12
-3.12047e-11
2.19214e-11
1.78684e-11
-5.43303e-11
5.5908e-11
-2.40775e-11
-8.97721e-12
1.19142e-11
1.62654e-11
-4.83853e-11
5.7357e-11
-4.12841e-11
2.04477e-11
-1.40014e-11
2.20353e-11
-3.1175e-11
3.26015e-11
-3.09868e-11
3.43794e-11
-4.05893e-11
3.77785e-11
-2.0633e-11
1.26306e-12
7.37196e-14
2.21297e-11
-4.84989e-11
5.07629e-11
-2.09047e-11
-1.78521e-11
3.10789e-11
-6.9321e-12
-3.11511e-11
4.57693e-11
-2.14977e-11
-2.08694e-11
4.45927e-11
-3.21646e-11
-5.61109e-14
1.96199e-11
-9.59608e-12
-1.83043e-11
3.86234e-11
-3.80061e-11
2.45814e-11
-1.52909e-11
1.70216e-11
-2.30412e-11
2.48893e-11
-2.41652e-11
2.88032e-11
-4.01354e-11
4.72224e-11
-3.84286e-11
1.71529e-11
-3.1345e-12
1.35e-11
-4.29867e-11
6.48553e-11
-5.57885e-11
2.01734e-11
1.09381e-11
-8.54289e-12
-2.59831e-11
6.04161e-11
-6.17594e-11
2.73087e-11
1.24877e-11
-2.31027e-11
-2.209e-12
3.71568e-11
-4.86015e-11
2.69753e-11
6.91001e-12
-2.40294e-11
1.39763e-11
8.16392e-12
-1.97102e-11
1.1918e-11
4.91965e-12
-1.5709e-11
1.57793e-11
-1.23741e-11
1.27698e-11
-1.55309e-11
1.4135e-11
-8.22604e-12
6.54128e-12
-1.7256e-11
3.55329e-11
-4.50563e-11
3.3889e-11
-9.72548e-12
-4.28961e-12
-8.97457e-12
4.14608e-11
-6.47761e-11
5.59953e-11
-2.12225e-11
-8.09432e-12
3.56503e-12
3.24402e-11
-6.78713e-11
7.00434e-11
-3.65727e-11
-2.2493e-12
1.1247e-11
1.68852e-11
-5.55805e-11
6.93531e-11
-4.66625e-11
9.05542e-12
9.87479e-12
4.28851e-12
-3.55504e-11
5.41801e-11
-4.47382e-11
1.79782e-11
1.66157e-12
2.68918e-13
-1.72513e-11
3.09234e-11
-2.97759e-11
1.76831e-11
-6.92949e-12
4.51368e-12
-7.3261e-12
8.47321e-12
-6.53019e-12
5.81829e-12
-9.16215e-12
1.20331e-11
-7.13323e-12
-6.01006e-12
1.71855e-11
-1.47139e-11
-1.47433e-12
1.6405e-11
-1.31727e-11
-9.79388e-12
3.41537e-11
-3.75185e-11
1.51199e-11
1.30768e-11
-1.95722e-11
-4.88023e-12
4.05507e-11
-5.57304e-11
3.59086e-11
1.22859e-12
-2.11002e-11
3.71575e-12
3.68439e-11
-6.47259e-11
5.47854e-11
-1.63054e-11
-1.52941e-11
1.05246e-11
2.68547e-11
-6.3491e-11
6.67356e-11
-3.4598e-11
-3.05502e-12
1.18364e-11
1.57365e-11
-5.43747e-11
6.94693e-11
-4.8734e-11
1.21966e-11
6.77315e-12
7.89586e-12
-4.16912e-11
6.3774e-11
-5.55334e-11
2.61428e-11
-2.90042e-12
5.62339e-12
-2.993e-11
5.27395e-11
-5.43454e-11
3.51953e-11
-1.38558e-11
8.74694e-12
-2.22977e-11
4.03925e-11
-4.68611e-11
3.75693e-11
-2.25891e-11
1.51676e-11
-1.99778e-11
3.03149e-11
-3.62214e-11
3.35705e-11
-2.65882e-11
2.19029e-11
-2.2187e-11
2.46941e-11
-2.58695e-11
2.51837e-11
-2.49451e-11
2.61566e-11
-2.67865e-11
2.39769e-11
-1.85574e-11
1.52676e-11
-1.83916e-11
2.61306e-11
-3.1168e-11
2.70969e-11
-1.57596e-11
6.67729e-12
-8.86683e-12
2.13706e-11
-3.30485e-11
3.20281e-11
-1.75239e-11
1.55628e-12
1.1412e-12
1.27017e-11
-3.10294e-11
3.64783e-11
-2.27192e-11
9.57609e-13
9.25181e-12
1.86199e-12
-2.48194e-11
3.84929e-11
-2.95011e-11
4.78886e-12
1.36956e-11
-9.00626e-12
-1.51488e-11
3.68435e-11
-3.58221e-11
1.20031e-11
1.35926e-11
-1.78449e-11
-3.50018e-12
3.12055e-11
-3.98968e-11
2.09557e-11
8.99237e-12
-2.30587e-11
8.26392e-12
2.21165e-11
-4.05134e-11
2.97842e-11
7.59023e-13
-2.37537e-11
1.82734e-11
1.07964e-11
-3.71992e-11
3.67692e-11
-9.672e-12
-1.98143e-11
2.49663e-11
-1.11904e-12
-3.0236e-11
4.06086e-11
-2.0577e-11
-1.18621e-11
2.73159e-11
-1.18616e-11
-2.05777e-11
4.06092e-11
-3.02362e-11
-1.11923e-12
2.49668e-11
-1.98148e-11
-9.67168e-12
3.67692e-11
-3.71996e-11
1.07967e-11
1.82733e-11
-2.37538e-11
7.59254e-13
2.97841e-11
-4.05135e-11
2.21168e-11
8.26368e-12
-2.30586e-11
8.99245e-12
2.09555e-11
-3.98965e-11
3.12052e-11
-3.5e-12
-1.7845e-11
1.35925e-11
1.20034e-11
-3.58226e-11
3.68438e-11
-1.51489e-11
-9.00643e-12
1.3696e-11
4.78848e-12
-2.95009e-11
3.84927e-11
-2.48193e-11
1.86209e-12
9.25154e-12
9.58029e-13
-2.27196e-11
3.64785e-11
-3.10293e-11
1.27013e-11
1.14177e-12
1.55585e-12
-1.75238e-11
3.20283e-11
-3.30488e-11
2.1371e-11
-8.86712e-12
6.67742e-12
-1.57595e-11
2.70965e-11
-3.11675e-11
2.61302e-11
-1.83915e-11
1.5268e-11
-1.8558e-11
2.39775e-11
-2.67866e-11
2.61562e-11
-2.49443e-11
2.5183e-11
-2.58692e-11
2.46945e-11
-2.21878e-11
2.19037e-11
-2.65886e-11
3.35704e-11
-3.62208e-11
3.03142e-11
-1.99774e-11
1.51677e-11
-2.25895e-11
3.75698e-11
-4.68613e-11
4.03924e-11
-2.22975e-11
8.74665e-12
-1.38556e-11
3.51953e-11
-5.43455e-11
5.27396e-11
-2.99301e-11
5.62341e-12
-2.90048e-12
2.61429e-11
-5.55334e-11
6.37739e-11
-4.16909e-11
7.89554e-12
6.77323e-12
1.21969e-11
-4.87345e-11
6.94696e-11
-5.43746e-11
1.57359e-11
1.18371e-11
-3.05531e-12
-3.45983e-11
6.67364e-11
-6.34918e-11
2.68551e-11
1.05247e-11
-1.52948e-11
-1.63046e-11
5.47847e-11
-6.47257e-11
3.68441e-11
3.7153e-12
-2.10998e-11
1.22826e-12
3.59088e-11
-5.57305e-11
4.05509e-11
-4.88018e-12
-1.95724e-11
1.30772e-11
1.51195e-11
-3.75182e-11
3.41537e-11
-9.79409e-12
-1.31724e-11
1.64046e-11
-1.47411e-12
-1.4714e-11
1.71854e-11
-6.00989e-12
-7.13336e-12
1.20331e-11
-9.16206e-12
5.81814e-12
-6.53007e-12
8.47322e-12
-7.32628e-12
4.51398e-12
-6.92978e-12
1.76832e-11
-2.97759e-11
3.09232e-11
-1.7251e-11
2.68625e-13
1.66188e-12
1.79779e-11
-4.47381e-11
5.41804e-11
-3.5551e-11
4.2892e-12
9.87447e-12
9.05517e-12
-4.66618e-11
6.93524e-11
-5.55803e-11
1.68855e-11
1.12465e-11
-2.24905e-12
-3.65726e-11
7.0043e-11
-6.78711e-11
3.24403e-11
3.56465e-12
-8.09391e-12
-2.12226e-11
5.59951e-11
-6.47756e-11
4.14604e-11
-8.97448e-12
-4.28936e-12
-9.72588e-12
3.38893e-11
-4.50563e-11
3.55327e-11
-1.72558e-11
6.54127e-12
-8.22615e-12
1.41351e-11
-1.5531e-11
1.27698e-11
-1.2374e-11
1.57792e-11
-1.57088e-11
4.91933e-12
1.19184e-11
-1.97103e-11
8.16363e-12
1.39769e-11
-2.403e-11
6.91034e-12
2.69754e-11
-4.8602e-11
3.71573e-11
-2.20928e-12
-2.31026e-11
1.24877e-11
2.73086e-11
-6.17594e-11
6.04161e-11
-2.5983e-11
-8.54296e-12
1.09381e-11
2.01734e-11
-5.57885e-11
6.48551e-11
-4.29865e-11
1.35e-11
-3.13462e-12
1.71531e-11
-3.84287e-11
4.72224e-11
-4.01355e-11
2.88033e-11
-2.41654e-11
2.48893e-11
-2.3041e-11
1.70213e-11
-1.52908e-11
2.45815e-11
-3.80063e-11
3.86233e-11
-1.8304e-11
-9.59644e-12
1.96198e-11
-5.55694e-14
-3.21653e-11
4.4593e-11
-2.08692e-11
-2.14984e-11
4.57699e-11
-3.11512e-11
-6.93237e-12
3.10792e-11
-1.78522e-11
-2.09049e-11
5.07632e-11
-4.84989e-11
2.21295e-11
7.42139e-14
1.26262e-12
-2.06328e-11
3.77787e-11
-4.05897e-11
3.43799e-11
-3.09873e-11
3.26018e-11
-3.1175e-11
2.2035e-11
-1.40009e-11
2.04473e-11
-4.1284e-11
5.73574e-11
-4.83858e-11
1.62656e-11
1.19145e-11
-8.97789e-12
-2.40768e-11
5.59079e-11
-5.43307e-11
1.78691e-11
2.19208e-11
-3.12044e-11
5.89158e-12
2.59607e-11
-3.32973e-11
1.10897e-11
1.83858e-11
-3.10969e-11
2.38499e-11
-1.24029e-11
1.03164e-11
-1.54611e-11
1.73796e-11
-1.44482e-11
1.69292e-11
-3.22732e-11
5.06649e-11
-5.21436e-11
2.93802e-11
-9.82023e-13
-4.03542e-12
-2.37121e-11
6.06769e-11
-7.15283e-11
4.40194e-11
-2.44405e-12
-1.60395e-11
-2.59428e-12
3.67299e-11
-5.26764e-11
3.75467e-11
-8.57822e-12
-8.71618e-12
6.4056e-12
2.56027e-12
-4.13945e-12
-6.99923e-13
1.31665e-12
4.1556e-12
-3.47642e-12
-1.42096e-11
4.00618e-11
-5.01884e-11
3.10609e-11
1.38681e-12
-1.41538e-11
-9.71346e-12
5.13036e-11
-7.308e-11
5.578e-11
-1.75044e-11
-5.64446e-12
-4.58864e-12
3.29833e-11
-5.05112e-11
4.44366e-11
-2.70784e-11
1.64254e-11
-1.53126e-11
1.26385e-11
-2.92336e-12
-3.79594e-12
-5.05631e-12
2.39874e-11
-3.00781e-11
7.38612e-12
3.09621e-11
-5.19281e-11
3.57055e-11
1.44243e-12
-2.20362e-11
4.64913e-12
3.47702e-11
-6.08089e-11
5.44377e-11
-2.93254e-11
1.25909e-11
-1.55793e-11
2.64328e-11
-3.01361e-11
2.74453e-11
-3.03755e-11
4.10632e-11
-4.45634e-11
2.63916e-11
4.88993e-12
-2.13663e-11
4.76636e-12
2.99793e-11
-4.68746e-11
2.51297e-11
1.82398e-11
-4.59506e-11
3.80753e-11
-1.03081e-11
-6.36088e-12
-1.65116e-12
2.06964e-11
-3.14513e-11
3.16223e-11
-3.37557e-11
4.30004e-11
-4.71426e-11
3.24803e-11
-6.60185e-12
-4.38602e-12
-1.58019e-11
5.0962e-11
-6.56117e-11
4.1541e-11
1.52488e-12
-2.60343e-11
1.48967e-11
1.3109e-11
-2.68013e-11
1.54984e-11
4.77554e-12
-1.54829e-11
1.71766e-11
-2.31922e-11
3.62359e-11
-4.13163e-11
2.57731e-11
-1.08457e-12
-4.52394e-12
-2.21423e-11
6.00561e-11
-7.28607e-11
4.71718e-11
-7.25362e-12
-1.07463e-11
-3.82858e-12
2.88768e-11
-3.73914e-11
2.61536e-11
-1.24395e-11
7.84234e-12
-4.15212e-12
-1.07617e-11
3.07739e-11
-3.43598e-11
1.2548e-11
1.41405e-11
-1.38887e-11
-2.02934e-11
5.98335e-11
-6.92304e-11
4.3443e-11
-1.11018e-11
1.95776e-12
-1.65596e-11
3.22572e-11
-3.34802e-11
2.76335e-11
-2.86432e-11
3.34018e-11
-2.43665e-11
-4.03925e-12
3.08359e-11
-2.89857e-11
-1.56111e-12
2.87057e-11
-2.14716e-11
-1.65636e-11
5.11396e-11
-5.53494e-11
3.54665e-11
-1.8664e-11
1.8666e-11
-2.49753e-11
2.27421e-11
-1.69104e-11
2.36717e-11
-4.47456e-11
5.66484e-11
-3.78e-11
-3.41567e-12
3.11607e-11
-2.1807e-11
-1.12217e-11
3.06349e-11
-1.78686e-11
-1.20527e-11
3.07891e-11
-3.19465e-11
3.00492e-11
-3.68677e-11
4.12688e-11
-2.87539e-11
4.98699e-12
2.28189e-12
2.12629e-11
-5.68841e-11
6.71898e-11
-3.98544e-11
-8.57415e-13
1.91691e-11
-8.62137e-12
-8.58627e-12
1.01973e-11
-9.03529e-13
-3.06259e-12
-4.7516e-13
-6.48601e-12
3.28139e-11
-6.03682e-11
5.95969e-11
-2.73811e-11
-5.49597e-12
6.10712e-12
2.3715e-11
-5.13589e-11
5.16296e-11
-3.16438e-11
1.58417e-11
-1.17845e-11
6.16223e-12
1.14917e-11
-2.6443e-11
1.8802e-11
8.74443e-12
-2.37791e-11
3.87358e-12
3.89757e-11
-6.52379e-11
5.65912e-11
-2.84088e-11
1.32755e-11
-1.65325e-11
2.31143e-11
-1.76281e-11
1.33594e-11
-2.33084e-11
4.28446e-11
-4.13285e-11
9.17689e-12
3.34805e-11
-4.69297e-11
2.63622e-11
3.06677e-12
-6.92035e-12
-1.0859e-11
2.93773e-11
-3.1667e-11
3.2915e-11
-4.33068e-11
5.61093e-11
-4.4977e-11
1.1155e-11
1.89091e-11
-1.34941e-11
-1.76319e-11
4.06511e-11
-2.95491e-11
-3.93103e-13
2.17365e-11
-2.47376e-11
2.67909e-11
-3.81591e-11
4.55806e-11
-3.10651e-11
2.67088e-12
7.12516e-12
1.65918e-11
-5.34159e-11
6.36736e-11
-4.07137e-11
7.1204e-12
5.84434e-12
-5.19863e-12
6.07538e-12
-1.89386e-11
1.96725e-11
-4.65669e-12
-1.47894e-11
1.92053e-12
3.4249e-11
-6.90667e-11
6.31357e-11
-3.55309e-11
8.54961e-12
-1.03373e-11
1.40993e-11
-1.35688e-11
1.74544e-12
-1.07657e-11
2.56543e-11
-3.30191e-11
3.32061e-13
3.94174e-11
-6.27559e-11
4.25034e-11
-1.8453e-11
6.36685e-12
-2.0065e-11
2.34115e-11
-2.1724e-11
1.82438e-11
-3.79643e-11
5.15745e-11
-4.21411e-11
-1.44907e-12
3.52668e-11
-3.8895e-11
1.33943e-11
1.15435e-12
4.45504e-12
-1.82671e-11
1.93677e-11
-1.76712e-11
3.23241e-11
-5.73686e-11
6.61196e-11
-3.63914e-11
-3.18521e-12
2.38542e-11
-6.17281e-12
-1.02979e-11
1.50425e-11
2.45873e-12
-2.42935e-12
5.48979e-12
-9.53928e-12
4.70197e-11
-6.52231e-11
6.43803e-11
-1.90607e-11
-5.22355e-13
6.71165e-12
2.24064e-11
-1.91969e-11
2.13288e-11
-5.94304e-12
2.38047e-11
-9.25952e-12
-8.16972e-12
5.88356e-11
-5.85294e-11
4.68424e-11
-3.38308e-12
9.32761e-12
-1.11263e-11
3.25767e-11
-1.52993e-11
2.57075e-11
-2.71324e-11
4.74491e-11
-1.582e-11
-1.72106e-11
5.6388e-11
-4.00368e-11
2.32166e-11
-4.64148e-12
1.9895e-11
-2.02665e-11
1.86824e-11
-1.33335e-11
3.50405e-11
-5.68007e-11
5.14828e-11
-1.42477e-11
-2.6969e-11
3.14648e-11
-2.33628e-11
8.92901e-12
-2.44571e-11
1.61217e-11
-1.52033e-11
-6.18199e-12
-2.86366e-11
4.61329e-11
-7.71894e-11
3.21858e-11
-1.77568e-11
-2.25753e-11
-4.18325e-12
-2.57584e-11
1.07207e-11
-4.24597e-11
-8.41806e-12
-4.97105e-12
-1.65572e-11
-5.50183e-11
4.49427e-11
-7.35076e-11
1.29409e-11
-3.80404e-11
-3.55559e-12
-1.99593e-11
-4.49345e-11
1.69404e-11
-3.4612e-11
-3.14077e-11
-5.63392e-12
-1.97676e-12
-5.9993e-11
2.85062e-11
-5.47977e-11
2.63236e-11
-5.96617e-11
1.28204e-11
5.16148e-13
-4.79387e-11
1.59508e-11
-6.55769e-12
-1.56654e-11
-1.15803e-11
1.77429e-11
-2.20452e-11
2.43745e-11
-4.21703e-11
6.94757e-11
-4.67926e-11
2.20062e-11
3.12762e-11
-8.90439e-12
2.49549e-11
9.5553e-12
3.79909e-11
7.37968e-12
2.48192e-11
2.80756e-11
5.7373e-11
-2.96612e-11
9.79855e-11
-5.73437e-13
4.82144e-11
3.74121e-11
3.88784e-11
6.53558e-11
6.03381e-12
7.57588e-11
4.7716e-11
3.68353e-11
4.08374e-11
8.99164e-11
3.98796e-12
8.92723e-11
1.8381e-11
8.88557e-11
2.80568e-11
3.71812e-11
9.69951e-11
4.94083e-12
6.66385e-11
4.26296e-11
5.77048e-11
2.07481e-11
5.74799e-11
2.47368e-11
6.62363e-11
-2.14552e-11
7.68837e-11
1.55468e-11
-4.63536e-12
5.26745e-11
-1.60659e-11
4.26988e-11
-3.78233e-11
3.08361e-11
-8.59497e-12
-2.00616e-11
-2.64273e-11
1.73992e-11
-6.76508e-11
-1.20521e-11
-4.1962e-11
-4.32627e-11
-3.5934e-11
-9.93737e-11
7.18655e-12
-1.20493e-10
-5.12936e-11
-7.70205e-11
-7.50753e-11
-9.99157e-11
-8.69376e-11
-9.34879e-11
-8.9832e-11
-1.30043e-10
-9.54885e-11
-8.41281e-11
-1.7058e-10
-6.25683e-11
-1.59468e-10
-8.34408e-11
-1.57691e-10
-1.10162e-10
-1.02235e-10
-1.5564e-10
-1.10981e-10
-1.11392e-10
-1.24626e-10
-1.31545e-10
-9.35186e-11
-1.29409e-10
-7.68284e-11
-1.58395e-10
-3.50326e-11
-1.24364e-10
-9.28747e-11
-5.44311e-11
-9.33719e-11
-3.72704e-11
-9.46478e-11
-1.07193e-11
-4.68957e-11
-3.62729e-11
-2.3026e-11
2.6397e-11
-3.729e-11
4.07959e-11
1.09489e-11
5.27557e-11
4.70944e-11
2.73021e-11
1.38254e-10
2.45829e-11
1.29872e-10
9.39965e-11
1.37116e-10
1.22252e-10
1.35679e-10
1.73114e-10
1.68113e-10
1.54432e-10
2.02474e-10
2.13901e-10
1.69504e-10
2.52698e-10
1.84264e-10
2.84075e-10
1.84282e-10
2.65395e-10
2.69386e-10
2.17944e-10
2.82574e-10
2.40385e-10
2.89511e-10
2.35603e-10
2.69436e-10
2.67371e-10
2.70775e-10
2.16107e-10
2.96096e-10
2.23828e-10
2.45978e-10
2.3205e-10
2.11666e-10
2.6178e-10
1.35337e-10
2.49907e-10
1.57292e-10
1.74595e-10
1.45504e-10
1.39132e-10
1.39952e-10
8.30215e-11
8.79404e-11
8.5258e-11
4.7443e-11
2.318e-12
4.8861e-11
-4.64127e-11
4.34648e-12
-1.03935e-10
-3.85484e-11
-9.88894e-11
-1.61269e-10
-1.01164e-10
-2.02997e-10
-1.57595e-10
-2.54515e-10
-2.13135e-10
-2.56483e-10
-2.96719e-10
-3.12081e-10
-3.02596e-10
-3.64695e-10
-3.70345e-10
-3.85514e-10
-4.13337e-10
-4.00828e-10
-5.05782e-10
-3.95399e-10
-5.20255e-10
-4.79944e-10
-5.1299e-10
-5.26698e-10
-5.00874e-10
-5.96206e-10
-5.12263e-10
-5.72488e-10
-5.66117e-10
-5.86237e-10
-5.58207e-10
-5.85992e-10
-5.73539e-10
-6.02075e-10
-5.43415e-10
-5.79284e-10
-5.93875e-10
-5.13628e-10
-5.89036e-10
-4.8974e-10
-5.79549e-10
-4.65556e-10
-4.91266e-10
-5.01349e-10
-4.18998e-10
-4.48978e-10
-3.72286e-10
-4.0783e-10
-3.25934e-10
-3.06193e-10
-2.80598e-10
-2.63096e-10
-1.70785e-10
-1.80301e-10
-1.12731e-10
-8.18168e-11
-2.61735e-11
5.73607e-11
1.17442e-11
1.92352e-10
1.49711e-10
2.69831e-10
2.89808e-10
3.65387e-10
4.76109e-10
4.51726e-10
6.04745e-10
6.31483e-10
7.31767e-10
7.72401e-10
8.73408e-10
9.51364e-10
1.03067e-09
1.07444e-09
1.20715e-09
1.26856e-09
1.32331e-09
1.4507e-09
1.4729e-09
1.64597e-09
1.60456e-09
1.77769e-09
1.82609e-09
1.87759e-09
1.99129e-09
1.99491e-09
2.15953e-09
2.12006e-09
2.23048e-09
2.2761e-09
2.32194e-09
2.35271e-09
2.38281e-09
2.42851e-09
2.441e-09
2.42973e-09
2.43546e-09
2.46947e-09
2.37309e-09
2.41311e-09
2.29974e-09
2.32252e-09
2.1935e-09
2.10299e-09
2.07986e-09
1.87259e-09
1.83515e-09
1.59679e-09
1.52948e-09
1.30842e-09
1.09479e-09
9.34153e-10
6.6897e-10
4.58577e-10
1.48914e-10
-8.87774e-11
-3.93997e-10
-7.11137e-10
-1.06818e-09
-1.35741e-09
-1.76667e-09
-2.11896e-09
-2.53038e-09
-2.92337e-09
-3.30052e-09
-3.82663e-09
-4.14806e-09
-4.68244e-09
-5.06593e-09
-5.5733e-09
-6.02686e-09
-6.42037e-09
-6.98366e-09
-7.34711e-09
-7.86348e-09
-8.24067e-09
-8.71408e-09
-9.13271e-09
-9.48886e-09
-9.89786e-09
-1.02465e-08
-1.05842e-08
-1.08563e-08
-1.11431e-08
-1.13653e-08
-1.15853e-08
-1.16624e-08
-1.18398e-08
-1.18509e-08
-1.18617e-08
-1.18071e-08
-1.16523e-08
-1.1572e-08
-1.12018e-08
-1.09904e-08
-1.05496e-08
-1.01293e-08
-9.59828e-09
-8.93109e-09
-8.3531e-09
-7.48868e-09
-6.70636e-09
-5.73005e-09
-4.75827e-09
-3.66666e-09
-2.45164e-09
-1.23982e-09
1.05196e-10
1.50768e-09
3.01671e-09
4.54554e-09
6.1806e-09
7.84775e-09
9.65319e-09
1.13873e-08
1.32735e-08
1.51674e-08
1.70842e-08
1.90829e-08
2.09691e-08
2.30824e-08
2.49803e-08
2.70186e-08
2.89667e-08
3.09003e-08
3.28752e-08
3.46126e-08
3.65184e-08
3.81651e-08
3.98495e-08
4.13524e-08
4.2761e-08
4.41243e-08
4.52129e-08
4.62643e-08
4.70741e-08
4.77791e-08
4.82296e-08
4.84925e-08
4.85552e-08
4.84017e-08
4.79612e-08
4.72991e-08
4.639e-08
4.51826e-08
4.37377e-08
4.19038e-08
3.99424e-08
3.75233e-08
3.4896e-08
3.19179e-08
2.86245e-08
2.51223e-08
2.11086e-08
1.70193e-08
1.24444e-08
7.70431e-09
2.59964e-09
-2.806e-09
-8.33459e-09
-1.43213e-08
-2.03598e-08
-2.6775e-08
-3.32629e-08
-3.99932e-08
-4.69266e-08
-5.38845e-08
-6.10512e-08
-6.82042e-08
-7.55046e-08
-8.27393e-08
-8.99722e-08
-9.71646e-08
-1.04273e-07
-1.11223e-07
-1.18005e-07
-1.2459e-07
-1.30918e-07
-1.36962e-07
-1.42589e-07
-1.4796e-07
-1.52781e-07
-1.57222e-07
-1.61064e-07
-1.64384e-07
-1.67162e-07
-1.69134e-07
-1.70603e-07
-1.71167e-07
-1.71137e-07
-1.70174e-07
-1.68388e-07
-1.6584e-07
-1.62225e-07
-1.57877e-07
-1.52366e-07
-1.46082e-07
-1.38719e-07
-1.30338e-07
-1.21046e-07
-1.10617e-07
-9.93614e-08
-8.69154e-08
-7.36132e-08
-5.9301e-08
-4.4035e-08
-2.78851e-08
-1.07621e-08
7.08474e-09
2.5823e-08
4.52714e-08
6.54446e-08
8.6211e-08
1.07545e-07
1.29385e-07
1.51633e-07
1.74175e-07
1.96945e-07
2.19893e-07
2.42817e-07
2.65725e-07
2.88353e-07
3.10803e-07
3.32756e-07
3.54179e-07
3.74976e-07
3.94907e-07
4.14072e-07
4.31993e-07
4.48905e-07
4.64419e-07
4.78536e-07
4.91122e-07
5.01881e-07
5.11049e-07
5.18068e-07
5.23207e-07
5.26063e-07
5.26702e-07
5.25052e-07
5.20763e-07
5.14137e-07
5.04696e-07
4.92748e-07
4.7793e-07
4.60326e-07
4.39994e-07
4.16663e-07
3.90631e-07
3.61551e-07
3.29779e-07
2.95121e-07
2.57664e-07
2.17547e-07
1.74691e-07
1.29413e-07
8.15426e-08
3.14142e-08
-2.09399e-08
-7.53303e-08
-1.31589e-07
-1.89612e-07
-2.49066e-07
-3.09848e-07
-3.71671e-07
-4.34361e-07
-4.97587e-07
-5.61121e-07
-6.24675e-07
-6.88002e-07
-7.50744e-07
-8.12596e-07
-8.733e-07
-9.32459e-07
-9.8985e-07
-1.04497e-06
-1.09767e-06
-1.1475e-06
-1.19416e-06
-1.23733e-06
-1.27658e-06
-1.31182e-06
-1.34243e-06
-1.36837e-06
-1.38913e-06
-1.40456e-06
-1.41441e-06
-1.41821e-06
-1.41605e-06
-1.40737e-06
-1.39229e-06
-1.37039e-06
-1.34161e-06
-1.30594e-06
-1.26302e-06
-1.21313e-06
-1.15584e-06
-1.09152e-06
-1.01997e-06
-9.41286e-07
-8.55696e-07
-7.63056e-07
-6.63952e-07
-5.58133e-07
-4.46197e-07
-3.28236e-07
-2.046e-07
-7.5792e-08
5.81377e-08
1.96323e-07
3.38703e-07
4.84473e-07
6.33289e-07
7.84592e-07
9.37572e-07
1.09196e-06
1.24672e-06
1.40156e-06
1.55548e-06
1.7079e-06
1.85817e-06
2.00532e-06
2.14889e-06
2.28777e-06
2.42152e-06
2.54918e-06
2.67001e-06
2.78332e-06
2.8882e-06
2.98418e-06
3.07023e-06
3.14588e-06
3.21032e-06
3.26297e-06
3.30326e-06
3.33043e-06
3.34418e-06
3.34381e-06
3.32905e-06
3.29938e-06
3.25448e-06
3.19417e-06
3.11808e-06
3.0262e-06
2.91829e-06
2.79447e-06
2.65474e-06
2.49918e-06
2.32806e-06
2.14158e-06
1.94021e-06
1.72425e-06
1.49428e-06
1.25087e-06
9.94694e-07
7.26519e-07
4.47081e-07
1.57355e-07
-1.41746e-07
-4.49126e-07
-7.63756e-07
-1.08444e-06
-1.40994e-06
-1.73897e-06
-2.0702e-06
-2.40228e-06
-2.73373e-06
-3.06311e-06
-3.3889e-06
-3.70962e-06
-4.0237e-06
-4.32956e-06
-4.62567e-06
-4.91045e-06
-5.18239e-06
-5.43986e-06
-5.6814e-06
-5.9055e-06
-6.11073e-06
-6.29567e-06
-6.45892e-06
-6.59926e-06
-6.7154e-06
-6.80624e-06
-6.87064e-06
-6.90764e-06
-6.9164e-06
-6.89607e-06
-6.84603e-06
-6.76563e-06
-6.65452e-06
-6.51234e-06
-6.33889e-06
-6.13412e-06
-5.89809e-06
-5.6311e-06
-5.33342e-06
-5.00242e-06
-4.56537e-06
-3.85236e-06
-2.73186e-06
-1.38801e-06
-3.94081e-07
-4.0523e-08
1.80476e-09
0
