0
2.53368e-16
3.61022e-15
2.44542e-14
4.06371e-14
7.62409e-14
1.92599e-12
-1.14002e-11
3.00532e-11
-4.53082e-11
4.60913e-11
-3.61478e-11
2.49776e-11
-1.85767e-11
1.8066e-11
-2.36417e-11
3.51716e-11
-4.88811e-11
5.55436e-11
-4.65652e-11
2.20095e-11
7.75489e-12
-3.03355e-11
3.99433e-11
-3.89559e-11
3.21576e-11
-2.31898e-11
1.5645e-11
-1.52115e-11
2.58365e-11
-4.40855e-11
5.8535e-11
-5.82254e-11
4.11275e-11
-1.50802e-11
-9.90884e-12
2.78739e-11
-3.72481e-11
3.72793e-11
-2.85414e-11
1.59698e-11
-9.29615e-12
1.60689e-11
-3.459e-11
5.38067e-11
-6.21575e-11
5.53709e-11
-3.72215e-11
1.3747e-11
1.00097e-11
-2.92647e-11
3.80529e-11
-3.31502e-11
1.89094e-11
-6.98414e-12
7.78294e-12
-2.24824e-11
4.25349e-11
-5.75202e-11
6.16643e-11
-5.44975e-11
3.71738e-11
-1.21623e-11
-1.4451e-11
3.26311e-11
-3.48411e-11
2.29104e-11
-8.23785e-12
2.86197e-12
-1.09003e-11
2.74078e-11
-4.48429e-11
5.78107e-11
-6.28136e-11
5.58682e-11
-3.50827e-11
5.4768e-12
2.04892e-11
-3.12341e-11
2.51167e-11
-1.16012e-11
2.41811e-12
-3.13645e-12
1.22406e-11
-2.66456e-11
4.39273e-11
-5.96477e-11
6.51619e-11
-5.32069e-11
2.60023e-11
3.40206e-12
-2.09934e-11
2.2441e-11
-1.44428e-11
5.93441e-12
-1.18967e-12
9.14372e-13
-7.44278e-12
2.34687e-11
-4.56175e-11
6.19101e-11
-6.04673e-11
4.05527e-11
-1.4093e-11
-5.44112e-12
1.34613e-11
-1.39918e-11
1.09168e-11
-4.43667e-12
-4.13568e-12
7.35974e-12
2.87614e-12
-2.52117e-11
4.64805e-11
-5.30498e-11
4.28515e-11
-2.54599e-11
1.04377e-11
3.34066e-13
-9.05268e-12
1.37692e-11
-9.48413e-12
-3.16062e-12
1.36387e-11
-1.06906e-11
-5.80333e-12
2.39648e-11
-3.24212e-11
3.03304e-11
-2.45971e-11
1.89277e-11
-1.07552e-11
-1.59635e-12
1.20318e-11
-1.19522e-11
8.84489e-13
1.08638e-11
-1.29138e-11
5.24612e-12
3.28941e-12
-6.5434e-12
6.8463e-12
-9.39378e-12
1.31466e-11
-1.18864e-11
3.07462e-12
6.94207e-12
-9.70059e-12
4.04016e-12
2.93141e-12
-5.15794e-12
4.28777e-12
-6.35797e-12
1.2612e-11
-1.75006e-11
1.53704e-11
-7.84297e-12
1.72922e-12
-1.35458e-12
4.16616e-12
-5.39641e-12
4.15741e-12
-3.82451e-12
5.82324e-12
-6.23926e-12
-7.13682e-13
1.52985e-11
-3.06663e-11
3.83362e-11
-3.57045e-11
2.68565e-11
-1.77081e-11
1.07251e-11
-5.64115e-12
2.91647e-12
-5.02133e-12
1.21653e-11
-1.88129e-11
1.59218e-11
7.54164e-13
-2.56282e-11
4.66606e-11
-5.52125e-11
5.13884e-11
-4.10497e-11
2.8642e-11
-1.57476e-11
4.90235e-12
-2.02442e-12
1.07205e-11
-2.53414e-11
3.2108e-11
-2.07762e-11
-5.88048e-12
3.44768e-11
-5.33964e-11
6.02817e-11
-5.86078e-11
4.974e-11
-3.31953e-11
1.32067e-11
-1.01418e-12
5.46836e-12
-2.25652e-11
3.65623e-11
-3.41151e-11
1.52697e-11
9.28983e-12
-3.04431e-11
4.61531e-11
-5.66225e-11
5.79692e-11
-4.59415e-11
2.43304e-11
-6.26278e-12
3.16887e-12
-1.40991e-11
2.68402e-11
-3.02495e-11
2.28669e-11
-1.04465e-11
-2.87743e-12
1.70914e-11
-3.16787e-11
4.13037e-11
-3.98781e-11
2.76337e-11
-1.29825e-11
5.19036e-12
-6.55316e-12
1.14514e-11
-1.34434e-11
1.11965e-11
-8.23684e-12
7.1293e-12
-6.30147e-12
2.19195e-12
5.3302e-12
-1.19639e-11
1.30345e-11
-8.87753e-12
4.14081e-12
-2.35485e-12
1.40185e-12
3.14049e-12
-1.11703e-11
1.56285e-11
-9.56891e-12
-5.7029e-12
2.04323e-11
-2.60216e-11
2.25963e-11
-1.68013e-11
1.26739e-11
-8.67378e-12
3.37739e-12
-1.66107e-12
1.02845e-11
-2.79072e-11
4.19305e-11
-3.91815e-11
1.84154e-11
8.65091e-12
-2.92561e-11
3.93371e-11
-4.2088e-11
3.94595e-11
-3.03007e-11
1.62968e-11
-6.4931e-12
1.07426e-11
-2.91257e-11
4.91627e-11
-5.59736e-11
4.40654e-11
-2.0015e-11
-5.66543e-12
2.62975e-11
-4.01349e-11
4.61279e-11
-4.28315e-11
3.12957e-11
-1.82124e-11
1.27812e-11
-1.97702e-11
3.44516e-11
-4.59187e-11
4.53712e-11
-3.28936e-11
1.56405e-11
-6.77766e-13
-1.07075e-11
2.06019e-11
-2.88742e-11
3.1432e-11
-2.59443e-11
1.66751e-11
-1.18329e-11
1.44526e-11
-1.89181e-11
1.75489e-11
-1.05416e-11
5.75257e-12
-8.9239e-12
1.55875e-11
-1.59695e-11
6.27413e-12
6.67651e-12
-1.36682e-11
1.24875e-11
-7.92652e-12
3.13534e-12
4.25859e-12
-1.67685e-11
2.92986e-11
-3.13674e-11
1.72811e-11
6.48444e-12
-2.62621e-11
3.22546e-11
-2.53586e-11
1.35239e-11
-4.39776e-12
1.13862e-12
-4.44096e-12
1.47204e-11
-3.14323e-11
4.96229e-11
-5.99344e-11
5.35582e-11
-3.00744e-11
-3.66424e-13
2.32359e-11
-3.06459e-11
2.60647e-11
-1.93085e-11
1.66451e-11
-1.76588e-11
2.01292e-11
-2.57076e-11
3.69535e-11
-5.05525e-11
5.64268e-11
-4.72157e-11
2.67366e-11
-7.34903e-12
-2.60451e-12
5.87935e-12
-1.08085e-11
1.98425e-11
-2.71814e-11
2.65772e-11
-1.95852e-11
1.33596e-11
-1.25113e-11
1.46869e-11
-1.5451e-11
1.43211e-11
-1.49405e-11
1.88335e-11
-2.18091e-11
1.69278e-11
-2.23633e-12
-1.56692e-11
2.53854e-11
-1.97752e-11
1.42088e-12
1.93318e-11
-3.2736e-11
3.55227e-11
-3.01341e-11
1.90062e-11
-2.96944e-12
-1.51091e-11
2.69977e-11
-2.43889e-11
8.166e-12
8.69212e-12
-1.13659e-11
-3.86304e-12
2.69838e-11
-4.51754e-11
5.33982e-11
-5.45374e-11
5.09999e-11
-4.10366e-11
2.3361e-11
-3.3301e-12
-9.90552e-12
1.19531e-11
-8.0144e-12
7.27207e-12
-1.40521e-11
2.42006e-11
-3.06133e-11
3.04935e-11
-2.78565e-11
2.84697e-11
-3.37323e-11
3.86112e-11
-3.65566e-11
2.56391e-11
-1.04943e-11
-2.91024e-12
1.25073e-11
-1.97733e-11
2.38143e-11
-1.96295e-11
3.92876e-12
1.69164e-11
-2.89984e-11
2.25979e-11
-2.25736e-12
-1.73624e-11
2.45345e-11
-1.91783e-11
8.55713e-12
1.49628e-12
-9.71564e-12
1.44543e-11
-1.08536e-11
-5.13891e-12
2.97409e-11
-5.15975e-11
5.94851e-11
-5.11673e-11
3.4244e-11
-1.95893e-11
1.25898e-11
-1.06836e-11
7.61294e-12
-6.81687e-13
-7.15202e-12
1.13971e-11
-1.24158e-11
1.52102e-11
-2.32399e-11
3.32163e-11
-3.89497e-11
3.88834e-11
-3.81175e-11
4.06054e-11
-4.21335e-11
3.33225e-11
-1.13645e-11
-1.43329e-11
2.91249e-11
-2.62039e-11
1.10267e-11
5.104e-12
-1.4767e-11
1.68521e-11
-1.30338e-11
4.07496e-12
8.65022e-12
-2.06526e-11
2.46424e-11
-1.58213e-11
-3.0567e-12
2.10083e-11
-2.58968e-11
1.35238e-11
8.54352e-12
-2.78087e-11
3.72563e-11
-3.98184e-11
4.17101e-11
-4.39544e-11
4.16622e-11
-3.21879e-11
1.99151e-11
-1.18355e-11
8.95778e-12
-5.80706e-12
-2.098e-12
1.16194e-11
-1.57531e-11
1.24522e-11
-8.58451e-12
1.32936e-11
-2.8935e-11
4.77845e-11
-5.80482e-11
5.24711e-11
-3.34844e-11
1.02922e-11
7.91378e-12
-1.73879e-11
1.87276e-11
-1.30066e-11
1.22176e-13
1.71549e-11
-3.04463e-11
3.00846e-11
-1.51066e-11
-3.65903e-12
1.20946e-11
-5.81121e-12
-7.10286e-12
1.51532e-11
-1.4598e-11
9.97358e-12
-6.39853e-12
3.16725e-12
3.7762e-12
-1.61131e-11
3.04902e-11
-4.19583e-11
4.80616e-11
-5.01822e-11
5.01562e-11
-4.69713e-11
3.6754e-11
-1.8077e-11
-3.37944e-12
1.61392e-11
-1.24748e-11
-3.32933e-12
1.6844e-11
-1.60988e-11
1.24104e-12
1.75156e-11
-3.08221e-11
3.63611e-11
-3.60138e-11
2.96269e-11
-1.56163e-11
-3.7135e-12
1.97105e-11
-2.33713e-11
1.28312e-11
4.57943e-12
-1.85551e-11
2.36201e-11
-2.28985e-11
2.37796e-11
-3.0286e-11
3.82867e-11
-3.95389e-11
3.01701e-11
-1.57846e-11
6.14912e-12
-5.76253e-12
1.01138e-11
-1.23241e-11
1.02266e-11
-6.02686e-12
-2.89169e-13
1.26393e-11
-3.31474e-11
5.53411e-11
-6.67266e-11
5.86393e-11
-3.44542e-11
7.22653e-12
9.56305e-12
-1.10508e-11
2.33583e-12
6.98282e-12
-1.12032e-11
1.15394e-11
-1.23723e-11
1.45901e-11
-1.48776e-11
1.08038e-11
-5.71146e-12
5.35751e-12
-1.07017e-11
1.56765e-11
-1.46678e-11
9.60588e-12
-8.08088e-12
1.34535e-11
-1.95663e-11
1.54025e-11
4.16332e-12
-3.31004e-11
5.7989e-11
-6.77856e-11
6.04328e-11
-4.30058e-11
2.52333e-11
-1.29627e-11
6.14247e-12
-3.27236e-12
4.91529e-12
-1.19083e-11
2.01586e-11
-2.15605e-11
1.14568e-11
4.70212e-12
-1.54142e-11
1.38567e-11
-4.50334e-12
-2.63306e-12
2.38372e-12
9.95725e-13
3.74241e-13
-9.81249e-12
2.2202e-11
-2.80107e-11
2.0481e-11
-1.10213e-12
-2.21197e-11
4.08079e-11
-5.17167e-11
5.55506e-11
-5.2658e-11
4.14828e-11
-2.36168e-11
7.34233e-12
-3.14119e-12
1.31851e-11
-2.78552e-11
3.34425e-11
-2.43218e-11
6.5747e-12
8.48517e-12
-1.44603e-11
1.33669e-11
-1.17862e-11
1.35717e-11
-1.65898e-11
1.48578e-11
-5.14198e-12
-9.14089e-12
2.02635e-11
-2.34726e-11
1.9758e-11
-1.19671e-11
-4.9668e-13
1.95316e-11
-4.20428e-11
5.77665e-11
-5.7073e-11
4.04206e-11
-1.97524e-11
8.7895e-12
-1.26853e-11
2.51342e-11
-3.4856e-11
3.41536e-11
-2.41472e-11
1.20438e-11
-3.96707e-12
-6.64343e-13
6.48586e-12
-1.54565e-11
2.33229e-11
-2.44953e-11
1.83471e-11
-9.68215e-12
2.0363e-12
6.02936e-12
-1.71166e-11
2.79961e-11
-3.00031e-11
1.63741e-11
1.01342e-11
-3.76946e-11
5.2759e-11
-4.97641e-11
3.47657e-11
-2.08013e-11
1.7308e-11
-2.34651e-11
3.05367e-11
-3.16783e-11
2.77932e-11
-2.42677e-11
2.27654e-11
-1.96847e-11
1.15743e-11
-3.50776e-13
-9.07885e-12
1.40681e-11
-1.65278e-11
1.91351e-11
-2.10784e-11
1.73e-11
-3.4709e-12
-1.84113e-11
3.80282e-11
-4.25959e-11
2.6564e-11
2.08085e-12
-2.73844e-11
3.80964e-11
-3.59493e-11
3.06617e-11
-2.94011e-11
3.13503e-11
-3.20144e-11
2.93169e-11
-2.55634e-11
2.37382e-11
-2.42648e-11
2.46339e-11
-2.24482e-11
1.76487e-11
-1.27874e-11
9.62873e-12
-6.12657e-12
-2.50415e-12
1.67139e-11
-2.83666e-11
2.56953e-11
-5.11001e-12
-2.36164e-11
4.39744e-11
-4.57383e-11
3.12481e-11
-1.14195e-11
-4.15842e-12
1.30006e-11
-1.8972e-11
2.6413e-11
-3.54574e-11
4.14267e-11
-4.00861e-11
3.25042e-11
-2.44191e-11
1.96882e-11
-1.71747e-11
1.41867e-11
-1.20198e-11
1.46406e-11
-2.26558e-11
2.95405e-11
-2.6557e-11
1.10375e-11
9.39065e-12
-2.18468e-11
1.72404e-11
2.66467e-12
-2.6328e-11
4.04827e-11
-4.04832e-11
3.25713e-11
-2.62208e-11
2.37233e-11
-1.93003e-11
6.83383e-12
1.24751e-11
-3.13099e-11
4.25216e-11
-4.41652e-11
3.84229e-11
-2.84745e-11
1.63911e-11
-4.2415e-12
-4.83378e-12
6.43122e-12
2.06466e-12
-1.76178e-11
3.0422e-11
-3.07514e-11
1.80562e-11
-3.08063e-12
-1.7238e-12
-6.93387e-12
2.10353e-11
-2.99427e-11
2.97029e-11
-2.55812e-11
2.57698e-11
-3.35881e-11
4.37235e-11
-4.62945e-11
3.46356e-11
-1.15362e-11
-1.29689e-11
2.95596e-11
-3.59601e-11
3.4528e-11
-2.69824e-11
1.32445e-11
4.25092e-12
-1.90549e-11
2.42829e-11
-1.84776e-11
6.76343e-12
2.90078e-12
-6.30489e-12
6.07384e-12
-9.36889e-12
2.04161e-11
-3.50995e-11
4.27406e-11
-3.62267e-11
2.00928e-11
-8.0546e-12
1.0536e-11
-2.58685e-11
4.2398e-11
-4.86683e-11
4.09162e-11
-2.42498e-11
7.41752e-12
3.40614e-12
-8.10023e-12
9.68704e-12
-9.51045e-12
5.30059e-12
4.79391e-12
-1.83717e-11
2.96689e-11
-3.53979e-11
3.71106e-11
-3.75534e-11
3.50869e-11
-2.47371e-11
4.0243e-12
2.21145e-11
-4.30368e-11
4.84899e-11
-3.64042e-11
1.56454e-11
-6.83139e-13
-8.58999e-14
-9.22586e-12
1.66521e-11
-1.44795e-11
5.71246e-12
-1.17514e-13
3.97958e-12
-1.48633e-11
2.43417e-11
-2.56707e-11
1.86036e-11
-9.50782e-12
6.16951e-12
-1.19867e-11
2.35897e-11
-3.5318e-11
4.41711e-11
-4.99403e-11
5.08214e-11
-4.31006e-11
2.55177e-11
-3.34323e-12
-1.43489e-11
2.08917e-11
-1.69152e-11
8.88031e-12
-3.54767e-12
1.80092e-12
1.8707e-12
-1.39214e-11
3.33125e-11
-4.93419e-11
4.89264e-11
-2.87597e-11
-8.82353e-13
2.40958e-11
-3.18596e-11
2.66419e-11
-1.81827e-11
1.49057e-11
-1.83316e-11
2.28207e-11
-2.19646e-11
1.51184e-11
-8.23067e-12
7.14747e-12
-1.19983e-11
1.77425e-11
-2.01064e-11
1.87678e-11
-1.59172e-11
1.25086e-11
-8.24128e-12
3.83591e-12
-2.7895e-12
9.20849e-12
-2.45166e-11
4.43283e-11
-5.92179e-11
5.99699e-11
-4.57248e-11
2.56681e-11
-1.14635e-11
6.59082e-12
-4.82492e-12
-2.12782e-12
1.5318e-11
-2.69146e-11
2.59252e-11
-7.70295e-12
-2.10183e-11
4.52685e-11
-5.26585e-11
4.20974e-11
-2.36271e-11
8.68785e-12
-1.2343e-12
-3.07207e-12
9.51086e-12
-1.86162e-11
2.62676e-11
-2.82592e-11
2.33853e-11
-1.45696e-11
6.68006e-12
-3.08071e-12
3.134e-12
-4.811e-12
7.96918e-12
-1.38893e-11
2.08085e-11
-2.34731e-11
1.77798e-11
-6.20166e-12
-3.12955e-12
2.10566e-12
1.07148e-11
-2.87441e-11
4.16364e-11
-4.34356e-11
3.71657e-11
-3.22474e-11
3.49518e-11
-4.14839e-11
4.04845e-11
-2.44915e-11
-2.00161e-12
2.49618e-11
-3.16228e-11
1.89057e-11
4.98889e-12
-2.68815e-11
3.76899e-11
-3.86316e-11
3.75576e-11
-3.9719e-11
4.20579e-11
-3.76074e-11
2.3025e-11
-2.14957e-12
-1.72823e-11
2.84777e-11
-2.93102e-11
2.20947e-11
-1.12391e-11
-4.17873e-14
1.0083e-11
-1.73956e-11
1.92484e-11
-1.39739e-11
3.92315e-12
4.61737e-12
-7.09698e-12
5.07511e-12
-4.70798e-12
1.00332e-11
-1.92247e-11
2.58457e-11
-2.43334e-11
1.50262e-11
-6.04406e-12
7.40239e-12
-2.15668e-11
3.90592e-11
-4.60792e-11
3.61317e-11
-1.53845e-11
-3.05585e-12
8.90198e-12
-1.92069e-12
-9.20931e-12
1.46171e-11
-1.24765e-11
1.03663e-11
-1.79162e-11
3.65393e-11
-5.70867e-11
6.66772e-11
-5.9048e-11
3.82115e-11
-1.44891e-11
-3.14904e-12
1.13778e-11
-1.27186e-11
1.13317e-11
-8.64161e-12
2.07762e-12
1.0384e-11
-2.63148e-11
3.99445e-11
-4.73212e-11
4.78015e-11
-4.22324e-11
3.10285e-11
-1.52202e-11
-2.81405e-12
1.87974e-11
-2.74636e-11
2.48529e-11
-1.26327e-11
-1.53166e-12
9.2196e-12
-8.64252e-12
5.38755e-12
-6.58579e-12
1.34263e-11
-1.98763e-11
1.75808e-11
-3.7961e-12
-1.52021e-11
2.75374e-11
-2.5117e-11
1.07125e-11
3.02842e-12
-4.10983e-12
-8.73796e-12
2.51363e-11
-3.2853e-11
2.75761e-11
-1.54894e-11
7.19232e-12
-9.29407e-12
1.84298e-11
-2.39445e-11
1.75022e-11
-1.95121e-12
-1.09555e-11
1.06357e-11
3.94506e-12
-2.50953e-11
4.23306e-11
-4.93026e-11
4.68554e-11
-4.11765e-11
3.70199e-11
-3.34959e-11
2.60871e-11
-1.30387e-11
-2.20325e-12
1.33789e-11
-1.60379e-11
9.32681e-12
4.27875e-12
-2.11184e-11
3.76191e-11
-5.10378e-11
5.86344e-11
-5.78912e-11
4.76809e-11
-3.06892e-11
1.29163e-11
-1.32793e-13
-6.636e-12
1.03958e-11
-1.36756e-11
1.46322e-11
-8.8273e-12
-6.54931e-12
2.86317e-11
-4.86951e-11
5.61552e-11
-4.67427e-11
2.68436e-11
-9.03396e-12
1.26096e-12
-1.51854e-12
1.42753e-12
5.17417e-12
-1.68858e-11
2.47871e-11
-1.95016e-11
8.88254e-14
2.2561e-11
-3.39253e-11
2.76607e-11
-1.05346e-11
-4.2828e-12
7.50558e-12
-4.02951e-13
-7.27595e-12
5.49027e-12
6.82242e-12
-2.05967e-11
2.44191e-11
-1.51794e-11
6.45796e-13
7.06877e-12
-1.8155e-12
-1.22455e-11
2.41966e-11
-2.53218e-11
1.53143e-11
-2.23179e-12
-4.5157e-12
1.49088e-12
6.37787e-12
-1.14842e-11
1.0712e-11
-7.91135e-12
9.14185e-12
-1.73151e-11
2.97814e-11
-4.03724e-11
4.30365e-11
-3.63338e-11
2.41666e-11
-1.23073e-11
3.48767e-12
2.42935e-12
-5.63562e-12
4.90991e-12
4.6005e-13
-1.0006e-11
2.21706e-11
-3.46772e-11
4.45166e-11
-4.99481e-11
5.09385e-11
-4.74498e-11
3.77492e-11
-2.13381e-11
1.94405e-12
1.32696e-11
-1.85467e-11
1.25233e-11
1.16107e-12
-1.62238e-11
2.74479e-11
-3.47601e-11
4.20402e-11
-5.1618e-11
5.95318e-11
-5.82029e-11
4.29923e-11
-1.73769e-11
-8.30756e-12
2.26198e-11
-2.07344e-11
7.45305e-12
6.70222e-12
-1.46281e-11
1.78589e-11
-2.39439e-11
3.75975e-11
-5.48533e-11
6.46157e-11
-5.74613e-11
3.35038e-11
-3.86099e-12
-1.68113e-11
2.03157e-11
-1.06509e-11
-5.58606e-13
4.39382e-12
-2.43368e-12
3.89673e-12
-1.62421e-11
3.71322e-11
-5.5272e-11
5.80677e-11
-4.16411e-11
1.46436e-11
7.33757e-12
-1.41478e-11
8.1169e-12
-3.01485e-13
-4.69309e-13
-5.56671e-12
9.91401e-12
-3.5115e-12
-1.50637e-11
3.6175e-11
-4.59926e-11
3.78312e-11
-1.79822e-11
-4.62486e-13
7.90541e-12
-4.47663e-12
-1.93541e-12
2.2327e-12
5.74143e-12
-1.48356e-11
1.46643e-11
-2.1113e-12
-1.55704e-11
2.68983e-11
-2.54319e-11
1.33917e-11
2.83785e-13
-6.60192e-12
3.19999e-12
3.45631e-12
-4.66245e-12
-2.22012e-12
1.15554e-11
-1.55572e-11
1.05984e-11
2.06067e-13
-9.4962e-12
1.05733e-11
-3.17034e-12
-6.2181e-12
9.97642e-12
-6.37925e-12
-1.38551e-13
3.54087e-12
-1.1736e-12
-5.13759e-12
1.03625e-11
-1.0431e-11
5.76286e-12
-1.39687e-12
1.89509e-12
-7.35064e-12
1.36166e-11
-1.63962e-11
1.39048e-11
-7.90049e-12
2.15885e-12
3.66624e-15
1.38756e-12
-3.69857e-12
4.53928e-12
-4.30032e-12
4.95193e-12
-8.11389e-12
1.34949e-11
-1.92623e-11
2.26916e-11
-2.21431e-11
1.79928e-11
-1.23695e-11
7.04943e-12
-2.84517e-12
-1.37569e-13
1.45288e-12
-6.67887e-13
-2.5457e-12
7.83247e-12
-1.43489e-11
2.06042e-11
-2.53274e-11
2.76518e-11
-2.73373e-11
2.40934e-11
-1.80105e-11
9.87327e-12
-1.7789e-12
-3.8305e-12
5.13197e-12
-2.14026e-12
-3.76967e-12
1.05968e-11
-1.71349e-11
2.30318e-11
-2.84547e-11
3.26304e-11
-3.37326e-11
2.97269e-11
-2.06414e-11
9.06251e-12
8.39793e-13
-5.931e-12
5.37985e-12
-9.48317e-13
-4.84165e-12
1.0452e-11
-1.64939e-11
2.39919e-11
-3.23466e-11
3.8407e-11
-3.87026e-11
3.17561e-11
-1.96362e-11
6.8226e-12
1.96183e-12
-4.83189e-12
3.24869e-12
-1.92612e-13
-3.16686e-12
7.92335e-12
-1.57984e-11
2.64297e-11
-3.686e-11
4.24524e-11
-3.99712e-11
2.99154e-11
-1.68772e-11
6.07575e-12
-1.36567e-13
-1.91446e-12
2.21695e-12
-1.91438e-12
-1.36674e-13
6.07583e-12
-1.68772e-11
2.99152e-11
-3.99709e-11
4.24521e-11
-3.68597e-11
2.64295e-11
-1.57983e-11
7.92323e-12
-3.16666e-12
-1.92919e-13
3.24904e-12
-4.83214e-12
1.96186e-12
6.82284e-12
-1.96366e-11
3.17566e-11
-3.87031e-11
3.84073e-11
-3.23469e-11
2.39922e-11
-1.64943e-11
1.04524e-11
-4.84197e-12
-9.48192e-13
5.37999e-12
-5.93139e-12
8.40316e-13
9.06197e-12
-2.06409e-11
2.97265e-11
-3.37322e-11
3.263e-11
-2.84544e-11
2.30315e-11
-1.71348e-11
1.05969e-11
-3.7699e-12
-2.13987e-12
5.13146e-12
-3.82995e-12
-1.77942e-12
9.87371e-12
-1.80108e-11
2.40937e-11
-2.73375e-11
2.76519e-11
-2.53274e-11
2.0604e-11
-1.43485e-11
7.832e-12
-2.54517e-12
-6.68388e-13
1.45329e-12
-1.37889e-13
-2.84492e-12
7.04923e-12
-1.23694e-11
1.79929e-11
-2.21434e-11
2.26921e-11
-1.92628e-11
1.34954e-11
-8.11436e-12
4.95229e-12
-4.30061e-12
4.53954e-12
-3.69878e-12
1.38763e-12
3.82321e-15
2.15844e-12
-7.89989e-12
1.39041e-11
-1.63955e-11
1.3616e-11
-7.35023e-12
1.89477e-12
-1.39664e-12
5.76277e-12
-1.04311e-11
1.03628e-11
-5.13807e-12
-1.173e-12
3.54019e-12
-1.37865e-13
-6.3799e-12
9.97699e-12
-6.21851e-12
-3.17017e-12
1.05733e-11
-9.4965e-12
2.0646e-13
1.0598e-11
-1.55569e-11
1.1555e-11
-2.21966e-12
-4.66301e-12
3.45689e-12
3.19956e-12
-6.60177e-12
2.83939e-13
1.33914e-11
-2.54315e-11
2.68981e-11
-1.55704e-11
-2.11126e-12
1.46643e-11
-1.48358e-11
5.74164e-12
2.23251e-12
-1.93534e-12
-4.47654e-12
7.9052e-12
-4.62277e-13
-1.79822e-11
3.78311e-11
-4.59923e-11
3.61746e-11
-1.50633e-11
-3.51187e-12
9.91427e-12
-5.56689e-12
-4.69182e-13
-3.01577e-13
8.11694e-12
-1.41478e-11
7.33753e-12
1.46438e-11
-4.16415e-11
5.80683e-11
-5.52727e-11
3.71329e-11
-1.62426e-11
3.89703e-12
-2.43377e-12
4.39381e-12
-5.58642e-13
-1.06508e-11
2.03156e-11
-1.68113e-11
-3.86072e-12
3.35033e-11
-5.74606e-11
6.4615e-11
-5.48528e-11
3.75973e-11
-2.3944e-11
1.78589e-11
-1.4628e-11
6.70193e-12
7.45338e-12
-2.07346e-11
2.26197e-11
-8.30712e-12
-1.73775e-11
4.29927e-11
-5.82031e-11
5.95317e-11
-5.16177e-11
4.204e-11
-3.47601e-11
2.74482e-11
-1.62241e-11
1.16116e-12
1.25235e-11
-1.85471e-11
1.32699e-11
1.94401e-12
-2.13384e-11
3.77497e-11
-4.74503e-11
5.09389e-11
-4.99483e-11
4.45167e-11
-3.46772e-11
2.21707e-11
-1.00061e-11
4.60102e-13
4.91003e-12
-5.63592e-12
2.42978e-12
3.48721e-12
-1.23069e-11
2.41662e-11
-3.63335e-11
4.30363e-11
-4.03723e-11
2.97814e-11
-1.73152e-11
9.14204e-12
-7.91152e-12
1.07121e-11
-1.14842e-11
6.37788e-12
1.49085e-12
-4.51563e-12
-2.2319e-12
1.53144e-11
-2.53218e-11
2.41965e-11
-1.22454e-11
-1.81551e-12
7.06862e-12
6.46113e-13
-1.51798e-11
2.44195e-11
-2.0597e-11
6.82261e-12
5.49018e-12
-7.27591e-12
-4.02953e-13
7.50556e-12
-4.28274e-12
-1.05348e-11
2.7661e-11
-3.39256e-11
2.25614e-11
8.8509e-14
-1.95014e-11
2.47869e-11
-1.68857e-11
5.17413e-12
1.42759e-12
-1.51866e-12
1.26115e-12
-9.03418e-12
2.68439e-11
-4.67429e-11
5.61554e-11
-4.86952e-11
2.86318e-11
-6.54931e-12
-8.82744e-12
1.46325e-11
-1.36761e-11
1.03964e-11
-6.63665e-12
-1.3218e-13
1.29157e-11
-3.06886e-11
4.76803e-11
-5.78907e-11
5.86341e-11
-5.10378e-11
3.76194e-11
-2.11189e-11
4.27933e-12
9.32624e-12
-1.60374e-11
1.33783e-11
-2.20265e-12
-1.30394e-11
2.60877e-11
-3.34964e-11
3.70202e-11
-4.11768e-11
4.68556e-11
-4.93027e-11
4.23307e-11
-2.50953e-11
3.94488e-12
1.06361e-11
-1.09558e-11
-1.95088e-12
1.75019e-11
-2.39441e-11
1.84292e-11
-9.29337e-12
7.19156e-12
-1.54888e-11
2.75757e-11
-3.28529e-11
2.51363e-11
-8.73805e-12
-4.10982e-12
3.02847e-12
1.07125e-11
-2.51171e-11
2.75377e-11
-1.52025e-11
-3.7957e-12
1.75806e-11
-1.98763e-11
1.34264e-11
-6.58588e-12
5.38755e-12
-8.64243e-12
9.21944e-12
-1.53144e-12
-1.26329e-11
2.48533e-11
-2.7464e-11
1.87977e-11
-2.81435e-12
-1.52199e-11
3.10282e-11
-4.22321e-11
4.78012e-11
-4.73209e-11
3.99445e-11
-2.6315e-11
1.03845e-11
2.07718e-12
-8.64127e-12
1.13314e-11
-1.27184e-11
1.13775e-11
-3.14857e-12
-1.44898e-11
3.82121e-11
-5.90484e-11
6.66773e-11
-5.70866e-11
3.65392e-11
-1.79163e-11
1.03665e-11
-1.24766e-11
1.4617e-11
-9.20905e-12
-1.92106e-12
8.90232e-12
-3.05605e-12
-1.53844e-11
3.61318e-11
-4.60792e-11
3.90592e-11
-2.15667e-11
7.40229e-12
-6.04393e-12
1.5026e-11
-2.43332e-11
2.58456e-11
-1.92246e-11
1.00332e-11
-4.70793e-12
5.07496e-12
-7.09675e-12
4.61715e-12
3.92326e-12
-1.39739e-11
1.92482e-11
-1.73953e-11
1.00827e-11
-4.16312e-14
-1.12392e-11
2.20946e-11
-2.93101e-11
2.84775e-11
-1.72821e-11
-2.14963e-12
2.30249e-11
-3.76072e-11
4.20578e-11
-3.97191e-11
3.75577e-11
-3.86316e-11
3.76898e-11
-2.68811e-11
4.98826e-12
1.89063e-11
-3.16231e-11
2.49618e-11
-2.00135e-12
-2.44918e-11
4.04847e-11
-4.1484e-11
3.49518e-11
-3.22476e-11
3.71662e-11
-4.34361e-11
4.16369e-11
-2.87443e-11
1.07148e-11
2.10584e-12
-3.12979e-12
-6.20144e-12
1.77796e-11
-2.34729e-11
2.08082e-11
-1.38889e-11
7.96869e-12
-4.81059e-12
3.1338e-12
-3.08072e-12
6.68018e-12
-1.45697e-11
2.33853e-11
-2.82592e-11
2.62676e-11
-1.86164e-11
9.5113e-12
-3.0726e-12
-1.23389e-12
8.68767e-12
-2.36271e-11
4.20974e-11
-5.26584e-11
4.52683e-11
-2.10181e-11
-7.70304e-12
2.59251e-11
-2.69143e-11
1.53177e-11
-2.12769e-12
-4.82485e-12
6.59063e-12
-1.14633e-11
2.5668e-11
-4.57248e-11
5.997e-11
-5.92179e-11
4.43282e-11
-2.45164e-11
9.20839e-12
-2.78956e-12
3.83615e-12
-8.2416e-12
1.25089e-11
-1.59174e-11
1.87679e-11
-2.01066e-11
1.77428e-11
-1.19986e-11
7.1477e-12
-8.23078e-12
1.51184e-11
-2.19646e-11
2.28206e-11
-1.83316e-11
1.49057e-11
-1.81827e-11
2.66417e-11
-3.18593e-11
2.40955e-11
-8.82124e-13
-2.87599e-11
4.89265e-11
-4.93419e-11
3.33125e-11
-1.39215e-11
1.8708e-12
1.80075e-12
-3.54752e-12
8.88026e-12
-1.69152e-11
2.08919e-11
-1.4349e-11
-3.34322e-12
2.55178e-11
-4.31008e-11
5.08217e-11
-4.99405e-11
4.41712e-11
-3.53179e-11
2.35897e-11
-1.19867e-11
6.16953e-12
-9.50783e-12
1.86036e-11
-2.56705e-11
2.43415e-11
-1.48629e-11
3.9792e-12
-1.17158e-13
5.71215e-12
-1.44792e-11
1.66518e-11
-9.22561e-12
-8.60227e-14
-6.83217e-13
1.56457e-11
-3.64045e-11
4.84901e-11
-4.3037e-11
2.21146e-11
4.02407e-12
-2.47368e-11
3.50865e-11
-3.75531e-11
3.71105e-11
-3.53979e-11
2.9669e-11
-1.83717e-11
4.79383e-12
5.30063e-12
-9.51032e-12
9.68679e-12
-8.10003e-12
3.40613e-12
7.41736e-12
-2.42496e-11
4.09162e-11
-4.86685e-11
4.23982e-11
-2.58685e-11
1.05357e-11
-8.05414e-12
2.00924e-11
-3.62265e-11
4.27407e-11
-3.50997e-11
2.04163e-11
-9.36891e-12
6.07382e-12
-6.30497e-12
2.90105e-12
6.76302e-12
-1.84771e-11
2.42826e-11
-1.90547e-11
4.25095e-12
1.32444e-11
-2.69823e-11
3.45278e-11
-3.59599e-11
2.95595e-11
-1.2969e-11
-1.1536e-11
3.46354e-11
-4.62943e-11
4.37233e-11
-3.35878e-11
2.57695e-11
-2.55809e-11
2.97027e-11
-2.99427e-11
2.10356e-11
-6.93426e-12
-1.72337e-12
-3.08099e-12
1.80565e-11
-3.07516e-11
3.04223e-11
-1.7618e-11
2.06483e-12
6.43119e-12
-4.83389e-12
-4.24129e-12
1.63908e-11
-2.84743e-11
3.8423e-11
-4.41655e-11
4.2522e-11
-3.13103e-11
1.24753e-11
6.8339e-12
-1.93006e-11
2.37237e-11
-2.6221e-11
3.25712e-11
-4.0483e-11
4.04824e-11
-2.63279e-11
2.66468e-12
1.72403e-11
-2.18467e-11
9.39075e-12
1.10372e-11
-2.65567e-11
2.95403e-11
-2.26557e-11
1.46407e-11
-1.20201e-11
1.41873e-11
-1.71755e-11
1.96889e-11
-2.44196e-11
3.25044e-11
-4.00861e-11
4.14265e-11
-3.54572e-11
2.6413e-11
-1.89721e-11
1.30008e-11
-4.15855e-12
-1.14195e-11
3.12482e-11
-4.57384e-11
4.39745e-11
-2.36166e-11
-5.10987e-12
2.56952e-11
-2.83664e-11
1.67137e-11
-2.50381e-12
-6.12693e-12
9.62906e-12
-1.27876e-11
1.7649e-11
-2.24485e-11
2.46342e-11
-2.42651e-11
2.37383e-11
-2.55633e-11
2.93169e-11
-3.20145e-11
3.13506e-11
-2.94015e-11
3.0662e-11
-3.59493e-11
3.80962e-11
-2.7384e-11
2.08036e-12
2.65645e-11
-4.25965e-11
3.80289e-11
-1.84119e-11
-3.47049e-12
1.72999e-11
-2.10786e-11
1.91354e-11
-1.6528e-11
1.40682e-11
-9.07894e-12
-3.50555e-13
1.1574e-11
-1.96845e-11
2.27655e-11
-2.4268e-11
2.77935e-11
-3.16784e-11
3.05367e-11
-2.3465e-11
1.73079e-11
-2.08011e-11
3.47655e-11
-4.97638e-11
5.27586e-11
-3.76942e-11
1.0134e-11
1.6374e-11
-3.00029e-11
2.7996e-11
-1.71165e-11
6.02911e-12
2.03679e-12
-9.68282e-12
1.83478e-11
-2.44958e-11
2.33232e-11
-1.54567e-11
6.48595e-12
-6.64424e-13
-3.96694e-12
1.20436e-11
-2.4147e-11
3.41534e-11
-3.48559e-11
2.51341e-11
-1.26853e-11
8.78959e-12
-1.97526e-11
4.04209e-11
-5.70732e-11
5.77665e-11
-4.20427e-11
1.95314e-11
-4.96597e-13
-1.1967e-11
1.97576e-11
-2.34721e-11
2.0263e-11
-9.1406e-12
-5.14201e-12
1.48576e-11
-1.65896e-11
1.35716e-11
-1.17863e-11
1.33671e-11
-1.44605e-11
8.48537e-12
6.57457e-12
-2.43218e-11
3.34426e-11
-2.78554e-11
1.31854e-11
-3.14133e-12
7.3423e-12
-2.36167e-11
4.14826e-11
-5.26579e-11
5.55506e-11
-5.17167e-11
4.08078e-11
-2.21195e-11
-1.10247e-12
2.04815e-11
-2.80113e-11
2.22025e-11
-9.81287e-12
3.74376e-13
9.95813e-13
2.38352e-12
-2.63283e-12
-4.50355e-12
1.38569e-11
-1.54144e-11
4.70222e-12
1.14568e-11
-2.15606e-11
2.01587e-11
-1.19085e-11
4.91548e-12
-3.2725e-12
6.14251e-12
-1.29626e-11
2.52332e-11
-4.30056e-11
6.04324e-11
-6.7785e-11
5.79884e-11
-3.30998e-11
4.16299e-12
1.54026e-11
-1.95662e-11
1.34532e-11
-8.08049e-12
9.60544e-12
-1.46674e-11
1.56762e-11
-1.07015e-11
5.35747e-12
-5.71151e-12
1.08039e-11
-1.48778e-11
1.45903e-11
-1.23723e-11
1.15394e-11
-1.12033e-11
6.98306e-12
2.3356e-12
-1.10507e-11
9.56312e-12
7.22644e-12
-3.44542e-11
5.86393e-11
-6.67267e-11
5.53412e-11
-3.31477e-11
1.26398e-11
-2.89804e-13
-6.02615e-12
1.0226e-11
-1.23237e-11
1.01136e-11
-5.76244e-12
6.14904e-12
-1.57845e-11
3.01701e-11
-3.95389e-11
3.82867e-11
-3.02858e-11
2.37794e-11
-2.28983e-11
2.362e-11
-1.85551e-11
4.57948e-12
1.28312e-11
-2.33713e-11
1.97105e-11
-3.71347e-12
-1.56165e-11
2.96271e-11
-3.6014e-11
3.63613e-11
-3.08224e-11
1.75159e-11
1.24073e-12
-1.60986e-11
1.6844e-11
-3.32932e-12
-1.24748e-11
1.61392e-11
-3.37954e-12
-1.80768e-11
3.67538e-11
-4.69711e-11
5.0156e-11
-5.0182e-11
4.80615e-11
-4.19582e-11
3.04901e-11
-1.61131e-11
3.77608e-12
3.16746e-12
-6.39874e-12
9.9737e-12
-1.4598e-11
1.51531e-11
-7.10274e-12
-5.81134e-12
1.20947e-11
-3.65924e-12
-1.51064e-11
3.00845e-11
-3.04464e-11
1.71551e-11
1.21956e-13
-1.30064e-11
1.87273e-11
-1.73876e-11
7.91348e-12
1.02924e-11
-3.34844e-11
5.24709e-11
-5.8048e-11
4.77843e-11
-2.89348e-11
1.32936e-11
-8.58458e-12
1.24525e-11
-1.57535e-11
1.16199e-11
-2.09848e-12
-5.80671e-12
8.95755e-12
-1.18352e-11
1.99148e-11
-3.21877e-11
4.1662e-11
-4.39544e-11
4.17103e-11
-3.98186e-11
3.72564e-11
-2.78087e-11
8.54354e-12
1.35238e-11
-2.58969e-11
2.10086e-11
-3.05723e-12
-1.58207e-11
2.46419e-11
-2.06524e-11
8.65021e-12
4.07501e-12
-1.3034e-11
1.68521e-11
-1.47668e-11
5.10361e-12
1.1027e-11
-2.62041e-11
2.91249e-11
-1.43327e-11
-1.13646e-11
3.33226e-11
-4.21337e-11
4.06058e-11
-3.81179e-11
3.88836e-11
-3.89496e-11
3.3216e-11
-2.32393e-11
1.52095e-11
-1.24152e-11
1.13965e-11
-7.15135e-12
-6.82312e-13
7.61341e-12
-1.06837e-11
1.25898e-11
-1.95892e-11
3.42441e-11
-5.11676e-11
5.94855e-11
-5.15981e-11
2.97415e-11
-5.13937e-12
-1.08532e-11
1.44538e-11
-9.71521e-12
1.49592e-12
8.55734e-12
-1.91783e-11
2.45345e-11
-1.73625e-11
-2.2573e-12
2.2598e-11
-2.89988e-11
1.69169e-11
3.9283e-12
-1.96294e-11
2.38145e-11
-1.97735e-11
1.25074e-11
-2.91019e-12
-1.04945e-11
2.56393e-11
-3.65569e-11
3.86116e-11
-3.37328e-11
2.84701e-11
-2.78567e-11
3.04934e-11
-3.0613e-11
2.42004e-11
-1.4052e-11
7.27216e-12
-8.01451e-12
1.19532e-11
-9.90549e-12
-3.33025e-12
2.33613e-11
-4.1037e-11
5.10003e-11
-5.45377e-11
5.33984e-11
-4.51755e-11
2.69838e-11
-3.86314e-12
-1.13657e-11
8.69191e-12
8.16626e-12
-2.43892e-11
2.6998e-11
-1.51095e-11
-2.96906e-12
1.9006e-11
-3.0134e-11
3.55226e-11
-3.27358e-11
1.93314e-11
1.4213e-12
-1.97754e-11
2.53854e-11
-1.56691e-11
-2.23615e-12
1.69274e-11
-2.18087e-11
1.88333e-11
-1.49405e-11
1.43211e-11
-1.54508e-11
1.46865e-11
-1.25109e-11
1.33595e-11
-1.95852e-11
2.6577e-11
-2.71811e-11
1.9842e-11
-1.08083e-11
5.8795e-12
-2.6049e-12
-7.34867e-12
2.67365e-11
-4.72159e-11
5.64269e-11
-5.05526e-11
3.69536e-11
-2.57078e-11
2.01296e-11
-1.76591e-11
1.6645e-11
-1.93081e-11
2.60641e-11
-3.06455e-11
2.32357e-11
-3.66329e-13
-3.00745e-11
5.35584e-11
-5.99346e-11
4.96229e-11
-3.14323e-11
1.47204e-11
-4.44118e-12
1.13889e-12
-4.39794e-12
1.3524e-11
-2.53587e-11
3.22548e-11
-2.62624e-11
6.48475e-12
1.72809e-11
-3.13672e-11
2.92984e-11
-1.67682e-11
4.25833e-12
3.13555e-12
-7.92663e-12
1.24876e-11
-1.36682e-11
6.67649e-12
6.27416e-12
-1.59695e-11
1.55875e-11
-8.92374e-12
5.7523e-12
-1.05413e-11
1.75485e-11
-1.89178e-11
1.44524e-11
-1.18328e-11
1.66751e-11
-2.59444e-11
3.14322e-11
-2.88744e-11
2.0602e-11
-1.07075e-11
-6.77834e-13
1.56407e-11
-3.28938e-11
4.53714e-11
-4.59189e-11
3.44518e-11
-1.97704e-11
1.27812e-11
-1.82123e-11
3.12956e-11
-4.28314e-11
4.61278e-11
-4.01347e-11
2.62972e-11
-5.66514e-12
-2.00151e-11
4.40653e-11
-5.59736e-11
4.91627e-11
-2.91259e-11
1.07427e-11
-6.49297e-12
1.62967e-11
-3.03007e-11
3.94598e-11
-4.20884e-11
3.93375e-11
-2.92563e-11
8.65119e-12
1.8415e-11
-3.91812e-11
4.19303e-11
-2.79074e-11
1.02848e-11
-1.66134e-12
3.37746e-12
-8.67361e-12
1.26735e-11
-1.68008e-11
2.25959e-11
-2.60211e-11
2.04319e-11
-5.7026e-12
-9.56898e-12
1.56283e-11
-1.11699e-11
3.14014e-12
1.40197e-12
-2.35466e-12
4.14045e-12
-8.87713e-12
1.30341e-11
-1.19635e-11
5.32983e-12
2.19217e-12
-6.30138e-12
7.1289e-12
-8.23633e-12
1.11961e-11
-1.34433e-11
1.14515e-11
-6.55332e-12
5.19056e-12
-1.29828e-11
2.7634e-11
-3.98783e-11
4.13037e-11
-3.16783e-11
1.70909e-11
-2.877e-12
-1.04468e-11
2.28671e-11
-3.02496e-11
2.68402e-11
-1.40991e-11
3.16877e-12
-6.26274e-12
2.43305e-11
-4.59417e-11
5.79694e-11
-5.66228e-11
4.61533e-11
-3.04433e-11
9.28994e-12
1.52696e-11
-3.4115e-11
3.65622e-11
-2.25649e-11
5.46811e-12
-1.01398e-12
1.32066e-11
-3.31953e-11
4.974e-11
-5.86078e-11
6.02818e-11
-5.33965e-11
3.44768e-11
-5.88032e-12
-2.07765e-11
3.21083e-11
-2.53417e-11
1.07206e-11
-2.02452e-12
4.90239e-12
-1.57475e-11
2.86418e-11
-4.10495e-11
5.13882e-11
-5.52124e-11
4.66607e-11
-2.56284e-11
7.54464e-13
1.59215e-11
-1.88126e-11
1.21652e-11
-5.0213e-12
2.91658e-12
-5.64137e-12
1.07254e-11
-1.77084e-11
2.68567e-11
-3.57044e-11
3.83359e-11
-3.0666e-11
1.52983e-11
-7.13487e-13
-6.23937e-12
5.82331e-12
-3.82448e-12
4.15725e-12
-5.39614e-12
4.16592e-12
-1.3545e-12
1.72934e-12
-7.84316e-12
1.53706e-11
-1.75007e-11
1.26122e-11
-6.3583e-12
4.28808e-12
-5.15804e-12
2.93129e-12
4.04038e-12
-9.70076e-12
6.94217e-12
3.07451e-12
-1.18863e-11
1.31467e-11
-9.3941e-12
6.8469e-12
-6.54403e-12
3.28984e-12
5.24597e-12
-1.29138e-11
1.08638e-11
8.84312e-13
-1.19519e-11
1.20314e-11
-1.59617e-12
-1.07549e-11
1.89271e-11
-2.45964e-11
3.03298e-11
-3.24209e-11
2.39645e-11
-5.80308e-12
-1.06907e-11
1.36386e-11
-3.16036e-12
-9.48431e-12
1.37692e-11
-9.0524e-12
3.33733e-13
1.04379e-11
-2.54601e-11
4.28518e-11
-5.30503e-11
4.6481e-11
-2.52121e-11
2.87641e-12
7.35961e-12
-4.1356e-12
-4.43673e-12
1.09168e-11
-1.39917e-11
1.34612e-11
-5.4412e-12
-1.40925e-11
4.0552e-11
-6.04665e-11
6.19095e-11
-4.5617e-11
2.34684e-11
-7.44265e-12
9.1443e-13
-1.1899e-12
5.93471e-12
-1.44429e-11
2.24408e-11
-2.09929e-11
3.40137e-12
2.60029e-11
-5.32074e-11
6.51622e-11
-5.96479e-11
4.39274e-11
-2.66454e-11
1.22405e-11
-3.13644e-12
2.41834e-12
-1.16015e-11
2.51171e-11
-3.12345e-11
2.04896e-11
5.47659e-12
-3.50826e-11
5.58682e-11
-6.28136e-11
5.78106e-11
-4.48427e-11
2.74076e-11
-1.08999e-11
2.86164e-12
-8.23751e-12
2.29102e-11
-3.48411e-11
3.26312e-11
-1.44511e-11
-1.21623e-11
3.7174e-11
-5.44977e-11
6.16646e-11
-5.75207e-11
4.25354e-11
-2.24828e-11
7.78318e-12
-6.98423e-12
1.89095e-11
-3.31503e-11
3.8053e-11
-2.92649e-11
1.001e-11
1.37466e-11
-3.7221e-11
5.53704e-11
-6.21571e-11
5.38063e-11
-3.45897e-11
1.60686e-11
-9.29594e-12
1.59696e-11
-2.85411e-11
3.72788e-11
-3.72476e-11
2.78735e-11
-9.90852e-12
-1.50805e-11
4.11278e-11
-5.82257e-11
5.85353e-11
-4.40858e-11
2.58369e-11
-1.52121e-11
1.56457e-11
-2.31903e-11
3.21579e-11
-3.89562e-11
3.99435e-11
-3.03357e-11
7.75492e-12
2.20095e-11
-4.65651e-11
5.55432e-11
-4.88806e-11
3.5171e-11
-2.36413e-11
1.80657e-11
-1.85766e-11
2.49776e-11
-3.61479e-11
4.60916e-11
-4.53085e-11
3.00537e-11
-1.1399e-11
1.92984e-12
8.34524e-14
4.65381e-14
2.70371e-14
4.08724e-15
0
