0
2.56568e-16
3.66621e-15
2.70077e-14
-2.86738e-14
9.40096e-13
-3.02311e-12
4.8285e-12
-6.38732e-12
1.73687e-11
-4.01017e-11
6.0444e-11
-6.27791e-11
4.58774e-11
-2.44694e-11
1.2525e-11
-9.31084e-12
1.29912e-12
1.97978e-11
-4.65953e-11
6.16659e-11
-5.66749e-11
3.95466e-11
-2.63299e-11
2.23353e-11
-1.87883e-11
2.8945e-12
2.44582e-11
-4.95261e-11
5.75283e-11
-4.92532e-11
3.70001e-11
-3.23938e-11
3.187e-11
-2.39254e-11
1.17015e-12
2.76266e-11
-4.77752e-11
5.05874e-11
-4.34828e-11
3.80833e-11
-3.94654e-11
3.85605e-11
-2.5495e-11
-8.41183e-13
2.76729e-11
-4.28022e-11
4.34848e-11
-3.98399e-11
4.04996e-11
-4.49562e-11
4.23279e-11
-2.55835e-11
-1.54148e-12
2.54389e-11
-3.66638e-11
3.69277e-11
-3.66656e-11
4.20851e-11
-4.84e-11
4.45223e-11
-2.52458e-11
-1.65554e-12
2.26213e-11
-2.9892e-11
2.95948e-11
-3.22781e-11
4.2603e-11
-5.08478e-11
4.56306e-11
-2.33222e-11
-2.91518e-12
1.95051e-11
-2.10668e-11
2.00806e-11
-2.70364e-11
4.34334e-11
-5.2599e-11
4.37704e-11
-1.75919e-11
-5.62168e-12
1.41666e-11
-8.71893e-12
9.25989e-12
-2.33714e-11
4.5226e-11
-5.13696e-11
3.56908e-11
-7.52886e-12
-7.41834e-12
4.31075e-12
5.921e-12
6.4861e-13
-2.32649e-11
4.5578e-11
-4.30795e-11
1.99425e-11
3.89555e-12
-4.99996e-12
-9.46371e-12
1.81183e-11
-2.24902e-12
-2.52428e-11
3.95116e-11
-2.53994e-11
-5.16565e-13
1.17526e-11
2.13068e-12
-2.21821e-11
2.24988e-11
2.85135e-13
-2.41823e-11
2.34394e-11
-1.15796e-12
-1.93977e-11
1.35641e-11
9.47641e-12
-2.72808e-11
1.7833e-11
3.26425e-12
-1.53758e-11
-3.92516e-13
2.23089e-11
-3.19522e-11
1.2571e-11
1.02231e-11
-2.21912e-11
9.04423e-12
1.15061e-12
1.97442e-13
-2.38635e-11
3.86297e-11
-3.92969e-11
1.55288e-11
1.66408e-12
-1.13741e-11
3.21988e-12
-5.97618e-12
1.51534e-11
-3.88992e-11
4.7907e-11
-4.68358e-11
2.56657e-11
-1.08272e-11
-2.50979e-12
2.49723e-12
-1.10257e-11
2.19111e-11
-4.42763e-11
5.57296e-11
-5.69495e-11
3.77617e-11
-1.77784e-11
1.36649e-12
1.67412e-12
-6.60864e-12
2.03101e-11
-4.54788e-11
6.52165e-11
-6.3695e-11
4.20276e-11
-1.48092e-11
4.80968e-12
-5.22492e-12
6.26055e-12
1.74361e-11
-4.65122e-11
7.08129e-11
-5.73704e-11
3.40832e-11
-6.70039e-12
1.28919e-11
-1.60192e-11
1.8138e-11
1.82476e-11
-4.3354e-11
6.29835e-11
-3.57982e-11
1.92858e-11
-1.68096e-13
2.16637e-11
-2.11141e-11
2.1666e-11
1.81002e-11
-2.91452e-11
4.02254e-11
-8.68962e-12
4.63927e-12
6.18845e-12
1.98049e-11
-1.54166e-11
1.99194e-11
8.64526e-12
-6.50645e-12
1.30328e-11
1.23274e-11
-1.16482e-11
1.98127e-11
2.3915e-12
-6.41388e-12
2.01297e-11
-8.78639e-12
1.04444e-11
-7.53521e-12
2.58834e-11
-3.65182e-11
4.02769e-11
-2.07976e-11
-5.254e-12
2.05516e-11
-2.18107e-11
1.08365e-11
-2.18137e-11
3.72295e-11
-6.66381e-11
5.37456e-11
-3.60078e-11
-1.15013e-11
1.16286e-11
-2.26835e-11
-1.98608e-13
-3.51655e-11
4.33371e-11
-8.45981e-11
4.80801e-11
-4.11632e-11
-1.50852e-11
-6.54095e-12
-1.86649e-11
-1.0564e-11
-4.18781e-11
3.23335e-11
-7.71812e-11
2.90198e-11
-4.17387e-11
-1.43157e-11
-1.73895e-11
-1.87392e-11
-1.88326e-11
-2.78546e-11
3.46554e-12
-5.07023e-11
1.15337e-11
-3.32935e-11
-1.95241e-11
-7.40306e-12
-1.67175e-11
-3.02829e-11
6.92924e-12
-2.36092e-11
-1.86596e-11
-6.88582e-13
-4.1604e-12
-3.21277e-11
1.61607e-11
-1.6984e-12
-3.70813e-11
4.28582e-11
-3.06104e-11
1.70116e-11
-1.15607e-11
3.96951e-11
-3.48024e-11
3.92375e-11
1.94976e-11
-2.23056e-11
6.55525e-11
-2.09725e-11
5.55483e-11
-1.15626e-11
7.11133e-11
-1.59182e-11
6.12188e-11
3.02806e-11
1.10148e-11
7.91912e-11
-4.82784e-12
7.74865e-11
1.47785e-11
7.27805e-11
1.14841e-11
8.15519e-11
3.13413e-11
3.72174e-11
8.38291e-11
1.93287e-11
6.19656e-11
5.66229e-11
5.14192e-11
3.13965e-11
8.01842e-11
3.31599e-11
4.17101e-11
6.40961e-11
4.52999e-11
1.88638e-11
8.02953e-11
1.25382e-11
4.39192e-11
4.14959e-11
2.54248e-11
3.01131e-11
1.89325e-11
4.31997e-11
-2.56741e-11
6.9192e-11
-4.65157e-11
4.21403e-11
-1.53869e-11
-1.05695e-11
3.62505e-13
-2.73268e-11
-4.48013e-12
-6.4511e-11
2.86905e-11
-1.06172e-10
3.42698e-12
-6.22907e-11
-6.43629e-11
-5.257e-11
-6.2512e-11
-7.31317e-11
-9.55379e-11
-4.00332e-11
-1.30698e-10
-6.71005e-11
-9.47773e-11
-1.10506e-10
-1.01427e-10
-9.48455e-11
-1.29825e-10
-9.77465e-11
-1.22427e-10
-1.16249e-10
-1.23474e-10
-1.07334e-10
-1.40758e-10
-1.0761e-10
-1.11635e-10
-1.57765e-10
-6.41056e-11
-1.64575e-10
-8.38627e-11
-1.30437e-10
-8.00579e-11
-1.39132e-10
-7.04473e-11
-8.59198e-11
-1.30096e-10
-1.87508e-11
-1.23611e-10
-3.28648e-11
-7.94531e-11
-2.08363e-11
-7.05762e-11
-5.2139e-12
-2.30801e-11
-2.71655e-11
3.27846e-11
-1.64165e-11
4.00973e-11
3.57012e-11
4.03401e-11
5.87114e-11
8.7365e-11
5.90461e-11
1.11234e-10
1.06173e-10
1.17936e-10
1.12741e-10
1.84856e-10
1.04655e-10
1.90651e-10
1.81446e-10
1.56724e-10
2.22266e-10
1.81008e-10
2.36808e-10
1.77403e-10
2.82333e-10
1.7483e-10
2.77511e-10
2.28646e-10
2.32498e-10
2.76608e-10
2.19714e-10
2.72377e-10
2.33335e-10
2.71452e-10
2.10244e-10
2.80989e-10
2.16717e-10
2.24435e-10
2.46913e-10
2.05907e-10
1.91726e-10
2.28382e-10
1.60997e-10
1.78038e-10
1.6596e-10
1.41054e-10
1.24779e-10
1.15281e-10
1.08227e-10
4.08284e-11
1.13104e-10
-2.3117e-11
6.84305e-11
-3.06128e-11
-2.03529e-11
-3.97737e-11
-7.33844e-11
-8.6805e-11
-1.32771e-10
-9.08736e-11
-2.20907e-10
-1.29599e-10
-2.24916e-10
-2.30822e-10
-2.37362e-10
-2.64802e-10
-3.03197e-10
-2.95076e-10
-3.28121e-10
-3.51749e-10
-3.55314e-10
-3.73332e-10
-4.05503e-10
-3.8742e-10
-4.21611e-10
-4.4642e-10
-3.88249e-10
-5.00261e-10
-4.00465e-10
-4.78367e-10
-4.35424e-10
-4.7737e-10
-4.20597e-10
-4.65212e-10
-4.56699e-10
-3.87138e-10
-4.82635e-10
-3.6648e-10
-4.25759e-10
-3.70978e-10
-3.76652e-10
-3.33829e-10
-3.42445e-10
-2.90153e-10
-2.81623e-10
-2.62212e-10
-2.12472e-10
-1.93842e-10
-1.89491e-10
-9.84023e-11
-1.19252e-10
-7.91036e-11
7.09397e-12
-3.63275e-11
7.19806e-11
5.25187e-11
1.50266e-10
1.05671e-10
2.39929e-10
1.94968e-10
2.72e-10
3.23711e-10
2.99309e-10
4.1611e-10
3.79551e-10
4.55748e-10
4.66561e-10
5.23719e-10
5.05904e-10
5.87637e-10
5.84416e-10
5.99163e-10
6.43799e-10
6.6858e-10
6.32688e-10
7.29229e-10
6.69353e-10
7.1384e-10
7.25846e-10
6.96935e-10
7.43462e-10
6.92083e-10
7.43082e-10
6.60945e-10
7.51875e-10
6.21811e-10
6.98224e-10
6.44395e-10
5.94384e-10
6.20906e-10
5.57793e-10
5.32103e-10
5.00789e-10
4.79003e-10
4.06197e-10
4.00308e-10
3.38784e-10
2.9265e-10
2.51795e-10
2.1424e-10
1.14076e-10
1.56181e-10
-1.17935e-11
3.05649e-11
-6.97802e-11
-1.23819e-10
-1.64711e-10
-2.27317e-10
-2.70321e-10
-3.68889e-10
-3.34917e-10
-4.97249e-10
-4.55023e-10
-5.58052e-10
-5.9665e-10
-6.29029e-10
-6.87011e-10
-7.40314e-10
-7.40946e-10
-8.29217e-10
-8.29425e-10
-8.69744e-10
-8.97001e-10
-9.41977e-10
-9.26285e-10
-9.66056e-10
-1.0123e-09
-9.31085e-10
-1.06176e-09
-9.47339e-10
-1.03202e-09
-9.76482e-10
-9.91778e-10
-9.63757e-10
-9.62361e-10
-9.26669e-10
-8.95305e-10
-9.05097e-10
-8.13287e-10
-8.16922e-10
-7.81649e-10
-6.9678e-10
-6.83973e-10
-6.41949e-10
-5.31569e-10
-5.59211e-10
-4.14155e-10
-4.27725e-10
-3.02178e-10
-2.92742e-10
-1.68775e-10
-1.57132e-10
-5.18491e-11
3.13823e-11
3.10074e-11
2.02669e-10
1.90933e-10
2.96722e-10
3.67789e-10
4.3243e-10
4.83844e-10
5.86604e-10
6.07581e-10
7.08584e-10
7.37002e-10
8.25655e-10
8.34426e-10
9.57566e-10
9.16553e-10
1.03149e-09
1.06005e-09
1.04056e-09
1.16733e-09
1.10703e-09
1.19203e-09
1.16868e-09
1.22598e-09
1.18554e-09
1.24174e-09
1.20232e-09
1.21487e-09
1.2116e-09
1.18264e-09
1.15537e-09
1.18472e-09
1.06667e-09
1.11565e-09
1.04366e-09
9.78073e-10
9.88148e-10
8.759e-10
8.78362e-10
7.61416e-10
7.69456e-10
6.23264e-10
6.41208e-10
5.00718e-10
4.59886e-10
4.01345e-10
2.82944e-10
2.29627e-10
1.74315e-10
3.11988e-11
1.68872e-11
-1.00526e-10
-1.78634e-10
-2.38709e-10
-3.46236e-10
-3.90749e-10
-5.09288e-10
-5.22465e-10
-6.85794e-10
-6.40474e-10
-8.17586e-10
-8.17673e-10
-8.80872e-10
-9.75381e-10
-9.97438e-10
-1.04592e-09
-1.12281e-09
-1.12459e-09
-1.19101e-09
-1.21119e-09
-1.23489e-09
-1.26699e-09
-1.27802e-09
-1.2965e-09
-1.27406e-09
-1.35377e-09
-1.22642e-09
-1.35015e-09
-1.24159e-09
-1.26035e-09
-1.24156e-09
-1.19473e-09
-1.16938e-09
-1.14166e-09
-1.07364e-09
-1.05212e-09
-9.91309e-10
-9.29214e-10
-8.75596e-10
-8.2877e-10
-7.35561e-10
-6.73038e-10
-6.50971e-10
-4.74345e-10
-5.2745e-10
-3.34797e-10
-3.35135e-10
-2.21616e-10
-1.43066e-10
-6.91007e-11
1.54188e-12
1.10624e-10
1.62748e-10
2.46698e-10
3.35735e-10
4.09223e-10
4.57618e-10
5.73781e-10
6.09456e-10
6.70554e-10
7.9216e-10
7.47917e-10
9.30758e-10
8.75091e-10
9.87387e-10
1.01285e-09
1.06054e-09
1.07614e-09
1.14417e-09
1.14012e-09
1.17587e-09
1.19352e-09
1.21033e-09
1.19702e-09
1.24465e-09
1.18459e-09
1.22297e-09
1.21565e-09
1.13005e-09
1.22382e-09
1.0846e-09
1.13415e-09
1.05854e-09
1.04389e-09
9.79057e-10
9.64453e-10
8.77645e-10
8.61718e-10
7.82417e-10
7.34571e-10
6.59517e-10
6.40692e-10
4.97616e-10
5.13581e-10
4.01283e-10
3.14971e-10
3.15322e-10
1.4908e-10
1.68637e-10
3.56509e-11
-7.43868e-12
-8.48297e-11
-1.38082e-10
-2.44974e-10
-2.60311e-10
-3.64883e-10
-4.04556e-10
-4.88663e-10
-4.99468e-10
-6.32461e-10
-5.90043e-10
-7.26863e-10
-7.22223e-10
-7.57557e-10
-8.60389e-10
-8.1067e-10
-9.0623e-10
-9.13168e-10
-9.29782e-10
-9.57439e-10
-9.84217e-10
-9.66784e-10
-1.01581e-09
-9.75278e-10
-1.01676e-09
-9.70531e-10
-1.02169e-09
-9.18564e-10
-1.01625e-09
-8.97652e-10
-9.229e-10
-9.07796e-10
-8.30771e-10
-8.47208e-10
-7.87658e-10
-7.35246e-10
-7.39185e-10
-6.47259e-10
-6.22214e-10
-5.93683e-10
-5.02099e-10
-4.93951e-10
-4.04453e-10
-3.9819e-10
-2.74432e-10
-3.11322e-10
-1.58156e-10
-1.87763e-10
-8.46863e-11
-3.04846e-11
-8.93627e-12
6.93768e-11
1.41289e-10
1.21844e-10
2.65323e-10
2.32234e-10
3.24979e-10
3.63328e-10
3.79103e-10
4.60332e-10
4.61894e-10
5.25427e-10
5.23095e-10
6.09748e-10
5.66741e-10
6.49019e-10
6.45924e-10
6.60183e-10
6.87164e-10
7.08457e-10
6.6766e-10
7.7427e-10
6.48325e-10
7.66425e-10
6.97256e-10
7.02528e-10
7.16656e-10
6.83331e-10
6.78135e-10
6.70072e-10
6.3611e-10
6.28238e-10
6.07343e-10
5.699e-10
5.50706e-10
5.31394e-10
4.89482e-10
4.42826e-10
4.73463e-10
3.34209e-10
4.19788e-10
2.7976e-10
3.05748e-10
2.58527e-10
1.96465e-10
1.78556e-10
1.61806e-10
5.86797e-11
1.08629e-10
-8.3473e-12
1.40819e-11
-5.67997e-11
-7.38438e-11
-1.16533e-10
-1.40328e-10
-1.74957e-10
-2.25108e-10
-2.0076e-10
-2.96796e-10
-2.69478e-10
-3.08362e-10
-3.50186e-10
-3.38414e-10
-3.71171e-10
-4.18646e-10
-3.45202e-10
-4.8591e-10
-3.71095e-10
-4.65249e-10
-4.34264e-10
-4.48486e-10
-4.47051e-10
-4.63285e-10
-4.30631e-10
-4.7215e-10
-4.25043e-10
-4.48326e-10
-4.20769e-10
-4.39635e-10
-3.82182e-10
-4.20217e-10
-3.80808e-10
-3.48354e-10
-3.93376e-10
-2.86917e-10
-3.57378e-10
-2.84125e-10
-2.66052e-10
-2.8098e-10
-2.27828e-10
-1.97537e-10
-2.35016e-10
-1.17021e-10
-2.02579e-10
-8.35067e-11
-1.27989e-10
-6.80675e-11
-7.2669e-11
-1.57131e-11
-3.62028e-11
1.87462e-11
2.38415e-11
4.75568e-11
5.92676e-11
1.03379e-10
7.13189e-11
1.5753e-10
1.0858e-10
1.48484e-10
1.99575e-10
1.27429e-10
2.35086e-10
1.75579e-10
2.12664e-10
2.35295e-10
2.09605e-10
2.34194e-10
2.65099e-10
1.97707e-10
2.9432e-10
2.08908e-10
2.80366e-10
2.2271e-10
2.72144e-10
2.21215e-10
2.69021e-10
2.17288e-10
2.42265e-10
2.31278e-10
2.20673e-10
1.98768e-10
2.4179e-10
1.51968e-10
2.30112e-10
1.56334e-10
1.6176e-10
1.93998e-10
1.0035e-10
1.68687e-10
1.18248e-10
9.77028e-11
1.22643e-10
7.44087e-11
7.22669e-11
9.27379e-11
9.82657e-12
8.45091e-11
-2.96692e-12
4.21585e-11
-1.67534e-11
2.40242e-11
-4.24011e-11
3.52772e-13
-5.31039e-11
-3.29851e-11
-5.62419e-11
-5.09983e-11
-9.79853e-11
-2.6164e-11
-1.38659e-10
-4.53543e-11
-1.13862e-10
-1.08385e-10
-7.58212e-11
-1.3993e-10
-9.88285e-11
-9.84339e-11
-1.53797e-10
-8.25168e-11
-1.39177e-10
-1.24313e-10
-9.48361e-11
-1.59529e-10
-8.2286e-11
-1.41032e-10
-1.05179e-10
-1.23442e-10
-9.61752e-11
-1.27978e-10
-8.44586e-11
-1.19671e-10
-8.05199e-11
-1.0882e-10
-6.6437e-11
-1.20012e-10
-2.55007e-11
-1.2898e-10
-2.76347e-11
-7.91575e-11
-6.11842e-11
-3.64252e-11
-5.61305e-11
-5.29873e-11
7.26069e-12
-8.84009e-11
2.95799e-11
-4.78689e-11
-1.26132e-11
1.38646e-11
-3.35158e-11
2.45593e-11
4.75515e-12
-7.00451e-12
3.83892e-11
6.48678e-12
2.24176e-11
3.88676e-11
1.04049e-11
5.62965e-11
1.65206e-11
5.64784e-11
1.864e-11
7.47655e-11
1.16961e-11
7.25466e-11
3.53654e-11
5.22458e-11
4.88792e-11
6.08017e-11
2.12066e-11
1.04764e-10
-1.50323e-11
1.07122e-10
1.97523e-11
5.31759e-11
6.22807e-11
3.13635e-11
4.58622e-11
7.51068e-11
-1.16485e-11
1.00934e-10
-3.68454e-12
5.6553e-11
4.13091e-11
1.42106e-11
5.11522e-11
2.46706e-11
1.40743e-11
4.79961e-11
3.9788e-12
2.91133e-11
1.86843e-11
9.0649e-12
2.50743e-11
2.85676e-13
1.88076e-11
-7.0917e-12
2.99706e-11
-2.76846e-11
2.64933e-11
-1.4984e-11
2.63533e-13
-4.08232e-13
-7.25913e-12
-2.34276e-11
3.19596e-11
-7.06977e-11
4.95829e-11
-5.70425e-11
4.38225e-12
-1.0465e-11
-3.1018e-11
-9.56345e-12
2.68005e-12
-6.85575e-11
4.8465e-11
-7.95252e-11
2.22517e-11
-3.41343e-11
-2.72045e-11
-2.2381e-12
-2.34802e-11
-3.70436e-11
1.73546e-11
-5.95625e-11
1.84308e-11
-4.02599e-11
-1.04614e-11
-1.13204e-11
-2.15939e-11
-1.52212e-11
-9.37049e-12
-1.77077e-11
-1.24339e-11
-1.07247e-11
-1.26242e-11
-1.05332e-11
-5.71937e-12
-1.63709e-11
-6.26778e-12
7.69012e-12
-3.7975e-11
3.27835e-11
-3.95018e-11
1.8272e-11
-5.55144e-12
-1.72826e-11
1.32713e-11
3.40396e-12
-3.20653e-11
5.44516e-11
-6.25375e-11
5.65287e-11
-2.79808e-11
3.198e-12
1.98863e-11
-8.76965e-12
-6.39158e-12
4.2975e-11
-5.54181e-11
7.1699e-11
-4.91814e-11
3.28375e-11
5.02283e-12
-4.19942e-12
9.03833e-12
1.9406e-11
-2.63352e-11
5.41981e-11
-4.3925e-11
4.23903e-11
-1.16952e-11
1.25879e-11
2.94379e-12
1.01655e-11
-5.11494e-12
2.45151e-11
-1.60079e-11
2.18247e-11
-6.82867e-12
1.5931e-11
-8.25576e-12
1.7299e-11
-6.81631e-12
9.23253e-12
6.89631e-12
-9.81554e-12
1.99355e-11
-7.20821e-12
-2.29015e-12
1.92486e-11
-1.81395e-11
1.45535e-11
5.57183e-12
-2.61591e-11
4.51644e-11
-4.17168e-11
2.45124e-11
-1.06641e-12
-1.64702e-11
2.31248e-11
-1.15071e-11
-1.85115e-11
4.69423e-11
-6.15592e-11
5.37847e-11
-3.56067e-11
5.50092e-12
1.51341e-11
-2.12864e-11
-6.4214e-13
2.70622e-11
-5.53122e-11
6.35578e-11
-6.03868e-11
3.41943e-11
-9.82535e-12
-1.1593e-11
7.14423e-12
6.52851e-12
-3.35802e-11
4.9259e-11
-6.02808e-11
4.93702e-11
-3.30008e-11
8.95655e-12
-2.23904e-12
2.46694e-12
-1.60581e-11
2.66652e-11
-4.15795e-11
4.24697e-11
-3.64348e-11
2.19767e-11
-1.71563e-11
1.25789e-11
-1.36231e-11
1.52639e-11
-2.30239e-11
2.31171e-11
-2.01201e-11
1.66593e-11
-1.98305e-11
2.05222e-11
-2.0673e-11
2.00122e-11
-1.8183e-11
9.45685e-12
-2.01732e-13
-2.02661e-12
-3.72532e-12
1.27568e-11
-2.20163e-11
2.88307e-11
-2.56581e-11
1.19649e-11
6.75975e-12
-1.86902e-11
2.07689e-11
-1.0146e-11
-6.98965e-12
2.55883e-11
-3.26431e-11
2.51797e-11
-2.8775e-12
-2.02077e-11
3.6083e-11
-3.53621e-11
2.1237e-11
4.52397e-12
-2.62851e-11
3.35761e-11
-1.90752e-11
-5.48441e-12
3.20975e-11
-4.83215e-11
4.81963e-11
-2.60141e-11
-3.451e-12
2.49624e-11
-2.74418e-11
1.44586e-11
1.29387e-11
-4.26945e-11
5.93346e-11
-5.10484e-11
2.74271e-11
-3.84546e-13
-1.96285e-11
2.50768e-11
-7.75425e-12
-2.34922e-11
5.02229e-11
-5.96113e-11
5.25014e-11
-3.10578e-11
2.22447e-12
1.84123e-11
-1.71307e-11
-2.74997e-12
2.84296e-11
-5.06759e-11
6.15255e-11
-5.32801e-11
2.82317e-11
-2.52311e-12
-1.0695e-11
8.27896e-12
7.17217e-12
-3.19136e-11
5.34862e-11
-5.94564e-11
4.73959e-11
-2.71014e-11
6.92732e-12
5.1899e-12
-3.30369e-12
-1.39487e-11
3.58246e-11
-5.10815e-11
5.35475e-11
-4.44984e-11
2.65553e-11
-8.45762e-12
-6.03025e-13
-4.47032e-12
1.88602e-11
-3.57501e-11
4.75048e-11
-4.96213e-11
4.01939e-11
-2.4647e-11
1.06712e-11
-5.34363e-12
9.80224e-12
-2.1751e-11
3.51503e-11
-4.43085e-11
4.45044e-11
-3.60656e-11
2.33645e-11
-1.33597e-11
9.95616e-12
-1.39847e-11
2.3386e-11
-3.43697e-11
4.09126e-11
-3.96013e-11
3.21543e-11
-2.32305e-11
1.59341e-11
-1.29782e-11
1.66431e-11
-2.54004e-11
3.33915e-11
-3.66248e-11
3.54273e-11
-3.06628e-11
2.30277e-11
-1.6432e-11
1.56641e-11
-2.01637e-11
2.58198e-11
-3.07724e-11
3.44527e-11
-3.39069e-11
2.81328e-11
-2.15443e-11
1.85763e-11
-1.85451e-11
2.04318e-11
-2.52518e-11
3.13208e-11
-3.34523e-11
3.06255e-11
-2.65208e-11
2.29651e-11
-1.92365e-11
1.78064e-11
-2.14308e-11
2.73589e-11
-3.06522e-11
3.12855e-11
-3.0652e-11
2.73585e-11
-2.14303e-11
1.78059e-11
-1.92361e-11
2.29649e-11
-2.65207e-11
3.06256e-11
-3.34527e-11
3.13212e-11
-2.52522e-11
2.04322e-11
-1.85454e-11
1.85764e-11
-2.15442e-11
2.81327e-11
-3.39067e-11
3.44524e-11
-3.07722e-11
2.58197e-11
-2.01636e-11
1.5664e-11
-1.6432e-11
2.30277e-11
-3.06628e-11
3.54273e-11
-3.66249e-11
3.33917e-11
-2.54006e-11
1.66433e-11
-1.29785e-11
1.59343e-11
-2.32306e-11
3.21543e-11
-3.96012e-11
4.09123e-11
-3.43693e-11
2.33856e-11
-1.39844e-11
9.95612e-12
-1.33598e-11
2.33646e-11
-3.60658e-11
4.45046e-11
-4.43086e-11
3.51503e-11
-2.17509e-11
9.8021e-12
-5.3435e-12
1.06711e-11
-2.46469e-11
4.0194e-11
-4.96216e-11
4.75051e-11
-3.57504e-11
1.88604e-11
-4.47042e-12
-6.03104e-13
-8.45736e-12
2.65549e-11
-4.4498e-11
5.35471e-11
-5.10811e-11
3.58243e-11
-1.39488e-11
-3.30341e-12
5.18946e-12
6.92787e-12
-2.7102e-11
4.73963e-11
-5.94567e-11
5.34863e-11
-3.19134e-11
7.17174e-12
8.27943e-12
-1.06954e-11
-2.52275e-12
2.82315e-11
-5.32801e-11
6.15256e-11
-5.0676e-11
2.84297e-11
-2.75007e-12
-1.71307e-11
1.84123e-11
2.22445e-12
-3.10579e-11
5.25016e-11
-5.96115e-11
5.0223e-11
-2.34923e-11
-7.7541e-12
2.50768e-11
-1.96286e-11
-3.84362e-13
2.7427e-11
-5.10482e-11
5.93343e-11
-4.26943e-11
1.29386e-11
1.44587e-11
-2.74419e-11
2.49625e-11
-3.45082e-12
-2.60144e-11
4.81966e-11
-4.83219e-11
3.20979e-11
-5.48473e-12
-1.90751e-11
3.35763e-11
-2.62854e-11
4.52427e-12
2.12366e-11
-3.53617e-11
3.60826e-11
-2.02074e-11
-2.87767e-12
2.51799e-11
-3.26432e-11
2.55881e-11
-6.98931e-12
-1.01465e-11
2.07694e-11
-1.86908e-11
6.7602e-12
1.19647e-11
-2.56583e-11
2.88312e-11
-2.20169e-11
1.27574e-11
-3.72577e-12
-2.02641e-12
-2.01565e-13
9.45636e-12
-1.81825e-11
2.00118e-11
-2.06729e-11
2.05223e-11
-1.98309e-11
1.66599e-11
-2.01206e-11
2.31173e-11
-2.30238e-11
1.52636e-11
-1.36226e-11
1.25783e-11
-1.71558e-11
2.19765e-11
-3.64348e-11
4.24699e-11
-4.15798e-11
2.66655e-11
-1.60583e-11
2.467e-12
-2.23902e-12
8.95646e-12
-3.30008e-11
4.93703e-11
-6.0281e-11
4.92593e-11
-3.35805e-11
6.52874e-12
7.14418e-12
-1.15931e-11
-9.82515e-12
3.41939e-11
-6.03863e-11
6.35574e-11
-5.5312e-11
2.70621e-11
-6.4195e-13
-2.12865e-11
1.51339e-11
5.50111e-12
-3.56068e-11
5.37848e-11
-6.15596e-11
4.69428e-11
-1.85119e-11
-1.15068e-11
2.31245e-11
-1.647e-11
-1.06628e-12
2.45119e-11
-4.17162e-11
4.51638e-11
-2.61586e-11
5.5715e-12
1.45535e-11
-1.81393e-11
1.92482e-11
-2.28962e-12
-7.20856e-12
1.99356e-11
-9.81542e-12
6.89615e-12
9.23283e-12
-6.8167e-12
1.72992e-11
-8.25557e-12
1.59307e-11
-6.82842e-12
2.18244e-11
-1.60076e-11
2.45149e-11
-5.11494e-12
1.01656e-11
2.94368e-12
1.2588e-11
-1.16953e-11
4.23906e-11
-4.39252e-11
5.41983e-11
-2.63353e-11
1.94062e-11
9.03827e-12
-4.1995e-12
5.02303e-12
3.28373e-11
-4.91811e-11
7.16987e-11
-5.54179e-11
4.2975e-11
-6.3916e-12
-8.76955e-12
1.9886e-11
3.19828e-12
-2.7981e-11
5.65287e-11
-6.25374e-11
5.44516e-11
-3.20652e-11
3.40377e-12
1.32714e-11
-1.72827e-11
-5.55159e-12
1.82723e-11
-3.9502e-11
3.27837e-11
-3.79752e-11
7.69014e-12
-6.2676e-12
-1.63712e-11
-5.71898e-12
-1.05335e-11
-1.26241e-11
-1.07246e-11
-1.24339e-11
-1.77075e-11
-9.3708e-12
-1.5221e-11
-2.15938e-11
-1.13206e-11
-1.04614e-11
-4.02598e-11
1.84308e-11
-5.95625e-11
1.73544e-11
-3.70434e-11
-2.34803e-11
-2.23811e-12
-2.72044e-11
-3.41345e-11
2.22519e-11
-7.95253e-11
4.8465e-11
-6.85574e-11
2.67991e-12
-9.56315e-12
-3.10183e-11
-1.04651e-11
4.38247e-12
-5.70426e-11
4.9583e-11
-7.06979e-11
3.19598e-11
-2.34276e-11
-7.25929e-12
-4.08148e-13
2.63644e-13
-1.49842e-11
2.64934e-11
-2.76846e-11
2.99706e-11
-7.09163e-12
1.88074e-11
2.8599e-13
2.5074e-11
9.06505e-12
1.86843e-11
2.91134e-11
3.97873e-12
4.7996e-11
1.40744e-11
2.46705e-11
5.11524e-11
1.42103e-11
4.13095e-11
5.65527e-11
-3.68445e-12
1.00934e-10
-1.16486e-11
7.51071e-11
4.58619e-11
3.13637e-11
6.22807e-11
5.31759e-11
1.97524e-11
1.07122e-10
-1.50324e-11
1.04764e-10
2.12064e-11
6.08019e-11
4.88792e-11
5.22456e-11
3.53658e-11
7.25464e-11
1.16962e-11
7.47654e-11
1.864e-11
5.64787e-11
1.65204e-11
5.62965e-11
1.0405e-11
3.88675e-11
2.24178e-11
6.4867e-12
3.8389e-11
-7.00413e-12
4.75475e-12
2.45596e-11
-3.35161e-11
1.38646e-11
-1.26128e-11
-4.78695e-11
2.95805e-11
-8.84014e-11
7.26111e-12
-5.29875e-11
-5.61305e-11
-3.6425e-11
-6.11846e-11
-7.91572e-11
-2.7635e-11
-1.2898e-10
-2.55012e-11
-1.20012e-10
-6.64372e-11
-1.0882e-10
-8.052e-11
-1.1967e-10
-8.44585e-11
-1.27978e-10
-9.61749e-11
-1.23442e-10
-1.05179e-10
-1.41032e-10
-8.22858e-11
-1.5953e-10
-9.48359e-11
-1.24313e-10
-1.39177e-10
-8.2517e-11
-1.53797e-10
-9.84339e-11
-9.88286e-11
-1.3993e-10
-7.58213e-11
-1.08385e-10
-1.13862e-10
-4.53537e-11
-1.38659e-10
-2.6164e-11
-9.79852e-11
-5.09983e-11
-5.62419e-11
-3.29853e-11
-5.31036e-11
3.5256e-13
-4.2401e-11
2.4024e-11
-1.67532e-11
4.21583e-11
-2.96685e-12
8.45093e-11
9.82637e-12
9.2738e-11
7.22669e-11
7.44086e-11
1.22643e-10
9.77026e-11
1.18248e-10
1.68687e-10
1.0035e-10
1.93998e-10
1.61759e-10
1.56335e-10
2.30112e-10
1.51968e-10
2.4179e-10
1.98768e-10
2.20673e-10
2.31278e-10
2.42265e-10
2.17288e-10
2.69021e-10
2.21215e-10
2.72144e-10
2.2271e-10
2.80366e-10
2.08908e-10
2.9432e-10
1.97707e-10
2.65099e-10
2.34194e-10
2.09605e-10
2.35295e-10
2.12664e-10
1.75579e-10
2.35086e-10
1.27429e-10
1.99575e-10
1.48484e-10
1.0858e-10
1.5753e-10
7.13188e-11
1.03379e-10
5.92676e-11
4.75568e-11
2.38416e-11
1.87462e-11
-3.62027e-11
-1.57131e-11
-7.26692e-11
-6.80672e-11
-1.2799e-10
-8.35066e-11
-2.02579e-10
-1.17022e-10
-2.35016e-10
-1.97537e-10
-2.27828e-10
-2.8098e-10
-2.66053e-10
-2.84125e-10
-3.57378e-10
-2.86917e-10
-3.93376e-10
-3.48354e-10
-3.80807e-10
-4.20218e-10
-3.82182e-10
-4.39635e-10
-4.20769e-10
-4.48326e-10
-4.25043e-10
-4.7215e-10
-4.30631e-10
-4.63285e-10
-4.47051e-10
-4.48486e-10
-4.34264e-10
-4.65249e-10
-3.71096e-10
-4.85909e-10
-3.45203e-10
-4.18646e-10
-3.71171e-10
-3.38414e-10
-3.50187e-10
-3.08362e-10
-2.69478e-10
-2.96795e-10
-2.0076e-10
-2.25108e-10
-1.74957e-10
-1.40328e-10
-1.16533e-10
-7.3844e-11
-5.67995e-11
1.40817e-11
-8.34711e-12
1.08629e-10
5.86798e-11
1.61806e-10
1.78557e-10
1.96464e-10
2.58527e-10
3.05747e-10
2.7976e-10
4.19788e-10
3.3421e-10
4.73463e-10
4.42826e-10
4.89483e-10
5.31394e-10
5.50706e-10
5.699e-10
6.07343e-10
6.28238e-10
6.3611e-10
6.70072e-10
6.78135e-10
6.83331e-10
7.16657e-10
7.02528e-10
6.97256e-10
7.66425e-10
6.48324e-10
7.74271e-10
6.6766e-10
7.08457e-10
6.87165e-10
6.60182e-10
6.45925e-10
6.49018e-10
5.66742e-10
6.09748e-10
5.23095e-10
5.25426e-10
4.61894e-10
4.60332e-10
3.79103e-10
3.63328e-10
3.24979e-10
2.32235e-10
2.65323e-10
1.21844e-10
1.41289e-10
6.93767e-11
-8.93614e-12
-3.04846e-11
-8.46864e-11
-1.87763e-10
-1.58156e-10
-3.11323e-10
-2.74432e-10
-3.9819e-10
-4.04452e-10
-4.93952e-10
-5.02099e-10
-5.93683e-10
-6.22214e-10
-6.47258e-10
-7.39186e-10
-7.35246e-10
-7.87658e-10
-8.47208e-10
-8.30772e-10
-9.07796e-10
-9.229e-10
-8.97652e-10
-1.01625e-09
-9.18564e-10
-1.02169e-09
-9.70531e-10
-1.01676e-09
-9.75278e-10
-1.01581e-09
-9.66784e-10
-9.84217e-10
-9.57439e-10
-9.29782e-10
-9.13168e-10
-9.0623e-10
-8.10671e-10
-8.60388e-10
-7.57558e-10
-7.22222e-10
-7.26863e-10
-5.90043e-10
-6.3246e-10
-4.99468e-10
-4.88663e-10
-4.04556e-10
-3.64883e-10
-2.60311e-10
-2.44974e-10
-1.38082e-10
-8.48295e-11
-7.43905e-12
3.56514e-11
1.68637e-10
1.49081e-10
3.15322e-10
3.14971e-10
4.01283e-10
5.13581e-10
4.97615e-10
6.40692e-10
6.59516e-10
7.34571e-10
7.82417e-10
8.61718e-10
8.77645e-10
9.64452e-10
9.79057e-10
1.04389e-09
1.05854e-09
1.13415e-09
1.0846e-09
1.22382e-09
1.13005e-09
1.21565e-09
1.22297e-09
1.18459e-09
1.24465e-09
1.19702e-09
1.21033e-09
1.19352e-09
1.17587e-09
1.14012e-09
1.14417e-09
1.07614e-09
1.06054e-09
1.01285e-09
9.87387e-10
8.75091e-10
9.30758e-10
7.47918e-10
7.9216e-10
6.70554e-10
6.09455e-10
5.73781e-10
4.57618e-10
4.09224e-10
3.35734e-10
2.46699e-10
1.62748e-10
1.10624e-10
1.54194e-12
-6.91008e-11
-1.43066e-10
-2.21616e-10
-3.35135e-10
-3.34797e-10
-5.2745e-10
-4.74345e-10
-6.5097e-10
-6.73039e-10
-7.35561e-10
-8.2877e-10
-8.75596e-10
-9.29214e-10
-9.91309e-10
-1.05212e-09
-1.07364e-09
-1.14166e-09
-1.16938e-09
-1.19473e-09
-1.24156e-09
-1.26035e-09
-1.24159e-09
-1.35015e-09
-1.22642e-09
-1.35377e-09
-1.27406e-09
-1.2965e-09
-1.27802e-09
-1.26699e-09
-1.23489e-09
-1.21119e-09
-1.19101e-09
-1.12459e-09
-1.12281e-09
-1.04592e-09
-9.97438e-10
-9.7538e-10
-8.80872e-10
-8.17673e-10
-8.17586e-10
-6.40474e-10
-6.85794e-10
-5.22465e-10
-5.09288e-10
-3.90749e-10
-3.46235e-10
-2.3871e-10
-1.78633e-10
-1.00527e-10
1.68876e-11
3.11985e-11
1.74315e-10
2.29627e-10
2.82944e-10
4.01346e-10
4.59885e-10
5.00719e-10
6.41208e-10
6.23265e-10
7.69456e-10
7.61417e-10
8.78362e-10
8.75901e-10
9.88149e-10
9.78072e-10
1.04366e-09
1.11565e-09
1.06667e-09
1.18472e-09
1.15537e-09
1.18264e-09
1.2116e-09
1.21487e-09
1.20232e-09
1.24174e-09
1.18554e-09
1.22598e-09
1.16868e-09
1.19203e-09
1.10703e-09
1.16733e-09
1.04056e-09
1.06005e-09
1.03149e-09
9.16553e-10
9.57566e-10
8.34425e-10
8.25655e-10
7.37002e-10
7.08584e-10
6.07581e-10
5.86604e-10
4.83844e-10
4.3243e-10
3.67789e-10
2.96722e-10
1.90933e-10
2.02669e-10
3.10079e-11
3.13822e-11
-5.18493e-11
-1.57132e-10
-1.68776e-10
-2.92742e-10
-3.02178e-10
-4.27725e-10
-4.14154e-10
-5.59211e-10
-5.31569e-10
-6.41949e-10
-6.83973e-10
-6.9678e-10
-7.81649e-10
-8.16923e-10
-8.13287e-10
-9.05096e-10
-8.95305e-10
-9.26669e-10
-9.62361e-10
-9.63756e-10
-9.91778e-10
-9.76481e-10
-1.03202e-09
-9.47338e-10
-1.06176e-09
-9.31085e-10
-1.0123e-09
-9.66056e-10
-9.26285e-10
-9.41977e-10
-8.97002e-10
-8.69744e-10
-8.29425e-10
-8.29217e-10
-7.40945e-10
-7.40314e-10
-6.87011e-10
-6.29029e-10
-5.9665e-10
-5.58052e-10
-4.55022e-10
-4.97249e-10
-3.34917e-10
-3.68889e-10
-2.70321e-10
-2.27317e-10
-1.64711e-10
-1.23819e-10
-6.97797e-11
3.05643e-11
-1.17929e-11
1.56181e-10
1.14076e-10
2.1424e-10
2.51795e-10
2.9265e-10
3.38785e-10
4.00307e-10
4.06197e-10
4.79003e-10
5.00788e-10
5.32103e-10
5.57792e-10
6.20906e-10
5.94384e-10
6.44395e-10
6.98225e-10
6.21811e-10
7.51875e-10
6.60945e-10
7.43082e-10
6.92084e-10
7.43462e-10
6.96935e-10
7.25846e-10
7.1384e-10
6.69354e-10
7.29228e-10
6.32688e-10
6.68581e-10
6.43798e-10
5.99163e-10
5.84416e-10
5.87637e-10
5.05904e-10
5.23719e-10
4.66561e-10
4.55749e-10
3.79551e-10
4.1611e-10
2.99309e-10
3.23711e-10
2.72e-10
1.94968e-10
2.39929e-10
1.05672e-10
1.50265e-10
5.25186e-11
7.19808e-11
-3.63277e-11
7.09393e-12
-7.91033e-11
-1.19252e-10
-9.84021e-11
-1.89491e-10
-1.93842e-10
-2.12472e-10
-2.62212e-10
-2.81622e-10
-2.90153e-10
-3.42446e-10
-3.33829e-10
-3.76652e-10
-3.70978e-10
-4.25759e-10
-3.6648e-10
-4.82635e-10
-3.87138e-10
-4.56699e-10
-4.65212e-10
-4.20598e-10
-4.7737e-10
-4.35424e-10
-4.78367e-10
-4.00465e-10
-5.00261e-10
-3.88249e-10
-4.4642e-10
-4.21611e-10
-3.8742e-10
-4.05503e-10
-3.73332e-10
-3.55314e-10
-3.51749e-10
-3.28121e-10
-2.95076e-10
-3.03197e-10
-2.64802e-10
-2.37362e-10
-2.30822e-10
-2.24916e-10
-1.29599e-10
-2.20907e-10
-9.08737e-11
-1.32771e-10
-8.68051e-11
-7.33841e-11
-3.97743e-11
-2.03523e-11
-3.06134e-11
6.84308e-11
-2.3117e-11
1.13104e-10
4.08281e-11
1.08227e-10
1.15281e-10
1.24779e-10
1.41053e-10
1.6596e-10
1.78038e-10
1.60997e-10
2.28382e-10
1.91726e-10
2.05907e-10
2.46913e-10
2.24435e-10
2.16717e-10
2.80989e-10
2.10244e-10
2.71452e-10
2.33335e-10
2.72377e-10
2.19714e-10
2.76608e-10
2.32498e-10
2.28646e-10
2.77512e-10
1.74829e-10
2.82333e-10
1.77403e-10
2.36808e-10
1.81008e-10
2.22266e-10
1.56724e-10
1.81446e-10
1.90651e-10
1.04655e-10
1.84855e-10
1.12741e-10
1.17936e-10
1.06173e-10
1.11234e-10
5.90461e-11
8.73649e-11
5.87117e-11
4.03397e-11
3.57016e-11
4.0097e-11
-1.64166e-11
3.2785e-11
-2.71659e-11
-2.308e-11
-5.21369e-12
-7.05767e-11
-2.08358e-11
-7.94531e-11
-3.28653e-11
-1.2361e-10
-1.87514e-11
-1.30096e-10
-8.59195e-11
-7.04477e-11
-1.39132e-10
-8.00577e-11
-1.30437e-10
-8.38621e-11
-1.64576e-10
-6.41054e-11
-1.57765e-10
-1.11635e-10
-1.0761e-10
-1.40758e-10
-1.07334e-10
-1.23474e-10
-1.16249e-10
-1.22427e-10
-9.77465e-11
-1.29826e-10
-9.4845e-11
-1.01428e-10
-1.10506e-10
-9.47772e-11
-6.71008e-11
-1.30698e-10
-4.00331e-11
-9.55383e-11
-7.31313e-11
-6.2512e-11
-5.25702e-11
-6.43627e-11
-6.2291e-11
3.4273e-12
-1.06172e-10
2.8691e-11
-6.45114e-11
-4.47996e-12
-2.73268e-11
3.62652e-13
-1.057e-11
-1.53861e-11
4.21396e-11
-4.65153e-11
6.91921e-11
-2.56745e-11
4.31999e-11
1.89327e-11
3.01126e-11
2.54251e-11
4.1496e-11
4.3919e-11
1.25386e-11
8.0295e-11
1.88639e-11
4.53e-11
6.40959e-11
4.17103e-11
3.31598e-11
8.01841e-11
3.13967e-11
5.14191e-11
5.66227e-11
6.1966e-11
1.93284e-11
8.38294e-11
3.72172e-11
3.13414e-11
8.15518e-11
1.14842e-11
7.27804e-11
1.47786e-11
7.74864e-11
-4.82781e-12
7.91914e-11
1.10146e-11
3.02808e-11
6.12186e-11
-1.59179e-11
7.1113e-11
-1.15623e-11
5.55481e-11
-2.09724e-11
6.55523e-11
-2.23053e-11
1.94973e-11
3.92378e-11
-3.48025e-11
3.96951e-11
-1.15607e-11
1.70115e-11
-3.06104e-11
4.28582e-11
-3.70812e-11
-1.69855e-12
1.6161e-11
-3.21282e-11
-4.16004e-12
-6.8874e-13
-1.86596e-11
-2.36094e-11
6.92977e-12
-3.02836e-11
-1.67169e-11
-7.40333e-12
-1.95241e-11
-3.32934e-11
1.1534e-11
-5.07029e-11
3.46616e-12
-2.7855e-11
-1.88325e-11
-1.87389e-11
-1.73899e-11
-1.43156e-11
-4.17386e-11
2.90196e-11
-7.71812e-11
3.23337e-11
-4.18786e-11
-1.05635e-11
-1.86653e-11
-6.54057e-12
-1.50854e-11
-4.1163e-11
4.80799e-11
-8.45976e-11
4.33365e-11
-3.5165e-11
-1.98943e-13
-2.26833e-11
1.16284e-11
-1.15009e-11
-3.60083e-11
5.37459e-11
-6.66382e-11
3.72295e-11
-2.18139e-11
1.0837e-11
-2.18112e-11
2.05518e-11
-5.25397e-12
-2.07977e-11
4.02767e-11
-3.65178e-11
2.58829e-11
-7.53488e-12
1.04442e-11
-8.7863e-12
2.01294e-11
-6.41346e-12
2.3911e-12
1.98129e-11
-1.16481e-11
1.23274e-11
1.30327e-11
-6.50606e-12
8.64493e-12
1.99194e-11
-1.54162e-11
1.98045e-11
6.18867e-12
4.63931e-12
-8.68964e-12
4.02252e-11
-2.91447e-11
1.80997e-11
2.16664e-11
-2.11145e-11
2.16643e-11
-1.68676e-13
1.92863e-11
-3.57984e-11
6.29836e-11
-4.33544e-11
1.82483e-11
1.81372e-11
-1.60187e-11
1.28918e-11
-6.70049e-12
3.40832e-11
-5.73701e-11
7.08123e-11
-4.65117e-11
1.74359e-11
6.2605e-12
-5.2248e-12
4.80969e-12
-1.48093e-11
4.20278e-11
-6.36951e-11
6.52165e-11
-4.54787e-11
2.031e-11
-6.60861e-12
1.67411e-12
1.36655e-12
-1.77785e-11
3.77618e-11
-5.69496e-11
5.57296e-11
-4.42763e-11
2.19111e-11
-1.10258e-11
2.49744e-12
-2.50996e-12
-1.08272e-11
2.56657e-11
-4.68359e-11
4.7907e-11
-3.88991e-11
1.51533e-11
-5.97613e-12
3.21995e-12
-1.13742e-11
1.66423e-12
1.55287e-11
-3.92968e-11
3.86296e-11
-2.38634e-11
1.97371e-13
1.1507e-12
9.04407e-12
-2.21909e-11
1.02228e-11
1.25712e-11
-3.19523e-11
2.23087e-11
-3.92473e-13
-1.53755e-11
3.26378e-12
1.78334e-11
-2.72808e-11
9.47614e-12
1.35644e-11
-1.93976e-11
-1.15837e-12
2.34399e-11
-2.41825e-11
2.84905e-13
2.24992e-11
-2.21821e-11
2.13037e-12
1.1753e-11
-5.16757e-13
-2.53995e-11
3.95116e-11
-2.52426e-11
-2.24943e-12
1.81187e-11
-9.46385e-12
-4.99992e-12
3.89534e-12
1.9943e-11
-4.30802e-11
4.55785e-11
-2.32651e-11
6.48668e-13
5.92075e-12
4.31137e-12
-7.41915e-12
-7.52815e-12
3.56904e-11
-5.13695e-11
4.52259e-11
-2.3371e-11
9.25934e-12
-8.71829e-12
1.41661e-11
-5.62135e-12
-1.7592e-11
4.37705e-11
-5.25992e-11
4.34337e-11
-2.70369e-11
2.00811e-11
-2.10671e-11
1.95052e-11
-2.91506e-12
-2.33222e-11
4.56302e-11
-5.08472e-11
4.26024e-11
-3.2278e-11
2.9595e-11
-2.98921e-11
2.2621e-11
-1.65476e-12
-2.52466e-11
4.45227e-11
-4.83999e-11
4.20849e-11
-3.66659e-11
3.69285e-11
-3.66648e-11
2.54396e-11
-1.5416e-12
-2.55836e-11
4.23279e-11
-4.49557e-11
4.04987e-11
-3.98391e-11
4.34844e-11
-4.28022e-11
2.76731e-11
-8.41262e-13
-2.54953e-11
3.85611e-11
-3.94659e-11
3.80836e-11
-4.34826e-11
5.0587e-11
-4.7775e-11
2.76268e-11
1.16966e-12
-2.3925e-11
3.187e-11
-3.23942e-11
3.70005e-11
-4.92533e-11
5.75282e-11
-4.95258e-11
2.44581e-11
2.89452e-12
-1.87882e-11
2.23352e-11
-2.63298e-11
3.95466e-11
-5.6675e-11
6.16661e-11
-4.65956e-11
1.9798e-11
1.29913e-12
-9.31106e-12
1.25252e-11
-2.44694e-11
4.58772e-11
-6.27787e-11
6.04437e-11
-4.01018e-11
1.73691e-11
-6.38742e-12
4.83007e-12
-3.01934e-12
9.47335e-13
-2.27694e-14
2.95894e-14
4.14228e-15
0
