0
2.52638e-16
3.58247e-15
2.41253e-14
4.53164e-14
7.90366e-14
1.4506e-12
-8.65872e-12
2.28046e-11
-3.32043e-11
3.04698e-11
-1.84318e-11
6.00489e-12
1.65093e-12
-5.2926e-12
7.30373e-12
-7.57092e-12
2.6747e-12
9.84786e-12
-2.6861e-11
3.89166e-11
-3.69962e-11
2.01395e-11
2.93905e-12
-2.08851e-11
2.73815e-11
-2.40052e-11
1.64199e-11
-9.13217e-12
2.2827e-12
5.76156e-12
-1.37051e-11
1.55765e-11
-6.15775e-12
-1.28008e-11
3.17827e-11
-4.01956e-11
3.34041e-11
-1.56648e-11
-3.63748e-12
1.64715e-11
-2.12686e-11
2.11969e-11
-1.88191e-11
1.28116e-11
-1.43059e-12
-1.29252e-11
2.29604e-11
-2.1491e-11
6.83889e-12
1.45528e-11
-3.17408e-11
3.62767e-11
-2.80368e-11
1.34941e-11
4.35027e-13
-1.11465e-11
1.88545e-11
-2.32967e-11
2.19993e-11
-1.25321e-11
-4.25539e-12
2.1864e-11
-3.09458e-11
2.55138e-11
-8.17837e-12
-1.19758e-11
2.57685e-11
-2.9367e-11
2.41713e-11
-1.41523e-11
2.47337e-12
9.31131e-12
-2.00173e-11
2.61979e-11
-2.31541e-11
9.00774e-12
1.15428e-11
-2.93785e-11
3.6273e-11
-2.97594e-11
1.36309e-11
4.36496e-12
-1.7301e-11
2.22564e-11
-2.0396e-11
1.35488e-11
-2.75117e-12
-1.05772e-11
2.24519e-11
-2.75022e-11
2.16549e-11
-5.19709e-12
-1.65436e-11
3.46731e-11
-4.16803e-11
3.57021e-11
-2.12824e-11
5.20956e-12
7.22912e-12
-1.38082e-11
1.42325e-11
-9.31909e-12
-1.52478e-14
1.20889e-11
-2.33712e-11
2.79536e-11
-2.09556e-11
2.59724e-12
2.04216e-11
-3.89027e-11
4.60736e-11
-4.10765e-11
2.8405e-11
-1.48786e-11
4.93651e-12
8.78157e-13
-3.82683e-12
3.30525e-12
2.569e-12
-1.36177e-11
2.49018e-11
-2.89473e-11
2.0275e-11
5.51956e-15
-2.3982e-11
4.12259e-11
-4.61659e-11
4.11721e-11
-3.31936e-11
2.67263e-11
-2.14001e-11
1.47813e-11
-7.23444e-12
2.76225e-12
-6.00901e-12
1.67646e-11
-2.79445e-11
2.94019e-11
-1.65383e-11
-5.43296e-12
2.54764e-11
-3.60622e-11
3.77855e-11
-3.6831e-11
3.78992e-11
-4.00917e-11
3.81147e-11
-2.88818e-11
1.63076e-11
-9.35219e-12
1.31452e-11
-2.3326e-11
2.91592e-11
-2.32463e-11
7.29964e-12
9.75886e-12
-1.98732e-11
2.22108e-11
-2.3436e-11
3.02237e-11
-4.18799e-11
5.01697e-11
-4.8005e-11
3.66996e-11
-2.50009e-11
2.05616e-11
-2.35295e-11
2.67026e-11
-2.25483e-11
1.01391e-11
3.29324e-12
-9.41429e-12
7.07268e-12
-3.94217e-12
8.61213e-12
-2.2502e-11
3.86477e-11
-4.83902e-11
4.80971e-11
-4.14612e-11
3.50854e-11
-3.22242e-11
2.95743e-11
-2.17385e-11
8.03218e-12
5.14029e-12
-1.01263e-11
4.88827e-12
4.877e-12
-1.04278e-11
5.923e-12
7.63046e-12
-2.3911e-11
3.60975e-11
-4.18559e-11
4.28822e-11
-4.10912e-11
3.55896e-11
-2.47223e-11
9.19527e-12
6.52293e-12
-1.64253e-11
1.59091e-11
-5.1527e-12
-1.01768e-11
2.13963e-11
-2.23848e-11
1.26481e-11
3.31147e-12
-1.95418e-11
3.0977e-11
-3.5231e-11
3.25935e-11
-2.48819e-11
1.30824e-11
2.04913e-12
-1.76368e-11
2.74228e-11
-2.54525e-11
1.06418e-11
1.10625e-11
-2.95992e-11
3.59708e-11
-2.80605e-11
1.19038e-11
2.7151e-12
-1.01006e-11
1.13059e-11
-1.02692e-11
7.76463e-12
-1.04437e-12
-1.19879e-11
2.79524e-11
-3.83038e-11
3.43688e-11
-1.49919e-11
-1.08961e-11
2.97588e-11
-3.4167e-11
2.76304e-11
-1.99314e-11
1.74425e-11
-1.90197e-11
1.92017e-11
-1.53064e-11
1.06675e-11
-1.20467e-11
2.21658e-11
-3.53553e-11
4.079e-11
-3.2246e-11
1.36966e-11
4.2114e-12
-1.38211e-11
1.57063e-11
-1.65919e-11
2.2228e-11
-3.25172e-11
4.14887e-11
-4.31268e-11
3.70438e-11
-2.91805e-11
2.55733e-11
-2.68946e-11
2.86203e-11
-2.65565e-11
2.0334e-11
-1.3186e-11
8.54134e-12
-7.28067e-12
6.193e-12
-3.02705e-13
-1.29915e-11
3.07336e-11
-4.64602e-11
5.42486e-11
-5.19364e-11
4.1176e-11
-2.68125e-11
1.44903e-11
-7.79498e-12
6.14896e-12
-6.9875e-12
8.88357e-12
-1.25948e-11
1.81404e-11
-2.26828e-11
2.08567e-11
-8.50807e-12
-1.35186e-11
3.72254e-11
-5.10979e-11
4.76408e-11
-2.97565e-11
8.29047e-12
6.43556e-12
-1.1756e-11
1.13678e-11
-9.54563e-12
6.32858e-12
1.32067e-12
-1.48515e-11
2.93572e-11
-3.5175e-11
2.53879e-11
-3.72911e-12
-1.69107e-11
2.41505e-11
-1.56673e-11
-9.61331e-13
1.54498e-11
-2.26161e-11
2.40035e-11
-2.4351e-11
2.5445e-11
-2.40148e-11
1.52619e-11
4.66005e-13
-1.64804e-11
2.49875e-11
-2.40085e-11
1.80618e-11
-1.40172e-11
1.5823e-11
-2.2769e-11
3.03093e-11
-3.37671e-11
3.16859e-11
-2.70413e-11
2.4024e-11
-2.46216e-11
2.72625e-11
-2.8653e-11
2.53359e-11
-1.56382e-11
9.36279e-13
1.42151e-11
-2.5676e-11
3.28982e-11
-3.8551e-11
4.38922e-11
-4.64406e-11
4.18668e-11
-2.901e-11
1.24352e-11
-1.26741e-12
3.12367e-12
-1.77417e-11
3.51497e-11
-4.28195e-11
3.52329e-11
-1.75272e-11
-8.87603e-13
1.43886e-11
-2.38793e-11
3.22174e-11
-3.91251e-11
3.96579e-11
-2.87533e-11
7.33068e-12
1.49901e-11
-2.57524e-11
1.9083e-11
-6.84553e-13
-1.75122e-11
2.63909e-11
-2.48492e-11
1.7371e-11
-9.39183e-12
3.61042e-12
1.57746e-13
-3.2893e-12
5.30293e-12
-3.6397e-12
-3.8699e-12
1.56926e-11
-2.73443e-11
3.4192e-11
-3.40411e-11
2.72501e-11
-1.69851e-11
8.02559e-12
-3.95269e-12
3.39048e-12
-9.17293e-13
-8.0809e-12
2.23713e-11
-3.55468e-11
4.05827e-11
-3.54619e-11
2.48628e-11
-1.73921e-11
1.8599e-11
-2.64848e-11
3.3551e-11
-3.4869e-11
3.24355e-11
-3.16921e-11
3.36091e-11
-3.24841e-11
2.08383e-11
2.77774e-12
-3.10343e-11
5.13307e-11
-5.43843e-11
4.07405e-11
-2.05405e-11
5.227e-12
1.75647e-13
1.83469e-12
-6.89341e-12
1.28009e-11
-1.94356e-11
2.59957e-11
-3.0358e-11
2.95471e-11
-2.15375e-11
6.81821e-12
1.00937e-11
-2.24016e-11
2.4593e-11
-1.59552e-11
4.64155e-13
1.49941e-11
-2.39585e-11
2.36188e-11
-1.74298e-11
1.25524e-11
-1.36152e-11
1.77751e-11
-1.78408e-11
9.49059e-12
4.18661e-12
-1.59237e-11
2.04052e-11
-1.86419e-11
1.63858e-11
-1.89172e-11
2.54408e-11
-2.97773e-11
2.68702e-11
-1.95957e-11
1.68473e-11
-2.50617e-11
4.11505e-11
-5.47894e-11
5.60276e-11
-4.20028e-11
1.75213e-11
8.22907e-12
-2.72283e-11
3.61507e-11
-3.67066e-11
3.20957e-11
-2.45975e-11
1.55915e-11
-7.34118e-12
2.39057e-12
-2.49953e-12
8.06719e-12
-1.85985e-11
3.10929e-11
-3.93539e-11
3.65991e-11
-2.15824e-11
9.33272e-13
1.46404e-11
-1.81508e-11
1.05764e-11
3.36313e-13
-6.54131e-12
5.81721e-12
-3.60844e-12
7.18543e-12
-1.8012e-11
2.94048e-11
-3.33341e-11
2.79751e-11
-1.86891e-11
1.14039e-11
-7.29319e-12
2.75275e-12
5.82536e-12
-1.83198e-11
2.98068e-11
-3.3971e-11
2.79849e-11
-1.59177e-11
6.12002e-12
-5.69954e-12
1.61455e-11
-3.37754e-11
5.16032e-11
-6.19478e-11
5.92621e-11
-4.40303e-11
2.28139e-11
-3.75142e-12
-9.5313e-12
1.83785e-11
-2.50757e-11
2.86636e-11
-2.5973e-11
1.53721e-11
-4.65668e-13
-1.07021e-11
1.04607e-11
1.50146e-12
-1.65838e-11
2.34541e-11
-1.80678e-11
6.51876e-12
1.15087e-12
-1.91859e-13
-6.46747e-12
1.21712e-11
-1.24694e-11
7.40983e-12
-1.08348e-12
-1.54795e-12
-2.33718e-12
1.16198e-11
-2.30961e-11
3.37831e-11
-4.20856e-11
4.67373e-11
-4.69225e-11
4.23502e-11
-3.29035e-11
1.75467e-11
3.42568e-12
-2.51439e-11
3.82396e-11
-3.57593e-11
1.98235e-11
-1.657e-12
-6.56654e-12
-1.51544e-13
1.68333e-11
-3.32508e-11
4.11721e-11
-3.9888e-11
3.47164e-11
-3.08206e-11
2.76879e-11
-2.11681e-11
9.44814e-12
3.58657e-12
-1.21469e-11
1.3401e-11
-8.99322e-12
2.33992e-12
3.36901e-12
-6.57173e-12
7.87197e-12
-1.03528e-11
1.69479e-11
-2.73714e-11
3.67282e-11
-3.84125e-11
2.81518e-11
-7.78609e-12
-1.45102e-11
2.78355e-11
-2.62301e-11
1.35639e-11
-9.81611e-13
-2.68335e-12
-2.92056e-12
1.1936e-11
-2.00953e-11
2.79538e-11
-3.80727e-11
4.98547e-11
-5.85951e-11
5.81125e-11
-4.55834e-11
2.41938e-11
-2.38223e-12
-1.16003e-11
1.47247e-11
-1.04052e-11
4.47954e-12
-1.47622e-12
2.82709e-12
-7.08482e-12
9.74042e-12
-5.72364e-12
-6.0656e-12
1.95073e-11
-2.53649e-11
1.89507e-11
-4.50553e-12
-8.97321e-12
1.48193e-11
-1.30401e-11
8.26638e-12
-5.19374e-12
4.47844e-12
-3.42643e-12
1.27789e-13
2.10234e-12
3.4458e-12
-2.03608e-11
4.37661e-11
-6.32433e-11
7.00441e-11
-6.23003e-11
4.39821e-11
-2.21359e-11
4.09464e-12
4.82377e-12
-4.63333e-12
7.69403e-13
-2.01973e-13
5.47906e-12
-1.31794e-11
1.69074e-11
-1.28729e-11
2.80401e-12
6.70328e-12
-9.36274e-12
4.27866e-12
3.02326e-12
-6.51399e-12
5.68128e-12
-5.48701e-12
9.29745e-12
-1.43296e-11
1.4186e-11
-6.02211e-12
-6.54417e-12
1.57714e-11
-1.48895e-11
1.188e-12
2.22237e-11
-4.73857e-11
6.46084e-11
-6.77943e-11
5.73146e-11
-3.95328e-11
2.27426e-11
-1.30082e-11
1.05247e-11
-9.96591e-12
4.95232e-12
5.2313e-12
-1.46155e-11
1.63987e-11
-1.04738e-11
3.09137e-12
-2.30435e-13
1.7894e-12
-3.51961e-12
2.27308e-12
7.03725e-13
-1.69599e-12
-2.29332e-12
1.0675e-11
-1.91562e-11
2.16292e-11
-1.45635e-11
-2.51914e-13
1.5979e-11
-2.45316e-11
1.99589e-11
-1.48363e-12
-2.52105e-11
4.90774e-11
-6.01472e-11
5.65293e-11
-4.58427e-11
3.75353e-11
-3.46121e-11
3.23983e-11
-2.54897e-11
1.34756e-11
-9.01905e-13
-7.59555e-12
1.04044e-11
-9.36523e-12
7.40305e-12
-6.34525e-12
5.31076e-12
-2.22355e-12
-3.63272e-12
9.80956e-12
-1.25737e-11
9.27872e-12
6.76555e-14
-1.29349e-11
2.3638e-11
-2.48877e-11
1.24735e-11
8.83218e-12
-2.64707e-11
2.87515e-11
-1.42523e-11
-8.23985e-12
2.74991e-11
-3.80633e-11
4.13125e-11
-4.19366e-11
4.32689e-11
-4.55279e-11
4.60394e-11
-4.19836e-11
3.26467e-11
-2.0199e-11
7.57852e-12
2.89634e-12
-9.91094e-12
1.262e-11
-1.16279e-11
8.5755e-12
-4.24787e-12
-3.21034e-12
1.51338e-11
-2.7878e-11
3.27964e-11
-2.38761e-11
4.4842e-12
1.37378e-11
-2.00651e-11
1.20269e-11
3.94411e-12
-1.81175e-11
2.29807e-11
-1.68493e-11
3.59257e-12
1.00511e-11
-1.91144e-11
2.2727e-11
-2.38038e-11
2.62116e-11
-3.26458e-11
4.24344e-11
-5.10486e-11
5.1952e-11
-4.21004e-11
2.52116e-11
-9.17759e-12
-1.36643e-12
7.92878e-12
-1.40104e-11
1.8623e-11
-1.66699e-11
4.64256e-12
1.44927e-11
-3.31384e-11
4.37925e-11
-4.31249e-11
3.26732e-11
-1.82822e-11
7.25443e-12
-4.72675e-12
1.02417e-11
-1.83245e-11
2.17252e-11
-1.61599e-11
2.97953e-12
1.06203e-11
-1.61937e-11
1.05561e-11
1.89367e-13
-5.2129e-12
-2.0104e-12
1.81036e-11
-3.39974e-11
4.26077e-11
-4.26669e-11
3.59086e-11
-2.43815e-11
1.02545e-11
3.05765e-12
-1.25823e-11
1.73081e-11
-1.77551e-11
1.34191e-11
-3.03782e-12
-1.30078e-11
3.04546e-11
-4.31572e-11
4.68539e-11
-4.25457e-11
3.5844e-11
-3.32784e-11
3.6532e-11
-4.03499e-11
3.62604e-11
-2.08001e-11
-6.05132e-13
1.73523e-11
-2.20015e-11
1.41688e-11
9.44552e-13
-1.63242e-11
2.47957e-11
-2.1539e-11
7.45235e-12
9.23349e-12
-1.83102e-11
1.53736e-11
-5.13309e-12
-4.05902e-12
7.40783e-12
-6.48622e-12
5.50722e-12
-7.03159e-12
9.89067e-12
-1.08837e-11
7.22939e-12
9.97845e-13
-1.13418e-11
2.10636e-11
-2.96065e-11
3.77159e-11
-4.54443e-11
5.09702e-11
-5.22034e-11
4.74621e-11
-3.54524e-11
1.57766e-11
7.63736e-12
-2.56082e-11
2.8518e-11
-1.49635e-11
-6.04074e-12
2.18614e-11
-2.63767e-11
2.26906e-11
-1.84634e-11
1.92172e-11
-2.60804e-11
3.60289e-11
-4.35511e-11
4.26789e-11
-3.11152e-11
1.26935e-11
3.8888e-12
-1.08406e-11
6.04282e-12
5.60694e-12
-1.58117e-11
1.79136e-11
-1.12748e-11
7.31802e-13
7.80127e-12
-1.2593e-11
1.58622e-11
-1.95411e-11
2.17086e-11
-1.9086e-11
1.11452e-11
-1.13562e-12
-7.56897e-12
1.34367e-11
-1.58471e-11
1.35567e-11
-6.88244e-12
-7.33941e-13
5.1118e-12
-6.93254e-12
1.22008e-11
-2.63695e-11
4.7216e-11
-6.52588e-11
7.03252e-11
-5.88283e-11
3.52671e-11
-9.43026e-12
-8.98613e-12
1.46221e-11
-8.963e-12
-1.44257e-12
9.08191e-12
-1.02005e-11
6.25151e-12
-2.92197e-12
6.37574e-12
-1.90944e-11
3.64795e-11
-4.89455e-11
4.86024e-11
-3.61082e-11
1.96725e-11
-7.95069e-12
3.51822e-12
-4.00803e-12
6.57365e-12
-1.01663e-11
1.33728e-11
-1.38973e-11
1.06254e-11
-5.58535e-12
1.19268e-12
2.79646e-12
-8.64031e-12
1.59177e-11
-2.03099e-11
1.74086e-11
-8.04117e-12
-2.17307e-12
7.5481e-12
-7.13349e-12
4.47045e-12
-4.47004e-12
9.26518e-12
-1.65597e-11
2.02572e-11
-1.44028e-11
-2.92407e-12
2.75215e-11
-5.11669e-11
6.50741e-11
-6.39503e-11
4.85311e-11
-2.66316e-11
9.2991e-12
-3.74029e-12
7.44401e-12
-1.0926e-11
6.46201e-12
4.81907e-12
-1.51538e-11
1.70714e-11
-8.27418e-12
-9.32583e-12
3.10927e-11
-5.02657e-11
5.91437e-11
-5.42079e-11
3.97253e-11
-2.53219e-11
1.7782e-11
-1.6491e-11
1.60646e-11
-1.31058e-11
8.51757e-12
-5.19576e-12
4.41192e-12
-5.67452e-12
7.75891e-12
-9.78419e-12
1.09292e-11
-1.10277e-11
1.05638e-11
-1.04618e-11
1.07709e-11
-1.06891e-11
8.99816e-12
-5.51153e-12
1.68683e-12
-9.84787e-13
6.62836e-12
-1.8251e-11
2.95202e-11
-3.16808e-11
2.03289e-11
7.77692e-14
-1.98617e-11
3.12456e-11
-3.27934e-11
2.7491e-11
-1.98737e-11
1.44256e-11
-1.47116e-11
1.98631e-11
-2.30292e-11
1.55253e-11
4.22743e-12
-2.7278e-11
4.00813e-11
-3.51731e-11
1.53043e-11
1.03048e-11
-3.27432e-11
4.62851e-11
-4.91971e-11
4.38761e-11
-3.66683e-11
3.37615e-11
-3.62557e-11
3.85812e-11
-3.36562e-11
1.91065e-11
2.60994e-13
-1.62379e-11
2.2257e-11
-1.69229e-11
3.54737e-12
1.20924e-11
-2.52501e-11
3.37978e-11
-3.81725e-11
3.9419e-11
-3.85038e-11
3.60857e-11
-3.27753e-11
2.82679e-11
-2.20284e-11
1.47217e-11
-9.20488e-12
7.75308e-12
-9.20338e-12
9.44819e-12
-6.59745e-12
3.64143e-12
-5.48861e-12
1.27428e-11
-2.07601e-11
2.40443e-11
-2.11367e-11
1.39469e-11
-5.29091e-12
-1.8931e-12
3.24065e-12
4.63215e-12
-1.95652e-11
3.24696e-11
-3.41211e-11
2.31287e-11
-7.32695e-12
-3.70354e-12
5.846e-12
-1.88686e-12
-2.63742e-12
2.6337e-12
4.65097e-12
-1.83126e-11
3.20289e-11
-3.64865e-11
2.55217e-11
-2.13355e-12
-2.27748e-11
3.73684e-11
-3.65737e-11
2.37473e-11
-7.41908e-12
-4.59168e-12
9.04208e-12
-8.6492e-12
9.44837e-12
-1.66652e-11
3.06143e-11
-4.63307e-11
5.5899e-11
-5.29915e-11
3.63108e-11
-1.14224e-11
-1.17562e-11
2.42874e-11
-2.40101e-11
1.57699e-11
-6.63744e-12
-9.7591e-14
5.53814e-12
-1.21344e-11
2.06763e-11
-3.09751e-11
4.23171e-11
-5.25369e-11
5.68751e-11
-5.12756e-11
3.67354e-11
-1.98653e-11
6.99092e-12
6.31452e-13
-5.71059e-12
9.19911e-12
-8.7763e-12
2.36702e-12
7.99397e-12
-1.82854e-11
2.64156e-11
-3.30648e-11
3.8138e-11
-3.97811e-11
3.70735e-11
-3.28089e-11
3.04536e-11
-2.96159e-11
2.57231e-11
-1.59849e-11
3.47122e-12
4.92297e-12
-4.88061e-12
-2.73421e-12
1.36873e-11
-2.3743e-11
2.92345e-11
-2.77563e-11
1.98393e-11
-1.07294e-11
7.4078e-12
-1.31147e-11
2.37917e-11
-3.13645e-11
2.98762e-11
-1.99133e-11
7.35437e-12
4.32444e-13
9.66623e-13
-1.09375e-11
2.35836e-11
-3.08798e-11
2.70585e-11
-1.27437e-11
-5.194e-12
1.71956e-11
-1.68987e-11
4.77203e-12
1.16915e-11
-2.28082e-11
2.28124e-11
-1.40063e-11
4.52563e-12
-2.39068e-12
9.7108e-12
-2.21887e-11
3.20173e-11
-3.22628e-11
1.97518e-11
2.40736e-12
-2.51457e-11
3.74102e-11
-3.37752e-11
1.84954e-11
-2.39254e-12
-6.01619e-12
5.84631e-12
-2.43713e-12
1.52609e-12
-6.1856e-12
1.62283e-11
-2.83809e-11
3.56686e-11
-3.05628e-11
1.09794e-11
1.56227e-11
-3.6901e-11
4.46643e-11
-4.02232e-11
3.04313e-11
-2.11241e-11
1.41811e-11
-9.68738e-12
6.78447e-12
-2.91137e-12
-5.74974e-12
1.94291e-11
-3.18944e-11
3.39728e-11
-2.19899e-11
9.61809e-13
1.99879e-11
-3.50991e-11
4.34013e-11
-4.57588e-11
4.25412e-11
-3.54544e-11
2.79667e-11
-2.2491e-11
1.69372e-11
-7.24808e-12
-7.06421e-12
2.04933e-11
-2.64889e-11
2.29278e-11
-1.27209e-11
-7.27733e-13
1.56687e-11
-3.06105e-11
4.22835e-11
-4.78623e-11
4.76056e-11
-4.44357e-11
3.97843e-11
-3.22962e-11
2.04855e-11
-6.44084e-12
-5.44909e-12
1.22116e-11
-1.43756e-11
1.33326e-11
-9.02386e-12
3.39329e-13
1.2035e-11
-2.54881e-11
3.72902e-11
-4.63171e-11
5.16499e-11
-5.16202e-11
4.47265e-11
-3.24145e-11
1.88839e-11
-8.38765e-12
2.03393e-12
1.61753e-12
-4.29095e-12
5.94656e-12
-5.48837e-12
1.57652e-12
6.53381e-12
-1.89138e-11
3.37179e-11
-4.69935e-11
5.38141e-11
-5.15634e-11
4.16248e-11
-2.88214e-11
1.80748e-11
-1.19506e-11
9.58117e-12
-8.23241e-12
5.21791e-12
-1.84868e-13
-4.54971e-12
4.91219e-12
2.04627e-12
-1.61196e-11
3.30917e-11
-4.67764e-11
5.18395e-11
-4.69884e-11
3.55541e-11
-2.38576e-11
1.70328e-11
-1.61423e-11
1.77311e-11
-1.70972e-11
1.15982e-11
-2.67099e-12
-5.32313e-12
7.14623e-12
2.65791e-13
-1.58744e-11
3.37821e-11
-4.61399e-11
4.7639e-11
-3.93785e-11
2.76602e-11
-1.95499e-11
1.80006e-11
-2.11477e-11
2.42301e-11
-2.29019e-11
1.51809e-11
-3.18588e-12
-7.2217e-12
8.95535e-12
1.04921e-12
-1.89414e-11
3.56972e-11
-4.35583e-11
4.06692e-11
-3.13456e-11
2.19498e-11
-1.74587e-11
1.93473e-11
-2.53952e-11
2.99795e-11
-2.72575e-11
1.55094e-11
-8.16894e-14
-9.83738e-12
7.6982e-12
5.40956e-12
-2.24241e-11
3.52847e-11
-3.95094e-11
3.49703e-11
-2.55046e-11
1.72171e-11
-1.59007e-11
2.25611e-11
-3.17691e-11
3.48349e-11
-2.70571e-11
1.15092e-11
3.16975e-12
-9.37887e-12
4.54238e-12
8.53219e-12
-2.40622e-11
3.51754e-11
-3.6955e-11
2.94528e-11
-1.90629e-11
1.42468e-11
-1.9063e-11
2.94529e-11
-3.69551e-11
3.51754e-11
-2.40622e-11
8.53203e-12
4.5426e-12
-9.37911e-12
3.16997e-12
1.1509e-11
-2.7057e-11
3.48348e-11
-3.1769e-11
2.25609e-11
-1.59003e-11
1.72167e-11
-2.55041e-11
3.497e-11
-3.95092e-11
3.52847e-11
-2.24242e-11
5.40971e-12
7.69806e-12
-9.83727e-12
-8.18105e-14
1.55096e-11
-2.72579e-11
2.998e-11
-2.5396e-11
1.93481e-11
-1.74595e-11
2.19504e-11
-3.1346e-11
4.06695e-11
-4.35584e-11
3.56973e-11
-1.89416e-11
1.04929e-12
8.9554e-12
-7.22199e-12
-3.18531e-12
1.518e-11
-2.29009e-11
2.42291e-11
-2.11469e-11
1.79999e-11
-1.95495e-11
2.76599e-11
-3.93782e-11
4.76386e-11
-4.61396e-11
3.37819e-11
-1.58744e-11
2.66056e-13
7.14565e-12
-5.32232e-12
-2.67189e-12
1.15991e-11
-1.70979e-11
1.77316e-11
-1.61426e-11
1.7033e-11
-2.38579e-11
3.55545e-11
-4.69889e-11
5.18399e-11
-4.67766e-11
3.30917e-11
-1.61193e-11
2.04574e-12
4.9128e-12
-4.55028e-12
-1.84458e-13
5.21769e-12
-8.23232e-12
9.58108e-12
-1.19504e-11
1.80744e-11
-2.88209e-11
4.16242e-11
-5.15629e-11
5.38138e-11
-4.69935e-11
3.37181e-11
-1.89141e-11
6.53401e-12
1.57644e-12
-5.48841e-12
5.94664e-12
-4.29093e-12
1.6173e-12
2.03437e-12
-8.38821e-12
1.88844e-11
-3.2415e-11
4.47269e-11
-5.16205e-11
5.16501e-11
-4.63172e-11
3.72904e-11
-2.54882e-11
1.20352e-11
3.3921e-13
-9.02388e-12
1.33328e-11
-1.43759e-11
1.22119e-11
-5.44943e-12
-6.44046e-12
2.04851e-11
-3.22958e-11
3.97839e-11
-4.44353e-11
4.76053e-11
-4.7862e-11
4.22832e-11
-3.06103e-11
1.56686e-11
-7.2764e-13
-1.27209e-11
2.29278e-11
-2.64888e-11
2.04931e-11
-7.06394e-12
-7.24839e-12
1.69375e-11
-2.24913e-11
2.7967e-11
-3.54547e-11
4.25415e-11
-4.57591e-11
4.34017e-11
-3.50995e-11
1.99881e-11
9.6168e-13
-2.19899e-11
3.39728e-11
-3.18944e-11
1.94292e-11
-5.74978e-12
-2.91134e-12
6.7844e-12
-9.68718e-12
1.41808e-11
-2.11237e-11
3.0431e-11
-4.0223e-11
4.46643e-11
-3.69009e-11
1.56226e-11
1.09796e-11
-3.05629e-11
3.56688e-11
-2.83811e-11
1.62285e-11
-6.1857e-12
1.52611e-12
-2.43715e-12
5.84642e-12
-6.01638e-12
-2.39234e-12
1.84953e-11
-3.37753e-11
3.74103e-11
-2.51458e-11
2.4075e-12
1.97516e-11
-3.22626e-11
3.20171e-11
-2.21884e-11
9.71039e-12
-2.3902e-12
4.52514e-12
-1.4006e-11
2.28122e-11
-2.28083e-11
1.16916e-11
4.77193e-12
-1.68987e-11
1.71957e-11
-5.19405e-12
-1.27438e-11
2.70587e-11
-3.08802e-11
2.3584e-11
-1.09378e-11
9.66814e-13
4.32409e-13
7.35426e-12
-1.99131e-11
2.9876e-11
-3.13644e-11
2.37917e-11
-1.31148e-11
7.40786e-12
-1.07294e-11
1.98394e-11
-2.77565e-11
2.92349e-11
-2.37434e-11
1.36875e-11
-2.73443e-12
-4.88037e-12
4.92272e-12
3.47141e-12
-1.5985e-11
2.57231e-11
-2.96159e-11
3.04535e-11
-3.28085e-11
3.70729e-11
-3.97804e-11
3.81374e-11
-3.30644e-11
2.64154e-11
-1.82852e-11
7.99377e-12
2.36714e-12
-8.77632e-12
9.19905e-12
-5.71045e-12
6.31188e-13
6.99131e-12
-1.98657e-11
3.67358e-11
-5.12759e-11
5.68753e-11
-5.25371e-11
4.23173e-11
-3.09752e-11
2.06763e-11
-1.21343e-11
5.53785e-12
-9.71938e-14
-6.63787e-12
1.57702e-11
-2.40103e-11
2.42875e-11
-1.17561e-11
-1.14225e-11
3.63109e-11
-5.29916e-11
5.5899e-11
-4.63307e-11
3.06144e-11
-1.66654e-11
9.44859e-12
-8.64939e-12
9.04223e-12
-4.59177e-12
-7.41905e-12
2.37473e-11
-3.65738e-11
3.73686e-11
-2.2775e-11
-2.13347e-12
2.55217e-11
-3.64865e-11
3.2029e-11
-1.83127e-11
4.6512e-12
2.63352e-12
-2.63735e-12
-1.88683e-12
5.84596e-12
-3.70355e-12
-7.32688e-12
2.31287e-11
-3.4121e-11
3.24696e-11
-1.95652e-11
4.63217e-12
3.24057e-12
-1.89296e-12
-5.29104e-12
1.39469e-11
-2.11366e-11
2.40442e-11
-2.07601e-11
1.27428e-11
-5.48865e-12
3.64148e-12
-6.59757e-12
9.44845e-12
-9.20376e-12
7.75351e-12
-9.20529e-12
1.47221e-11
-2.20287e-11
2.82682e-11
-3.27755e-11
3.60858e-11
-3.85038e-11
3.9419e-11
-3.81723e-11
3.37975e-11
-2.52496e-11
1.20918e-11
3.54809e-12
-1.69237e-11
2.22578e-11
-1.62385e-11
2.61279e-13
1.91065e-11
-3.36563e-11
3.85813e-11
-3.62558e-11
3.37617e-11
-3.66686e-11
4.38764e-11
-4.91975e-11
4.62856e-11
-3.27438e-11
1.03054e-11
1.53039e-11
-3.5173e-11
4.00816e-11
-2.72784e-11
4.22782e-12
1.5525e-11
-2.30289e-11
1.9863e-11
-1.47116e-11
1.44256e-11
-1.98737e-11
2.74908e-11
-3.27931e-11
3.12454e-11
-1.98617e-11
7.80617e-14
2.03284e-11
-3.16803e-11
2.95198e-11
-1.82507e-11
6.62827e-12
-9.84775e-13
1.68682e-12
-5.51147e-12
8.99807e-12
-1.0689e-11
1.07709e-11
-1.04619e-11
1.0564e-11
-1.10279e-11
1.09295e-11
-9.78437e-12
7.75899e-12
-5.67458e-12
4.41211e-12
-5.19614e-12
8.51803e-12
-1.31061e-11
1.60647e-11
-1.64909e-11
1.77819e-11
-2.53218e-11
3.97252e-11
-5.42079e-11
5.91438e-11
-5.02659e-11
3.10928e-11
-9.32566e-12
-8.27453e-12
1.70718e-11
-1.5154e-11
4.81916e-12
6.46203e-12
-1.0926e-11
7.44404e-12
-3.74023e-12
9.29894e-12
-2.66314e-11
4.85309e-11
-6.39502e-11
6.50742e-11
-5.11669e-11
2.75215e-11
-2.92401e-12
-1.44029e-11
2.02572e-11
-1.65597e-11
9.26495e-12
-4.46971e-12
4.47012e-12
-7.13323e-12
7.54796e-12
-2.17306e-12
-8.04107e-12
1.74084e-11
-2.03098e-11
1.59177e-11
-8.64031e-12
2.79639e-12
1.19288e-12
-5.58564e-12
1.06257e-11
-1.38976e-11
1.33729e-11
-1.01662e-11
6.57341e-12
-4.00769e-12
3.51785e-12
-7.95032e-12
1.96722e-11
-3.61079e-11
4.86022e-11
-4.89453e-11
3.64794e-11
-1.90944e-11
6.37579e-12
-2.92215e-12
6.25178e-12
-1.02008e-11
9.08211e-12
-1.44272e-12
-8.96283e-12
1.46219e-11
-8.98595e-12
-9.43033e-12
3.52671e-11
-5.88281e-11
7.0325e-11
-6.52585e-11
4.72158e-11
-2.63694e-11
1.22008e-11
-6.93282e-12
5.11222e-12
-7.34377e-13
-6.88203e-12
1.35563e-11
-1.58467e-11
1.34362e-11
-7.56851e-12
-1.13596e-12
1.11455e-11
-1.90861e-11
2.17085e-11
-1.95409e-11
1.58619e-11
-1.25926e-11
7.80086e-12
7.32277e-13
-1.12753e-11
1.79142e-11
-1.58124e-11
5.60755e-12
6.04234e-12
-1.08403e-11
3.88871e-12
1.26936e-11
-3.11152e-11
4.2679e-11
-4.35511e-11
3.60289e-11
-2.60804e-11
1.92171e-11
-1.84634e-11
2.26905e-11
-2.63765e-11
2.18611e-11
-6.0405e-12
-1.49637e-11
2.85182e-11
-2.56084e-11
7.63758e-12
1.57764e-11
-3.54522e-11
4.74619e-11
-5.22032e-11
5.097e-11
-4.54442e-11
3.77158e-11
-2.96064e-11
2.10635e-11
-1.13416e-11
9.97609e-13
7.22957e-12
-1.08837e-11
9.89046e-12
-7.03118e-12
5.50678e-12
-6.48589e-12
7.40765e-12
-4.05892e-12
-5.1332e-12
1.53738e-11
-1.83105e-11
9.23385e-12
7.45202e-12
-2.15387e-11
2.47956e-11
-1.63244e-11
9.44753e-13
1.41686e-11
-2.20014e-11
1.73523e-11
-6.0502e-13
-2.08004e-11
3.62608e-11
-4.03503e-11
3.65322e-11
-3.32784e-11
3.58438e-11
-4.25454e-11
4.68538e-11
-4.31572e-11
3.04548e-11
-1.30081e-11
-3.03763e-12
1.34191e-11
-1.77554e-11
1.73086e-11
-1.25828e-11
3.05806e-12
1.02543e-11
-2.43814e-11
3.59086e-11
-4.26669e-11
4.26077e-11
-3.39974e-11
1.81036e-11
-2.01045e-12
-5.21278e-12
1.89179e-13
1.05563e-11
-1.6194e-11
1.06206e-11
2.97943e-12
-1.616e-11
2.17254e-11
-1.83246e-11
1.02418e-11
-4.72681e-12
7.25445e-12
-1.82822e-11
3.26732e-11
-4.3125e-11
4.37925e-11
-3.31383e-11
1.44924e-11
4.64306e-12
-1.66704e-11
1.86236e-11
-1.40107e-11
7.92881e-12
-1.36626e-12
-9.17779e-12
2.52117e-11
-4.21004e-11
5.19519e-11
-5.10486e-11
4.24347e-11
-3.26463e-11
2.62121e-11
-2.38041e-11
2.2727e-11
-1.91141e-11
1.00506e-11
3.59305e-12
-1.68497e-11
2.29809e-11
-1.81177e-11
3.94427e-12
1.20268e-11
-2.00649e-11
1.37377e-11
4.48419e-12
-2.38759e-11
3.27962e-11
-2.78779e-11
1.51339e-11
-3.2105e-12
-4.24769e-12
8.57541e-12
-1.1628e-11
1.26203e-11
-9.91149e-12
2.89691e-12
7.57811e-12
-2.01988e-11
3.26467e-11
-4.19835e-11
4.60392e-11
-4.55277e-11
4.32686e-11
-4.19361e-11
4.13121e-11
-3.8063e-11
2.74989e-11
-8.23992e-12
-1.4252e-11
2.87512e-11
-2.64704e-11
8.83215e-12
1.24733e-11
-2.48873e-11
2.36375e-11
-1.29346e-11
6.74931e-14
9.27878e-12
-1.25737e-11
9.80946e-12
-3.63253e-12
-2.22379e-12
5.31099e-12
-6.34545e-12
7.40326e-12
-9.36548e-12
1.04047e-11
-7.59575e-12
-9.01809e-13
1.34756e-11
-2.54897e-11
3.23983e-11
-3.46121e-11
3.75354e-11
-4.58429e-11
5.65295e-11
-6.01473e-11
4.90772e-11
-2.521e-11
-1.48416e-12
1.99592e-11
-2.45317e-11
1.59788e-11
-2.51583e-13
-1.45638e-11
2.16295e-11
-1.91564e-11
1.06751e-11
-2.29334e-12
-1.69599e-12
7.03678e-13
2.27319e-12
-3.5197e-12
1.78939e-12
-2.30297e-13
3.09119e-12
-1.04736e-11
1.63985e-11
-1.46152e-11
5.2308e-12
4.95292e-12
-9.96644e-12
1.0525e-11
-1.30082e-11
2.27423e-11
-3.95325e-11
5.73144e-11
-6.77943e-11
6.46086e-11
-4.7386e-11
2.2224e-11
1.18773e-12
-1.48893e-11
1.57713e-11
-6.54403e-12
-6.02229e-12
1.41862e-11
-1.43299e-11
9.2977e-12
-5.48718e-12
5.6814e-12
-6.51406e-12
3.02327e-12
4.27877e-12
-9.363e-12
6.70367e-12
2.80356e-12
-1.28725e-11
1.69069e-11
-1.31789e-11
5.47868e-12
-2.01689e-13
7.69223e-13
-4.63321e-12
4.8237e-12
4.09468e-12
-2.21359e-11
4.3982e-11
-6.23002e-11
7.00439e-11
-6.32431e-11
4.37661e-11
-2.03608e-11
3.44595e-12
2.1021e-12
1.28183e-13
-3.42697e-12
4.47903e-12
-5.19418e-12
8.26658e-12
-1.30401e-11
1.48192e-11
-8.97318e-12
-4.50549e-12
1.89507e-11
-2.53649e-11
1.95074e-11
-6.06567e-12
-5.72361e-12
9.74046e-12
-7.08489e-12
2.82716e-12
-1.4763e-12
4.47968e-12
-1.04053e-11
1.47248e-11
-1.16003e-11
-2.3822e-12
2.41937e-11
-4.55833e-11
5.81123e-11
-5.85951e-11
4.98549e-11
-3.80731e-11
2.79542e-11
-2.00955e-11
1.1936e-11
-2.92054e-12
-2.68328e-12
-9.81809e-13
1.35642e-11
-2.62304e-11
2.78357e-11
-1.45104e-11
-7.7859e-12
2.81516e-11
-3.84124e-11
3.67282e-11
-2.73714e-11
1.6948e-11
-1.03529e-11
7.87215e-12
-6.57198e-12
3.36929e-12
2.3397e-12
-8.99312e-12
1.3401e-11
-1.21469e-11
3.58651e-12
9.44825e-12
-2.11682e-11
2.76878e-11
-3.08205e-11
3.47164e-11
-3.9888e-11
4.11723e-11
-3.32509e-11
1.68335e-11
-1.5167e-13
-6.56644e-12
-1.65708e-12
1.98235e-11
-3.57592e-11
3.82394e-11
-2.51435e-11
3.42523e-12
1.75471e-11
-3.29038e-11
4.23505e-11
-4.69227e-11
4.67377e-11
-4.2086e-11
3.37837e-11
-2.30966e-11
1.16203e-11
-2.33767e-12
-1.54751e-12
-1.08386e-12
7.41016e-12
-1.24696e-11
1.21712e-11
-6.4674e-12
-1.91906e-13
1.1508e-12
6.51898e-12
-1.80681e-11
2.34544e-11
-1.65841e-11
1.50163e-12
1.04606e-11
-1.07021e-11
-4.65625e-13
1.53721e-11
-2.5973e-11
2.86636e-11
-2.50756e-11
1.83784e-11
-9.53118e-12
-3.75158e-12
2.28141e-11
-4.40306e-11
5.92625e-11
-6.19484e-11
5.16039e-11
-3.37759e-11
1.61459e-11
-5.69968e-12
6.12004e-12
-1.59177e-11
2.79849e-11
-3.3971e-11
2.98069e-11
-1.832e-11
5.82554e-12
2.75259e-12
-7.29301e-12
1.14036e-11
-1.86888e-11
2.79747e-11
-3.33337e-11
2.94045e-11
-1.80119e-11
7.18536e-12
-3.60828e-12
5.81692e-12
-6.54097e-12
3.36121e-13
1.05763e-11
-1.81505e-11
1.46401e-11
9.33418e-13
-2.15824e-11
3.6599e-11
-3.93539e-11
3.1093e-11
-1.85986e-11
8.06726e-12
-2.49947e-12
2.39044e-12
-7.34103e-12
1.55914e-11
-2.45974e-11
3.20957e-11
-3.67066e-11
3.61507e-11
-2.72284e-11
8.22912e-12
1.75212e-11
-4.20028e-11
5.60275e-11
-5.47891e-11
4.11501e-11
-2.50614e-11
1.68472e-11
-1.95959e-11
2.68705e-11
-2.97776e-11
2.5441e-11
-1.89173e-11
1.6386e-11
-1.86421e-11
2.04055e-11
-1.59239e-11
4.18667e-12
9.49068e-12
-1.78409e-11
1.77751e-11
-1.3615e-11
1.25521e-11
-1.74295e-11
2.36185e-11
-2.39584e-11
1.49941e-11
4.64167e-13
-1.59553e-11
2.45932e-11
-2.24018e-11
1.0094e-11
6.81784e-12
-2.15372e-11
2.95468e-11
-3.03577e-11
2.59954e-11
-1.94354e-11
1.28009e-11
-6.8934e-12
1.83464e-12
1.75781e-13
5.22682e-12
-2.05403e-11
4.07403e-11
-5.4384e-11
5.13305e-11
-3.10341e-11
2.77755e-12
2.08383e-11
-3.2484e-11
3.36089e-11
-3.16919e-11
3.24355e-11
-3.48693e-11
3.35513e-11
-2.64851e-11
1.85992e-11
-1.73921e-11
2.48628e-11
-3.5462e-11
4.05828e-11
-3.55468e-11
2.23713e-11
-8.08069e-12
-9.17591e-13
3.39079e-12
-3.95293e-12
8.02574e-12
-1.69852e-11
2.72501e-11
-3.40412e-11
3.41921e-11
-2.73444e-11
1.56925e-11
-3.86974e-12
-3.63991e-12
5.30305e-12
-3.28923e-12
1.57461e-13
3.61087e-12
-9.39232e-12
1.73715e-11
-2.48496e-11
2.63913e-11
-1.75126e-11
-6.84288e-13
1.90829e-11
-2.57524e-11
1.49902e-11
7.33052e-12
-2.87532e-11
3.96578e-11
-3.91252e-11
3.22175e-11
-2.38796e-11
1.4389e-11
-8.88027e-13
-1.75267e-11
3.52324e-11
-4.28191e-11
3.51494e-11
-1.77415e-11
3.1236e-12
-1.26745e-12
1.24353e-11
-2.90102e-11
4.1867e-11
-4.64407e-11
4.38922e-11
-3.85507e-11
3.28979e-11
-2.56756e-11
1.42148e-11
9.36522e-13
-1.56383e-11
2.53359e-11
-2.86529e-11
2.72623e-11
-2.46213e-11
2.40238e-11
-2.70413e-11
3.16861e-11
-3.37674e-11
3.03097e-11
-2.27693e-11
1.58231e-11
-1.40171e-11
1.80615e-11
-2.4008e-11
2.49869e-11
-1.64797e-11
4.65402e-13
1.52622e-11
-2.40148e-11
2.54447e-11
-2.43505e-11
2.4003e-11
-2.26157e-11
1.54496e-11
-9.61398e-13
-1.5667e-11
2.415e-11
-1.691e-11
-3.72991e-12
2.53887e-11
-3.51756e-11
2.93576e-11
-1.48517e-11
1.32054e-12
6.3289e-12
-9.54596e-12
1.1368e-11
-1.17561e-11
6.43551e-12
8.29063e-12
-2.97567e-11
4.76411e-11
-5.10983e-11
3.72258e-11
-1.35191e-11
-8.50765e-12
2.08564e-11
-2.26828e-11
1.81405e-11
-1.2595e-11
8.88377e-12
-6.98767e-12
6.14908e-12
-7.79504e-12
1.44903e-11
-2.68125e-11
4.11758e-11
-5.19361e-11
5.42484e-11
-4.646e-11
3.07336e-11
-1.29916e-11
-3.02397e-13
6.19259e-12
-7.28026e-12
8.54105e-12
-1.31858e-11
2.03341e-11
-2.65566e-11
2.86205e-11
-2.68949e-11
2.55735e-11
-2.91806e-11
3.70437e-11
-4.31265e-11
4.14882e-11
-3.25166e-11
2.22274e-11
-1.65915e-11
1.5706e-11
-1.3821e-11
4.21154e-12
1.36963e-11
-3.22456e-11
4.07896e-11
-3.53551e-11
2.21659e-11
-1.2047e-11
1.06679e-11
-1.53068e-11
1.9202e-11
-1.90201e-11
1.74428e-11
-1.99316e-11
2.76305e-11
-3.41669e-11
2.97587e-11
-1.08959e-11
-1.49919e-11
3.43687e-11
-3.83037e-11
2.79523e-11
-1.19878e-11
-1.04435e-12
7.76456e-12
-1.02691e-11
1.13059e-11
-1.01005e-11
2.71511e-12
1.19037e-11
-2.80603e-11
3.59705e-11
-2.95989e-11
1.10623e-11
1.0642e-11
-2.54525e-11
2.74227e-11
-1.76365e-11
2.04876e-12
1.30828e-11
-2.48822e-11
3.25937e-11
-3.5231e-11
3.09768e-11
-1.95416e-11
3.31113e-12
1.26485e-11
-2.23851e-11
2.13965e-11
-1.01767e-11
-5.153e-12
1.59095e-11
-1.64257e-11
6.52324e-12
9.19507e-12
-2.47221e-11
3.55895e-11
-4.10911e-11
4.28823e-11
-4.18563e-11
3.6098e-11
-2.39115e-11
7.63066e-12
5.92315e-12
-1.04282e-11
4.8774e-12
4.88797e-12
-1.01261e-11
5.14005e-12
8.03251e-12
-2.17389e-11
2.95745e-11
-3.22241e-11
3.50849e-11
-4.14606e-11
4.80966e-11
-4.83899e-11
3.86477e-11
-2.25022e-11
8.61239e-12
-3.94236e-12
7.07285e-12
-9.41449e-12
3.29353e-12
1.01389e-11
-2.25481e-11
2.67027e-11
-2.35298e-11
2.05621e-11
-2.50014e-11
3.66999e-11
-4.80051e-11
5.01697e-11
-4.18799e-11
3.02237e-11
-2.3436e-11
2.22108e-11
-1.98732e-11
9.75877e-12
7.29972e-12
-2.32463e-11
2.9159e-11
-2.33258e-11
1.31449e-11
-9.35194e-12
1.63074e-11
-2.88817e-11
3.81145e-11
-4.00916e-11
3.7899e-11
-3.68308e-11
3.77853e-11
-3.60621e-11
2.54764e-11
-5.433e-12
-1.65382e-11
2.94018e-11
-2.79446e-11
1.67648e-11
-6.00915e-12
2.76229e-12
-7.23436e-12
1.47813e-11
-2.14002e-11
2.67266e-11
-3.3194e-11
4.11725e-11
-4.61661e-11
4.12258e-11
-2.39818e-11
5.49865e-15
2.02749e-11
-2.89472e-11
2.49019e-11
-1.3618e-11
2.56946e-12
3.3049e-12
-3.82678e-12
8.78452e-13
4.93606e-12
-1.48783e-11
2.84048e-11
-4.10763e-11
4.60734e-11
-3.89024e-11
2.04213e-11
2.59742e-12
-2.09555e-11
2.79532e-11
-2.33708e-11
1.20886e-11
-1.51472e-14
-9.31897e-12
1.42323e-11
-1.3808e-11
7.22884e-12
5.20993e-12
-2.12829e-11
3.57027e-11
-4.16809e-11
3.46736e-11
-1.65439e-11
-5.19702e-12
2.1655e-11
-2.75024e-11
2.24521e-11
-1.05772e-11
-2.75126e-12
1.35491e-11
-2.03963e-11
2.22568e-11
-1.73015e-11
4.36566e-12
1.36301e-11
-2.97586e-11
3.62722e-11
-2.93781e-11
1.15427e-11
9.00766e-12
-2.3154e-11
2.61979e-11
-2.00174e-11
9.31142e-12
2.47325e-12
-1.4152e-11
2.41708e-11
-2.93663e-11
2.57676e-11
-1.19749e-11
-8.17909e-12
2.55142e-11
-3.09461e-11
2.18641e-11
-4.25547e-12
-1.25321e-11
2.19993e-11
-2.32968e-11
1.88546e-11
-1.11465e-11
4.34733e-13
1.34946e-11
-2.80373e-11
3.62772e-11
-3.17413e-11
1.45533e-11
6.83853e-12
-2.14907e-11
2.29603e-11
-1.29252e-11
-1.43043e-12
1.28114e-11
-1.8819e-11
2.11969e-11
-2.12686e-11
1.64716e-11
-3.63758e-12
-1.56646e-11
3.34037e-11
-4.01952e-11
3.17824e-11
-1.28006e-11
-6.15775e-12
1.55764e-11
-1.3705e-11
5.76149e-12
2.28275e-12
-9.13226e-12
1.642e-11
-2.40054e-11
2.73816e-11
-2.08851e-11
2.93881e-12
2.01398e-11
-3.69964e-11
3.89167e-11
-2.68609e-11
9.84778e-12
2.67471e-12
-7.57084e-12
7.30367e-12
-5.29267e-12
1.65115e-12
6.00464e-12
-1.84316e-11
3.04698e-11
-3.32044e-11
2.28051e-11
-8.6575e-12
1.45446e-12
8.62532e-14
5.12187e-14
2.6709e-14
4.05985e-15
0
