0
2.5262e-16
3.58013e-15
2.42181e-14
4.71379e-14
4.6083e-14
1.46102e-12
-7.52526e-12
1.7744e-11
-2.23734e-11
1.45186e-11
1.96074e-12
-1.92183e-11
3.13133e-11
-3.69547e-11
3.87111e-11
-4.03834e-11
4.25643e-11
-4.1195e-11
3.08671e-11
-1.16122e-11
-8.96205e-12
2.03656e-11
-1.74483e-11
3.57887e-12
1.21001e-11
-2.0816e-11
1.82708e-11
-6.46889e-12
-8.28271e-12
1.96776e-11
-2.64375e-11
3.22106e-11
-4.06147e-11
4.95436e-11
-5.21748e-11
4.296e-11
-2.33371e-11
1.05418e-12
1.43639e-11
-1.70851e-11
7.58467e-12
7.20383e-12
-1.79896e-11
1.88492e-11
-1.12513e-11
1.25503e-12
6.68067e-12
-1.37372e-11
2.37269e-11
-3.7856e-11
5.19998e-11
-5.94284e-11
5.4867e-11
-3.81476e-11
1.49622e-11
4.88812e-12
-1.31281e-11
8.27147e-12
3.25795e-12
-1.28114e-11
1.5808e-11
-1.36959e-11
9.82388e-12
-5.44952e-12
-1.30209e-12
1.28198e-11
-2.96193e-11
4.84074e-11
-6.2572e-11
6.48248e-11
-5.25477e-11
3.06353e-11
-9.27029e-12
-3.17428e-12
4.8175e-12
2.41574e-13
-6.79235e-12
1.16437e-11
-1.42539e-11
1.50397e-11
-1.42031e-11
1.02888e-11
-5.80491e-13
-1.6815e-11
3.92375e-11
-5.91858e-11
6.81946e-11
-6.29092e-11
4.68098e-11
-2.74451e-11
1.14597e-11
-2.39855e-12
3.6046e-13
-3.26088e-12
7.94756e-12
-1.23569e-11
1.60693e-11
-1.91366e-11
1.94124e-11
-1.30272e-11
-2.47178e-12
2.45852e-11
-4.68068e-11
6.21091e-11
-6.65519e-11
5.98281e-11
-4.50468e-11
2.75155e-11
-1.31577e-11
5.36581e-12
-3.83063e-12
5.86952e-12
-9.66409e-12
1.4668e-11
-2.00315e-11
2.29342e-11
-2.01808e-11
1.01251e-11
6.34456e-12
-2.67245e-11
4.67581e-11
-6.09285e-11
6.42636e-11
-5.60729e-11
4.07489e-11
-2.50669e-11
1.36595e-11
-7.89656e-12
6.9759e-12
-9.55983e-12
1.359e-11
-1.70705e-11
1.89773e-11
-1.94914e-11
1.76081e-11
-1.03897e-11
-4.69501e-12
2.54774e-11
-4.51408e-11
5.63214e-11
-5.60564e-11
4.63475e-11
-3.23616e-11
1.97462e-11
-1.28552e-11
1.22252e-11
-1.43337e-11
1.44773e-11
-1.17964e-11
9.78092e-12
-1.19647e-11
1.67565e-11
-1.83375e-11
1.15259e-11
3.73375e-12
-2.26998e-11
3.82468e-11
-4.44333e-11
3.94263e-11
-2.77281e-11
1.76265e-11
-1.51288e-11
1.86186e-11
-2.11078e-11
1.72127e-11
-8.48784e-12
1.14238e-12
-3.94307e-13
6.1885e-12
-1.38252e-11
1.66799e-11
-1.04859e-11
-3.48309e-12
1.77574e-11
-2.38452e-11
1.90954e-11
-9.63363e-12
4.75563e-12
-8.89082e-12
1.79473e-11
-2.37816e-11
2.07497e-11
-9.72883e-12
-3.2578e-12
1.07563e-11
-8.89416e-12
4.56183e-14
8.20694e-12
-9.27372e-12
3.17895e-12
3.07333e-12
-2.34061e-12
-6.0469e-12
1.53503e-11
-1.75782e-11
9.65975e-12
4.3343e-12
-1.64864e-11
1.96522e-11
-1.18636e-11
-2.59841e-12
1.54368e-11
-2.02703e-11
1.68982e-11
-1.0761e-11
6.83372e-12
-5.02357e-12
8.09809e-13
9.08046e-12
-2.30796e-11
3.54188e-11
-4.03122e-11
3.48809e-11
-2.08504e-11
4.03994e-12
7.61855e-12
-8.80526e-12
1.28019e-13
1.24696e-11
-2.29674e-11
2.88468e-11
-3.06457e-11
2.85348e-11
-2.16952e-11
9.76061e-12
5.71074e-12
-2.24762e-11
3.81298e-11
-4.96913e-11
5.31573e-11
-4.63327e-11
3.14742e-11
-1.50679e-11
3.59311e-12
-6.11827e-13
6.24436e-12
-1.83546e-11
3.226e-11
-4.17602e-11
4.20435e-11
-3.3375e-11
2.01145e-11
-6.50276e-12
-6.91735e-12
2.14841e-11
-3.69182e-11
4.96247e-11
-5.51214e-11
5.06787e-11
-3.73238e-11
1.99459e-11
-6.49775e-12
3.98709e-12
-1.36982e-11
2.88914e-11
-3.94375e-11
3.91661e-11
-3.0182e-11
1.93734e-11
-1.20203e-11
7.691e-12
-2.21521e-12
-8.15567e-12
2.30146e-11
-3.75901e-11
4.48908e-11
-4.05933e-11
2.68814e-11
-1.26117e-11
7.06256e-12
-1.27274e-11
2.29487e-11
-2.80675e-11
2.3381e-11
-1.24849e-11
2.91558e-12
-2.06392e-13
4.36813e-12
-1.0991e-11
1.39245e-11
-9.36222e-12
-1.40403e-12
1.19972e-11
-1.61611e-11
1.31327e-11
-8.42302e-12
7.79374e-12
-1.17416e-11
1.53021e-11
-1.34374e-11
4.89088e-12
7.40465e-12
-1.87019e-11
2.39376e-11
-1.99005e-11
7.19273e-12
8.91942e-12
-2.18761e-11
2.78804e-11
-2.75454e-11
2.3144e-11
-1.64201e-11
8.51844e-12
-1.60652e-12
-1.9907e-12
1.35854e-12
2.46344e-12
-8.73932e-12
1.78349e-11
-2.97053e-11
4.09909e-11
-4.57407e-11
3.89047e-11
-2.03685e-11
-4.84996e-12
2.8749e-11
-4.39864e-11
4.65399e-11
-3.80955e-11
2.54235e-11
-1.66721e-11
1.53682e-11
-1.85269e-11
2.03901e-11
-1.92007e-11
1.88349e-11
-2.44695e-11
3.61949e-11
-4.80314e-11
5.17066e-11
-4.22685e-11
2.07584e-11
5.54056e-12
-2.64989e-11
3.45618e-11
-3.0362e-11
2.21913e-11
-1.93415e-11
2.40404e-11
-3.08283e-11
3.26295e-11
-2.76965e-11
1.99535e-11
-1.49517e-11
1.53679e-11
-2.01586e-11
2.53168e-11
-2.63095e-11
2.06659e-11
-1.05675e-11
1.55386e-12
1.68842e-12
2.50042e-13
-2.42996e-12
1.85921e-14
7.45115e-12
-1.6786e-11
2.39428e-11
-2.63675e-11
2.25873e-11
-1.24621e-11
-1.94955e-12
1.55968e-11
-2.30472e-11
2.17989e-11
-1.38746e-11
3.28206e-12
6.65991e-12
-1.45449e-11
1.98436e-11
-2.27874e-11
2.38845e-11
-2.30999e-11
1.84911e-11
-8.28663e-12
-5.30937e-12
1.43874e-11
-1.05407e-11
-7.87925e-12
3.28803e-11
-5.23986e-11
5.80015e-11
-4.92464e-11
3.18029e-11
-1.34934e-11
-1.277e-13
8.06317e-12
-1.3938e-11
2.18283e-11
-3.164e-11
3.7841e-11
-3.48117e-11
2.30155e-11
-1.03698e-11
6.02402e-12
-1.34208e-11
2.7985e-11
-4.15541e-11
4.76932e-11
-4.47791e-11
3.51922e-11
-2.37079e-11
1.48294e-11
-1.05725e-11
8.87202e-12
-5.65567e-12
-1.60243e-12
1.1416e-11
-2.04146e-11
2.63244e-11
-2.90406e-11
2.8493e-11
-2.41844e-11
1.66535e-11
-9.00721e-12
4.39863e-12
-2.98253e-12
1.74999e-12
1.18719e-12
-3.93307e-12
2.1719e-12
6.1599e-12
-1.87012e-11
2.94691e-11
-3.22284e-11
2.33915e-11
-4.96379e-12
-1.51545e-11
2.6291e-11
-2.20445e-11
4.93108e-12
1.51625e-11
-2.89896e-11
3.41966e-11
-3.51327e-11
3.63066e-11
-3.75632e-11
3.44677e-11
-2.33847e-11
4.9183e-12
1.5686e-11
-3.13709e-11
3.63088e-11
-2.94884e-11
1.60153e-11
-5.05815e-12
3.54972e-12
-1.16742e-11
2.35793e-11
-3.32852e-11
3.84846e-11
-4.00372e-11
3.87608e-11
-3.51148e-11
3.03207e-11
-2.66463e-11
2.47004e-11
-2.22577e-11
1.59422e-11
-5.05999e-12
-7.62938e-12
1.79102e-11
-2.3409e-11
2.42965e-11
-2.26984e-11
2.09638e-11
-2.05486e-11
2.03134e-11
-1.67749e-11
6.66651e-12
8.26007e-12
-2.01674e-11
1.97857e-11
-4.73513e-12
-1.74556e-11
3.4231e-11
-3.73586e-11
2.7366e-11
-1.13885e-11
-2.82081e-12
1.04572e-11
-1.08785e-11
6.41954e-12
-5.69911e-13
-5.23962e-12
1.26397e-11
-2.41991e-11
3.87995e-11
-5.07167e-11
5.32783e-11
-4.45206e-11
2.81515e-11
-1.03726e-11
-4.39083e-12
1.40033e-11
-1.76933e-11
1.563e-11
-1.06111e-11
7.67185e-12
-1.1141e-11
2.05291e-11
-3.07143e-11
3.57156e-11
-3.3404e-11
2.61973e-11
-1.91951e-11
1.69702e-11
-2.1531e-11
3.03908e-11
-3.7337e-11
3.60954e-11
-2.5962e-11
1.27162e-11
-3.65794e-12
3.81676e-13
2.04525e-12
-9.43485e-12
2.15301e-11
-3.17407e-11
3.22709e-11
-2.0297e-11
-6.19639e-13
2.25532e-11
-3.73095e-11
3.95148e-11
-2.9203e-11
1.16265e-11
5.30851e-12
-1.58762e-11
1.89179e-11
-1.69109e-11
1.24434e-11
-7.15386e-12
2.6164e-12
-1.32545e-12
4.47065e-12
-1.02788e-11
1.52954e-11
-1.87345e-11
2.34362e-11
-3.23748e-11
4.37157e-11
-5.13876e-11
4.9981e-11
-3.97695e-11
2.61841e-11
-1.58841e-11
1.21041e-11
-1.32059e-11
1.35073e-11
-7.00883e-12
-8.46551e-12
2.81222e-11
-4.23511e-11
4.2917e-11
-2.96563e-11
1.05557e-11
4.24347e-12
-9.86658e-12
7.85332e-12
-2.26927e-12
-4.71171e-12
1.23795e-11
-1.94723e-11
2.35606e-11
-2.34074e-11
1.97243e-11
-1.40168e-11
6.6552e-12
2.12543e-12
-1.0669e-11
1.53798e-11
-1.30069e-11
2.38164e-12
1.46597e-11
-3.39084e-11
4.91508e-11
-5.44172e-11
4.73442e-11
-3.24432e-11
1.909e-11
-1.50492e-11
1.96621e-11
-2.4502e-11
2.05948e-11
-6.39874e-12
-1.1839e-11
2.57571e-11
-3.12333e-11
2.91914e-11
-2.32678e-11
1.69322e-11
-1.27222e-11
1.13701e-11
-1.19385e-11
1.27083e-11
-1.35338e-11
1.59849e-11
-2.14907e-11
2.85907e-11
-3.35767e-11
3.30246e-11
-2.62207e-11
1.42637e-11
1.107e-12
-1.74181e-11
2.94806e-11
-3.0542e-11
1.6887e-11
7.03026e-12
-3.01361e-11
4.20353e-11
-4.05812e-11
3.18517e-11
-2.4351e-11
2.24509e-11
-2.50229e-11
2.74528e-11
-2.53117e-11
1.66858e-11
-3.77315e-12
-8.44758e-12
1.5384e-11
-1.66465e-11
1.57834e-11
-1.67608e-11
1.97887e-11
-2.18759e-11
2.04496e-11
-1.66845e-11
1.39372e-11
-1.44653e-11
1.77697e-11
-2.29524e-11
3.01074e-11
-3.88436e-11
4.50394e-11
-4.21258e-11
2.63054e-11
-1.56557e-12
-2.19729e-11
3.4159e-11
-3.10368e-11
1.58874e-11
3.28208e-12
-1.84562e-11
2.5178e-11
-2.47441e-11
2.25105e-11
-2.37778e-11
2.90211e-11
-3.37563e-11
3.26447e-11
-2.4944e-11
1.47568e-11
-6.84899e-12
1.96106e-12
2.34329e-12
-7.89057e-12
1.34134e-11
-1.69861e-11
1.85734e-11
-1.97801e-11
2.0614e-11
-1.90761e-11
1.3885e-11
-7.91188e-12
6.88211e-12
-1.50073e-11
3.06639e-11
-4.68641e-11
5.48544e-11
-4.91355e-11
3.01302e-11
-4.70535e-12
-1.69792e-11
2.64395e-11
-2.22193e-11
1.03087e-11
6.16697e-13
-6.34732e-12
9.01718e-12
-1.32066e-11
2.01786e-11
-2.7455e-11
3.22359e-11
-3.45183e-11
3.54179e-11
-3.46104e-11
3.00215e-11
-2.11283e-11
1.05142e-11
-2.12217e-12
-2.86494e-12
6.758e-12
-1.26075e-11
2.0103e-11
-2.54829e-11
2.44669e-11
-1.61775e-11
3.99438e-12
5.5162e-12
-5.82713e-12
-6.09888e-12
2.6416e-11
-4.53242e-11
5.2426e-11
-4.41531e-11
2.57794e-11
-7.02313e-12
-5.4109e-12
1.05403e-11
-1.0809e-11
7.94364e-12
-2.67807e-12
-3.56767e-12
7.94379e-12
-9.23811e-12
1.00616e-11
-1.53111e-11
2.67317e-11
-4.04396e-11
4.95469e-11
-5.01088e-11
4.34082e-11
-3.39619e-11
2.51842e-11
-1.77018e-11
9.7681e-12
4.13078e-13
-1.29582e-11
2.47425e-11
-3.04534e-11
2.56503e-11
-1.12391e-11
-5.72477e-12
1.57623e-11
-1.3769e-11
1.98294e-12
1.24677e-11
-2.34635e-11
2.83676e-11
-2.69022e-11
1.90632e-11
-6.58807e-12
-5.46018e-12
1.02267e-11
-4.88937e-12
-6.10663e-12
1.37758e-11
-1.23195e-11
3.66452e-12
4.24405e-12
-4.21546e-12
-5.5999e-12
2.14491e-11
-3.76909e-11
4.96627e-11
-5.52929e-11
5.47756e-11
-5.00956e-11
4.30594e-11
-3.39617e-11
2.15869e-11
-6.05369e-12
-9.56014e-12
2.03128e-11
-2.33049e-11
1.92024e-11
-1.08858e-11
5.78719e-13
9.95937e-12
-1.79535e-11
1.93416e-11
-1.2643e-11
2.15204e-12
3.47287e-12
1.44573e-12
-1.40485e-11
2.43346e-11
-2.36644e-11
1.1339e-11
5.51901e-12
-1.83501e-11
2.22577e-11
-1.74344e-11
7.12311e-12
3.7823e-12
-1.01772e-11
8.04517e-12
3.16661e-12
-2.00679e-11
3.67035e-11
-4.79378e-11
5.12596e-11
-4.72565e-11
3.84307e-11
-2.84959e-11
2.05343e-11
-1.52488e-11
1.0009e-11
-1.83202e-12
-8.72947e-12
1.63158e-11
-1.54849e-11
6.10179e-12
5.66426e-12
-1.31933e-11
1.52398e-11
-1.66349e-11
2.24932e-11
-3.31857e-11
4.41235e-11
-5.04995e-11
5.02357e-11
-4.34904e-11
3.02789e-11
-1.1413e-11
-9.17491e-12
2.39364e-11
-2.63419e-11
1.58855e-11
5.0725e-13
-1.31216e-11
1.52258e-11
-6.7601e-12
-6.82734e-12
1.78692e-11
-2.08473e-11
1.48844e-11
-4.42999e-12
-3.70682e-12
4.60459e-12
1.2195e-12
-9.07481e-12
1.40148e-11
-1.43816e-11
1.09268e-11
-4.73123e-12
-3.51324e-12
1.12981e-11
-1.40492e-11
7.94281e-12
5.72394e-12
-2.08997e-11
3.15932e-11
-3.73175e-11
4.2179e-11
-4.92708e-11
5.57166e-11
-5.50567e-11
4.36396e-11
-2.50037e-11
6.88637e-12
4.57194e-12
-8.47765e-12
7.3803e-12
-4.38908e-12
1.41746e-12
1.75349e-13
9.35121e-14
-1.10002e-12
-5.7527e-13
8.42319e-12
-2.31296e-11
4.06779e-11
-5.42561e-11
5.74449e-11
-4.76334e-11
2.7254e-11
-3.78448e-12
-1.33111e-11
1.72717e-11
-8.82945e-12
-4.20354e-12
1.22045e-11
-1.07854e-11
2.57827e-12
6.28984e-12
-1.18476e-11
1.36284e-11
-1.26175e-11
8.79799e-12
-2.68218e-12
-2.60981e-12
2.09218e-12
5.90187e-12
-1.67348e-11
2.21849e-11
-1.78555e-11
6.78593e-12
3.50298e-12
-8.14267e-12
7.95111e-12
-6.85696e-12
6.42448e-12
-4.47466e-12
-2.254e-12
1.41191e-11
-2.84353e-11
4.15035e-11
-5.08171e-11
5.46892e-11
-5.2091e-11
4.30475e-11
-3.00057e-11
1.70422e-11
-8.00871e-12
4.1391e-12
-3.91626e-12
3.91619e-12
-9.96751e-13
-6.06007e-12
1.4734e-11
-1.91815e-11
1.28538e-11
6.2254e-12
-3.25391e-11
5.50584e-11
-6.45498e-11
5.91619e-11
-4.44848e-11
2.79386e-11
-1.44402e-11
5.75283e-12
-2.80259e-12
5.5819e-12
-1.13748e-11
1.3941e-11
-7.87315e-12
-5.96126e-12
1.90808e-11
-2.19211e-11
1.17043e-11
5.04676e-12
-1.85509e-11
2.30858e-11
-1.97361e-11
1.25829e-11
-4.74957e-12
-2.58913e-12
7.92457e-12
-9.02928e-12
4.72804e-12
2.62819e-12
-8.52385e-12
9.69222e-12
-6.88588e-12
3.16626e-12
-7.55468e-13
-1.06855e-12
4.441e-12
-1.08283e-11
1.94167e-11
-2.78023e-11
3.30276e-11
-3.34403e-11
2.95184e-11
-2.41506e-11
2.05689e-11
-1.99582e-11
1.97879e-11
-1.5947e-11
6.2971e-12
6.73818e-12
-1.80865e-11
2.3344e-11
-2.09416e-11
1.08349e-11
6.2973e-12
-2.81745e-11
4.8779e-11
-6.01485e-11
5.75289e-11
-4.4433e-11
3.07836e-11
-2.55306e-11
2.92488e-11
-3.47055e-11
3.35843e-11
-2.33881e-11
7.47244e-12
8.95396e-12
-2.22383e-11
2.92622e-11
-2.64205e-11
1.12478e-11
1.31368e-11
-3.73244e-11
5.04982e-11
-4.84879e-11
3.64905e-11
-2.46518e-11
1.98351e-11
-2.19921e-11
2.62081e-11
-2.78354e-11
2.4725e-11
-1.70198e-11
5.78535e-12
6.50207e-12
-1.59281e-11
1.82393e-11
-1.20192e-11
5.70854e-14
1.18133e-11
-1.85882e-11
1.84903e-11
-1.34111e-11
6.86065e-12
-2.25062e-12
1.09106e-12
-2.68302e-12
4.53338e-12
-4.66911e-12
3.13707e-12
-2.11116e-12
3.29202e-12
-6.07673e-12
7.63584e-12
-5.95809e-12
1.66535e-12
2.65402e-12
-5.6984e-12
8.37346e-12
-1.21052e-11
1.60868e-11
-1.8232e-11
1.80235e-11
-1.82572e-11
2.18154e-11
-2.74744e-11
2.90087e-11
-2.06997e-11
3.26934e-12
1.51897e-11
-2.56367e-11
2.45637e-11
-1.52985e-11
3.05617e-12
9.0839e-12
-2.02406e-11
2.86419e-11
-3.16793e-11
2.90251e-11
-2.55389e-11
2.80628e-11
-3.8918e-11
5.18155e-11
-5.61796e-11
4.54458e-11
-2.2546e-11
-3.04933e-12
2.20236e-11
-3.01473e-11
2.74951e-11
-1.61983e-11
-6.81737e-13
1.80226e-11
-2.97022e-11
3.19881e-11
-2.74306e-11
2.35942e-11
-2.75713e-11
3.98934e-11
-5.42052e-11
6.16461e-11
-5.6863e-11
4.02678e-11
-1.71577e-11
-5.47139e-12
2.11549e-11
-2.60252e-11
1.97511e-11
-6.19458e-12
-8.41901e-12
1.83597e-11
-2.1571e-11
1.9968e-11
-1.80327e-11
1.98534e-11
-2.71729e-11
3.79377e-11
-4.71828e-11
4.92032e-11
-4.12704e-11
2.54541e-11
-7.9211e-12
-5.13871e-12
1.08041e-11
-1.02792e-11
6.18441e-12
-5.2297e-13
-5.64209e-12
1.06181e-11
-1.25733e-11
1.12883e-11
-9.70281e-12
1.15432e-11
-1.76707e-11
2.4199e-11
-2.59702e-11
2.12901e-11
-1.38079e-11
8.45197e-12
-6.76484e-12
5.9058e-12
-3.08517e-12
-9.13766e-13
2.45754e-12
1.12857e-13
-4.3885e-12
6.2662e-12
-4.83023e-12
2.91346e-12
-3.40613e-12
4.94348e-12
-3.43549e-12
-2.83291e-12
9.74458e-12
-1.10199e-11
4.44382e-12
5.3014e-12
-1.12738e-11
1.04553e-11
-5.93732e-12
2.44128e-12
-1.63645e-12
1.5614e-12
-8.1524e-13
6.23237e-13
-2.69488e-12
4.95884e-12
-2.18912e-12
-8.96081e-12
2.48533e-11
-3.66409e-11
3.6941e-11
-2.60111e-11
1.06098e-11
1.80587e-12
-8.33243e-12
9.93646e-12
-8.37159e-12
4.34817e-12
5.91385e-13
-3.17313e-12
2.90362e-13
6.68922e-12
-1.12937e-11
6.09994e-12
1.05303e-11
-3.24807e-11
4.97223e-11
-5.53143e-11
4.85685e-11
-3.38371e-11
1.66127e-11
-1.683e-12
-7.49878e-12
8.93003e-12
-3.81745e-12
-3.05598e-12
5.33427e-12
9.5025e-15
-9.92587e-12
1.65662e-11
-1.28769e-11
-2.91271e-12
2.60605e-11
-4.8518e-11
6.26753e-11
-6.44797e-11
5.40775e-11
-3.57554e-11
1.62037e-11
-2.25659e-12
-2.5329e-12
-5.11893e-13
5.77803e-12
-7.14423e-12
1.5312e-12
8.92992e-12
-1.82847e-11
1.96395e-11
-9.10077e-12
-1.21925e-11
3.78479e-11
-5.91801e-11
6.89167e-11
-6.48174e-11
5.01172e-11
-3.1715e-11
1.63351e-11
-8.01123e-12
6.73865e-12
-9.31884e-12
1.06446e-11
-6.49469e-12
-4.01254e-12
1.66777e-11
-2.40803e-11
1.95783e-11
-2.05535e-12
-2.31552e-11
4.70093e-11
-6.20356e-11
6.52081e-11
-5.81097e-11
4.46737e-11
-2.98814e-11
1.84203e-11
-1.34841e-11
1.44599e-11
-1.66661e-11
1.37183e-11
-2.75513e-12
-1.26936e-11
2.42416e-11
-2.4692e-11
1.24834e-11
7.90239e-12
-2.9871e-11
4.78532e-11
-5.85255e-11
5.99629e-11
-5.23266e-11
3.89241e-11
-2.62792e-11
2.01821e-11
-2.13228e-11
2.40159e-11
-2.10321e-11
9.50827e-12
6.43918e-12
-1.93967e-11
2.3761e-11
-1.85992e-11
5.81808e-12
1.19268e-11
-3.16505e-11
4.84423e-11
-5.66361e-11
5.34097e-11
-4.23201e-11
3.12818e-11
-2.67967e-11
2.85823e-11
-3.06645e-11
2.68493e-11
-1.61205e-11
2.18649e-12
1.02363e-11
-1.85967e-11
2.14127e-11
-1.68187e-11
3.21398e-12
1.71642e-11
-3.73212e-11
4.89359e-11
-4.88439e-11
4.13135e-11
-3.43646e-11
3.26006e-11
-3.44586e-11
3.49663e-11
-3.11243e-11
2.3288e-11
-1.31877e-11
1.37446e-12
1.14095e-11
-2.1843e-11
2.39121e-11
-1.38041e-11
-5.71755e-12
2.57818e-11
-3.81121e-11
4.07263e-11
-3.82354e-11
3.61791e-11
-3.64879e-11
3.72592e-11
-3.66554e-11
3.46643e-11
-3.16547e-11
2.56272e-11
-1.37655e-11
-3.45326e-12
1.96447e-11
-2.63874e-11
1.96447e-11
-3.45329e-12
-1.37654e-11
2.56271e-11
-3.16546e-11
3.4664e-11
-3.6655e-11
3.72588e-11
-3.64876e-11
3.61789e-11
-3.82353e-11
4.07262e-11
-3.8112e-11
2.57817e-11
-5.71747e-12
-1.38041e-11
2.39121e-11
-2.1843e-11
1.14095e-11
1.37452e-12
-1.31879e-11
2.32882e-11
-3.11246e-11
3.49665e-11
-3.44587e-11
3.26007e-11
-3.43647e-11
4.13136e-11
-4.8844e-11
4.89359e-11
-3.73211e-11
1.71641e-11
3.21397e-12
-1.68186e-11
2.14127e-11
-1.85967e-11
1.02364e-11
2.1863e-12
-1.61204e-11
2.68492e-11
-3.06644e-11
2.85822e-11
-2.67966e-11
3.12818e-11
-4.23203e-11
5.34099e-11
-5.66363e-11
4.84423e-11
-3.16505e-11
1.19267e-11
5.81806e-12
-1.85991e-11
2.37609e-11
-1.93966e-11
6.43912e-12
9.50833e-12
-2.10321e-11
2.40159e-11
-2.13226e-11
2.01818e-11
-2.62789e-11
3.89238e-11
-5.23265e-11
5.99629e-11
-5.85255e-11
4.78531e-11
-2.98708e-11
7.90223e-12
1.24835e-11
-2.4692e-11
2.42417e-11
-1.26938e-11
-2.75502e-12
1.37184e-11
-1.66663e-11
1.44601e-11
-1.34842e-11
1.84203e-11
-2.98814e-11
4.46738e-11
-5.811e-11
6.52083e-11
-6.20358e-11
4.70095e-11
-2.31554e-11
-2.05509e-12
1.9578e-11
-2.408e-11
1.66776e-11
-4.01241e-12
-6.49487e-12
1.06449e-11
-9.31914e-12
6.73887e-12
-8.01128e-12
1.6335e-11
-3.17149e-11
5.0117e-11
-6.48171e-11
6.89164e-11
-5.91797e-11
3.78474e-11
-1.2192e-11
-9.10113e-12
1.96398e-11
-1.8285e-11
8.93034e-12
1.53077e-12
-7.14386e-12
5.77774e-12
-5.1169e-13
-2.533e-12
-2.25663e-12
1.6204e-11
-3.57558e-11
5.4078e-11
-6.44803e-11
6.26758e-11
-4.85185e-11
2.60608e-11
-2.91297e-12
-1.28766e-11
1.65659e-11
-9.92555e-12
9.13993e-15
5.33462e-12
-3.05623e-12
-3.8174e-12
8.93023e-12
-7.49918e-12
-1.68249e-12
1.66122e-11
-3.38367e-11
4.85682e-11
-5.53141e-11
4.97222e-11
-3.24807e-11
1.05302e-11
6.10006e-12
-1.12939e-11
6.68946e-12
2.902e-13
-3.17314e-12
5.91589e-13
4.34785e-12
-8.37126e-12
9.93621e-12
-8.33227e-12
1.80577e-12
1.06099e-11
-2.60111e-11
3.6941e-11
-3.66408e-11
2.48533e-11
-8.96088e-12
-2.189e-12
4.95877e-12
-2.69494e-12
6.23433e-13
-8.15467e-13
1.56155e-12
-1.6365e-12
2.44128e-12
-5.93735e-12
1.04553e-11
-1.12738e-11
5.30134e-12
4.44393e-12
-1.10199e-11
9.74453e-12
-2.83273e-12
-3.43568e-12
4.94361e-12
-3.40617e-12
2.91346e-12
-4.83024e-12
6.26621e-12
-4.38847e-12
1.12777e-13
2.45763e-12
-9.13769e-13
-3.0853e-12
5.90603e-12
-6.76503e-12
8.452e-12
-1.38077e-11
2.12897e-11
-2.59698e-11
2.41986e-11
-1.76704e-11
1.1543e-11
-9.70272e-12
1.12883e-11
-1.25734e-11
1.06182e-11
-5.642e-12
-5.23214e-13
6.18477e-12
-1.02796e-11
1.08044e-11
-5.1387e-12
-7.92136e-12
2.54546e-11
-4.1271e-11
4.92037e-11
-4.71832e-11
3.79378e-11
-2.71729e-11
1.98535e-11
-1.80328e-11
1.99682e-11
-2.15713e-11
1.83601e-11
-8.41936e-12
-6.19427e-12
1.9751e-11
-2.60253e-11
2.11552e-11
-5.47179e-12
-1.71573e-11
4.02676e-11
-5.6863e-11
6.16461e-11
-5.42052e-11
3.98932e-11
-2.75711e-11
2.3594e-11
-2.74304e-11
3.19878e-11
-2.97019e-11
1.80225e-11
-6.81751e-13
-1.61981e-11
2.74949e-11
-3.01472e-11
2.20236e-11
-3.04952e-12
-2.25457e-11
4.54456e-11
-5.61795e-11
5.18155e-11
-3.8918e-11
2.80629e-11
-2.55391e-11
2.90253e-11
-3.16795e-11
2.86419e-11
-2.02405e-11
9.08376e-12
3.05624e-12
-1.52985e-11
2.45635e-11
-2.56364e-11
1.51893e-11
3.26973e-12
-2.07e-11
2.90088e-11
-2.74743e-11
2.18152e-11
-1.82569e-11
1.80232e-11
-1.82318e-11
1.60868e-11
-1.21053e-11
8.37355e-12
-5.69846e-12
2.65401e-12
1.66547e-12
-5.95829e-12
7.63605e-12
-6.07688e-12
3.29207e-12
-2.11112e-12
3.13696e-12
-4.66897e-12
4.53321e-12
-2.68284e-12
1.09092e-12
-2.25055e-12
6.86064e-12
-1.34111e-11
1.84903e-11
-1.85882e-11
1.18134e-11
5.69329e-14
-1.20191e-11
1.82392e-11
-1.59281e-11
6.50212e-12
5.78533e-12
-1.70198e-11
2.47251e-11
-2.78355e-11
2.62082e-11
-2.19922e-11
1.98352e-11
-2.46519e-11
3.64905e-11
-4.84878e-11
5.0498e-11
-3.73244e-11
1.31368e-11
1.12476e-11
-2.64204e-11
2.92623e-11
-2.22384e-11
8.95409e-12
7.47225e-12
-2.33878e-11
3.3584e-11
-3.47052e-11
2.92486e-11
-2.55305e-11
3.07836e-11
-4.44329e-11
5.75287e-11
-6.01482e-11
4.87787e-11
-2.81743e-11
6.2972e-12
1.08349e-11
-2.09414e-11
2.33438e-11
-1.80861e-11
6.73781e-12
6.29742e-12
-1.59472e-11
1.97881e-11
-1.99583e-11
2.0569e-11
-2.41508e-11
2.95188e-11
-3.34407e-11
3.30281e-11
-2.78028e-11
1.9417e-11
-1.08284e-11
4.44096e-12
-1.06837e-12
-7.55726e-13
3.16652e-12
-6.88606e-12
9.69228e-12
-8.52383e-12
2.62819e-12
4.72791e-12
-9.02897e-12
7.92408e-12
-2.58854e-12
-4.75015e-12
1.25834e-11
-1.97364e-11
2.30859e-11
-1.85508e-11
5.04669e-12
1.17043e-11
-2.1921e-11
1.90806e-11
-5.96106e-12
-7.87325e-12
1.39409e-11
-1.13746e-11
5.58165e-12
-2.8023e-12
5.75258e-12
-1.44401e-11
2.79386e-11
-4.4485e-11
5.91621e-11
-6.45499e-11
5.50582e-11
-3.25387e-11
6.22498e-12
1.28542e-11
-1.91818e-11
1.47343e-11
-6.0603e-12
-9.96556e-13
3.91607e-12
-3.9162e-12
4.139e-12
-8.00851e-12
1.70419e-11
-3.00055e-11
4.30475e-11
-5.20912e-11
5.46895e-11
-5.08174e-11
4.15038e-11
-2.84358e-11
1.41196e-11
-2.25446e-12
-4.47435e-12
6.42435e-12
-6.85696e-12
7.95118e-12
-8.14278e-12
3.50317e-12
6.78563e-12
-1.78551e-11
2.21846e-11
-1.67346e-11
5.90172e-12
2.09231e-12
-2.60996e-12
-2.68201e-12
8.79785e-12
-1.26175e-11
1.36285e-11
-1.18478e-11
6.29014e-12
2.57786e-12
-1.07849e-11
1.2204e-11
-4.20306e-12
-8.82975e-12
1.72718e-11
-1.33109e-11
-3.78472e-12
2.72543e-11
-4.76336e-11
5.74451e-11
-5.42562e-11
4.0678e-11
-2.31297e-11
8.42338e-12
-5.75435e-13
-1.09992e-12
9.34898e-14
1.75303e-13
1.41756e-12
-4.3892e-12
7.38043e-12
-8.47777e-12
4.57202e-12
6.88635e-12
-2.50037e-11
4.36396e-11
-5.50566e-11
5.57165e-11
-4.92707e-11
4.21792e-11
-3.73179e-11
3.15937e-11
-2.09001e-11
5.72419e-12
7.94282e-12
-1.40493e-11
1.12984e-11
-3.51348e-12
-4.73105e-12
1.09267e-11
-1.43816e-11
1.40149e-11
-9.07493e-12
1.21954e-12
4.60473e-12
-3.70714e-12
-4.4296e-12
1.48842e-11
-2.08473e-11
1.78695e-11
-6.82764e-12
-6.75988e-12
1.52257e-11
-1.31217e-11
5.07457e-13
1.58853e-11
-2.63417e-11
2.39364e-11
-9.17503e-12
-1.14128e-11
3.02786e-11
-4.34902e-11
5.02355e-11
-5.04994e-11
4.41235e-11
-3.31858e-11
2.24933e-11
-1.66348e-11
1.52397e-11
-1.31932e-11
5.66422e-12
6.10164e-12
-1.54846e-11
1.63154e-11
-8.72895e-12
-1.83255e-12
1.00095e-11
-1.52494e-11
2.05347e-11
-2.84962e-11
3.84309e-11
-4.72566e-11
5.12595e-11
-4.79375e-11
3.67031e-11
-2.00675e-11
3.16625e-12
8.04548e-12
-1.01775e-11
3.78258e-12
7.1229e-12
-1.74343e-11
2.22577e-11
-1.83501e-11
5.51898e-12
1.13391e-11
-2.36643e-11
2.43345e-11
-1.40483e-11
1.44548e-12
3.47305e-12
2.15196e-12
-1.26431e-11
1.93418e-11
-1.79539e-11
9.95997e-12
5.7799e-13
-1.0885e-11
1.92018e-11
-2.33045e-11
2.03126e-11
-9.56007e-12
-6.05367e-12
2.15868e-11
-3.39616e-11
4.30593e-11
-5.00955e-11
5.47754e-11
-5.52926e-11
4.96623e-11
-3.76906e-11
2.14488e-11
-5.59972e-12
-4.21558e-12
4.24413e-12
3.66451e-12
-1.23195e-11
1.37758e-11
-6.10653e-12
-4.88954e-12
1.02268e-11
-5.46019e-12
-6.58817e-12
1.90633e-11
-2.69021e-11
2.83674e-11
-2.34633e-11
1.24676e-11
1.98301e-12
-1.3769e-11
1.57622e-11
-5.72468e-12
-1.12393e-11
2.56505e-11
-3.04536e-11
2.47426e-11
-1.29583e-11
4.13132e-13
9.76801e-12
-1.77017e-11
2.51842e-11
-3.39619e-11
4.34083e-11
-5.0109e-11
4.95472e-11
-4.04399e-11
2.6732e-11
-1.53113e-11
1.00618e-11
-9.23812e-12
7.94377e-12
-3.5677e-12
-2.67792e-12
7.94339e-12
-1.08087e-11
1.05401e-11
-5.41082e-12
-7.0231e-12
2.57793e-11
-4.4153e-11
5.2426e-11
-4.53243e-11
2.64163e-11
-6.09921e-12
-5.82685e-12
5.51608e-12
3.99438e-12
-1.61774e-11
2.44668e-11
-2.54828e-11
2.01029e-11
-1.26073e-11
6.75795e-12
-2.86501e-12
-2.12204e-12
1.05141e-11
-2.11283e-11
3.00216e-11
-3.46106e-11
3.54182e-11
-3.45186e-11
3.22362e-11
-2.74553e-11
2.01789e-11
-1.32068e-11
9.01719e-12
-6.34709e-12
6.16277e-13
1.03092e-11
-2.22197e-11
2.64396e-11
-1.69791e-11
-4.70561e-12
3.01305e-11
-4.91358e-11
5.48547e-11
-4.68644e-11
3.06642e-11
-1.50077e-11
6.88239e-12
-7.91209e-12
1.38852e-11
-1.90763e-11
2.06143e-11
-1.97805e-11
1.85739e-11
-1.69866e-11
1.34136e-11
-7.8906e-12
2.34309e-12
1.96145e-12
-6.84951e-12
1.47573e-11
-2.49445e-11
3.2645e-11
-3.37562e-11
2.90208e-11
-2.37774e-11
2.25101e-11
-2.47439e-11
2.51778e-11
-1.8456e-11
3.28202e-12
1.58873e-11
-3.10366e-11
3.41587e-11
-2.19723e-11
-1.56627e-12
2.63061e-11
-4.21265e-11
4.50399e-11
-3.88439e-11
3.01076e-11
-2.29526e-11
1.77699e-11
-1.44654e-11
1.39372e-11
-1.66844e-11
2.04493e-11
-2.18757e-11
1.97885e-11
-1.67607e-11
1.57834e-11
-1.66465e-11
1.5384e-11
-8.44759e-12
-3.7732e-12
1.6686e-11
-2.53119e-11
2.74531e-11
-2.5023e-11
2.24508e-11
-2.43508e-11
3.18514e-11
-4.0581e-11
4.20352e-11
-3.01361e-11
7.03045e-12
1.68867e-11
-3.05418e-11
2.94804e-11
-1.74178e-11
1.10671e-12
1.4264e-11
-2.62208e-11
3.30243e-11
-3.35762e-11
2.85901e-11
-2.14901e-11
1.59844e-11
-1.35336e-11
1.27082e-11
-1.19385e-11
1.13701e-11
-1.27222e-11
1.69321e-11
-2.32676e-11
2.9191e-11
-3.12329e-11
2.57566e-11
-1.18384e-11
-6.39917e-12
2.05951e-11
-2.4502e-11
1.9662e-11
-1.5049e-11
1.90897e-11
-3.2443e-11
4.7344e-11
-5.44172e-11
4.9151e-11
-3.39086e-11
1.46598e-11
2.38153e-12
-1.30068e-11
1.53798e-11
-1.0669e-11
2.12546e-12
6.65511e-12
-1.40166e-11
1.9724e-11
-2.34071e-11
2.35603e-11
-1.9472e-11
1.23792e-11
-4.71156e-12
-2.26939e-12
7.85354e-12
-9.86697e-12
4.24402e-12
1.05551e-11
-2.96556e-11
4.29164e-11
-4.23506e-11
2.8122e-11
-8.46548e-12
-7.0088e-12
1.35074e-11
-1.32061e-11
1.21043e-11
-1.58842e-11
2.61841e-11
-3.97695e-11
4.99811e-11
-5.13878e-11
4.3716e-11
-3.23751e-11
2.34366e-11
-1.87348e-11
1.52956e-11
-1.02789e-11
4.47064e-12
-1.32546e-12
2.61651e-12
-7.15404e-12
1.24436e-11
-1.6911e-11
1.8918e-11
-1.58762e-11
5.30838e-12
1.16267e-11
-2.92034e-11
3.95153e-11
-3.731e-11
2.25537e-11
-6.20057e-13
-2.02967e-11
3.22708e-11
-3.17409e-11
2.15304e-11
-9.43516e-12
2.04543e-12
3.81636e-13
-3.65794e-12
1.27162e-11
-2.59621e-11
3.60955e-11
-3.73372e-11
3.03912e-11
-2.15316e-11
1.69707e-11
-1.91954e-11
2.61973e-11
-3.34038e-11
3.57153e-11
-3.07141e-11
2.05291e-11
-1.11411e-11
7.6719e-12
-1.0611e-11
1.56299e-11
-1.76933e-11
1.40033e-11
-4.39092e-12
-1.03725e-11
2.81515e-11
-4.45206e-11
5.32783e-11
-5.07167e-11
3.87996e-11
-2.41992e-11
1.26398e-11
-5.23973e-12
-5.69771e-13
6.41942e-12
-1.08784e-11
1.04572e-11
-2.82085e-12
-1.13885e-11
2.73661e-11
-3.73586e-11
3.42309e-11
-1.74554e-11
-4.7353e-12
1.97859e-11
-2.01675e-11
8.26005e-12
6.66658e-12
-1.67749e-11
2.03134e-11
-2.05486e-11
2.09637e-11
-2.26984e-11
2.42966e-11
-2.34091e-11
1.79103e-11
-7.62932e-12
-5.0602e-12
1.59425e-11
-2.22581e-11
2.47008e-11
-2.66465e-11
3.03209e-11
-3.51149e-11
3.87609e-11
-4.00373e-11
3.84848e-11
-3.32854e-11
2.35795e-11
-1.16743e-11
3.5498e-12
-5.05825e-12
1.60155e-11
-2.94887e-11
3.63093e-11
-3.13714e-11
1.56864e-11
4.91811e-12
-2.33847e-11
3.44678e-11
-3.75633e-11
3.63067e-11
-3.51326e-11
3.41965e-11
-2.89895e-11
1.51622e-11
4.93142e-12
-2.20449e-11
2.62914e-11
-1.51549e-11
-4.96335e-12
2.3391e-11
-3.22279e-11
2.94688e-11
-1.87011e-11
6.16005e-12
2.1715e-12
-3.93252e-12
1.18668e-12
1.7503e-12
-2.98255e-12
4.39843e-12
-9.00694e-12
1.66533e-11
-2.41843e-11
2.84929e-11
-2.90403e-11
2.63239e-11
-2.04139e-11
1.14154e-11
-1.60217e-12
-5.65555e-12
8.87162e-12
-1.0572e-11
1.48289e-11
-2.37076e-11
3.51921e-11
-4.4779e-11
4.7693e-11
-4.15538e-11
2.79847e-11
-1.34207e-11
6.02412e-12
-1.03701e-11
2.30157e-11
-3.48118e-11
3.7841e-11
-3.16398e-11
2.18282e-11
-1.39378e-11
8.063e-12
-1.27551e-13
-1.34936e-11
3.18031e-11
-4.92466e-11
5.80017e-11
-5.23989e-11
3.28805e-11
-7.87953e-12
-1.05404e-11
1.43871e-11
-5.30901e-12
-8.28702e-12
1.84915e-11
-2.31002e-11
2.38847e-11
-2.27874e-11
1.98435e-11
-1.45448e-11
6.65976e-12
3.28217e-12
-1.38746e-11
2.17988e-11
-2.30471e-11
1.55965e-11
-1.94925e-12
-1.24625e-11
2.25878e-11
-2.6368e-11
2.39432e-11
-1.67862e-11
7.45117e-12
1.87456e-14
-2.43023e-12
2.50368e-13
1.68813e-12
1.55406e-12
-1.05676e-11
2.0666e-11
-2.63096e-11
2.53169e-11
-2.01586e-11
1.53679e-11
-1.49517e-11
1.99535e-11
-2.76965e-11
3.26295e-11
-3.08283e-11
2.40406e-11
-1.93417e-11
2.21916e-11
-3.03622e-11
3.45619e-11
-2.6499e-11
5.54065e-12
2.07583e-11
-4.22683e-11
5.17063e-11
-4.80311e-11
3.61946e-11
-2.44693e-11
1.88348e-11
-1.92006e-11
2.039e-11
-1.85267e-11
1.53679e-11
-1.66718e-11
2.54233e-11
-3.80953e-11
4.65398e-11
-4.39864e-11
2.87491e-11
-4.85001e-12
-2.03685e-11
3.89047e-11
-4.57408e-11
4.09909e-11
-2.97053e-11
1.7835e-11
-8.7394e-12
2.46361e-12
1.35828e-12
-1.99035e-12
-1.6069e-12
8.51877e-12
-1.64203e-11
2.3144e-11
-2.75452e-11
2.78801e-11
-2.18758e-11
8.91922e-12
7.19287e-12
-1.99006e-11
2.39378e-11
-1.87021e-11
7.4048e-12
4.89083e-12
-1.34375e-11
1.53023e-11
-1.1742e-11
7.79413e-12
-8.42328e-12
1.31327e-11
-1.6161e-11
1.1997e-11
-1.40378e-12
-9.36244e-12
1.39247e-11
-1.09911e-11
4.3683e-12
-2.06627e-13
2.91591e-12
-1.24852e-11
2.33811e-11
-2.80674e-11
2.29484e-11
-1.27271e-11
7.0623e-12
-1.26116e-11
2.68815e-11
-4.05936e-11
4.48911e-11
-3.75903e-11
2.30147e-11
-8.1556e-12
-2.21523e-12
7.69092e-12
-1.20202e-11
1.93732e-11
-3.01819e-11
3.91661e-11
-3.94376e-11
2.88915e-11
-1.36983e-11
3.98697e-12
-6.49742e-12
1.99455e-11
-3.73235e-11
5.06785e-11
-5.51214e-11
4.96249e-11
-3.69185e-11
2.14844e-11
-6.91757e-12
-6.50268e-12
2.01145e-11
-3.3375e-11
4.20434e-11
-4.17602e-11
3.22601e-11
-1.83548e-11
6.24474e-12
-6.1226e-13
3.59351e-12
-1.50681e-11
3.14742e-11
-4.63325e-11
5.31569e-11
-4.96909e-11
3.81294e-11
-2.24759e-11
5.71049e-12
9.76082e-12
-2.16953e-11
2.85349e-11
-3.06456e-11
2.88466e-11
-2.29672e-11
1.24693e-11
1.2833e-13
-8.80557e-12
7.61876e-12
4.03995e-12
-2.08506e-11
3.48813e-11
-4.03127e-11
3.54192e-11
-2.30798e-11
9.08048e-12
8.09899e-13
-5.02363e-12
6.83369e-12
-1.07609e-11
1.68982e-11
-2.02704e-11
1.54372e-11
-2.59884e-12
-1.18633e-11
1.96522e-11
-1.64867e-11
4.33465e-12
9.65951e-12
-1.75781e-11
1.53505e-11
-6.04717e-12
-2.34037e-12
3.07326e-12
3.1789e-12
-9.27369e-12
8.20709e-12
4.52984e-14
-8.8938e-12
1.07561e-11
-3.25774e-12
-9.72875e-12
2.07496e-11
-2.37815e-11
1.79473e-11
-8.891e-12
4.7559e-12
-9.63386e-12
1.90955e-11
-2.38452e-11
1.77575e-11
-3.48324e-12
-1.04857e-11
1.66797e-11
-1.3825e-11
6.18842e-12
-3.9428e-13
1.14241e-12
-8.48787e-12
1.72127e-11
-2.11078e-11
1.86186e-11
-1.51288e-11
1.76266e-11
-2.77282e-11
3.94264e-11
-4.44333e-11
3.82467e-11
-2.26997e-11
3.7336e-12
1.1526e-11
-1.83376e-11
1.67566e-11
-1.19647e-11
9.78087e-12
-1.17962e-11
1.44771e-11
-1.43334e-11
1.22249e-11
-1.28548e-11
1.97459e-11
-3.23614e-11
4.63474e-11
-5.60564e-11
5.63215e-11
-4.51411e-11
2.54778e-11
-4.69537e-12
-1.03895e-11
1.7608e-11
-1.94915e-11
1.89774e-11
-1.70707e-11
1.35903e-11
-9.56015e-12
6.97625e-12
-7.89689e-12
1.36597e-11
-2.5067e-11
4.07488e-11
-5.60725e-11
6.4263e-11
-6.09279e-11
4.67576e-11
-2.67241e-11
6.34432e-12
1.01253e-11
-2.01809e-11
2.29342e-11
-2.00315e-11
1.46679e-11
-9.66384e-12
5.86925e-12
-3.83047e-12
5.3659e-12
-1.3158e-11
2.7516e-11
-4.50474e-11
5.98287e-11
-6.65525e-11
6.21096e-11
-4.68072e-11
2.45856e-11
-2.47218e-12
-1.30269e-11
1.94122e-11
-1.91367e-11
1.60694e-11
-1.2357e-11
7.94761e-12
-3.26077e-12
3.60168e-13
-2.39809e-12
1.14592e-11
-2.74445e-11
4.68092e-11
-6.29086e-11
6.8194e-11
-5.91853e-11
3.92372e-11
-1.68147e-11
-5.80644e-13
1.02889e-11
-1.4203e-11
1.50396e-11
-1.4254e-11
1.16439e-11
-6.79259e-12
2.41914e-13
4.81706e-12
-3.17378e-12
-9.27075e-12
3.06357e-11
-5.2548e-11
6.4825e-11
-6.25721e-11
4.84075e-11
-2.96193e-11
1.28199e-11
-1.30218e-12
-5.44936e-12
9.82369e-12
-1.36956e-11
1.58078e-11
-1.28111e-11
3.25762e-12
8.27174e-12
-1.31282e-11
4.88811e-12
1.49623e-11
-3.81478e-11
5.48672e-11
-5.94285e-11
5.19998e-11
-3.78558e-11
2.37266e-11
-1.37369e-11
6.68032e-12
1.2554e-12
-1.12517e-11
1.88496e-11
-1.79898e-11
7.20383e-12
7.58489e-12
-1.70855e-11
1.43645e-11
1.0537e-12
-2.33368e-11
4.296e-11
-5.2175e-11
4.9544e-11
-4.06151e-11
3.2211e-11
-2.64379e-11
1.96779e-11
-8.28297e-12
-6.46875e-12
1.82709e-11
-2.08162e-11
1.21006e-11
3.57838e-12
-1.74479e-11
2.03653e-11
-8.96204e-12
-1.16121e-11
3.08669e-11
-4.11948e-11
4.25641e-11
-4.03832e-11
3.8711e-11
-3.69546e-11
3.13132e-11
-1.92184e-11
1.96094e-12
1.45183e-11
-2.23731e-11
1.77442e-11
-7.52388e-12
1.46484e-12
5.3301e-14
5.30396e-14
2.68023e-14
4.05771e-15
0
