0
2.514e-16
3.7312e-15
1.88697e-14
9.0483e-14
4.22113e-13
-4.26993e-12
1.59234e-11
-2.48052e-11
1.40149e-11
6.69422e-12
-9.99792e-12
-1.12004e-11
3.35995e-11
-3.08829e-11
4.39669e-12
1.79647e-11
-1.42982e-11
-6.39366e-12
1.50975e-11
2.4086e-12
-2.86668e-11
3.44181e-11
-1.29775e-11
-1.21362e-11
1.42429e-11
5.39115e-12
-1.97594e-11
7.93954e-12
1.97054e-11
-3.35346e-11
1.87576e-11
7.10786e-12
-1.49274e-11
-2.49509e-12
2.20478e-11
-1.795e-11
-8.08349e-12
2.8257e-11
-2.11735e-11
-3.67857e-12
1.6791e-11
-3.28074e-12
-2.02468e-11
2.50056e-11
-4.04611e-12
-1.9843e-11
2.03021e-11
1.76757e-12
-1.96981e-11
1.18416e-11
1.31196e-11
-2.6757e-11
1.37352e-11
1.02661e-11
-1.72482e-11
-7.93012e-13
2.24574e-11
-2.20798e-11
-9.24489e-13
2.14944e-11
-1.82723e-11
-2.21706e-12
1.35326e-11
-4.89629e-13
-2.34186e-11
3.15086e-11
-1.4568e-11
-9.24273e-12
1.56072e-11
-1.83401e-12
-1.10422e-11
3.24362e-12
2.06629e-11
-3.70155e-11
2.97986e-11
-8.03582e-12
-5.42467e-12
8.60998e-14
1.12587e-11
-8.28467e-12
-1.29668e-11
3.55362e-11
-4.02398e-11
2.62843e-11
-1.04911e-11
7.77995e-12
-1.48736e-11
1.55257e-11
4.56725e-13
-2.52771e-11
4.15627e-11
-4.01007e-11
2.82537e-11
-2.02e-11
2.14844e-11
-2.3739e-11
1.49982e-11
6.89715e-12
-3.11428e-11
4.42906e-11
-4.24891e-11
3.39497e-11
-2.94298e-11
3.09234e-11
-2.97825e-11
1.61164e-11
9.70355e-12
-3.55916e-11
4.7975e-11
-4.47023e-11
3.63252e-11
-3.48176e-11
3.95827e-11
-3.77988e-11
1.80659e-11
1.4499e-11
-4.15255e-11
4.83222e-11
-3.98259e-11
3.37551e-11
-4.10674e-11
5.12221e-11
-4.44319e-11
1.36596e-11
2.33895e-11
-4.28035e-11
3.80498e-11
-2.80387e-11
3.29679e-11
-5.17498e-11
6.01547e-11
-4.04233e-11
1.04399e-12
2.85076e-11
-3.14626e-11
1.90417e-11
-1.84819e-11
3.82052e-11
-5.95277e-11
5.5331e-11
-2.39405e-11
-1.03626e-11
2.12041e-11
-1.07434e-11
2.77572e-12
-1.64021e-11
4.14304e-11
-5.23767e-11
3.53745e-11
-5.71859e-12
-1.12995e-11
5.7813e-12
6.34124e-12
-4.73303e-12
-1.36252e-11
3.09606e-11
-3.01725e-11
1.2429e-11
4.73961e-12
-6.67133e-12
-4.38032e-12
1.42247e-11
-1.17046e-11
1.38661e-13
9.03001e-12
-6.47417e-12
-4.18564e-12
1.27498e-11
-8.7202e-12
-5.88442e-12
2.18921e-11
-2.64507e-11
1.96122e-11
-9.61547e-12
1.03736e-11
-2.02927e-11
2.80902e-11
-1.68886e-11
-9.58885e-12
3.56324e-11
-4.07184e-11
2.95805e-11
-1.89572e-11
2.70892e-11
-4.26464e-11
4.49372e-11
-1.79249e-11
-2.01936e-11
4.46822e-11
-4.04795e-11
2.77052e-11
-2.76714e-11
4.72524e-11
-6.05478e-11
4.7869e-11
-9.19921e-12
-2.5592e-11
3.75838e-11
-2.88203e-11
2.49849e-11
-3.71584e-11
5.65172e-11
-5.8813e-11
3.71468e-11
-3.98451e-12
-1.84492e-11
2.29802e-11
-1.9098e-11
2.08627e-11
-3.21655e-11
4.28964e-11
-4.28469e-11
2.70343e-11
-5.58269e-12
-1.19554e-11
1.44124e-11
-8.60456e-12
1.28821e-12
-7.22357e-12
1.85844e-11
-2.8126e-11
1.75982e-11
8.08068e-13
-1.61262e-11
5.54226e-12
1.45342e-11
-3.08951e-11
1.89769e-11
-3.08716e-13
-1.21192e-11
-3.45167e-12
1.79415e-11
-1.84912e-11
-1.28861e-11
4.06695e-11
-5.27355e-11
3.32147e-11
-1.80284e-11
1.29521e-11
-2.81775e-11
2.7654e-11
-1.12198e-11
-2.62529e-11
4.89388e-11
-5.71303e-11
4.35719e-11
-3.60219e-11
3.06716e-11
-3.44253e-11
2.605e-11
-9.61019e-12
-2.00141e-11
4.32892e-11
-5.55492e-11
4.77078e-11
-3.30829e-11
2.27182e-11
-2.45558e-11
2.87864e-11
-1.80628e-11
-8.18556e-12
3.78777e-11
-4.25111e-11
2.70942e-11
-1.88974e-12
2.29758e-12
-1.43945e-11
3.20505e-11
-1.75609e-11
-2.04105e-12
2.39305e-11
-7.31638e-12
-1.01959e-11
3.22927e-11
-1.5211e-11
2.74052e-12
1.99517e-11
-8.33991e-12
1.09151e-11
-1.85546e-12
2.70707e-11
-3.43782e-11
5.55859e-11
-3.74529e-11
2.93627e-11
6.33212e-12
-9.59168e-12
2.56743e-11
-1.32163e-11
3.44631e-11
-4.2604e-11
7.21955e-11
-5.56354e-11
3.76704e-11
8.24833e-12
-1.34887e-11
1.85765e-11
-2.53091e-12
2.3867e-11
-4.12524e-11
6.39317e-11
-4.43857e-11
1.92067e-11
9.74466e-12
-8.05133e-12
-7.37448e-13
8.35693e-12
-5.0703e-14
-1.53221e-11
1.96455e-11
-1.69976e-11
-2.57522e-12
6.39261e-12
-1.31854e-11
-1.19125e-11
2.01267e-11
-4.44325e-11
2.38994e-11
-2.53496e-11
-1.16357e-12
-2.56856e-11
1.45652e-11
-3.06402e-11
-2.5121e-11
3.51645e-11
-7.82825e-11
3.67999e-11
-4.62755e-11
7.20317e-12
-4.80902e-11
1.77799e-11
-3.57679e-11
-3.33161e-11
2.54999e-11
-7.15762e-11
2.42939e-11
-4.73816e-11
2.4636e-13
-3.76374e-11
1.86619e-12
-3.65784e-11
-1.32035e-11
-4.15418e-12
-4.3523e-11
3.39264e-12
-1.48169e-11
-3.43809e-11
1.34959e-12
-6.54348e-12
-3.8232e-11
1.40721e-11
-1.92435e-11
-4.62495e-12
-2.57492e-11
3.92029e-11
-5.67853e-11
3.51228e-11
-5.00198e-12
-1.6549e-11
3.21544e-11
-2.09129e-11
3.8157e-11
-2.74726e-11
6.2973e-11
-3.99294e-11
6.41641e-11
-1.87771e-12
1.28963e-11
5.46575e-11
-3.01486e-12
4.52304e-11
2.21169e-11
5.32012e-11
-1.02058e-12
7.47986e-11
2.4221e-11
2.96519e-11
6.17416e-11
4.32669e-11
2.34644e-11
7.88152e-11
2.65179e-11
5.60935e-11
5.12011e-11
5.12926e-11
4.78298e-11
5.01576e-11
6.83484e-11
1.04899e-11
1.11209e-10
-1.37357e-11
9.35738e-11
3.11964e-11
4.4517e-11
4.57818e-11
4.53474e-11
4.7828e-11
1.88808e-12
9.44091e-11
-2.6967e-11
6.17224e-11
1.92178e-11
1.60045e-11
1.55124e-11
2.37812e-11
-3.01798e-12
6.68485e-12
5.69449e-12
-1.56693e-11
-8.57409e-12
-5.22118e-12
-4.20219e-11
-1.48353e-11
-1.8632e-11
-8.13932e-11
1.01417e-11
-9.16202e-11
-3.04797e-11
-8.18799e-11
-3.3957e-11
-1.08261e-10
-5.77542e-11
-6.54616e-11
-1.33122e-10
-3.54262e-11
-1.41696e-10
-6.95641e-11
-1.23485e-10
-8.99398e-11
-1.30052e-10
-9.39896e-11
-1.25643e-10
-1.25885e-10
-9.68826e-11
-1.38903e-10
-1.25401e-10
-9.459e-11
-1.47498e-10
-1.16707e-10
-9.51524e-11
-1.48577e-10
-8.91945e-11
-1.28839e-10
-8.05737e-11
-1.45923e-10
-4.38179e-11
-1.39058e-10
-6.21946e-11
-7.35883e-11
-1.03449e-10
-2.3029e-11
-9.24782e-11
-2.38651e-11
-5.98279e-11
2.18429e-12
-5.99572e-11
2.29724e-11
-2.51633e-12
-6.86984e-12
4.48985e-11
3.65349e-11
2.42783e-11
8.84717e-11
5.35699e-11
8.53202e-11
1.03748e-10
9.61534e-11
1.29977e-10
1.17093e-10
1.68297e-10
1.0626e-10
2.29306e-10
1.12056e-10
2.20066e-10
1.94201e-10
1.83109e-10
2.28677e-10
2.11287e-10
2.36382e-10
2.05448e-10
2.77965e-10
2.03982e-10
2.6574e-10
2.48203e-10
2.38874e-10
2.57422e-10
2.60196e-10
2.1756e-10
2.87644e-10
2.09087e-10
2.51372e-10
2.30554e-10
2.29428e-10
2.03954e-10
2.11794e-10
2.20943e-10
1.29535e-10
2.41534e-10
1.01823e-10
1.78322e-10
1.15724e-10
1.15338e-10
9.30029e-11
8.18381e-11
5.31388e-11
3.26983e-11
3.75311e-11
-2.84685e-11
-1.40036e-11
-3.31888e-11
-9.37269e-11
-8.18792e-11
-9.20299e-11
-1.82406e-10
-1.09764e-10
-2.21199e-10
-1.74164e-10
-2.52865e-10
-2.19488e-10
-2.94686e-10
-2.72303e-10
-3.02976e-10
-3.60839e-10
-2.9053e-10
-4.13035e-10
-3.50106e-10
-3.93444e-10
-4.08679e-10
-4.25675e-10
-4.0369e-10
-4.57883e-10
-4.3103e-10
-4.51526e-10
-4.43385e-10
-4.74584e-10
-4.18519e-10
-4.90249e-10
-4.21188e-10
-4.39039e-10
-4.70026e-10
-3.70832e-10
-4.60615e-10
-3.68396e-10
-4.07287e-10
-3.35293e-10
-3.86737e-10
-2.93227e-10
-3.13886e-10
-2.9069e-10
-2.3022e-10
-2.40542e-10
-1.96906e-10
-1.43811e-10
-1.62445e-10
-8.04206e-11
-6.0182e-11
-5.72248e-11
3.57061e-11
1.95469e-11
9.93237e-11
8.10947e-11
2.08246e-10
1.31268e-10
2.72967e-10
2.50752e-10
2.90967e-10
3.67188e-10
3.47099e-10
4.23253e-10
4.45304e-10
4.68961e-10
5.00703e-10
5.55186e-10
5.43674e-10
5.95154e-10
6.16273e-10
6.41512e-10
6.22109e-10
7.26738e-10
6.23994e-10
7.48765e-10
6.81536e-10
7.13332e-10
7.379e-10
6.97669e-10
7.30254e-10
7.03685e-10
7.24166e-10
6.58809e-10
7.16786e-10
6.43877e-10
6.39354e-10
6.33828e-10
5.91785e-10
5.47027e-10
5.76726e-10
4.47501e-10
5.14246e-10
3.96667e-10
3.91539e-10
3.46107e-10
2.95026e-10
2.48757e-10
1.87928e-10
1.87015e-10
4.57198e-11
9.42561e-11
-3.46066e-11
-5.85028e-11
-1.06246e-10
-1.80637e-10
-2.34077e-10
-2.51398e-10
-3.79703e-10
-3.51211e-10
-4.63614e-10
-4.8404e-10
-5.57823e-10
-5.72803e-10
-6.53944e-10
-6.94103e-10
-6.90779e-10
-8.22313e-10
-7.4959e-10
-8.80577e-10
-8.55963e-10
-8.94871e-10
-9.34272e-10
-9.54448e-10
-9.38678e-10
-1.01171e-09
-9.68538e-10
-1.00917e-09
-9.85819e-10
-1.02359e-09
-9.62005e-10
-1.00909e-09
-9.65067e-10
-9.30112e-10
-9.8139e-10
-8.44781e-10
-9.24724e-10
-8.22116e-10
-8.07085e-10
-7.64178e-10
-7.358e-10
-6.506e-10
-6.44287e-10
-5.56246e-10
-5.23164e-10
-4.41049e-10
-4.1704e-10
-2.93287e-10
-3.05353e-10
-1.72378e-10
-1.20195e-10
-1.03239e-10
6.60006e-11
3.63675e-11
1.75969e-10
2.10745e-10
3.0353e-10
3.47623e-10
4.51961e-10
4.78082e-10
5.80932e-10
6.23715e-10
6.978e-10
7.30501e-10
8.5404e-10
8.09666e-10
9.52873e-10
9.58068e-10
9.82036e-10
1.08898e-09
1.04374e-09
1.14658e-09
1.13058e-09
1.17639e-09
1.17544e-09
1.22673e-09
1.18688e-09
1.23122e-09
1.21634e-09
1.21704e-09
1.17965e-09
1.23401e-09
1.11244e-09
1.19549e-09
1.08745e-09
1.079e-09
1.07461e-09
9.64371e-10
9.79475e-10
8.97629e-10
8.52693e-10
7.81046e-10
7.50239e-10
6.46594e-10
6.10533e-10
5.2233e-10
4.61127e-10
3.65159e-10
3.41887e-10
1.66393e-10
2.14392e-10
2.09511e-11
-2.87518e-13
-7.7111e-11
-1.96816e-10
-2.36672e-10
-3.36332e-10
-4.13998e-10
-4.8027e-10
-5.59045e-10
-6.44505e-10
-6.89249e-10
-7.75559e-10
-8.36839e-10
-9.0247e-10
-9.21297e-10
-1.0645e-09
-9.90348e-10
-1.15935e-09
-1.11126e-09
-1.18544e-09
-1.22833e-09
-1.22351e-09
-1.26165e-09
-1.30032e-09
-1.26548e-09
-1.31495e-09
-1.29598e-09
-1.29758e-09
-1.28539e-09
-1.27843e-09
-1.25674e-09
-1.21687e-09
-1.23925e-09
-1.1115e-09
-1.19407e-09
-1.04401e-09
-1.05322e-09
-1.00065e-09
-9.22588e-10
-8.73013e-10
-8.37147e-10
-7.09729e-10
-7.23711e-10
-5.74956e-10
-5.54514e-10
-4.53884e-10
-3.93017e-10
-2.93781e-10
-2.31695e-10
-1.62477e-10
-3.09538e-11
-3.00651e-11
1.30358e-10
1.55803e-10
2.4682e-10
3.48631e-10
3.93253e-10
4.62803e-10
5.97668e-10
5.59877e-10
7.40284e-10
7.12979e-10
8.33303e-10
8.53983e-10
9.31566e-10
9.57484e-10
1.02738e-09
1.05376e-09
1.07983e-09
1.14334e-09
1.14569e-09
1.15955e-09
1.2211e-09
1.1809e-09
1.21747e-09
1.2419e-09
1.16227e-09
1.27286e-09
1.14402e-09
1.20736e-09
1.15458e-09
1.13691e-09
1.09461e-09
1.09142e-09
1.00886e-09
1.01564e-09
9.25715e-10
9.13752e-10
8.24297e-10
8.21322e-10
6.90573e-10
7.01381e-10
6.04174e-10
5.16198e-10
5.18827e-10
3.67212e-10
3.62067e-10
2.70275e-10
1.77802e-10
1.47579e-10
5.79729e-11
-4.2361e-11
-3.95112e-11
-1.9637e-10
-1.82792e-10
-3.17883e-10
-3.22424e-10
-4.42621e-10
-4.42714e-10
-5.60167e-10
-5.73072e-10
-6.34313e-10
-7.03737e-10
-7.31883e-10
-7.58253e-10
-8.5723e-10
-8.07857e-10
-9.18731e-10
-9.07025e-10
-9.1038e-10
-1.00527e-09
-9.27879e-10
-1.01129e-09
-9.86832e-10
-9.96777e-10
-9.93571e-10
-1.00491e-09
-9.63313e-10
-9.99776e-10
-9.31998e-10
-9.58028e-10
-8.90356e-10
-9.26938e-10
-8.06376e-10
-8.76869e-10
-7.56998e-10
-7.59511e-10
-7.24471e-10
-6.4377e-10
-6.36227e-10
-5.8586e-10
-4.86277e-10
-5.21194e-10
-3.9051e-10
-3.74123e-10
-3.34592e-10
-2.27588e-10
-2.40973e-10
-1.25194e-10
-1.10253e-10
-3.18006e-11
-4.91511e-12
8.9907e-11
9.51981e-11
1.81534e-10
2.10883e-10
2.76537e-10
2.90315e-10
3.97659e-10
3.41043e-10
5.0168e-10
4.33268e-10
5.24214e-10
5.61009e-10
5.52678e-10
6.13951e-10
6.38298e-10
6.15296e-10
7.12884e-10
6.46866e-10
7.07896e-10
7.1726e-10
6.90522e-10
7.36649e-10
7.00537e-10
7.29015e-10
6.94418e-10
7.21187e-10
6.67468e-10
7.00508e-10
6.5238e-10
6.42768e-10
6.24169e-10
6.19829e-10
5.35291e-10
6.10289e-10
4.58065e-10
5.42814e-10
4.39363e-10
4.19835e-10
4.14939e-10
3.50528e-10
3.07239e-10
3.25519e-10
2.01857e-10
2.56803e-10
1.49914e-10
1.39743e-10
1.13111e-10
5.11916e-11
3.2129e-11
-1.25016e-11
-3.8258e-11
-9.09673e-11
-9.90285e-11
-1.58095e-10
-1.71089e-10
-2.02836e-10
-2.41865e-10
-2.70429e-10
-2.53647e-10
-3.67513e-10
-2.7242e-10
-4.0423e-10
-3.46102e-10
-3.87788e-10
-4.20715e-10
-4.06725e-10
-4.10033e-10
-4.81254e-10
-3.82799e-10
-5.03948e-10
-4.10887e-10
-4.68106e-10
-4.53791e-10
-4.39882e-10
-4.42634e-10
-4.50142e-10
-4.14506e-10
-4.32358e-10
-4.01883e-10
-4.02568e-10
-3.78725e-10
-3.77021e-10
-3.41874e-10
-3.39692e-10
-3.31827e-10
-2.62316e-10
-3.24163e-10
-2.19316e-10
-2.56348e-10
-2.17292e-10
-1.75098e-10
-1.86397e-10
-1.56975e-10
-8.3506e-11
-1.67339e-10
-1.48521e-11
-1.08117e-10
-1.21356e-11
-1.47207e-11
-3.88839e-12
2.78255e-11
6.7965e-11
2.7305e-11
1.29444e-10
6.38097e-11
1.48998e-10
1.17513e-10
1.61632e-10
1.54315e-10
1.9237e-10
1.78789e-10
2.01972e-10
2.18291e-10
2.12625e-10
2.26205e-10
2.46465e-10
2.15259e-10
2.68125e-10
2.36742e-10
2.29837e-10
2.92792e-10
1.97576e-10
2.8784e-10
2.29179e-10
2.34195e-10
2.62148e-10
2.16997e-10
2.1694e-10
2.64208e-10
1.53473e-10
2.6675e-10
1.52091e-10
2.10496e-10
1.77417e-10
1.64452e-10
1.50626e-10
1.72002e-10
9.84825e-11
1.64502e-10
7.56898e-11
1.30417e-10
6.62291e-11
9.62866e-11
4.24347e-11
7.6222e-11
2.54269e-11
3.36052e-11
2.00541e-11
7.32213e-12
-1.27971e-11
8.66153e-12
-6.03442e-11
8.926e-13
-5.9456e-11
-6.41883e-11
-2.73345e-11
-1.08594e-10
-4.68719e-11
-8.76395e-11
-1.10623e-10
-6.07412e-11
-1.22817e-10
-1.1053e-10
-7.22828e-11
-1.66262e-10
-5.91256e-11
-1.56246e-10
-1.06644e-10
-1.10717e-10
-1.31488e-10
-1.24284e-10
-9.68063e-11
-1.59788e-10
-6.82609e-11
-1.62009e-10
-8.15877e-11
-1.31079e-10
-9.17879e-11
-1.23951e-10
-7.82848e-11
-1.2126e-10
-6.87192e-11
-1.09967e-10
-6.33981e-11
-1.0093e-10
-4.14338e-11
-1.07938e-10
-2.46263e-11
-8.18358e-11
-4.32315e-11
-3.94817e-11
-5.37213e-11
-2.96018e-11
-1.15183e-11
-6.36719e-11
2.86724e-11
-4.94363e-11
4.84345e-12
1.34661e-11
-3.57476e-11
4.46054e-11
-5.62798e-12
3.15809e-12
5.25149e-11
-1.28478e-11
4.73106e-11
3.88757e-11
-4.13015e-12
8.79115e-11
-4.58083e-12
6.25857e-11
4.42768e-11
3.18109e-11
5.94996e-11
5.11139e-11
2.30291e-11
9.25942e-11
6.71614e-12
8.71151e-11
2.52417e-11
6.70156e-11
3.97523e-11
6.53683e-11
2.56755e-11
7.64929e-11
2.05652e-11
7.21019e-11
1.80652e-11
7.22501e-11
8.75311e-12
7.70074e-11
1.4432e-12
6.34035e-11
2.01797e-11
3.62675e-11
2.39765e-11
4.39354e-11
-7.61228e-12
7.09813e-11
-3.27923e-11
5.92478e-11
-3.82371e-14
6.9785e-12
2.81772e-11
-2.15363e-12
-1.54867e-12
4.16301e-11
-5.23505e-11
5.26026e-11
-2.9867e-11
-2.68451e-12
2.01205e-11
-4.04605e-11
1.39095e-11
-1.58567e-12
-4.50331e-11
3.34994e-11
-4.9679e-11
-1.08553e-12
2.16583e-12
-5.42094e-11
2.31297e-11
-3.91985e-11
-2.0507e-11
3.56261e-12
-4.53273e-11
-2.68662e-12
-1.29837e-11
-4.76912e-11
2.08981e-11
-5.42486e-11
2.69092e-12
-2.5414e-11
-2.12161e-11
-1.35986e-11
-1.15039e-11
-3.73393e-11
1.30991e-11
-4.613e-11
1.33664e-11
-3.86286e-11
4.90252e-12
-2.94393e-11
8.46497e-12
-3.5147e-11
1.16371e-11
-2.97026e-11
1.18314e-11
-3.01978e-11
1.81639e-11
-3.91167e-11
3.38531e-11
-4.24591e-11
2.42816e-11
-2.06262e-11
7.00897e-12
-9.27811e-12
1.48624e-11
-3.29319e-11
4.84591e-11
-5.19915e-11
4.6207e-11
-2.49424e-11
9.91468e-12
8.22844e-12
1.12859e-12
-1.18459e-11
4.45998e-11
-5.28209e-11
6.39264e-11
-3.89219e-11
2.42918e-11
1.20354e-11
-1.14098e-11
1.25877e-11
2.48045e-11
-3.8626e-11
6.6788e-11
-5.26461e-11
4.3003e-11
1.44382e-12
-1.27076e-11
2.81033e-11
-1.51852e-12
-1.35586e-11
5.28685e-11
-5.5442e-11
5.4914e-11
-1.7182e-11
-1.60366e-12
2.95875e-11
-2.2437e-11
1.13309e-11
2.73401e-11
-4.30457e-11
5.3696e-11
-3.38707e-11
1.40898e-11
1.91703e-11
-2.97578e-11
2.69242e-11
-7.52604e-13
-2.06059e-11
4.00126e-11
-3.97406e-11
2.49154e-11
3.22126e-12
-2.39064e-11
3.06115e-11
-2.19045e-11
2.10827e-12
1.89636e-11
-3.22592e-11
2.61656e-11
-1.03052e-11
-1.22408e-11
2.49666e-11
-3.0711e-11
1.78048e-11
-2.43323e-12
-1.6296e-11
1.84842e-11
-1.52603e-11
-2.65946e-12
1.51757e-11
-2.86576e-11
2.44206e-11
-1.76261e-11
4.08654e-13
5.59483e-12
-1.07088e-11
9.07918e-13
7.12149e-12
-2.18939e-11
2.36821e-11
-2.36129e-11
1.25109e-11
-7.49745e-12
-9.107e-13
-1.52011e-12
4.96921e-12
-1.62144e-11
1.9224e-11
-2.24614e-11
1.85968e-11
-1.61781e-11
8.49956e-12
-7.76202e-12
8.84637e-12
-1.4076e-11
1.53317e-11
-1.91675e-11
1.97605e-11
-1.85045e-11
1.43479e-11
-1.46007e-11
1.51066e-11
-1.51543e-11
1.5214e-11
-1.76965e-11
1.81926e-11
-1.63846e-11
1.66041e-11
-1.87567e-11
1.94525e-11
-1.80461e-11
1.90862e-11
-1.88438e-11
1.65894e-11
-1.3972e-11
1.66896e-11
-1.85635e-11
2.00975e-11
-2.10658e-11
2.40597e-11
-2.11648e-11
1.72622e-11
-1.43654e-11
1.59766e-11
-1.52427e-11
1.82651e-11
-2.24336e-11
2.64644e-11
-2.30392e-11
2.06715e-11
-1.75349e-11
1.55534e-11
-1.21542e-11
1.62878e-11
-2.10386e-11
2.47888e-11
-2.37117e-11
2.47887e-11
-2.10384e-11
1.62877e-11
-1.21539e-11
1.55531e-11
-1.75346e-11
2.06713e-11
-2.30391e-11
2.64643e-11
-2.24338e-11
1.82655e-11
-1.52431e-11
1.5977e-11
-1.43657e-11
1.72626e-11
-2.11649e-11
2.40595e-11
-2.10655e-11
2.00972e-11
-1.8563e-11
1.66891e-11
-1.39715e-11
1.65891e-11
-1.88437e-11
1.90864e-11
-1.80465e-11
1.94532e-11
-1.87575e-11
1.66048e-11
-1.63851e-11
1.81927e-11
-1.76962e-11
1.52133e-11
-1.51534e-11
1.51057e-11
-1.46e-11
1.43475e-11
-1.85044e-11
1.97609e-11
-1.91682e-11
1.53325e-11
-1.40767e-11
8.8469e-12
-7.76224e-12
8.49945e-12
-1.61777e-11
1.85964e-11
-2.24611e-11
1.92238e-11
-1.62142e-11
4.96914e-12
-1.52011e-12
-9.10741e-13
-7.49728e-12
1.25107e-11
-2.36128e-11
2.3682e-11
-2.18939e-11
7.12173e-12
9.07498e-13
-1.07083e-11
5.59435e-12
4.09078e-13
-1.76263e-11
2.44206e-11
-2.86574e-11
1.51753e-11
-2.65893e-12
-1.52609e-11
1.84847e-11
-1.62963e-11
-2.43309e-12
1.78049e-11
-3.07112e-11
2.4967e-11
-1.22413e-11
-1.03048e-11
2.61653e-11
-3.2259e-11
1.89636e-11
2.10817e-12
-2.19044e-11
3.06115e-11
-2.39064e-11
3.22128e-12
2.49155e-11
-3.97407e-11
4.00128e-11
-2.06063e-11
-7.52131e-13
2.69239e-11
-2.97577e-11
1.91704e-11
1.40894e-11
-3.387e-11
5.36953e-11
-4.30453e-11
2.734e-11
1.13307e-11
-2.24364e-11
2.95867e-11
-1.60303e-12
-1.71823e-11
5.4914e-11
-5.54416e-11
5.28677e-11
-1.35579e-11
-1.51896e-12
2.81034e-11
-1.27074e-11
1.44324e-12
4.30038e-11
-5.26468e-11
6.67884e-11
-3.8626e-11
2.48043e-11
1.25882e-11
-1.14104e-11
1.2036e-11
2.42915e-11
-3.89218e-11
6.39265e-11
-5.28211e-11
4.46001e-11
-1.18462e-11
1.12878e-12
8.22836e-12
9.9147e-12
-2.49425e-11
4.62071e-11
-5.19915e-11
4.84591e-11
-3.29319e-11
1.48624e-11
-9.27801e-12
7.00877e-12
-2.0626e-11
2.42814e-11
-4.24589e-11
3.3853e-11
-3.91167e-11
1.8164e-11
-3.0198e-11
1.18314e-11
-2.97026e-11
1.16372e-11
-3.51471e-11
8.46503e-12
-2.94394e-11
4.90275e-12
-3.8629e-11
1.33668e-11
-4.61302e-11
1.30991e-11
-3.7339e-11
-1.15043e-11
-1.3598e-11
-2.12167e-11
-2.54136e-11
2.69085e-12
-5.42488e-11
2.08984e-11
-4.76917e-11
-1.29832e-11
-2.6869e-12
-4.53273e-11
3.56274e-12
-2.05073e-11
-3.91982e-11
2.31294e-11
-5.42093e-11
2.16591e-12
-1.08573e-12
-4.96788e-11
3.34991e-11
-4.50328e-11
-1.5859e-12
1.39096e-11
-4.04605e-11
2.01204e-11
-2.68424e-12
-2.98675e-11
5.26031e-11
-5.23511e-11
4.16306e-11
-1.549e-12
-2.15351e-12
2.81774e-11
6.97806e-12
-3.7559e-14
5.9247e-11
-3.27916e-11
7.09807e-11
-7.61184e-12
4.39353e-11
2.39762e-11
3.6268e-11
2.01791e-11
6.34042e-11
1.44253e-12
7.70078e-11
8.75303e-12
7.22499e-11
1.80654e-11
7.21015e-11
2.05656e-11
7.64927e-11
2.56755e-11
6.53684e-11
3.97521e-11
6.70157e-11
2.52417e-11
8.7115e-11
6.71638e-12
9.25939e-11
2.30294e-11
5.11138e-11
5.94995e-11
3.18112e-11
4.42765e-11
6.2586e-11
-4.5811e-12
8.79116e-11
-4.13006e-12
3.88755e-11
4.73108e-11
-1.28479e-11
5.25149e-11
3.15825e-12
-5.62819e-12
4.46055e-11
-3.57477e-11
1.3466e-11
4.84365e-12
-4.94366e-11
2.86727e-11
-6.3672e-11
-1.15184e-11
-2.96017e-11
-5.37214e-11
-3.94816e-11
-4.32316e-11
-8.18359e-11
-2.46262e-11
-1.07938e-10
-4.14339e-11
-1.0093e-10
-6.33983e-11
-1.09967e-10
-6.87194e-11
-1.2126e-10
-7.82848e-11
-1.23951e-10
-9.17879e-11
-1.31079e-10
-8.15876e-11
-1.6201e-10
-6.82607e-11
-1.59788e-10
-9.68061e-11
-1.24284e-10
-1.31488e-10
-1.10717e-10
-1.06645e-10
-1.56245e-10
-5.91258e-11
-1.66262e-10
-7.22828e-11
-1.1053e-10
-1.22817e-10
-6.07413e-11
-1.10623e-10
-8.76393e-11
-4.6872e-11
-1.08594e-10
-2.73344e-11
-6.41884e-11
-5.94559e-11
8.92479e-13
-6.03441e-11
8.66168e-12
-1.27974e-11
7.32235e-12
2.0054e-11
3.36051e-11
2.54272e-11
7.62217e-11
4.24351e-11
9.62865e-11
6.6229e-11
1.30417e-10
7.56894e-11
1.64502e-10
9.84823e-11
1.72002e-10
1.50626e-10
1.64452e-10
1.77417e-10
2.10496e-10
1.52091e-10
2.6675e-10
1.53472e-10
2.64209e-10
2.1694e-10
2.16997e-10
2.62148e-10
2.34195e-10
2.2918e-10
2.8784e-10
1.97577e-10
2.92792e-10
2.29837e-10
2.36741e-10
2.68125e-10
2.15259e-10
2.46465e-10
2.26205e-10
2.12624e-10
2.18291e-10
2.01972e-10
1.78789e-10
1.9237e-10
1.54315e-10
1.61633e-10
1.17513e-10
1.48998e-10
6.38094e-11
1.29444e-10
2.7305e-11
6.79648e-11
2.78258e-11
-3.88856e-12
-1.47206e-11
-1.21357e-11
-1.08117e-10
-1.4852e-11
-1.67339e-10
-8.35058e-11
-1.56976e-10
-1.86397e-10
-1.75098e-10
-2.17292e-10
-2.56348e-10
-2.19316e-10
-3.24163e-10
-2.62316e-10
-3.31828e-10
-3.39692e-10
-3.41874e-10
-3.77021e-10
-3.78726e-10
-4.02567e-10
-4.01884e-10
-4.32358e-10
-4.14506e-10
-4.50142e-10
-4.42633e-10
-4.39883e-10
-4.53791e-10
-4.68106e-10
-4.10887e-10
-5.03948e-10
-3.82799e-10
-4.81254e-10
-4.10033e-10
-4.06725e-10
-4.20716e-10
-3.87788e-10
-3.46102e-10
-4.0423e-10
-2.72421e-10
-3.67513e-10
-2.53647e-10
-2.70429e-10
-2.41865e-10
-2.02836e-10
-1.71089e-10
-1.58095e-10
-9.90282e-11
-9.09675e-11
-3.82578e-11
-1.25018e-11
3.21291e-11
5.11914e-11
1.13111e-10
1.39743e-10
1.49915e-10
2.56803e-10
2.01857e-10
3.25519e-10
3.07239e-10
3.50529e-10
4.14938e-10
4.19836e-10
4.39362e-10
5.42815e-10
4.58066e-10
6.10289e-10
5.35291e-10
6.19829e-10
6.24168e-10
6.42768e-10
6.5238e-10
7.00508e-10
6.67468e-10
7.21187e-10
6.94418e-10
7.29015e-10
7.00537e-10
7.36649e-10
6.90522e-10
7.1726e-10
7.07897e-10
6.46866e-10
7.12884e-10
6.15296e-10
6.38298e-10
6.13951e-10
5.52678e-10
5.61009e-10
5.24213e-10
4.33269e-10
5.0168e-10
3.41043e-10
3.97659e-10
2.90315e-10
2.76537e-10
2.10883e-10
1.81534e-10
9.51981e-11
8.9907e-11
-4.91519e-12
-3.18006e-11
-1.10253e-10
-1.25194e-10
-2.40973e-10
-2.27588e-10
-3.34592e-10
-3.74123e-10
-3.90509e-10
-5.21194e-10
-4.86277e-10
-5.8586e-10
-6.36227e-10
-6.4377e-10
-7.24471e-10
-7.59511e-10
-7.56998e-10
-8.76869e-10
-8.06376e-10
-9.26938e-10
-8.90356e-10
-9.58028e-10
-9.31998e-10
-9.99776e-10
-9.63313e-10
-1.00491e-09
-9.93571e-10
-9.96777e-10
-9.86831e-10
-1.01129e-09
-9.27879e-10
-1.00527e-09
-9.1038e-10
-9.07025e-10
-9.18732e-10
-8.07857e-10
-8.5723e-10
-7.58253e-10
-7.31882e-10
-7.03737e-10
-6.34312e-10
-5.73073e-10
-5.60167e-10
-4.42713e-10
-4.42621e-10
-3.22424e-10
-3.17883e-10
-1.82792e-10
-1.9637e-10
-3.9511e-11
-4.23613e-11
5.79733e-11
1.47579e-10
1.77802e-10
2.70275e-10
3.62066e-10
3.67212e-10
5.18827e-10
5.16198e-10
6.04175e-10
7.01381e-10
6.90573e-10
8.21323e-10
8.24296e-10
9.13753e-10
9.25715e-10
1.01564e-09
1.00886e-09
1.09142e-09
1.09461e-09
1.13691e-09
1.15458e-09
1.20736e-09
1.14402e-09
1.27286e-09
1.16227e-09
1.24189e-09
1.21747e-09
1.1809e-09
1.2211e-09
1.15955e-09
1.14569e-09
1.14334e-09
1.07983e-09
1.05376e-09
1.02738e-09
9.57484e-10
9.31566e-10
8.53983e-10
8.33303e-10
7.12979e-10
7.40283e-10
5.59877e-10
5.97668e-10
4.62803e-10
3.93253e-10
3.48631e-10
2.4682e-10
1.55803e-10
1.30358e-10
-3.00653e-11
-3.09539e-11
-1.62477e-10
-2.31695e-10
-2.93781e-10
-3.93017e-10
-4.53884e-10
-5.54514e-10
-5.74956e-10
-7.23711e-10
-7.09728e-10
-8.37148e-10
-8.73012e-10
-9.22588e-10
-1.00065e-09
-1.05322e-09
-1.04401e-09
-1.19407e-09
-1.1115e-09
-1.23925e-09
-1.21687e-09
-1.25674e-09
-1.27843e-09
-1.28539e-09
-1.29758e-09
-1.29598e-09
-1.31495e-09
-1.26548e-09
-1.30032e-09
-1.26165e-09
-1.22351e-09
-1.22833e-09
-1.18544e-09
-1.11126e-09
-1.15935e-09
-9.90348e-10
-1.0645e-09
-9.21297e-10
-9.0247e-10
-8.36839e-10
-7.75559e-10
-6.89249e-10
-6.44505e-10
-5.59045e-10
-4.80271e-10
-4.13998e-10
-3.36332e-10
-2.36672e-10
-1.96817e-10
-7.71108e-11
-2.87616e-13
2.09514e-11
2.14391e-10
1.66394e-10
3.41886e-10
3.65159e-10
4.61127e-10
5.2233e-10
6.10533e-10
6.46594e-10
7.5024e-10
7.81045e-10
8.52693e-10
8.97629e-10
9.79475e-10
9.64371e-10
1.07461e-09
1.079e-09
1.08745e-09
1.19549e-09
1.11244e-09
1.23401e-09
1.17965e-09
1.21704e-09
1.21634e-09
1.23122e-09
1.18688e-09
1.22673e-09
1.17544e-09
1.17639e-09
1.13058e-09
1.14658e-09
1.04374e-09
1.08898e-09
9.82036e-10
9.58068e-10
9.52873e-10
8.09666e-10
8.5404e-10
7.30501e-10
6.978e-10
6.23715e-10
5.80932e-10
4.78082e-10
4.51961e-10
3.47623e-10
3.0353e-10
2.10746e-10
1.75968e-10
3.63674e-11
6.6001e-11
-1.03239e-10
-1.20195e-10
-1.72378e-10
-3.05353e-10
-2.93287e-10
-4.17039e-10
-4.4105e-10
-5.23164e-10
-5.56247e-10
-6.44287e-10
-6.506e-10
-7.358e-10
-7.64178e-10
-8.07085e-10
-8.22116e-10
-9.24724e-10
-8.44781e-10
-9.8139e-10
-9.30111e-10
-9.65067e-10
-1.00909e-09
-9.62005e-10
-1.02359e-09
-9.85819e-10
-1.00917e-09
-9.68539e-10
-1.01171e-09
-9.38677e-10
-9.54448e-10
-9.34271e-10
-8.94871e-10
-8.55963e-10
-8.80576e-10
-7.4959e-10
-8.22313e-10
-6.90778e-10
-6.94104e-10
-6.53944e-10
-5.72804e-10
-5.57823e-10
-4.84039e-10
-4.63614e-10
-3.51211e-10
-3.79703e-10
-2.51398e-10
-2.34077e-10
-1.80637e-10
-1.06246e-10
-5.85031e-11
-3.46064e-11
9.4256e-11
4.57198e-11
1.87015e-10
1.87927e-10
2.48758e-10
2.95026e-10
3.46108e-10
3.91539e-10
3.96667e-10
5.14246e-10
4.47502e-10
5.76725e-10
5.47027e-10
5.91784e-10
6.33828e-10
6.39354e-10
6.43876e-10
7.16787e-10
6.58809e-10
7.24167e-10
7.03684e-10
7.30254e-10
6.97669e-10
7.37899e-10
7.13332e-10
6.81537e-10
7.48765e-10
6.23994e-10
7.26738e-10
6.22108e-10
6.41512e-10
6.16273e-10
5.95154e-10
5.43673e-10
5.55186e-10
5.00703e-10
4.6896e-10
4.45304e-10
4.23253e-10
3.47099e-10
3.67188e-10
2.90967e-10
2.50752e-10
2.72967e-10
1.31268e-10
2.08245e-10
8.1095e-11
9.93234e-11
1.95472e-11
3.57057e-11
-5.72246e-11
-6.01819e-11
-8.04208e-11
-1.62445e-10
-1.43811e-10
-1.96906e-10
-2.40542e-10
-2.3022e-10
-2.90691e-10
-3.13885e-10
-2.93228e-10
-3.86737e-10
-3.35293e-10
-4.07287e-10
-3.68396e-10
-4.60615e-10
-3.70832e-10
-4.70026e-10
-4.39039e-10
-4.21188e-10
-4.90249e-10
-4.18519e-10
-4.74584e-10
-4.43385e-10
-4.51526e-10
-4.3103e-10
-4.57883e-10
-4.0369e-10
-4.25675e-10
-4.08679e-10
-3.93443e-10
-3.50106e-10
-4.13035e-10
-2.90531e-10
-3.60839e-10
-3.02977e-10
-2.72303e-10
-2.94686e-10
-2.19488e-10
-2.52865e-10
-1.74163e-10
-2.212e-10
-1.09765e-10
-1.82406e-10
-9.20303e-11
-8.1879e-11
-9.37269e-11
-3.31889e-11
-1.40037e-11
-2.84682e-11
3.75308e-11
3.26986e-11
5.31385e-11
8.18382e-11
9.30031e-11
1.15338e-10
1.15724e-10
1.78322e-10
1.01822e-10
2.41535e-10
1.29535e-10
2.20943e-10
2.11794e-10
2.03954e-10
2.29428e-10
2.30554e-10
2.51371e-10
2.09087e-10
2.87643e-10
2.1756e-10
2.60196e-10
2.57422e-10
2.38873e-10
2.48204e-10
2.6574e-10
2.03981e-10
2.77965e-10
2.05448e-10
2.36382e-10
2.11287e-10
2.28677e-10
1.83109e-10
1.94201e-10
2.20067e-10
1.12056e-10
2.29306e-10
1.0626e-10
1.68297e-10
1.17093e-10
1.29977e-10
9.61536e-11
1.03747e-10
8.53204e-11
5.357e-11
8.84716e-11
2.42782e-11
3.65352e-11
4.4898e-11
-6.86955e-12
-2.51635e-12
2.29723e-11
-5.99572e-11
2.18453e-12
-5.98283e-11
-2.38647e-11
-9.24784e-11
-2.3029e-11
-1.03449e-10
-7.35884e-11
-6.21944e-11
-1.39058e-10
-4.38183e-11
-1.45922e-10
-8.0574e-11
-1.28839e-10
-8.91942e-11
-1.48578e-10
-9.51524e-11
-1.16706e-10
-1.47498e-10
-9.45898e-11
-1.25401e-10
-1.38904e-10
-9.68826e-11
-1.25885e-10
-1.25643e-10
-9.39894e-11
-1.30052e-10
-8.99396e-11
-1.23485e-10
-6.95639e-11
-1.41696e-10
-3.5426e-11
-1.33123e-10
-6.54614e-11
-5.77543e-11
-1.08261e-10
-3.39572e-11
-8.18797e-11
-3.04798e-11
-9.16203e-11
1.01418e-11
-8.13932e-11
-1.86321e-11
-1.48351e-11
-4.20221e-11
-5.22112e-12
-8.57391e-12
-1.56697e-11
5.69474e-12
6.68489e-12
-3.01829e-12
2.37816e-11
1.55122e-11
1.60043e-11
1.92183e-11
6.17218e-11
-2.69666e-11
9.44091e-11
1.88786e-12
4.78282e-11
4.53476e-11
4.57813e-11
4.45179e-11
3.11956e-11
9.35742e-11
-1.37358e-11
1.11209e-10
1.049e-11
6.83484e-11
5.01575e-11
4.78302e-11
5.12923e-11
5.12014e-11
5.60935e-11
2.65175e-11
7.88157e-11
2.3464e-11
4.3267e-11
6.17419e-11
2.96514e-11
2.42213e-11
7.47985e-11
-1.02072e-12
5.32014e-11
2.21168e-11
4.52302e-11
-3.01449e-12
5.4657e-11
1.28968e-11
-1.87815e-12
6.41645e-11
-3.99297e-11
6.29731e-11
-2.74726e-11
3.81572e-11
-2.09133e-11
3.21549e-11
-1.65496e-11
-5.00154e-12
3.51227e-11
-5.67854e-11
3.9203e-11
-2.57491e-11
-4.62534e-12
-1.92429e-11
1.40716e-11
-3.82317e-11
-6.54353e-12
1.34947e-12
-3.43807e-11
-1.48169e-11
3.39247e-12
-4.35226e-11
-4.15456e-12
-1.32034e-11
-3.65781e-11
1.86571e-12
-3.76371e-11
2.4636e-13
-4.73818e-11
2.4294e-11
-7.15761e-11
2.54997e-11
-3.33159e-11
-3.57681e-11
1.77801e-11
-4.80903e-11
7.20317e-12
-4.62754e-11
3.67997e-11
-7.82825e-11
3.51647e-11
-2.51212e-11
-3.06403e-11
1.45655e-11
-2.56859e-11
-1.16341e-12
-2.53496e-11
2.38995e-11
-4.44328e-11
2.01271e-11
-1.19127e-11
-1.31855e-11
6.39259e-12
-2.57494e-12
-1.6998e-11
1.96458e-11
-1.5322e-11
-5.10124e-14
8.35722e-12
-7.3751e-13
-8.05142e-12
9.74469e-12
1.9207e-11
-4.43862e-11
6.39323e-11
-4.12528e-11
2.38672e-11
-2.53092e-12
1.85766e-11
-1.3489e-11
8.24886e-12
3.76699e-11
-5.56353e-11
7.21957e-11
-4.26044e-11
3.44633e-11
-1.32162e-11
2.56741e-11
-9.5915e-12
6.33225e-12
2.93623e-11
-3.74525e-11
5.55857e-11
-3.43783e-11
2.7071e-11
-1.85568e-12
1.09151e-11
-8.33985e-12
1.99517e-11
2.74039e-12
-1.52108e-11
3.22925e-11
-1.01956e-11
-7.31666e-12
2.39308e-11
-2.04134e-12
-1.75608e-11
3.20506e-11
-1.43946e-11
2.29759e-12
-1.88964e-12
2.70941e-11
-4.25111e-11
3.78779e-11
-8.18586e-12
-1.80624e-11
2.87861e-11
-2.45554e-11
2.27179e-11
-3.30826e-11
4.77076e-11
-5.5549e-11
4.3289e-11
-2.00139e-11
-9.61048e-12
2.60502e-11
-3.44254e-11
3.06715e-11
-3.60218e-11
4.35718e-11
-5.71302e-11
4.89387e-11
-2.62527e-11
-1.12201e-11
2.76544e-11
-2.81779e-11
1.29523e-11
-1.80286e-11
3.32151e-11
-5.2736e-11
4.06701e-11
-1.28866e-11
-1.84909e-11
1.79414e-11
-3.45153e-12
-1.21194e-11
-3.08202e-13
1.89763e-11
-3.08946e-11
1.45341e-11
5.54199e-12
-1.61258e-11
8.08067e-13
1.75978e-11
-2.81256e-11
1.85843e-11
-7.22385e-12
1.28875e-12
-8.60501e-12
1.44126e-11
-1.19553e-11
-5.5828e-12
2.70343e-11
-4.28467e-11
4.2896e-11
-3.21652e-11
2.08625e-11
-1.9098e-11
2.29802e-11
-1.84491e-11
-3.98461e-12
3.71469e-11
-5.8813e-11
5.65172e-11
-3.71586e-11
2.49851e-11
-2.88204e-11
3.75838e-11
-2.55919e-11
-9.19919e-12
4.78688e-11
-6.05475e-11
4.72521e-11
-2.76712e-11
2.77051e-11
-4.04793e-11
4.4682e-11
-2.01932e-11
-1.79252e-11
4.49375e-11
-4.26466e-11
2.70894e-11
-1.89574e-11
2.95808e-11
-4.07186e-11
3.56325e-11
-9.58883e-12
-1.68887e-11
2.80902e-11
-2.02925e-11
1.03735e-11
-9.61553e-12
1.96125e-11
-2.64511e-11
2.18924e-11
-5.88445e-12
-8.72026e-12
1.27498e-11
-4.18523e-12
-6.47476e-12
9.03053e-12
1.3844e-13
-1.17047e-11
1.42247e-11
-4.38009e-12
-6.67184e-12
4.74017e-12
1.24287e-11
-3.01725e-11
3.09607e-11
-1.36251e-11
-4.73338e-12
6.34159e-12
5.78117e-12
-1.12995e-11
-5.71868e-12
3.53748e-11
-5.2377e-11
4.14305e-11
-1.64019e-11
2.77566e-12
-1.07437e-11
2.12046e-11
-1.03631e-11
-2.39404e-11
5.53312e-11
-5.95279e-11
3.82051e-11
-1.84814e-11
1.9041e-11
-3.1462e-11
2.85075e-11
1.04374e-12
-4.04232e-11
6.01551e-11
-5.17506e-11
3.29688e-11
-2.80392e-11
3.80499e-11
-4.28035e-11
2.33898e-11
1.3659e-11
-4.44312e-11
5.12215e-11
-4.10669e-11
3.37547e-11
-3.98256e-11
4.83218e-11
-4.15251e-11
1.44984e-11
1.80666e-11
-3.77995e-11
3.95832e-11
-3.48178e-11
3.63253e-11
-4.47027e-11
4.79756e-11
-3.55922e-11
9.70396e-12
1.61163e-11
-2.97825e-11
3.09234e-11
-2.94295e-11
3.39492e-11
-4.24888e-11
4.42906e-11
-3.11431e-11
6.89739e-12
1.49982e-11
-2.37393e-11
2.14847e-11
-2.02e-11
2.82534e-11
-4.01003e-11
4.15626e-11
-2.52773e-11
4.57042e-13
1.55255e-11
-1.48736e-11
7.78013e-12
-1.04912e-11
2.62843e-11
-4.02396e-11
3.5536e-11
-1.29666e-11
-8.28477e-12
1.12588e-11
8.60432e-14
-5.4246e-12
-8.0359e-12
2.97988e-11
-3.70157e-11
2.06631e-11
3.24348e-12
-1.10422e-11
-1.83393e-12
1.56071e-11
-9.24271e-12
-1.45679e-11
3.15083e-11
-2.34184e-11
-4.89601e-13
1.35324e-11
-2.21673e-12
-1.82724e-11
2.14942e-11
-9.24079e-13
-2.208e-11
2.24572e-11
-7.92607e-13
-1.72484e-11
1.0266e-11
1.37356e-11
-2.67575e-11
1.31198e-11
1.18417e-11
-1.96983e-11
1.76753e-12
2.03024e-11
-1.98433e-11
-4.0458e-12
2.50053e-11
-2.02466e-11
-3.28084e-12
1.6791e-11
-3.67853e-12
-2.11734e-11
2.82566e-11
-8.08297e-12
-1.79503e-11
2.20478e-11
-2.49479e-12
-1.49276e-11
7.10766e-12
1.8758e-11
-3.3535e-11
1.97055e-11
7.93972e-12
-1.97596e-11
5.39124e-12
1.4243e-11
-1.21364e-11
-1.29773e-11
3.44179e-11
-2.86667e-11
2.40868e-12
1.50972e-11
-6.39328e-12
-1.42983e-11
1.79643e-11
4.39732e-12
-3.08832e-11
3.35991e-11
-1.11996e-11
-9.99842e-12
6.694e-12
1.40157e-11
-2.48057e-11
1.5925e-11
-4.26612e-12
4.29335e-13
9.63897e-14
2.14514e-14
4.20773e-15
0
