0
2.51755e-16
3.57777e-15
2.4636e-14
5.77984e-14
-3.14994e-13
4.20018e-12
-1.61016e-11
3.23245e-11
-4.06808e-11
3.73317e-11
-2.81717e-11
2.09419e-11
-2.34166e-11
3.728e-11
-5.24226e-11
5.39954e-11
-3.7338e-11
1.03108e-11
1.5941e-11
-3.3249e-11
3.63411e-11
-2.70769e-11
1.72662e-11
-1.98097e-11
3.50234e-11
-5.15804e-11
5.81946e-11
-5.01431e-11
2.77089e-11
2.15125e-12
-2.56248e-11
3.16751e-11
-2.36508e-11
1.51039e-11
-1.62906e-11
2.8193e-11
-4.62746e-11
6.15394e-11
-6.21426e-11
4.23986e-11
-1.14604e-11
-1.39705e-11
2.42812e-11
-2.16704e-11
1.37018e-11
-9.64754e-12
1.80859e-11
-3.97271e-11
6.19994e-11
-6.86764e-11
5.44942e-11
-2.76899e-11
3.88092e-13
1.73965e-11
-1.99269e-11
1.01042e-11
-1.70049e-12
8.49124e-12
-3.08028e-11
5.56888e-11
-6.95442e-11
6.55504e-11
-4.42012e-11
1.38519e-11
9.94912e-12
-1.53747e-11
5.66638e-12
3.81875e-12
-5.65104e-13
-1.73174e-11
4.33625e-11
-6.6345e-11
7.28233e-11
-5.64222e-11
2.60613e-11
-3.72674e-13
-8.74618e-12
3.26244e-12
6.69048e-12
-1.02199e-11
-1.34029e-12
2.83263e-11
-5.80413e-11
7.20189e-11
-6.24804e-11
3.76624e-11
-1.23416e-11
-2.71659e-12
2.83927e-12
8.60942e-12
-1.87026e-11
1.23848e-11
1.26162e-11
-4.28753e-11
6.19344e-11
-6.2593e-11
4.66273e-11
-2.19598e-11
1.6898e-12
2.02399e-12
9.76306e-12
-2.20519e-11
2.03265e-11
-2.9532e-12
-2.22856e-11
4.54137e-11
-5.63745e-11
4.82342e-11
-2.59968e-11
5.81268e-12
-4.44143e-13
7.93561e-12
-1.79852e-11
2.22053e-11
-1.59028e-11
-2.60135e-12
2.6574e-11
-4.18006e-11
3.92743e-11
-2.46496e-11
9.99588e-12
-2.13846e-12
2.0203e-12
-9.08269e-12
1.84021e-11
-2.01962e-11
9.17467e-12
7.73549e-12
-1.95237e-11
2.22916e-11
-1.86163e-11
1.04822e-11
-6.37466e-13
-4.58577e-12
8.32773e-13
7.21962e-12
-1.15954e-11
1.04854e-11
-7.39378e-12
3.3373e-12
2.26124e-12
-6.30303e-12
4.15794e-12
2.72608e-12
-8.52266e-12
1.06093e-11
-1.04897e-11
7.3982e-12
9.96788e-13
-1.20847e-11
1.83735e-11
-1.67363e-11
1.13898e-11
-7.52368e-12
6.5979e-12
-9.88789e-12
1.87459e-11
-2.90365e-11
3.05997e-11
-1.80647e-11
-2.52776e-12
2.03047e-11
-2.94848e-11
2.91934e-11
-2.09082e-11
1.07903e-11
-9.89229e-12
2.32295e-11
-4.17382e-11
5.00517e-11
-4.12706e-11
1.91635e-11
8.26062e-12
-3.15069e-11
3.99638e-11
-3.0628e-11
1.5051e-11
-1.05672e-11
2.29177e-11
-4.32328e-11
5.86925e-11
-6.04802e-11
4.38403e-11
-1.18322e-11
-2.10181e-11
3.71143e-11
-3.24269e-11
1.9137e-11
-1.22079e-11
1.77037e-11
-3.39154e-11
5.39388e-11
-6.57743e-11
5.76874e-11
-3.03822e-11
-1.16429e-12
2.0987e-11
-2.52524e-11
2.00227e-11
-1.31403e-11
1.13123e-11
-1.98561e-11
3.69122e-11
-5.11832e-11
5.10549e-11
-3.65451e-11
1.71132e-11
-7.29868e-13
-1.04234e-11
1.50434e-11
-1.26211e-11
7.78739e-12
-8.12366e-12
1.45512e-11
-2.07514e-11
2.25939e-11
-2.2475e-11
2.1564e-11
-1.63007e-11
5.43845e-12
5.09587e-12
-9.68537e-12
8.83572e-12
-4.7351e-12
-3.40206e-12
1.35078e-11
-1.73561e-11
9.14332e-12
5.28063e-12
-1.45907e-11
1.3613e-11
-5.22282e-12
-5.80044e-12
1.33829e-11
-9.33924e-12
-1.00989e-11
3.56004e-11
-5.033e-11
4.52703e-11
-2.62581e-11
5.50223e-12
7.44922e-12
-7.78421e-12
-3.79007e-12
1.70457e-11
-1.6381e-11
-5.11711e-12
3.67844e-11
-6.04476e-11
6.58869e-11
-5.46167e-11
3.34078e-11
-1.19169e-11
1.32622e-12
-6.34933e-12
1.72644e-11
-1.80728e-11
2.63767e-12
2.12649e-11
-4.32112e-11
5.7252e-11
-5.98459e-11
4.94118e-11
-3.18651e-11
1.82889e-11
-1.38936e-11
1.31484e-11
-9.36693e-12
2.63691e-12
4.12561e-12
-1.20634e-11
2.291e-11
-3.33925e-11
3.79758e-11
-3.60301e-11
3.01596e-11
-2.04991e-11
6.20238e-12
7.17784e-12
-1.02411e-11
9.90654e-13
1.11145e-11
-1.57189e-11
1.04245e-11
1.34787e-12
-1.51749e-11
2.35616e-11
-1.75023e-11
-3.27316e-12
2.44034e-11
-2.91052e-11
1.38989e-11
1.07716e-11
-3.24585e-11
4.28171e-11
-3.77275e-11
2.00394e-11
-2.95567e-12
1.15966e-12
-1.62237e-11
3.42011e-11
-4.00646e-11
2.95438e-11
-7.602e-12
-1.86062e-11
4.06043e-11
-4.98058e-11
4.42895e-11
-3.33642e-11
2.84635e-11
-3.11963e-11
3.42265e-11
-3.29332e-11
2.85498e-11
-2.1493e-11
8.82251e-12
8.73208e-12
-2.51021e-11
3.60893e-11
-4.31043e-11
4.60735e-11
-4.04712e-11
2.53967e-11
-1.00856e-11
5.19899e-12
-1.12283e-11
1.9259e-11
-2.13467e-11
1.44713e-11
1.34558e-12
-2.21144e-11
3.64455e-11
-3.21722e-11
9.52842e-12
1.56807e-11
-2.65421e-11
1.89265e-11
-5.50234e-13
-1.87248e-11
3.02529e-11
-2.75646e-11
1.20284e-11
3.06183e-12
-3.09016e-12
-1.2983e-11
3.23116e-11
-4.29247e-11
4.20319e-11
-3.17235e-11
1.40378e-11
6.02007e-12
-2.0572e-11
2.61275e-11
-2.78473e-11
3.15245e-11
-3.57618e-11
3.58702e-11
-3.33864e-11
3.42495e-11
-3.89814e-11
4.00939e-11
-3.14893e-11
1.4211e-11
7.34167e-12
-2.9324e-11
4.4824e-11
-4.47078e-11
2.78988e-11
-7.80494e-12
7.61339e-13
-1.02627e-11
2.58572e-11
-3.55967e-11
3.33414e-11
-1.81819e-11
-5.45307e-12
2.5194e-11
-2.72128e-11
9.35172e-12
1.46762e-11
-2.86239e-11
2.7723e-11
-1.80774e-11
6.06111e-12
4.92445e-12
-1.13277e-11
1.05056e-11
-6.64594e-12
7.82891e-12
-1.60759e-11
2.50986e-11
-3.07991e-11
3.65731e-11
-4.53468e-11
5.11895e-11
-4.54645e-11
2.72816e-11
-3.96247e-12
-1.71207e-11
3.11605e-11
-3.40852e-11
2.50007e-11
-1.26553e-11
1.14002e-11
-2.67722e-11
4.74736e-11
-5.65283e-11
4.69067e-11
-2.42464e-11
-1.86517e-12
2.21406e-11
-2.79772e-11
1.6327e-11
3.39903e-12
-1.53609e-11
1.24083e-11
-1.95432e-12
-5.5067e-12
7.43539e-12
-7.15176e-12
5.59517e-12
-1.93535e-12
-1.36062e-12
-4.5949e-13
7.62784e-12
-1.64526e-11
2.60886e-11
-3.9302e-11
5.32038e-11
-5.67509e-11
4.21313e-11
-1.60333e-11
-6.5409e-12
1.63877e-11
-1.49463e-11
8.08822e-12
-2.85958e-12
7.44597e-12
-2.63945e-11
5.18427e-11
-6.63365e-11
5.83507e-11
-3.38191e-11
8.54557e-12
6.85283e-12
-1.18404e-11
9.06971e-12
-1.21769e-12
-6.47164e-12
7.44628e-12
-1.82066e-12
-3.18232e-12
2.99752e-12
-1.89096e-12
4.57306e-12
-7.46136e-12
3.39476e-12
6.30221e-12
-1.15321e-11
4.29286e-12
1.38701e-11
-3.61068e-11
5.52239e-11
-6.36289e-11
5.4351e-11
-2.96173e-11
4.39775e-12
5.03035e-12
2.37516e-12
-1.27394e-11
1.26868e-11
-4.00145e-13
-1.86672e-11
3.84016e-11
-5.24152e-11
5.367e-11
-4.10502e-11
2.30073e-11
-1.02004e-11
4.29938e-12
3.46034e-13
-5.53746e-12
5.16482e-12
4.49003e-12
-1.70188e-11
2.21341e-11
-1.71798e-11
7.20274e-12
2.03492e-12
-6.58968e-12
2.02188e-12
1.23891e-11
-2.70811e-11
2.61401e-11
-3.29301e-12
-2.99842e-11
5.47575e-11
-6.17448e-11
5.46279e-11
-4.12618e-11
2.70938e-11
-1.7073e-11
1.49603e-11
-1.81565e-11
1.77247e-11
-8.88279e-12
-3.1479e-12
1.09017e-11
-1.55052e-11
2.31179e-11
-3.3306e-11
3.66489e-11
-2.6358e-11
6.67987e-12
1.1485e-11
-2.02238e-11
1.63403e-11
3.16552e-13
-2.45206e-11
4.29647e-11
-4.32261e-11
2.71151e-11
-1.08755e-11
8.31375e-12
-1.82055e-11
2.92401e-11
-3.33931e-11
2.93351e-11
-1.76743e-11
-9.32447e-13
2.17676e-11
-3.73089e-11
4.43603e-11
-4.66778e-11
4.66363e-11
-3.98939e-11
2.27754e-11
-2.86189e-12
-5.86109e-12
-1.8853e-12
1.65634e-11
-2.47884e-11
2.10911e-11
-8.74789e-12
-6.14661e-12
1.61142e-11
-1.31214e-11
-5.21042e-12
2.85108e-11
-3.99046e-11
3.16602e-11
-1.20915e-11
-6.17571e-12
1.93477e-11
-3.11495e-11
4.19792e-11
-4.70632e-11
4.37699e-11
-3.57852e-11
2.77522e-11
-2.13527e-11
1.77993e-11
-2.007e-11
2.67538e-11
-2.78057e-11
1.28154e-11
1.45098e-11
-3.66786e-11
3.88806e-11
-2.25798e-11
4.04274e-13
1.65802e-11
-2.39776e-11
2.04478e-11
-7.31411e-12
-9.07854e-12
1.99896e-11
-2.32876e-11
2.51469e-11
-3.06229e-11
3.53877e-11
-3.26951e-11
2.50656e-11
-2.32408e-11
3.18117e-11
-4.2319e-11
4.20331e-11
-2.67455e-11
1.81092e-12
2.41203e-11
-4.28148e-11
4.62736e-11
-3.16503e-11
7.57518e-12
9.26707e-12
-9.4455e-12
-7.56703e-13
8.50309e-12
-9.90905e-12
1.08847e-11
-1.57425e-11
2.06484e-11
-2.0747e-11
1.75964e-11
-1.69261e-11
2.11962e-11
-2.91954e-11
3.94653e-11
-4.9358e-11
5.04874e-11
-3.35168e-11
3.99881e-13
3.17957e-11
-4.5404e-11
3.82871e-11
-2.32626e-11
1.25834e-11
-8.54938e-12
7.77696e-12
-9.0953e-12
1.25191e-11
-1.55216e-11
1.50197e-11
-1.27132e-11
1.23761e-11
-1.3151e-11
1.03565e-11
-5.44511e-12
8.37617e-12
-2.60893e-11
5.02215e-11
-6.26243e-11
5.26678e-11
-2.65424e-11
-1.59882e-12
2.19999e-11
-3.20414e-11
3.1726e-11
-2.37309e-11
1.50553e-11
-1.2899e-11
1.65105e-11
-1.84894e-11
1.51109e-11
-1.21004e-11
1.56069e-11
-2.15622e-11
1.90695e-11
-5.60278e-12
-7.54402e-12
6.6209e-12
1.03381e-11
-3.38728e-11
5.2748e-11
-6.01251e-11
5.25579e-11
-3.10928e-11
4.15975e-12
1.52333e-11
-2.08307e-11
1.87995e-11
-1.92501e-11
2.28891e-11
-2.20369e-11
1.36716e-11
-6.18627e-12
8.984e-12
-2.01906e-11
2.81843e-11
-2.47841e-11
1.20975e-11
1.84333e-12
-1.00872e-11
7.40209e-12
9.0384e-12
-3.50012e-11
5.68801e-11
-6.15103e-11
4.86292e-11
-3.05384e-11
1.72681e-11
-7.09533e-12
-6.5654e-12
2.18828e-11
-2.89326e-11
2.2229e-11
-8.65323e-12
-2.18592e-13
-9.04225e-13
9.12487e-12
-1.92708e-11
2.61091e-11
-2.40621e-11
1.05977e-11
7.10086e-12
-1.47255e-11
3.8048e-12
1.84949e-11
-3.72649e-11
4.55832e-11
-4.8811e-11
5.23066e-11
-5.18185e-11
3.91185e-11
-1.4927e-11
-9.64595e-12
2.32738e-11
-2.32747e-11
1.3594e-11
-4.10207e-14
-1.07262e-11
1.13039e-11
2.53171e-14
-1.43683e-11
1.85027e-11
-9.2387e-12
-2.9018e-12
5.79578e-12
6.15268e-13
-7.43832e-12
1.06426e-11
-1.68168e-11
3.24223e-11
-5.28876e-11
6.54845e-11
-6.19628e-11
4.3999e-11
-1.90808e-11
-4.87437e-12
1.97696e-11
-1.93663e-11
5.0696e-12
1.15891e-11
-1.85542e-11
1.51002e-11
-1.12034e-11
1.32601e-11
-1.59209e-11
1.03822e-11
1.71571e-12
-9.12359e-12
4.93012e-12
4.02665e-12
-4.96043e-12
-7.58995e-12
2.80689e-11
-4.74586e-11
5.8869e-11
-5.78376e-11
4.27019e-11
-1.89238e-11
-1.63943e-12
9.67293e-12
-7.11494e-12
2.4727e-12
1.35996e-12
-1.07061e-11
2.92709e-11
-4.81056e-11
5.20823e-11
-3.6957e-11
1.45531e-11
-5.80504e-13
-4.16046e-13
-4.65673e-12
7.50922e-12
-5.31777e-12
-1.82235e-12
1.31916e-11
-2.56841e-11
3.29639e-11
-3.14393e-11
2.45427e-11
-1.82488e-11
1.21886e-11
-9.61605e-13
-1.49115e-11
2.30889e-11
-1.07771e-11
-1.95872e-11
4.97548e-11
-6.30288e-11
5.81981e-11
-4.59212e-11
3.43808e-11
-2.37017e-11
1.19604e-11
-1.72023e-12
-2.96362e-12
1.69801e-12
2.57679e-12
-7.98253e-12
1.30573e-11
-1.3861e-11
6.11694e-12
6.74757e-12
-1.28407e-11
3.134e-12
1.61272e-11
-2.77848e-11
2.10323e-11
-1.96102e-12
-1.58943e-11
2.7014e-11
-3.65984e-11
4.83993e-11
-5.65475e-11
5.14914e-11
-3.21331e-11
7.59331e-12
1.09316e-11
-1.7586e-11
1.13238e-11
5.52671e-12
-2.63352e-11
4.06671e-11
-4.19799e-11
3.4243e-11
-2.80573e-11
2.78468e-11
-2.72308e-11
1.88313e-11
-6.53017e-12
1.82917e-12
-8.79422e-12
1.66312e-11
-1.15054e-11
-7.43023e-12
2.65238e-11
-3.24451e-11
2.38377e-11
-8.80429e-12
-5.46832e-12
1.60949e-11
-2.12665e-11
1.81906e-11
-6.62086e-12
-9.8486e-12
2.72411e-11
-4.44867e-11
5.93642e-11
-6.44396e-11
5.18008e-11
-2.4681e-11
-8.24842e-13
9.08355e-12
-3.17264e-13
-1.15672e-11
1.55062e-11
-1.46783e-11
1.85196e-11
-2.82226e-11
3.43138e-11
-2.94257e-11
1.78113e-11
-1.06195e-11
1.32199e-11
-2.11691e-11
2.63595e-11
-2.42694e-11
1.4058e-11
2.8242e-12
-2.17008e-11
3.39525e-11
-3.3033e-11
2.11387e-11
-7.67827e-12
-1.42264e-12
9.07424e-12
-1.96512e-11
2.76836e-11
-2.05577e-11
-6.33481e-12
3.99889e-11
-6.03367e-11
5.89537e-11
-4.51096e-11
3.24866e-11
-2.49493e-11
1.70794e-11
-6.29632e-12
-1.82859e-12
2.77721e-13
1.03619e-11
-2.28694e-11
3.05671e-11
-3.16813e-11
2.7204e-11
-1.95285e-11
1.33986e-11
-1.48844e-11
2.46872e-11
-3.45751e-11
3.38005e-11
-2.0955e-11
5.63694e-12
2.86587e-12
-6.64952e-12
1.42506e-11
-2.63533e-11
3.09608e-11
-1.6892e-11
-1.11674e-11
3.44835e-11
-3.83242e-11
2.43562e-11
-5.03266e-12
-1.14144e-11
2.58296e-11
-4.06097e-11
5.18796e-11
-5.27199e-11
4.10521e-11
-2.22998e-11
4.14783e-12
7.64823e-12
-9.64829e-12
4.61539e-13
1.60209e-11
-3.04772e-11
3.47134e-11
-3.02553e-11
2.6462e-11
-2.93447e-11
3.37281e-11
-3.07469e-11
2.07142e-11
-1.47889e-11
2.07199e-11
-3.15005e-11
3.15059e-11
-1.49477e-11
-6.80479e-12
1.69735e-11
-1.08859e-11
-2.30503e-12
1.23163e-11
-1.86746e-11
2.63126e-11
-3.52526e-11
3.7779e-11
-2.72034e-11
5.10621e-12
1.98655e-11
-3.91687e-11
4.74395e-11
-4.25369e-11
2.57352e-11
-4.01387e-12
-1.26743e-11
1.83518e-11
-1.57496e-11
1.05432e-11
-3.02263e-12
-1.2035e-11
3.46547e-11
-5.37536e-11
5.5471e-11
-3.89712e-11
1.89449e-11
-1.10128e-11
1.55749e-11
-2.03225e-11
1.66279e-11
-1.00432e-11
1.14442e-11
-2.19942e-11
3.06285e-11
-2.77938e-11
1.69298e-11
-1.05543e-11
1.59672e-11
-2.86359e-11
3.85538e-11
-4.04414e-11
3.54781e-11
-2.64788e-11
1.46217e-11
-1.51386e-12
-9.35342e-12
1.46793e-11
-1.38514e-11
7.27051e-12
5.88967e-12
-2.52782e-11
4.40693e-11
-5.02711e-11
3.68933e-11
-1.05345e-11
-1.35818e-11
2.60153e-11
-3.03941e-11
3.45539e-11
-3.72958e-11
2.86662e-11
-4.61098e-12
-2.29308e-11
3.48804e-11
-2.39602e-11
1.42816e-12
1.60503e-11
-2.34412e-11
2.83324e-11
-3.70572e-11
4.46649e-11
-4.13289e-11
2.57577e-11
-8.55931e-12
1.43364e-12
-6.13964e-12
1.50549e-11
-2.08609e-11
2.23883e-11
-2.2367e-11
2.2299e-11
-2.21597e-11
2.23848e-11
-2.41914e-11
2.70294e-11
-2.91148e-11
3.00773e-11
-3.2042e-11
3.49318e-11
-3.37081e-11
2.24296e-11
-3.61923e-12
-1.09553e-11
1.02789e-11
3.87882e-12
-1.95217e-11
2.75482e-11
-3.13201e-11
3.85826e-11
-4.80596e-11
4.6921e-11
-2.62279e-11
-6.26034e-12
3.03716e-11
-3.34377e-11
2.05818e-11
-6.45321e-12
-2.77876e-12
1.26487e-11
-2.87349e-11
4.40414e-11
-4.4674e-11
2.47032e-11
5.42963e-12
-2.92327e-11
3.81475e-11
-3.61784e-11
3.01798e-11
-2.20593e-11
9.44177e-12
6.36576e-12
-1.89056e-11
2.12593e-11
-1.25373e-11
-2.99216e-12
1.94092e-11
-3.22799e-11
3.81519e-11
-3.58391e-11
2.78393e-11
-1.99527e-11
1.60085e-11
-1.45672e-11
1.1708e-11
-7.87341e-12
8.6032e-12
-1.72237e-11
2.81042e-11
-3.09958e-11
2.29862e-11
-1.33918e-11
1.41452e-11
-2.57707e-11
3.65777e-11
-3.62169e-11
2.80047e-11
-2.36899e-11
2.79895e-11
-3.14991e-11
2.28647e-11
-4.20651e-12
-8.35434e-12
2.31413e-12
1.78234e-11
-3.55309e-11
4.0992e-11
-3.91099e-11
4.00653e-11
-4.35896e-11
3.91207e-11
-1.95773e-11
-6.72036e-12
2.2989e-11
-1.96971e-11
2.93341e-12
1.48515e-11
-2.73045e-11
3.71182e-11
-4.65675e-11
5.11226e-11
-4.3054e-11
2.1484e-11
4.94598e-12
-2.44583e-11
3.09201e-11
-2.53456e-11
1.18791e-11
5.76436e-12
-2.38789e-11
3.76744e-11
-4.28297e-11
3.77388e-11
-2.39778e-11
4.34995e-12
1.70129e-11
-3.40794e-11
3.95545e-11
-3.06051e-11
1.2047e-11
5.85542e-12
-1.66246e-11
2.09594e-11
-2.30471e-11
2.16258e-11
-1.13304e-11
-9.68392e-12
3.18917e-11
-4.19913e-11
3.47564e-11
-1.97239e-11
9.41591e-12
-7.25819e-12
4.82311e-12
3.50007e-12
-1.21309e-11
8.5073e-12
9.3659e-12
-2.92962e-11
3.55536e-11
-2.72855e-11
1.71688e-11
-1.72571e-11
2.37448e-11
-2.44291e-11
1.39928e-11
-3.05805e-12
4.38245e-12
-1.81207e-11
2.96108e-11
-2.75072e-11
1.57842e-11
-9.62883e-12
1.62558e-11
-2.79129e-11
3.12841e-11
-2.46598e-11
1.85542e-11
-2.24901e-11
3.20345e-11
-3.44284e-11
2.37094e-11
-8.61814e-12
2.60355e-12
-9.37008e-12
2.0232e-11
-2.56602e-11
2.61403e-11
-2.91906e-11
3.80063e-11
-4.54535e-11
4.21808e-11
-2.7104e-11
9.83082e-12
-3.13233e-13
8.9118e-13
-6.12799e-12
1.213e-11
-1.96158e-11
3.14601e-11
-4.4937e-11
5.3218e-11
-4.9976e-11
3.65245e-11
-1.88486e-11
4.02714e-12
5.17712e-12
-7.5257e-12
3.11486e-12
8.51892e-12
-2.47141e-11
4.12783e-11
-5.24692e-11
5.51686e-11
-4.7815e-11
3.2225e-11
-1.20098e-11
-6.00831e-12
1.58429e-11
-1.42835e-11
3.73448e-12
1.16617e-11
-2.81705e-11
4.39702e-11
-5.53989e-11
5.70131e-11
-4.47612e-11
2.19313e-11
1.62204e-12
-1.60772e-11
1.87913e-11
-1.36426e-11
4.24981e-12
9.89327e-12
-2.99091e-11
5.04121e-11
-6.06613e-11
5.2777e-11
-3.08145e-11
6.8387e-12
8.83282e-12
-1.61971e-11
1.94144e-11
-1.91422e-11
8.95907e-12
1.36139e-11
-4.10219e-11
5.73862e-11
-5.43574e-11
3.6522e-11
-1.73838e-11
3.33363e-12
7.82986e-12
-2.07831e-11
2.9844e-11
-2.48619e-11
1.46155e-12
2.84096e-11
-4.81067e-11
4.89632e-11
-3.86266e-11
2.73289e-11
-1.79169e-11
3.34259e-12
1.7646e-11
-3.54116e-11
3.48085e-11
-1.37278e-11
-1.50182e-11
3.38578e-11
-3.85293e-11
3.65248e-11
-3.56331e-11
3.14785e-11
-1.557e-11
-1.1653e-11
3.48815e-11
-3.8518e-11
2.13855e-11
1.86581e-12
-1.73915e-11
2.44222e-11
-3.14483e-11
4.07126e-11
-4.24946e-11
2.6465e-11
3.45424e-12
-2.92128e-11
3.57808e-11
-2.45032e-11
9.43901e-12
4.91961e-13
-8.94501e-12
2.406e-11
-4.22955e-11
4.95465e-11
-3.49153e-11
5.84558e-12
1.93044e-11
-2.74717e-11
2.33195e-11
-1.79266e-11
1.51159e-11
-5.97915e-12
-1.50995e-11
4.04829e-11
-5.17894e-11
4.04826e-11
-1.50991e-11
-5.97907e-12
1.5116e-11
-1.79263e-11
2.332e-11
-2.74718e-11
1.93051e-11
5.84603e-12
-3.4915e-11
4.9547e-11
-4.22948e-11
2.40604e-11
-8.94452e-12
4.93025e-13
9.4392e-12
-2.45022e-11
3.57815e-11
-2.9212e-11
3.45475e-12
2.64662e-11
-4.24941e-11
4.07132e-11
-3.1447e-11
2.44226e-11
-1.73906e-11
1.8666e-12
2.13865e-11
-3.85177e-11
3.48827e-11
-1.16524e-11
-1.55695e-11
3.14796e-11
-3.56327e-11
3.65255e-11
-3.85287e-11
3.38587e-11
-1.50182e-11
-1.37269e-11
3.48089e-11
-3.54114e-11
1.76467e-11
3.34283e-12
-1.79167e-11
2.73291e-11
-3.8626e-11
4.89629e-11
-4.81062e-11
2.84096e-11
1.46142e-12
-2.48618e-11
2.98439e-11
-2.07832e-11
7.82966e-12
3.33366e-12
-1.73844e-11
3.65221e-11
-5.43579e-11
5.73858e-11
-4.10222e-11
1.36134e-11
8.95852e-12
-1.91426e-11
1.94139e-11
-1.61979e-11
8.8326e-12
6.8378e-12
-3.0815e-11
5.27762e-11
-6.06618e-11
5.04112e-11
-2.99096e-11
9.89254e-12
4.24893e-12
-1.36429e-11
1.87902e-11
-1.60775e-11
1.62114e-12
2.19309e-11
-4.47621e-11
5.70127e-11
-5.53996e-11
4.39695e-11
-2.81708e-11
1.16607e-11
3.73427e-12
-1.42842e-11
1.58425e-11
-6.00895e-12
-1.201e-11
3.22244e-11
-4.78155e-11
5.51686e-11
-5.24698e-11
4.12782e-11
-2.47143e-11
8.51869e-12
3.11466e-12
-7.52566e-12
5.17707e-12
4.02688e-12
-1.88483e-11
3.65244e-11
-4.9976e-11
5.32184e-11
-4.4937e-11
3.14603e-11
-1.96156e-11
1.21305e-11
-6.12805e-12
8.91791e-13
-3.12921e-13
9.83103e-12
-2.71034e-11
4.21811e-11
-4.5453e-11
3.80065e-11
-2.91899e-11
2.61405e-11
-2.56596e-11
2.02325e-11
-9.36953e-12
2.60401e-12
-8.61758e-12
2.371e-11
-3.4428e-11
3.20351e-11
-2.24896e-11
1.85547e-11
-2.46594e-11
3.12847e-11
-2.79127e-11
1.62564e-11
-9.62848e-12
1.57846e-11
-2.75067e-11
2.96112e-11
-1.81204e-11
4.38285e-12
-3.0577e-12
1.3993e-11
-2.44287e-11
2.3745e-11
-1.7257e-11
1.71692e-11
-2.72855e-11
3.55537e-11
-2.9296e-11
9.36583e-12
8.50747e-12
-1.2131e-11
3.50034e-12
4.82271e-12
-7.25787e-12
9.41559e-12
-1.9724e-11
3.47564e-11
-4.19917e-11
3.1892e-11
-9.68471e-12
-1.133e-11
2.1625e-11
-2.3047e-11
2.09589e-11
-1.66248e-11
5.8553e-12
1.20463e-11
-3.06047e-11
3.95534e-11
-3.40791e-11
1.7012e-11
4.34995e-12
-2.39783e-11
3.77384e-11
-4.28298e-11
3.76737e-11
-2.38787e-11
5.76343e-12
1.18793e-11
-2.53463e-11
3.092e-11
-2.44588e-11
4.94573e-12
2.14837e-11
-4.30545e-11
5.11226e-11
-4.6568e-11
3.71181e-11
-2.73049e-11
1.48515e-11
2.93287e-12
-1.9697e-11
2.29886e-11
-6.72035e-12
-1.95777e-11
3.91208e-11
-4.35898e-11
4.0065e-11
-3.91096e-11
4.09917e-11
-3.55306e-11
1.78229e-11
2.31477e-12
-8.35496e-12
-4.20609e-12
2.28647e-11
-3.14992e-11
2.79898e-11
-2.369e-11
2.80051e-11
-3.62173e-11
3.65785e-11
-2.57713e-11
1.41458e-11
-1.33917e-11
2.29863e-11
-3.09954e-11
2.81043e-11
-1.72235e-11
8.60326e-12
-7.87284e-12
1.17077e-11
-1.45666e-11
1.60085e-11
-1.99525e-11
2.78395e-11
-3.58387e-11
3.81519e-11
-3.22796e-11
1.94093e-11
-2.99201e-12
-1.25371e-11
2.12594e-11
-1.89052e-11
6.36579e-12
9.44202e-12
-2.20592e-11
3.018e-11
-3.61786e-11
3.81479e-11
-2.92327e-11
5.42966e-12
2.47035e-11
-4.46738e-11
4.40413e-11
-2.87347e-11
1.26488e-11
-2.77888e-12
-6.45302e-12
2.05818e-11
-3.34379e-11
3.03717e-11
-6.26017e-12
-2.62281e-11
4.69212e-11
-4.80596e-11
3.85825e-11
-3.13202e-11
2.75484e-11
-1.95221e-11
3.87897e-12
1.02788e-11
-1.09554e-11
-3.61934e-12
2.24297e-11
-3.37083e-11
3.49317e-11
-3.20419e-11
3.00769e-11
-2.91145e-11
2.7029e-11
-2.41913e-11
2.23845e-11
-2.21597e-11
2.22989e-11
-2.23671e-11
2.23883e-11
-2.08612e-11
1.5055e-11
-6.13995e-12
1.43363e-12
-8.55936e-12
2.57575e-11
-4.13288e-11
4.46646e-11
-3.70571e-11
2.83321e-11
-2.34411e-11
1.60502e-11
1.42792e-12
-2.39601e-11
3.48802e-11
-2.29307e-11
-4.6113e-12
2.86667e-11
-3.72963e-11
3.4554e-11
-3.0394e-11
2.60151e-11
-1.3582e-11
-1.05342e-11
3.6893e-11
-5.02711e-11
4.40695e-11
-2.52784e-11
5.88972e-12
7.27058e-12
-1.38513e-11
1.46792e-11
-9.35309e-12
-1.51425e-12
1.46222e-11
-2.64792e-11
3.54786e-11
-4.04417e-11
3.85541e-11
-2.86361e-11
1.59675e-11
-1.05543e-11
1.69297e-11
-2.77932e-11
3.06279e-11
-2.19934e-11
1.14436e-11
-1.00426e-11
1.66276e-11
-2.03223e-11
1.55749e-11
-1.10127e-11
1.89449e-11
-3.89713e-11
5.54714e-11
-5.3754e-11
3.46549e-11
-1.20348e-11
-3.0229e-12
1.05435e-11
-1.57496e-11
1.83517e-11
-1.26742e-11
-4.01385e-12
2.57353e-11
-4.25371e-11
4.74398e-11
-3.9169e-11
1.98658e-11
5.10602e-12
-2.72033e-11
3.7779e-11
-3.52527e-11
2.63128e-11
-1.86747e-11
1.23163e-11
-2.30493e-12
-1.0886e-11
1.69735e-11
-6.80484e-12
-1.49477e-11
3.15058e-11
-3.15006e-11
2.07201e-11
-1.47891e-11
2.07145e-11
-3.07472e-11
3.37285e-11
-2.93452e-11
2.64626e-11
-3.02558e-11
3.47134e-11
-3.0477e-11
1.60205e-11
4.61681e-13
-9.64831e-12
7.64836e-12
4.14724e-12
-2.22989e-11
4.10512e-11
-5.27195e-11
5.18795e-11
-4.06098e-11
2.58296e-11
-1.14142e-11
-5.03282e-12
2.43561e-11
-3.83239e-11
3.4483e-11
-1.1167e-11
-1.68922e-11
3.0961e-11
-2.63533e-11
1.42505e-11
-6.64939e-12
2.86576e-12
5.63689e-12
-2.09548e-11
3.38004e-11
-3.45751e-11
2.46873e-11
-1.48843e-11
1.33981e-11
-1.95279e-11
2.72034e-11
-3.1681e-11
3.05669e-11
-2.28694e-11
1.03619e-11
2.77709e-13
-1.8285e-12
-6.29652e-12
1.70797e-11
-2.49498e-11
3.24872e-11
-4.51102e-11
5.89542e-11
-6.03371e-11
3.99893e-11
-6.33521e-12
-2.05572e-11
2.76832e-11
-1.96509e-11
9.07423e-12
-1.42274e-12
-7.67815e-12
2.11386e-11
-3.30329e-11
3.39524e-11
-2.17006e-11
2.82403e-12
1.40582e-11
-2.42697e-11
2.636e-11
-2.11698e-11
1.32206e-11
-1.06202e-11
1.7812e-11
-2.94265e-11
3.43146e-11
-2.82231e-11
1.85198e-11
-1.46782e-11
1.5506e-11
-1.15669e-11
-3.17634e-13
9.08409e-12
-8.25453e-13
-2.46804e-11
5.18005e-11
-6.44394e-11
5.93639e-11
-4.44864e-11
2.72407e-11
-9.84829e-12
-6.62113e-12
1.81909e-11
-2.12669e-11
1.60954e-11
-5.4686e-12
-8.80421e-12
2.38377e-11
-3.24451e-11
2.65238e-11
-7.43059e-12
-1.15047e-11
1.66303e-11
-8.79351e-12
1.82866e-12
-6.52979e-12
1.8831e-11
-2.72306e-11
2.78469e-11
-2.80576e-11
3.42435e-11
-4.19803e-11
4.06675e-11
-2.63356e-11
5.52697e-12
1.13238e-11
-1.75862e-11
1.09321e-11
7.59281e-12
-3.21328e-11
5.14911e-11
-5.65474e-11
4.83992e-11
-3.65984e-11
2.70141e-11
-1.58945e-11
-1.96074e-12
2.10319e-11
-2.77844e-11
1.61269e-11
3.13401e-12
-1.28405e-11
6.74738e-12
6.11697e-12
-1.38609e-11
1.30573e-11
-7.98268e-12
2.57699e-12
1.69788e-12
-2.96357e-12
-1.72024e-12
1.19603e-11
-2.37015e-11
3.43805e-11
-4.5921e-11
5.81982e-11
-6.30291e-11
4.9755e-11
-1.95871e-11
-1.07773e-11
2.30888e-11
-1.49111e-11
-9.62045e-13
1.21888e-11
-1.82487e-11
2.45425e-11
-3.14391e-11
3.29638e-11
-2.56839e-11
1.31913e-11
-1.82208e-12
-5.31794e-12
7.5093e-12
-4.65679e-12
-4.15956e-13
-5.80587e-13
1.45532e-11
-3.6957e-11
5.20824e-11
-4.81056e-11
2.92708e-11
-1.07058e-11
1.35966e-12
2.47284e-12
-7.11493e-12
9.67294e-12
-1.63955e-12
-1.89237e-11
4.27018e-11
-5.78376e-11
5.88691e-11
-4.74586e-11
2.80688e-11
-7.5896e-12
-4.96086e-12
4.02705e-12
4.92989e-12
-9.12359e-12
1.71591e-12
1.03819e-11
-1.59206e-11
1.32598e-11
-1.12032e-11
1.51001e-11
-1.85542e-11
1.15892e-11
5.06942e-12
-1.93661e-11
1.97695e-11
-4.87446e-12
-1.90806e-11
4.39987e-11
-6.19626e-11
6.54842e-11
-5.28872e-11
3.2422e-11
-1.68168e-11
1.06428e-11
-7.43854e-12
6.15294e-13
5.79591e-12
-2.90192e-12
-9.23863e-12
1.85026e-11
-1.43682e-11
2.53487e-14
1.13035e-11
-1.07254e-11
-4.1743e-14
1.35944e-11
-2.32749e-11
2.3274e-11
-9.64616e-12
-1.4927e-11
3.91188e-11
-5.1819e-11
5.23069e-11
-4.88111e-11
4.55831e-11
-3.72646e-11
1.84945e-11
3.80528e-12
-1.47258e-11
7.10079e-12
1.05982e-11
-2.40628e-11
2.61097e-11
-1.92712e-11
9.12522e-12
-9.04502e-13
-2.18419e-13
-8.65325e-12
2.22288e-11
-2.89324e-11
2.18824e-11
-6.56505e-12
-7.09548e-12
1.7268e-11
-3.05381e-11
4.86288e-11
-6.151e-11
5.68799e-11
-3.5001e-11
9.03824e-12
7.40217e-12
-1.00872e-11
1.84331e-12
1.20977e-11
-2.47844e-11
2.81846e-11
-2.01909e-11
8.98429e-12
-6.18649e-12
1.36717e-11
-2.20369e-11
2.28889e-11
-1.925e-11
1.87994e-11
-2.08307e-11
1.52334e-11
4.15957e-12
-3.10924e-11
5.25575e-11
-6.01248e-11
5.27479e-11
-3.38728e-11
1.03381e-11
6.62086e-12
-7.54378e-12
-5.60316e-12
1.90699e-11
-2.15623e-11
1.56069e-11
-1.21004e-11
1.51109e-11
-1.84893e-11
1.65104e-11
-1.28989e-11
1.50554e-11
-2.37312e-11
3.17263e-11
-3.20416e-11
2.20001e-11
-1.59907e-12
-2.65422e-11
5.26678e-11
-6.26245e-11
5.02217e-11
-2.60893e-11
8.37611e-12
-5.44508e-12
1.03564e-11
-1.31508e-11
1.23759e-11
-1.2713e-11
1.50196e-11
-1.55215e-11
1.25189e-11
-9.09516e-12
7.77703e-12
-8.54966e-12
1.25837e-11
-2.32628e-11
3.82872e-11
-4.54041e-11
3.17957e-11
4.00034e-13
-3.3517e-11
5.04874e-11
-4.93577e-11
3.9465e-11
-2.91951e-11
2.11959e-11
-1.69257e-11
1.7596e-11
-2.07466e-11
2.06479e-11
-1.57419e-11
1.08843e-11
-9.90895e-12
8.50333e-12
-7.571e-13
-9.4451e-12
9.2668e-12
7.5752e-12
-3.16501e-11
4.62733e-11
-4.28145e-11
2.41202e-11
1.81087e-12
-2.67455e-11
4.2033e-11
-4.23187e-11
3.18112e-11
-2.32403e-11
2.50652e-11
-3.26948e-11
3.53876e-11
-3.06231e-11
2.51475e-11
-2.32881e-11
1.99898e-11
-9.07838e-12
-7.3144e-12
2.04481e-11
-2.3978e-11
1.65806e-11
4.03836e-13
-2.25796e-11
3.88806e-11
-3.66788e-11
1.451e-11
1.28151e-11
-2.78055e-11
2.67538e-11
-2.00702e-11
1.77997e-11
-2.13532e-11
2.77524e-11
-3.57852e-11
4.37698e-11
-4.70631e-11
4.19791e-11
-3.11492e-11
1.93475e-11
-6.17547e-12
-1.20916e-11
3.16601e-11
-3.99044e-11
2.85106e-11
-5.21016e-12
-1.31217e-11
1.61144e-11
-6.14689e-12
-8.74759e-12
2.10908e-11
-2.47881e-11
1.65631e-11
-1.88515e-12
-5.86112e-12
-2.86187e-12
2.27753e-11
-3.98937e-11
4.6636e-11
-4.66776e-11
4.43602e-11
-3.73089e-11
2.17677e-11
-9.32573e-13
-1.76741e-11
2.93348e-11
-3.33927e-11
2.92396e-11
-1.82049e-11
8.31294e-12
-1.08748e-11
2.71146e-11
-4.32258e-11
4.29646e-11
-2.45206e-11
3.16682e-13
1.63403e-11
-2.0224e-11
1.14854e-11
6.6794e-12
-2.63577e-11
3.66487e-11
-3.3306e-11
2.31179e-11
-1.55054e-11
1.09019e-11
-3.1482e-12
-8.88253e-12
1.77245e-11
-1.81562e-11
1.49601e-11
-1.7073e-11
2.7094e-11
-4.12621e-11
5.46281e-11
-6.17448e-11
5.47574e-11
-2.99842e-11
-3.29288e-12
2.61399e-11
-2.70809e-11
1.23888e-11
2.02234e-12
-6.59012e-12
2.0351e-12
7.20292e-12
-1.718e-11
2.21342e-11
-1.70187e-11
4.48967e-12
5.16539e-12
-5.53816e-12
3.46655e-13
4.2992e-12
-1.02009e-11
2.30081e-11
-4.10509e-11
5.36704e-11
-5.24152e-11
3.84014e-11
-1.8667e-11
-4.00196e-13
1.26867e-11
-1.27391e-11
2.37477e-12
5.03066e-12
4.39765e-12
-2.96173e-11
5.43509e-11
-6.36287e-11
5.52236e-11
-3.61066e-11
1.387e-11
4.29287e-12
-1.15321e-11
6.30227e-12
3.39468e-12
-7.46129e-12
4.57305e-12
-1.89103e-12
2.99766e-12
-3.18244e-12
-1.82063e-12
7.44642e-12
-6.47199e-12
-1.21709e-12
9.06901e-12
-1.18399e-11
6.85257e-12
8.5456e-12
-3.3819e-11
5.83506e-11
-6.63365e-11
5.18428e-11
-2.63949e-11
7.4468e-12
-2.8605e-12
8.08889e-12
-1.49466e-11
1.63877e-11
-6.54076e-12
-1.60336e-11
4.21317e-11
-5.67511e-11
5.32038e-11
-3.93017e-11
2.60884e-11
-1.64526e-11
7.62801e-12
-4.59669e-13
-1.36042e-12
-1.93561e-12
5.59546e-12
-7.15196e-12
7.43551e-12
-5.5068e-12
-1.95419e-12
1.24082e-11
-1.53609e-11
3.39921e-12
1.63267e-11
-2.7977e-11
2.21405e-11
-1.86516e-12
-2.42465e-11
4.69069e-11
-5.65286e-11
4.74739e-11
-2.67726e-11
1.14006e-11
-1.26556e-11
2.50008e-11
-3.40852e-11
3.11606e-11
-1.71209e-11
-3.96215e-12
2.72814e-11
-4.54644e-11
5.11894e-11
-4.53468e-11
3.65731e-11
-3.07993e-11
2.50989e-11
-1.60761e-11
7.82905e-12
-6.64616e-12
1.0506e-11
-1.13279e-11
4.9245e-12
6.06115e-12
-1.80772e-11
2.77226e-11
-2.86234e-11
1.46757e-11
9.35215e-12
-2.72133e-11
2.51942e-11
-5.45313e-12
-1.81819e-11
3.33414e-11
-3.55965e-11
2.58569e-11
-1.02624e-11
7.61082e-13
-7.80462e-12
2.78984e-11
-4.47074e-11
4.48238e-11
-2.93239e-11
7.34174e-12
1.4211e-11
-3.14893e-11
4.0094e-11
-3.89816e-11
3.42498e-11
-3.33867e-11
3.58703e-11
-3.57617e-11
3.15244e-11
-2.78472e-11
2.61275e-11
-2.05721e-11
6.02009e-12
1.40378e-11
-3.17236e-11
4.2032e-11
-4.29247e-11
3.23117e-11
-1.2983e-11
-3.09016e-12
3.06171e-12
1.20287e-11
-2.75649e-11
3.0253e-11
-1.87248e-11
-5.50345e-13
1.89266e-11
-2.65421e-11
1.56805e-11
9.52875e-12
-3.21725e-11
3.64457e-11
-2.21144e-11
1.34536e-12
1.44715e-11
-2.13469e-11
1.9259e-11
-1.12281e-11
5.19876e-12
-1.00854e-11
2.53966e-11
-4.04713e-11
4.60738e-11
-4.31046e-11
3.60896e-11
-2.51023e-11
8.73228e-12
8.82237e-12
-2.14928e-11
2.85496e-11
-3.2933e-11
3.42263e-11
-3.1196e-11
2.84631e-11
-3.33638e-11
4.42892e-11
-4.98055e-11
4.06039e-11
-1.86057e-11
-7.60252e-12
2.95443e-11
-4.00649e-11
3.42013e-11
-1.62237e-11
1.15953e-12
-2.95558e-12
2.00395e-11
-3.77279e-11
4.28177e-11
-3.24589e-11
1.07718e-11
1.38992e-11
-2.91058e-11
2.44041e-11
-3.27366e-12
-1.7502e-11
2.35615e-11
-1.5175e-11
1.34789e-12
1.04247e-11
-1.57194e-11
1.11151e-11
9.90147e-13
-1.02408e-11
7.17757e-12
6.20267e-12
-2.04995e-11
3.016e-11
-3.60305e-11
3.79762e-11
-3.33928e-11
2.29102e-11
-1.20633e-11
4.12562e-12
2.63675e-12
-9.36667e-12
1.31482e-11
-1.38935e-11
1.82889e-11
-3.18651e-11
4.94118e-11
-5.98459e-11
5.72519e-11
-4.3211e-11
2.12648e-11
2.63766e-12
-1.80726e-11
1.72643e-11
-6.34931e-12
1.32636e-12
-1.19171e-11
3.34081e-11
-5.4617e-11
6.58871e-11
-6.04477e-11
3.67844e-11
-5.11693e-12
-1.6381e-11
1.70456e-11
-3.78987e-12
-7.78434e-12
7.44936e-12
5.50206e-12
-2.6258e-11
4.52705e-11
-5.03302e-11
3.56005e-11
-1.00988e-11
-9.33931e-12
1.33828e-11
-5.80035e-12
-5.22293e-12
1.36133e-11
-1.45911e-11
5.28097e-12
9.14322e-12
-1.73561e-11
1.35078e-11
-3.40202e-12
-4.73519e-12
8.83591e-12
-9.68571e-12
5.09629e-12
5.43814e-12
-1.63005e-11
2.15639e-11
-2.24749e-11
2.25939e-11
-2.07514e-11
1.45512e-11
-8.12355e-12
7.7873e-12
-1.2621e-11
1.50433e-11
-1.04232e-11
-7.3002e-13
1.71133e-11
-3.65451e-11
5.1055e-11
-5.11832e-11
3.69121e-11
-1.9856e-11
1.13123e-11
-1.31404e-11
2.00227e-11
-2.52524e-11
2.09871e-11
-1.16444e-12
-3.0382e-11
5.76873e-11
-6.57742e-11
5.39387e-11
-3.39154e-11
1.77039e-11
-1.22081e-11
1.91371e-11
-3.2427e-11
3.71143e-11
-2.10179e-11
-1.18324e-11
4.38404e-11
-6.04803e-11
5.86924e-11
-4.32326e-11
2.29173e-11
-1.05667e-11
1.50507e-11
-3.06278e-11
3.99637e-11
-3.1507e-11
8.2608e-12
1.91634e-11
-4.12707e-11
5.00521e-11
-4.17388e-11
2.323e-11
-9.8928e-12
1.07907e-11
-2.09083e-11
2.91933e-11
-2.94845e-11
2.03046e-11
-2.52794e-12
-1.80643e-11
3.05992e-11
-2.9036e-11
1.87454e-11
-9.88759e-12
6.59791e-12
-7.52389e-12
1.139e-11
-1.67362e-11
1.83733e-11
-1.20845e-11
9.96404e-13
7.39869e-12
-1.049e-11
1.06093e-11
-8.52246e-12
2.72593e-12
4.15797e-12
-6.30303e-12
2.26115e-12
3.33763e-12
-7.39424e-12
1.04856e-11
-1.15954e-11
7.21944e-12
8.32994e-13
-4.58601e-12
-6.37271e-13
1.04822e-11
-1.86165e-11
2.22919e-11
-1.95239e-11
7.73551e-12
9.17486e-12
-2.01966e-11
1.84024e-11
-9.08291e-12
2.02042e-12
-2.13843e-12
9.99574e-12
-2.46495e-11
3.92743e-11
-4.18008e-11
2.65742e-11
-2.60151e-12
-1.59026e-11
2.22051e-11
-1.79851e-11
7.93566e-12
-4.44174e-13
5.81269e-12
-2.59969e-11
4.82342e-11
-5.63744e-11
4.54136e-11
-2.22855e-11
-2.95322e-12
2.03265e-11
-2.20518e-11
9.76287e-12
2.0242e-12
1.6897e-12
-2.19598e-11
4.66274e-11
-6.2593e-11
6.19344e-11
-4.28751e-11
1.26158e-11
1.23852e-11
-1.87028e-11
8.60943e-12
2.83938e-12
-2.71665e-12
-1.23417e-11
3.76626e-11
-6.24807e-11
7.20193e-11
-5.80416e-11
2.83264e-11
-1.34015e-12
-1.022e-11
6.69051e-12
3.26257e-12
-8.74648e-12
-3.72301e-13
2.60611e-11
-5.64222e-11
7.28235e-11
-6.63453e-11
4.33627e-11
-1.73174e-11
-5.65349e-13
3.81908e-12
5.66618e-12
-1.53747e-11
9.94936e-12
1.38515e-11
-4.42008e-11
6.55502e-11
-6.95443e-11
5.5689e-11
-3.08029e-11
8.49125e-12
-1.70034e-12
1.01039e-11
-1.99265e-11
1.73962e-11
3.88233e-13
-2.769e-11
5.44944e-11
-6.86766e-11
6.19996e-11
-3.97274e-11
1.80862e-11
-9.6477e-12
1.37018e-11
-2.16705e-11
2.42815e-11
-1.39708e-11
-1.146e-11
4.23982e-11
-6.21422e-11
6.15392e-11
-4.62746e-11
2.81931e-11
-1.62906e-11
1.51037e-11
-2.36505e-11
3.16747e-11
-2.56243e-11
2.15085e-12
2.77092e-11
-5.01431e-11
5.81946e-11
-5.15804e-11
3.50234e-11
-1.98097e-11
1.72664e-11
-2.70772e-11
3.63414e-11
-3.32492e-11
1.59412e-11
1.03106e-11
-3.73379e-11
5.39955e-11
-5.24227e-11
3.72801e-11
-2.34166e-11
2.09418e-11
-2.81714e-11
3.73314e-11
-4.06805e-11
3.23247e-11
-1.61002e-11
4.20401e-12
-3.07771e-13
6.37032e-14
2.72184e-14
4.05461e-15
0
