0
2.54865e-16
3.65487e-15
2.44647e-14
1.78213e-14
7.63769e-13
-4.19236e-12
1.32021e-11
-2.29404e-11
2.48347e-11
-1.61277e-11
4.64125e-13
1.55506e-11
-2.51317e-11
2.41469e-11
-1.28634e-11
-4.11957e-12
1.97255e-11
-2.7324e-11
2.35036e-11
-9.5773e-12
-8.85481e-12
2.41289e-11
-2.96699e-11
2.27852e-11
-5.93701e-12
-1.41128e-11
2.89739e-11
-3.21121e-11
2.16839e-11
-1.53423e-12
-2.01908e-11
3.42917e-11
-3.43886e-11
1.97707e-11
4.01648e-12
-2.72328e-11
3.98984e-11
-3.60626e-11
1.65608e-11
1.10002e-11
-3.51672e-11
4.53796e-11
-3.65671e-11
1.16112e-11
1.95041e-11
-4.36594e-11
5.01204e-11
-3.52963e-11
4.63154e-12
2.93378e-11
-5.21001e-11
5.33646e-11
-3.17173e-11
-4.40952e-12
3.99828e-11
-5.96419e-11
5.43437e-11
-2.55205e-11
-1.51766e-11
5.05839e-11
-6.53003e-11
5.24128e-11
-1.67443e-11
-2.6925e-11
6.0011e-11
-6.80921e-11
4.72326e-11
-5.89893e-12
-3.84984e-11
6.69928e-11
-6.72457e-11
3.8938e-11
5.99156e-12
-4.84318e-11
7.03181e-11
-6.24146e-11
2.82596e-11
1.74228e-11
-5.51524e-11
6.91126e-11
-5.3882e-11
1.65527e-11
2.65843e-11
-5.72609e-11
6.30963e-11
-4.26712e-11
5.69243e-12
3.16446e-11
-5.38795e-11
5.28132e-11
-3.05337e-11
-2.18778e-12
3.11344e-11
-4.49571e-11
3.97066e-11
-1.97342e-11
-5.11596e-12
2.43808e-11
-3.15071e-11
2.60253e-11
-1.26556e-11
-1.77931e-12
1.1847e-11
-1.55982e-11
1.44371e-11
-1.12225e-11
7.98118e-12
-4.70635e-12
-7.85614e-14
7.45725e-12
-1.62987e-11
2.28616e-11
-2.23858e-11
1.19932e-11
6.72958e-12
-2.72015e-11
4.00983e-11
-3.7682e-11
1.81457e-11
1.2369e-11
-4.15217e-11
5.58969e-11
-4.7316e-11
1.7322e-11
2.25794e-11
-5.54401e-11
6.63059e-11
-4.92323e-11
1.04792e-11
3.3801e-11
-6.4555e-11
6.83385e-11
-4.34328e-11
6.68152e-13
4.14606e-11
-6.51267e-11
6.10517e-11
-3.23067e-11
-7.60486e-12
4.12918e-11
-5.54043e-11
4.61843e-11
-2.02036e-11
-9.68409e-12
3.08596e-11
-3.65558e-11
2.79591e-11
-1.21629e-11
-2.47909e-12
1.08067e-11
-1.27488e-11
1.19059e-11
-1.20624e-11
1.40086e-11
-1.47924e-11
9.90888e-12
2.90816e-12
-2.08229e-11
3.6031e-11
-3.93277e-11
2.5399e-11
3.12126e-12
-3.54239e-11
5.68257e-11
-5.57951e-11
3.02007e-11
1.0622e-11
-4.94224e-11
6.88018e-11
-5.95009e-11
2.50484e-11
1.9634e-11
-5.51328e-11
6.65595e-11
-5.0278e-11
1.50706e-11
2.2638e-11
-4.69043e-11
4.95459e-11
-3.30226e-11
7.81953e-12
1.38119e-11
-2.41456e-11
2.29524e-11
-1.58765e-11
9.69847e-12
-7.60056e-12
7.44361e-12
-3.98257e-12
-6.49098e-12
2.22596e-11
-3.57929e-11
3.7552e-11
-2.19748e-11
-7.9197e-12
4.04034e-11
-6.00503e-11
5.55699e-11
-2.62974e-11
-1.64008e-11
5.39511e-11
-6.94073e-11
5.57876e-11
-1.954e-11
-2.27307e-11
5.25214e-11
-5.83487e-11
4.06739e-11
-1.05008e-11
-1.7243e-11
3.16133e-11
-3.04904e-11
1.9954e-11
-9.1115e-12
3.85909e-12
-3.53489e-12
2.39234e-12
5.2607e-12
-1.97987e-11
3.45721e-11
-3.9231e-11
2.63078e-11
2.94834e-12
-3.73946e-11
6.07456e-11
-6.00192e-11
3.30097e-11
9.58856e-12
-4.89584e-11
6.7462e-11
-5.74999e-11
2.50825e-11
1.37575e-11
-4.16055e-11
4.84441e-11
-3.57848e-11
1.41532e-11
4.09323e-12
-1.20588e-11
1.13388e-11
-9.23953e-12
1.23853e-11
-2.11356e-11
2.86883e-11
-2.56213e-11
7.00609e-12
2.26207e-11
-5.00767e-11
6.01913e-11
-4.4666e-11
7.78441e-12
3.47104e-11
-6.3362e-11
6.51417e-11
-4.02374e-11
1.61748e-12
3.23132e-11
-4.76246e-11
4.15798e-11
-2.25134e-11
3.38388e-12
6.61696e-12
-7.10122e-12
5.15004e-12
-8.87436e-12
2.0427e-11
-3.33936e-11
3.65716e-11
-2.18509e-11
-8.99405e-12
4.33591e-11
-6.39124e-11
5.8393e-11
-2.72175e-11
-1.59186e-11
5.11002e-11
-6.2888e-11
4.83442e-11
-1.77389e-11
-1.22643e-11
2.85204e-11
-2.82763e-11
1.89475e-11
-1.14658e-11
1.19196e-11
-1.7265e-11
1.7973e-11
-5.77777e-12
-1.89237e-11
4.53371e-11
-5.79094e-11
4.60295e-11
-1.1602e-11
-3.0657e-11
6.08147e-11
-6.48089e-11
4.22449e-11
-6.13036e-12
-2.5195e-11
3.87581e-11
-3.36086e-11
1.94575e-11
-8.68409e-12
7.36892e-12
-1.14934e-11
1.07959e-11
2.52151e-12
-2.65259e-11
4.90696e-11
-5.49161e-11
3.59719e-11
2.22642e-12
-4.2415e-11
6.51057e-11
-5.98534e-11
3.1138e-11
4.83782e-12
-3.02954e-11
3.63172e-11
-2.69019e-11
1.43297e-11
-9.41023e-12
1.35662e-11
-1.8291e-11
1.22904e-11
8.871e-12
-3.76598e-11
5.80294e-11
-5.55235e-11
2.73271e-11
1.46767e-11
-5.02644e-11
6.2728e-11
-4.85811e-11
1.88014e-11
8.99796e-12
-2.20674e-11
1.98531e-11
-1.24433e-11
1.15758e-11
-2.09313e-11
3.28162e-11
-3.37721e-11
1.51672e-11
1.88977e-11
-5.23667e-11
6.66641e-11
-5.26257e-11
1.6779e-11
2.24352e-11
-4.60932e-11
4.61796e-11
-2.93211e-11
1.06234e-11
-2.26348e-12
5.06221e-12
-9.02045e-12
2.19746e-12
1.87179e-11
-4.41914e-11
5.74113e-11
-4.59974e-11
1.15464e-11
3.00044e-11
-5.78516e-11
5.92851e-11
-3.72751e-11
7.49296e-12
1.29187e-11
-1.68037e-11
1.0543e-11
-7.47597e-12
1.6306e-11
-3.33623e-11
4.46212e-11
-3.62702e-11
5.97952e-12
3.35015e-11
-6.16749e-11
6.34247e-11
-3.9064e-11
3.66905e-12
2.31657e-11
-3.06553e-11
2.25592e-11
-1.2962e-11
1.35636e-11
-2.484e-11
3.44199e-11
-2.84159e-11
1.43872e-12
3.51019e-11
-6.24522e-11
6.31881e-11
-3.80991e-11
-2.11403e-13
2.84904e-11
-3.77601e-11
2.69798e-11
-1.56493e-11
1.10432e-11
-2.20808e-11
2.84774e-11
-2.59174e-11
-3.40127e-12
3.47598e-11
-6.53006e-11
5.93134e-11
-3.89202e-11
-6.41478e-12
2.63671e-11
-4.2416e-11
2.1381e-11
-2.0203e-11
6.04643e-12
-2.99154e-11
2.38135e-11
-3.26606e-11
-1.23347e-11
3.01678e-11
-7.37542e-11
5.04141e-11
-4.35429e-11
-1.51516e-11
1.66302e-11
-4.34883e-11
8.41037e-12
-2.43504e-11
3.66176e-12
-4.32235e-11
2.61339e-11
-4.0344e-11
-1.77194e-11
2.97304e-11
-7.67361e-11
4.51779e-11
-4.09211e-11
-1.46894e-11
8.86662e-12
-2.87553e-11
-5.19058e-13
-1.76937e-11
1.55924e-11
-4.96228e-11
4.44465e-11
-3.53938e-11
-8.15473e-12
4.28177e-11
-5.83964e-11
5.2719e-11
-1.77047e-11
9.19863e-12
1.41381e-11
1.56652e-11
8.77683e-12
1.19352e-11
5.38949e-11
-3.2698e-11
8.59507e-11
-3.14186e-12
2.78153e-11
7.44902e-11
-4.79634e-12
7.67633e-11
3.18421e-11
6.20223e-11
3.45079e-11
8.79281e-11
3.81923e-11
6.01675e-11
1.0895e-10
7.54369e-12
1.32597e-10
4.69225e-11
7.71136e-11
1.01087e-10
6.70557e-11
9.26464e-11
7.89301e-11
1.12718e-10
4.15211e-11
1.42358e-10
5.36324e-11
8.35862e-11
1.25222e-10
3.12883e-11
1.22536e-10
5.82898e-11
8.19207e-11
5.71067e-11
8.67669e-11
3.68386e-11
4.85465e-11
8.02995e-11
-2.76458e-11
8.54309e-11
-1.82494e-11
3.9821e-12
1.07746e-11
-3.77082e-11
-2.7605e-11
-5.56158e-11
-4.04398e-11
-1.27657e-10
-4.11053e-11
-1.52916e-10
-1.32302e-10
-1.17149e-10
-2.18378e-10
-1.53916e-10
-2.29257e-10
-2.20338e-10
-2.73069e-10
-2.4064e-10
-3.2437e-10
-3.13265e-10
-3.01917e-10
-4.17155e-10
-3.19948e-10
-4.28959e-10
-4.09768e-10
-4.28421e-10
-4.48153e-10
-4.75339e-10
-4.79822e-10
-4.66325e-10
-5.59279e-10
-4.50292e-10
-5.62235e-10
-5.18093e-10
-5.0547e-10
-5.52241e-10
-5.07316e-10
-5.24189e-10
-4.89309e-10
-5.34197e-10
-4.23258e-10
-5.01713e-10
-4.23441e-10
-3.78151e-10
-4.18107e-10
-2.98408e-10
-3.15829e-10
-2.38501e-10
-2.23361e-10
-1.0992e-10
-1.26472e-10
-1.31613e-11
6.77047e-11
6.09346e-11
2.45102e-10
2.38631e-10
3.68136e-10
4.38396e-10
5.55014e-10
6.08163e-10
7.44312e-10
8.55216e-10
8.86417e-10
1.10881e-09
1.11116e-09
1.2799e-09
1.37915e-09
1.48597e-09
1.58712e-09
1.7147e-09
1.8304e-09
1.87396e-09
2.08842e-09
2.07292e-09
2.2394e-09
2.31752e-09
2.37845e-09
2.47462e-09
2.54058e-09
2.61121e-09
2.61161e-09
2.75303e-09
2.66717e-09
2.76559e-09
2.75346e-09
2.7117e-09
2.72845e-09
2.66603e-09
2.6256e-09
2.51146e-09
2.50853e-09
2.28827e-09
2.24724e-09
2.0753e-09
1.87263e-09
1.73883e-09
1.49075e-09
1.28257e-09
9.96455e-10
7.99708e-10
4.00822e-10
1.77091e-10
-1.91124e-10
-5.78862e-10
-8.92774e-10
-1.33717e-09
-1.72134e-09
-2.18164e-09
-2.56063e-09
-3.12046e-09
-3.49993e-09
-4.02675e-09
-4.54742e-09
-4.98751e-09
-5.55218e-09
-6.03179e-09
-6.57371e-09
-7.02587e-09
-7.63011e-09
-8.03417e-09
-8.57629e-09
-9.07162e-09
-9.47418e-09
-9.97347e-09
-1.03594e-08
-1.07794e-08
-1.10871e-08
-1.15118e-08
-1.17027e-08
-1.20136e-08
-1.22264e-08
-1.23317e-08
-1.24897e-08
-1.25092e-08
-1.25239e-08
-1.2399e-08
-1.23565e-08
-1.20417e-08
-1.18299e-08
-1.14697e-08
-1.09949e-08
-1.05248e-08
-9.90788e-09
-9.24729e-09
-8.43174e-09
-7.67702e-09
-6.62492e-09
-5.67445e-09
-4.54432e-09
-3.31593e-09
-2.05727e-09
-6.7789e-10
7.67438e-10
2.35004e-09
3.86416e-09
5.66574e-09
7.33632e-09
9.17927e-09
1.10656e-08
1.29871e-08
1.49511e-08
1.69708e-08
1.90589e-08
2.10308e-08
2.3228e-08
2.52283e-08
2.73415e-08
2.93977e-08
3.14527e-08
3.34141e-08
3.53823e-08
3.72962e-08
3.90106e-08
4.08339e-08
4.2368e-08
4.39034e-08
4.52461e-08
4.65163e-08
4.75173e-08
4.84522e-08
4.9179e-08
4.96131e-08
5.00031e-08
5.00157e-08
4.98895e-08
4.94374e-08
4.8839e-08
4.78055e-08
4.66444e-08
4.5137e-08
4.32769e-08
4.12261e-08
3.87686e-08
3.60559e-08
3.29508e-08
2.96729e-08
2.58729e-08
2.19388e-08
1.76008e-08
1.2942e-08
8.0187e-09
2.78417e-09
-2.73203e-09
-8.57826e-09
-1.45298e-08
-2.09412e-08
-2.73928e-08
-3.41541e-08
-4.10589e-08
-4.81666e-08
-5.53302e-08
-6.26644e-08
-7.01002e-08
-7.7449e-08
-8.4994e-08
-9.23624e-08
-9.97609e-08
-1.0698e-07
-1.14185e-07
-1.21051e-07
-1.27821e-07
-1.34307e-07
-1.40402e-07
-1.46249e-07
-1.51624e-07
-1.5661e-07
-1.61011e-07
-1.65055e-07
-1.68308e-07
-1.71094e-07
-1.73154e-07
-1.74503e-07
-1.751e-07
-1.74945e-07
-1.73956e-07
-1.72023e-07
-1.69374e-07
-1.65606e-07
-1.61034e-07
-1.55415e-07
-1.48883e-07
-1.41223e-07
-1.32682e-07
-1.23043e-07
-1.12339e-07
-1.0073e-07
-8.79925e-08
-7.43208e-08
-5.95912e-08
-4.40287e-08
-2.73342e-08
-9.93743e-09
8.4274e-09
2.75815e-08
4.74919e-08
6.80796e-08
8.93368e-08
1.11184e-07
1.33386e-07
1.56185e-07
1.79135e-07
2.02415e-07
2.25744e-07
2.49209e-07
2.72428e-07
2.95576e-07
3.18382e-07
3.40689e-07
3.62528e-07
3.83625e-07
4.03949e-07
4.23232e-07
4.41623e-07
4.58599e-07
4.74396e-07
4.8865e-07
5.01342e-07
5.12239e-07
5.21376e-07
5.28502e-07
5.33475e-07
5.36388e-07
5.36845e-07
5.34983e-07
5.30541e-07
5.23641e-07
5.13885e-07
5.01578e-07
4.86374e-07
4.68343e-07
4.47448e-07
4.2368e-07
3.96976e-07
3.67324e-07
3.34916e-07
2.9946e-07
2.61341e-07
2.20375e-07
1.76817e-07
1.30525e-07
8.19204e-08
3.08214e-08
-2.24708e-08
-7.77881e-08
-1.35045e-07
-1.94016e-07
-2.54528e-07
-3.16235e-07
-3.79196e-07
-4.42788e-07
-5.07078e-07
-5.71592e-07
-6.36222e-07
-7.0043e-07
-7.64199e-07
-8.27012e-07
-8.88578e-07
-9.48683e-07
-1.00688e-06
-1.06289e-06
-1.11628e-06
-1.16695e-06
-1.21419e-06
-1.25804e-06
-1.29791e-06
-1.33363e-06
-1.36469e-06
-1.39103e-06
-1.41214e-06
-1.4278e-06
-1.43781e-06
-1.44179e-06
-1.43958e-06
-1.43089e-06
-1.41571e-06
-1.39352e-06
-1.36456e-06
-1.32841e-06
-1.28515e-06
-1.23454e-06
-1.17682e-06
-1.11169e-06
-1.03933e-06
-9.59842e-07
-8.73202e-07
-7.79638e-07
-6.79273e-07
-5.7243e-07
-4.59078e-07
-3.3987e-07
-2.14809e-07
-8.44729e-08
5.09362e-08
1.90732e-07
3.34762e-07
4.82287e-07
6.32835e-07
7.85887e-07
9.40815e-07
1.09699e-06
1.25371e-06
1.41051e-06
1.56634e-06
1.72081e-06
1.87297e-06
2.02226e-06
2.16765e-06
2.30871e-06
2.44436e-06
2.574e-06
2.6968e-06
2.81205e-06
2.91889e-06
3.01662e-06
3.10462e-06
3.18196e-06
3.24819e-06
3.30249e-06
3.3444e-06
3.37307e-06
3.38834e-06
3.38935e-06
3.37589e-06
3.34741e-06
3.30372e-06
3.24433e-06
3.1692e-06
3.07814e-06
2.97093e-06
2.84768e-06
2.70836e-06
2.5532e-06
2.38216e-06
2.19586e-06
1.9943e-06
1.77815e-06
1.54773e-06
1.30388e-06
1.04692e-06
7.77884e-07
4.97439e-07
2.06504e-07
-9.39798e-08
-4.02915e-07
-7.19234e-07
-1.0419e-06
-1.36943e-06
-1.70078e-06
-2.03445e-06
-2.36924e-06
-2.70344e-06
-3.03596e-06
-3.36494e-06
-3.68909e-06
-4.00672e-06
-4.31647e-06
-4.61653e-06
-4.90549e-06
-5.18177e-06
-5.44377e-06
-5.69002e-06
-5.919e-06
-6.12932e-06
-6.31934e-06
-6.48803e-06
-6.6338e-06
-6.75562e-06
-6.85208e-06
-6.92244e-06
-6.96532e-06
-6.98012e-06
-6.96587e-06
-6.92201e-06
-6.84775e-06
-6.74286e-06
-6.60689e-06
-6.43959e-06
-6.24098e-06
-6.01105e-06
-5.75005e-06
-5.45817e-06
-5.1362e-06
-4.78441e-06
-4.40384e-06
-3.9952e-06
-3.55983e-06
-3.09858e-06
-2.61313e-06
-2.10474e-06
-1.57518e-06
-1.02605e-06
-4.59449e-07
1.22806e-07
7.18569e-07
1.32553e-06
1.94142e-06
2.5638e-06
3.19024e-06
3.81797e-06
4.44463e-06
5.06725e-06
5.68329e-06
6.28976e-06
6.8842e-06
7.46342e-06
8.02491e-06
8.5657e-06
9.08324e-06
9.57455e-06
1.00372e-05
1.04685e-05
1.0866e-05
1.12272e-05
1.15499e-05
1.18318e-05
1.20708e-05
1.22651e-05
1.2413e-05
1.25127e-05
1.25629e-05
1.25625e-05
1.25101e-05
1.24052e-05
1.22469e-05
1.20352e-05
1.17693e-05
1.14499e-05
1.10768e-05
1.06507e-05
1.01723e-05
9.64277e-06
9.0631e-06
8.43486e-06
7.75982e-06
7.03982e-06
6.27709e-06
5.47397e-06
4.63327e-06
3.75752e-06
2.85e-06
1.91374e-06
9.52369e-07
-3.08527e-08
-1.03184e-06
-2.04704e-06
-3.07223e-06
-4.10349e-06
-5.13634e-06
-6.1668e-06
-7.19031e-06
-8.20258e-06
-9.19905e-06
-1.01755e-05
-1.11273e-05
-1.20502e-05
-1.29399e-05
-1.3792e-05
-1.46024e-05
-1.5367e-05
-1.6082e-05
-1.67434e-05
-1.73479e-05
-1.78917e-05
-1.8372e-05
-1.87854e-05
-1.91295e-05
-1.94015e-05
-1.95995e-05
-1.97211e-05
-1.97651e-05
-1.97298e-05
-1.96144e-05
-1.94181e-05
-1.91406e-05
-1.87818e-05
-1.83419e-05
-1.78218e-05
-1.72225e-05
-1.65451e-05
-1.57915e-05
-1.49639e-05
-1.40644e-05
-1.30959e-05
-1.20615e-05
-1.09645e-05
-9.80857e-06
-8.59789e-06
-7.3365e-06
-6.02913e-06
-4.68032e-06
-3.29547e-06
-1.87946e-06
-4.37977e-07
1.02359e-06
2.49921e-06
3.9833e-06
5.46961e-06
6.95224e-06
8.42496e-06
9.88176e-06
1.13163e-05
1.27226e-05
1.40945e-05
1.54261e-05
1.67115e-05
1.79448e-05
1.91206e-05
2.02333e-05
2.12778e-05
2.22491e-05
2.31426e-05
2.39537e-05
2.46784e-05
2.53128e-05
2.58536e-05
2.62973e-05
2.66417e-05
2.68841e-05
2.70227e-05
2.70558e-05
2.69827e-05
2.68024e-05
2.65148e-05
2.61202e-05
2.56192e-05
2.50129e-05
2.4303e-05
2.34914e-05
2.25807e-05
2.15736e-05
2.04737e-05
1.92844e-05
1.801e-05
1.6655e-05
1.52243e-05
1.37231e-05
1.21568e-05
1.05315e-05
8.85317e-06
7.12829e-06
5.3633e-06
3.56533e-06
1.74111e-06
-1.01981e-07
-1.9569e-06
-3.81601e-06
-5.6722e-06
-7.51772e-06
-9.34538e-06
-1.11475e-05
-1.29172e-05
-1.46467e-05
-1.63293e-05
-1.79578e-05
-1.95257e-05
-2.10263e-05
-2.24533e-05
-2.38008e-05
-2.50632e-05
-2.62348e-05
-2.73109e-05
-2.82867e-05
-2.91581e-05
-2.99211e-05
-3.05724e-05
-3.11091e-05
-3.15285e-05
-3.18289e-05
-3.20085e-05
-3.20664e-05
-3.20018e-05
-3.18151e-05
-3.15063e-05
-3.10766e-05
-3.05273e-05
-2.98604e-05
-2.90782e-05
-2.81837e-05
-2.718e-05
-2.60713e-05
-2.48613e-05
-2.35549e-05
-2.21569e-05
-2.0673e-05
-1.91086e-05
-1.74699e-05
-1.57631e-05
-1.3995e-05
-1.21723e-05
-1.03022e-05
-8.39172e-06
-6.44856e-06
-4.47997e-06
-2.49386e-06
-4.97639e-07
1.50081e-06
3.49395e-06
5.47386e-06
7.43322e-06
9.36437e-06
1.126e-05
1.31129e-05
1.4916e-05
1.66626e-05
1.83461e-05
1.99602e-05
2.14989e-05
2.29566e-05
2.43279e-05
2.56079e-05
2.6792e-05
2.7876e-05
2.8856e-05
2.97289e-05
3.04916e-05
3.11417e-05
3.16771e-05
3.20964e-05
3.23984e-05
3.25824e-05
3.26483e-05
3.25965e-05
3.24275e-05
3.21426e-05
3.17435e-05
3.12322e-05
3.06111e-05
2.98833e-05
2.90518e-05
2.81205e-05
2.70932e-05
2.59743e-05
2.47685e-05
2.34808e-05
2.21162e-05
2.06804e-05
1.91788e-05
1.76177e-05
1.60027e-05
1.43403e-05
1.26367e-05
1.08985e-05
9.13177e-06
7.3435e-06
5.53991e-06
3.72775e-06
1.91327e-06
1.03164e-07
-1.69648e-06
-3.4792e-06
-5.23912e-06
-6.97004e-06
-8.66646e-06
-1.03225e-05
-1.19331e-05
-1.34929e-05
-1.49972e-05
-1.64411e-05
-1.78205e-05
-1.91312e-05
-2.03696e-05
-2.15319e-05
-2.26153e-05
-2.36168e-05
-2.45339e-05
-2.53645e-05
-2.61067e-05
-2.67589e-05
-2.73202e-05
-2.77894e-05
-2.81663e-05
-2.84504e-05
-2.86421e-05
-2.87416e-05
-2.87497e-05
-2.86674e-05
-2.8496e-05
-2.82371e-05
-2.78925e-05
-2.74642e-05
-2.69547e-05
-2.63663e-05
-2.57019e-05
-2.49644e-05
-2.41568e-05
-2.32825e-05
-2.23449e-05
-2.13476e-05
-2.02941e-05
-1.91884e-05
-1.80341e-05
-1.68355e-05
-1.55964e-05
-1.43208e-05
-1.30129e-05
-1.16768e-05
-1.03165e-05
-8.93625e-06
-7.54002e-06
-6.13203e-06
-4.71611e-06
-3.29639e-06
-1.87667e-06
-4.60937e-07
9.47214e-07
2.34393e-06
3.72575e-06
5.08901e-06
6.4305e-06
7.74674e-06
9.03472e-06
1.02912e-05
1.15134e-05
1.26983e-05
1.38434e-05
1.4946e-05
1.60037e-05
1.70141e-05
1.79752e-05
1.88847e-05
1.97409e-05
2.05418e-05
2.1286e-05
2.19716e-05
2.25976e-05
2.31624e-05
2.36651e-05
2.41045e-05
2.44798e-05
2.47903e-05
2.50354e-05
2.52144e-05
2.53272e-05
2.53734e-05
2.53529e-05
2.52658e-05
2.51122e-05
2.48923e-05
2.46067e-05
2.42557e-05
2.38402e-05
2.33607e-05
2.28185e-05
2.22144e-05
2.15497e-05
2.08256e-05
2.00437e-05
1.92055e-05
1.83128e-05
1.73675e-05
1.63715e-05
1.5327e-05
1.42363e-05
1.31017e-05
1.19258e-05
1.07113e-05
9.461e-06
8.17773e-06
6.86469e-06
5.5249e-06
4.16182e-06
2.77867e-06
1.3791e-06
-3.3397e-08
-1.45496e-06
-2.88199e-06
-4.31045e-06
-5.73651e-06
-7.15601e-06
-8.56509e-06
-9.95947e-06
-1.13351e-05
-1.26877e-05
-1.40134e-05
-1.53076e-05
-1.65665e-05
-1.77858e-05
-1.89615e-05
-2.00895e-05
-2.11659e-05
-2.21868e-05
-2.31485e-05
-2.40474e-05
-2.48798e-05
-2.56425e-05
-2.63323e-05
-2.69461e-05
-2.7481e-05
-2.79346e-05
-2.83044e-05
-2.85882e-05
-2.8784e-05
-2.88904e-05
-2.89058e-05
-2.88293e-05
-2.86598e-05
-2.83971e-05
-2.80409e-05
-2.75913e-05
-2.70487e-05
-2.6414e-05
-2.56883e-05
-2.48731e-05
-2.397e-05
-2.29813e-05
-2.19094e-05
-2.07571e-05
-1.95275e-05
-1.8224e-05
-1.68505e-05
-1.54109e-05
-1.39094e-05
-1.2351e-05
-1.07403e-05
-9.0826e-06
-7.38308e-06
-5.64758e-06
-3.88164e-06
-2.09147e-06
-2.82974e-07
1.53734e-06
3.36335e-06
5.18831e-06
7.00593e-06
8.8094e-06
1.05924e-05
1.2348e-05
1.407e-05
1.57516e-05
1.73867e-05
1.89687e-05
2.04918e-05
2.19498e-05
2.33371e-05
2.46479e-05
2.58772e-05
2.70198e-05
2.80711e-05
2.90263e-05
2.98818e-05
3.06336e-05
3.12784e-05
3.18131e-05
3.22354e-05
3.25429e-05
3.27341e-05
3.28074e-05
3.27624e-05
3.25985e-05
3.23159e-05
3.1915e-05
3.1397e-05
3.07634e-05
3.0016e-05
2.91574e-05
2.81904e-05
2.71182e-05
2.59447e-05
2.4674e-05
2.33106e-05
2.18595e-05
2.0326e-05
1.87158e-05
1.70348e-05
1.52893e-05
1.34859e-05
1.16314e-05
9.73269e-06
7.79717e-06
5.83212e-06
3.84523e-06
1.84385e-06
-1.64056e-07
-2.17092e-06
-4.16878e-06
-6.15022e-06
-8.10724e-06
-1.00325e-05
-1.19183e-05
-1.37577e-05
-1.55431e-05
-1.72679e-05
-1.89252e-05
-2.05089e-05
-2.20125e-05
-2.34305e-05
-2.47573e-05
-2.59879e-05
-2.71174e-05
-2.81419e-05
-2.90573e-05
-2.98602e-05
-3.05476e-05
-3.11173e-05
-3.15671e-05
-3.18954e-05
-3.21014e-05
-3.21845e-05
-3.21447e-05
-3.19824e-05
-3.16987e-05
-3.12951e-05
-3.07734e-05
-3.01362e-05
-2.93864e-05
-2.85272e-05
-2.75625e-05
-2.64965e-05
-2.53339e-05
-2.40795e-05
-2.27388e-05
-2.13173e-05
-1.98213e-05
-1.82567e-05
-1.66303e-05
-1.49487e-05
-1.3219e-05
-1.1448e-05
-9.64344e-06
-7.81223e-06
-5.96207e-06
-4.10019e-06
-2.23438e-06
-3.71765e-07
1.47997e-06
3.31372e-06
5.12209e-06
6.89827e-06
8.6351e-06
1.03261e-05
1.19647e-05
1.35448e-05
1.50604e-05
1.6506e-05
1.78762e-05
1.91662e-05
2.03713e-05
2.14873e-05
2.25105e-05
2.34375e-05
2.42653e-05
2.49914e-05
2.56137e-05
2.61306e-05
2.65409e-05
2.68438e-05
2.70391e-05
2.71268e-05
2.71077e-05
2.69827e-05
2.67534e-05
2.64214e-05
2.59894e-05
2.54597e-05
2.48357e-05
2.41206e-05
2.33184e-05
2.24329e-05
2.14688e-05
2.04306e-05
1.93234e-05
1.81522e-05
1.69227e-05
1.56403e-05
1.43107e-05
1.29399e-05
1.15339e-05
1.00988e-05
8.64065e-06
7.16573e-06
5.6801e-06
4.19002e-06
2.70141e-06
1.22056e-06
-2.46925e-07
-1.69498e-06
-3.11817e-06
-4.51078e-06
-5.86788e-06
-7.18404e-06
-8.45466e-06
-9.67498e-06
-1.0841e-05
-1.19482e-05
-1.29933e-05
-1.39725e-05
-1.4883e-05
-1.57218e-05
-1.64866e-05
-1.71752e-05
-1.77858e-05
-1.8317e-05
-1.87679e-05
-1.91377e-05
-1.9426e-05
-1.96328e-05
-1.97585e-05
-1.98037e-05
-1.97694e-05
-1.9657e-05
-1.9468e-05
-1.92044e-05
-1.88683e-05
-1.84624e-05
-1.79891e-05
-1.74518e-05
-1.68533e-05
-1.61973e-05
-1.54872e-05
-1.47269e-05
-1.39202e-05
-1.30712e-05
-1.21841e-05
-1.12633e-05
-1.03128e-05
-9.33723e-06
-8.34104e-06
-7.3285e-06
-6.30416e-06
-5.27236e-06
-4.23766e-06
-3.20405e-06
-2.17604e-06
-1.15756e-06
-1.52866e-07
8.34468e-07
1.80033e-06
2.74144e-06
3.65414e-06
4.53537e-06
5.38183e-06
6.19094e-06
6.95988e-06
7.68626e-06
8.36784e-06
9.00275e-06
9.58918e-06
1.01256e-05
1.06108e-05
1.10437e-05
1.14237e-05
1.17499e-05
1.20225e-05
1.22409e-05
1.24056e-05
1.25168e-05
1.25754e-05
1.25818e-05
1.25374e-05
1.24431e-05
1.23006e-05
1.21112e-05
1.18769e-05
1.15994e-05
1.12809e-05
1.09235e-05
1.05296e-05
1.01014e-05
9.64156e-06
9.15273e-06
8.63734e-06
8.09836e-06
7.53833e-06
6.96024e-06
6.36659e-06
5.76059e-06
5.14469e-06
4.5219e-06
3.89476e-06
3.26625e-06
2.63874e-06
2.01503e-06
1.39754e-06
7.88723e-07
1.90873e-07
-3.93689e-07
-9.62803e-07
-1.51464e-06
-2.04707e-06
-2.5585e-06
-3.04712e-06
-3.51167e-06
-3.95044e-06
-4.36258e-06
-4.74672e-06
-5.10213e-06
-5.42777e-06
-5.72333e-06
-5.98802e-06
-6.22164e-06
-6.42392e-06
-6.59484e-06
-6.73438e-06
-6.84279e-06
-6.92047e-06
-6.96768e-06
-6.98516e-06
-6.97349e-06
-6.93361e-06
-6.86613e-06
-6.7724e-06
-6.65317e-06
-6.50983e-06
-6.34342e-06
-6.1555e-06
-5.94712e-06
-5.71991e-06
-5.47526e-06
-5.21468e-06
-4.93964e-06
-4.65174e-06
-4.35258e-06
-4.04354e-06
-3.72646e-06
-3.40268e-06
-3.0739e-06
-2.74143e-06
-2.40712e-06
-2.07207e-06
-1.73799e-06
-1.40608e-06
-1.07787e-06
-7.54389e-07
-4.37139e-07
-1.27161e-07
1.7447e-07
4.66648e-07
7.48425e-07
1.01887e-06
1.27731e-06
1.5227e-06
1.75472e-06
1.97252e-06
2.17576e-06
2.36377e-06
2.53654e-06
2.69345e-06
2.83452e-06
2.95951e-06
3.06846e-06
3.16124e-06
3.23807e-06
3.29912e-06
3.34444e-06
3.37452e-06
3.38952e-06
3.39e-06
3.37616e-06
3.34887e-06
3.30826e-06
3.2552e-06
3.19013e-06
3.11389e-06
3.02691e-06
2.93012e-06
2.82414e-06
2.70967e-06
2.58757e-06
2.45856e-06
2.32344e-06
2.18284e-06
2.03783e-06
1.88884e-06
1.7369e-06
1.58258e-06
1.42682e-06
1.27004e-06
1.11325e-06
9.56942e-07
8.01821e-07
6.48517e-07
4.97658e-07
3.49771e-07
2.05327e-07
6.50721e-08
-7.08391e-08
-2.01716e-07
-3.27354e-07
-4.4717e-07
-5.61158e-07
-6.6866e-07
-7.69706e-07
-8.63967e-07
-9.51316e-07
-1.03153e-06
-1.10461e-06
-1.17047e-06
-1.22892e-06
-1.28025e-06
-1.32422e-06
-1.36109e-06
-1.39074e-06
-1.41361e-06
-1.42946e-06
-1.43879e-06
-1.44163e-06
-1.43825e-06
-1.4288e-06
-1.41369e-06
-1.39311e-06
-1.36725e-06
-1.33666e-06
-1.30137e-06
-1.2619e-06
-1.21842e-06
-1.17151e-06
-1.12114e-06
-1.06802e-06
-1.01224e-06
-9.5425e-07
-8.94317e-07
-8.32891e-07
-7.70187e-07
-7.06498e-07
-6.42341e-07
-5.77733e-07
-5.13215e-07
-4.48893e-07
-3.85245e-07
-3.22204e-07
-2.60395e-07
-1.9976e-07
-1.40647e-07
-8.32293e-08
-2.77344e-08
2.57506e-08
7.70561e-08
1.2588e-07
1.72402e-07
2.16198e-07
2.57412e-07
2.95784e-07
3.315e-07
3.6417e-07
3.94086e-07
4.21057e-07
4.45092e-07
4.66252e-07
4.84546e-07
5.00009e-07
5.12571e-07
5.22576e-07
5.2972e-07
5.34399e-07
5.36489e-07
5.36253e-07
5.33551e-07
5.2878e-07
5.21846e-07
5.12889e-07
5.02163e-07
4.89631e-07
4.75525e-07
4.59864e-07
4.43013e-07
4.24735e-07
4.05554e-07
3.8532e-07
3.64302e-07
3.4253e-07
3.20279e-07
2.97518e-07
2.74405e-07
2.5121e-07
2.27761e-07
2.04437e-07
1.81153e-07
1.5819e-07
1.3537e-07
1.1314e-07
9.12564e-08
6.99565e-08
4.93198e-08
2.93547e-08
1.01406e-08
-8.28903e-09
-2.57548e-08
-4.25221e-08
-5.81606e-08
-7.2969e-08
-8.67216e-08
-9.95419e-08
-1.11236e-07
-1.22025e-07
-1.31749e-07
-1.40376e-07
-1.48121e-07
-1.54737e-07
-1.6044e-07
-1.65094e-07
-1.68942e-07
-1.7167e-07
-1.73679e-07
-1.74741e-07
-1.74968e-07
-1.74439e-07
-1.73155e-07
-1.71157e-07
-1.6843e-07
-1.65232e-07
-1.6124e-07
-1.56887e-07
-1.51946e-07
-1.46612e-07
-1.40802e-07
-1.3474e-07
-1.28284e-07
-1.21541e-07
-1.14698e-07
-1.07512e-07
-1.00309e-07
-9.29235e-08
-8.55648e-08
-7.80264e-08
-7.06813e-08
-6.32463e-08
-5.59102e-08
-4.87423e-08
-4.16279e-08
-3.47141e-08
-2.79419e-08
-2.14773e-08
-1.50513e-08
-9.08341e-09
-3.21944e-09
2.31579e-09
7.57049e-09
1.25149e-08
1.71957e-08
2.15564e-08
2.55138e-08
2.93374e-08
3.26392e-08
3.57685e-08
3.85053e-08
4.09868e-08
4.30615e-08
4.49452e-08
4.64758e-08
4.76597e-08
4.87154e-08
4.93354e-08
4.98084e-08
4.99548e-08
4.99615e-08
4.959e-08
4.91735e-08
4.84634e-08
4.75442e-08
4.6558e-08
4.53015e-08
4.39716e-08
4.24479e-08
4.09247e-08
3.91111e-08
3.74054e-08
3.54993e-08
3.35379e-08
3.15823e-08
2.95322e-08
2.74801e-08
2.537e-08
2.33721e-08
2.11764e-08
1.92053e-08
1.71173e-08
1.50969e-08
1.31316e-08
1.12083e-08
9.31951e-09
7.47361e-09
5.79962e-09
3.9942e-09
2.47584e-09
8.88662e-10
-5.61551e-10
-1.94608e-09
-3.21012e-09
-4.44407e-09
-5.57991e-09
-6.53621e-09
-7.59422e-09
-8.3549e-09
-9.17642e-09
-9.84297e-09
-1.04659e-08
-1.09417e-08
-1.14223e-08
-1.17882e-08
-1.20055e-08
-1.23256e-08
-1.23734e-08
-1.25033e-08
-1.24934e-08
-1.24785e-08
-1.23249e-08
-1.22238e-08
-1.20149e-08
-1.17077e-08
-1.15203e-08
-1.10987e-08
-1.0794e-08
-1.03768e-08
-9.99328e-09
-9.49621e-09
-9.09564e-09
-8.60207e-09
-8.06148e-09
-7.65873e-09
-7.05559e-09
-6.6043e-09
-6.06307e-09
-5.58396e-09
-5.0196e-09
-4.57966e-09
-4.05896e-09
-3.53197e-09
-3.15218e-09
-2.5919e-09
-2.21234e-09
-1.75135e-09
-1.3664e-09
-9.21124e-10
-6.06253e-10
-2.17481e-10
1.51828e-10
3.76709e-10
7.76788e-10
9.74766e-10
1.26214e-09
1.4716e-09
1.72097e-09
1.85606e-09
2.06003e-09
2.23326e-09
2.27556e-09
2.49708e-09
2.50124e-09
2.61658e-09
2.65818e-09
2.72174e-09
2.70608e-09
2.7489e-09
2.76205e-09
2.66458e-09
2.75136e-09
2.6108e-09
2.61121e-09
2.54134e-09
2.47609e-09
2.38057e-09
2.32024e-09
2.24267e-09
2.07669e-09
2.09263e-09
1.87858e-09
1.83536e-09
1.71997e-09
1.59264e-09
1.4917e-09
1.38505e-09
1.28594e-09
1.11729e-09
1.11499e-09
8.92622e-10
8.6141e-10
7.50467e-10
6.14248e-10
5.61008e-10
4.44271e-10
3.73872e-10
2.44209e-10
2.50505e-10
6.6148e-11
7.2715e-11
-8.36572e-12
-1.21901e-10
-1.05579e-10
-2.19259e-10
-2.3464e-10
-3.12213e-10
-2.9504e-10
-4.14985e-10
-3.75275e-10
-4.20808e-10
-4.9932e-10
-4.21102e-10
-5.3227e-10
-4.87607e-10
-5.22705e-10
-5.06042e-10
-5.51169e-10
-5.04592e-10
-5.174e-10
-5.61718e-10
-4.4994e-10
-5.59085e-10
-4.66276e-10
-4.79911e-10
-4.75554e-10
-4.48485e-10
-4.2886e-10
-4.10304e-10
-4.29585e-10
-3.20651e-10
-4.17929e-10
-3.02751e-10
-3.14151e-10
-3.253e-10
-2.41607e-10
-2.74064e-10
-2.21356e-10
-2.30289e-10
-1.54957e-10
-2.19422e-10
-1.1819e-10
-1.33335e-10
-1.53937e-10
-4.21083e-11
-1.28639e-10
-4.1398e-11
-5.6546e-11
-2.85054e-11
-3.85756e-11
9.94248e-12
3.18629e-12
-1.90066e-11
8.47129e-11
-2.83242e-11
7.96623e-11
4.79497e-11
3.62829e-11
8.62526e-11
5.66329e-11
8.14877e-11
5.78966e-11
1.22181e-10
3.09719e-11
1.24942e-10
8.33414e-11
5.34219e-11
1.4218e-10
4.13742e-11
1.126e-10
7.88408e-11
9.25834e-11
6.70175e-11
1.01073e-10
7.71202e-11
4.69497e-11
1.32642e-10
7.60597e-12
1.09027e-10
6.02586e-11
3.82951e-11
8.8042e-11
3.46304e-11
6.21527e-11
3.1979e-11
7.69052e-11
-4.64994e-12
7.46398e-11
2.79671e-11
-2.98861e-12
8.61045e-11
-3.25448e-11
5.40475e-11
1.20854e-11
8.92484e-12
1.58099e-11
1.42789e-11
9.33562e-12
-1.75728e-11
5.28462e-11
-5.82745e-11
4.29338e-11
-8.04428e-12
-3.52895e-11
4.45446e-11
-4.95312e-11
1.5678e-11
-1.76151e-11
-4.45832e-13
-2.86891e-11
8.92745e-12
-1.46344e-11
-4.0872e-11
4.52226e-11
-7.66973e-11
2.97656e-11
-1.76895e-11
-4.03171e-11
2.6156e-11
-4.3204e-11
3.67744e-12
-2.43373e-11
8.42059e-12
-4.34802e-11
1.66353e-11
-1.5147e-11
-4.35421e-11
5.04153e-11
-7.37557e-11
3.01652e-11
-1.23373e-11
-3.26662e-11
2.38096e-11
-2.99223e-11
6.04073e-12
-2.02105e-11
2.13739e-11
-4.24241e-11
2.63593e-11
-6.42337e-12
-3.89286e-11
5.93046e-11
-6.53096e-11
3.4751e-11
-3.41065e-12
-2.59263e-11
2.84679e-11
-2.20899e-11
1.10337e-11
-1.56585e-11
2.69704e-11
-3.77698e-11
2.84813e-11
-2.21222e-13
-3.81084e-11
6.31787e-11
-6.24621e-11
3.5093e-11
1.42863e-12
-2.84249e-11
3.44101e-11
-2.48495e-11
1.35541e-11
-1.29716e-11
2.25498e-11
-3.06648e-11
2.31563e-11
3.65936e-12
-3.90733e-11
6.34149e-11
-6.1684e-11
3.34916e-11
5.97037e-12
-3.628e-11
4.4612e-11
-3.33722e-11
1.62969e-11
-7.48591e-12
1.05338e-11
-1.68134e-11
1.29093e-11
7.48337e-12
-3.72845e-11
5.92753e-11
-5.78608e-11
2.99947e-11
1.15368e-11
-4.60065e-11
5.74012e-11
-4.42003e-11
1.8708e-11
2.18807e-12
-9.02977e-12
5.05236e-12
-2.27271e-12
1.06139e-11
-2.93309e-11
4.61706e-11
-4.61034e-11
2.24263e-11
1.67691e-11
-5.26352e-11
6.66548e-11
-5.23766e-11
1.88886e-11
1.51573e-11
-3.37813e-11
3.28066e-11
-2.09408e-11
1.15663e-11
-1.24528e-11
1.98435e-11
-2.20768e-11
8.98844e-12
1.87918e-11
-4.85903e-11
6.2718e-11
-5.02733e-11
1.46665e-11
2.73183e-11
-5.55338e-11
5.80206e-11
-3.76699e-11
8.86207e-12
1.22803e-11
-1.83001e-11
1.35562e-11
-9.41931e-12
1.43198e-11
-2.6911e-11
3.63073e-11
-3.03045e-11
4.82797e-12
3.11287e-11
-5.9863e-11
6.50962e-11
-4.24244e-11
2.21664e-12
3.59627e-11
-5.49259e-11
4.90603e-11
-2.65354e-11
2.51188e-12
1.07867e-11
-1.15032e-11
7.35967e-12
-8.69379e-12
1.94481e-11
-3.36181e-11
3.87485e-11
-2.52044e-11
-6.14002e-12
4.22355e-11
-6.48184e-11
6.0805e-11
-3.06662e-11
-1.16119e-11
4.60204e-11
-5.79191e-11
4.53277e-11
-1.89331e-11
-5.78744e-12
1.79636e-11
-1.72745e-11
1.19099e-11
-1.1475e-11
1.89376e-11
-2.82854e-11
2.85105e-11
-1.22735e-11
-1.77485e-11
4.83347e-11
-6.28974e-11
5.10905e-11
-1.59279e-11
-2.72272e-11
5.83837e-11
-6.39223e-11
4.33501e-11
-9.0042e-12
-2.18596e-11
3.65613e-11
-3.34023e-11
2.04168e-11
-8.88343e-12
5.14037e-12
-7.1108e-12
6.60769e-12
3.37407e-12
-2.25227e-11
4.15701e-11
-4.7634e-11
3.23037e-11
1.60792e-12
-4.02467e-11
6.5132e-11
-6.33713e-11
3.47006e-11
7.77523e-12
-4.46759e-11
6.01822e-11
-5.00866e-11
2.26115e-11
6.99628e-12
-2.56306e-11
2.86787e-11
-2.1145e-11
1.23757e-11
-9.24904e-12
1.13293e-11
-1.20684e-11
4.08387e-12
1.41435e-11
-3.5794e-11
4.84342e-11
-4.16146e-11
1.37477e-11
2.50733e-11
-5.75096e-11
6.74527e-11
-4.89682e-11
9.57935e-12
3.29999e-11
-6.00285e-11
6.07361e-11
-3.74044e-11
2.93927e-12
2.62977e-11
-3.92401e-11
3.45623e-11
-1.98082e-11
5.25134e-12
2.38256e-12
-3.54412e-12
3.84944e-12
-9.12105e-12
1.99447e-11
-3.05003e-11
3.16042e-11
-1.72528e-11
-1.05101e-11
4.06642e-11
-5.83582e-11
5.2512e-11
-2.27404e-11
-1.95494e-11
5.5778e-11
-6.94167e-11
5.39415e-11
-1.64102e-11
-2.6307e-11
5.55605e-11
-6.00599e-11
4.0394e-11
-7.92927e-12
-2.19842e-11
3.75426e-11
-3.58025e-11
2.22502e-11
-6.50064e-12
-3.9919e-12
7.43393e-12
-7.60988e-12
9.68876e-12
-1.58858e-11
2.29426e-11
-2.41548e-11
1.38021e-11
7.81024e-12
-3.30322e-11
4.95365e-11
-4.69138e-11
2.26285e-11
1.50612e-11
-5.02876e-11
6.65501e-11
-5.51423e-11
1.96243e-11
2.50392e-11
-5.95109e-11
6.87929e-11
-4.94326e-11
1.06132e-11
3.01905e-11
-5.5804e-11
5.68158e-11
-3.54331e-11
3.11161e-12
2.53895e-11
-3.93372e-11
3.60214e-11
-2.08325e-11
2.89883e-12
9.89906e-12
-1.48014e-11
1.39986e-11
-1.20712e-11
1.18958e-11
-1.27577e-11
1.07968e-11
-2.4884e-12
-1.21724e-11
2.79493e-11
-3.65649e-11
3.08496e-11
-9.6931e-12
-2.02136e-11
4.61751e-11
-5.54141e-11
4.12824e-11
-7.61439e-12
-3.23163e-11
6.10423e-11
-6.51364e-11
4.14514e-11
6.5833e-13
-4.34419e-11
6.83285e-11
-6.45639e-11
3.37909e-11
1.04703e-11
-4.92424e-11
6.6297e-11
-5.54501e-11
2.25704e-11
1.73122e-11
-4.73253e-11
5.58874e-11
-4.15313e-11
1.23597e-11
1.8136e-11
-3.76913e-11
4.00886e-11
-2.72109e-11
6.72008e-12
1.19836e-11
-2.23951e-11
2.28519e-11
-1.63081e-11
7.44768e-12
-8.81218e-14
-4.71566e-12
7.97136e-12
-1.12316e-11
1.44271e-11
-1.56073e-11
1.18372e-11
-1.78855e-12
-1.26652e-11
2.60159e-11
-3.15165e-11
2.43712e-11
-5.12529e-12
-1.97439e-11
3.96974e-11
-4.49669e-11
3.11254e-11
-2.19787e-12
-3.05425e-11
5.28028e-11
-5.3888e-11
3.16342e-11
5.68393e-12
-4.26817e-11
6.30878e-11
-5.72712e-11
2.65755e-11
1.65426e-11
-5.3891e-11
6.91027e-11
-5.51616e-11
1.74131e-11
2.82502e-11
-6.24241e-11
7.03086e-11
-4.84414e-11
5.98215e-12
3.89283e-11
-6.7255e-11
6.6983e-11
-3.85075e-11
-5.90887e-12
4.72236e-11
-6.81021e-11
6.00019e-11
-2.69348e-11
-1.67537e-11
5.24032e-11
-6.53099e-11
5.05746e-11
-1.51863e-11
-2.55297e-11
5.4334e-11
-5.96512e-11
3.9973e-11
-4.41878e-12
-3.1727e-11
5.33554e-11
-5.21098e-11
2.93285e-11
4.62169e-12
-3.53054e-11
5.01104e-11
-4.36682e-11
1.94939e-11
1.16025e-11
-3.65774e-11
4.53708e-11
-3.51774e-11
1.09913e-11
1.65508e-11
-3.60719e-11
3.98889e-11
-2.72424e-11
4.0072e-12
1.97609e-11
-3.43979e-11
3.42821e-11
-2.02004e-11
-1.5435e-12
2.1674e-11
-3.21211e-11
2.89639e-11
-1.41218e-11
-5.94696e-12
2.2776e-11
-2.96795e-11
2.41193e-11
-8.86401e-12
-9.58726e-12
2.34947e-11
-2.7334e-11
1.97166e-11
-4.12949e-12
-1.28726e-11
2.41373e-11
-2.51412e-11
1.55412e-11
4.54416e-13
-1.6137e-11
2.4825e-11
-2.29493e-11
1.31947e-11
-4.19553e-12
7.666e-13
2.19158e-14
2.66262e-14
4.08081e-15
0
