0
2.59572e-10
1.0692e-09
-2.0172e-08
-2.15288e-07
-8.0665e-07
-1.66458e-06
-2.43725e-06
-2.98244e-06
-3.36575e-06
-3.6923e-06
-4.01035e-06
-4.32021e-06
-4.62061e-06
-4.90981e-06
-5.18621e-06
-5.44847e-06
-5.69474e-06
-5.92386e-06
-6.13408e-06
-6.32412e-06
-6.49263e-06
-6.6381e-06
-6.75962e-06
-6.85564e-06
-6.92537e-06
-6.96765e-06
-6.98154e-06
-6.96644e-06
-6.92133e-06
-6.84598e-06
-6.73962e-06
-6.60207e-06
-6.43313e-06
-6.23254e-06
-6.00066e-06
-5.73736e-06
-5.44324e-06
-5.11864e-06
-4.76418e-06
-4.38083e-06
-3.96921e-06
-3.53071e-06
-3.06629e-06
-2.57746e-06
-2.06571e-06
-1.53256e-06
-9.80005e-07
-4.09671e-07
1.7618e-07
7.75545e-07
1.38616e-06
2.00556e-06
2.63151e-06
3.26123e-06
3.89234e-06
4.52202e-06
5.14757e-06
5.76629e-06
6.37523e-06
6.97176e-06
7.55284e-06
8.11578e-06
8.6577e-06
9.1758e-06
9.66742e-06
1.01297e-05
1.05603e-05
1.09564e-05
1.13156e-05
1.16357e-05
1.19144e-05
1.21497e-05
1.23395e-05
1.24822e-05
1.2576e-05
1.26196e-05
1.26118e-05
1.25514e-05
1.24376e-05
1.22698e-05
1.20477e-05
1.1771e-05
1.14398e-05
1.10544e-05
1.06153e-05
1.01233e-05
9.57949e-06
8.98515e-06
8.34164e-06
7.65092e-06
6.91486e-06
6.13573e-06
5.31609e-06
4.45842e-06
3.56589e-06
2.64135e-06
1.6883e-06
7.1017e-07
-2.89459e-07
-1.30654e-06
-2.33743e-06
-3.37766e-06
-4.42329e-06
-5.46989e-06
-6.51298e-06
-7.54835e-06
-8.57112e-06
-9.57716e-06
-1.05616e-05
-1.15201e-05
-1.24481e-05
-1.33411e-05
-1.4195e-05
-1.50051e-05
-1.57677e-05
-1.64785e-05
-1.71336e-05
-1.77297e-05
-1.82627e-05
-1.873e-05
-1.9128e-05
-1.94543e-05
-1.97062e-05
-1.98812e-05
-1.99779e-05
-1.99942e-05
-1.9929e-05
-1.97812e-05
-1.95501e-05
-1.92355e-05
-1.88373e-05
-1.83562e-05
-1.77926e-05
-1.71479e-05
-1.64235e-05
-1.56211e-05
-1.47433e-05
-1.37922e-05
-1.27712e-05
-1.16832e-05
-1.0532e-05
-9.32145e-06
-8.0558e-06
-6.73963e-06
-5.37765e-06
-3.97501e-06
-2.53696e-06
-1.06909e-06
4.22932e-07
1.93315e-06
3.45552e-06
4.98384e-06
6.51176e-06
8.03303e-06
9.54104e-06
1.10295e-05
1.24919e-05
1.39217e-05
1.53128e-05
1.66587e-05
1.79534e-05
1.91907e-05
2.0365e-05
2.14705e-05
2.25018e-05
2.3454e-05
2.43218e-05
2.51011e-05
2.57873e-05
2.63768e-05
2.68659e-05
2.72514e-05
2.75308e-05
2.77016e-05
2.77622e-05
2.7711e-05
2.7547e-05
2.727e-05
2.68796e-05
2.63767e-05
2.57619e-05
2.5037e-05
2.42037e-05
2.32645e-05
2.22223e-05
2.10804e-05
1.98427e-05
1.85133e-05
1.7097e-05
1.5599e-05
1.40245e-05
1.23796e-05
1.06703e-05
8.90332e-06
7.08537e-06
5.22367e-06
3.3254e-06
1.3983e-06
-5.50032e-07
-2.51162e-06
-4.47841e-06
-6.44249e-06
-8.39542e-06
-1.03294e-05
-1.22359e-05
-1.41071e-05
-1.59351e-05
-1.77117e-05
-1.94295e-05
-2.10808e-05
-2.26585e-05
-2.41554e-05
-2.55649e-05
-2.68808e-05
-2.80966e-05
-2.92073e-05
-3.0207e-05
-3.10914e-05
-3.1856e-05
-3.24969e-05
-3.30109e-05
-3.33949e-05
-3.3647e-05
-3.37651e-05
-3.37482e-05
-3.35956e-05
-3.33073e-05
-3.28839e-05
-3.23262e-05
-3.16362e-05
-3.08159e-05
-2.98683e-05
-2.87965e-05
-2.76046e-05
-2.62969e-05
-2.48783e-05
-2.33543e-05
-2.17307e-05
-2.00139e-05
-1.82104e-05
-1.63276e-05
-1.43728e-05
-1.23539e-05
-1.0279e-05
-8.15629e-06
-5.99472e-06
-3.80271e-06
-1.58941e-06
6.36155e-07
2.86502e-06
5.08771e-06
7.29543e-06
9.47875e-06
1.16288e-05
1.37367e-05
1.57936e-05
1.7791e-05
1.97205e-05
2.15742e-05
2.33443e-05
2.50233e-05
2.66042e-05
2.80806e-05
2.94461e-05
3.0695e-05
3.18221e-05
3.28227e-05
3.36926e-05
3.4428e-05
3.50261e-05
3.5484e-05
3.58001e-05
3.59731e-05
3.60019e-05
3.58869e-05
3.56282e-05
3.52271e-05
3.46853e-05
3.40049e-05
3.3189e-05
3.22409e-05
3.11648e-05
2.99649e-05
2.86465e-05
2.72151e-05
2.56767e-05
2.40378e-05
2.23052e-05
2.04861e-05
1.85883e-05
1.66196e-05
1.45882e-05
1.25026e-05
1.03715e-05
8.20369e-06
6.00821e-06
3.79404e-06
1.57054e-06
-6.53526e-07
-2.86857e-06
-5.06589e-06
-7.23633e-06
-9.37108e-06
-1.14616e-05
-1.34993e-05
-1.54761e-05
-1.7384e-05
-1.92156e-05
-2.09634e-05
-2.26207e-05
-2.41811e-05
-2.56384e-05
-2.69871e-05
-2.82222e-05
-2.93391e-05
-3.03336e-05
-3.12024e-05
-3.19422e-05
-3.25509e-05
-3.30264e-05
-3.33674e-05
-3.35734e-05
-3.36438e-05
-3.35796e-05
-3.33813e-05
-3.30507e-05
-3.25899e-05
-3.20012e-05
-3.12882e-05
-3.04542e-05
-2.95036e-05
-2.84408e-05
-2.7271e-05
-2.59996e-05
-2.46325e-05
-2.31759e-05
-2.16364e-05
-2.00208e-05
-1.83364e-05
-1.65905e-05
-1.47906e-05
-1.29447e-05
-1.10606e-05
-9.14623e-06
-7.20987e-06
-5.25934e-06
-3.30317e-06
-1.34901e-06
5.9476e-07
2.52046e-06
4.42032e-06
6.28656e-06
8.11205e-06
9.88937e-06
1.16119e-05
1.32727e-05
1.48658e-05
1.6385e-05
1.78249e-05
1.91802e-05
2.04461e-05
2.16182e-05
2.26926e-05
2.36659e-05
2.45347e-05
2.52969e-05
2.59501e-05
2.64927e-05
2.69237e-05
2.72423e-05
2.74485e-05
2.75424e-05
2.7525e-05
2.73974e-05
2.71612e-05
2.68188e-05
2.63724e-05
2.58253e-05
2.51807e-05
2.44423e-05
2.36142e-05
2.2701e-05
2.17071e-05
2.06379e-05
1.94983e-05
1.82941e-05
1.7031e-05
1.57147e-05
1.43516e-05
1.29474e-05
1.15089e-05
1.00422e-05
8.55358e-06
7.04973e-06
5.53682e-06
4.02136e-06
2.50949e-06
1.00752e-06
-4.78582e-07
-1.94275e-06
-3.37947e-06
-4.78293e-06
-6.14796e-06
-7.46939e-06
-8.74226e-06
-9.9623e-06
-1.11248e-05
-1.2226e-05
-1.32622e-05
-1.423e-05
-1.51265e-05
-1.59488e-05
-1.66948e-05
-1.73623e-05
-1.795e-05
-1.84564e-05
-1.88808e-05
-1.92225e-05
-1.94815e-05
-1.96578e-05
-1.97522e-05
-1.97654e-05
-1.96986e-05
-1.95535e-05
-1.93316e-05
-1.90355e-05
-1.86672e-05
-1.82296e-05
-1.77256e-05
-1.71583e-05
-1.65312e-05
-1.58478e-05
-1.51119e-05
-1.43273e-05
-1.34984e-05
-1.2629e-05
-1.17237e-05
-1.07866e-05
-9.82235e-06
-8.83538e-06
-7.83002e-06
-6.81107e-06
-5.7826e-06
-4.74945e-06
-3.71572e-06
-2.6858e-06
-1.66393e-06
-6.5412e-07
3.39517e-07
1.31328e-06
2.26343e-06
3.18651e-06
4.07903e-06
4.93811e-06
5.76052e-06
6.54381e-06
7.28526e-06
7.98263e-06
8.63406e-06
9.23738e-06
9.79139e-06
1.02944e-05
1.07456e-05
1.1144e-05
1.1489e-05
1.17803e-05
1.20177e-05
1.22013e-05
1.23315e-05
1.24088e-05
1.24338e-05
1.24079e-05
1.23318e-05
1.22071e-05
1.20354e-05
1.18182e-05
1.15576e-05
1.12553e-05
1.09139e-05
1.05352e-05
1.0122e-05
9.67641e-06
9.20126e-06
8.69903e-06
8.17259e-06
7.62448e-06
7.05758e-06
6.47474e-06
5.87855e-06
5.27215e-06
4.65787e-06
4.03887e-06
3.41764e-06
2.79685e-06
2.17917e-06
1.567e-06
9.62929e-07
3.69195e-07
-2.11914e-07
-7.78324e-07
-1.3278e-06
-1.85875e-06
-2.36905e-06
-2.85735e-06
-3.32193e-06
-3.7614e-06
-4.17476e-06
-4.56056e-06
-4.91817e-06
-5.24653e-06
-5.54515e-06
-5.81342e-06
-6.05103e-06
-6.25762e-06
-6.43328e-06
-6.57791e-06
-6.69171e-06
-6.77508e-06
-6.8282e-06
-6.85202e-06
-6.84675e-06
-6.81349e-06
-6.75296e-06
-6.66614e-06
-6.55414e-06
-6.418e-06
-6.259e-06
-6.07842e-06
-5.8776e-06
-5.65779e-06
-5.42071e-06
-5.16748e-06
-4.89997e-06
-4.61939e-06
-4.32742e-06
-4.02571e-06
-3.71555e-06
-3.39875e-06
-3.07662e-06
-2.75086e-06
-2.42282e-06
-2.09405e-06
-1.76581e-06
-1.43975e-06
-1.1169e-06
-7.98736e-07
-4.86426e-07
-1.81034e-07
1.16071e-07
4.04252e-07
6.82185e-07
9.49189e-07
1.20434e-06
1.44699e-06
1.67637e-06
1.892e-06
2.09321e-06
2.27973e-06
2.45117e-06
2.60706e-06
2.74754e-06
2.87208e-06
2.981e-06
3.07402e-06
3.15134e-06
3.21314e-06
3.25957e-06
3.2909e-06
3.30748e-06
3.30971e-06
3.29796e-06
3.27286e-06
3.23463e-06
3.18427e-06
3.12198e-06
3.04863e-06
2.96482e-06
2.8712e-06
2.7686e-06
2.65761e-06
2.53903e-06
2.41363e-06
2.28222e-06
2.14533e-06
2.00408e-06
1.85885e-06
1.71073e-06
1.56021e-06
1.40806e-06
1.25515e-06
1.10195e-06
9.49278e-07
7.97674e-07
6.47864e-07
5.00315e-07
3.55751e-07
2.14419e-07
7.72032e-08
-5.57739e-08
-1.8394e-07
-3.0686e-07
-4.24335e-07
-5.35813e-07
-6.4127e-07
-7.40278e-07
-8.32703e-07
-9.18289e-07
-9.97111e-07
-1.06875e-06
-1.13346e-06
-1.19095e-06
-1.24136e-06
-1.28477e-06
-1.321e-06
-1.35045e-06
-1.373e-06
-1.38894e-06
-1.39831e-06
-1.40146e-06
-1.39841e-06
-1.38965e-06
-1.37509e-06
-1.3553e-06
-1.33047e-06
-1.30076e-06
-1.2667e-06
-1.22836e-06
-1.1863e-06
-1.14066e-06
-1.09186e-06
-1.04016e-06
-9.86076e-07
-9.29622e-07
-8.71444e-07
-8.11673e-07
-7.50679e-07
-6.88868e-07
-6.263e-07
-5.63589e-07
-5.00788e-07
-4.38274e-07
-3.76231e-07
-3.15085e-07
-2.54818e-07
-1.95942e-07
-1.38376e-07
-8.25546e-08
-2.86042e-08
2.34841e-08
7.32786e-08
1.20867e-07
1.65988e-07
2.08662e-07
2.48662e-07
2.86075e-07
3.20594e-07
3.52539e-07
3.81518e-07
4.07696e-07
4.31108e-07
4.51613e-07
4.69408e-07
4.84348e-07
4.96627e-07
5.06222e-07
5.13273e-07
5.17642e-07
5.19792e-07
5.19409e-07
5.16875e-07
5.12152e-07
5.05373e-07
4.9675e-07
4.86228e-07
4.7405e-07
4.60332e-07
4.45208e-07
4.28646e-07
4.11094e-07
3.92305e-07
3.72766e-07
3.52295e-07
3.31198e-07
3.09602e-07
2.87524e-07
2.65117e-07
2.42566e-07
2.19923e-07
1.97228e-07
1.74771e-07
1.52358e-07
1.30467e-07
1.08772e-07
8.76363e-08
6.7049e-08
4.70806e-08
2.77239e-08
9.18622e-09
-8.62003e-09
-2.55755e-08
-4.16294e-08
-5.69039e-08
-7.10327e-08
-8.44043e-08
-9.67003e-08
-1.08046e-07
-1.18345e-07
-1.27745e-07
-1.36043e-07
-1.43469e-07
-1.49802e-07
-1.55242e-07
-1.59799e-07
-1.63278e-07
-1.66016e-07
-1.67812e-07
-1.68818e-07
-1.68959e-07
-1.68431e-07
-1.67061e-07
-1.65168e-07
-1.62428e-07
-1.59237e-07
-1.55464e-07
-1.51099e-07
-1.46328e-07
-1.41111e-07
-1.35514e-07
-1.29549e-07
-1.2333e-07
-1.1677e-07
-1.10168e-07
-1.03155e-07
-9.62048e-08
-8.90804e-08
-8.19047e-08
-7.46844e-08
-6.75352e-08
-6.0368e-08
-5.33305e-08
-4.63495e-08
-3.94898e-08
-3.29121e-08
-2.63034e-08
-2.00736e-08
-1.3979e-08
-8.16278e-09
-2.52482e-09
2.735e-09
7.84425e-09
1.25241e-08
1.70601e-08
2.12071e-08
2.50102e-08
2.86298e-08
3.18451e-08
3.47716e-08
3.73877e-08
3.97543e-08
4.1717e-08
4.35255e-08
4.48632e-08
4.61346e-08
4.69769e-08
4.75994e-08
4.7998e-08
4.81727e-08
4.80301e-08
4.77648e-08
4.7263e-08
4.65429e-08
4.57231e-08
4.45954e-08
4.35052e-08
4.21275e-08
4.06792e-08
3.91022e-08
3.75153e-08
3.56645e-08
3.393e-08
3.20032e-08
3.01025e-08
2.81386e-08
2.61121e-08
2.41526e-08
2.21382e-08
2.0103e-08
1.81144e-08
1.62178e-08
1.41688e-08
1.23662e-08
1.04473e-08
8.69852e-09
6.91285e-09
5.24984e-09
3.61486e-09
2.13104e-09
5.70879e-10
-7.66995e-10
-2.05387e-09
-3.3548e-09
-4.4481e-09
-5.53558e-09
-6.49235e-09
-7.41848e-09
-8.19498e-09
-8.96983e-09
-9.52159e-09
-1.02102e-08
-1.06011e-08
-1.10292e-08
-1.13779e-08
-1.16517e-08
-1.1789e-08
-1.19678e-08
-1.2004e-08
-1.20087e-08
-1.19721e-08
-1.18048e-08
-1.17376e-08
-1.14626e-08
-1.123e-08
-1.09482e-08
-1.06716e-08
-1.02123e-08
-9.94355e-09
-9.46157e-09
-9.07632e-09
-8.59932e-09
-8.15098e-09
-7.68192e-09
-7.20788e-09
-6.67145e-09
-6.23101e-09
-5.74731e-09
-5.17168e-09
-4.78188e-09
-4.24488e-09
-3.79162e-09
-3.2986e-09
-2.89706e-09
-2.39664e-09
-2.04416e-09
-1.53702e-09
-1.24319e-09
-8.19555e-10
-4.4605e-10
-1.32772e-10
1.58604e-10
5.2371e-10
7.5993e-10
1.00161e-09
1.29005e-09
1.45088e-09
1.70848e-09
1.82033e-09
2.02259e-09
2.14668e-09
2.28847e-09
2.30711e-09
2.52069e-09
2.48127e-09
2.56637e-09
2.60652e-09
2.63839e-09
2.60177e-09
2.6398e-09
2.58868e-09
2.58104e-09
2.53488e-09
2.44138e-09
2.46568e-09
2.32651e-09
2.26443e-09
2.19643e-09
2.13985e-09
1.94846e-09
1.97059e-09
1.78729e-09
1.73242e-09
1.58949e-09
1.52126e-09
1.3857e-09
1.31502e-09
1.14358e-09
1.11493e-09
9.82403e-10
8.34373e-10
8.06429e-10
6.81533e-10
5.6479e-10
4.87339e-10
4.39333e-10
2.76388e-10
2.77973e-10
1.26011e-10
1.28328e-10
8.60195e-13
-3.4906e-11
-1.14385e-10
-1.06742e-10
-2.70212e-10
-2.14583e-10
-2.86042e-10
-3.53957e-10
-3.66925e-10
-3.70009e-10
-4.41008e-10
-4.43924e-10
-4.47755e-10
-4.94827e-10
-4.56776e-10
-5.37729e-10
-4.6988e-10
-5.07449e-10
-5.05666e-10
-5.29559e-10
-4.27844e-10
-5.54232e-10
-4.50391e-10
-4.65665e-10
-4.49744e-10
-4.70601e-10
-3.87162e-10
-4.37157e-10
-3.7259e-10
-3.87924e-10
-3.539e-10
-3.13627e-10
-3.40851e-10
-2.94669e-10
-2.52153e-10
-2.62731e-10
-2.72294e-10
-1.5057e-10
-2.41439e-10
-1.65194e-10
-1.58659e-10
-1.16186e-10
-1.63997e-10
-5.95221e-11
-1.25509e-10
-3.37135e-11
-8.87648e-11
-2.91839e-11
-2.44406e-11
-7.56299e-12
-4.31021e-11
5.60751e-11
3.01439e-12
-2.07954e-12
7.33074e-11
3.71462e-11
3.20443e-11
6.67361e-11
8.34301e-11
3.08966e-11
1.07027e-10
4.40514e-11
1.12276e-10
5.25867e-11
9.62301e-11
7.17328e-11
1.21587e-10
1.93781e-11
1.42235e-10
6.65508e-11
6.93686e-11
7.92895e-11
1.19358e-10
2.31186e-11
1.03184e-10
7.76763e-11
5.52373e-11
7.0136e-11
6.70205e-11
6.09636e-11
5.55248e-11
5.35433e-11
4.10473e-11
8.32802e-11
-8.28027e-12
7.53361e-11
3.71038e-11
2.69963e-11
3.27146e-12
9.4562e-11
-4.13488e-11
5.04196e-11
1.89548e-11
2.48373e-11
-2.29559e-11
5.91491e-11
-2.82442e-11
2.93162e-11
-1.36955e-11
1.50883e-11
-1.01143e-12
-3.03059e-12
-1.69966e-11
2.72509e-11
-2.53243e-11
-2.62495e-11
3.85464e-11
-3.84254e-11
-1.91772e-11
1.17688e-11
-7.04169e-13
-6.23974e-11
4.59522e-11
-4.28095e-11
-4.51499e-12
-2.48102e-11
1.89696e-11
-5.32865e-11
2.65914e-11
-5.07429e-11
2.79686e-11
-4.23223e-11
1.04924e-13
-1.73571e-11
1.73608e-11
-6.497e-11
3.86241e-11
-1.79203e-11
-3.31664e-11
3.8673e-12
1.92749e-11
-5.319e-11
1.15997e-11
1.63325e-11
-4.21319e-11
9.25276e-12
2.00917e-12
-9.40965e-12
-1.81797e-11
2.2322e-11
-3.11163e-11
2.69746e-11
-3.73679e-11
2.80418e-11
-1.66222e-11
7.37474e-12
-3.04512e-11
5.83323e-11
-6.27435e-11
2.8602e-11
4.49269e-12
2.41832e-12
-4.27424e-11
7.04881e-11
-4.97518e-11
7.94664e-12
1.30486e-11
1.05652e-11
-3.88842e-11
4.48221e-11
-1.83764e-11
-4.96171e-13
5.51472e-12
5.27234e-12
-4.05323e-12
4.52542e-12
-2.96366e-12
7.76164e-12
7.07883e-12
-2.6185e-11
3.81299e-11
-1.58463e-11
-8.15233e-12
9.06217e-12
3.03025e-11
-6.10303e-11
5.51289e-11
-1.18369e-11
-1.04727e-11
-9.16122e-12
5.47951e-11
-6.89662e-11
4.41407e-11
-7.08746e-12
4.11185e-12
-2.87359e-11
5.29739e-11
-4.82907e-11
3.00106e-11
-1.74869e-11
2.05794e-11
-2.40193e-11
2.39068e-11
-2.43097e-11
3.11121e-11
-3.12105e-11
1.53378e-11
6.25369e-12
-7.27241e-12
-1.72019e-11
3.89384e-11
-2.63442e-11
-1.36348e-11
3.80927e-11
-1.92007e-11
-2.11631e-11
3.28948e-11
4.924e-13
-4.40619e-11
4.95558e-11
-1.54736e-11
-1.63539e-11
7.58956e-12
2.93069e-11
-5.38207e-11
4.22032e-11
-1.55437e-11
5.17677e-12
-2.00133e-11
3.81156e-11
-4.24704e-11
3.49195e-11
-3.02536e-11
3.00274e-11
-2.8628e-11
2.43387e-11
-2.80088e-11
4.11978e-11
-5.02011e-11
3.80099e-11
-1.3635e-11
4.52264e-12
-2.62208e-11
5.5641e-11
-5.67272e-11
2.24155e-11
1.03326e-11
-3.89844e-12
-3.56848e-11
6.13437e-11
-4.10956e-11
-4.64807e-12
2.48139e-11
1.45183e-12
-4.16339e-11
4.76119e-11
-1.23345e-11
-2.45584e-11
2.38859e-11
8.3107e-12
-3.17227e-11
1.98801e-11
1.17084e-11
-2.83137e-11
1.68892e-11
3.21399e-12
-7.56369e-12
-5.7153e-12
1.95823e-11
-2.20289e-11
1.77153e-11
-1.60189e-11
1.72513e-11
-1.60347e-11
1.4017e-11
-1.92462e-11
3.20671e-11
-3.90057e-11
2.87269e-11
-1.03696e-11
7.3888e-12
-2.86877e-11
5.3308e-11
-5.17874e-11
2.2829e-11
9.44875e-13
1.0697e-11
-4.77847e-11
6.85201e-11
-4.73478e-11
7.04199e-12
5.65658e-12
2.54999e-11
-6.56963e-11
6.83797e-11
-2.96607e-11
-6.38454e-12
-1.55301e-12
4.39926e-11
-7.18155e-11
5.31021e-11
-9.66158e-12
-9.16979e-12
-1.6561e-11
5.55272e-11
-6.28024e-11
3.11313e-11
2.60561e-12
-1.55688e-12
-2.99578e-11
5.39309e-11
-4.38167e-11
1.28937e-11
3.82841e-12
9.35481e-12
-3.38149e-11
4.07799e-11
-2.43202e-11
4.4868e-12
-1.91064e-12
1.51422e-11
-2.63519e-11
2.3469e-11
-1.21068e-11
5.07012e-12
-6.897e-12
1.13131e-11
-1.21683e-11
1.028e-11
-9.36838e-12
8.64871e-12
-4.881e-12
-6.15553e-13
1.11767e-12
5.8559e-12
-1.25273e-11
8.2963e-12
5.59527e-12
-1.46891e-11
7.26641e-12
9.38652e-12
-1.50926e-11
6.25282e-14
2.09807e-11
-2.41005e-11
4.34004e-12
1.58437e-11
-1.1426e-11
-1.53294e-11
3.50322e-11
-2.45915e-11
-4.92758e-12
1.89813e-11
5.85436e-13
-3.33029e-11
4.20061e-11
-1.61093e-11
-1.49421e-11
1.4352e-11
1.89125e-11
-4.78297e-11
3.90994e-11
-2.37869e-12
-1.99471e-11
1.01986e-12
3.86243e-11
-5.40374e-11
2.7293e-11
1.09522e-11
-1.63069e-11
-1.841e-11
5.40478e-11
-4.99346e-11
1.06283e-11
1.85622e-11
-3.61968e-12
-3.90521e-11
6.08314e-11
-3.68381e-11
-5.44452e-12
1.72012e-11
1.5464e-11
-5.55545e-11
5.72213e-11
-1.8645e-11
-1.58976e-11
6.49248e-12
3.63303e-11
-6.37467e-11
4.43577e-11
-4.95826e-13
-1.75023e-11
-1.12268e-11
5.38645e-11
-6.16935e-11
2.57284e-11
1.27116e-11
-9.55342e-12
-3.17232e-11
6.38203e-11
-5.00398e-11
6.13038e-12
1.75249e-11
6.13021e-12
-5.00396e-11
6.38203e-11
-3.17234e-11
-9.55316e-12
1.27113e-11
2.57284e-11
-6.16933e-11
5.3864e-11
-1.12264e-11
-1.75024e-11
-4.96214e-13
4.43582e-11
-6.37471e-11
3.63303e-11
6.49269e-12
-1.58978e-11
-1.86448e-11
5.72211e-11
-5.55543e-11
1.54641e-11
1.72008e-11
-5.44408e-12
-3.68382e-11
6.08312e-11
-3.90518e-11
-3.61974e-12
1.8562e-11
1.06284e-11
-4.99345e-11
5.40476e-11
-1.841e-11
-1.63068e-11
1.0952e-11
2.72931e-11
-5.40373e-11
3.86243e-11
1.01977e-12
-1.99469e-11
-2.37872e-12
3.90991e-11
-4.78291e-11
1.89121e-11
1.43518e-11
-1.49412e-11
-1.61102e-11
4.20063e-11
-3.33022e-11
5.84397e-13
1.89818e-11
-4.92717e-12
-2.45922e-11
3.50325e-11
-1.53291e-11
-1.14264e-11
1.58436e-11
4.34049e-12
-2.41007e-11
2.09805e-11
6.29902e-14
-1.50929e-11
9.38641e-12
7.26674e-12
-1.46894e-11
5.59537e-12
8.29646e-12
-1.25277e-11
5.85628e-12
1.1176e-12
-6.15998e-13
-4.88043e-12
8.64839e-12
-9.3686e-12
1.02804e-11
-1.21687e-11
1.13132e-11
-6.89711e-12
5.07001e-12
-1.21066e-11
2.34684e-11
-2.63516e-11
1.51424e-11
-1.91145e-12
4.48727e-12
-2.43202e-11
4.07792e-11
-3.38145e-11
9.3548e-12
3.82789e-12
1.28938e-11
-4.38168e-11
5.39307e-11
-2.9958e-11
-1.55679e-12
2.60566e-12
3.11307e-11
-6.28021e-11
5.55272e-11
-1.65617e-11
-9.16924e-12
-9.66197e-12
5.31018e-11
-7.18151e-11
4.39921e-11
-1.55294e-12
-6.38452e-12
-2.96609e-11
6.83798e-11
-6.56964e-11
2.55001e-11
5.65645e-12
7.04195e-12
-4.73474e-11
6.85197e-11
-4.77845e-11
1.06974e-11
9.44514e-13
2.28295e-11
-5.17871e-11
5.33078e-11
-2.8687e-11
7.38882e-12
-1.03691e-11
2.87274e-11
-3.90057e-11
3.20681e-11
-1.92461e-11
1.40176e-11
-1.60337e-11
1.72514e-11
-1.60178e-11
1.77161e-11
-2.20283e-11
1.95834e-11
-5.7145e-12
-7.56267e-12
3.21491e-12
1.68903e-11
-2.83126e-11
1.17094e-11
1.98813e-11
-3.17215e-11
8.31191e-12
2.38869e-11
-2.4557e-11
-1.23333e-11
4.76129e-11
-4.16326e-11
1.45304e-12
2.48149e-11
-4.64706e-12
-4.10944e-11
6.13445e-11
-3.5684e-11
-3.89731e-12
1.03329e-11
2.24163e-11
-5.67268e-11
5.56409e-11
-2.622e-11
4.52202e-12
-1.36354e-11
3.80102e-11
-5.02025e-11
4.11969e-11
-2.80094e-11
2.43367e-11
-2.86298e-11
3.00258e-11
-3.02564e-11
3.49167e-11
-4.24733e-11
3.81119e-11
-2.0017e-11
5.17232e-12
-1.55483e-11
4.21981e-11
-5.38265e-11
2.93014e-11
7.58293e-12
-1.63608e-11
-1.54804e-11
4.95479e-11
-4.40699e-11
4.84227e-13
3.2886e-11
-2.11725e-11
-1.92099e-11
3.8083e-11
-1.36451e-11
-2.63542e-11
3.8928e-11
-1.72127e-11
-7.283e-12
6.24325e-12
1.53267e-11
-3.12208e-11
3.1102e-11
-2.43206e-11
2.38976e-11
-2.40286e-11
2.05699e-11
-1.74944e-11
3.00029e-11
-4.82977e-11
5.29686e-11
-2.87407e-11
4.10836e-12
-7.08977e-12
4.41401e-11
-6.89652e-11
5.47971e-11
-9.1564e-12
-1.04666e-11
-1.18288e-11
5.51402e-11
-6.10179e-11
3.03182e-11
9.08056e-12
-8.13204e-12
-1.58223e-11
3.81564e-11
-2.61554e-11
7.11145e-12
7.79761e-12
-2.92439e-12
4.56755e-12
-4.00714e-12
5.32134e-12
5.56696e-12
-4.40172e-13
-1.83175e-11
4.48841e-11
-3.88188e-11
1.06335e-11
1.31193e-11
8.02033e-12
-4.96755e-11
7.05658e-11
-4.26623e-11
2.50074e-12
4.57433e-12
2.86863e-11
-6.26587e-11
5.84149e-11
-3.03665e-11
7.45719e-12
-1.6542e-11
2.81211e-11
-3.72925e-11
2.70469e-11
-3.10483e-11
2.23848e-11
-1.81227e-11
-9.35895e-12
2.05204e-12
9.28731e-12
-4.21061e-11
1.63476e-11
1.16043e-11
-5.31977e-11
1.92546e-11
3.83315e-12
-3.32154e-11
-1.79845e-11
3.85428e-11
-6.50681e-11
1.7244e-11
-1.74929e-11
-5.03641e-14
-4.24983e-11
2.77717e-11
-5.0962e-11
2.63508e-11
-5.355e-11
1.86827e-11
-2.5119e-11
-4.8477e-12
-4.31654e-11
4.55741e-11
-6.27985e-11
-1.12723e-12
1.13242e-11
-1.96422e-11
-3.89099e-11
3.80432e-11
-2.67694e-11
-2.58593e-11
2.67021e-11
-1.75566e-11
-3.59985e-12
-1.5879e-12
1.45085e-11
-1.42765e-11
2.87368e-11
-2.88173e-11
5.85852e-11
-2.35073e-11
2.43033e-11
1.84431e-11
4.99329e-11
-4.18044e-11
9.41426e-11
2.89216e-12
2.66633e-11
3.68219e-11
7.51118e-11
-8.44294e-12
8.31856e-11
4.10275e-11
5.36016e-11
5.56691e-11
6.11989e-11
6.73515e-11
7.05695e-11
5.57779e-11
7.83284e-11
1.03953e-10
2.40099e-11
1.20374e-10
8.04358e-11
7.06477e-11
6.79655e-11
1.43787e-10
2.10705e-11
1.23421e-10
7.37067e-11
9.83451e-11
5.48419e-11
1.14668e-10
4.6578e-11
1.09684e-10
3.36802e-11
8.63328e-11
6.97521e-11
3.51644e-11
4.03614e-11
7.66081e-11
1.29258e-12
6.44703e-12
5.95536e-11
-3.95945e-11
-4.0418e-12
-2.09246e-11
-2.56922e-11
-8.53183e-11
-3.03339e-11
-1.22219e-10
-5.63465e-11
-1.6096e-10
-1.13316e-10
-1.55981e-10
-1.62737e-10
-2.39232e-10
-1.48643e-10
-2.70676e-10
-2.61453e-10
-2.51246e-10
-2.94164e-10
-3.40778e-10
-3.14017e-10
-3.54786e-10
-3.89331e-10
-3.74551e-10
-4.39698e-10
-3.90312e-10
-4.74384e-10
-4.54183e-10
-4.70784e-10
-4.56207e-10
-5.60765e-10
-4.35109e-10
-5.37567e-10
-5.14424e-10
-5.16964e-10
-4.80153e-10
-5.48757e-10
-4.68554e-10
-5.07342e-10
-4.60993e-10
-4.57864e-10
-4.55622e-10
-3.85269e-10
-3.82794e-10
-3.70389e-10
-3.02993e-10
-2.32e-10
-2.8803e-10
-1.24899e-10
-1.32807e-10
-5.35144e-11
-1.78504e-11
1.09605e-10
1.07374e-10
2.59525e-10
2.58237e-10
4.21593e-10
4.70129e-10
5.48235e-10
6.65761e-10
7.91574e-10
8.20572e-10
9.69796e-10
1.10366e-09
1.13379e-09
1.30687e-09
1.37932e-09
1.5168e-09
1.58711e-09
1.73226e-09
1.78949e-09
1.97529e-09
1.95581e-09
2.14997e-09
2.20946e-09
2.28047e-09
2.34568e-09
2.48808e-09
2.4671e-09
2.56399e-09
2.61362e-09
2.62477e-09
2.67945e-09
2.645e-09
2.6852e-09
2.6569e-09
2.62028e-09
2.53867e-09
2.5815e-09
2.37124e-09
2.35579e-09
2.21705e-09
2.09584e-09
1.89628e-09
1.7869e-09
1.53152e-09
1.37266e-09
1.08587e-09
8.45538e-10
6.10306e-10
2.45814e-10
-4.53498e-11
-3.58843e-10
-7.33015e-10
-1.15779e-09
-1.45326e-09
-1.96256e-09
-2.31774e-09
-2.82141e-09
-3.22679e-09
-3.72423e-09
-4.1825e-09
-4.72514e-09
-5.12119e-09
-5.7037e-09
-6.19491e-09
-6.64347e-09
-7.18865e-09
-7.67204e-09
-8.15107e-09
-8.60996e-09
-9.09807e-09
-9.49498e-09
-9.98913e-09
-1.02705e-08
-1.0743e-08
-1.10331e-08
-1.13287e-08
-1.15755e-08
-1.1865e-08
-1.19469e-08
-1.21291e-08
-1.21805e-08
-1.21907e-08
-1.21694e-08
-1.20052e-08
-1.18824e-08
-1.16227e-08
-1.12879e-08
-1.0873e-08
-1.04948e-08
-9.81823e-09
-9.27771e-09
-8.51324e-09
-7.74614e-09
-6.82833e-09
-5.87872e-09
-4.79711e-09
-3.70832e-09
-2.41042e-09
-1.12501e-09
2.13055e-10
1.77517e-09
3.26276e-09
4.90344e-09
6.57414e-09
8.36957e-09
1.01303e-08
1.20632e-08
1.38821e-08
1.59496e-08
1.78672e-08
1.9879e-08
2.19397e-08
2.39819e-08
2.59716e-08
2.80306e-08
3.00293e-08
3.19669e-08
3.39328e-08
3.57086e-08
3.76025e-08
3.92344e-08
4.08582e-08
4.23548e-08
4.37823e-08
4.49237e-08
4.61036e-08
4.69767e-08
4.77506e-08
4.83067e-08
4.86267e-08
4.88238e-08
4.87035e-08
4.83586e-08
4.7789e-08
4.69985e-08
4.57774e-08
4.44883e-08
4.27263e-08
4.08076e-08
3.84823e-08
3.59045e-08
3.30128e-08
2.98286e-08
2.62359e-08
2.24553e-08
1.83261e-08
1.38027e-08
9.13015e-09
4.02247e-09
-1.24176e-09
-6.89039e-09
-1.27238e-08
-1.88423e-08
-2.5103e-08
-3.17498e-08
-3.83728e-08
-4.52854e-08
-5.23268e-08
-5.94323e-08
-6.66753e-08
-7.3908e-08
-8.12193e-08
-8.84937e-08
-9.57244e-08
-1.02788e-07
-1.09922e-07
-1.16651e-07
-1.23346e-07
-1.29705e-07
-1.35817e-07
-1.41566e-07
-1.46941e-07
-1.51874e-07
-1.56404e-07
-1.60347e-07
-1.6371e-07
-1.66624e-07
-1.68692e-07
-1.70238e-07
-1.70942e-07
-1.70977e-07
-1.70143e-07
-1.68517e-07
-1.65946e-07
-1.62629e-07
-1.58229e-07
-1.52938e-07
-1.46748e-07
-1.39455e-07
-1.31281e-07
-1.21994e-07
-1.11797e-07
-1.0054e-07
-8.83197e-08
-7.50089e-08
-6.09254e-08
-4.56798e-08
-2.96376e-08
-1.26757e-08
5.15573e-09
2.37382e-08
4.31597e-08
6.32137e-08
8.39077e-08
1.05172e-07
1.27017e-07
1.49082e-07
1.71689e-07
1.94363e-07
2.17299e-07
2.40204e-07
2.63039e-07
2.85751e-07
3.08156e-07
3.30099e-07
3.51563e-07
3.7242e-07
3.92362e-07
4.11572e-07
4.2956e-07
4.46571e-07
4.62158e-07
4.76349e-07
4.8901e-07
5.00022e-07
5.09142e-07
5.1642e-07
5.21644e-07
5.24678e-07
5.25558e-07
5.23899e-07
5.20012e-07
5.13434e-07
5.04297e-07
4.92461e-07
4.77947e-07
4.60555e-07
4.40429e-07
4.17371e-07
3.91516e-07
3.6283e-07
3.31142e-07
2.96844e-07
2.59613e-07
2.19753e-07
1.77175e-07
1.32104e-07
8.45175e-08
3.46751e-08
-1.75127e-08
-7.16157e-08
-1.27644e-07
-1.85473e-07
-2.44667e-07
-3.05311e-07
-3.6689e-07
-4.29425e-07
-4.92488e-07
-5.55896e-07
-6.1927e-07
-6.82557e-07
-7.45142e-07
-8.06963e-07
-8.67613e-07
-9.2672e-07
-9.84148e-07
-1.03925e-06
-1.09202e-06
-1.14191e-06
-1.18869e-06
-1.23191e-06
-1.27144e-06
-1.30671e-06
-1.33766e-06
-1.36373e-06
-1.38477e-06
-1.40058e-06
-1.41059e-06
-1.41488e-06
-1.41296e-06
-1.40479e-06
-1.39003e-06
-1.36862e-06
-1.34028e-06
-1.30512e-06
-1.26271e-06
-1.21325e-06
-1.15665e-06
-1.09276e-06
-1.02185e-06
-9.43686e-07
-8.58668e-07
-7.66718e-07
-6.68085e-07
-5.62899e-07
-4.51584e-07
-3.3416e-07
-2.11174e-07
-8.28211e-08
5.04658e-08
1.88118e-07
3.30014e-07
4.75271e-07
6.23645e-07
7.74412e-07
9.27103e-07
1.081e-06
1.23555e-06
1.38993e-06
1.54368e-06
1.69593e-06
1.84589e-06
1.99308e-06
2.1364e-06
2.27545e-06
2.40913e-06
2.53689e-06
2.65791e-06
2.77142e-06
2.8766e-06
2.97285e-06
3.05935e-06
3.13542e-06
3.20045e-06
3.25357e-06
3.29456e-06
3.32241e-06
3.3369e-06
3.33737e-06
3.32343e-06
3.29469e-06
3.25077e-06
3.1914e-06
3.11641e-06
3.02561e-06
2.91878e-06
2.7962e-06
2.65752e-06
2.50328e-06
2.3333e-06
2.14806e-06
1.94793e-06
1.73319e-06
1.50446e-06
1.26225e-06
1.0073e-06
7.4026e-07
4.62041e-07
1.73322e-07
-1.24578e-07
-4.31028e-07
-7.44657e-07
-1.06441e-06
-1.38911e-06
-1.71728e-06
-2.0479e-06
-2.37931e-06
-2.71023e-06
-3.03914e-06
-3.36464e-06
-3.68506e-06
-3.99905e-06
-4.30481e-06
-4.60103e-06
-4.88605e-06
-5.15817e-06
-5.41617e-06
-5.65816e-06
-5.883e-06
-6.08897e-06
-6.27478e-06
-6.43907e-06
-6.58055e-06
-6.69791e-06
-6.79008e-06
-6.85596e-06
-6.89451e-06
-6.905e-06
-6.88631e-06
-6.83819e-06
-6.75969e-06
-6.65059e-06
-6.51048e-06
-6.33911e-06
-6.13658e-06
-5.90277e-06
-5.638e-06
-5.34259e-06
-5.01712e-06
-4.66205e-06
-4.27842e-06
-3.86685e-06
-3.42878e-06
-2.96518e-06
-2.47743e-06
-1.96725e-06
-1.43596e-06
-8.85698e-07
-3.18034e-07
2.64797e-07
8.60725e-07
1.46747e-06
2.08277e-06
2.70405e-06
3.32891e-06
3.95467e-06
4.57864e-06
5.19831e-06
5.81054e-06
6.41296e-06
7.00241e-06
7.5763e-06
8.13173e-06
8.66582e-06
9.17598e-06
9.65934e-06
1.01133e-05
1.05352e-05
1.09227e-05
1.12731e-05
1.15845e-05
1.18542e-05
1.20805e-05
1.22615e-05
1.23952e-05
1.24804e-05
1.25152e-05
1.24989e-05
1.24302e-05
1.23083e-05
1.21327e-05
1.1903e-05
1.1619e-05
1.1281e-05
1.0889e-05
1.04439e-05
9.94635e-06
9.39732e-06
8.79842e-06
8.15081e-06
7.45664e-06
6.71775e-06
5.93634e-06
5.11513e-06
4.25655e-06
3.3638e-06
2.43978e-06
1.48794e-06
5.11743e-07
-4.85069e-07
-1.4988e-06
-2.52532e-06
-3.56063e-06
-4.60047e-06
-5.64044e-06
-6.67642e-06
-7.70354e-06
-8.71772e-06
-9.71413e-06
-1.06884e-05
-1.16361e-05
-1.25525e-05
-1.34334e-05
-1.42745e-05
-1.50714e-05
-1.58201e-05
-1.65166e-05
-1.7157e-05
-1.77379e-05
-1.82555e-05
-1.87069e-05
-1.9089e-05
-1.93989e-05
-1.96345e-05
-1.97931e-05
-1.98734e-05
-1.98733e-05
-1.97917e-05
-1.96278e-05
-1.93808e-05
-1.90507e-05
-1.86373e-05
-1.81413e-05
-1.75634e-05
-1.69049e-05
-1.61673e-05
-1.53526e-05
-1.44629e-05
-1.35009e-05
-1.24698e-05
-1.13726e-05
-1.02133e-05
-8.99538e-06
-7.72367e-06
-6.40238e-06
-5.03647e-06
-3.6311e-06
-2.19143e-06
-7.23268e-07
7.67853e-07
2.27587e-06
3.79479e-06
5.3183e-06
6.84022e-06
8.35402e-06
9.85347e-06
1.1332e-05
1.27831e-05
1.42006e-05
1.55778e-05
1.69089e-05
1.81875e-05
1.94077e-05
2.05638e-05
2.165e-05
2.26613e-05
2.35922e-05
2.44383e-05
2.51948e-05
2.58578e-05
2.64232e-05
2.68878e-05
2.72484e-05
2.75025e-05
2.76478e-05
2.76826e-05
2.76056e-05
2.74158e-05
2.71132e-05
2.66973e-05
2.61693e-05
2.55299e-05
2.47807e-05
2.39239e-05
2.29617e-05
2.18975e-05
2.07345e-05
1.94766e-05
1.81281e-05
1.66939e-05
1.51792e-05
1.35894e-05
1.19306e-05
1.02089e-05
8.43107e-06
6.60381e-06
4.73451e-06
2.83031e-06
8.99019e-07
-1.0516e-06
-3.01383e-06
-4.97927e-06
-6.94025e-06
-8.88819e-06
-1.08152e-05
-1.27131e-05
-1.45737e-05
-1.63892e-05
-1.81516e-05
-1.98534e-05
-2.14871e-05
-2.30454e-05
-2.45214e-05
-2.59084e-05
-2.72001e-05
-2.83907e-05
-2.94745e-05
-3.04463e-05
-3.13017e-05
-3.2036e-05
-3.2646e-05
-3.3128e-05
-3.34795e-05
-3.36984e-05
-3.37828e-05
-3.3732e-05
-3.35451e-05
-3.32226e-05
-3.27648e-05
-3.21731e-05
-3.14494e-05
-3.05957e-05
-2.96153e-05
-2.85115e-05
-2.72883e-05
-2.59503e-05
-2.45025e-05
-2.29504e-05
-2.13001e-05
-1.95579e-05
-1.77306e-05
-1.58256e-05
-1.38503e-05
-1.18128e-05
-9.72098e-06
-7.58359e-06
-5.40911e-06
-3.20638e-06
-9.84595e-07
1.24753e-06
3.48039e-06
5.70517e-06
7.91245e-06
1.00932e-05
1.22384e-05
1.43391e-05
1.63866e-05
1.83723e-05
2.02881e-05
2.21257e-05
2.38777e-05
2.55366e-05
2.70956e-05
2.85479e-05
2.98876e-05
3.11091e-05
3.22071e-05
3.31771e-05
3.40149e-05
3.47171e-05
3.52807e-05
3.57032e-05
3.5983e-05
3.61187e-05
3.611e-05
3.59566e-05
3.56594e-05
3.52196e-05
3.46389e-05
3.392e-05
3.30656e-05
3.20796e-05
3.09659e-05
2.97293e-05
2.8375e-05
2.69086e-05
2.53364e-05
2.36648e-05
2.19009e-05
2.00521e-05
1.81261e-05
1.61308e-05
1.40748e-05
1.19664e-05
9.8144e-06
7.62788e-06
5.41568e-06
3.18722e-06
9.51327e-07
-1.28247e-06
-3.50519e-06
-5.70774e-06
-7.88094e-06
-1.00163e-05
-1.21048e-05
-1.41383e-05
-1.61085e-05
-1.80074e-05
-1.98278e-05
-2.15621e-05
-2.32039e-05
-2.47464e-05
-2.6184e-05
-2.7511e-05
-2.87225e-05
-2.9814e-05
-3.07814e-05
-3.16215e-05
-3.23313e-05
-3.29085e-05
-3.33513e-05
-3.36587e-05
-3.38299e-05
-3.3865e-05
-3.37645e-05
-3.35295e-05
-3.31618e-05
-3.26634e-05
-3.20375e-05
-3.12869e-05
-3.04156e-05
-2.94281e-05
-2.83287e-05
-2.71231e-05
-2.58164e-05
-2.44149e-05
-2.2925e-05
-2.13531e-05
-1.97066e-05
-1.79924e-05
-1.62182e-05
-1.43916e-05
-1.25205e-05
-1.0613e-05
-8.67695e-06
-6.72083e-06
-4.75249e-06
-2.7804e-06
-8.12484e-07
1.14315e-06
3.07849e-06
4.98589e-06
6.85757e-06
8.68631e-06
1.04648e-05
1.21863e-05
1.38441e-05
1.5432e-05
1.6944e-05
1.83747e-05
1.97188e-05
2.09716e-05
2.21289e-05
2.31867e-05
2.41416e-05
2.49906e-05
2.57313e-05
2.63617e-05
2.68801e-05
2.72859e-05
2.7578e-05
2.77568e-05
2.78224e-05
2.77758e-05
2.76186e-05
2.73521e-05
2.69791e-05
2.65017e-05
2.59235e-05
2.52478e-05
2.44782e-05
2.36194e-05
2.26754e-05
2.16515e-05
2.05525e-05
1.9384e-05
1.81516e-05
1.68609e-05
1.55182e-05
1.41294e-05
1.2701e-05
1.12392e-05
9.7505e-06
8.2414e-06
6.71822e-06
5.18761e-06
3.65581e-06
2.12922e-06
6.14072e-07
-8.83572e-07
-2.35772e-06
-3.80266e-06
-5.21277e-06
-6.58276e-06
-7.90744e-06
-9.18206e-06
-1.04019e-05
-1.15629e-05
-1.2661e-05
-1.36924e-05
-1.4654e-05
-1.55426e-05
-1.63558e-05
-1.70912e-05
-1.7747e-05
-1.83215e-05
-1.88136e-05
-1.92227e-05
-1.95479e-05
-1.97896e-05
-1.99477e-05
-2.00229e-05
-2.00165e-05
-1.99292e-05
-1.97632e-05
-1.952e-05
-1.9202e-05
-1.88118e-05
-1.83518e-05
-1.78256e-05
-1.72359e-05
-1.65866e-05
-1.5881e-05
-1.51231e-05
-1.43172e-05
-1.34668e-05
-1.25769e-05
-1.16512e-05
-1.06946e-05
-9.71144e-06
-8.70611e-06
-7.68349e-06
-6.64772e-06
-5.6037e-06
-4.55566e-06
-3.50807e-06
-2.4654e-06
-1.43162e-06
-4.11187e-07
5.92209e-07
1.5745e-06
2.53208e-06
3.46151e-06
4.35924e-06
5.22239e-06
6.04778e-06
6.83288e-06
7.57512e-06
8.2722e-06
8.92219e-06
9.52315e-06
1.00737e-05
1.05724e-05
1.10182e-05
1.14104e-05
1.17483e-05
1.20317e-05
1.22604e-05
1.24347e-05
1.25548e-05
1.26213e-05
1.26352e-05
1.25974e-05
1.25091e-05
1.23718e-05
1.2187e-05
1.19566e-05
1.16824e-05
1.13665e-05
1.10112e-05
1.06187e-05
1.01914e-05
9.73205e-06
9.24304e-06
8.72723e-06
8.18724e-06
7.62591e-06
7.04609e-06
6.4505e-06
5.84216e-06
5.22371e-06
4.59813e-06
3.9681e-06
3.33635e-06
2.70569e-06
2.07852e-06
1.45765e-06
8.45298e-07
2.43962e-07
-3.44086e-07
-9.16827e-07
-1.47198e-06
-2.00792e-06
-2.5226e-06
-3.01453e-06
-3.48217e-06
-3.92399e-06
-4.33904e-06
-4.7259e-06
-5.08392e-06
-5.41213e-06
-5.70989e-06
-5.97685e-06
-6.21237e-06
-6.4166e-06
-6.58913e-06
-6.73024e-06
-6.8401e-06
-6.91887e-06
-6.96731e-06
-6.98564e-06
-6.97488e-06
-6.93561e-06
-6.86876e-06
-6.77549e-06
-6.65657e-06
-6.51355e-06
-6.34733e-06
-6.15942e-06
-5.95117e-06
-5.72384e-06
-5.4792e-06
-5.21838e-06
-4.94326e-06
-4.65516e-06
-4.35569e-06
-4.04658e-06
-3.7291e-06
-3.40294e-06
-3.01929e-06
-2.47155e-06
-1.69226e-06
-8.23743e-07
-2.22116e-07
-2.16798e-08
8.68273e-10
0
