0
2.52436e-16
3.59935e-15
2.39216e-14
4.00279e-14
2.30477e-13
2.28631e-13
-4.58749e-12
1.72083e-11
-3.37239e-11
4.52159e-11
-4.82162e-11
4.32725e-11
-3.28026e-11
2.0512e-11
-1.11497e-11
8.18453e-12
-1.19438e-11
1.94822e-11
-2.75962e-11
3.48111e-11
-4.11368e-11
4.55046e-11
-4.53404e-11
3.80853e-11
-2.36814e-11
4.45224e-12
1.59248e-11
-3.36881e-11
4.49532e-11
-4.70247e-11
4.00588e-11
-2.82155e-11
1.72451e-11
-1.11942e-11
1.04058e-11
-1.33655e-11
1.88019e-11
-2.64542e-11
3.53925e-11
-4.35178e-11
4.81094e-11
-4.73182e-11
3.9967e-11
-2.56445e-11
5.28329e-12
1.71659e-11
-3.56061e-11
4.47067e-11
-4.35109e-11
3.53199e-11
-2.51371e-11
1.64794e-11
-1.11199e-11
9.7207e-12
-1.25549e-11
1.87732e-11
-2.68394e-11
3.52571e-11
-4.33184e-11
4.96094e-11
-5.10855e-11
4.38726e-11
-2.68312e-11
3.42895e-12
1.93987e-11
-3.54829e-11
4.20099e-11
-3.98898e-11
3.19312e-11
-2.19625e-11
1.37071e-11
-9.80299e-12
1.02514e-11
-1.32468e-11
1.7257e-11
-2.30706e-11
3.21774e-11
-4.38375e-11
5.33495e-11
-5.48026e-11
4.49149e-11
-2.54364e-11
1.61182e-12
2.01658e-11
-3.47315e-11
3.92165e-11
-3.45475e-11
2.51723e-11
-1.69221e-11
1.28681e-11
-1.1943e-11
1.10792e-11
-9.66836e-12
1.05604e-11
-1.73912e-11
3.02253e-11
-4.48262e-11
5.47969e-11
-5.51294e-11
4.37916e-11
-2.28081e-11
-1.98504e-12
2.23321e-11
-3.19975e-11
3.05581e-11
-2.37312e-11
1.81716e-11
-1.63627e-11
1.55729e-11
-1.23677e-11
6.61946e-12
-2.09913e-12
3.07589e-12
-1.16695e-11
2.64728e-11
-4.29338e-11
5.38789e-11
-5.26077e-11
3.71638e-11
-1.34161e-11
-8.1621e-12
1.947e-11
-2.03775e-11
1.68511e-11
-1.49587e-11
1.59323e-11
-1.70939e-11
1.51437e-11
-9.07467e-12
4.27036e-13
6.63229e-12
-6.70942e-12
-3.89276e-12
2.26644e-11
-4.05108e-11
4.69262e-11
-3.81744e-11
1.98861e-11
-2.44024e-12
-7.20189e-12
8.83031e-12
-6.926e-12
5.94704e-12
-8.12703e-12
1.26418e-11
-1.61241e-11
1.38787e-11
-3.93881e-12
-9.71474e-12
1.80643e-11
-1.40852e-11
-1.06122e-12
1.80785e-11
-2.70571e-11
2.43469e-11
-1.39447e-11
2.81517e-12
3.55536e-12
-3.4937e-12
-1.17746e-12
5.71272e-12
-5.17629e-12
-1.90316e-12
1.08543e-11
-1.39806e-11
6.93211e-12
6.65519e-12
-1.81185e-11
2.06448e-11
-1.44446e-11
5.11401e-12
1.05766e-12
-1.18644e-12
-3.87842e-12
1.03531e-11
-1.34723e-11
9.65936e-12
3.09824e-13
-1.10067e-11
1.55737e-11
-1.14855e-11
2.55494e-12
4.03826e-12
-3.84738e-12
-2.27837e-12
9.9258e-12
-1.54789e-11
1.7944e-11
-1.86458e-11
1.94065e-11
-2.18657e-11
2.63628e-11
-3.12951e-11
3.28271e-11
-2.73991e-11
1.46513e-11
1.09283e-12
-1.37142e-11
1.92162e-11
-1.80765e-11
1.33504e-11
-8.0907e-12
3.8807e-12
-1.99206e-12
3.67799e-12
-9.52365e-12
1.8054e-11
-2.68593e-11
3.43957e-11
-4.10192e-11
4.69033e-11
-5.03563e-11
4.8112e-11
-3.84645e-11
2.27933e-11
-4.84159e-12
-1.17799e-11
2.39734e-11
-2.89612e-11
2.47964e-11
-1.32263e-11
4.1246e-13
5.99039e-12
-2.4931e-12
-8.36478e-12
2.08832e-11
-3.14188e-11
3.96806e-11
-4.67924e-11
5.25434e-11
-5.56446e-11
5.44378e-11
-4.73136e-11
3.24727e-11
-1.02959e-11
-1.41591e-11
3.15296e-11
-3.42478e-11
2.25547e-11
-5.22415e-12
-7.12051e-12
8.88913e-12
-1.74682e-12
-9.14816e-12
1.90959e-11
-2.60229e-11
3.01443e-11
-3.3729e-11
3.92752e-11
-4.68883e-11
5.19032e-11
-4.74028e-11
2.9985e-11
-4.62757e-12
-1.76889e-11
2.72237e-11
-2.22978e-11
9.16171e-12
3.01377e-12
-8.20192e-12
5.51567e-12
1.61266e-12
-8.33636e-12
1.08216e-11
-8.8065e-12
5.79498e-12
-6.90988e-12
1.41828e-11
-2.41451e-11
2.95305e-11
-2.52691e-11
1.26277e-11
1.37018e-12
-9.64407e-12
9.67405e-12
-4.33401e-12
-1.66201e-12
4.79141e-12
-4.1311e-12
6.06387e-13
3.14868e-12
-3.78376e-12
-1.11839e-12
1.03612e-11
-1.94401e-11
2.35935e-11
-2.18586e-11
1.69241e-11
-1.2025e-11
7.76779e-12
-3.26461e-12
-1.44843e-12
4.52977e-12
-4.9866e-12
4.07134e-12
-3.94187e-12
4.45573e-12
-3.50214e-12
-2.31706e-14
3.47537e-12
-2.3964e-12
-5.9334e-12
2.02878e-11
-3.70995e-11
5.20464e-11
-6.08557e-11
5.94582e-11
-4.66569e-11
2.64171e-11
-7.1309e-12
-4.07128e-12
6.12771e-12
-4.12231e-12
3.64019e-12
-6.05229e-12
8.08682e-12
-6.21119e-12
1.67877e-13
6.16679e-12
-7.34288e-12
-1.03006e-12
1.95513e-11
-4.39542e-11
6.54639e-11
-7.4809e-11
6.74295e-11
-4.72871e-11
2.4517e-11
-8.91821e-12
3.32161e-12
-3.3356e-12
2.31532e-12
2.34473e-12
-8.0696e-12
1.02404e-11
-6.81714e-12
-5.17623e-13
7.46865e-12
-9.5517e-12
3.5431e-12
1.03484e-11
-2.74738e-11
3.99173e-11
-4.16832e-11
3.30576e-11
-2.06315e-11
1.1484e-11
-8.07308e-12
7.7005e-12
-6.99811e-12
4.8952e-12
-2.2559e-12
-6.96648e-13
4.20705e-12
-7.51007e-12
8.11832e-12
-4.41335e-12
-2.4628e-12
9.14568e-12
-1.33495e-11
1.51112e-11
-1.57564e-11
1.56375e-11
-1.44821e-11
1.24383e-11
-1.04906e-11
8.52817e-12
-4.84373e-12
-2.19548e-12
1.07449e-11
-1.54685e-11
1.11528e-11
1.93381e-12
-1.70622e-11
2.48191e-11
-1.95805e-11
2.49878e-12
1.97317e-11
-3.94752e-11
5.14592e-11
-5.4462e-11
5.06402e-11
-4.43689e-11
3.92979e-11
-3.57559e-11
2.99114e-11
-1.77493e-11
1.31884e-13
1.53625e-11
-1.97952e-11
1.01587e-11
7.32805e-12
-2.1959e-11
2.56305e-11
-1.705e-11
3.96766e-14
1.95003e-11
-3.60867e-11
4.56042e-11
-4.71519e-11
4.3459e-11
-3.91401e-11
3.64588e-11
-3.37445e-11
2.75454e-11
-1.72283e-11
6.02094e-12
1.63851e-12
-4.1897e-12
3.21e-12
-1.17939e-12
-1.02896e-12
3.35827e-12
-5.08429e-12
4.2852e-12
-1.96722e-13
-5.22066e-12
7.88842e-12
-5.25487e-12
-1.46434e-12
7.73053e-12
-9.2644e-12
4.51804e-12
4.58567e-12
-1.41797e-11
1.95096e-11
-1.67477e-11
5.03968e-12
1.11044e-11
-2.3327e-11
2.45033e-11
-1.46012e-11
4.12194e-13
1.03053e-11
-1.56681e-11
1.98918e-11
-2.81399e-11
4.06861e-11
-5.27193e-11
5.78601e-11
-5.24256e-11
3.67183e-11
-1.52385e-11
-4.63202e-12
1.49486e-11
-1.17954e-11
-1.87241e-12
1.72789e-11
-2.58144e-11
2.41931e-11
-1.54647e-11
4.63188e-12
5.48682e-12
-1.53506e-11
2.57618e-11
-3.57826e-11
4.291e-11
-4.57427e-11
4.48276e-11
-4.16085e-11
3.61801e-11
-2.78109e-11
1.68678e-11
-6.39217e-12
3.63719e-14
6.77773e-13
2.33202e-12
-5.86685e-12
7.36381e-12
-5.72161e-12
6.7482e-13
6.19234e-12
-1.08405e-11
8.17686e-12
3.01626e-12
-1.72534e-11
2.48721e-11
-1.97731e-11
4.37937e-12
1.19544e-11
-2.03586e-11
1.79462e-11
-8.37305e-12
-2.4721e-12
1.0183e-11
-1.36182e-11
1.38975e-11
-1.32475e-11
1.30499e-11
-1.26498e-11
8.72098e-12
2.45188e-12
-2.16795e-11
4.4153e-11
-6.13705e-11
6.61064e-11
-5.75827e-11
4.12815e-11
-2.46727e-11
1.21852e-11
-4.82683e-12
2.39229e-12
-5.27081e-12
1.25764e-11
-2.05764e-11
2.38125e-11
-1.95706e-11
9.97196e-12
-1.33434e-13
-6.49916e-12
9.92925e-12
-1.24747e-11
1.60337e-11
-2.14065e-11
2.80535e-11
-3.42298e-11
3.66738e-11
-3.25893e-11
2.22779e-11
-1.06919e-11
4.24007e-12
-5.70836e-12
1.09594e-11
-1.2095e-11
3.94279e-12
1.07517e-11
-2.31173e-11
2.44909e-11
-1.28233e-11
-6.90815e-12
2.65857e-11
-3.99301e-11
4.39875e-11
-3.90002e-11
2.75672e-11
-1.44991e-11
4.71214e-12
-7.27846e-13
1.20976e-12
-3.41143e-12
6.07877e-12
-1.03004e-11
1.65403e-11
-2.27028e-11
2.5089e-11
-2.20121e-11
1.46803e-11
-5.22419e-12
-6.26922e-12
2.08919e-11
-3.7915e-11
5.24436e-11
-5.80336e-11
5.15511e-11
-3.67604e-11
2.20312e-11
-1.48414e-11
1.66568e-11
-2.30569e-11
2.72302e-11
-2.45726e-11
1.44475e-11
-3.07385e-13
-1.2019e-11
1.64644e-11
-1.05222e-11
-2.52188e-12
1.475e-11
-1.95001e-11
1.61069e-11
-9.75439e-12
5.65529e-12
-4.57602e-12
3.1542e-12
1.14785e-12
-7.13507e-12
1.09021e-11
-9.84893e-12
4.19103e-12
4.08084e-12
-1.35689e-11
2.32479e-11
-3.11899e-11
3.35165e-11
-2.6486e-11
9.30275e-12
1.3992e-11
-3.64662e-11
5.15434e-11
-5.60371e-11
5.04464e-11
-3.86523e-11
2.65883e-11
-2.04347e-11
2.27411e-11
-3.00819e-11
3.448e-11
-2.98773e-11
1.73194e-11
-4.54388e-12
-1.01355e-12
-1.84574e-12
7.77505e-12
-1.06742e-11
8.45417e-12
-3.67583e-12
-1.75771e-13
1.50205e-12
-1.26844e-12
1.1163e-12
-2.3578e-12
5.52458e-12
-1.08143e-11
1.72017e-11
-2.20756e-11
2.16745e-11
-1.37644e-11
-6.26385e-13
1.7202e-11
-3.10233e-11
3.81254e-11
-3.60233e-11
2.33009e-11
-1.43724e-12
-2.36098e-11
4.24726e-11
-4.83244e-11
4.19947e-11
-3.18089e-11
2.66057e-11
-2.91408e-11
3.47405e-11
-3.67119e-11
3.20135e-11
-2.32782e-11
1.54475e-11
-1.18962e-11
1.2379e-11
-1.45331e-11
1.56725e-11
-1.43061e-11
1.00523e-11
-4.03372e-12
-1.45681e-12
3.68971e-12
-1.97457e-12
-1.2925e-12
1.82828e-12
2.71776e-12
-1.11154e-11
1.98264e-11
-2.62232e-11
2.89245e-11
-2.63849e-11
1.59902e-11
2.85993e-12
-2.55196e-11
4.22774e-11
-4.44173e-11
3.04238e-11
-7.65124e-12
-1.3181e-11
2.49783e-11
-2.81098e-11
2.77512e-11
-2.89185e-11
3.26749e-11
-3.69641e-11
3.90703e-11
-3.78301e-11
3.33548e-11
-2.68906e-11
2.04902e-11
-1.67649e-11
1.67239e-11
-1.85882e-11
1.86494e-11
-1.49205e-11
8.87501e-12
-4.14223e-12
2.67732e-12
-3.59991e-12
4.79569e-12
-5.71864e-12
6.83264e-12
-7.38997e-12
3.9982e-12
6.38515e-12
-2.2342e-11
3.62326e-11
-3.86219e-11
2.50517e-11
-4.24588e-13
-2.41378e-11
3.84674e-11
-3.94252e-11
3.04434e-11
-1.74968e-11
4.97265e-12
4.92876e-12
-1.1848e-11
1.65897e-11
-2.11501e-11
2.71069e-11
-3.42076e-11
3.99405e-11
-4.19615e-11
4.00104e-11
-3.61002e-11
3.19836e-11
-2.78099e-11
2.25473e-11
-1.6345e-11
1.09592e-11
-8.33798e-12
7.91703e-12
-6.96929e-12
3.53947e-12
4.85533e-14
1.35615e-12
-1.05646e-11
2.32835e-11
-3.02918e-11
2.43824e-11
-6.74017e-12
-1.39608e-11
2.74985e-11
-2.85758e-11
1.81442e-11
-1.29035e-12
-1.62494e-11
2.95753e-11
-3.56883e-11
3.37959e-11
-2.5943e-11
1.58987e-11
-7.46638e-12
2.1475e-12
1.02263e-12
-4.36079e-12
9.38396e-12
-1.66356e-11
2.60223e-11
-3.70581e-11
4.72891e-11
-5.23778e-11
4.85355e-11
-3.66734e-11
2.26346e-11
-1.30985e-11
9.70637e-12
-8.30059e-12
3.39192e-12
5.53378e-12
-1.30698e-11
1.2286e-11
-1.21749e-12
-1.54097e-11
2.9438e-11
-3.52282e-11
3.22054e-11
-2.36368e-11
1.30769e-11
-3.31423e-12
-3.07119e-12
3.05819e-12
4.59342e-12
-1.74587e-11
2.97151e-11
-3.58764e-11
3.37308e-11
-2.52814e-11
1.48085e-11
-7.08378e-12
5.34246e-12
-1.00775e-11
1.77283e-11
-2.18557e-11
1.62963e-11
1.28261e-13
-2.20806e-11
4.03188e-11
-4.80153e-11
4.47903e-11
-3.59904e-11
2.70047e-11
-1.91023e-11
9.85046e-12
1.94112e-12
-1.35801e-11
2.03291e-11
-2.02748e-11
1.5603e-11
-9.94856e-12
4.27399e-12
3.16124e-12
-1.38582e-11
2.56953e-11
-3.38688e-11
3.4608e-11
-2.91117e-11
2.28414e-11
-2.15746e-11
2.67425e-11
-3.49181e-11
4.0331e-11
-3.88304e-11
2.95419e-11
-1.52558e-11
1.20882e-12
6.3843e-12
-3.61263e-12
-8.52255e-12
2.36134e-11
-3.37959e-11
3.42766e-11
-2.56908e-11
1.1907e-11
2.84138e-12
-1.56409e-11
2.38145e-11
-2.45844e-11
1.62027e-11
-9.58846e-13
-1.44906e-11
2.25037e-11
-2.06213e-11
1.37334e-11
-1.02974e-11
1.46496e-11
-2.35914e-11
2.94015e-11
-2.69418e-11
1.70555e-11
-4.69837e-12
-6.29826e-12
1.5485e-11
-2.45445e-11
3.38675e-11
-4.17148e-11
4.55143e-11
-4.4397e-11
3.92862e-11
-3.16319e-11
2.16605e-11
-9.29213e-12
-4.22402e-12
1.52887e-11
-2.00376e-11
1.65761e-11
-6.23295e-12
-7.6036e-12
2.03671e-11
-2.76803e-11
2.67557e-11
-1.88846e-11
9.66767e-12
-6.50537e-12
1.33042e-11
-2.74077e-11
4.06343e-11
-4.51426e-11
3.86257e-11
-2.55954e-11
1.29781e-11
-5.34972e-12
3.15137e-12
-5.47948e-12
1.22104e-11
-2.32742e-11
3.52498e-11
-4.12686e-11
3.51484e-11
-1.73727e-11
-4.19504e-12
1.92727e-11
-2.26167e-11
1.66653e-11
-8.58514e-12
3.83383e-12
-2.82826e-12
2.05474e-12
1.34682e-12
-7.30274e-12
1.36491e-11
-1.90769e-11
2.35459e-11
-2.71142e-11
2.84825e-11
-2.61374e-11
1.96416e-11
-1.0319e-11
-1.50901e-13
1.05836e-11
-2.07295e-11
3.02816e-11
-3.86353e-11
4.46198e-11
-4.70924e-11
4.46782e-11
-3.61967e-11
2.13068e-11
-2.51209e-12
-1.44612e-11
2.25855e-11
-1.84753e-11
5.43064e-12
7.90094e-12
-1.39757e-11
1.15024e-11
-5.66919e-12
2.7515e-12
-5.57025e-12
1.27051e-11
-2.18164e-11
3.17027e-11
-4.17845e-11
4.93027e-11
-4.93075e-11
3.80413e-11
-1.81248e-11
-1.11259e-12
9.06281e-12
-1.93378e-12
-1.47512e-11
3.04434e-11
-3.74294e-11
3.45606e-11
-2.58754e-11
1.59122e-11
-7.30491e-12
8.999e-13
2.30802e-12
-1.30926e-12
-3.64561e-12
9.60066e-12
-1.25744e-11
1.03865e-11
-4.9352e-12
6.58945e-13
-1.51871e-12
8.20622e-12
-1.85366e-11
2.88753e-11
-3.60366e-11
3.78356e-11
-3.40183e-11
2.61954e-11
-1.72127e-11
8.85428e-12
-8.30684e-13
-8.7023e-12
2.03682e-11
-3.20123e-11
3.90708e-11
-3.8014e-11
2.91053e-11
-1.67073e-11
5.52957e-12
2.5889e-12
-8.96049e-12
1.45672e-11
-1.82132e-11
1.78208e-11
-1.40707e-11
1.07601e-11
-1.16068e-11
1.54563e-11
-1.59662e-11
6.10302e-12
1.49847e-11
-3.99961e-11
5.77845e-11
-6.14356e-11
5.20974e-11
-3.66972e-11
2.16838e-11
-9.94023e-12
1.79168e-12
1.81743e-12
5.4148e-13
-8.3014e-12
1.66248e-11
-1.89126e-11
1.17341e-11
1.255e-12
-1.13415e-11
1.05589e-11
2.33497e-12
-2.14815e-11
3.80776e-11
-4.61729e-11
4.46003e-11
-3.5876e-11
2.36212e-11
-1.18568e-11
4.33832e-12
-3.83863e-12
1.03641e-11
-2.09698e-11
3.06801e-11
-3.51766e-11
3.26504e-11
-2.4786e-11
1.52609e-11
-7.99202e-12
5.27016e-12
-7.42686e-12
1.23578e-11
-1.63511e-11
1.56978e-11
-9.70346e-12
1.45681e-12
3.96298e-12
-3.54959e-12
-1.91579e-12
8.97534e-12
-1.50969e-11
2.02829e-11
-2.61764e-11
3.28335e-11
-3.77086e-11
3.73614e-11
-3.11949e-11
2.21259e-11
-1.40004e-11
7.46579e-12
9.65287e-14
-1.10507e-11
2.32019e-11
-3.06407e-11
2.8558e-11
-1.83239e-11
6.63705e-12
-2.10789e-13
-5.27291e-14
-9.34339e-13
-2.8493e-12
1.27012e-11
-2.46094e-11
3.30817e-11
-3.59844e-11
3.44417e-11
-2.95372e-11
1.95503e-11
-2.41291e-12
-2.01402e-11
4.08096e-11
-5.10147e-11
4.69133e-11
-3.28877e-11
1.8286e-11
-1.09138e-11
1.16791e-11
-1.56532e-11
1.68594e-11
-1.2827e-11
4.36215e-12
6.55412e-12
-1.83124e-11
2.84018e-11
-3.28168e-11
2.71406e-11
-1.01209e-11
-1.42216e-11
3.72741e-11
-5.06034e-11
5.05763e-11
-4.03496e-11
2.69311e-11
-1.70658e-11
1.39699e-11
-1.72233e-11
2.35219e-11
-2.84734e-11
2.79998e-11
-2.04417e-11
7.3452e-12
6.64343e-12
-1.60436e-11
1.67603e-11
-8.16458e-12
-7.0574e-12
2.38533e-11
-3.69322e-11
4.21475e-11
-3.82409e-11
2.7464e-11
-1.54829e-11
8.58881e-12
-1.03076e-11
1.87344e-11
-2.80658e-11
3.24554e-11
-3.00858e-11
2.32306e-11
-1.58223e-11
1.0249e-11
-7.12203e-12
6.46681e-12
-9.1974e-12
1.58332e-11
-2.45955e-11
3.05838e-11
-2.90822e-11
1.96662e-11
-7.83136e-12
8.3071e-13
-2.19793e-12
9.12908e-12
-1.59358e-11
1.90091e-11
-1.95643e-11
2.10198e-11
-2.49307e-11
2.88067e-11
-2.91001e-11
2.5255e-11
-2.10292e-11
2.03035e-11
-2.27841e-11
2.3638e-11
-1.86208e-11
8.41891e-12
1.33952e-12
-5.3556e-12
3.15356e-12
5.78354e-13
-1.16841e-12
-1.31876e-12
1.77362e-12
4.40523e-12
-1.65615e-11
2.88854e-11
-3.59762e-11
3.69583e-11
-3.51224e-11
3.3205e-11
-3.05138e-11
2.39267e-11
-1.25146e-11
-1.75808e-13
8.16267e-12
-8.77569e-12
5.30784e-12
-4.36719e-12
9.32527e-12
-1.72504e-11
2.12437e-11
-1.66022e-11
4.05085e-12
1.14127e-11
-2.51427e-11
3.52964e-11
-4.21283e-11
4.48325e-11
-4.10731e-11
2.93519e-11
-1.25453e-11
-2.75649e-12
1.04341e-11
-9.88286e-12
6.19414e-12
-6.16901e-12
1.26838e-11
-2.30713e-11
3.13833e-11
-3.30138e-11
2.67266e-11
-1.41575e-11
-2.49106e-12
2.07785e-11
-3.74067e-11
4.7532e-11
-4.70124e-11
3.53206e-11
-1.73071e-11
6.05005e-13
8.71481e-12
-9.92872e-12
7.11485e-12
-6.09444e-12
1.03766e-11
-1.98099e-11
3.11067e-11
-4.01125e-11
4.30073e-11
-3.73607e-11
2.25268e-11
-9.46221e-13
-2.19012e-11
3.88539e-11
-4.4605e-11
3.81333e-11
-2.34233e-11
7.04292e-12
4.84889e-12
-9.54746e-12
8.33352e-12
-5.51239e-12
5.68266e-12
-1.18339e-11
2.37428e-11
-3.80631e-11
4.90705e-11
-5.13468e-11
4.21712e-11
-2.32488e-11
-2.43987e-13
2.14136e-11
-3.43878e-11
3.60664e-11
-2.75227e-11
1.32321e-11
5.68625e-13
-8.81127e-12
9.54538e-12
-5.24467e-12
1.39629e-12
-3.65027e-12
1.40251e-11
-2.98877e-11
4.52736e-11
-5.42553e-11
5.30532e-11
-4.1352e-11
2.18539e-11
2.76089e-13
-1.90703e-11
2.91313e-11
-2.7912e-11
1.7085e-11
-2.76894e-12
-7.71305e-12
9.93437e-12
-5.27535e-12
-6.61469e-13
1.66099e-12
5.22786e-12
-1.88426e-11
3.48427e-11
-4.82996e-11
5.50848e-11
-5.27279e-11
4.04036e-11
-2.02575e-11
-2.10029e-12
1.8788e-11
-2.40085e-11
1.74786e-11
-4.95413e-12
-5.74203e-12
9.25141e-12
-5.73341e-12
-3.78839e-13
3.59639e-12
-9.06267e-13
-7.8846e-12
2.11497e-11
-3.65991e-11
5.04192e-11
-5.74701e-11
5.31268e-11
-3.7011e-11
1.43108e-11
6.01493e-12
-1.64218e-11
1.48834e-11
-5.94136e-12
-3.19311e-12
7.33451e-12
-6.01638e-12
1.72945e-12
2.48209e-12
-4.41222e-12
1.85852e-12
7.05453e-12
-2.25823e-11
4.11731e-11
-5.59296e-11
5.95066e-11
-4.91313e-11
2.88992e-11
-7.89786e-12
-5.80208e-12
9.42492e-12
-5.86745e-12
-6.07676e-14
4.60729e-12
-6.26032e-12
4.60726e-12
-6.07125e-14
-5.86752e-12
9.42497e-12
-5.80206e-12
-7.89797e-12
2.88994e-11
-4.91316e-11
5.95069e-11
-5.593e-11
4.11734e-11
-2.25826e-11
7.05482e-12
1.85824e-12
-4.41194e-12
2.48181e-12
1.72973e-12
-6.01666e-12
7.3348e-12
-3.19339e-12
-5.94112e-12
1.48832e-11
-1.64217e-11
6.01498e-12
1.43106e-11
-3.70107e-11
5.31265e-11
-5.74697e-11
5.04187e-11
-3.65985e-11
2.11492e-11
-7.88411e-12
-9.0668e-13
3.59672e-12
-3.79111e-13
-5.73315e-12
9.25112e-12
-5.74172e-12
-4.95441e-12
1.74788e-11
-2.40086e-11
1.87879e-11
-2.10009e-12
-2.02578e-11
4.0404e-11
-5.27284e-11
5.50854e-11
-4.83001e-11
3.48431e-11
-1.88428e-11
5.22796e-12
1.6609e-12
-6.61292e-13
-5.27561e-12
9.93466e-12
-7.71329e-12
-2.76879e-12
1.70849e-11
-2.7912e-11
2.91314e-11
-1.90704e-11
2.76377e-13
2.18536e-11
-4.13517e-11
5.30531e-11
-5.42553e-11
4.52737e-11
-2.98878e-11
1.40251e-11
-3.65008e-12
1.39608e-12
-5.24451e-12
9.54529e-12
-8.81121e-12
5.68567e-13
1.32322e-11
-2.75227e-11
3.60664e-11
-3.43878e-11
2.14136e-11
-2.44115e-13
-2.32486e-11
4.21711e-11
-5.13468e-11
4.90706e-11
-3.80633e-11
2.3743e-11
-1.1834e-11
5.68269e-12
-5.51236e-12
8.33348e-12
-9.54746e-12
4.84894e-12
7.04282e-12
-2.34231e-11
3.8133e-11
-4.46047e-11
3.88536e-11
-2.19011e-11
-9.46168e-13
2.25266e-11
-3.73604e-11
4.3007e-11
-4.01123e-11
3.11067e-11
-1.98099e-11
1.03766e-11
-6.09443e-12
7.11475e-12
-9.92851e-12
8.7145e-12
6.05383e-13
-1.73074e-11
3.53208e-11
-4.70125e-11
4.75318e-11
-3.74064e-11
2.07782e-11
-2.49078e-12
-1.41577e-11
2.67267e-11
-3.30139e-11
3.13834e-11
-2.30715e-11
1.26841e-11
-6.16939e-12
6.19461e-12
-9.88334e-12
1.04345e-11
-2.75672e-12
-1.25453e-11
2.93521e-11
-4.10734e-11
4.48327e-11
-4.21285e-11
3.52965e-11
-2.51428e-11
1.1413e-11
4.05054e-12
-1.66018e-11
2.12432e-11
-1.72498e-11
9.32463e-12
-4.36658e-12
5.30735e-12
-8.77537e-12
8.16251e-12
-1.75744e-13
-1.25146e-11
2.39268e-11
-3.05138e-11
3.32049e-11
-3.51223e-11
3.69581e-11
-3.59759e-11
2.88851e-11
-1.6561e-11
4.40462e-12
1.77429e-12
-1.31941e-12
-1.16784e-12
5.77873e-13
3.15396e-12
-5.35592e-12
1.33976e-12
8.41878e-12
-1.86207e-11
2.3638e-11
-2.27841e-11
2.03036e-11
-2.10293e-11
2.52552e-11
-2.91003e-11
2.88071e-11
-2.49313e-11
2.10204e-11
-1.95649e-11
1.90097e-11
-1.59363e-11
9.12948e-12
-2.19821e-12
8.30872e-13
-7.83142e-12
1.96662e-11
-2.90822e-11
3.05838e-11
-2.45955e-11
1.58332e-11
-9.19737e-12
6.46663e-12
-7.12165e-12
1.02485e-11
-1.58217e-11
2.323e-11
-3.00854e-11
3.24551e-11
-2.80656e-11
1.87342e-11
-1.03075e-11
8.58874e-12
-1.54829e-11
2.7464e-11
-3.82409e-11
4.21475e-11
-3.69322e-11
2.38535e-11
-7.05775e-12
-8.16409e-12
1.67597e-11
-1.60432e-11
6.64308e-12
7.34544e-12
-2.04419e-11
2.8e-11
-2.84736e-11
2.3522e-11
-1.72233e-11
1.39697e-11
-1.70656e-11
2.69308e-11
-4.03493e-11
5.0576e-11
-5.0603e-11
3.72736e-11
-1.42211e-11
-1.01213e-11
2.71409e-11
-3.2817e-11
2.84019e-11
-1.83126e-11
6.55427e-12
4.36206e-12
-1.28271e-11
1.68596e-11
-1.56535e-11
1.16794e-11
-1.09141e-11
1.82862e-11
-3.2888e-11
4.69137e-11
-5.10152e-11
4.081e-11
-2.01405e-11
-2.41274e-12
1.95502e-11
-2.95371e-11
3.44417e-11
-3.59844e-11
3.30817e-11
-2.46094e-11
1.27012e-11
-2.8493e-12
-9.34407e-13
-5.26636e-14
-2.10732e-13
6.63681e-12
-1.83235e-11
2.85576e-11
-3.06403e-11
2.32017e-11
-1.10505e-11
9.62892e-14
7.46607e-12
-1.40007e-11
2.21261e-11
-3.1195e-11
3.73616e-11
-3.77089e-11
3.28339e-11
-2.61768e-11
2.02831e-11
-1.50969e-11
8.97516e-12
-1.91553e-12
-3.54989e-12
3.96333e-12
1.45635e-12
-9.7029e-12
1.56973e-11
-1.63505e-11
1.23574e-11
-7.42653e-12
5.26979e-12
-7.99158e-12
1.52605e-11
-2.47855e-11
3.26501e-11
-3.51763e-11
3.068e-11
-2.09698e-11
1.03643e-11
-3.83898e-12
4.33882e-12
-1.18574e-11
2.36217e-11
-3.58765e-11
4.46007e-11
-4.61733e-11
3.8078e-11
-2.14818e-11
2.33526e-12
1.05586e-11
-1.13413e-11
1.25474e-12
1.17343e-11
-1.89126e-11
1.66247e-11
-8.3012e-12
5.41243e-13
1.81765e-12
1.79149e-12
-9.94002e-12
2.16836e-11
-3.6697e-11
5.20971e-11
-6.14353e-11
5.77843e-11
-3.9996e-11
1.49847e-11
6.10301e-12
-1.59661e-11
1.54562e-11
-1.16066e-11
1.07599e-11
-1.40705e-11
1.78207e-11
-1.82131e-11
1.45672e-11
-8.9605e-12
2.5889e-12
5.52963e-12
-1.67074e-11
2.91054e-11
-3.8014e-11
3.90707e-11
-3.20121e-11
2.0368e-11
-8.70212e-12
-8.30882e-13
8.85452e-12
-1.72129e-11
2.61956e-11
-3.40184e-11
3.78356e-11
-3.60365e-11
2.88752e-11
-1.85366e-11
8.20627e-12
-1.51876e-12
6.58989e-13
-4.93523e-12
1.03865e-11
-1.25744e-11
9.60053e-12
-3.64536e-12
-1.30956e-12
2.30826e-12
8.99801e-13
-7.30496e-12
1.59123e-11
-2.58755e-11
3.45607e-11
-3.74293e-11
3.04433e-11
-1.47511e-11
-1.93402e-12
9.06313e-12
-1.1129e-12
-1.81245e-11
3.80413e-11
-4.93076e-11
4.9303e-11
-4.17847e-11
3.17028e-11
-2.18165e-11
1.2705e-11
-5.57011e-12
2.75134e-12
-5.66909e-12
1.15024e-11
-1.39759e-11
7.90122e-12
5.4303e-12
-1.8475e-11
2.25852e-11
-1.4461e-11
-2.51222e-12
2.13068e-11
-3.61964e-11
4.46778e-11
-4.7092e-11
4.46195e-11
-3.86352e-11
3.02817e-11
-2.07297e-11
1.05837e-11
-1.50893e-13
-1.0319e-11
1.96415e-11
-2.61373e-11
2.84825e-11
-2.71143e-11
2.35461e-11
-1.90771e-11
1.36492e-11
-7.30267e-12
1.34662e-12
2.05496e-12
-2.82842e-12
3.83396e-12
-8.5853e-12
1.66655e-11
-2.26169e-11
1.92727e-11
-4.19485e-12
-1.7373e-11
3.51487e-11
-4.12687e-11
3.52498e-11
-2.32741e-11
1.22101e-11
-5.47915e-12
3.15106e-12
-5.34952e-12
1.2978e-11
-2.55955e-11
3.86259e-11
-4.51428e-11
4.06344e-11
-2.74077e-11
1.33042e-11
-6.50543e-12
9.66785e-12
-1.88848e-11
2.67559e-11
-2.76805e-11
2.03673e-11
-7.60371e-12
-6.23294e-12
1.65762e-11
-2.00378e-11
1.52888e-11
-4.22393e-12
-9.29249e-12
2.1661e-11
-3.16324e-11
3.92866e-11
-4.43971e-11
4.55142e-11
-4.17145e-11
3.38671e-11
-2.45441e-11
1.54849e-11
-6.29837e-12
-4.69802e-12
1.70551e-11
-2.69415e-11
2.94013e-11
-2.35914e-11
1.46497e-11
-1.02976e-11
1.37337e-11
-2.06218e-11
2.25043e-11
-1.44912e-11
-9.58347e-13
1.62024e-11
-2.45843e-11
2.38144e-11
-1.56408e-11
2.84129e-12
1.19071e-11
-2.56909e-11
3.42767e-11
-3.37961e-11
2.36136e-11
-8.52288e-12
-3.6123e-12
6.38408e-12
1.20881e-12
-1.52555e-11
2.95414e-11
-3.88298e-11
4.03305e-11
-3.49178e-11
2.67423e-11
-2.15745e-11
2.28412e-11
-2.91116e-11
3.46078e-11
-3.38688e-11
2.56955e-11
-1.38584e-11
3.16136e-12
4.27396e-12
-9.94859e-12
1.56031e-11
-2.02748e-11
2.03291e-11
-1.358e-11
1.94097e-12
9.85063e-12
-1.91025e-11
2.70048e-11
-3.59905e-11
4.47903e-11
-4.80152e-11
4.03186e-11
-2.20802e-11
1.27718e-13
1.62968e-11
-2.1856e-11
1.77282e-11
-1.00773e-11
5.34215e-12
-7.08353e-12
1.48084e-11
-2.52813e-11
3.37307e-11
-3.58763e-11
2.97151e-11
-1.74588e-11
4.59359e-12
3.05805e-12
-3.07109e-12
-3.31434e-12
1.30771e-11
-2.3637e-11
3.22057e-11
-3.52285e-11
2.94383e-11
-1.541e-11
-1.21715e-12
1.22857e-11
-1.30696e-11
5.53381e-12
3.39174e-12
-8.30033e-12
9.70609e-12
-1.30981e-11
2.26341e-11
-3.66729e-11
4.8535e-11
-5.23775e-11
4.7289e-11
-3.70582e-11
2.60225e-11
-1.66359e-11
9.38431e-12
-4.36119e-12
1.023e-12
2.14725e-12
-7.46626e-12
1.58987e-11
-2.5943e-11
3.37959e-11
-3.56882e-11
2.95753e-11
-1.62495e-11
-1.29019e-12
1.8144e-11
-2.85757e-11
2.74983e-11
-1.39604e-11
-6.74064e-12
2.43828e-11
-3.02921e-11
2.32838e-11
-1.05647e-11
1.3563e-12
4.84525e-14
3.53951e-12
-6.96926e-12
7.91696e-12
-8.33791e-12
1.09592e-11
-1.6345e-11
2.25474e-11
-2.78101e-11
3.19839e-11
-3.61006e-11
4.00109e-11
-4.1962e-11
3.99409e-11
-3.42078e-11
2.71069e-11
-2.115e-11
1.65896e-11
-1.18479e-11
4.92877e-12
4.97259e-12
-1.74967e-11
3.04434e-11
-3.94253e-11
3.84676e-11
-2.4138e-11
-4.24387e-13
2.50516e-11
-3.86217e-11
3.62324e-11
-2.23418e-11
6.38479e-12
3.99864e-12
-7.39048e-12
6.83321e-12
-5.71922e-12
4.79622e-12
-3.6003e-12
2.67755e-12
-4.1423e-12
8.875e-12
-1.49205e-11
1.86495e-11
-1.85882e-11
1.6724e-11
-1.67649e-11
2.049e-11
-2.68903e-11
3.33544e-11
-3.78297e-11
3.90699e-11
-3.69639e-11
3.26748e-11
-2.89186e-11
2.77514e-11
-2.81101e-11
2.49785e-11
-1.31812e-11
-7.65104e-12
3.04237e-11
-4.44172e-11
4.22772e-11
-2.55196e-11
2.85997e-12
1.599e-11
-2.63846e-11
2.89242e-11
-2.62228e-11
1.9826e-11
-1.11149e-11
2.71735e-12
1.82856e-12
-1.29257e-12
-1.97473e-12
3.69006e-12
-1.45727e-12
-4.03326e-12
1.00519e-11
-1.43058e-11
1.56723e-11
-1.45329e-11
1.23787e-11
-1.18958e-11
1.54471e-11
-2.32778e-11
3.20133e-11
-3.67119e-11
3.47407e-11
-2.9141e-11
2.66059e-11
-3.18091e-11
4.19949e-11
-4.83245e-11
4.24726e-11
-2.36096e-11
-1.43747e-12
2.33011e-11
-3.60234e-11
3.81255e-11
-3.10233e-11
1.72021e-11
-6.26549e-13
-1.37642e-11
2.16744e-11
-2.20757e-11
1.7202e-11
-1.08147e-11
5.52507e-12
-2.3583e-12
1.11678e-12
-1.26885e-12
1.50237e-12
-1.75994e-13
-3.67566e-12
8.45403e-12
-1.06741e-11
7.77491e-12
-1.84561e-12
-1.01367e-12
-4.54374e-12
1.73192e-11
-2.9877e-11
3.44797e-11
-3.00815e-11
2.27406e-11
-2.04341e-11
2.65878e-11
-3.86518e-11
5.04461e-11
-5.6037e-11
5.15434e-11
-3.64662e-11
1.3992e-11
9.30276e-12
-2.6486e-11
3.35164e-11
-3.11898e-11
2.32479e-11
-1.3569e-11
4.08093e-12
4.19094e-12
-9.84887e-12
1.09021e-11
-7.13514e-12
1.14801e-12
3.15398e-12
-4.57578e-12
5.65511e-12
-9.75429e-12
1.61069e-11
-1.95001e-11
1.475e-11
-2.52188e-12
-1.05223e-11
1.64646e-11
-1.20194e-11
-3.06886e-13
1.44469e-11
-2.4572e-11
2.72297e-11
-2.30566e-11
1.66566e-11
-1.48413e-11
2.20311e-11
-3.67603e-11
5.1551e-11
-5.80335e-11
5.24436e-11
-3.7915e-11
2.08921e-11
-6.26939e-12
-5.22408e-12
1.46803e-11
-2.20124e-11
2.50894e-11
-2.27031e-11
1.65406e-11
-1.03005e-11
6.0788e-12
-3.41141e-12
1.20976e-12
-7.27913e-13
4.71232e-12
-1.44993e-11
2.75676e-11
-3.90004e-11
4.39875e-11
-3.99299e-11
2.65854e-11
-6.90779e-12
-1.28235e-11
2.44911e-11
-2.31174e-11
1.07518e-11
3.94273e-12
-1.20949e-11
1.09593e-11
-5.70823e-12
4.23997e-12
-1.06919e-11
2.22781e-11
-3.25897e-11
3.66743e-11
-3.42302e-11
2.80538e-11
-2.14066e-11
1.60337e-11
-1.24745e-11
9.92903e-12
-6.4989e-12
-1.33636e-13
9.97207e-12
-1.95707e-11
2.38126e-11
-2.05766e-11
1.25767e-11
-5.27102e-12
2.39229e-12
-4.82655e-12
1.21847e-11
-2.4672e-11
4.12809e-11
-5.75822e-11
6.61062e-11
-6.13703e-11
4.41529e-11
-2.16793e-11
2.4517e-12
8.72111e-12
-1.26497e-11
1.30497e-11
-1.32472e-11
1.38972e-11
-1.36179e-11
1.01828e-11
-2.47208e-12
-8.37294e-12
1.7946e-11
-2.03583e-11
1.1954e-11
4.37983e-12
-1.97736e-11
2.48726e-11
-1.72538e-11
3.01645e-12
8.17688e-12
-1.08407e-11
6.19257e-12
6.74606e-13
-5.7214e-12
7.36356e-12
-5.86652e-12
2.33169e-12
6.78e-13
3.63363e-14
-6.39229e-12
1.6868e-11
-2.78111e-11
3.61803e-11
-4.16086e-11
4.48276e-11
-4.57425e-11
4.29097e-11
-3.57824e-11
2.57616e-11
-1.53504e-11
5.48672e-12
4.63198e-12
-1.54648e-11
2.41932e-11
-2.58144e-11
1.72789e-11
-1.87246e-12
-1.17952e-11
1.49484e-11
-4.63182e-12
-1.52387e-11
3.67186e-11
-5.24261e-11
5.78607e-11
-5.27199e-11
4.06866e-11
-2.81402e-11
1.9892e-11
-1.56681e-11
1.03052e-11
4.12293e-13
-1.46013e-11
2.45033e-11
-2.33269e-11
1.11042e-11
5.03996e-12
-1.6748e-11
1.95099e-11
-1.418e-11
4.58608e-12
4.51753e-12
-9.26387e-12
7.73008e-12
-1.464e-12
-5.2551e-12
7.88858e-12
-5.22073e-12
-1.96692e-13
4.28515e-12
-5.08409e-12
3.35792e-12
-1.02852e-12
-1.17975e-12
3.21019e-12
-4.18972e-12
1.63845e-12
6.02104e-12
-1.72284e-11
2.75455e-11
-3.37447e-11
3.64588e-11
-3.91401e-11
4.3459e-11
-4.71519e-11
4.56041e-11
-3.60866e-11
1.95e-11
4.00494e-14
-1.70503e-11
2.56308e-11
-2.19591e-11
7.32799e-12
1.01589e-11
-1.97956e-11
1.53629e-11
1.31389e-13
-1.77488e-11
2.99111e-11
-3.57556e-11
3.92978e-11
-4.43688e-11
5.06401e-11
-5.44619e-11
5.14592e-11
-3.94752e-11
1.97318e-11
2.49872e-12
-1.95805e-11
2.48192e-11
-1.70623e-11
1.934e-12
1.11526e-11
-1.54683e-11
1.07446e-11
-2.19527e-12
-4.84388e-12
8.52833e-12
-1.04908e-11
1.24385e-11
-1.44823e-11
1.56377e-11
-1.57564e-11
1.51112e-11
-1.33495e-11
9.14565e-12
-2.46279e-12
-4.41333e-12
8.11829e-12
-7.51006e-12
4.20705e-12
-6.96634e-13
-2.25596e-12
4.89535e-12
-6.9983e-12
7.70066e-12
-8.07312e-12
1.14839e-11
-2.06312e-11
3.30573e-11
-4.16829e-11
3.99171e-11
-2.74737e-11
1.03483e-11
3.54315e-12
-9.55175e-12
7.46868e-12
-5.17578e-13
-6.81725e-12
1.02406e-11
-8.06971e-12
2.34478e-12
2.31537e-12
-3.33578e-12
3.32191e-12
-8.91858e-12
2.45174e-11
-4.72874e-11
6.74297e-11
-7.48091e-11
6.5464e-11
-4.39542e-11
1.95513e-11
-1.03006e-12
-7.34284e-12
6.16671e-12
1.67966e-13
-6.21125e-12
8.08688e-12
-6.05239e-12
3.64036e-12
-4.12251e-12
6.1279e-12
-4.07141e-12
-7.13082e-12
2.64171e-11
-4.6657e-11
5.94583e-11
-6.08557e-11
5.20464e-11
-3.70993e-11
2.02875e-11
-5.93326e-12
-2.39645e-12
3.47542e-12
-2.33125e-14
-3.50188e-12
4.45545e-12
-3.94161e-12
4.07116e-12
-4.98651e-12
4.52984e-12
-1.44866e-12
-3.26429e-12
7.76753e-12
-1.20248e-11
1.69241e-11
-2.18585e-11
2.35933e-11
-1.94399e-11
1.03612e-11
-1.1185e-12
-3.78349e-12
3.14833e-12
6.06762e-13
-4.13144e-12
4.79167e-12
-1.66211e-12
-4.33407e-12
9.67426e-12
-9.64434e-12
1.37051e-12
1.26274e-11
-2.52686e-11
2.95301e-11
-2.41447e-11
1.41826e-11
-6.90981e-12
5.79505e-12
-8.80659e-12
1.08216e-11
-8.33644e-12
1.61279e-12
5.51549e-12
-8.20174e-12
3.01367e-12
9.1617e-12
-2.22977e-11
2.72235e-11
-1.76887e-11
-4.62783e-12
2.99852e-11
-4.74029e-11
5.19033e-11
-4.68884e-11
3.92754e-11
-3.37292e-11
3.01447e-11
-2.60231e-11
1.9096e-11
-9.14813e-12
-1.74694e-12
8.88936e-12
-7.12084e-12
-5.22377e-12
2.25544e-11
-3.42476e-11
3.15295e-11
-1.4159e-11
-1.0296e-11
3.24727e-11
-4.73135e-11
5.44376e-11
-5.56443e-11
5.2543e-11
-4.6792e-11
3.96804e-11
-3.14187e-11
2.08834e-11
-8.36524e-12
-2.49252e-12
5.98987e-12
4.12823e-13
-1.32265e-11
2.47965e-11
-2.89613e-11
2.39735e-11
-1.17799e-11
-4.8416e-12
2.27935e-11
-3.84648e-11
4.81124e-11
-5.03566e-11
4.69034e-11
-4.10191e-11
3.43955e-11
-2.68591e-11
1.80539e-11
-9.52362e-12
3.67807e-12
-1.99218e-12
3.88078e-12
-8.0907e-12
1.33504e-11
-1.80766e-11
1.92163e-11
-1.37143e-11
1.09286e-12
1.46514e-11
-2.73991e-11
3.28272e-11
-3.1295e-11
2.63626e-11
-2.18654e-11
1.94062e-11
-1.86455e-11
1.79437e-11
-1.54788e-11
9.92567e-12
-2.2782e-12
-3.84754e-12
4.03835e-12
2.555e-12
-1.14857e-11
1.55739e-11
-1.10069e-11
3.09833e-13
9.65953e-12
-1.34727e-11
1.03535e-11
-3.87876e-12
-1.18622e-12
1.05757e-12
5.11407e-12
-1.44447e-11
2.06449e-11
-1.81185e-11
6.65515e-12
6.93226e-12
-1.39808e-11
1.08544e-11
-1.90323e-12
-5.17634e-12
5.71293e-12
-1.17775e-12
-3.49343e-12
3.55526e-12
2.81509e-12
-1.39445e-11
2.43467e-11
-2.7057e-11
1.80783e-11
-1.06108e-12
-1.40853e-11
1.80644e-11
-9.71489e-12
-3.93869e-12
1.38787e-11
-1.61243e-11
1.26421e-11
-8.12743e-12
5.94737e-12
-6.92611e-12
8.83021e-12
-7.20163e-12
-2.44053e-12
1.98863e-11
-3.81746e-11
4.69263e-11
-4.05109e-11
2.26645e-11
-3.89287e-12
-6.70928e-12
6.63224e-12
4.26918e-13
-9.07432e-12
1.51432e-11
-1.70934e-11
1.59319e-11
-1.49586e-11
1.68512e-11
-2.03776e-11
1.94701e-11
-8.16197e-12
-1.34164e-11
3.71642e-11
-5.26079e-11
5.3879e-11
-4.29338e-11
2.64727e-11
-1.16695e-11
3.07605e-12
-2.0995e-12
6.61998e-12
-1.23682e-11
1.55733e-11
-1.63629e-11
1.81717e-11
-2.37315e-11
3.05585e-11
-3.19982e-11
2.23328e-11
-1.98575e-12
-2.28076e-11
4.37913e-11
-5.51293e-11
5.4797e-11
-4.48262e-11
3.02252e-11
-1.73909e-11
1.05601e-11
-9.66801e-12
1.10789e-11
-1.19428e-11
1.28678e-11
-1.69216e-11
2.51716e-11
-3.45467e-11
3.92156e-11
-3.47306e-11
2.01652e-11
1.6122e-12
-2.54366e-11
4.49149e-11
-5.48026e-11
5.33496e-11
-4.38377e-11
3.21776e-11
-2.30707e-11
1.72571e-11
-1.3247e-11
1.02517e-11
-9.80347e-12
1.37078e-11
-2.19633e-11
3.19321e-11
-3.98906e-11
4.20104e-11
-3.54832e-11
1.93988e-11
3.42891e-12
-2.68311e-11
4.38724e-11
-5.10853e-11
4.96093e-11
-4.33184e-11
3.52572e-11
-2.68393e-11
1.8773e-11
-1.25545e-11
9.72013e-12
-1.11193e-11
1.64788e-11
-2.51366e-11
3.53197e-11
-4.35108e-11
4.47066e-11
-3.56058e-11
1.71656e-11
5.28353e-12
-2.56446e-11
3.9967e-11
-4.73182e-11
4.81093e-11
-4.35178e-11
3.53927e-11
-2.64545e-11
1.88023e-11
-1.33659e-11
1.0406e-11
-1.11942e-11
1.72452e-11
-2.82157e-11
4.0059e-11
-4.7025e-11
4.49535e-11
-3.36883e-11
1.59249e-11
4.45225e-12
-2.36815e-11
3.80853e-11
-4.53404e-11
4.55044e-11
-4.11366e-11
3.4811e-11
-2.75963e-11
1.94824e-11
-1.19439e-11
8.18452e-12
-1.11496e-11
2.05118e-11
-3.28024e-11
4.32723e-11
-4.82161e-11
4.52159e-11
-3.37239e-11
1.72087e-11
-4.5862e-12
2.32461e-13
2.37695e-13
4.59287e-14
2.65061e-14
4.07706e-15
0
