0
3.76498e-16
5.35672e-15
4.02983e-14
3.05301e-14
5.51601e-13
3.83654e-13
-6.03406e-12
1.27733e-11
-4.00415e-12
-2.06573e-11
3.73447e-11
-3.0062e-11
4.95755e-12
1.10475e-11
-6.4033e-12
-1.12233e-11
1.40849e-11
3.13786e-12
-3.00977e-11
3.6891e-11
-2.2805e-11
-1.42986e-12
5.68861e-12
5.23572e-12
-2.06368e-11
1.12774e-11
1.15214e-11
-3.59733e-11
3.23522e-11
-1.60792e-11
-2.46994e-12
-4.6108e-12
1.71202e-11
-2.59135e-11
5.69394e-12
1.83395e-11
-3.69089e-11
2.58125e-11
-1.1973e-11
2.31808e-12
-1.72259e-11
2.74174e-11
-2.72283e-11
4.76167e-13
2.16771e-11
-3.30274e-11
1.98878e-11
-1.1361e-11
1.17802e-11
-2.91441e-11
3.54494e-11
-2.60951e-11
-1.40368e-12
2.10285e-11
-2.57455e-11
1.66578e-11
-1.35837e-11
2.34912e-11
-3.80417e-11
4.1799e-11
-2.48004e-11
1.71515e-12
1.73029e-11
-1.71628e-11
1.66591e-11
-1.67066e-11
3.45278e-11
-4.32055e-11
4.78346e-11
-2.54947e-11
9.35061e-12
1.22324e-11
-9.18949e-12
1.83654e-11
-1.83965e-11
4.2447e-11
-4.5851e-11
5.46871e-11
-2.92047e-11
1.87898e-11
7.32155e-12
-2.73687e-12
1.85505e-11
-1.717e-11
4.60924e-11
-4.85054e-11
6.20583e-11
-3.52253e-11
2.60336e-11
2.79064e-12
2.55891e-12
1.36982e-11
-1.3455e-11
4.57776e-11
-5.34872e-11
6.75462e-11
-4.13286e-11
2.7579e-11
-2.77248e-12
7.78089e-12
2.00279e-12
-9.69438e-12
4.26442e-11
-6.11166e-11
6.72076e-11
-4.48403e-11
2.22423e-11
-1.14769e-11
1.35211e-11
-1.50279e-11
-9.0476e-12
3.75517e-11
-6.87473e-11
5.75799e-11
-4.40308e-11
1.191e-11
-2.39909e-11
1.87968e-11
-3.24944e-11
-1.30495e-11
3.03844e-11
-7.15602e-11
3.83907e-11
-3.88006e-11
4.99536e-13
-3.73877e-11
2.12165e-11
-4.40526e-11
-1.96274e-11
2.0702e-11
-6.51223e-11
1.42169e-11
-2.9871e-11
-8.48133e-12
-4.47727e-11
1.87815e-11
-4.49594e-11
-2.33024e-11
9.68038e-12
-4.82765e-11
-6.64618e-12
-1.69351e-11
-1.40436e-11
-3.80594e-11
1.2371e-11
-3.4309e-11
-1.83127e-11
1.76504e-12
-2.42437e-11
-1.63154e-11
2.39329e-12
-1.76828e-11
-1.31022e-11
6.56789e-12
-1.478e-11
-3.18531e-12
3.7052e-12
1.17811e-12
-1.22068e-11
3.07807e-11
-2.09791e-11
2.59528e-11
7.0239e-12
9.6519e-12
1.67421e-11
1.998e-11
2.2935e-11
1.00034e-12
6.65733e-11
-2.31546e-11
6.68013e-11
1.53011e-11
3.53903e-11
3.16626e-11
4.70649e-11
3.83424e-11
1.43417e-11
9.99292e-11
-2.18026e-11
9.44834e-11
2.54268e-11
5.78318e-11
3.35598e-11
7.17033e-11
4.50951e-11
2.03266e-11
1.14638e-10
-1.72363e-11
9.85652e-11
2.6577e-11
6.81375e-11
2.13427e-11
7.67892e-11
3.80935e-11
1.6279e-11
9.70435e-11
-1.61029e-11
7.64629e-11
1.14084e-11
5.34973e-11
3.8251e-14
5.21656e-11
1.06346e-11
2.29817e-12
4.6526e-11
-2.83691e-11
3.12995e-11
-1.68219e-11
5.07283e-12
-2.47671e-11
1.92933e-12
-3.7776e-11
-2.24178e-11
-2.16067e-11
-5.74943e-11
-3.06976e-11
-4.58426e-11
-7.02087e-11
-5.00006e-11
-5.81309e-11
-9.33201e-11
-5.76642e-11
-8.42486e-11
-9.25345e-11
-9.74409e-11
-6.37181e-11
-1.4554e-10
-7.07521e-11
-1.09505e-10
-1.30275e-10
-9.38945e-11
-1.22086e-10
-1.12203e-10
-1.45765e-10
-6.56091e-11
-1.85711e-10
-7.43166e-11
-1.36149e-10
-1.26275e-10
-1.08049e-10
-1.2372e-10
-9.9357e-11
-1.45455e-10
-5.0121e-11
-1.67027e-10
-4.45291e-11
-1.22592e-10
-7.76085e-11
-7.48909e-11
-8.24508e-11
-5.14926e-11
-7.81507e-11
-1.22501e-11
-8.85233e-11
2.24295e-11
-5.54854e-11
9.41146e-13
1.14019e-11
1.98344e-12
2.28696e-11
4.27974e-11
5.21751e-11
3.23375e-11
1.07452e-10
6.16497e-11
8.92435e-11
1.26759e-10
1.11408e-10
1.12334e-10
1.73702e-10
1.30822e-10
1.66759e-10
1.78636e-10
1.92287e-10
1.68662e-10
2.29719e-10
2.03395e-10
1.98547e-10
2.64731e-10
1.89615e-10
2.72833e-10
2.11813e-10
2.7509e-10
2.15095e-10
2.81321e-10
2.30515e-10
2.45627e-10
2.81728e-10
1.92194e-10
2.97997e-10
1.95647e-10
2.59577e-10
1.98056e-10
2.51643e-10
1.72285e-10
2.10066e-10
2.08376e-10
1.24518e-10
2.05887e-10
1.20254e-10
1.36449e-10
1.02155e-10
1.21736e-10
4.44301e-11
7.59279e-11
4.58231e-11
-3.78899e-12
1.22494e-11
-2.05552e-11
-6.38276e-11
-5.14039e-11
-9.59483e-11
-1.20904e-10
-1.22088e-10
-1.71628e-10
-1.71556e-10
-2.14045e-10
-2.03695e-10
-2.86086e-10
-2.15894e-10
-3.33808e-10
-2.87539e-10
-3.16513e-10
-3.69234e-10
-3.39485e-10
-3.91735e-10
-3.66548e-10
-4.53764e-10
-3.46757e-10
-4.88754e-10
-4.04051e-10
-4.38781e-10
-4.65908e-10
-4.36828e-10
-4.60925e-10
-4.38764e-10
-4.82474e-10
-4.03023e-10
-4.84015e-10
-4.08202e-10
-4.30052e-10
-4.21092e-10
-3.89583e-10
-3.84903e-10
-3.78014e-10
-3.30724e-10
-3.35889e-10
-3.07981e-10
-2.68022e-10
-2.55053e-10
-2.38428e-10
-1.80561e-10
-1.59065e-10
-1.72929e-10
-4.14679e-11
-1.18064e-10
-2.78456e-12
-8.43764e-12
5.55401e-11
5.52785e-11
1.32317e-10
1.60248e-10
1.51382e-10
2.86859e-10
2.05363e-10
3.48369e-10
3.08797e-10
3.90783e-10
3.96723e-10
4.52964e-10
4.66195e-10
5.01417e-10
5.58328e-10
5.23337e-10
6.24077e-10
5.98772e-10
6.23485e-10
6.68528e-10
6.73803e-10
6.60558e-10
7.27571e-10
6.9129e-10
7.15597e-10
7.13392e-10
7.423e-10
6.78304e-10
7.48016e-10
6.91358e-10
6.79268e-10
7.15001e-10
6.20096e-10
6.85404e-10
5.83927e-10
6.29599e-10
5.29503e-10
5.7731e-10
4.66152e-10
4.78002e-10
4.48655e-10
3.39962e-10
3.87703e-10
2.72941e-10
2.57421e-10
1.929e-10
1.75584e-10
6.77458e-11
6.80552e-11
-4.78486e-12
-7.55257e-11
-1.06294e-10
-1.60214e-10
-2.52385e-10
-2.47928e-10
-3.58334e-10
-3.80893e-10
-4.30814e-10
-5.13554e-10
-5.21336e-10
-6.10355e-10
-6.14934e-10
-7.25713e-10
-6.64257e-10
-8.3012e-10
-7.65833e-10
-8.39621e-10
-8.95177e-10
-8.73463e-10
-9.39891e-10
-9.34073e-10
-9.89017e-10
-9.39537e-10
-1.03316e-09
-9.66322e-10
-1.00961e-09
-1.00544e-09
-9.80846e-10
-9.89076e-10
-9.82086e-10
-9.26324e-10
-9.61608e-10
-8.89721e-10
-8.75613e-10
-8.51922e-10
-8.07266e-10
-7.57258e-10
-7.21582e-10
-7.05858e-10
-5.63274e-10
-6.41052e-10
-4.61116e-10
-4.8343e-10
-3.8543e-10
-3.34604e-10
-2.64053e-10
-1.96787e-10
-1.44108e-10
-3.44149e-11
-3.18651e-11
1.22601e-10
1.18319e-10
2.27947e-10
3.04388e-10
3.47639e-10
4.22909e-10
5.26892e-10
5.29868e-10
6.482e-10
6.85157e-10
7.56416e-10
7.88513e-10
8.90438e-10
8.94107e-10
9.56737e-10
1.03923e-09
9.93535e-10
1.14341e-09
1.0642e-09
1.17908e-09
1.14995e-09
1.20107e-09
1.18425e-09
1.23099e-09
1.21419e-09
1.1936e-09
1.25434e-09
1.16904e-09
1.19716e-09
1.18338e-09
1.12926e-09
1.1173e-09
1.10053e-09
1.01792e-09
1.03118e-09
9.31329e-10
9.28524e-10
8.26643e-10
8.2645e-10
6.909e-10
7.04846e-10
5.87268e-10
5.0573e-10
5.08996e-10
3.29259e-10
3.42377e-10
2.09399e-10
1.68145e-10
4.2008e-11
2.17229e-11
-1.13187e-10
-1.66438e-10
-2.40731e-10
-3.44115e-10
-4.01462e-10
-4.73126e-10
-5.8761e-10
-5.96092e-10
-7.21792e-10
-7.75963e-10
-8.03227e-10
-9.27529e-10
-9.27822e-10
-1.02657e-09
-1.02202e-09
-1.15461e-09
-1.08337e-09
-1.22504e-09
-1.19486e-09
-1.22964e-09
-1.28781e-09
-1.25072e-09
-1.31059e-09
-1.29397e-09
-1.29672e-09
-1.2949e-09
-1.30507e-09
-1.2514e-09
-1.27028e-09
-1.23449e-09
-1.19849e-09
-1.15624e-09
-1.17463e-09
-1.02931e-09
-1.09829e-09
-9.5556e-10
-9.47949e-10
-8.85292e-10
-7.96981e-10
-7.70737e-10
-6.64629e-10
-6.30561e-10
-5.07278e-10
-5.08343e-10
-3.40976e-10
-3.32881e-10
-2.33588e-10
-1.2972e-10
-7.80711e-11
-3.00513e-12
1.25697e-10
1.32999e-10
2.80824e-10
3.08765e-10
4.1061e-10
4.77008e-10
5.47931e-10
6.19948e-10
6.73954e-10
7.83419e-10
7.49009e-10
9.34588e-10
8.69603e-10
9.86553e-10
1.0199e-09
1.04659e-09
1.09052e-09
1.13535e-09
1.1374e-09
1.18494e-09
1.18777e-09
1.20459e-09
1.21322e-09
1.22613e-09
1.19636e-09
1.22192e-09
1.21113e-09
1.13301e-09
1.22944e-09
1.0732e-09
1.1462e-09
1.05289e-09
1.04536e-09
9.82841e-10
9.57554e-10
8.90678e-10
8.46692e-10
8.01639e-10
7.12001e-10
6.91272e-10
6.07946e-10
5.22866e-10
5.06267e-10
4.00082e-10
3.17732e-10
3.18611e-10
1.4592e-10
1.75543e-10
2.28912e-11
1.63452e-11
-1.06258e-10
-1.2736e-10
-2.40078e-10
-2.72745e-10
-3.40711e-10
-4.43455e-10
-4.33795e-10
-5.52993e-10
-5.92063e-10
-6.14766e-10
-7.07062e-10
-7.35667e-10
-7.55183e-10
-8.52063e-10
-8.13005e-10
-9.21704e-10
-8.8104e-10
-9.66039e-10
-9.23057e-10
-1.01465e-09
-9.49133e-10
-1.00498e-09
-1.01888e-09
-9.56241e-10
-1.02959e-09
-9.70201e-10
-9.68148e-10
-9.71312e-10
-9.28502e-10
-9.13091e-10
-9.07697e-10
-8.29303e-10
-8.57811e-10
-7.6753e-10
-7.74645e-10
-6.78384e-10
-7.19891e-10
-5.66989e-10
-6.13326e-10
-5.2053e-10
-4.54331e-10
-4.56974e-10
-3.41053e-10
-3.32003e-10
-2.64649e-10
-1.94173e-10
-1.6188e-10
-1.05231e-10
-2.04858e-11
-1.2617e-11
7.81852e-11
1.04911e-10
1.91248e-10
1.72188e-10
3.23823e-10
2.55159e-10
3.95185e-10
3.85268e-10
4.24804e-10
5.07302e-10
4.84748e-10
5.5196e-10
5.87198e-10
5.87598e-10
6.28919e-10
6.60541e-10
6.5289e-10
6.92503e-10
6.89253e-10
7.18064e-10
6.87419e-10
7.58979e-10
6.57842e-10
7.79016e-10
6.62563e-10
7.17154e-10
7.07516e-10
6.54399e-10
6.75584e-10
6.50822e-10
6.10309e-10
6.16512e-10
5.70295e-10
5.51112e-10
5.29696e-10
4.86086e-10
4.6488e-10
4.26254e-10
4.12995e-10
3.15307e-10
3.90979e-10
2.23152e-10
2.93731e-10
2.00009e-10
1.69861e-10
1.52048e-10
9.46478e-11
5.56325e-11
5.25527e-11
-3.89605e-11
-2.41091e-11
-8.29568e-11
-1.13661e-10
-1.49673e-10
-1.66161e-10
-2.08384e-10
-2.53317e-10
-2.2076e-10
-3.43152e-10
-2.54012e-10
-3.77548e-10
-3.35587e-10
-3.64177e-10
-4.05543e-10
-4.01445e-10
-3.9349e-10
-4.66079e-10
-3.96789e-10
-4.72382e-10
-4.27089e-10
-4.65916e-10
-4.39753e-10
-4.61862e-10
-4.39966e-10
-4.41459e-10
-4.63146e-10
-3.83404e-10
-4.72241e-10
-3.77099e-10
-4.0308e-10
-3.97823e-10
-3.55239e-10
-3.53448e-10
-3.5734e-10
-2.74786e-10
-3.54232e-10
-2.29057e-10
-2.90587e-10
-2.20051e-10
-2.30856e-10
-1.73214e-10
-1.90923e-10
-1.42183e-10
-1.15291e-10
-1.26414e-10
-5.63972e-11
-7.53239e-11
-3.88521e-11
7.30648e-12
-2.34711e-11
3.92255e-11
6.68675e-11
1.67492e-11
1.44255e-10
5.04687e-11
1.56957e-10
1.12052e-10
1.6418e-10
1.536e-10
1.9508e-10
1.67717e-10
2.17874e-10
2.06994e-10
2.16034e-10
2.22427e-10
2.57267e-10
2.01046e-10
2.8062e-10
2.24216e-10
2.45352e-10
2.81654e-10
1.95923e-10
3.01081e-10
2.14381e-10
2.48889e-10
2.45356e-10
2.32469e-10
2.16759e-10
2.44406e-10
1.85684e-10
2.37566e-10
1.69412e-10
2.13516e-10
1.51421e-10
2.0799e-10
1.11546e-10
1.84813e-10
1.23971e-10
1.09433e-10
1.4248e-10
7.40432e-11
1.00101e-10
8.81309e-11
3.45041e-11
8.75486e-11
2.57369e-11
1.50378e-11
5.5595e-11
-3.52951e-11
3.3256e-11
-4.37935e-11
1.18941e-12
-5.84811e-11
-1.72575e-11
-8.08914e-11
-3.44597e-11
-8.23863e-11
-7.72674e-11
-7.90367e-11
-7.61605e-11
-1.3159e-10
-4.7259e-11
-1.57464e-10
-7.06647e-11
-1.2274e-10
-1.3389e-10
-7.87704e-11
-1.54631e-10
-1.05025e-10
-1.13504e-10
-1.35501e-10
-1.11726e-10
-1.17047e-10
-1.31242e-10
-9.40214e-11
-1.39679e-10
-8.822e-11
-1.30312e-10
-7.47424e-11
-1.45867e-10
-4.44712e-11
-1.36488e-10
-6.69166e-11
-8.29457e-11
-9.05202e-11
-6.28225e-11
-6.28724e-11
-9.45004e-11
-2.37791e-12
-1.08468e-10
-1.01433e-11
-4.6392e-11
-5.18368e-11
-3.09598e-12
-4.77822e-11
-3.74757e-12
-1.65006e-11
-1.10968e-11
-4.69553e-12
1.4914e-11
-1.13414e-11
2.28884e-11
1.02483e-11
2.74888e-11
2.78539e-12
6.36675e-11
-2.12932e-11
9.21585e-11
-1.46288e-11
6.58185e-11
4.41093e-11
2.40069e-11
5.77265e-11
5.76423e-11
1.34632e-11
9.95575e-11
-3.0071e-12
9.03207e-11
3.76674e-11
4.07425e-11
6.97827e-11
3.80758e-11
5.41401e-11
4.86532e-11
5.20953e-11
4.03831e-11
5.6003e-11
3.4428e-11
5.01431e-11
4.28265e-11
3.68904e-11
2.67525e-11
7.25798e-11
-2.20956e-11
9.17125e-11
-1.8801e-11
5.40747e-11
2.39856e-11
7.09741e-12
3.36819e-11
2.84301e-11
-2.39054e-11
7.17608e-11
-4.4925e-11
5.07987e-11
-1.45447e-11
7.31583e-12
1.28996e-11
-6.61741e-12
-5.12442e-12
9.16853e-12
-1.31129e-11
-4.59938e-12
-6.03861e-12
-8.57591e-12
-1.51079e-11
-4.16694e-12
-1.92507e-11
-1.72598e-11
8.39996e-12
-6.18424e-11
3.90469e-11
-6.09919e-11
1.94719e-12
-1.59446e-11
-3.28751e-11
-6.57678e-12
-1.1245e-11
-5.80245e-11
4.44051e-11
-8.56146e-11
3.14201e-11
-4.46153e-11
-1.20844e-11
-1.38738e-11
-1.9885e-11
-2.60323e-11
8.4383e-12
-4.84565e-11
1.24972e-11
-3.17115e-11
-4.46531e-13
-2.75031e-11
2.42766e-12
-2.2888e-11
-4.14522e-12
-5.54625e-12
-2.88903e-11
2.3125e-11
-3.42182e-11
2.10192e-12
6.79462e-12
-2.76759e-11
1.37347e-11
-1.96865e-12
-3.09749e-11
5.31869e-11
-6.71266e-11
5.27629e-11
-2.41309e-11
3.90872e-13
1.25678e-11
-5.20419e-12
-6.3044e-12
3.6432e-11
-4.95873e-11
5.98187e-11
-3.85016e-11
3.08478e-11
-1.02023e-11
1.66023e-11
-6.59208e-12
2.08387e-11
-1.24874e-11
2.39315e-11
-6.0847e-12
1.31795e-11
-5.12536e-12
2.92628e-11
-2.40261e-11
3.20354e-11
-7.40655e-12
1.85466e-12
3.02555e-11
-3.188e-11
3.71259e-11
-3.0486e-12
-1.14224e-11
3.428e-11
-2.02737e-11
9.78074e-12
2.7923e-11
-4.64729e-11
6.57106e-11
-4.75593e-11
2.80491e-11
2.80863e-12
-7.71043e-12
9.08244e-12
9.95141e-12
-2.73809e-11
5.03189e-11
-5.16035e-11
4.3008e-11
-2.68524e-11
2.07334e-11
-1.64388e-11
1.67401e-11
-1.96241e-11
2.35766e-11
-2.28441e-11
1.61641e-11
-1.42603e-11
1.80268e-11
-3.01961e-11
3.55186e-11
-3.61057e-11
2.31498e-11
-9.38317e-12
-1.2481e-11
2.25916e-11
-2.17361e-11
-3.10592e-12
2.40787e-11
-4.02167e-11
3.45668e-11
-2.19795e-11
-1.01722e-11
3.65889e-11
-5.32744e-11
3.90011e-11
-1.79444e-11
-9.66083e-12
2.13847e-11
-2.45975e-11
3.9512e-12
2.09107e-11
-4.76119e-11
5.25595e-11
-4.61691e-11
2.63938e-11
-1.33102e-11
1.98891e-12
-3.79466e-12
1.16072e-11
-2.85593e-11
3.59398e-11
-3.58887e-11
2.97097e-11
-2.974e-11
2.83113e-11
-2.78581e-11
2.78622e-11
-3.02976e-11
2.46353e-11
-1.33343e-11
5.35017e-12
-8.89174e-12
1.95669e-11
-3.23375e-11
4.35913e-11
-4.69292e-11
3.67018e-11
-1.35092e-11
-9.84748e-12
2.20957e-11
-1.56621e-11
-2.99273e-12
2.71163e-11
-4.47208e-11
4.94055e-11
-3.18818e-11
1.01519e-12
2.85069e-11
-3.90347e-11
3.34412e-11
-1.36121e-11
-1.17873e-11
3.4495e-11
-3.5551e-11
1.62957e-11
1.21746e-11
-3.28887e-11
4.48172e-11
-4.19024e-11
2.55957e-11
-1.89056e-12
-1.09397e-11
9.42199e-12
3.46869e-12
-1.80488e-11
3.2213e-11
-3.90038e-11
3.71255e-11
-2.72069e-11
1.8501e-11
-1.51913e-11
1.83271e-11
-2.16074e-11
2.33093e-11
-2.36227e-11
2.423e-11
-2.30364e-11
2.30977e-11
-2.89213e-11
3.84739e-11
-4.15303e-11
3.47432e-11
-2.41857e-11
1.41175e-11
-4.96997e-12
2.56195e-12
-1.48031e-11
3.58521e-11
-5.09902e-11
5.24886e-11
-4.33932e-11
2.48641e-11
-9.70216e-13
-1.62296e-11
1.33653e-11
6.69109e-12
-3.18598e-11
5.06343e-11
-5.71597e-11
4.54748e-11
-1.84661e-11
-1.16655e-11
2.83407e-11
-2.51278e-11
4.70101e-12
2.20803e-11
-4.42096e-11
5.09042e-11
-3.82755e-11
9.99634e-12
1.92786e-11
-3.51077e-11
3.15243e-11
-1.43056e-11
-9.49718e-12
3.06296e-11
-3.79426e-11
2.44917e-11
6.09129e-13
-2.25098e-11
3.37645e-11
-3.44528e-11
2.24883e-11
-1.30628e-12
-1.55531e-11
1.65963e-11
-6.0091e-12
-7.43068e-12
2.11106e-11
-3.24619e-11
3.32442e-11
-2.2323e-11
1.0362e-11
-5.69849e-12
5.76372e-12
-7.91453e-12
1.43293e-11
-2.29539e-11
2.63991e-11
-2.35428e-11
2.09873e-11
-2.17438e-11
2.27328e-11
-2.26649e-11
2.33324e-11
-2.35329e-11
2.05039e-11
-1.58772e-11
1.48401e-11
-1.94643e-11
2.74107e-11
-3.48721e-11
3.88917e-11
-3.71888e-11
2.90572e-11
-1.67929e-11
6.74976e-12
-5.79446e-12
1.53946e-11
-3.01211e-11
4.34448e-11
-5.08768e-11
4.80565e-11
-3.2831e-11
1.20703e-11
1.4564e-12
-1.26004e-12
-9.99803e-12
2.83602e-11
-4.90137e-11
6.08866e-11
-5.3988e-11
3.23427e-11
-9.60144e-12
-5.62078e-12
9.83621e-12
1.73238e-12
-2.79564e-11
5.37184e-11
-6.30432e-11
5.43856e-11
-3.48697e-11
9.46215e-12
1.32165e-11
-1.84686e-11
8.01833e-13
2.71635e-11
-5.00568e-11
6.15806e-11
-5.80402e-11
3.58762e-11
-3.872e-12
-1.83914e-11
1.9661e-11
-4.39756e-12
-1.99617e-11
4.67228e-11
-6.32149e-11
5.67908e-11
-3.09986e-11
2.10504e-12
1.75833e-11
-2.34211e-11
1.13224e-11
1.67491e-11
-4.58551e-11
5.86615e-11
-5.13333e-11
3.03546e-11
-3.15305e-12
-2.06892e-11
2.7728e-11
-1.26197e-11
-1.4836e-11
3.95878e-11
-5.27943e-11
4.98673e-11
-2.9602e-11
3.80642e-14
2.25253e-11
-2.7004e-11
1.40606e-11
9.34183e-12
-3.4629e-11
5.0234e-11
-4.67668e-11
2.57523e-11
9.01528e-13
-2.11381e-11
2.75912e-11
-1.73028e-11
-6.44706e-12
3.19489e-11
-4.59046e-11
4.23581e-11
-2.43791e-11
-3.47629e-13
2.1448e-11
-2.87275e-11
1.80636e-11
4.65087e-12
-2.80629e-11
4.18593e-11
-4.03413e-11
2.35869e-11
9.98563e-13
-2.15429e-11
2.82328e-11
-1.87335e-11
-2.21438e-12
2.5214e-11
-3.98067e-11
3.87647e-11
-2.258e-11
-9.19928e-13
2.07483e-11
-2.81592e-11
1.97474e-11
7.07776e-13
-2.37171e-11
3.83142e-11
-3.78592e-11
2.26958e-11
1.4804e-13
-2.03023e-11
2.82688e-11
-2.03021e-11
1.4784e-13
2.2696e-11
-3.78593e-11
3.83143e-11
-2.37171e-11
7.07566e-13
1.97476e-11
-2.81593e-11
2.07483e-11
-9.19846e-13
-2.25801e-11
3.8765e-11
-3.9807e-11
2.52141e-11
-2.21419e-12
-1.87338e-11
2.8233e-11
-2.15431e-11
9.98756e-13
2.35869e-11
-4.03416e-11
4.18598e-11
-2.80634e-11
4.65122e-12
1.80634e-11
-2.87275e-11
2.14483e-11
-3.48283e-13
-2.43784e-11
4.23575e-11
-4.59041e-11
3.19487e-11
-6.44726e-12
-1.73022e-11
2.75904e-11
-2.11374e-11
9.00931e-13
2.57527e-11
-4.6767e-11
5.02338e-11
-3.46286e-11
9.34134e-12
1.40611e-11
-2.70045e-11
2.25257e-11
3.79268e-14
-2.9602e-11
4.98673e-11
-5.27944e-11
3.95881e-11
-1.48362e-11
-1.26195e-11
2.77278e-11
-2.06889e-11
-3.15326e-12
3.03548e-11
-5.13334e-11
5.86615e-11
-4.58549e-11
1.67488e-11
1.13228e-11
-2.34215e-11
1.75838e-11
2.10476e-12
-3.09985e-11
5.67908e-11
-6.32152e-11
4.67232e-11
-1.99622e-11
-4.39715e-12
1.96608e-11
-1.83913e-11
-3.87193e-12
3.5876e-11
-5.80399e-11
6.15803e-11
-5.00565e-11
2.71633e-11
8.0185e-13
-1.84685e-11
1.32163e-11
9.46236e-12
-3.48698e-11
5.43857e-11
-6.30433e-11
5.37184e-11
-2.79564e-11
1.73228e-12
9.83626e-12
-5.62088e-12
-9.60124e-12
3.23426e-11
-5.3988e-11
6.08867e-11
-4.90137e-11
2.83603e-11
-9.99839e-12
-1.25976e-12
1.45634e-12
1.20703e-11
-3.2831e-11
4.80563e-11
-5.08764e-11
4.34444e-11
-3.01209e-11
1.53946e-11
-5.79446e-12
6.74989e-12
-1.67931e-11
2.90575e-11
-3.71891e-11
3.88918e-11
-3.48721e-11
2.74106e-11
-1.94642e-11
1.48401e-11
-1.58771e-11
2.05038e-11
-2.35329e-11
2.33325e-11
-2.2665e-11
2.27327e-11
-2.17437e-11
2.09874e-11
-2.35428e-11
2.63989e-11
-2.29537e-11
1.43292e-11
-7.91441e-12
5.76345e-12
-5.69824e-12
1.03619e-11
-2.23232e-11
3.32445e-11
-3.24622e-11
2.11111e-11
-7.43128e-12
-6.00866e-12
1.65962e-11
-1.55532e-11
-1.30611e-12
2.2488e-11
-3.44523e-11
3.37639e-11
-2.25093e-11
6.08747e-13
2.4492e-11
-3.79428e-11
3.06296e-11
-9.49695e-12
-1.4306e-11
3.15248e-11
-3.51084e-11
1.92792e-11
9.996e-12
-3.82754e-11
5.09042e-11
-4.42099e-11
2.20807e-11
4.70055e-12
-2.51277e-11
2.83408e-11
-1.16657e-11
-1.84658e-11
4.54745e-11
-5.71596e-11
5.06345e-11
-3.18603e-11
6.6918e-12
1.33646e-11
-1.62291e-11
-9.70281e-13
2.48639e-11
-4.33927e-11
5.24878e-11
-5.09894e-11
3.58516e-11
-1.4803e-11
2.56213e-12
-4.97024e-12
1.41179e-11
-2.41861e-11
3.47435e-11
-4.15304e-11
3.84737e-11
-2.89212e-11
2.30977e-11
-2.30364e-11
2.423e-11
-2.36228e-11
2.33094e-11
-2.16075e-11
1.83271e-11
-1.51913e-11
1.85009e-11
-2.72068e-11
3.71255e-11
-3.90039e-11
3.2213e-11
-1.80486e-11
3.46861e-12
9.42205e-12
-1.09399e-11
-1.89027e-12
2.55955e-11
-4.19025e-11
4.48174e-11
-3.28889e-11
1.21748e-11
1.62954e-11
-3.55507e-11
3.4495e-11
-1.17876e-11
-1.36118e-11
3.34409e-11
-3.90344e-11
2.85067e-11
1.01516e-12
-3.18816e-11
4.9405e-11
-4.47204e-11
2.71161e-11
-2.99272e-12
-1.56619e-11
2.20952e-11
-9.84693e-12
-1.35097e-11
3.67021e-11
-4.69292e-11
4.3591e-11
-3.23371e-11
1.95664e-11
-8.89125e-12
5.3499e-12
-1.33343e-11
2.46354e-11
-3.02976e-11
2.78624e-11
-2.78584e-11
2.83115e-11
-2.97401e-11
2.97098e-11
-3.5889e-11
3.594e-11
-2.85593e-11
1.16071e-11
-3.79459e-12
1.98871e-12
-1.33098e-11
2.63934e-11
-4.61689e-11
5.25594e-11
-4.7612e-11
2.0911e-11
3.9508e-12
-2.4597e-11
2.13844e-11
-9.66061e-12
-1.79445e-11
3.9001e-11
-5.32741e-11
3.65885e-11
-1.01718e-11
-2.19799e-11
3.45671e-11
-4.02168e-11
2.40786e-11
-3.10571e-12
-2.17363e-11
2.25918e-11
-1.24812e-11
-9.38297e-12
2.31496e-11
-3.61057e-11
3.55186e-11
-3.01958e-11
1.80265e-11
-1.42602e-11
1.61641e-11
-2.28441e-11
2.35767e-11
-1.96244e-11
1.67404e-11
-1.64391e-11
2.07335e-11
-2.68523e-11
4.30079e-11
-5.16034e-11
5.03189e-11
-2.73809e-11
9.95143e-12
9.08233e-12
-7.71017e-12
2.80839e-12
2.80491e-11
-4.75589e-11
6.57101e-11
-4.64726e-11
2.79227e-11
9.78102e-12
-2.02738e-11
3.42798e-11
-1.14218e-11
-3.04918e-12
3.71263e-11
-3.18802e-11
3.02557e-11
1.85463e-12
-7.40671e-12
3.20357e-11
-2.40265e-11
2.92631e-11
-5.12548e-12
1.31797e-11
-6.08497e-12
2.39318e-11
-1.24874e-11
2.08385e-11
-6.5919e-12
1.66022e-11
-1.0202e-11
3.08475e-11
-3.85012e-11
5.98185e-11
-4.95872e-11
3.6432e-11
-6.30426e-12
-5.20439e-12
1.25679e-11
3.90879e-13
-2.41311e-11
5.27631e-11
-6.71269e-11
5.31873e-11
-3.09754e-11
-1.9682e-12
1.37345e-11
-2.76758e-11
6.79451e-12
2.1021e-12
-3.42182e-11
2.31248e-11
-2.889e-11
-5.54665e-12
-4.14467e-12
-2.28886e-11
2.42815e-12
-2.75034e-11
-4.46432e-13
-3.17113e-11
1.24968e-11
-4.8456e-11
8.4381e-12
-2.60323e-11
-1.9885e-11
-1.38739e-11
-1.20843e-11
-4.46153e-11
3.14199e-11
-8.56142e-11
4.44046e-11
-5.80242e-11
-1.12451e-11
-6.57686e-12
-3.2875e-11
-1.59448e-11
1.9474e-12
-6.0992e-11
3.90469e-11
-6.18423e-11
8.39995e-12
-1.726e-11
-1.92505e-11
-4.16723e-12
-1.51076e-11
-8.57613e-12
-6.03856e-12
-4.59927e-12
-1.31131e-11
9.16875e-12
-5.12467e-12
-6.61719e-12
1.28995e-11
7.31589e-12
-1.45448e-11
5.07989e-11
-4.49252e-11
7.17609e-11
-2.39054e-11
2.84301e-11
3.36819e-11
7.09723e-12
2.39859e-11
5.40744e-11
-1.88008e-11
9.17123e-11
-2.20953e-11
7.25797e-11
2.67524e-11
3.68906e-11
4.28264e-11
5.01432e-11
3.44278e-11
5.60032e-11
4.03829e-11
5.20953e-11
4.86533e-11
5.41401e-11
3.80757e-11
6.97828e-11
4.07427e-11
3.76672e-11
9.03208e-11
-3.00702e-12
9.95575e-11
1.34631e-11
5.76423e-11
5.77266e-11
2.40068e-11
4.41092e-11
6.58187e-11
-1.46289e-11
9.21585e-11
-2.1293e-11
6.36673e-11
2.78558e-12
2.74886e-11
1.02484e-11
2.28884e-11
-1.13416e-11
1.49143e-11
-4.69573e-12
-1.10967e-11
-1.65004e-11
-3.74781e-12
-4.7782e-11
-3.09611e-12
-5.18368e-11
-4.63919e-11
-1.01436e-11
-1.08468e-10
-2.37827e-12
-9.45002e-11
-6.28725e-11
-6.28225e-11
-9.05202e-11
-8.29457e-11
-6.69165e-11
-1.36488e-10
-4.44712e-11
-1.45867e-10
-7.47424e-11
-1.30312e-10
-8.82199e-11
-1.39679e-10
-9.40212e-11
-1.31243e-10
-1.17047e-10
-1.11726e-10
-1.355e-10
-1.13504e-10
-1.05025e-10
-1.54631e-10
-7.87702e-11
-1.3389e-10
-1.2274e-10
-7.06646e-11
-1.57464e-10
-4.72587e-11
-1.31591e-10
-7.61601e-11
-7.90371e-11
-7.72672e-11
-8.23864e-11
-3.44596e-11
-8.08916e-11
-1.72572e-11
-5.84814e-11
1.18983e-12
-4.37938e-11
3.32561e-11
-3.52947e-11
5.55944e-11
1.50385e-11
2.57363e-11
8.75491e-11
3.45038e-11
8.81312e-11
1.001e-10
7.40433e-11
1.4248e-10
1.09433e-10
1.23971e-10
1.84813e-10
1.11546e-10
2.0799e-10
1.51422e-10
2.13515e-10
1.69412e-10
2.37565e-10
1.85684e-10
2.44406e-10
2.16759e-10
2.3247e-10
2.45356e-10
2.48889e-10
2.1438e-10
3.01081e-10
1.95923e-10
2.81653e-10
2.45352e-10
2.24215e-10
2.80621e-10
2.01045e-10
2.57268e-10
2.22426e-10
2.16035e-10
2.06993e-10
2.17874e-10
1.67717e-10
1.9508e-10
1.53601e-10
1.6418e-10
1.12052e-10
1.56957e-10
5.0469e-11
1.44254e-10
1.67493e-11
6.68676e-11
3.92253e-11
-2.34709e-11
7.30624e-12
-3.88519e-11
-7.5324e-11
-5.63973e-11
-1.26414e-10
-1.15291e-10
-1.42183e-10
-1.90923e-10
-1.73214e-10
-2.30855e-10
-2.20051e-10
-2.90587e-10
-2.29057e-10
-3.54232e-10
-2.74786e-10
-3.5734e-10
-3.53449e-10
-3.55238e-10
-3.97823e-10
-4.0308e-10
-3.77099e-10
-4.72242e-10
-3.83404e-10
-4.63146e-10
-4.41458e-10
-4.39966e-10
-4.61862e-10
-4.39753e-10
-4.65915e-10
-4.27089e-10
-4.72382e-10
-3.96789e-10
-4.66079e-10
-3.9349e-10
-4.01445e-10
-4.05543e-10
-3.64176e-10
-3.35587e-10
-3.77547e-10
-2.54012e-10
-3.43152e-10
-2.20759e-10
-2.53318e-10
-2.08384e-10
-1.66161e-10
-1.49673e-10
-1.13662e-10
-8.29567e-11
-2.41092e-11
-3.89603e-11
5.25525e-11
5.56326e-11
9.46479e-11
1.52048e-10
1.69861e-10
2.00008e-10
2.93732e-10
2.23151e-10
3.90979e-10
3.15307e-10
4.12995e-10
4.26254e-10
4.6488e-10
4.86086e-10
5.29697e-10
5.51111e-10
5.70295e-10
6.16512e-10
6.10309e-10
6.50821e-10
6.75584e-10
6.54399e-10
7.07515e-10
7.17154e-10
6.62563e-10
7.79016e-10
6.57842e-10
7.5898e-10
6.87418e-10
7.18065e-10
6.89252e-10
6.92504e-10
6.5289e-10
6.60541e-10
6.28919e-10
5.87598e-10
5.87198e-10
5.5196e-10
4.84748e-10
5.07303e-10
4.24804e-10
3.85268e-10
3.95185e-10
2.55159e-10
3.23824e-10
1.72188e-10
1.91248e-10
1.04911e-10
7.81855e-11
-1.26172e-11
-2.04857e-11
-1.05231e-10
-1.61879e-10
-1.94173e-10
-2.64649e-10
-3.32003e-10
-3.41054e-10
-4.56973e-10
-4.54332e-10
-5.20529e-10
-6.13326e-10
-5.66989e-10
-7.19891e-10
-6.78384e-10
-7.74645e-10
-7.6753e-10
-8.57811e-10
-8.29303e-10
-9.07697e-10
-9.1309e-10
-9.28502e-10
-9.71312e-10
-9.68148e-10
-9.70201e-10
-1.02959e-09
-9.5624e-10
-1.01888e-09
-1.00498e-09
-9.49133e-10
-1.01465e-09
-9.23057e-10
-9.6604e-10
-8.8104e-10
-9.21705e-10
-8.13004e-10
-8.52064e-10
-7.55182e-10
-7.35667e-10
-7.07062e-10
-6.14766e-10
-5.92063e-10
-5.52992e-10
-4.33796e-10
-4.43454e-10
-3.40712e-10
-2.72745e-10
-2.40078e-10
-1.2736e-10
-1.06258e-10
1.63453e-11
2.28913e-11
1.75543e-10
1.4592e-10
3.18611e-10
3.17732e-10
4.00082e-10
5.06267e-10
5.22865e-10
6.07946e-10
6.91272e-10
7.12001e-10
8.01639e-10
8.46692e-10
8.90678e-10
9.57554e-10
9.82841e-10
1.04536e-09
1.05289e-09
1.1462e-09
1.0732e-09
1.22944e-09
1.13301e-09
1.21113e-09
1.22192e-09
1.19637e-09
1.22613e-09
1.21322e-09
1.20459e-09
1.18777e-09
1.18494e-09
1.1374e-09
1.13535e-09
1.09052e-09
1.04659e-09
1.0199e-09
9.86554e-10
8.69603e-10
9.34588e-10
7.49009e-10
7.83419e-10
6.73954e-10
6.19948e-10
5.4793e-10
4.77008e-10
4.1061e-10
3.08765e-10
2.80824e-10
1.32999e-10
1.25697e-10
-3.0049e-12
-7.80714e-11
-1.2972e-10
-2.33588e-10
-3.32882e-10
-3.40976e-10
-5.08344e-10
-5.07278e-10
-6.3056e-10
-6.64629e-10
-7.70737e-10
-7.9698e-10
-8.85293e-10
-9.47948e-10
-9.5556e-10
-1.09829e-09
-1.02931e-09
-1.17463e-09
-1.15624e-09
-1.19849e-09
-1.23449e-09
-1.27028e-09
-1.2514e-09
-1.30507e-09
-1.2949e-09
-1.29672e-09
-1.29397e-09
-1.31059e-09
-1.25072e-09
-1.28781e-09
-1.22964e-09
-1.19486e-09
-1.22504e-09
-1.08337e-09
-1.15461e-09
-1.02202e-09
-1.02657e-09
-9.27823e-10
-9.27528e-10
-8.03227e-10
-7.75963e-10
-7.21792e-10
-5.96092e-10
-5.8761e-10
-4.73125e-10
-4.01462e-10
-3.44115e-10
-2.40732e-10
-1.66438e-10
-1.13187e-10
2.17227e-11
4.20083e-11
1.68145e-10
2.094e-10
3.42377e-10
3.29259e-10
5.08996e-10
5.0573e-10
5.87268e-10
7.04846e-10
6.909e-10
8.2645e-10
8.26643e-10
9.28525e-10
9.31329e-10
1.03118e-09
1.01792e-09
1.10053e-09
1.1173e-09
1.12926e-09
1.18338e-09
1.19716e-09
1.16904e-09
1.25434e-09
1.1936e-09
1.21419e-09
1.23099e-09
1.18425e-09
1.20107e-09
1.14995e-09
1.17908e-09
1.0642e-09
1.14341e-09
9.93535e-10
1.03923e-09
9.56737e-10
8.94107e-10
8.90438e-10
7.88514e-10
7.56416e-10
6.85158e-10
6.482e-10
5.29868e-10
5.26892e-10
4.22909e-10
3.47639e-10
3.04388e-10
2.27947e-10
1.1832e-10
1.22601e-10
-3.1865e-11
-3.44148e-11
-1.44108e-10
-1.96787e-10
-2.64054e-10
-3.34604e-10
-3.8543e-10
-4.8343e-10
-4.61116e-10
-6.41051e-10
-5.63274e-10
-7.05858e-10
-7.21581e-10
-7.57258e-10
-8.07266e-10
-8.51922e-10
-8.75613e-10
-8.89721e-10
-9.61608e-10
-9.26324e-10
-9.82086e-10
-9.89076e-10
-9.80846e-10
-1.00544e-09
-1.00961e-09
-9.66322e-10
-1.03316e-09
-9.39537e-10
-9.89017e-10
-9.34073e-10
-9.39891e-10
-8.73463e-10
-8.95177e-10
-8.39621e-10
-7.65833e-10
-8.30119e-10
-6.64257e-10
-7.25713e-10
-6.14934e-10
-6.10355e-10
-5.21335e-10
-5.13555e-10
-4.30814e-10
-3.80893e-10
-3.58334e-10
-2.47929e-10
-2.52385e-10
-1.60214e-10
-1.06294e-10
-7.55256e-11
-4.785e-12
6.80553e-11
6.77457e-11
1.75584e-10
1.929e-10
2.57421e-10
2.7294e-10
3.87703e-10
3.39962e-10
4.48655e-10
4.78002e-10
4.66152e-10
5.7731e-10
5.29503e-10
6.29599e-10
5.83927e-10
6.85404e-10
6.20096e-10
7.15001e-10
6.79268e-10
6.91358e-10
7.48016e-10
6.78304e-10
7.42301e-10
7.13392e-10
7.15597e-10
6.9129e-10
7.2757e-10
6.60558e-10
6.73803e-10
6.68528e-10
6.23485e-10
5.98772e-10
6.24077e-10
5.23337e-10
5.58329e-10
5.01417e-10
4.66195e-10
4.52964e-10
3.96722e-10
3.90783e-10
3.08797e-10
3.48368e-10
2.05364e-10
2.86859e-10
1.51382e-10
1.60248e-10
1.32318e-10
5.52782e-11
5.55406e-11
-8.43815e-12
-2.78406e-12
-1.18065e-10
-4.14678e-11
-1.72929e-10
-1.59065e-10
-1.80561e-10
-2.38428e-10
-2.55053e-10
-2.68022e-10
-3.07982e-10
-3.35889e-10
-3.30724e-10
-3.78014e-10
-3.84903e-10
-3.89583e-10
-4.21092e-10
-4.30052e-10
-4.08202e-10
-4.84015e-10
-4.03023e-10
-4.82474e-10
-4.38764e-10
-4.60925e-10
-4.36828e-10
-4.65908e-10
-4.38781e-10
-4.04051e-10
-4.88754e-10
-3.46757e-10
-4.53764e-10
-3.66547e-10
-3.91735e-10
-3.39485e-10
-3.69234e-10
-3.16513e-10
-2.87539e-10
-3.33808e-10
-2.15894e-10
-2.86085e-10
-2.03696e-10
-2.14045e-10
-1.71556e-10
-1.71628e-10
-1.22087e-10
-1.20905e-10
-9.59485e-11
-5.14034e-11
-6.3828e-11
-2.05551e-11
1.22497e-11
-3.78957e-12
4.58237e-11
7.59275e-11
4.443e-11
1.21736e-10
1.02155e-10
1.3645e-10
1.20254e-10
2.05886e-10
1.24518e-10
2.08375e-10
2.10066e-10
1.72286e-10
2.51642e-10
1.98057e-10
2.59577e-10
1.95647e-10
2.97997e-10
1.92194e-10
2.81728e-10
2.45627e-10
2.30514e-10
2.81321e-10
2.15095e-10
2.7509e-10
2.11814e-10
2.72832e-10
1.89615e-10
2.64731e-10
1.98547e-10
2.03395e-10
2.29719e-10
1.68661e-10
1.92287e-10
1.78636e-10
1.66759e-10
1.30822e-10
1.73702e-10
1.12334e-10
1.11407e-10
1.2676e-10
8.92432e-11
6.16497e-11
1.07452e-10
3.23374e-11
5.21748e-11
4.27982e-11
2.28687e-11
1.98392e-12
1.14018e-11
9.41015e-13
-5.54854e-11
2.24299e-11
-8.85238e-11
-1.22496e-11
-7.81509e-11
-5.14925e-11
-8.24509e-11
-7.48909e-11
-7.76084e-11
-1.22592e-10
-4.45291e-11
-1.67027e-10
-5.01212e-11
-1.45455e-10
-9.93564e-11
-1.23721e-10
-1.08048e-10
-1.26275e-10
-1.36149e-10
-7.43167e-11
-1.85711e-10
-6.56098e-11
-1.45764e-10
-1.12203e-10
-1.22086e-10
-9.38947e-11
-1.30275e-10
-1.09505e-10
-7.07516e-11
-1.45541e-10
-6.3718e-11
-9.7441e-11
-9.25343e-11
-8.42489e-11
-5.76639e-11
-9.33204e-11
-5.81307e-11
-5.00007e-11
-7.02086e-11
-4.58428e-11
-3.06973e-11
-5.74947e-11
-2.16064e-11
-2.24179e-11
-3.77758e-11
1.92908e-12
-2.47668e-11
5.07247e-12
-1.68216e-11
3.12995e-11
-2.8369e-11
4.65259e-11
2.29847e-12
1.06342e-11
5.21658e-11
3.84247e-14
5.3497e-11
1.14088e-11
7.64628e-11
-1.6103e-11
9.70436e-11
1.62792e-11
3.8093e-11
7.67899e-11
2.1342e-11
6.81378e-11
2.65769e-11
9.85652e-11
-1.72365e-11
1.14638e-10
2.0326e-11
4.50957e-11
7.17029e-11
3.35599e-11
5.78317e-11
2.5427e-11
9.44831e-11
-2.18022e-11
9.99289e-11
1.43419e-11
3.83424e-11
4.7065e-11
3.16624e-11
3.53906e-11
1.5301e-11
6.68012e-11
-2.31544e-11
6.65732e-11
1.00019e-12
2.29353e-11
1.99799e-11
1.6742e-11
9.65227e-12
7.02359e-12
2.59528e-11
-2.0979e-11
3.07806e-11
-1.22068e-11
1.17838e-12
3.7049e-12
-3.18514e-12
-1.478e-11
6.56786e-12
-1.31023e-11
-1.76826e-11
2.39304e-12
-1.63152e-11
-2.42437e-11
1.765e-12
-1.83128e-11
-3.43088e-11
1.23707e-11
-3.80591e-11
-1.40437e-11
-1.69352e-11
-6.64609e-12
-4.82765e-11
9.6802e-12
-2.3302e-11
-4.49598e-11
1.87818e-11
-4.47728e-11
-8.48141e-12
-2.98709e-11
1.42171e-11
-6.51228e-11
2.07027e-11
-1.9628e-11
-4.40523e-11
2.12164e-11
-3.73876e-11
4.99212e-13
-3.88e-11
3.83901e-11
-7.15597e-11
3.0384e-11
-1.30492e-11
-3.24947e-11
1.87972e-11
-2.39912e-11
1.19104e-11
-4.40312e-11
5.75803e-11
-6.87477e-11
3.7552e-11
-9.04767e-12
-1.5028e-11
1.35212e-11
-1.14768e-11
2.22421e-11
-4.48401e-11
6.72076e-11
-6.11168e-11
4.26445e-11
-9.69463e-12
2.00293e-12
7.78085e-12
-2.77243e-12
2.75788e-11
-4.13283e-11
6.75458e-11
-5.34867e-11
4.57773e-11
-1.34549e-11
1.36982e-11
2.55894e-12
2.79043e-12
2.6034e-11
-3.52257e-11
6.20585e-11
-4.85055e-11
4.60923e-11
-1.71701e-11
1.85508e-11
-2.73728e-12
7.32188e-12
1.87896e-11
-2.92046e-11
5.4687e-11
-4.58507e-11
4.24467e-11
-1.83962e-11
1.83652e-11
-9.1892e-12
1.2232e-11
9.35108e-12
-2.54951e-11
4.78348e-11
-4.32056e-11
3.45281e-11
-1.6707e-11
1.66597e-11
-1.71633e-11
1.73031e-11
1.71514e-12
-2.48003e-11
4.17987e-11
-3.80412e-11
2.34907e-11
-1.35835e-11
1.66578e-11
-2.57457e-11
2.10284e-11
-1.40332e-12
-2.60955e-11
3.54495e-11
-2.9144e-11
1.178e-11
-1.13611e-11
1.98881e-11
-3.30277e-11
2.1677e-11
4.765e-13
-2.72284e-11
2.74172e-11
-1.72255e-11
2.31781e-12
-1.19731e-11
2.58129e-11
-3.69092e-11
1.83394e-11
5.69438e-12
-2.59138e-11
1.71202e-11
-4.6105e-12
-2.4702e-12
-1.60793e-11
3.23525e-11
-3.59736e-11
1.15215e-11
1.12775e-11
-2.0637e-11
5.23582e-12
5.68869e-12
-1.43001e-12
-2.28049e-11
3.68911e-11
-3.00979e-11
3.13803e-12
1.40848e-11
-1.12233e-11
-6.40321e-12
1.10475e-11
4.9575e-12
-3.00619e-11
3.73445e-11
-2.06572e-11
-4.00408e-12
1.27734e-11
-6.03258e-12
3.87434e-13
5.58843e-13
3.64334e-14
4.28785e-14
5.82253e-15
0
