0
2.53986e-16
3.52128e-15
2.28601e-14
1.11849e-13
-6.54305e-13
4.62152e-12
-1.50877e-11
2.97252e-11
-3.77756e-11
3.38557e-11
-2.65277e-11
2.74036e-11
-3.83996e-11
5.09703e-11
-5.48142e-11
4.34938e-11
-1.83287e-11
-9.87523e-12
2.73114e-11
-2.97475e-11
2.45765e-11
-2.23487e-11
2.92077e-11
-4.43894e-11
5.83516e-11
-5.83064e-11
4.00001e-11
-1.24114e-11
-1.13495e-11
2.29563e-11
-2.1985e-11
1.62531e-11
-1.81622e-11
3.29918e-11
-5.27244e-11
6.36085e-11
-5.77065e-11
3.59997e-11
-7.92186e-12
-1.2552e-11
1.69723e-11
-1.11074e-11
8.54516e-12
-1.79858e-11
3.79134e-11
-5.90006e-11
6.77535e-11
-5.57723e-11
2.87742e-11
-3.00835e-12
-9.4641e-12
8.12874e-12
-1.57323e-12
2.026e-12
-1.80282e-11
4.47582e-11
-6.57497e-11
6.7234e-11
-4.91359e-11
2.20573e-11
-3.04167e-13
-5.64125e-12
-2.56359e-12
9.87537e-12
-1.79198e-12
-2.23616e-11
5.05225e-11
-6.77963e-11
6.38714e-11
-4.04019e-11
1.28703e-11
8.43276e-13
3.24314e-12
-1.42158e-11
1.72377e-11
-3.21678e-12
-2.61058e-11
5.57066e-11
-6.684e-11
5.35779e-11
-2.77655e-11
6.72579e-12
-1.42163e-12
1.15276e-11
-2.47835e-11
2.34975e-11
-7.691e-13
-3.19159e-11
5.53364e-11
-5.79449e-11
4.05535e-11
-1.54153e-11
3.20595e-13
-5.27303e-12
2.18402e-11
-3.15426e-11
2.26189e-11
2.87805e-12
-3.27758e-11
5.03082e-11
-4.4932e-11
2.27857e-11
-2.72002e-12
-1.37242e-12
-1.00091e-11
2.58757e-11
-3.23735e-11
2.00599e-11
6.7693e-12
-3.09904e-11
3.74703e-11
-2.58654e-11
7.05971e-12
5.92079e-12
-4.38075e-12
-1.05456e-11
2.57612e-11
-2.71377e-11
1.27821e-11
7.0255e-12
-2.06562e-11
2.11706e-11
-8.83921e-12
-7.25925e-12
1.41552e-11
-7.37714e-12
-5.83906e-12
1.55029e-11
-1.67385e-11
9.28716e-12
2.13311e-12
-8.60535e-12
4.28707e-12
6.78212e-12
-1.63537e-11
2.00345e-11
-1.72851e-11
8.67487e-12
1.59627e-12
-7.39324e-12
7.37795e-12
-5.91006e-12
5.91245e-12
-7.8787e-12
1.33614e-11
-2.29086e-11
3.13706e-11
-3.27305e-11
2.6232e-11
-1.45546e-11
2.19626e-13
1.17257e-11
-1.55342e-11
1.23559e-11
-1.08253e-11
1.6983e-11
-2.97212e-11
4.38401e-11
-5.19821e-11
4.58523e-11
-2.47042e-11
-3.48724e-13
1.56934e-11
-1.75922e-11
1.18976e-11
-8.26232e-12
1.5718e-11
-3.6583e-11
5.98941e-11
-6.84255e-11
5.45251e-11
-2.62596e-11
-1.55758e-12
1.65241e-11
-1.43725e-11
3.16104e-12
-2.31609e-13
1.6381e-11
-4.47254e-11
6.75133e-11
-7.12461e-11
5.31776e-11
-2.21176e-11
-4.61151e-12
1.23124e-11
-3.00812e-12
-6.89405e-12
2.95822e-12
1.64171e-11
-4.26159e-11
6.16169e-11
-6.08952e-11
3.98805e-11
-1.32905e-11
-2.55306e-12
3.42381e-12
3.76185e-12
-9.53733e-12
5.70427e-12
1.00072e-11
-2.94767e-11
3.95635e-11
-3.53832e-11
2.26281e-11
-9.08061e-12
-5.07132e-13
2.77932e-12
1.8289e-12
-7.27414e-12
7.73686e-12
-4.09243e-12
-4.62964e-13
5.40345e-12
-9.85561e-12
9.53045e-12
-2.8087e-12
-5.84183e-12
1.08404e-11
-9.73037e-12
7.96509e-13
1.49916e-11
-2.95498e-11
3.24122e-11
-2.26803e-11
9.57045e-12
-2.7591e-12
6.22188e-12
-1.82541e-11
2.94295e-11
-2.60341e-11
2.93588e-12
2.82996e-11
-4.99816e-11
5.2828e-11
-3.96054e-11
2.10078e-11
-1.15046e-11
1.9409e-11
-3.69384e-11
4.49094e-11
-3.12882e-11
4.8592e-13
3.30276e-11
-5.47838e-11
5.61175e-11
-4.06356e-11
2.40856e-11
-2.12102e-11
3.13765e-11
-4.2059e-11
4.20199e-11
-2.7704e-11
2.1096e-12
2.47508e-11
-4.03704e-11
4.04717e-11
-3.27766e-11
2.62548e-11
-2.32099e-11
2.2622e-11
-2.40744e-11
2.45627e-11
-1.96874e-11
9.46593e-12
1.88679e-12
-1.25473e-11
2.18927e-11
-2.5467e-11
1.84189e-11
-4.35605e-12
-6.93974e-12
8.79656e-12
-1.07175e-12
-1.24831e-11
2.3529e-11
-2.20572e-11
6.87121e-12
9.10698e-12
-1.10233e-11
-3.96276e-12
2.64055e-11
-4.30377e-11
4.22138e-11
-2.09011e-11
-9.19511e-12
2.82778e-11
-2.711e-11
1.42025e-11
-5.04948e-12
9.24508e-12
-2.74597e-11
5.08318e-11
-6.37152e-11
5.49361e-11
-2.94866e-11
3.01566e-12
1.34496e-11
-1.94915e-11
1.93265e-11
-1.8634e-11
2.34546e-11
-3.50498e-11
4.63247e-11
-4.98807e-11
4.56074e-11
-3.66562e-11
2.26175e-11
-3.81237e-12
-1.38669e-11
2.37237e-11
-2.48535e-11
1.96683e-11
-1.16825e-11
7.52346e-12
-1.40891e-11
2.81526e-11
-3.62352e-11
2.82079e-11
-7.53854e-12
-1.38913e-11
2.41914e-11
-1.63171e-11
-6.99623e-12
3.00476e-11
-3.52337e-11
1.98517e-11
1.92396e-12
-1.45382e-11
1.22719e-11
7.63085e-13
-1.38352e-11
1.34873e-11
5.35997e-12
-3.23844e-11
5.09752e-11
-5.41419e-11
4.59453e-11
-3.27764e-11
1.93437e-11
-1.01929e-11
6.21621e-12
-2.60299e-12
-5.07893e-12
1.49541e-11
-2.44852e-11
3.56598e-11
-4.9326e-11
5.84656e-11
-5.48866e-11
3.83278e-11
-1.56677e-11
-4.94845e-12
1.51421e-11
-1.02597e-11
-2.97171e-12
8.23985e-12
3.85198e-12
-2.58463e-11
4.17532e-11
-4.11937e-11
2.35345e-11
2.58546e-12
-2.1493e-11
1.97227e-11
3.92913e-13
-2.20556e-11
3.07475e-11
-2.58736e-11
1.50134e-11
-5.76704e-12
3.73125e-12
-1.05422e-11
1.96247e-11
-2.13052e-11
1.31463e-11
-4.6328e-13
-1.37058e-11
3.03374e-11
-4.68996e-11
5.56842e-11
-5.25508e-11
4.047e-11
-2.51684e-11
1.2387e-11
-8.51515e-12
1.43473e-11
-1.91612e-11
8.84164e-12
1.75145e-11
-4.58091e-11
6.04246e-11
-5.51793e-11
3.3558e-11
-7.48667e-12
-7.02296e-12
1.75429e-12
1.41563e-11
-2.34618e-11
1.82862e-11
-4.53e-12
-8.51094e-12
1.46362e-11
-1.06865e-11
-1.84722e-12
1.4632e-11
-1.97012e-11
1.7123e-11
-1.10294e-11
6.84627e-13
1.60404e-11
-3.40755e-11
4.35584e-11
-4.10456e-11
3.15386e-11
-2.23831e-11
1.95354e-11
-2.6559e-11
3.85137e-11
-4.07428e-11
2.16005e-11
1.28594e-11
-4.37987e-11
5.67728e-11
-5.05798e-11
3.28871e-11
-1.57216e-11
1.04604e-11
-1.9063e-11
2.9882e-11
-2.96687e-11
1.73853e-11
-2.27281e-12
-8.98158e-12
1.51862e-11
-1.54505e-11
8.54304e-12
2.47298e-12
-1.26451e-11
1.96156e-11
-2.1469e-11
1.29555e-11
7.10591e-12
-2.8419e-11
3.67091e-11
-2.953e-11
1.76318e-11
-1.33073e-11
2.14259e-11
-3.92295e-11
5.60135e-11
-5.67577e-11
3.42974e-11
4.06843e-13
-2.7671e-11
3.7432e-11
-3.44178e-11
2.73235e-11
-2.18171e-11
2.11568e-11
-2.56818e-11
3.00176e-11
-2.84816e-11
2.21493e-11
-1.57287e-11
8.39208e-12
3.43132e-12
-1.58419e-11
1.78872e-11
-4.81615e-12
-1.61805e-11
3.30724e-11
-3.69863e-11
2.40952e-11
8.0289e-13
-2.28598e-11
2.75595e-11
-1.64288e-11
5.83739e-12
-9.31239e-12
2.57195e-11
-4.52648e-11
5.85643e-11
-5.91158e-11
4.49472e-11
-2.25675e-11
2.71997e-12
1.01614e-11
-1.95371e-11
2.63816e-11
-2.58063e-11
1.67097e-11
-7.72505e-12
7.89485e-12
-1.67789e-11
2.66711e-11
-3.00286e-11
2.18413e-11
-2.5931e-12
-1.68598e-11
1.97329e-11
-1.07237e-13
-2.89108e-11
4.79382e-11
-4.89749e-11
3.66697e-11
-1.9308e-11
4.02803e-12
3.76861e-12
-4.70352e-12
6.04206e-12
-1.31836e-11
2.26877e-11
-2.9542e-11
3.58574e-11
-4.58682e-11
5.47495e-11
-5.18086e-11
3.32701e-11
-6.8978e-12
-1.57804e-11
2.53943e-11
-1.75003e-11
-3.14191e-12
2.06763e-11
-2.06155e-11
4.81761e-12
1.04935e-11
-1.34239e-11
5.75829e-12
3.95757e-12
-9.74707e-12
7.72495e-12
3.73127e-12
-2.11067e-11
3.69593e-11
-4.81909e-11
5.59848e-11
-5.79287e-11
4.65586e-11
-2.19469e-11
-2.89687e-12
1.35302e-11
-8.95002e-12
-6.36184e-13
4.26618e-12
3.38276e-12
-2.13029e-11
3.95202e-11
-4.36552e-11
2.80334e-11
-4.10966e-12
-1.14482e-11
1.28483e-11
-5.91006e-12
-4.49391e-12
1.78584e-11
-3.22329e-11
4.19941e-11
-4.38439e-11
3.80771e-11
-2.58857e-11
1.04233e-11
-5.33263e-13
3.51998e-12
-1.34564e-11
1.3582e-11
5.04755e-12
-3.35055e-11
5.49981e-11
-5.98611e-11
4.82769e-11
-2.6506e-11
4.94476e-12
5.82391e-12
-3.77892e-12
-3.06142e-12
7.72328e-12
-1.23127e-11
2.03346e-11
-2.67035e-11
2.3404e-11
-1.21137e-11
3.74312e-12
-5.68116e-12
1.54249e-11
-2.48144e-11
2.49821e-11
-8.86356e-12
-2.19895e-11
5.28775e-11
-6.5637e-11
5.63829e-11
-3.77807e-11
2.32688e-11
-1.49407e-11
9.29054e-12
-6.12878e-12
7.05728e-12
-1.00436e-11
1.16729e-11
-1.08863e-11
7.12511e-12
7.82299e-13
-8.76501e-12
6.3177e-12
1.13176e-11
-3.23705e-11
3.76608e-11
-2.02989e-11
-9.29846e-12
3.60679e-11
-5.1661e-11
5.41448e-11
-4.60219e-11
3.42817e-11
-2.65478e-11
2.31421e-11
-1.89029e-11
1.29699e-11
-1.13095e-11
1.4976e-11
-1.48823e-11
2.81806e-12
1.5046e-11
-2.41233e-11
1.62546e-11
3.82381e-12
-2.54779e-11
3.72239e-11
-3.10797e-11
7.76693e-12
1.95555e-11
-3.65515e-11
4.07205e-11
-4.09826e-11
4.18839e-11
-3.92356e-11
2.98284e-11
-2.04575e-11
1.87946e-11
-2.38317e-11
2.68795e-11
-2.17995e-11
7.25245e-12
1.27906e-11
-2.89349e-11
2.83078e-11
-7.83293e-12
-1.92604e-11
3.37405e-11
-2.99142e-11
1.64294e-11
-2.42063e-12
-1.19334e-11
2.7491e-11
-4.00302e-11
4.40219e-11
-3.98641e-11
3.15532e-11
-2.35916e-11
2.08695e-11
-2.72736e-11
3.76937e-11
-3.80899e-11
1.96793e-11
8.03819e-12
-2.5826e-11
2.44026e-11
-1.03894e-11
-5.70081e-12
1.92067e-11
-2.83276e-11
2.9962e-11
-2.23552e-11
7.88836e-12
1.04485e-11
-2.98547e-11
4.39859e-11
-4.39478e-11
3.01782e-11
-1.68187e-11
1.85375e-11
-3.29293e-11
4.42057e-11
-4.09459e-11
2.6115e-11
-8.39988e-12
-6.06292e-12
1.41612e-11
-1.30838e-11
3.88768e-12
9.00554e-12
-2.22106e-11
3.52448e-11
-4.29864e-11
3.54608e-11
-9.42447e-12
-2.14677e-11
3.82111e-11
-3.53961e-11
2.48444e-11
-1.94181e-11
2.17271e-11
-2.72846e-11
3.24192e-11
-3.43312e-11
3.04902e-11
-2.15821e-11
1.21561e-11
-4.47071e-12
-3.50492e-12
1.01836e-11
-6.07463e-12
-1.5283e-11
4.38081e-11
-5.9233e-11
5.10285e-11
-2.75584e-11
3.49639e-12
1.33827e-11
-2.30449e-11
2.61851e-11
-2.44842e-11
2.11203e-11
-1.8706e-11
1.59381e-11
-1.3446e-11
1.553e-11
-2.39925e-11
2.93898e-11
-2.08824e-11
1.04169e-12
1.22244e-11
-5.93552e-12
-1.59428e-11
3.84563e-11
-5.2484e-11
5.62555e-11
-5.08136e-11
3.63849e-11
-1.69609e-11
-2.57212e-12
1.85085e-11
-2.85218e-11
2.69191e-11
-1.18188e-11
-7.6974e-12
1.48257e-11
-4.2276e-12
-1.20691e-11
1.78398e-11
-1.16898e-11
3.85359e-12
-2.35534e-12
5.77336e-12
-1.16539e-11
2.06532e-11
-3.35883e-11
4.69677e-11
-5.64326e-11
5.80966e-11
-4.77434e-11
2.31256e-11
7.54164e-12
-2.66749e-11
2.26725e-11
-2.87227e-12
-1.50304e-11
2.2418e-11
-2.43598e-11
2.63847e-11
-2.49072e-11
1.50011e-11
-2.51184e-14
-1.08931e-11
1.34616e-11
-1.02675e-11
7.07888e-12
-9.2589e-12
2.10551e-11
-3.94331e-11
5.24269e-11
-4.77687e-11
2.77865e-11
-7.07568e-12
-3.14103e-12
5.79128e-12
-6.68382e-12
2.91552e-12
1.34131e-11
-3.91947e-11
5.97802e-11
-6.21643e-11
4.71057e-11
-2.41189e-11
3.45951e-12
8.55417e-12
-9.46105e-12
3.85066e-12
-2.00647e-13
2.70289e-12
-6.03872e-12
4.79122e-12
-2.47678e-12
6.63697e-12
-1.45846e-11
1.41895e-11
-3.86841e-13
-1.47657e-11
1.46304e-11
3.86477e-12
-2.91833e-11
4.8944e-11
-5.87232e-11
5.84556e-11
-4.86676e-11
3.16675e-11
-1.28816e-11
-3.3028e-12
1.39139e-11
-1.47446e-11
7.81517e-13
2.37518e-11
-4.35341e-11
4.44407e-11
-3.00642e-11
1.61905e-11
-1.26033e-11
1.30035e-11
-8.75584e-12
8.88013e-13
2.6877e-12
-1.8038e-12
3.71511e-12
-1.37116e-11
2.69656e-11
-3.53841e-11
3.30034e-11
-1.94396e-11
-1.41604e-12
1.87027e-11
-2.11781e-11
6.19499e-12
1.55296e-11
-3.30259e-11
4.5007e-11
-5.64271e-11
6.34236e-11
-5.52747e-11
2.92667e-11
-5.53336e-13
-1.27653e-11
6.9385e-12
6.20771e-12
-1.59155e-11
2.05344e-11
-2.31783e-11
2.38609e-11
-2.16658e-11
1.74952e-11
-1.33828e-11
9.82304e-12
-8.13337e-12
1.02767e-11
-1.37749e-11
9.31514e-12
9.17863e-12
-3.33426e-11
4.56695e-11
-3.81913e-11
2.05542e-11
-6.32926e-12
-2.31226e-12
1.1198e-11
-1.87532e-11
1.43095e-11
7.88125e-12
-3.80946e-11
5.99975e-11
-6.46119e-11
5.45728e-11
-3.68542e-11
1.85763e-11
-5.51602e-12
8.9926e-13
-2.29688e-12
5.88584e-12
-1.1501e-11
2.15518e-11
-3.1934e-11
3.2955e-11
-2.117e-11
8.06134e-12
-7.73843e-12
1.97568e-11
-2.86703e-11
2.36089e-11
-9.49376e-12
-2.24339e-12
9.61446e-12
-1.84424e-11
2.95012e-11
-3.38015e-11
2.37166e-11
-2.5433e-12
-1.8316e-11
2.88643e-11
-2.46373e-11
6.55157e-12
1.88582e-11
-4.10764e-11
5.24812e-11
-5.39516e-11
4.99725e-11
-4.02656e-11
2.13045e-11
2.01833e-12
-1.47577e-11
6.40854e-12
1.48924e-11
-3.09114e-11
3.32252e-11
-3.02076e-11
3.13282e-11
-3.43695e-11
3.06961e-11
-2.07614e-11
1.40212e-11
-1.66802e-11
2.2912e-11
-2.32373e-11
1.41645e-11
-4.31054e-13
-1.1671e-11
1.65418e-11
-1.13817e-11
-2.4073e-12
1.71859e-11
-2.58884e-11
2.74278e-11
-2.5118e-11
1.7008e-11
2.5302e-12
-3.18574e-11
5.51446e-11
-5.65484e-11
3.69356e-11
-1.34462e-11
-8.78463e-13
7.61116e-12
-1.3521e-11
1.51248e-11
-3.04309e-12
-2.27053e-11
4.74284e-11
-5.66745e-11
4.95147e-11
-3.62219e-11
2.50708e-11
-1.76446e-11
1.28896e-11
-1.1337e-11
1.30163e-11
-1.64792e-11
2.03314e-11
-2.39777e-11
2.50627e-11
-2.07978e-11
1.36943e-11
-1.26498e-11
2.29006e-11
-3.67884e-11
4.01117e-11
-2.85622e-11
1.23778e-11
-2.17402e-12
-3.97857e-12
1.38098e-11
-2.45448e-11
2.26395e-11
-1.60028e-12
-2.62381e-11
4.14415e-11
-3.7006e-11
2.14935e-11
-4.51738e-12
-1.28535e-11
3.21403e-11
-4.78883e-11
5.05315e-11
-3.6753e-11
1.35451e-11
8.14838e-12
-2.0174e-11
1.91183e-11
-6.13977e-12
-1.25813e-11
2.88901e-11
-3.87419e-11
4.39328e-11
-4.58295e-11
4.07735e-11
-2.61127e-11
9.06664e-12
-2.89093e-12
1.16086e-11
-2.38779e-11
2.63229e-11
-1.99883e-11
1.70545e-11
-2.29634e-11
2.89571e-11
-2.60698e-11
1.92079e-11
-2.10458e-11
3.32699e-11
-4.26635e-11
3.68233e-11
-1.90713e-11
2.59936e-12
4.90752e-12
-6.42931e-12
5.71107e-12
-5.24059e-13
-1.28752e-11
3.10653e-11
-4.47368e-11
4.59283e-11
-3.34009e-11
1.1057e-11
1.36176e-11
-3.18153e-11
3.682e-11
-2.91738e-11
1.47715e-11
1.41182e-12
-1.86497e-11
3.39109e-11
-3.79726e-11
2.24992e-11
7.08471e-12
-3.34458e-11
4.34661e-11
-4.05348e-11
3.53675e-11
-3.0181e-11
1.7582e-11
3.13176e-12
-1.85613e-11
1.44336e-11
6.02811e-12
-2.54484e-11
3.2124e-11
-3.13018e-11
3.31308e-11
-3.72584e-11
3.45203e-11
-2.26957e-11
1.16198e-11
-1.14916e-11
2.00596e-11
-2.66806e-11
2.5345e-11
-2.0092e-11
1.72799e-11
-1.8297e-11
2.06093e-11
-2.32508e-11
2.71922e-11
-3.24643e-11
3.69042e-11
-3.81496e-11
3.42151e-11
-2.37295e-11
8.07679e-12
5.78651e-12
-8.99366e-12
-8.6705e-13
1.64935e-11
-2.90789e-11
3.72282e-11
-4.44032e-11
4.82197e-11
-3.93832e-11
1.43628e-11
1.47051e-11
-2.95492e-11
2.42786e-11
-9.50698e-12
-3.44268e-12
1.54578e-11
-3.237e-11
4.88454e-11
-4.92764e-11
2.64633e-11
6.5781e-12
-2.93296e-11
3.4419e-11
-3.04116e-11
2.51094e-11
-1.50073e-11
-5.39838e-12
2.90031e-11
-3.93886e-11
2.82389e-11
-4.5314e-12
-1.65458e-11
2.86197e-11
-3.52242e-11
3.85515e-11
-3.46002e-11
2.01645e-11
-8.90511e-13
-1.24145e-11
1.34108e-11
-4.55524e-12
-8.05278e-12
1.99595e-11
-2.91895e-11
3.41317e-11
-3.40535e-11
2.9743e-11
-2.30523e-11
1.54406e-11
-9.24804e-12
7.94123e-12
-1.33457e-11
2.15261e-11
-2.56097e-11
2.32501e-11
-2.00342e-11
2.18779e-11
-2.69949e-11
2.82287e-11
-2.42285e-11
2.22081e-11
-2.78385e-11
3.50952e-11
-3.28007e-11
1.95917e-11
-7.59812e-12
7.56396e-12
-1.61098e-11
2.17242e-11
-2.18623e-11
2.56027e-11
-3.85579e-11
5.08526e-11
-4.76268e-11
2.8067e-11
-7.87123e-12
4.08386e-13
-2.86622e-12
4.49191e-12
-4.6984e-12
1.36289e-11
-3.51255e-11
5.60154e-11
-5.91079e-11
4.25514e-11
-2.09277e-11
6.73686e-12
1.36159e-12
-9.93925e-12
1.56935e-11
-7.6259e-12
-1.68941e-11
4.42079e-11
-5.72389e-11
5.19149e-11
-3.75692e-11
2.25127e-11
-6.40538e-12
-1.24725e-11
2.72643e-11
-2.66901e-11
7.79132e-12
1.8989e-11
-3.97304e-11
4.82606e-11
-4.67389e-11
3.75724e-11
-2.04489e-11
-2.98732e-12
2.46433e-11
-3.43928e-11
2.78738e-11
-9.44313e-12
-1.26856e-11
3.14629e-11
-4.24764e-11
4.2715e-11
-3.14533e-11
1.15048e-11
1.0854e-11
-2.8638e-11
3.6163e-11
-3.07434e-11
1.3812e-11
8.13737e-12
-2.63793e-11
3.47174e-11
-3.25703e-11
2.2324e-11
-6.03788e-12
-1.4166e-11
3.22801e-11
-3.95681e-11
3.1405e-11
-1.29592e-11
-5.31564e-12
1.69033e-11
-2.26583e-11
2.4086e-11
-1.80999e-11
1.24902e-12
2.13001e-11
-3.69145e-11
3.69855e-11
-2.5594e-11
1.30526e-11
-3.82715e-12
-5.71152e-12
1.66473e-11
-2.12951e-11
1.11875e-11
9.98899e-12
-2.79822e-11
3.27427e-11
-2.82608e-11
2.39385e-11
-2.09588e-11
1.21643e-11
3.85878e-12
-1.6265e-11
1.30933e-11
3.29933e-12
-1.86829e-11
2.37335e-11
-2.35411e-11
2.67003e-11
-3.10394e-11
2.59637e-11
-9.24778e-12
-6.68023e-12
8.24212e-12
2.77249e-12
-1.29085e-11
1.48832e-11
-1.57552e-11
2.37889e-11
-3.41318e-11
3.35319e-11
-1.89767e-11
3.30093e-12
-5.08091e-14
7.03889e-12
-1.16314e-11
9.03178e-12
-8.58417e-12
1.86291e-11
-3.25255e-11
3.54493e-11
-2.40397e-11
1.09372e-11
-8.55211e-12
1.34979e-11
-1.36716e-11
6.62293e-12
-3.81409e-12
1.37977e-11
-2.88819e-11
3.36904e-11
-2.51132e-11
1.5452e-11
-1.54275e-11
1.99797e-11
-1.72176e-11
6.66004e-12
-1.46747e-12
1.03058e-11
-2.49009e-11
3.0095e-11
-2.35729e-11
1.7371e-11
-2.03296e-11
2.55212e-11
-2.10517e-11
8.01977e-12
-8.16028e-13
8.01949e-12
-2.10513e-11
2.5521e-11
-2.03295e-11
1.73708e-11
-2.35727e-11
3.00949e-11
-2.4901e-11
1.03061e-11
-1.46773e-12
6.66017e-12
-1.72177e-11
1.99797e-11
-1.54274e-11
1.54518e-11
-2.51129e-11
3.36901e-11
-2.88818e-11
1.37977e-11
-3.81411e-12
6.62307e-12
-1.3672e-11
1.34985e-11
-8.55266e-12
1.09376e-11
-2.40398e-11
3.54493e-11
-3.25255e-11
1.86289e-11
-8.58375e-12
9.03113e-12
-1.16307e-11
7.03854e-12
-5.07081e-14
3.3009e-12
-1.89767e-11
3.35319e-11
-3.4132e-11
2.37893e-11
-1.57557e-11
1.48834e-11
-1.29085e-11
2.77249e-12
8.242e-12
-6.68006e-12
-9.24782e-12
2.59636e-11
-3.10394e-11
2.67004e-11
-2.35414e-11
2.37336e-11
-1.86828e-11
3.29907e-12
1.30936e-11
-1.62652e-11
3.85902e-12
1.21639e-11
-2.09583e-11
2.39381e-11
-2.82607e-11
3.27429e-11
-2.79825e-11
9.98929e-12
1.11872e-11
-2.12945e-11
1.66466e-11
-5.71078e-12
-3.82751e-12
1.30525e-11
-2.55937e-11
3.69853e-11
-3.69144e-11
2.12997e-11
1.24978e-12
-1.81007e-11
2.40865e-11
-2.26584e-11
1.69033e-11
-5.31572e-12
-1.29591e-11
3.1405e-11
-3.95686e-11
3.22808e-11
-1.41665e-11
-6.03767e-12
2.23239e-11
-3.25701e-11
3.47169e-11
-2.6379e-11
8.13734e-12
1.38117e-11
-3.07431e-11
3.61628e-11
-2.86379e-11
1.08537e-11
1.15053e-11
-3.14539e-11
4.27154e-11
-4.24765e-11
3.14627e-11
-1.26855e-11
-9.44322e-12
2.78739e-11
-3.43932e-11
2.46439e-11
-2.98785e-12
-2.04486e-11
3.75724e-11
-4.6739e-11
4.82606e-11
-3.97304e-11
1.89892e-11
7.79096e-12
-2.66897e-11
2.7264e-11
-1.24723e-11
-6.40546e-12
2.25129e-11
-3.75693e-11
5.19149e-11
-5.72387e-11
4.42078e-11
-1.68939e-11
-7.62614e-12
1.56938e-11
-9.93949e-12
1.3617e-12
6.73685e-12
-2.09277e-11
4.25513e-11
-5.91079e-11
5.60156e-11
-3.51259e-11
1.36291e-11
-4.69844e-12
4.49188e-12
-2.86634e-12
4.08718e-13
-7.87153e-12
2.80671e-11
-4.76267e-11
5.08526e-11
-3.85581e-11
2.5603e-11
-2.18623e-11
2.1724e-11
-1.61095e-11
7.56368e-12
-7.59788e-12
1.95914e-11
-3.28003e-11
3.50947e-11
-2.78382e-11
2.2208e-11
-2.42286e-11
2.82289e-11
-2.69952e-11
2.18784e-11
-2.00347e-11
2.32506e-11
-2.56101e-11
2.15265e-11
-1.3346e-11
7.94135e-12
-9.24796e-12
1.54404e-11
-2.3052e-11
2.97427e-11
-3.40531e-11
3.41312e-11
-2.9189e-11
1.99591e-11
-8.05268e-12
-4.55527e-12
1.34108e-11
-1.24145e-11
-8.90677e-13
2.01648e-11
-3.46005e-11
3.85518e-11
-3.52243e-11
2.86197e-11
-1.65457e-11
-4.53147e-12
2.8239e-11
-3.93887e-11
2.90032e-11
-5.39848e-12
-1.50073e-11
2.51094e-11
-3.04118e-11
3.44193e-11
-2.93299e-11
6.57817e-12
2.64634e-11
-4.92766e-11
4.88454e-11
-3.23699e-11
1.54579e-11
-3.44306e-12
-9.50657e-12
2.42784e-11
-2.95493e-11
1.47053e-11
1.43628e-11
-3.93833e-11
4.82198e-11
-4.44031e-11
3.7228e-11
-2.90788e-11
1.64935e-11
-8.67032e-13
-8.99368e-12
5.78665e-12
8.07661e-12
-2.37293e-11
3.4215e-11
-3.81495e-11
3.69043e-11
-3.24644e-11
2.71924e-11
-2.32509e-11
2.06094e-11
-1.82971e-11
1.72802e-11
-2.00923e-11
2.53452e-11
-2.66804e-11
2.00593e-11
-1.14912e-11
1.16197e-11
-2.26956e-11
3.45203e-11
-3.7258e-11
3.31306e-11
-3.13018e-11
3.21244e-11
-2.54488e-11
6.02842e-12
1.44336e-11
-1.85613e-11
3.13172e-12
1.75821e-11
-3.01809e-11
3.53673e-11
-4.05344e-11
4.34658e-11
-3.34455e-11
7.08462e-12
2.24992e-11
-3.79724e-11
3.39108e-11
-1.86496e-11
1.41172e-12
1.47718e-11
-2.91742e-11
3.68203e-11
-3.18152e-11
1.36174e-11
1.10571e-11
-3.34009e-11
4.59283e-11
-4.47372e-11
3.10659e-11
-1.28757e-11
-5.23919e-13
5.71091e-12
-6.42916e-12
4.90728e-12
2.59921e-12
-1.90709e-11
3.68226e-11
-4.26631e-11
3.32695e-11
-2.10456e-11
1.92074e-11
-2.60695e-11
2.89568e-11
-2.29636e-11
1.70548e-11
-1.99888e-11
2.6323e-11
-2.38781e-11
1.16088e-11
-2.8917e-12
9.06723e-12
-2.61132e-11
4.07734e-11
-4.58296e-11
4.39328e-11
-3.87422e-11
2.88899e-11
-1.25809e-11
-6.14062e-12
1.9119e-11
-2.01747e-11
8.14872e-12
1.35447e-11
-3.67527e-11
5.05312e-11
-4.78883e-11
3.21406e-11
-1.28541e-11
-4.51684e-12
2.14931e-11
-3.70058e-11
4.14413e-11
-2.62378e-11
-1.60063e-12
2.26397e-11
-2.45447e-11
1.38096e-11
-3.97842e-12
-2.17382e-12
1.23778e-11
-2.85622e-11
4.01119e-11
-3.67883e-11
2.29005e-11
-1.26496e-11
1.36944e-11
-2.07978e-11
2.50628e-11
-2.39777e-11
2.03318e-11
-1.64793e-11
1.30166e-11
-1.13369e-11
1.28898e-11
-1.76446e-11
2.5071e-11
-3.62215e-11
4.95145e-11
-5.66741e-11
4.74287e-11
-2.27053e-11
-3.04278e-12
1.51247e-11
-1.35205e-11
7.611e-12
-8.7808e-13
-1.34461e-11
3.69357e-11
-5.65481e-11
5.51443e-11
-3.18568e-11
2.52988e-12
1.70084e-11
-2.51183e-11
2.74281e-11
-2.58884e-11
1.71859e-11
-2.40711e-12
-1.13818e-11
1.65419e-11
-1.16711e-11
-4.31027e-13
1.41646e-11
-2.32374e-11
2.29119e-11
-1.66803e-11
1.40213e-11
-2.07616e-11
3.0696e-11
-3.43694e-11
3.13278e-11
-3.02075e-11
3.32248e-11
-3.09113e-11
1.48918e-11
6.40889e-12
-1.47583e-11
2.01843e-12
2.13042e-11
-4.02659e-11
4.99726e-11
-5.39522e-11
5.24814e-11
-4.1077e-11
1.88584e-11
6.55078e-12
-2.46372e-11
2.88639e-11
-1.83164e-11
-2.54348e-12
2.37163e-11
-3.38019e-11
2.95011e-11
-1.84428e-11
9.61438e-12
-2.24383e-12
-9.49391e-12
2.36088e-11
-2.86708e-11
1.97569e-11
-7.73893e-12
8.0615e-12
-2.11706e-11
3.29553e-11
-3.19344e-11
2.15516e-11
-1.1501e-11
5.88565e-12
-2.297e-12
8.99405e-13
-5.5162e-12
1.85763e-11
-3.6854e-11
5.45725e-11
-6.46115e-11
5.99972e-11
-3.80941e-11
7.88088e-12
1.431e-11
-1.87531e-11
1.11979e-11
-2.31165e-12
-6.32953e-12
2.05548e-11
-3.81913e-11
4.56698e-11
-3.33421e-11
9.17852e-12
9.31599e-12
-1.37752e-11
1.02776e-11
-8.13332e-12
9.8233e-12
-1.33822e-11
1.74952e-11
-2.16651e-11
2.38608e-11
-2.31774e-11
2.05343e-11
-1.59147e-11
6.20785e-12
6.93908e-12
-1.27653e-11
-5.52533e-13
2.92667e-11
-5.52742e-11
6.34239e-11
-5.6427e-11
4.50077e-11
-3.30263e-11
1.55307e-11
6.19437e-12
-2.11771e-11
1.87024e-11
-1.41558e-12
-1.94396e-11
3.30035e-11
-3.53838e-11
2.69655e-11
-1.37114e-11
3.7151e-12
-1.80375e-12
2.68779e-12
8.87646e-13
-8.75541e-12
1.30031e-11
-1.26034e-11
1.61906e-11
-3.00646e-11
4.44406e-11
-4.35345e-11
2.37519e-11
7.80685e-13
-1.47443e-11
1.39131e-11
-3.30271e-12
-1.28823e-11
3.16674e-11
-4.86681e-11
5.84554e-11
-5.8724e-11
4.89441e-11
-2.9184e-11
3.86447e-12
1.463e-11
-1.4766e-11
-3.87469e-13
1.4189e-11
-1.45846e-11
6.6358e-12
-2.47635e-12
4.78991e-12
-6.03823e-12
2.70157e-12
-2.00275e-13
3.84972e-12
-9.46104e-12
8.55358e-12
3.45918e-12
-2.4119e-11
4.7105e-11
-6.21642e-11
5.97798e-11
-3.91948e-11
1.34128e-11
2.9154e-12
-6.6841e-12
5.79133e-12
-3.14133e-12
-7.07553e-12
2.7786e-11
-4.7768e-11
5.24261e-11
-3.94324e-11
2.10548e-11
-9.25867e-12
7.07888e-12
-1.02673e-11
1.34618e-11
-1.08932e-11
-2.44793e-14
1.5001e-11
-2.49066e-11
2.63847e-11
-2.43592e-11
2.24181e-11
-1.503e-11
-2.87207e-12
2.26732e-11
-2.66748e-11
7.54211e-12
2.31262e-11
-4.77432e-11
5.8097e-11
-5.6432e-11
4.69682e-11
-3.35881e-11
2.0654e-11
-1.16537e-11
5.77413e-12
-2.35515e-12
3.85422e-12
-1.16895e-11
1.78402e-11
-1.20686e-11
-4.22749e-12
1.48265e-11
-7.69741e-12
-1.18181e-11
2.69191e-11
-2.85215e-11
1.85091e-11
-2.57229e-12
-1.69603e-11
3.6385e-11
-5.08134e-11
5.62558e-11
-5.24841e-11
3.84569e-11
-1.59431e-11
-5.93546e-12
1.22246e-11
1.04147e-12
-2.08823e-11
2.93896e-11
-2.39922e-11
1.55295e-11
-1.3446e-11
1.59384e-11
-1.87069e-11
2.11209e-11
-2.4485e-11
2.6185e-11
-2.30451e-11
1.33822e-11
3.49642e-12
-2.7559e-11
5.10284e-11
-5.92337e-11
4.38081e-11
-1.52837e-11
-6.07497e-12
1.01834e-11
-3.50561e-12
-4.47095e-12
1.21558e-11
-2.15827e-11
3.049e-11
-3.4332e-11
3.24191e-11
-2.72853e-11
2.17267e-11
-1.94183e-11
2.48439e-11
-3.53964e-11
3.82107e-11
-2.14679e-11
-9.42513e-12
3.54608e-11
-4.29868e-11
3.52445e-11
-2.22108e-11
9.00531e-12
3.88738e-12
-1.30838e-11
1.41607e-11
-6.06279e-12
-8.40013e-12
2.61148e-11
-4.09459e-11
4.42056e-11
-3.29294e-11
1.85376e-11
-1.68187e-11
3.01783e-11
-4.39477e-11
4.39858e-11
-2.98541e-11
1.04481e-11
7.88899e-12
-2.23552e-11
2.99621e-11
-2.83271e-11
1.92067e-11
-5.70052e-12
-1.03891e-11
2.44028e-11
-2.58256e-11
8.03825e-12
1.96801e-11
-3.80902e-11
3.76945e-11
-2.72735e-11
2.08696e-11
-2.35906e-11
3.15527e-11
-3.98633e-11
4.40222e-11
-4.00301e-11
2.74917e-11
-1.19331e-11
-2.42057e-12
1.64301e-11
-2.99143e-11
3.3741e-11
-1.92604e-11
-7.83245e-12
2.83079e-11
-2.89345e-11
1.27908e-11
7.25265e-12
-2.17992e-11
2.68797e-11
-2.38317e-11
1.87949e-11
-2.04575e-11
2.98284e-11
-3.92351e-11
4.18834e-11
-4.09819e-11
4.07201e-11
-3.65513e-11
1.95556e-11
7.76664e-12
-3.10794e-11
3.72235e-11
-2.54778e-11
3.82389e-12
1.62543e-11
-2.41231e-11
1.50457e-11
2.81807e-12
-1.48825e-11
1.49759e-11
-1.13096e-11
1.29696e-11
-1.89031e-11
2.3142e-11
-2.65481e-11
3.42816e-11
-4.60223e-11
5.41446e-11
-5.16611e-11
3.60675e-11
-9.29841e-12
-2.02993e-11
3.76605e-11
-3.23706e-11
1.13174e-11
6.31735e-12
-8.76505e-12
7.81915e-13
7.12517e-12
-1.08869e-11
1.16733e-11
-1.00443e-11
7.05734e-12
-6.12905e-12
9.29036e-12
-1.49406e-11
2.32682e-11
-3.77804e-11
5.63827e-11
-6.56373e-11
5.28777e-11
-2.19898e-11
-8.86327e-12
2.49817e-11
-2.48143e-11
1.54251e-11
-5.68155e-12
3.74335e-12
-1.21139e-11
2.34042e-11
-2.67037e-11
2.03347e-11
-1.23125e-11
7.72318e-12
-3.0613e-12
-3.77886e-12
5.82389e-12
4.94517e-12
-2.65064e-11
4.82775e-11
-5.98612e-11
5.49984e-11
-3.35054e-11
5.04781e-12
1.35819e-11
-1.34559e-11
3.51973e-12
-5.32843e-13
1.04233e-11
-2.58855e-11
3.80772e-11
-4.38437e-11
4.19942e-11
-3.22326e-11
1.78584e-11
-4.49366e-12
-5.90986e-12
1.28483e-11
-1.14479e-11
-4.10959e-12
2.80336e-11
-4.36553e-11
3.95205e-11
-2.13031e-11
3.38324e-12
4.26599e-12
-6.36004e-13
-8.94986e-12
1.35302e-11
-2.89674e-12
-2.19467e-11
4.65585e-11
-5.79285e-11
5.59847e-11
-4.81908e-11
3.69593e-11
-2.11067e-11
3.73137e-12
7.7248e-12
-9.74687e-12
3.95734e-12
5.75842e-12
-1.34239e-11
1.04933e-11
4.81788e-12
-2.06158e-11
2.06765e-11
-3.14194e-12
-1.75005e-11
2.53942e-11
-1.57803e-11
-6.89804e-12
3.32702e-11
-5.18088e-11
5.47497e-11
-4.58685e-11
3.58575e-11
-2.95422e-11
2.26878e-11
-1.31837e-11
6.0418e-12
-4.70347e-12
3.76876e-12
4.02747e-12
-1.93076e-11
3.66695e-11
-4.89749e-11
4.79381e-11
-2.89107e-11
-1.07453e-13
1.97332e-11
-1.68602e-11
-2.59286e-12
2.18412e-11
-3.00286e-11
2.66711e-11
-1.67788e-11
7.89472e-12
-7.72516e-12
1.67099e-11
-2.58065e-11
2.63819e-11
-1.95374e-11
1.01617e-11
2.71961e-12
-2.25672e-11
4.49468e-11
-5.91154e-11
5.85639e-11
-4.52645e-11
2.57192e-11
-9.31193e-12
5.83696e-12
-1.64286e-11
2.75596e-11
-2.286e-11
8.03067e-13
2.40951e-11
-3.69861e-11
3.30723e-11
-1.61804e-11
-4.81617e-12
1.78874e-11
-1.5842e-11
3.43139e-12
8.39205e-12
-1.57285e-11
2.2149e-11
-2.84813e-11
3.00175e-11
-2.56818e-11
2.11572e-11
-2.18177e-11
2.73242e-11
-3.44182e-11
3.74322e-11
-2.7671e-11
4.06839e-13
3.42973e-11
-5.67573e-11
5.6013e-11
-3.92289e-11
2.14254e-11
-1.3307e-11
1.76317e-11
-2.95299e-11
3.6709e-11
-2.84188e-11
7.10579e-12
1.29556e-11
-2.1469e-11
1.96156e-11
-1.2645e-11
2.47287e-12
8.54317e-12
-1.54506e-11
1.51863e-11
-8.98164e-12
-2.27288e-12
1.73854e-11
-2.96687e-11
2.98819e-11
-1.90627e-11
1.046e-11
-1.57213e-11
3.2887e-11
-5.05799e-11
5.67731e-11
-4.3799e-11
1.28595e-11
2.16005e-11
-4.07429e-11
3.85139e-11
-2.65592e-11
1.95355e-11
-2.23831e-11
3.15385e-11
-4.10456e-11
4.35584e-11
-3.40755e-11
1.60406e-11
6.84319e-13
-1.10291e-11
1.71227e-11
-1.97011e-11
1.46318e-11
-1.84697e-12
-1.06868e-11
1.46365e-11
-8.51136e-12
-4.52959e-12
1.82859e-11
-2.34617e-11
1.41562e-11
1.75449e-12
-7.02311e-12
-7.48661e-12
3.3558e-11
-5.51793e-11
6.04246e-11
-4.58092e-11
1.75145e-11
8.84178e-12
-1.91613e-11
1.43473e-11
-8.51496e-12
1.23867e-11
-2.51681e-11
4.04698e-11
-5.25508e-11
5.56844e-11
-4.68999e-11
3.03378e-11
-1.3706e-11
-4.63192e-13
1.31462e-11
-2.1305e-11
1.96244e-11
-1.05418e-11
3.73079e-12
-5.76648e-12
1.50129e-11
-2.58733e-11
3.07472e-11
-2.20551e-11
3.92397e-13
1.97232e-11
-2.14935e-11
2.58591e-12
2.35341e-11
-4.11935e-11
4.17531e-11
-2.58462e-11
3.85188e-12
8.23986e-12
-2.97161e-12
-1.02598e-11
1.51421e-11
-4.9483e-12
-1.56679e-11
3.83279e-11
-5.48865e-11
5.84653e-11
-4.93255e-11
3.56591e-11
-2.44847e-11
1.4954e-11
-5.0791e-12
-2.60273e-12
6.21601e-12
-1.01929e-11
1.93439e-11
-3.27768e-11
4.59457e-11
-5.41421e-11
5.09753e-11
-3.23845e-11
5.35998e-12
1.34874e-11
-1.38354e-11
7.63315e-13
1.22717e-11
-1.45381e-11
1.92409e-12
1.98514e-11
-3.52334e-11
3.00474e-11
-6.99622e-12
-1.6317e-11
2.41912e-11
-1.38911e-11
-7.53867e-12
2.82081e-11
-3.62352e-11
2.81526e-11
-1.4089e-11
7.52334e-12
-1.16824e-11
1.96683e-11
-2.48538e-11
2.37241e-11
-1.38674e-11
-3.8121e-12
2.26175e-11
-3.66563e-11
4.56075e-11
-4.98806e-11
4.63244e-11
-3.50494e-11
2.34542e-11
-1.86337e-11
1.93265e-11
-1.94916e-11
1.34497e-11
3.01568e-12
-2.94868e-11
5.49365e-11
-6.37154e-11
5.08319e-11
-2.74595e-11
9.24483e-12
-5.04923e-12
1.42023e-11
-2.71099e-11
2.82778e-11
-9.19513e-12
-2.09012e-11
4.22141e-11
-4.30381e-11
2.6406e-11
-3.96315e-12
-1.1023e-11
9.1069e-12
6.87127e-12
-2.20574e-11
2.35294e-11
-1.24837e-11
-1.07105e-12
8.79593e-12
-6.93933e-12
-4.35619e-12
1.84189e-11
-2.54671e-11
2.18931e-11
-1.25479e-11
1.88744e-12
9.46532e-12
-1.9687e-11
2.45626e-11
-2.40745e-11
2.26221e-11
-2.32099e-11
2.62546e-11
-3.27763e-11
4.04714e-11
-4.03703e-11
2.4751e-11
2.10919e-12
-2.77035e-11
4.20196e-11
-4.20589e-11
3.13766e-11
-2.12102e-11
2.40855e-11
-4.06351e-11
5.61168e-11
-5.47831e-11
3.30272e-11
4.86047e-13
-3.12881e-11
4.49093e-11
-3.69384e-11
1.94094e-11
-1.15052e-11
2.10083e-11
-3.96057e-11
5.28281e-11
-4.99815e-11
2.82994e-11
2.93599e-12
-2.6034e-11
2.94292e-11
-1.82538e-11
6.22172e-12
-2.75895e-12
9.57041e-12
-2.26804e-11
3.24123e-11
-2.95499e-11
1.49916e-11
7.96571e-13
-9.73062e-12
1.08408e-11
-5.84218e-12
-2.80847e-12
9.53038e-12
-9.85568e-12
5.40362e-12
-4.63033e-13
-4.0926e-12
7.73727e-12
-7.27465e-12
1.82942e-12
2.77892e-12
-5.06958e-13
-9.08049e-12
2.26278e-11
-3.53829e-11
3.95634e-11
-2.94768e-11
1.00076e-11
5.70378e-12
-9.53689e-12
3.76174e-12
3.42355e-12
-2.55256e-12
-1.3291e-11
3.98811e-11
-6.08955e-11
6.16167e-11
-4.26155e-11
1.64168e-11
2.95821e-12
-6.89373e-12
-3.00868e-12
1.23131e-11
-4.612e-12
-2.21174e-11
5.31777e-11
-7.12463e-11
6.75134e-11
-4.47253e-11
1.63808e-11
-2.31233e-13
3.16065e-12
-1.43723e-11
1.6524e-11
-1.5575e-12
-2.62598e-11
5.45253e-11
-6.84257e-11
5.98943e-11
-3.65832e-11
1.57181e-11
-8.26243e-12
1.18978e-11
-1.75926e-11
1.56937e-11
-3.49055e-13
-2.4704e-11
4.58522e-11
-5.1982e-11
4.38399e-11
-2.97208e-11
1.69825e-11
-1.08248e-11
1.23556e-11
-1.55341e-11
1.17257e-11
2.19623e-13
-1.45547e-11
2.62324e-11
-3.27311e-11
3.13712e-11
-2.29089e-11
1.33614e-11
-7.87848e-12
5.91223e-12
-5.90998e-12
7.37813e-12
-7.39366e-12
1.59673e-12
8.67462e-12
-1.72851e-11
2.00347e-11
-1.63539e-11
6.78235e-12
4.28698e-12
-8.6054e-12
2.13322e-12
9.28704e-12
-1.67384e-11
1.55028e-11
-5.83902e-12
-7.37708e-12
1.41551e-11
-7.25902e-12
-8.83941e-12
2.11707e-11
-2.06561e-11
7.02526e-12
1.27824e-11
-2.71378e-11
2.57611e-11
-1.05453e-11
-4.38099e-12
5.92092e-12
7.0598e-12
-2.58656e-11
3.74706e-11
-3.09906e-11
6.76938e-12
2.00599e-11
-3.23736e-11
2.58757e-11
-1.00089e-11
-1.37279e-12
-2.71959e-12
2.27853e-11
-4.49318e-11
5.03081e-11
-3.27757e-11
2.87796e-12
2.26192e-11
-3.1543e-11
2.18408e-11
-5.27363e-12
3.21091e-13
-1.54156e-11
4.05537e-11
-5.7945e-11
5.53366e-11
-3.19163e-11
-7.68501e-13
2.34967e-11
-2.47827e-11
1.1527e-11
-1.42126e-12
6.72566e-12
-2.77655e-11
5.35778e-11
-6.68396e-11
5.5706e-11
-2.61049e-11
-3.21758e-12
1.72383e-11
-1.42161e-11
3.24324e-12
8.43308e-13
1.28704e-11
-4.04023e-11
6.38719e-11
-6.77969e-11
5.0523e-11
-2.2362e-11
-1.79179e-12
9.8753e-12
-2.5635e-12
-5.64139e-12
-3.03961e-13
2.20571e-11
-4.91357e-11
6.72339e-11
-6.57495e-11
4.47581e-11
-1.8028e-11
2.02577e-12
-1.57305e-12
8.12871e-12
-9.46421e-12
-3.00817e-12
2.87741e-11
-5.57723e-11
6.77537e-11
-5.90009e-11
3.79137e-11
-1.79858e-11
8.54505e-12
-1.11072e-11
1.69721e-11
-1.25518e-11
-7.92183e-12
3.59995e-11
-5.77062e-11
6.36083e-11
-5.27244e-11
3.29919e-11
-1.81624e-11
1.62533e-11
-2.19851e-11
2.29563e-11
-1.13494e-11
-1.24115e-11
4.00002e-11
-5.83064e-11
5.83516e-11
-4.43893e-11
2.92075e-11
-2.23486e-11
2.45765e-11
-2.97475e-11
2.73115e-11
-9.8752e-12
-1.83287e-11
4.34938e-11
-5.48143e-11
5.09703e-11
-3.83995e-11
2.74035e-11
-2.65277e-11
3.38558e-11
-3.77757e-11
2.97256e-11
-1.50864e-11
4.62538e-12
-6.4708e-13
1.17752e-13
2.54425e-14
3.99806e-15
0
