0
2.52811e-16
3.60358e-15
2.19491e-14
9.80768e-14
-2.96801e-13
1.43132e-12
-5.72958e-13
-7.01802e-12
1.92236e-11
-2.77742e-11
2.91879e-11
-2.56443e-11
2.10462e-11
-1.8472e-11
1.83109e-11
-1.89053e-11
1.8526e-11
-1.7894e-11
1.89894e-11
-2.20177e-11
2.36778e-11
-2.00795e-11
1.00188e-11
3.71299e-12
-1.63713e-11
2.37859e-11
-2.52206e-11
2.34496e-11
-2.22256e-11
2.2457e-11
-2.24235e-11
2.06441e-11
-1.83392e-11
1.78868e-11
-2.05445e-11
2.47305e-11
-2.67558e-11
2.27593e-11
-1.22378e-11
-1.06057e-12
1.1767e-11
-1.75989e-11
2.01036e-11
-2.21696e-11
2.48166e-11
-2.70508e-11
2.69491e-11
-2.39989e-11
2.02018e-11
-1.92795e-11
2.27109e-11
-2.76678e-11
2.89234e-11
-2.37732e-11
1.37528e-11
-3.04985e-12
-5.03265e-12
9.89006e-12
-1.39394e-11
1.98015e-11
-2.72508e-11
3.25139e-11
-3.24041e-11
2.78285e-11
-2.3381e-11
2.28257e-11
-2.62576e-11
3.00067e-11
-2.97282e-11
2.36309e-11
-1.45392e-11
7.20426e-12
-3.66171e-12
8.1039e-13
5.79924e-12
-1.71668e-11
2.9311e-11
-3.68728e-11
3.71085e-11
-3.23006e-11
2.78611e-11
-2.7977e-11
3.13261e-11
-3.26429e-11
2.8221e-11
-2.02178e-11
1.40559e-11
-1.29998e-11
1.46322e-11
-1.29952e-11
3.2979e-12
1.32989e-11
-2.99035e-11
3.89806e-11
-3.91234e-11
3.55199e-11
-3.43472e-11
3.63724e-11
-3.72754e-11
3.26161e-11
-2.30767e-11
1.442e-11
-1.30773e-11
1.95889e-11
-2.68796e-11
2.5293e-11
-1.14268e-11
-9.00628e-12
2.62845e-11
-3.51615e-11
3.76093e-11
-3.92962e-11
4.29829e-11
-4.57467e-11
4.16496e-11
-2.89445e-11
1.38668e-11
-6.87631e-12
1.2976e-11
-2.67293e-11
3.62575e-11
-3.30998e-11
1.78694e-11
1.36943e-12
-1.66197e-11
2.58819e-11
-3.34394e-11
4.31313e-11
-5.238e-11
5.31769e-11
-4.08144e-11
2.01901e-11
-3.58534e-12
9.74484e-13
-1.26839e-11
2.91836e-11
-3.86538e-11
3.53534e-11
-2.30593e-11
9.53758e-12
1.46869e-12
-1.3032e-11
2.88438e-11
-4.64812e-11
5.71092e-11
-5.29044e-11
3.40665e-11
-1.04185e-11
-4.86104e-12
4.13558e-12
9.08245e-12
-2.40615e-11
3.19103e-11
-3.17451e-11
2.76132e-11
-2.20925e-11
1.31848e-11
2.17654e-12
-2.33185e-11
4.33115e-11
-5.23618e-11
4.45694e-11
-2.38279e-11
1.72488e-12
1.05913e-11
-9.96852e-12
7.77295e-13
1.02851e-11
-1.91604e-11
2.49029e-11
-2.79989e-11
2.75265e-11
-2.08185e-11
5.90954e-12
1.41476e-11
-3.13386e-11
3.74327e-11
-3.00066e-11
1.33072e-11
4.69489e-12
-1.68563e-11
1.95765e-11
-1.41594e-11
4.83452e-12
4.39921e-12
-1.21084e-11
1.79111e-11
-2.07426e-11
1.86751e-11
-1.10772e-11
-4.56353e-13
1.18423e-11
-1.78587e-11
1.43211e-11
-1.73426e-12
-1.4074e-11
2.52861e-11
-2.78253e-11
2.31876e-11
-1.62857e-11
1.1026e-11
-8.0623e-12
4.78018e-12
1.33844e-12
-9.35988e-12
1.4342e-11
-1.23601e-11
5.28647e-12
-3.8156e-13
3.58946e-12
-1.43703e-11
2.59922e-11
-3.14097e-11
2.8667e-11
-2.27769e-11
2.115e-11
-2.65927e-11
3.34691e-11
-3.28424e-11
2.10821e-11
-3.76791e-12
-9.95162e-12
1.52638e-11
-1.51744e-11
1.64176e-11
-2.30178e-11
3.1887e-11
-3.55828e-11
2.97353e-11
-1.91198e-11
1.4217e-11
-2.16987e-11
3.75808e-11
-5.07512e-11
5.17639e-11
-3.96019e-11
2.07313e-11
-3.46152e-12
-8.63086e-12
1.78782e-11
-2.81045e-11
3.81978e-11
-4.21134e-11
3.50687e-11
-2.00541e-11
6.55637e-12
-3.88551e-12
1.44449e-11
-3.27656e-11
4.89424e-11
-5.49503e-11
4.8785e-11
-3.44653e-11
1.72326e-11
-2.66299e-14
-1.63208e-11
2.99424e-11
-3.75533e-11
3.63252e-11
-2.64187e-11
1.12325e-11
2.93623e-12
-9.21449e-12
3.55377e-12
1.1806e-11
-2.94472e-11
4.09797e-11
-4.17332e-11
3.20322e-11
-1.66083e-11
1.61317e-12
8.80736e-12
-1.49029e-11
1.87597e-11
-2.029e-11
1.61892e-11
-4.56953e-12
-1.11448e-11
2.29189e-11
-2.38709e-11
1.31981e-11
2.32426e-12
-1.27999e-11
1.23046e-11
-4.05613e-12
-2.90753e-12
2.23329e-12
3.73881e-12
-7.61558e-12
4.923e-12
1.15611e-12
-3.25406e-12
-3.53625e-12
1.67901e-11
-2.8574e-11
3.18466e-11
-2.72042e-11
2.21938e-11
-2.38511e-11
3.08873e-11
-3.48762e-11
2.81956e-11
-1.12905e-11
-8.16019e-12
2.1098e-11
-2.3516e-11
1.82164e-11
-1.22304e-11
1.0803e-11
-1.4033e-11
1.84763e-11
-2.24756e-11
2.77675e-11
-3.66451e-11
4.78561e-11
-5.67594e-11
5.77334e-11
-4.73565e-11
2.6224e-11
-1.67355e-13
-2.20066e-11
3.29537e-11
-3.11451e-11
2.06928e-11
-8.67048e-12
1.35503e-12
-1.90756e-12
8.91169e-12
-1.83502e-11
2.71845e-11
-3.57118e-11
4.45604e-11
-5.08391e-11
4.81863e-11
-3.26945e-11
7.72135e-12
1.64724e-11
-2.91387e-11
2.57685e-11
-1.15446e-11
-2.50884e-12
7.70986e-12
-4.53776e-12
2.90307e-13
-7.4724e-13
4.0134e-12
-3.83727e-12
-3.04809e-12
1.28064e-11
-1.79863e-11
1.36818e-11
-2.19143e-12
-8.43516e-12
1.04266e-11
-3.27295e-12
-6.13059e-12
1.001e-11
-7.26409e-12
3.45386e-12
-5.16871e-12
1.42808e-11
-2.75951e-11
3.92815e-11
-4.4471e-11
4.13785e-11
-3.22038e-11
2.08345e-11
-1.01691e-11
8.15705e-13
7.09286e-12
-1.28489e-11
1.5252e-11
-1.37912e-11
8.69946e-12
-2.15519e-12
-9.11837e-13
-5.80792e-12
2.43802e-11
-4.8899e-11
6.77362e-11
-7.15655e-11
5.91251e-11
-3.74383e-11
1.62916e-11
-2.21391e-12
-5.1018e-12
1.00501e-11
-1.51361e-11
1.71407e-11
-1.13967e-11
-1.10112e-12
1.15336e-11
-1.03074e-11
-4.68408e-12
2.56855e-11
-4.10759e-11
4.31509e-11
-3.30238e-11
1.86513e-11
-8.54506e-12
5.06835e-12
-4.24893e-12
1.12546e-12
4.47063e-12
-8.68713e-12
8.037e-12
-2.66388e-12
-4.97759e-12
1.20006e-11
-1.65572e-11
1.82204e-11
-1.86457e-11
1.99215e-11
-2.23427e-11
2.32559e-11
-1.94824e-11
9.89465e-12
2.93619e-12
-1.35746e-11
1.57957e-11
-7.25528e-12
-7.13157e-12
1.66264e-11
-1.27008e-11
-4.31648e-12
2.58116e-11
-4.27749e-11
5.18619e-11
-5.54923e-11
5.66342e-11
-5.49208e-11
4.64369e-11
-2.84512e-11
4.34667e-12
1.55614e-11
-2.11001e-11
1.07621e-11
6.06379e-12
-1.68443e-11
1.49569e-11
-2.84106e-12
-1.24793e-11
2.4655e-11
-3.11954e-11
3.30457e-11
-3.27933e-11
3.16125e-11
-2.85149e-11
2.18715e-11
-1.22726e-11
2.35369e-12
4.91331e-12
-7.95819e-12
6.37865e-12
-1.56364e-12
-3.27244e-12
4.74328e-12
-3.38547e-12
4.17024e-12
-1.20227e-11
2.55336e-11
-3.68574e-11
3.73877e-11
-2.49273e-11
5.5655e-12
9.79417e-12
-1.30417e-11
4.44386e-12
7.62291e-12
-1.43277e-11
1.33413e-11
-8.85458e-12
4.38679e-12
1.79069e-12
-1.43274e-11
3.40605e-11
-5.54653e-11
6.94075e-11
-6.9132e-11
5.41622e-11
-3.11952e-11
1.02215e-11
1.09235e-12
-1.74112e-12
-3.90443e-12
9.9477e-12
-1.23678e-11
9.48262e-12
-2.50551e-12
-4.94443e-12
9.01069e-12
-9.63999e-12
1.06458e-11
-1.54753e-11
2.24229e-11
-2.60574e-11
2.2449e-11
-1.33739e-11
4.58737e-12
-1.16931e-12
2.91368e-12
-4.42607e-12
-3.92661e-13
1.13728e-11
-2.03107e-11
1.68293e-11
1.76241e-12
-2.74608e-11
4.75945e-11
-5.43889e-11
4.82869e-11
-3.52e-11
2.14221e-11
-1.11669e-11
5.59121e-12
-3.90235e-12
4.82936e-12
-8.10819e-12
1.32781e-11
-1.83409e-11
1.96461e-11
-1.42578e-11
1.1932e-12
1.79576e-11
-3.8945e-11
5.45156e-11
-5.77671e-11
4.75219e-11
-3.11682e-11
1.92618e-11
-1.7066e-11
2.0487e-11
-2.10501e-11
1.35211e-11
-3.35373e-13
-1.08744e-11
1.30306e-11
-5.41994e-12
-6.01546e-12
1.36648e-11
-1.50637e-11
1.35801e-11
-1.33884e-11
1.40882e-11
-1.20742e-11
5.31073e-12
3.66853e-12
-1.00158e-11
9.546e-12
-8.66792e-13
-1.40331e-11
2.90166e-11
-3.5859e-11
2.84848e-11
-7.49573e-12
-1.99104e-11
4.34648e-11
-5.53946e-11
5.41672e-11
-4.54349e-11
3.74485e-11
-3.44695e-11
3.3315e-11
-2.82043e-11
1.80038e-11
-8.36166e-12
5.36294e-12
-9.15591e-12
1.36929e-11
-1.29646e-11
5.87469e-12
3.22084e-12
-8.558e-12
7.16515e-12
-1.61492e-12
-1.88841e-12
-1.75066e-12
1.18506e-11
-2.26771e-11
2.74392e-11
-2.23677e-11
7.55026e-12
1.26251e-11
-3.01397e-11
3.61232e-11
-2.69961e-11
7.50963e-12
1.2638e-11
-2.68249e-11
3.50464e-11
-4.09791e-11
4.60112e-11
-4.76927e-11
4.243e-11
-3.0181e-11
1.6035e-11
-7.99362e-12
1.07159e-11
-2.10945e-11
2.96343e-11
-2.84879e-11
1.76256e-11
-4.01267e-12
-5.39983e-12
8.24633e-12
-6.70501e-12
4.59258e-12
-6.01657e-12
1.35268e-11
-2.59318e-11
3.70353e-11
-3.93572e-11
2.95184e-11
-1.12308e-11
-7.62444e-12
1.98329e-11
-2.28894e-11
1.90118e-11
-1.24203e-11
4.74685e-12
6.06422e-12
-2.21926e-11
4.01652e-11
-5.1258e-11
4.84315e-11
-3.37415e-11
1.70423e-11
-8.30667e-12
1.0557e-11
-1.99506e-11
2.95598e-11
-3.36064e-11
2.94901e-11
-1.91923e-11
7.97846e-12
-1.20557e-12
3.0817e-13
-2.28157e-12
1.70902e-12
5.44005e-12
-1.92168e-11
3.43551e-11
-4.30908e-11
4.05285e-11
-2.91247e-11
1.60079e-11
-6.14446e-12
-1.86131e-12
1.14661e-11
-2.17705e-11
2.62261e-11
-1.88927e-11
1.64813e-13
2.26311e-11
-4.01582e-11
4.59398e-11
-3.96533e-11
2.67488e-11
-1.55305e-11
1.19588e-11
-1.67526e-11
2.56665e-11
-3.28641e-11
3.36045e-11
-2.67756e-11
1.59141e-11
-8.08868e-12
8.25001e-12
-1.42173e-11
1.74356e-11
-1.10794e-11
-3.70486e-12
1.92576e-11
-2.92465e-11
3.30072e-11
-3.36594e-11
3.28892e-11
-2.93166e-11
2.01686e-11
-4.81634e-12
-1.35676e-11
2.8203e-11
-3.22862e-11
2.30676e-11
-4.19918e-12
-1.67697e-11
3.23086e-11
-3.81187e-11
3.39389e-11
-2.43639e-11
1.73009e-11
-1.9347e-11
2.94932e-11
-3.90979e-11
3.90887e-11
-2.86871e-11
1.55974e-11
-8.76719e-12
1.075e-11
-1.74854e-11
2.26989e-11
-2.26028e-11
1.68246e-11
-7.59616e-12
-2.57084e-12
1.22496e-11
-2.14002e-11
2.92993e-11
-3.36099e-11
3.12975e-11
-2.13301e-11
5.20092e-12
1.35123e-11
-2.97864e-11
3.7078e-11
-3.05483e-11
1.18135e-11
9.39439e-12
-2.19524e-11
2.22734e-11
-1.71475e-11
1.65246e-11
-2.48414e-11
3.80607e-11
-4.83294e-11
4.95599e-11
-4.08696e-11
2.61753e-11
-1.21907e-11
4.57425e-12
-5.3028e-12
1.19979e-11
-2.02796e-11
2.57566e-11
-2.57314e-11
1.99004e-11
-1.09943e-11
2.55959e-12
4.07475e-12
-1.07695e-11
1.82969e-11
-2.27402e-11
1.75274e-11
-1.07567e-12
-1.96858e-11
3.38521e-11
-3.55126e-11
2.70886e-11
-1.59026e-11
7.89696e-12
-4.87472e-12
4.35316e-12
-1.57847e-12
-7.99595e-12
2.50056e-11
-4.47947e-11
5.9099e-11
-6.09602e-11
4.85307e-11
-2.68311e-11
5.52655e-12
5.81969e-12
-4.05773e-12
-5.65036e-12
1.4196e-11
-1.67411e-11
1.5518e-11
-1.54373e-11
1.74016e-11
-1.81919e-11
1.51529e-11
-9.86365e-12
5.85815e-12
-5.32989e-12
8.13776e-12
-1.35946e-11
2.04184e-11
-2.61479e-11
2.77234e-11
-2.47717e-11
2.06926e-11
-2.02632e-11
2.47236e-11
-2.99061e-11
2.81248e-11
-1.37403e-11
-1.20419e-11
3.96707e-11
-5.65203e-11
5.51158e-11
-3.85972e-11
1.73135e-11
-9.47193e-13
-7.12589e-12
8.42676e-12
-6.1069e-12
3.20375e-12
-2.76684e-12
5.56597e-12
-8.13957e-12
4.46833e-12
7.71942e-12
-2.38098e-11
3.56989e-11
-3.91562e-11
3.62625e-11
-3.2047e-11
2.90992e-11
-2.66212e-11
2.26352e-11
-1.7178e-11
1.27712e-11
-1.30948e-11
1.96074e-11
-2.95521e-11
3.65597e-11
-3.50776e-11
2.39074e-11
-6.83072e-12
-1.02167e-11
2.12019e-11
-2.18791e-11
1.17985e-11
3.27421e-12
-1.38957e-11
1.40056e-11
-7.21937e-12
3.77969e-12
-1.1131e-11
2.67294e-11
-4.08902e-11
4.45452e-11
-3.48413e-11
1.44667e-11
1.05725e-11
-3.30756e-11
4.63869e-11
-4.78652e-11
4.03497e-11
-3.02425e-11
2.24861e-11
-1.79647e-11
1.41788e-11
-8.77705e-12
1.83306e-12
3.59801e-12
-4.12121e-12
-9.22899e-13
7.8901e-12
-1.21587e-11
1.26485e-11
-1.32469e-11
1.79895e-11
-2.62751e-11
3.29252e-11
-3.36072e-11
2.81015e-11
-1.94639e-11
1.11665e-11
-7.08271e-12
1.11946e-11
-2.48063e-11
4.22083e-11
-5.24034e-11
4.68878e-11
-2.73533e-11
4.30155e-12
1.10375e-11
-1.45024e-11
9.52399e-12
-3.13452e-12
8.55042e-13
-4.23839e-12
1.00564e-11
-1.24342e-11
6.27621e-12
8.87311e-12
-2.83125e-11
4.41711e-11
-4.94735e-11
4.12753e-11
-2.27891e-11
1.68111e-12
1.451e-11
-2.37082e-11
2.91279e-11
-3.43562e-11
3.83761e-11
-3.73705e-11
2.99283e-11
-1.96412e-11
1.11189e-11
-5.88545e-12
2.408e-12
1.64472e-13
-1.29149e-12
8.80737e-13
-3.60476e-13
-3.33558e-13
4.32025e-12
-1.48852e-11
2.98086e-11
-4.11869e-11
4.13019e-11
-2.97118e-11
1.36719e-11
-3.09836e-12
3.98314e-12
-1.57378e-11
3.1837e-11
-4.37586e-11
4.52952e-11
-3.61903e-11
2.17054e-11
-9.45155e-12
4.72941e-12
-8.09583e-12
1.47626e-11
-1.72701e-11
1.00616e-11
5.17533e-12
-1.9372e-11
2.20583e-11
-9.95043e-12
-1.10165e-11
3.09969e-11
-4.37018e-11
4.78429e-11
-4.45152e-11
3.50099e-11
-2.21814e-11
1.01943e-11
-1.57636e-12
-5.67324e-12
1.50804e-11
-2.65407e-11
3.48596e-11
-3.52091e-11
2.801e-11
-1.82267e-11
9.59303e-12
-1.91725e-12
-6.89277e-12
1.66872e-11
-2.46149e-11
2.69764e-11
-2.16882e-11
8.81049e-12
8.85734e-12
-2.62647e-11
3.7465e-11
-3.89821e-11
3.18481e-11
-2.16079e-11
1.5069e-11
-1.65829e-11
2.46534e-11
-3.24129e-11
3.18968e-11
-2.08862e-11
5.39009e-12
4.38732e-12
-2.30184e-12
-9.86306e-12
2.47019e-11
-3.48386e-11
3.55977e-11
-2.59855e-11
9.42193e-12
5.44907e-12
-8.93868e-12
-2.43842e-12
2.16867e-11
-3.68197e-11
4.05309e-11
-3.52376e-11
2.83357e-11
-2.51602e-11
2.60742e-11
-2.90353e-11
3.12584e-11
-2.93853e-11
2.00398e-11
-3.53846e-12
-1.43427e-11
2.52688e-11
-2.48851e-11
1.53495e-11
-2.51241e-12
-9.46935e-12
1.96518e-11
-2.87067e-11
3.62605e-11
-4.07994e-11
4.04505e-11
-3.45171e-11
2.38312e-11
-1.08803e-11
-1.66586e-12
1.20483e-11
-2.00989e-11
2.60579e-11
-3.00271e-11
3.15752e-11
-2.99849e-11
2.34949e-11
-1.03144e-11
-8.78915e-12
2.77116e-11
-3.75599e-11
3.30084e-11
-1.7399e-11
-1.16981e-13
1.16969e-11
-1.58206e-11
1.54496e-11
-1.45103e-11
1.61053e-11
-2.2725e-11
3.38661e-11
-4.37838e-11
4.3508e-11
-2.8944e-11
6.224e-12
1.16337e-11
-1.51945e-11
4.88037e-12
1.11693e-11
-2.43772e-11
2.963e-11
-2.58276e-11
1.53735e-11
-4.75348e-12
1.80296e-12
-1.01661e-11
2.49109e-11
-3.59189e-11
3.58172e-11
-2.59003e-11
1.39566e-11
-8.11985e-12
1.16234e-11
-2.24117e-11
3.47976e-11
-4.24225e-11
4.07779e-11
-2.99387e-11
1.45645e-11
-1.54202e-12
-4.33202e-12
2.52594e-12
3.39946e-12
-8.85465e-12
1.11123e-11
-1.13333e-11
1.31289e-11
-1.94369e-11
2.93415e-11
-3.89344e-11
4.43642e-11
-4.45822e-11
4.02226e-11
-3.18884e-11
1.98455e-11
-6.01695e-12
-6.30077e-12
1.46302e-11
-1.92201e-11
2.07539e-11
-1.78858e-11
8.07433e-12
7.684e-12
-2.35804e-11
3.31777e-11
-3.5467e-11
3.45395e-11
-3.43115e-11
3.41431e-11
-3.10038e-11
2.32367e-11
-1.1523e-11
-3.59312e-12
2.13074e-11
-3.77805e-11
4.52903e-11
-3.80714e-11
1.85046e-11
3.16205e-12
-1.71484e-11
2.09278e-11
-1.89726e-11
1.6702e-11
-1.69186e-11
1.97149e-11
-2.35801e-11
2.44071e-11
-1.65911e-11
-2.60881e-12
2.79676e-11
-4.80363e-11
5.28003e-11
-4.13058e-11
2.13307e-11
-3.36773e-12
-5.96814e-12
5.72662e-12
2.27288e-13
-5.7302e-12
4.98871e-12
3.37616e-12
-1.45344e-11
1.95619e-11
-1.19786e-11
-7.33235e-12
2.99052e-11
-4.52191e-11
4.66956e-11
-3.53771e-11
1.85448e-11
-5.5755e-12
2.36703e-12
-8.57379e-12
1.81853e-11
-2.39056e-11
2.12931e-11
-1.139e-11
-1.86016e-13
5.93619e-12
-1.13152e-12
-1.29068e-11
2.85191e-11
-3.67728e-11
3.35265e-11
-2.23661e-11
1.09734e-11
-5.68399e-12
8.12202e-12
-1.63158e-11
2.62264e-11
-3.31033e-11
3.27872e-11
-2.51009e-11
1.51465e-11
-1.02974e-11
1.354e-11
-2.09671e-11
2.55225e-11
-2.37586e-11
1.74379e-11
-1.04322e-11
5.11402e-12
-3.0968e-12
6.26629e-12
-1.54431e-11
2.72244e-11
-3.54751e-11
3.65216e-11
-3.29385e-11
2.99696e-11
-2.96684e-11
2.91432e-11
-2.54053e-11
1.90326e-11
-1.28708e-11
7.73258e-12
-2.55684e-12
-2.28377e-12
3.33351e-12
1.913e-12
-1.15489e-11
2.07642e-11
-2.74338e-11
3.33301e-11
-4.01758e-11
4.54354e-11
-4.47752e-11
3.71316e-11
-2.63417e-11
1.65284e-11
-8.556e-12
1.15451e-12
5.0408e-12
-7.71575e-12
6.08902e-12
-2.59764e-12
-8.3545e-13
5.91076e-12
-1.6228e-11
3.14919e-11
-4.60635e-11
5.32124e-11
-5.0891e-11
4.17186e-11
-2.94438e-11
1.62867e-11
-4.3885e-12
-3.60552e-12
6.39158e-12
-6.56695e-12
8.24174e-12
-1.22497e-11
1.39013e-11
-7.4999e-12
-8.08781e-12
2.78781e-11
-4.4998e-11
5.4486e-11
-5.44888e-11
4.52421e-11
-2.96974e-11
1.34745e-11
-2.619e-12
-1.17233e-12
1.82311e-12
-5.27841e-12
1.33317e-11
-2.20194e-11
2.47864e-11
-1.76524e-11
9.82817e-13
2.09735e-11
-4.18855e-11
5.47143e-11
-5.48875e-11
4.31837e-11
-2.63641e-11
1.26455e-11
-6.23323e-12
4.72842e-12
-2.42778e-12
-4.87313e-12
1.66013e-11
-2.82336e-11
3.3482e-11
-2.75298e-11
9.46943e-12
1.57911e-11
-3.9162e-11
5.16871e-11
-5.00734e-11
3.81549e-11
-2.40693e-11
1.44681e-11
-1.10823e-11
1.04469e-11
-7.17463e-12
-2.57852e-12
1.80251e-11
-3.35866e-11
4.10752e-11
-3.46388e-11
1.45372e-11
1.19752e-11
-3.46691e-11
4.56535e-11
-4.3578e-11
3.32473e-11
-2.23627e-11
1.65133e-11
-1.63344e-11
1.72513e-11
-1.30254e-11
1.6856e-14
1.94037e-11
-3.76669e-11
4.5711e-11
-3.84685e-11
1.77362e-11
8.26402e-12
-2.94703e-11
3.89823e-11
-3.66438e-11
2.80735e-11
-2.08918e-11
1.94961e-11
-2.26959e-11
2.45152e-11
-1.86053e-11
2.4833e-12
1.98717e-11
-3.97574e-11
4.79559e-11
-4.0183e-11
1.94414e-11
5.2544e-12
-2.41624e-11
3.17691e-11
-2.94534e-11
2.34101e-11
-2.04728e-11
2.34101e-11
-2.94533e-11
3.17689e-11
-2.41622e-11
5.2542e-12
1.94416e-11
-4.01832e-11
4.79561e-11
-3.97575e-11
1.98718e-11
2.48324e-12
-1.86053e-11
2.45152e-11
-2.2696e-11
1.94963e-11
-2.08921e-11
2.80739e-11
-3.66441e-11
3.89827e-11
-2.94707e-11
8.26437e-12
1.77359e-11
-3.84683e-11
4.57109e-11
-3.76669e-11
1.94037e-11
1.6765e-14
-1.30252e-11
1.7251e-11
-1.63341e-11
1.6513e-11
-2.23622e-11
3.32467e-11
-4.35774e-11
4.5653e-11
-3.46689e-11
1.19751e-11
1.45372e-11
-3.46387e-11
4.10751e-11
-3.35865e-11
1.80249e-11
-2.57829e-12
-7.17493e-12
1.04474e-11
-1.10829e-11
1.44687e-11
-2.40699e-11
3.81553e-11
-5.00736e-11
5.16872e-11
-3.9162e-11
1.5791e-11
9.46957e-12
-2.753e-11
3.34821e-11
-2.82337e-11
1.66015e-11
-4.87346e-12
-2.42733e-12
4.72795e-12
-6.23283e-12
1.26452e-11
-2.63639e-11
4.31836e-11
-5.48876e-11
5.47144e-11
-4.18856e-11
2.09736e-11
9.82885e-13
-1.76525e-11
2.47864e-11
-2.20193e-11
1.33316e-11
-5.27833e-12
1.82295e-12
-1.17212e-12
-2.61917e-12
1.34746e-11
-2.96974e-11
4.5242e-11
-5.44889e-11
5.44861e-11
-4.49982e-11
2.78783e-11
-8.08809e-12
-7.49955e-12
1.3901e-11
-1.22495e-11
8.24175e-12
-6.56701e-12
6.3916e-12
-3.60551e-12
-4.38847e-12
1.62866e-11
-2.94437e-11
4.17185e-11
-5.08908e-11
5.3212e-11
-4.60631e-11
3.14915e-11
-1.62276e-11
5.91056e-12
-8.35329e-13
-2.59774e-12
6.08911e-12
-7.7158e-12
5.04082e-12
1.15448e-12
-8.55596e-12
1.65284e-11
-2.63418e-11
3.71318e-11
-4.47755e-11
4.54357e-11
-4.0176e-11
3.33302e-11
-2.74339e-11
2.07643e-11
-1.1549e-11
1.91322e-12
3.3332e-12
-2.28343e-12
-2.55714e-12
7.73274e-12
-1.28707e-11
1.90324e-11
-2.54051e-11
2.91431e-11
-2.96685e-11
2.99698e-11
-3.29387e-11
3.65217e-11
-3.5475e-11
2.72241e-11
-1.54427e-11
6.26586e-12
-3.09648e-12
5.11387e-12
-1.04322e-11
1.7438e-11
-2.37586e-11
2.55224e-11
-2.09668e-11
1.35396e-11
-1.02971e-11
1.51464e-11
-2.51009e-11
3.27873e-11
-3.31034e-11
2.62265e-11
-1.63158e-11
8.122e-12
-5.68387e-12
1.09733e-11
-2.23662e-11
3.35268e-11
-3.67731e-11
2.85194e-11
-1.29071e-11
-1.13123e-12
5.93585e-12
-1.85669e-13
-1.13903e-11
2.12933e-11
-2.39058e-11
1.81855e-11
-8.57393e-12
2.36709e-12
-5.57549e-12
1.85448e-11
-3.53771e-11
4.66955e-11
-4.52189e-11
2.99049e-11
-7.33198e-12
-1.1979e-11
1.95622e-11
-1.45346e-11
3.37635e-12
4.98858e-12
-5.73011e-12
2.27181e-13
5.7268e-12
-5.96835e-12
-3.36756e-12
2.13306e-11
-4.13058e-11
5.28003e-11
-4.80362e-11
2.79675e-11
-2.60867e-12
-1.65912e-11
2.44071e-11
-2.358e-11
1.97147e-11
-1.69184e-11
1.67018e-11
-1.89724e-11
2.09277e-11
-1.71483e-11
3.16179e-12
1.8505e-11
-3.80719e-11
4.52907e-11
-3.77808e-11
2.13075e-11
-3.59305e-12
-1.15232e-11
2.32369e-11
-3.10041e-11
3.41435e-11
-3.43118e-11
3.45398e-11
-3.54673e-11
3.3178e-11
-2.35807e-11
7.68431e-12
8.07416e-12
-1.78858e-11
2.0754e-11
-1.92203e-11
1.46304e-11
-6.30108e-12
-6.01649e-12
1.98449e-11
-3.18879e-11
4.02222e-11
-4.4582e-11
4.43642e-11
-3.89345e-11
2.93417e-11
-1.94372e-11
1.31292e-11
-1.13335e-11
1.11124e-11
-8.85487e-12
3.39981e-12
2.52551e-12
-4.33158e-12
-1.54234e-12
1.45646e-11
-2.99386e-11
4.07776e-11
-4.24221e-11
3.47973e-11
-2.24114e-11
1.16232e-11
-8.11973e-12
1.39565e-11
-2.59003e-11
3.58173e-11
-3.5919e-11
2.4911e-11
-1.01662e-11
1.80313e-12
-4.75373e-12
1.53738e-11
-2.58278e-11
2.96302e-11
-2.43774e-11
1.11694e-11
4.88038e-12
-1.51947e-11
1.16341e-11
6.22352e-12
-2.89436e-11
4.35079e-11
-4.37838e-11
3.38661e-11
-2.27249e-11
1.6105e-11
-1.451e-11
1.54493e-11
-1.58203e-11
1.16967e-11
-1.1705e-13
-1.73987e-11
3.3008e-11
-3.75596e-11
2.77117e-11
-8.78938e-12
-1.03141e-11
2.34948e-11
-2.9985e-11
3.15755e-11
-3.00276e-11
2.60585e-11
-2.00994e-11
1.20487e-11
-1.66608e-12
-1.08802e-11
2.38311e-11
-3.4517e-11
4.04503e-11
-4.07992e-11
3.62604e-11
-2.87067e-11
1.9652e-11
-9.46969e-12
-2.51198e-12
1.5349e-11
-2.48846e-11
2.52683e-11
-1.43424e-11
-3.53852e-12
2.00397e-11
-2.93851e-11
3.12582e-11
-2.90351e-11
2.6074e-11
-2.51599e-11
2.83354e-11
-3.52374e-11
4.05306e-11
-3.68195e-11
2.16867e-11
-2.4386e-12
-8.93832e-12
5.44863e-12
9.42237e-12
-2.59859e-11
3.55981e-11
-3.4839e-11
2.47023e-11
-9.86337e-12
-2.30156e-12
4.38713e-12
5.3901e-12
-2.0886e-11
3.18963e-11
-3.24123e-11
2.46527e-11
-1.65823e-11
1.50686e-11
-2.16077e-11
3.1848e-11
-3.8982e-11
3.74648e-11
-2.62645e-11
8.85722e-12
8.81055e-12
-2.16882e-11
2.69762e-11
-2.46146e-11
1.66868e-11
-6.89244e-12
-1.91747e-12
9.59311e-12
-1.82267e-11
2.801e-11
-3.5209e-11
3.48597e-11
-2.65408e-11
1.50805e-11
-5.67328e-12
-1.57633e-12
1.01943e-11
-2.21814e-11
3.501e-11
-4.45152e-11
4.78428e-11
-4.37017e-11
3.09968e-11
-1.10165e-11
-9.95031e-12
2.20582e-11
-1.9372e-11
5.17544e-12
1.00615e-11
-1.727e-11
1.47626e-11
-8.09585e-12
4.72949e-12
-9.45171e-12
2.17056e-11
-3.61903e-11
4.52951e-11
-4.37584e-11
3.18369e-11
-1.57379e-11
3.98338e-12
-3.09859e-12
1.3672e-11
-2.97118e-11
4.13019e-11
-4.11868e-11
2.98084e-11
-1.48851e-11
4.32028e-12
-3.33706e-13
-3.60297e-13
8.8064e-13
-1.29149e-12
1.64514e-13
2.40805e-12
-5.88564e-12
1.11192e-11
-1.96415e-11
2.99285e-11
-3.73705e-11
3.8376e-11
-3.4356e-11
2.91277e-11
-2.37081e-11
1.451e-11
1.6811e-12
-2.27892e-11
4.12755e-11
-4.94738e-11
4.41715e-11
-2.83128e-11
8.87326e-12
6.2763e-12
-1.24345e-11
1.00567e-11
-4.23848e-12
8.54897e-13
-3.13424e-12
9.52372e-12
-1.45022e-11
1.10373e-11
4.3018e-12
-2.73536e-11
4.68881e-11
-5.24037e-11
4.22086e-11
-2.48065e-11
1.11946e-11
-7.08248e-12
1.11661e-11
-1.94633e-11
2.81009e-11
-3.36066e-11
3.29247e-11
-2.62746e-11
1.79889e-11
-1.32463e-11
1.26479e-11
-1.21582e-11
7.88982e-12
-9.22841e-13
-4.12107e-12
3.5977e-12
1.83349e-12
-8.77751e-12
1.41792e-11
-1.79651e-11
2.24864e-11
-3.02427e-11
4.03499e-11
-4.78653e-11
4.6387e-11
-3.30756e-11
1.05725e-11
1.44667e-11
-3.48412e-11
4.4545e-11
-4.08899e-11
2.67292e-11
-1.11308e-11
3.77956e-12
-7.21926e-12
1.40055e-11
-1.38956e-11
3.27405e-12
1.17987e-11
-2.18793e-11
2.12019e-11
-1.02166e-11
-6.83094e-12
2.39077e-11
-3.5078e-11
3.65601e-11
-2.95526e-11
1.96079e-11
-1.30951e-11
1.27715e-11
-1.71781e-11
2.26353e-11
-2.66212e-11
2.90991e-11
-3.20469e-11
3.62625e-11
-3.91563e-11
3.56989e-11
-2.38096e-11
7.71916e-12
4.4687e-12
-8.13997e-12
5.56634e-12
-2.76711e-12
3.20385e-12
-6.10685e-12
8.42663e-12
-7.12576e-12
-9.47272e-13
1.73136e-11
-3.85973e-11
5.5116e-11
-5.65205e-11
3.96709e-11
-1.20421e-11
-1.37401e-11
2.81246e-11
-2.9906e-11
2.47236e-11
-2.02632e-11
2.06926e-11
-2.47718e-11
2.77234e-11
-2.61479e-11
2.04184e-11
-1.35946e-11
8.13785e-12
-5.33005e-12
5.8583e-12
-9.86372e-12
1.51529e-11
-1.81918e-11
1.74016e-11
-1.54373e-11
1.55181e-11
-1.67414e-11
1.41962e-11
-5.65051e-12
-4.05774e-12
5.81984e-12
5.52637e-12
-2.6831e-11
4.85308e-11
-6.09605e-11
5.90994e-11
-4.4795e-11
2.50057e-11
-7.99575e-12
-1.57881e-12
4.35341e-12
-4.87472e-12
7.89673e-12
-1.59023e-11
2.70884e-11
-3.55125e-11
3.38522e-11
-1.96861e-11
-1.07533e-12
1.7527e-11
-2.27399e-11
1.82967e-11
-1.07695e-11
4.07481e-12
2.55946e-12
-1.0994e-11
1.99e-11
-2.57308e-11
2.5756e-11
-2.02792e-11
1.19977e-11
-5.30294e-12
4.57453e-12
-1.21909e-11
2.61755e-11
-4.08697e-11
4.956e-11
-4.83296e-11
3.8061e-11
-2.4842e-11
1.65252e-11
-1.71481e-11
2.2274e-11
-2.19527e-11
9.39443e-12
1.18137e-11
-3.05486e-11
3.70783e-11
-2.97865e-11
1.35121e-11
5.20123e-12
-2.13304e-11
3.12978e-11
-3.36101e-11
2.92993e-11
-2.14001e-11
1.22495e-11
-2.57095e-12
-7.59584e-12
1.68242e-11
-2.26026e-11
2.26989e-11
-1.74858e-11
1.07505e-11
-8.76765e-12
1.55976e-11
-2.86872e-11
3.90887e-11
-3.90979e-11
2.94933e-11
-1.93471e-11
1.7301e-11
-2.4364e-11
3.3939e-11
-3.81189e-11
3.23088e-11
-1.67701e-11
-4.19863e-12
2.3067e-11
-3.22859e-11
2.82031e-11
-1.3568e-11
-4.81585e-12
2.01682e-11
-2.93164e-11
3.28893e-11
-3.36596e-11
3.30074e-11
-2.92465e-11
1.92574e-11
-3.7046e-12
-1.10796e-11
1.74358e-11
-1.42172e-11
8.24972e-12
-8.08832e-12
1.59139e-11
-2.67755e-11
3.36045e-11
-3.28642e-11
2.56665e-11
-1.67527e-11
1.1959e-11
-1.55307e-11
2.67489e-11
-3.96532e-11
4.59396e-11
-4.01579e-11
2.26308e-11
1.651e-13
-1.8893e-11
2.62264e-11
-2.17708e-11
1.14663e-11
-1.86136e-12
-6.14457e-12
1.60081e-11
-2.91248e-11
4.05285e-11
-4.30908e-11
3.43552e-11
-1.92169e-11
5.44011e-12
1.70905e-12
-2.28166e-12
3.08302e-13
-1.20573e-12
7.97866e-12
-1.91925e-11
2.94902e-11
-3.36062e-11
2.95593e-11
-1.995e-11
1.05564e-11
-8.30616e-12
1.70419e-11
-3.37412e-11
4.84311e-11
-5.12576e-11
4.01649e-11
-2.21925e-11
6.06427e-12
4.74673e-12
-1.24203e-11
1.90118e-11
-2.28894e-11
1.98329e-11
-7.62432e-12
-1.1231e-11
2.95185e-11
-3.93572e-11
3.70353e-11
-2.59316e-11
1.35265e-11
-6.01611e-12
4.59216e-12
-6.70472e-12
8.2462e-12
-5.39975e-12
-4.01277e-12
1.76257e-11
-2.84881e-11
2.96343e-11
-2.10944e-11
1.07156e-11
-7.99328e-12
1.60348e-11
-3.0181e-11
4.243e-11
-4.76926e-11
4.6011e-11
-4.09789e-11
3.50463e-11
-2.6825e-11
1.26382e-11
7.50935e-12
-2.69958e-11
3.6123e-11
-3.01396e-11
1.26253e-11
7.55003e-12
-2.23674e-11
2.74389e-11
-2.26767e-11
1.18502e-11
-1.75026e-12
-1.8888e-12
-1.61453e-12
7.16478e-12
-8.55769e-12
3.22066e-12
5.87472e-12
-1.29645e-11
1.36927e-11
-9.15563e-12
5.36267e-12
-8.36143e-12
1.80036e-11
-2.82043e-11
3.3315e-11
-3.44695e-11
3.74486e-11
-4.54349e-11
5.41672e-11
-5.53945e-11
4.34647e-11
-1.99102e-11
-7.49587e-12
2.84849e-11
-3.5859e-11
2.90166e-11
-1.4033e-11
-8.67e-13
9.54624e-12
-1.0016e-11
3.66863e-12
5.31074e-12
-1.20743e-11
1.40883e-11
-1.33884e-11
1.35799e-11
-1.50633e-11
1.36643e-11
-6.01495e-12
-5.42032e-12
1.30309e-11
-1.08746e-11
-3.35061e-13
1.35207e-11
-2.10496e-11
2.04866e-11
-1.70656e-11
1.92615e-11
-3.11679e-11
4.75215e-11
-5.77668e-11
5.45155e-11
-3.8945e-11
1.79578e-11
1.193e-12
-1.42575e-11
1.96458e-11
-1.83406e-11
1.3278e-11
-8.10826e-12
4.82954e-12
-3.90251e-12
5.59124e-12
-1.11668e-11
2.14218e-11
-3.51997e-11
4.82867e-11
-5.43887e-11
4.75943e-11
-2.74604e-11
1.76192e-12
1.68297e-11
-2.0311e-11
1.1373e-11
-3.92937e-13
-4.42567e-12
2.9132e-12
-1.16883e-12
4.58701e-12
-1.33737e-11
2.24489e-11
-2.60572e-11
2.24227e-11
-1.54751e-11
1.06457e-11
-9.63994e-12
9.01067e-12
-4.94437e-12
-2.50563e-12
9.48277e-12
-1.2368e-11
9.94781e-12
-3.90452e-12
-1.74097e-12
1.09213e-12
1.02218e-11
-3.11955e-11
5.41625e-11
-6.91322e-11
6.94075e-11
-5.54651e-11
3.40603e-11
-1.43271e-11
1.79042e-12
4.38705e-12
-8.85484e-12
1.33415e-11
-1.43279e-11
7.62295e-12
4.44396e-12
-1.30419e-11
9.7943e-12
5.56547e-12
-2.49274e-11
3.73878e-11
-3.68575e-11
2.55337e-11
-1.20226e-11
4.17014e-12
-3.38538e-12
4.74326e-12
-3.27249e-12
-1.56353e-12
6.37851e-12
-7.958e-12
4.91312e-12
2.35388e-12
-1.22728e-11
2.18716e-11
-2.85149e-11
3.16123e-11
-3.27928e-11
3.30451e-11
-3.11949e-11
2.46547e-11
-1.24792e-11
-2.8411e-12
1.4957e-11
-1.68444e-11
6.06394e-12
1.0762e-11
-2.11001e-11
1.55614e-11
4.34666e-12
-2.84513e-11
4.6437e-11
-5.49209e-11
5.66342e-11
-5.54923e-11
5.18619e-11
-4.27749e-11
2.58118e-11
-4.3168e-12
-1.27004e-11
1.66261e-11
-7.13136e-12
-7.25532e-12
1.57956e-11
-1.35745e-11
2.93612e-12
9.89468e-12
-1.94824e-11
2.3256e-11
-2.23428e-11
1.99216e-11
-1.86458e-11
1.82205e-11
-1.65572e-11
1.20006e-11
-4.97761e-12
-2.66376e-12
8.03682e-12
-8.68696e-12
4.47056e-12
1.12541e-12
-4.24882e-12
5.0683e-12
-8.54517e-12
1.86516e-11
-3.30242e-11
4.31513e-11
-4.10761e-11
2.56856e-11
-4.68425e-12
-1.03072e-11
1.15333e-11
-1.10081e-12
-1.13969e-11
1.71409e-11
-1.51362e-11
1.00502e-11
-5.10187e-12
-2.21371e-12
1.62913e-11
-3.7438e-11
5.91247e-11
-7.15652e-11
6.7736e-11
-4.88988e-11
2.438e-11
-5.80764e-12
-9.12094e-13
-2.15505e-12
8.69947e-12
-1.37913e-11
1.5252e-11
-1.28487e-11
7.0925e-12
8.16201e-13
-1.01697e-11
2.0835e-11
-3.22042e-11
4.13788e-11
-4.44711e-11
3.92813e-11
-2.75947e-11
1.42803e-11
-5.16828e-12
3.45366e-12
-7.26415e-12
1.00103e-11
-6.13103e-12
-3.27237e-12
1.0426e-11
-8.43452e-12
-2.19192e-12
1.3682e-11
-1.79861e-11
1.28059e-11
-3.04736e-12
-3.83798e-12
4.0139e-12
-7.47439e-13
2.90266e-13
-4.53755e-12
7.7096e-12
-2.50858e-12
-1.15448e-11
2.57687e-11
-2.91389e-11
1.64726e-11
7.72149e-12
-3.26949e-11
4.81868e-11
-5.08396e-11
4.45607e-11
-3.5712e-11
2.71846e-11
-1.83503e-11
8.91185e-12
-1.90779e-12
1.35525e-12
-8.67061e-12
2.06929e-11
-3.11452e-11
3.29538e-11
-2.20068e-11
-1.67084e-13
2.62238e-11
-4.73563e-11
5.77332e-11
-5.67593e-11
4.78559e-11
-3.6645e-11
2.77674e-11
-2.24755e-11
1.84762e-11
-1.40328e-11
1.08028e-11
-1.22301e-11
1.82161e-11
-2.35157e-11
2.10977e-11
-8.15992e-12
-1.12906e-11
2.81956e-11
-3.48759e-11
3.0887e-11
-2.38507e-11
2.21934e-11
-2.72039e-11
3.18465e-11
-2.85741e-11
1.67904e-11
-3.53668e-12
-3.25361e-12
1.15577e-12
4.92318e-12
-7.61558e-12
3.73864e-12
2.23364e-12
-2.90802e-12
-4.05556e-12
1.2304e-11
-1.27995e-11
2.32407e-12
1.31981e-11
-2.38708e-11
2.29188e-11
-1.11447e-11
-4.56958e-12
1.61892e-11
-2.029e-11
1.87596e-11
-1.49027e-11
8.80715e-12
1.61334e-12
-1.66084e-11
3.20322e-11
-4.17333e-11
4.09799e-11
-2.94475e-11
1.18063e-11
3.55359e-12
-9.2144e-12
2.93617e-12
1.12326e-11
-2.64188e-11
3.63253e-11
-3.75532e-11
2.99421e-11
-1.63206e-11
-2.67361e-14
1.72324e-11
-3.4465e-11
4.87847e-11
-5.49501e-11
4.89424e-11
-3.27656e-11
1.44449e-11
-3.88546e-12
6.55633e-12
-2.00541e-11
3.50688e-11
-4.21136e-11
3.81979e-11
-2.81044e-11
1.7878e-11
-8.63062e-12
-3.46164e-12
2.07313e-11
-3.96017e-11
5.17637e-11
-5.07509e-11
3.75806e-11
-2.16986e-11
1.42169e-11
-1.91197e-11
2.97354e-11
-3.55829e-11
3.18872e-11
-2.3018e-11
1.64178e-11
-1.51745e-11
1.52638e-11
-9.9515e-12
-3.76814e-12
2.10824e-11
-3.28428e-11
3.34694e-11
-2.6593e-11
2.11502e-11
-2.2777e-11
2.86669e-11
-3.14095e-11
2.5992e-11
-1.43701e-11
3.58924e-12
-3.81373e-13
5.28638e-12
-1.23602e-11
1.43423e-11
-9.36024e-12
1.33889e-12
4.77977e-12
-8.06202e-12
1.10259e-11
-1.62857e-11
2.31877e-11
-2.78254e-11
2.52863e-11
-1.40743e-11
-1.73401e-12
1.43208e-11
-1.78586e-11
1.18424e-11
-4.56561e-13
-1.10769e-11
1.86748e-11
-2.07424e-11
1.7911e-11
-1.21083e-11
4.39915e-12
4.83452e-12
-1.41593e-11
1.95763e-11
-1.68561e-11
4.69467e-12
1.33074e-11
-3.00067e-11
3.74328e-11
-3.13386e-11
1.41475e-11
5.90964e-12
-2.08187e-11
2.75268e-11
-2.79991e-11
2.4903e-11
-1.91603e-11
1.02849e-11
7.77563e-13
-9.96879e-12
1.05915e-11
1.7247e-12
-2.38277e-11
4.45693e-11
-5.23617e-11
4.33116e-11
-2.33187e-11
2.17686e-12
1.31845e-11
-2.20923e-11
2.76132e-11
-3.17452e-11
3.19106e-11
-2.40618e-11
9.08256e-12
4.13555e-12
-4.86099e-12
-1.04186e-11
3.40666e-11
-5.29044e-11
5.71089e-11
-4.64807e-11
2.88433e-11
-1.30316e-11
1.46858e-12
9.53751e-12
-2.30592e-11
3.53535e-11
-3.8654e-11
2.91838e-11
-1.26839e-11
9.74352e-13
-3.58518e-12
2.01901e-11
-4.08147e-11
5.31773e-11
-5.23804e-11
4.31316e-11
-3.34395e-11
2.5882e-11
-1.66198e-11
1.36965e-12
1.78691e-11
-3.30996e-11
3.62574e-11
-2.67292e-11
1.29761e-11
-6.87628e-12
1.38667e-11
-2.89444e-11
4.16494e-11
-4.57466e-11
4.29829e-11
-3.92963e-11
3.76093e-11
-3.51615e-11
2.62844e-11
-9.00616e-12
-1.1427e-11
2.52931e-11
-2.68797e-11
1.9589e-11
-1.30773e-11
1.442e-11
-2.30767e-11
3.2616e-11
-3.72753e-11
3.63722e-11
-3.43469e-11
3.55196e-11
-3.91231e-11
3.89806e-11
-2.99036e-11
1.32992e-11
3.29769e-12
-1.29951e-11
1.46322e-11
-1.29998e-11
1.40558e-11
-2.02178e-11
2.8221e-11
-3.26431e-11
3.13266e-11
-2.79776e-11
2.78616e-11
-3.23008e-11
3.71085e-11
-3.68725e-11
2.93108e-11
-1.71667e-11
5.79915e-12
8.10597e-13
-3.66207e-12
7.20468e-12
-1.45394e-11
2.36308e-11
-2.97279e-11
3.00062e-11
-2.62572e-11
2.28255e-11
-2.33811e-11
2.78286e-11
-3.24042e-11
3.2514e-11
-2.7251e-11
1.98019e-11
-1.394e-11
9.89071e-12
-5.03308e-12
-3.04973e-12
1.37529e-11
-2.37735e-11
2.89236e-11
-2.76678e-11
2.27108e-11
-1.92794e-11
2.02017e-11
-2.39988e-11
2.69487e-11
-2.70503e-11
2.4816e-11
-2.2169e-11
2.01032e-11
-1.75987e-11
1.17669e-11
-1.06053e-12
-1.22378e-11
2.27594e-11
-2.67559e-11
2.47306e-11
-2.05446e-11
1.7887e-11
-1.83395e-11
2.06444e-11
-2.24238e-11
2.24573e-11
-2.22259e-11
2.34498e-11
-2.52208e-11
2.3786e-11
-1.63714e-11
3.7131e-12
1.00187e-11
-2.00793e-11
2.36777e-11
-2.20177e-11
1.89894e-11
-1.7894e-11
1.8526e-11
-1.89052e-11
1.83108e-11
-1.84719e-11
2.10461e-11
-2.56442e-11
2.91878e-11
-2.77741e-11
1.92235e-11
-7.0176e-12
-5.71673e-13
1.43516e-12
-2.89581e-13
1.03979e-13
2.45328e-14
4.08098e-15
0
