0
8.29618e-07
1.71334e-05
0.000167715
0.00080108
0.00206105
0.00339052
0.00424469
0.00459765
0.00467213
0.00465554
0.00461639
0.00455844
0.00448283
0.00439071
0.00428329
0.00416175
0.00402732
0.00388121
0.00372463
0.00355879
0.00338488
0.00320408
0.00301754
0.00282638
0.00263171
0.00243457
0.00223599
0.00203695
0.00183838
0.00164117
0.00144616
0.00125413
0.00106584
0.000881954
0.000703112
0.000529891
0.000362814
0.000202351
4.89172e-05
-9.71245e-05
-0.000235464
-0.000365841
-0.000488047
-0.000601921
-0.000707349
-0.000804264
-0.00089264
-0.000972493
-0.00104388
-0.00110689
-0.00116166
-0.00120834
-0.00124712
-0.00127823
-0.0013019
-0.00131841
-0.00132803
-0.00133108
-0.00132787
-0.00131874
-0.00130404
-0.00128412
-0.00125933
-0.00123006
-0.00119665
-0.00115949
-0.00111894
-0.00107537
-0.00102914
-0.000980602
-0.000930103
-0.000877985
-0.000824577
-0.000770197
-0.000715152
-0.000659734
-0.000604226
-0.000548892
-0.000493984
-0.000439737
-0.000386373
-0.000334096
-0.000283094
-0.00023354
-0.000185591
-0.000139387
-9.50524e-05
-5.26962e-05
-1.24124e-05
2.57205e-05
6.16385e-05
9.52913e-05
0.000126643
0.00015567
0.000182361
0.000206717
0.000228751
0.000248486
0.000265953
0.000281195
0.000294263
0.000305215
0.000314114
0.000321035
0.000326053
0.00032925
0.000330715
0.000330535
0.000328806
0.000325623
0.000321082
0.000315284
0.000308326
0.000300308
0.00029133
0.000281488
0.000270881
0.000259604
0.000247749
0.000235407
0.000222666
0.000209611
0.000196323
0.000182881
0.000169359
0.000155827
0.000142353
0.000128998
0.000115821
0.000102876
9.02118e-05
7.78752e-05
6.59066e-05
5.43434e-05
4.32182e-05
3.25596e-05
2.23927e-05
1.27378e-05
3.61217e-06
-4.97074e-06
-1.30015e-05
-2.04734e-05
-2.7383e-05
-3.37306e-05
-3.95183e-05
-4.47517e-05
-4.94387e-05
-5.35891e-05
-5.72154e-05
-6.0332e-05
-6.29544e-05
-6.51005e-05
-6.67891e-05
-6.80403e-05
-6.88754e-05
-6.93164e-05
-6.93861e-05
-6.91077e-05
-6.85049e-05
-6.76018e-05
-6.64223e-05
-6.49903e-05
-6.33301e-05
-6.14649e-05
-5.9418e-05
-5.72124e-05
-5.48699e-05
-5.24124e-05
-4.98607e-05
-4.72345e-05
-4.45534e-05
-4.18354e-05
-3.90977e-05
-3.63571e-05
-3.36284e-05
-3.09262e-05
-2.82636e-05
-2.56527e-05
-2.31048e-05
-2.06297e-05
-1.82364e-05
-1.59329e-05
-1.37259e-05
-1.16215e-05
-9.62449e-06
-7.73862e-06
-5.96729e-06
-4.3124e-06
-2.77509e-06
-1.35629e-06
-5.53269e-08
1.12873e-06
2.19725e-06
3.1529e-06
3.99831e-06
4.73682e-06
5.3725e-06
5.90939e-06
6.35232e-06
6.70621e-06
6.97627e-06
7.16822e-06
7.28746e-06
7.34002e-06
7.33195e-06
7.26887e-06
7.15719e-06
7.00284e-06
6.81146e-06
6.58937e-06
6.34204e-06
6.07498e-06
5.79391e-06
5.50372e-06
5.20952e-06
4.91606e-06
4.62765e-06
4.34865e-06
4.08269e-06
3.83344e-06
3.60419e-06
3.39749e-06
3.21626e-06
3.06252e-06
2.93788e-06
2.84429e-06
2.78253e-06
2.75339e-06
2.75764e-06
2.79503e-06
2.86555e-06
2.9687e-06
3.10351e-06
3.26907e-06
3.46376e-06
3.68609e-06
3.93419e-06
4.20565e-06
4.49854e-06
4.81006e-06
5.1374e-06
5.4781e-06
5.82877e-06
6.18641e-06
6.54803e-06
6.91002e-06
7.26931e-06
7.62246e-06
7.96607e-06
8.29694e-06
8.61152e-06
8.90682e-06
9.17955e-06
9.42643e-06
9.6449e-06
9.83177e-06
9.98436e-06
1.01005e-05
1.01773e-05
1.0213e-05
1.02056e-05
1.01531e-05
1.00544e-05
9.90796e-06
9.71292e-06
9.46855e-06
9.17416e-06
8.82992e-06
8.43562e-06
7.99158e-06
7.4988e-06
6.95775e-06
6.36984e-06
5.73664e-06
5.05961e-06
4.34103e-06
3.58297e-06
2.78805e-06
1.95905e-06
1.09875e-06
2.10697e-07
-7.01953e-07
-1.63565e-06
-2.58624e-06
-3.55022e-06
-4.5233e-06
-5.50115e-06
-6.47974e-06
-7.4544e-06
-8.42082e-06
-9.37442e-06
-1.03106e-05
-1.1225e-05
-1.21128e-05
-1.29697e-05
-1.37914e-05
-1.45731e-05
-1.5311e-05
-1.60007e-05
-1.66384e-05
-1.72202e-05
-1.77425e-05
-1.82019e-05
-1.85951e-05
-1.89193e-05
-1.91719e-05
-1.93502e-05
-1.94524e-05
-1.94766e-05
-1.9421e-05
-1.92849e-05
-1.90673e-05
-1.87677e-05
-1.83861e-05
-1.79226e-05
-1.7378e-05
-1.67532e-05
-1.60494e-05
-1.52687e-05
-1.44127e-05
-1.34843e-05
-1.24862e-05
-1.14213e-05
-1.02934e-05
-9.10614e-06
-7.86374e-06
-6.57062e-06
-5.23136e-06
-3.85126e-06
-2.43521e-06
-9.88781e-07
4.82134e-07
1.9721e-06
3.47478e-06
4.98411e-06
6.49395e-06
7.99777e-06
9.4894e-06
1.09622e-05
1.24098e-05
1.3826e-05
1.5204e-05
1.65381e-05
1.78219e-05
1.90492e-05
2.02145e-05
2.13119e-05
2.23363e-05
2.32822e-05
2.41448e-05
2.49198e-05
2.56026e-05
2.61894e-05
2.66768e-05
2.70614e-05
2.73406e-05
2.75121e-05
2.75739e-05
2.75246e-05
2.73632e-05
2.70894e-05
2.67028e-05
2.6204e-05
2.55942e-05
2.48743e-05
2.40466e-05
2.31133e-05
2.20772e-05
2.09419e-05
1.97107e-05
1.83883e-05
1.6979e-05
1.54879e-05
1.39207e-05
1.22829e-05
1.05809e-05
8.82101e-06
7.01014e-06
5.15544e-06
3.26396e-06
1.3436e-06
-5.9816e-07
-2.55351e-06
-4.51412e-06
-6.47228e-06
-8.41965e-06
-1.03481e-05
-1.22496e-05
-1.41159e-05
-1.59393e-05
-1.77116e-05
-1.94253e-05
-2.1073e-05
-2.26471e-05
-2.41409e-05
-2.55475e-05
-2.68605e-05
-2.80741e-05
-2.91823e-05
-3.01802e-05
-3.10627e-05
-3.18256e-05
-3.24651e-05
-3.29776e-05
-3.33606e-05
-3.36114e-05
-3.37285e-05
-3.37107e-05
-3.35571e-05
-3.3268e-05
-3.28436e-05
-3.2285e-05
-3.15941e-05
-3.07728e-05
-2.98241e-05
-2.87512e-05
-2.7558e-05
-2.6249e-05
-2.48289e-05
-2.33033e-05
-2.1678e-05
-1.99592e-05
-1.81538e-05
-1.62687e-05
-1.43116e-05
-1.22902e-05
-1.02126e-05
-8.08731e-06
-5.92266e-06
-3.72772e-06
-1.51128e-06
7.17541e-07
2.94955e-06
5.1758e-06
7.38672e-06
9.57351e-06
1.1727e-05
1.38382e-05
1.58985e-05
1.7899e-05
1.98317e-05
2.16883e-05
2.34611e-05
2.51428e-05
2.67261e-05
2.82046e-05
2.95719e-05
3.08223e-05
3.19507e-05
3.29519e-05
3.38223e-05
3.45577e-05
3.51551e-05
3.56123e-05
3.59269e-05
3.60979e-05
3.61243e-05
3.60062e-05
3.57441e-05
3.53388e-05
3.47923e-05
3.41067e-05
3.3285e-05
3.23306e-05
3.12473e-05
3.00401e-05
2.87137e-05
2.72737e-05
2.57263e-05
2.40778e-05
2.23352e-05
2.05057e-05
1.85971e-05
1.66172e-05
1.45742e-05
1.24769e-05
1.03337e-05
8.15372e-06
5.94582e-06
3.71918e-06
1.48311e-06
-7.53499e-07
-2.98108e-06
-5.19075e-06
-7.37348e-06
-9.52025e-06
-1.16226e-05
-1.36716e-05
-1.56595e-05
-1.75781e-05
-1.94196e-05
-2.11771e-05
-2.28434e-05
-2.44121e-05
-2.5877e-05
-2.72326e-05
-2.84739e-05
-2.95959e-05
-3.05949e-05
-3.14671e-05
-3.22096e-05
-3.28198e-05
-3.32959e-05
-3.36367e-05
-3.38411e-05
-3.39093e-05
-3.38415e-05
-3.36387e-05
-3.33027e-05
-3.28351e-05
-3.2239e-05
-3.15173e-05
-3.06738e-05
-2.97126e-05
-2.86383e-05
-2.74562e-05
-2.61716e-05
-2.47904e-05
-2.33191e-05
-2.1764e-05
-2.01323e-05
-1.8431e-05
-1.66678e-05
-1.48502e-05
-1.2986e-05
-1.10833e-05
-9.15009e-06
-7.19466e-06
-5.22503e-06
-3.24953e-06
-1.27636e-06
6.86678e-07
2.6312e-06
4.54967e-06
6.43427e-06
8.27757e-06
1.00724e-05
1.18116e-05
1.34887e-05
1.50972e-05
1.66312e-05
1.8085e-05
1.94532e-05
2.07312e-05
2.19142e-05
2.29986e-05
2.39807e-05
2.48573e-05
2.56259e-05
2.62843e-05
2.68311e-05
2.72648e-05
2.75849e-05
2.77913e-05
2.78841e-05
2.78643e-05
2.77328e-05
2.74918e-05
2.7143e-05
2.66892e-05
2.61333e-05
2.54787e-05
2.47293e-05
2.3889e-05
2.29624e-05
2.19544e-05
2.08698e-05
1.97142e-05
1.84929e-05
1.72121e-05
1.58774e-05
1.4495e-05
1.30714e-05
1.16126e-05
1.01255e-05
8.61605e-06
7.09113e-06
5.5571e-06
4.02031e-06
2.48732e-06
9.6412e-07
-5.42774e-07
-2.02769e-06
-3.48464e-06
-4.90795e-06
-6.29234e-06
-7.63239e-06
-8.92352e-06
-1.01607e-05
-1.13398e-05
-1.24567e-05
-1.35076e-05
-1.44892e-05
-1.53982e-05
-1.62323e-05
-1.69887e-05
-1.76656e-05
-1.82614e-05
-1.87747e-05
-1.92048e-05
-1.95508e-05
-1.9813e-05
-1.99912e-05
-2.00861e-05
-2.00986e-05
-2.00297e-05
-1.98814e-05
-1.9655e-05
-1.93531e-05
-1.8978e-05
-1.85323e-05
-1.80192e-05
-1.74416e-05
-1.68033e-05
-1.61076e-05
-1.53586e-05
-1.45602e-05
-1.37163e-05
-1.28316e-05
-1.191e-05
-1.09562e-05
-9.97466e-06
-8.9699e-06
-7.94659e-06
-6.90905e-06
-5.86214e-06
-4.81006e-06
-3.75757e-06
-2.70881e-06
-1.66811e-06
-6.39789e-07
3.72335e-07
1.36408e-06
2.33205e-06
3.27232e-06
4.18169e-06
5.05694e-06
5.89497e-06
6.69322e-06
7.44877e-06
8.15968e-06
8.82357e-06
9.43872e-06
1.00035e-05
1.05164e-05
1.09766e-05
1.13828e-05
1.17348e-05
1.20319e-05
1.22741e-05
1.24616e-05
1.25944e-05
1.26734e-05
1.26991e-05
1.26728e-05
1.25953e-05
1.24682e-05
1.22931e-05
1.20715e-05
1.18057e-05
1.14972e-05
1.11487e-05
1.07623e-05
1.03404e-05
9.88555e-06
9.40029e-06
8.88757e-06
8.34976e-06
7.78998e-06
7.21081e-06
6.6153e-06
6.00623e-06
5.38633e-06
4.75869e-06
4.12582e-06
3.49081e-06
2.85604e-06
2.22438e-06
1.59837e-06
9.80417e-07
3.73098e-07
-2.21583e-07
-8.01061e-07
-1.36357e-06
-1.90695e-06
-2.42949e-06
-2.9295e-06
-3.40523e-06
-3.85557e-06
-4.27892e-06
-4.67448e-06
-5.04095e-06
-5.3777e-06
-5.68401e-06
-5.95925e-06
-6.20322e-06
-6.41536e-06
-6.59595e-06
-6.74469e-06
-6.86198e-06
-6.94798e-06
-7.00314e-06
-7.02816e-06
-7.02344e-06
-6.99006e-06
-6.92858e-06
-6.8403e-06
-6.72609e-06
-6.58714e-06
-6.42476e-06
-6.24008e-06
-6.03476e-06
-5.80986e-06
-5.56717e-06
-5.30793e-06
-5.03387e-06
-4.7465e-06
-4.44727e-06
-4.13799e-06
-3.81997e-06
-3.49514e-06
-3.1647e-06
-2.83046e-06
-2.49382e-06
-2.1563e-06
-1.81945e-06
-1.48444e-06
-1.15296e-06
-8.25989e-07
-5.05109e-07
-1.9124e-07
1.14352e-07
4.10586e-07
6.96585e-07
9.71217e-07
1.23396e-06
1.4837e-06
1.72003e-06
1.94211e-06
2.14957e-06
2.34194e-06
2.5187e-06
2.6798e-06
2.82471e-06
2.95366e-06
3.06623e-06
3.16268e-06
3.24292e-06
3.30717e-06
3.35571e-06
3.38861e-06
3.40647e-06
3.40936e-06
3.39807e-06
3.3728e-06
3.33425e-06
3.28294e-06
3.21945e-06
3.14461e-06
3.0588e-06
2.96305e-06
2.85777e-06
2.74402e-06
2.62233e-06
2.49357e-06
2.35852e-06
2.21787e-06
2.07262e-06
1.92324e-06
1.77082e-06
1.6158e-06
1.45922e-06
1.30161e-06
1.14377e-06
9.86383e-07
8.29998e-07
6.75508e-07
5.23199e-07
3.73973e-07
2.28053e-07
8.62354e-08
-5.11678e-08
-1.83667e-07
-3.10809e-07
-4.3239e-07
-5.47795e-07
-6.57054e-07
-7.59584e-07
-8.55493e-07
-9.44331e-07
-1.0261e-06
-1.10065e-06
-1.16786e-06
-1.22786e-06
-1.28038e-06
-1.32575e-06
-1.3637e-06
-1.39466e-06
-1.41848e-06
-1.43546e-06
-1.44571e-06
-1.44938e-06
-1.44686e-06
-1.43812e-06
-1.42374e-06
-1.40362e-06
-1.37841e-06
-1.34813e-06
-1.31329e-06
-1.2741e-06
-1.23086e-06
-1.18406e-06
-1.13382e-06
-1.08076e-06
-1.02489e-06
-9.66871e-07
-9.06769e-07
-8.45149e-07
-7.822e-07
-7.18255e-07
-6.53725e-07
-5.8874e-07
-5.23872e-07
-4.59073e-07
-3.94949e-07
-3.31443e-07
-2.6909e-07
-2.07934e-07
-1.48277e-07
-9.03309e-08
-3.41679e-08
1.98073e-08
7.17247e-08
1.21121e-07
1.68218e-07
2.12587e-07
2.54377e-07
2.93335e-07
3.2948e-07
3.62808e-07
3.93143e-07
4.20681e-07
4.4512e-07
4.66812e-07
4.85447e-07
5.01368e-07
5.14351e-07
5.24627e-07
5.3219e-07
5.37099e-07
5.39565e-07
5.39452e-07
5.37141e-07
5.32419e-07
5.25747e-07
5.16921e-07
5.06324e-07
4.93878e-07
4.79824e-07
4.64296e-07
4.4733e-07
4.29239e-07
4.09885e-07
3.8972e-07
3.68543e-07
3.46823e-07
3.24379e-07
3.01568e-07
2.78355e-07
2.54929e-07
2.31447e-07
2.0788e-07
1.84542e-07
1.61249e-07
1.38429e-07
1.15837e-07
9.38826e-08
7.23485e-08
5.15261e-08
3.13462e-08
1.19233e-08
-6.6364e-09
-2.44355e-08
-4.12128e-08
-5.72182e-08
-7.20857e-08
-8.61286e-08
-9.90035e-08
-1.10994e-07
-1.21865e-07
-1.31756e-07
-1.40604e-07
-1.4838e-07
-1.55231e-07
-1.60965e-07
-1.65873e-07
-1.69652e-07
-1.72666e-07
-1.74612e-07
-1.75835e-07
-1.76115e-07
-1.75668e-07
-1.74427e-07
-1.72443e-07
-1.69847e-07
-1.66517e-07
-1.62738e-07
-1.58249e-07
-1.53426e-07
-1.47976e-07
-1.4228e-07
-1.3609e-07
-1.29684e-07
-1.22937e-07
-1.15974e-07
-1.0885e-07
-1.01515e-07
-9.41849e-08
-8.66469e-08
-7.92341e-08
-7.16533e-08
-6.42855e-08
-5.68355e-08
-4.96265e-08
-4.24386e-08
-3.54719e-08
-2.86591e-08
-2.20372e-08
-1.57032e-08
-9.51468e-09
-3.71135e-09
1.97611e-09
7.20897e-09
1.23137e-08
1.69442e-08
2.14127e-08
2.54452e-08
2.92513e-08
3.26829e-08
3.57997e-08
3.86252e-08
4.10639e-08
4.33008e-08
4.50971e-08
4.67491e-08
4.79353e-08
4.90075e-08
4.96428e-08
5.01663e-08
5.03167e-08
5.03165e-08
5.00302e-08
4.95417e-08
4.88783e-08
4.79656e-08
4.69799e-08
4.57025e-08
4.44269e-08
4.28497e-08
4.13267e-08
3.95326e-08
3.7805e-08
3.58612e-08
3.39572e-08
3.19216e-08
2.9885e-08
2.7821e-08
2.57032e-08
2.36515e-08
2.1493e-08
1.94787e-08
1.73316e-08
1.53846e-08
1.33059e-08
1.14413e-08
9.4697e-09
7.69171e-09
5.865e-09
4.19038e-09
2.54461e-09
9.86851e-10
-4.65642e-10
-1.9001e-09
-3.15593e-09
-4.44728e-09
-5.50294e-09
-6.63063e-09
-7.50012e-09
-8.45544e-09
-9.15979e-09
-9.92959e-09
-1.04808e-08
-1.10531e-08
-1.14678e-08
-1.18483e-08
-1.21466e-08
-1.23455e-08
-1.2534e-08
-1.25613e-08
-1.26432e-08
-1.25232e-08
-1.25069e-08
-1.22704e-08
-1.21567e-08
-1.18274e-08
-1.16131e-08
-1.12175e-08
-1.09093e-08
-1.04774e-08
-1.00843e-08
-9.63466e-09
-9.16298e-09
-8.70664e-09
-8.17132e-09
-7.72113e-09
-7.14509e-09
-6.70664e-09
-6.10875e-09
-5.67793e-09
-5.07735e-09
-4.65241e-09
-4.07376e-09
-3.65527e-09
-3.1182e-09
-2.7017e-09
-2.21707e-09
-1.79983e-09
-1.3778e-09
-9.65301e-10
-6.13358e-10
-2.12016e-10
7.25197e-11
4.57955e-10
6.82739e-10
1.0423e-09
1.21356e-09
1.53379e-09
1.66088e-09
1.93282e-09
2.02958e-09
2.24715e-09
2.3244e-09
2.48013e-09
2.5438e-09
2.63361e-09
2.68986e-09
2.71705e-09
2.77105e-09
2.74168e-09
2.7926e-09
2.71282e-09
2.75614e-09
2.636e-09
2.66832e-09
2.52198e-09
2.53948e-09
2.37986e-09
2.37583e-09
2.21319e-09
2.18163e-09
2.02657e-09
1.96549e-09
1.82805e-09
1.73744e-09
1.6232e-09
1.50309e-09
1.41334e-09
1.26635e-09
1.2012e-09
1.03407e-09
9.92322e-10
8.13242e-10
7.9025e-10
6.0667e-10
5.95338e-10
4.15278e-10
4.09129e-10
2.41937e-10
2.3562e-10
8.96935e-11
7.75092e-11
-4.16646e-11
-6.52624e-11
-1.54194e-10
-1.92398e-10
-2.48441e-10
-3.01627e-10
-3.23972e-10
-3.91263e-10
-3.82217e-10
-4.62109e-10
-4.26275e-10
-5.1561e-10
-4.58199e-10
-5.5181e-10
-4.78388e-10
-5.70469e-10
-4.87702e-10
-5.7313e-10
-4.88435e-10
-5.62609e-10
-4.82705e-10
-5.40976e-10
-4.71047e-10
-5.09252e-10
-4.53385e-10
-4.68977e-10
-4.30604e-10
-4.22914e-10
-4.04301e-10
-3.7384e-10
-3.75359e-10
-3.2336e-10
-3.43619e-10
-2.72362e-10
-3.09025e-10
-2.22203e-10
-2.72448e-10
-1.74782e-10
-2.35114e-10
-1.31519e-10
-1.97594e-10
-9.27598e-11
-1.59846e-10
-5.83674e-11
-1.22067e-10
-2.85473e-11
-8.51351e-11
-3.82583e-12
-5.01127e-11
1.56377e-11
-1.75435e-11
3.04127e-11
1.25345e-11
4.13671e-11
4.00124e-11
4.90657e-11
6.43792e-11
5.37088e-11
8.49892e-11
5.55594e-11
1.01557e-10
5.5243e-11
1.14245e-10
5.35868e-11
1.23341e-10
5.12183e-11
1.28942e-10
4.83964e-11
1.31e-10
4.52294e-11
1.29581e-10
4.19196e-11
1.25042e-10
3.88208e-11
1.17931e-10
3.62503e-11
1.08748e-10
3.43173e-11
9.78475e-11
3.29478e-11
8.55189e-11
3.20151e-11
7.21159e-11
3.14766e-11
5.809e-11
3.13463e-11
4.39142e-11
3.16137e-11
2.9975e-11
3.21772e-11
1.65467e-11
3.28795e-11
3.83718e-12
3.35746e-11
-7.94761e-12
3.418e-11
-1.85938e-11
3.46566e-11
-2.79242e-11
3.49667e-11
-3.58343e-11
3.50374e-11
-4.23104e-11
3.47826e-11
-4.73803e-11
3.41329e-11
-5.10884e-11
3.30803e-11
-5.34563e-11
3.16605e-11
-5.45122e-11
2.993e-11
-5.43104e-11
2.79263e-11
-5.29622e-11
2.56571e-11
-5.06226e-11
2.31032e-11
-4.74713e-11
2.02572e-11
-4.3676e-11
1.71341e-11
-3.93696e-11
1.37902e-11
-3.46473e-11
1.03115e-11
-2.95797e-11
6.79015e-12
-2.42407e-11
3.29856e-12
-1.87023e-11
-1.14087e-13
-1.30657e-11
-3.42876e-12
-7.44652e-12
-6.64862e-12
-1.95355e-12
-9.79592e-12
3.31042e-12
-1.28758e-11
8.26382e-12
-1.58957e-11
1.28531e-11
-1.88438e-11
1.70478e-11
-2.16975e-11
2.08415e-11
-2.44339e-11
2.42412e-11
-2.70174e-11
2.72664e-11
-2.9428e-11
2.99389e-11
-3.16394e-11
3.22855e-11
-3.36404e-11
3.43311e-11
-3.54207e-11
3.6095e-11
-3.69816e-11
3.76052e-11
-3.83267e-11
3.88793e-11
-3.9466e-11
3.99382e-11
-4.04083e-11
4.08001e-11
-4.11729e-11
4.14868e-11
-4.17728e-11
4.20141e-11
-4.22247e-11
4.23983e-11
-4.25464e-11
4.26616e-11
-4.27517e-11
4.28175e-11
-4.28588e-11
4.28817e-11
-4.28849e-11
4.28713e-11
-4.28427e-11
4.27981e-11
-4.27426e-11
4.2677e-11
-4.26024e-11
4.25198e-11
-4.24315e-11
4.23397e-11
-4.22429e-11
4.21455e-11
-4.20459e-11
4.19456e-11
-4.18473e-11
4.17517e-11
-4.16587e-11
4.15687e-11
-4.14832e-11
4.14037e-11
-4.1329e-11
4.126e-11
-4.12002e-11
4.11456e-11
-4.10993e-11
4.10616e-11
-4.10325e-11
4.10097e-11
-4.09957e-11
4.09922e-11
-4.09957e-11
4.10097e-11
-4.10325e-11
4.10616e-11
-4.10993e-11
4.11456e-11
-4.12002e-11
4.126e-11
-4.1329e-11
4.14037e-11
-4.14832e-11
4.15687e-11
-4.16587e-11
4.17517e-11
-4.18473e-11
4.19456e-11
-4.20459e-11
4.21455e-11
-4.22429e-11
4.23397e-11
-4.24315e-11
4.25198e-11
-4.26024e-11
4.2677e-11
-4.27426e-11
4.27981e-11
-4.28427e-11
4.28713e-11
-4.28849e-11
4.28817e-11
-4.28588e-11
4.28175e-11
-4.27517e-11
4.26616e-11
-4.25464e-11
4.23983e-11
-4.22247e-11
4.20141e-11
-4.17728e-11
4.14868e-11
-4.11729e-11
4.08001e-11
-4.04083e-11
3.99382e-11
-3.9466e-11
3.88793e-11
-3.83267e-11
3.76052e-11
-3.69816e-11
3.6095e-11
-3.54207e-11
3.43311e-11
-3.36404e-11
3.22855e-11
-3.16394e-11
2.99389e-11
-2.9428e-11
2.72664e-11
-2.70174e-11
2.42411e-11
-2.4434e-11
2.08413e-11
-2.16976e-11
1.70476e-11
-1.88441e-11
1.28527e-11
-1.58962e-11
8.2632e-12
-1.28766e-11
3.30945e-12
-9.79712e-12
-1.95501e-12
-6.65041e-12
-7.4487e-12
-3.43141e-12
-1.30689e-11
-1.17975e-13
-1.8707e-11
3.2929e-12
-2.42474e-11
6.78209e-12
-2.95893e-11
1.03004e-11
-3.46602e-11
1.37753e-11
-3.93867e-11
1.71147e-11
-4.36979e-11
2.02324e-11
-4.74993e-11
2.30716e-11
-5.06581e-11
2.56173e-11
-5.30066e-11
2.7877e-11
-5.43649e-11
2.987e-11
-5.45777e-11
3.15892e-11
-5.35336e-11
3.29969e-11
-5.11782e-11
3.40367e-11
-4.7483e-11
3.46734e-11
-4.24258e-11
3.49159e-11
-3.59616e-11
3.48338e-11
-2.80624e-11
3.45133e-11
-1.87418e-11
3.40279e-11
-8.10337e-12
3.34159e-11
3.67613e-12
3.27168e-11
1.63828e-11
3.20127e-11
2.98105e-11
3.14501e-11
4.37525e-11
3.11875e-11
5.79355e-11
3.13277e-11
7.19739e-11
3.18813e-11
8.53946e-11
3.28343e-11
9.77463e-11
3.42297e-11
1.08675e-10
3.6195e-11
1.17894e-10
3.88042e-11
1.25048e-10
4.19482e-11
1.29635e-10
4.53098e-11
1.31109e-10
4.85353e-11
1.29113e-10
5.1422e-11
1.2358e-10
5.3861e-11
1.14556e-10
5.55925e-11
1.01945e-10
5.59882e-11
8.54587e-11
5.42194e-11
6.49313e-11
4.96594e-11
4.06476e-11
4.20436e-11
1.32516e-11
3.11695e-11
-1.67482e-11
1.647e-11
-4.92449e-11
-2.92469e-12
-8.4203e-11
-2.75873e-11
-1.21082e-10
-5.73621e-11
-1.58824e-10
-9.17245e-11
-1.96551e-10
-1.30472e-10
-2.3407e-10
-1.73748e-10
-2.71429e-10
-2.21207e-10
-3.08057e-10
-2.71431e-10
-3.42733e-10
-3.22527e-10
-3.74587e-10
-3.73139e-10
-4.0368e-10
-4.22382e-10
-4.3017e-10
-4.68652e-10
-4.53179e-10
-5.09174e-10
-4.71107e-10
-5.41184e-10
-4.83072e-10
-5.63143e-10
-4.89148e-10
-5.7403e-10
-4.88797e-10
-5.71769e-10
-4.79901e-10
-5.53543e-10
-4.60159e-10
-5.17804e-10
-4.28707e-10
-4.64783e-10
-3.85137e-10
-3.9443e-10
-3.27389e-10
-3.05293e-10
-2.52355e-10
-1.96557e-10
-1.58595e-10
-6.98964e-11
-4.65243e-11
7.24334e-11
8.44127e-11
2.30148e-10
2.36288e-10
4.03322e-10
4.09331e-10
5.89274e-10
6.00512e-10
7.84024e-10
8.06976e-10
9.86046e-10
1.02782e-09
1.195e-09
1.26025e-09
1.40737e-09
1.49729e-09
1.61762e-09
1.73212e-09
1.82304e-09
1.96083e-09
2.02231e-09
2.17783e-09
2.2099e-09
2.37309e-09
2.37773e-09
2.53802e-09
2.52123e-09
2.66834e-09
2.63684e-09
2.75785e-09
2.71546e-09
2.79621e-09
2.74631e-09
2.77674e-09
2.72386e-09
2.69781e-09
2.64275e-09
2.55415e-09
2.49172e-09
2.33726e-09
2.2613e-09
2.04503e-09
1.94958e-09
1.67894e-09
1.55316e-09
1.23422e-09
1.06422e-09
7.05906e-10
4.82325e-10
9.8046e-11
-1.85387e-10
-5.85691e-10
-9.3667e-10
-1.34829e-09
-1.76953e-09
-2.18608e-09
-2.67014e-09
-3.0862e-09
-3.62295e-09
-4.04128e-09
-4.61991e-09
-5.04501e-09
-5.64591e-09
-6.07724e-09
-6.67583e-09
-7.11518e-09
-7.69234e-09
-8.14386e-09
-8.68074e-09
-9.13886e-09
-9.61256e-09
-1.00645e-08
-1.046e-08
-1.08947e-08
-1.1206e-08
-1.16048e-08
-1.18226e-08
-1.21556e-08
-1.22732e-08
-1.2514e-08
-1.25348e-08
-1.26594e-08
-1.25824e-08
-1.25602e-08
-1.23769e-08
-1.21834e-08
-1.18907e-08
-1.15159e-08
-1.1107e-08
-1.05406e-08
-9.99539e-09
-9.2316e-09
-8.53327e-09
-7.58395e-09
-6.72041e-09
-5.59859e-09
-4.54868e-09
-3.26292e-09
-2.01249e-09
-5.83204e-10
8.64387e-10
2.41756e-09
4.05909e-09
5.72986e-09
7.55317e-09
9.32823e-09
1.12974e-08
1.31602e-08
1.52377e-08
1.71841e-08
1.93313e-08
2.13465e-08
2.35066e-08
2.55607e-08
2.76817e-08
2.97498e-08
3.17915e-08
3.3833e-08
3.5744e-08
3.76957e-08
3.94322e-08
4.12362e-08
4.277e-08
4.43592e-08
4.56478e-08
4.6939e-08
4.79397e-08
4.88683e-08
4.95486e-08
5.0055e-08
5.036e-08
5.03797e-08
5.02497e-08
4.97472e-08
4.91338e-08
4.8084e-08
4.69208e-08
4.52922e-08
4.35197e-08
4.13068e-08
3.88923e-08
3.60912e-08
3.29986e-08
2.95911e-08
2.58088e-08
2.17996e-08
1.73538e-08
1.27454e-08
7.66186e-09
2.44919e-09
-3.21924e-09
-9.00486e-09
-1.51771e-08
-2.14966e-08
-2.81057e-08
-3.49076e-08
-4.18655e-08
-4.90468e-08
-5.62518e-08
-6.37003e-08
-7.10691e-08
-7.8654e-08
-8.60737e-08
-9.36218e-08
-1.00965e-07
-1.08317e-07
-1.1546e-07
-1.22447e-07
-1.29221e-07
-1.35658e-07
-1.41882e-07
-1.47616e-07
-1.53107e-07
-1.57975e-07
-1.62513e-07
-1.66345e-07
-1.69731e-07
-1.72386e-07
-1.74433e-07
-1.7574e-07
-1.76256e-07
-1.76048e-07
-1.74899e-07
-1.7303e-07
-1.70096e-07
-1.66398e-07
-1.61572e-07
-1.55922e-07
-1.49157e-07
-1.41466e-07
-1.32704e-07
-1.22899e-07
-1.12114e-07
-1.00208e-07
-8.74157e-08
-7.3454e-08
-5.86653e-08
-4.27358e-08
-2.60312e-08
-8.30087e-09
1.01944e-08
2.95576e-08
4.96834e-08
7.04574e-08
9.19495e-08
1.13869e-07
1.36433e-07
1.59234e-07
1.82515e-07
2.0585e-07
2.29424e-07
2.52923e-07
2.76375e-07
2.99624e-07
3.22482e-07
3.44984e-07
3.66774e-07
3.88031e-07
4.08289e-07
4.27747e-07
4.45953e-07
4.63046e-07
4.78714e-07
4.92918e-07
5.05526e-07
5.16295e-07
5.25305e-07
5.32171e-07
5.37098e-07
5.39622e-07
5.39958e-07
5.37723e-07
5.33053e-07
5.25735e-07
5.15712e-07
5.02985e-07
4.87325e-07
4.68955e-07
4.47529e-07
4.23357e-07
3.96086e-07
3.66017e-07
3.32952e-07
2.97065e-07
2.58361e-07
2.16817e-07
1.72687e-07
1.25818e-07
7.66392e-08
2.49265e-08
-2.88582e-08
-8.48462e-08
-1.42634e-07
-2.02153e-07
-2.63189e-07
-3.25444e-07
-3.88875e-07
-4.52948e-07
-5.17721e-07
-5.82589e-07
-6.47603e-07
-7.12189e-07
-7.7622e-07
-8.39286e-07
-9.01053e-07
-9.61334e-07
-1.01956e-06
-1.07568e-06
-1.12901e-06
-1.17957e-06
-1.22671e-06
-1.27032e-06
-1.30992e-06
-1.3452e-06
-1.37594e-06
-1.40166e-06
-1.4223e-06
-1.43724e-06
-1.44656e-06
-1.44968e-06
-1.44665e-06
-1.43705e-06
-1.42073e-06
-1.3976e-06
-1.36734e-06
-1.3301e-06
-1.28545e-06
-1.23366e-06
-1.17439e-06
-1.10791e-06
-1.03408e-06
-9.53032e-07
-8.64903e-07
-7.69687e-07
-6.67833e-07
-5.59229e-07
-4.44453e-07
-3.23473e-07
-1.96899e-07
-6.49313e-08
7.19805e-08
2.13351e-07
3.58871e-07
5.07749e-07
6.59763e-07
8.14016e-07
9.70226e-07
1.1275e-06
1.2853e-06
1.44293e-06
1.5996e-06
1.7548e-06
1.90746e-06
2.05717e-06
2.20282e-06
2.34396e-06
2.47957e-06
2.60897e-06
2.73139e-06
2.84595e-06
2.95212e-06
3.04883e-06
3.13568e-06
3.21165e-06
3.27633e-06
3.3289e-06
3.36877e-06
3.39543e-06
3.40817e-06
3.40679e-06
3.39049e-06
3.3592e-06
3.3123e-06
3.24973e-06
3.17119e-06
3.07647e-06
2.96563e-06
2.83843e-06
2.69527e-06
2.53591e-06
2.36087e-06
2.1702e-06
1.9644e-06
1.74395e-06
1.5092e-06
1.26098e-06
9.99688e-07
7.26435e-07
4.4173e-07
1.467e-07
-1.57787e-07
-4.70659e-07
-7.90658e-07
-1.11686e-06
-1.44772e-06
-1.78224e-06
-2.11874e-06
-2.45606e-06
-2.79265e-06
-3.12701e-06
-3.45772e-06
-3.783e-06
-4.10164e-06
-4.41171e-06
-4.7119e-06
-5.00042e-06
-5.2758e-06
-5.53653e-06
-5.7809e-06
-6.00764e-06
-6.21497e-06
-6.40183e-06
-6.56655e-06
-6.708e-06
-6.82487e-06
-6.91594e-06
-6.98035e-06
-7.01678e-06
-7.02467e-06
-7.00293e-06
-6.95115e-06
-6.86861e-06
-6.75485e-06
-6.60969e-06
-6.43274e-06
-6.22426e-06
-5.98397e-06
-5.7124e-06
-5.40975e-06
-5.07663e-06
-4.71374e-06
-4.32169e-06
-3.90176e-06
-3.45476e-06
-2.98223e-06
-2.48531e-06
-1.96569e-06
-1.42508e-06
-8.65147e-07
-2.88048e-07
3.04468e-07
9.09854e-07
1.52611e-06
2.1507e-06
2.78119e-06
3.41508e-06
4.0495e-06
4.68209e-06
5.30977e-06
5.93002e-06
6.53976e-06
7.13628e-06
7.7168e-06
8.27825e-06
8.81809e-06
9.33318e-06
9.82114e-06
1.0279e-05
1.07043e-05
1.10944e-05
1.14469e-05
1.17597e-05
1.20301e-05
1.22566e-05
1.24369e-05
1.25694e-05
1.26525e-05
1.26847e-05
1.26651e-05
1.25923e-05
1.24659e-05
1.2285e-05
1.20494e-05
1.1759e-05
1.14138e-05
1.10144e-05
1.0561e-05
1.00548e-05
9.49678e-06
8.88825e-06
8.23086e-06
7.52631e-06
6.77692e-06
5.98463e-06
5.15232e-06
4.28252e-06
3.37831e-06
2.44286e-06
1.47937e-06
4.91726e-07
-5.16705e-07
-1.54176e-06
-2.57964e-06
-3.62607e-06
-4.6767e-06
-5.72744e-06
-6.77355e-06
-7.81081e-06
-8.8344e-06
-9.83999e-06
-1.0823e-05
-1.17787e-05
-1.27028e-05
-1.35907e-05
-1.44383e-05
-1.5241e-05
-1.59949e-05
-1.6696e-05
-1.73402e-05
-1.79243e-05
-1.84444e-05
-1.88975e-05
-1.92806e-05
-1.95909e-05
-1.98261e-05
-1.99836e-05
-2.0062e-05
-2.00594e-05
-1.99747e-05
-1.98069e-05
-1.95554e-05
-1.92201e-05
-1.88009e-05
-1.82987e-05
-1.7714e-05
-1.70481e-05
-1.63026e-05
-1.54795e-05
-1.45812e-05
-1.36102e-05
-1.25696e-05
-1.14627e-05
-1.02933e-05
-9.06548e-06
-7.78326e-06
-6.45164e-06
-5.07516e-06
-3.65923e-06
-2.20905e-06
-7.30286e-07
7.71122e-07
2.28953e-06
3.81846e-06
5.35195e-06
6.88345e-06
8.40665e-06
9.91518e-06
1.14023e-05
1.28618e-05
1.42871e-05
1.5672e-05
1.701e-05
1.82951e-05
1.95215e-05
2.06831e-05
2.17744e-05
2.27901e-05
2.37251e-05
2.45746e-05
2.53339e-05
2.59992e-05
2.65664e-05
2.70323e-05
2.73937e-05
2.76479e-05
2.7793e-05
2.78269e-05
2.77487e-05
2.75572e-05
2.72523e-05
2.68341e-05
2.63029e-05
2.56603e-05
2.49074e-05
2.40466e-05
2.30802e-05
2.20114e-05
2.08437e-05
1.95808e-05
1.82273e-05
1.67879e-05
1.52678e-05
1.36726e-05
1.20082e-05
1.02811e-05
8.49768e-06
6.665e-06
4.79021e-06
2.88069e-06
9.44203e-07
-1.01174e-06
-2.97882e-06
-4.94925e-06
-6.91485e-06
-8.86735e-06
-1.07988e-05
-1.27007e-05
-1.45653e-05
-1.63846e-05
-1.81505e-05
-1.98556e-05
-2.14923e-05
-2.30536e-05
-2.45322e-05
-2.59217e-05
-2.72158e-05
-2.84084e-05
-2.94941e-05
-3.04677e-05
-3.13247e-05
-3.20606e-05
-3.26718e-05
-3.31552e-05
-3.35079e-05
-3.37279e-05
-3.38134e-05
-3.37636e-05
-3.35779e-05
-3.32563e-05
-3.27997e-05
-3.22091e-05
-3.14864e-05
-3.06341e-05
-2.96549e-05
-2.85526e-05
-2.73308e-05
-2.59945e-05
-2.45485e-05
-2.29983e-05
-2.135e-05
-1.961e-05
-1.77851e-05
-1.58826e-05
-1.39099e-05
-1.18752e-05
-9.78632e-06
-7.65198e-06
-5.48064e-06
-3.28126e-06
-1.06282e-06
1.16584e-06
3.39517e-06
5.61634e-06
7.82006e-06
9.99719e-06
1.21389e-05
1.42359e-05
1.62801e-05
1.82624e-05
2.01749e-05
2.20095e-05
2.37586e-05
2.54149e-05
2.69713e-05
2.84215e-05
2.97595e-05
3.09793e-05
3.20763e-05
3.30454e-05
3.3883e-05
3.45852e-05
3.51493e-05
3.5573e-05
3.58542e-05
3.59921e-05
3.59859e-05
3.58357e-05
3.55423e-05
3.51067e-05
3.4531e-05
3.38174e-05
3.29691e-05
3.19897e-05
3.08831e-05
2.96543e-05
2.83082e-05
2.68506e-05
2.52877e-05
2.36258e-05
2.18722e-05
2.00341e-05
1.81191e-05
1.61353e-05
1.40909e-05
1.19947e-05
9.85495e-06
7.68084e-06
5.48144e-06
3.2655e-06
1.04253e-06
-1.17854e-06
-3.38856e-06
-5.57842e-06
-7.73938e-06
-9.86232e-06
-1.1939e-05
-1.39609e-05
-1.59198e-05
-1.78082e-05
-1.96182e-05
-2.13429e-05
-2.29756e-05
-2.45097e-05
-2.59397e-05
-2.72596e-05
-2.8465e-05
-2.95513e-05
-3.05143e-05
-3.1351e-05
-3.20582e-05
-3.26339e-05
-3.30762e-05
-3.33839e-05
-3.35568e-05
-3.35944e-05
-3.34975e-05
-3.32674e-05
-3.29054e-05
-3.2414e-05
-3.17958e-05
-3.10543e-05
-3.01931e-05
-2.92163e-05
-2.81291e-05
-2.69361e-05
-2.56433e-05
-2.42565e-05
-2.27819e-05
-2.12264e-05
-1.95967e-05
-1.79001e-05
-1.61441e-05
-1.43361e-05
-1.24843e-05
-1.05963e-05
-8.68019e-06
-6.74412e-06
-4.79611e-06
-2.84448e-06
-8.96896e-07
1.03833e-06
2.9534e-06
4.84086e-06
6.69281e-06
8.50222e-06
1.02619e-05
1.1965e-05
1.36052e-05
1.51759e-05
1.66718e-05
1.80871e-05
1.94166e-05
2.0656e-05
2.18007e-05
2.28471e-05
2.37918e-05
2.46317e-05
2.53648e-05
2.59886e-05
2.6502e-05
2.6904e-05
2.71938e-05
2.73718e-05
2.7438e-05
2.73936e-05
2.72399e-05
2.69786e-05
2.66122e-05
2.6143e-05
2.55744e-05
2.49099e-05
2.4153e-05
2.33082e-05
2.23799e-05
2.13729e-05
2.02923e-05
1.91434e-05
1.79319e-05
1.66634e-05
1.5344e-05
1.39798e-05
1.25768e-05
1.11415e-05
9.68023e-06
8.19922e-06
6.70511e-06
5.20404e-06
3.70249e-06
2.20661e-06
7.22434e-07
-7.43717e-07
-2.18641e-06
-3.59977e-06
-4.9782e-06
-6.31682e-06
-7.61032e-06
-8.85412e-06
-1.00438e-05
-1.1175e-05
-1.22442e-05
-1.32475e-05
-1.4182e-05
-1.50449e-05
-1.58333e-05
-1.65456e-05
-1.71797e-05
-1.77342e-05
-1.82083e-05
-1.86009e-05
-1.89122e-05
-1.91419e-05
-1.92904e-05
-1.93588e-05
-1.93478e-05
-1.9259e-05
-1.90943e-05
-1.88554e-05
-1.85449e-05
-1.81654e-05
-1.77197e-05
-1.72111e-05
-1.66427e-05
-1.60183e-05
-1.53415e-05
-1.46162e-05
-1.38468e-05
-1.3037e-05
-1.21916e-05
-1.13147e-05
-1.04107e-05
-9.48442e-06
-8.54009e-06
-7.58231e-06
-6.61564e-06
-5.64438e-06
-4.67315e-06
-3.706e-06
-2.74722e-06
-1.8011e-06
-8.71135e-07
3.85234e-08
9.24325e-07
1.78312e-06
2.61133e-06
3.4062e-06
4.16492e-06
4.88486e-06
5.56392e-06
6.19981e-06
6.79105e-06
7.33604e-06
7.83336e-06
8.28248e-06
8.6824e-06
9.03274e-06
9.3337e-06
9.58506e-06
9.78748e-06
9.94166e-06
1.00484e-05
1.01092e-05
1.01251e-05
1.00982e-05
1.00303e-05
9.92318e-06
9.77967e-06
9.60193e-06
9.39258e-06
9.15478e-06
8.89106e-06
8.60465e-06
8.29882e-06
7.97651e-06
7.64126e-06
7.29622e-06
6.94477e-06
6.59032e-06
6.23591e-06
5.88514e-06
5.54097e-06
5.20637e-06
4.88473e-06
4.57849e-06
4.29046e-06
4.02339e-06
3.77924e-06
3.56039e-06
3.36872e-06
3.20571e-06
3.07298e-06
2.97144e-06
2.90206e-06
2.86535e-06
2.86134e-06
2.89026e-06
2.95137e-06
3.0439e-06
3.16706e-06
3.31893e-06
3.49792e-06
3.70202e-06
3.92833e-06
4.17432e-06
4.43673e-06
4.71189e-06
4.99621e-06
5.28535e-06
5.57502e-06
5.8605e-06
6.13669e-06
6.39875e-06
6.64096e-06
6.85784e-06
7.04394e-06
7.19298e-06
7.29933e-06
7.35708e-06
7.35985e-06
7.30205e-06
7.17763e-06
6.98058e-06
6.70555e-06
6.3468e-06
5.89917e-06
5.35773e-06
4.71768e-06
3.97499e-06
3.12559e-06
2.16618e-06
1.09412e-06
-9.32487e-08
-1.39727e-06
-2.8189e-06
-4.35877e-06
-6.01596e-06
-7.78934e-06
-9.67699e-06
-1.16755e-05
-1.37812e-05
-1.59892e-05
-1.82934e-05
-2.06872e-05
-2.31625e-05
-2.57105e-05
-2.83211e-05
-3.09832e-05
-3.36847e-05
-3.64124e-05
-3.9152e-05
-4.18883e-05
-4.46048e-05
-4.72843e-05
-4.99087e-05
-5.24584e-05
-5.49138e-05
-5.72541e-05
-5.94573e-05
-6.15017e-05
-6.33645e-05
-6.50221e-05
-6.64514e-05
-6.76283e-05
-6.85286e-05
-6.91287e-05
-6.94043e-05
-6.93319e-05
-6.88882e-05
-6.80504e-05
-6.67966e-05
-6.51053e-05
-6.29567e-05
-6.03318e-05
-5.72128e-05
-5.35842e-05
-4.94315e-05
-4.47424e-05
-3.9507e-05
-3.37174e-05
-2.7368e-05
-2.04567e-05
-1.29832e-05
-4.95102e-06
3.63321e-06
1.27601e-05
2.2416e-05
3.25838e-05
4.32432e-05
5.43691e-05
6.59328e-05
7.79017e-05
9.02387e-05
0.000102903
0.000115848
0.000129025
0.00014238
0.000155854
0.000169385
0.000182907
0.000196348
0.000209635
0.00022269
0.00023543
0.000247771
0.000259625
0.000270901
0.000281507
0.000291347
0.000300325
0.000308341
0.000315298
0.000321096
0.000325635
0.000328817
0.000330545
0.000330723
0.000329257
0.000326058
0.000321039
0.000314118
0.000305217
0.000294264
0.000281195
0.000265952
0.000248483
0.000228748
0.000206713
0.000182356
0.000155664
0.000126636
9.52842e-05
6.16308e-05
2.57122e-05
-1.24213e-05
-5.27056e-05
-9.50621e-05
-0.000139397
-0.000185602
-0.000233551
-0.000283105
-0.000334107
-0.000386384
-0.000439748
-0.000493995
-0.000548903
-0.000604237
-0.000659745
-0.000715162
-0.000770207
-0.000824587
-0.000877995
-0.000930113
-0.000980611
-0.00102915
-0.00107538
-0.00111895
-0.0011595
-0.00119666
-0.00123006
-0.00125934
-0.00128412
-0.00130405
-0.00131875
-0.00132787
-0.00133108
-0.00132803
-0.00131841
-0.0013019
-0.00127823
-0.00124712
-0.00120834
-0.00116166
-0.00110689
-0.00104388
-0.000972492
-0.000892639
-0.000804263
-0.000707348
-0.000601919
-0.000488044
-0.000365838
-0.000235461
-9.71214e-05
4.89205e-05
0.000202355
0.000362818
0.000529895
0.000703116
0.000881958
0.00106584
0.00125414
0.00144616
0.00164117
0.00183838
0.00203695
0.002236
0.00243457
0.00263171
0.00282639
0.00301754
0.00320408
0.00338488
0.00355879
0.00372463
0.00388121
0.00402732
0.00416176
0.00428329
0.00439072
0.00448283
0.00455844
0.00461639
0.00465555
0.00467213
0.00459766
0.00424469
0.00339052
0.00206105
0.00080108
0.000167711
1.70862e-05
0
