0
2.52285e-16
3.64153e-15
2.16893e-14
6.85009e-14
3.22415e-13
-2.96683e-12
1.37455e-11
-3.20023e-11
4.53727e-11
-4.53862e-11
3.74115e-11
-3.00172e-11
2.59001e-11
-2.23584e-11
1.65262e-11
-1.08733e-11
1.22962e-11
-2.54949e-11
4.57248e-11
-6.0173e-11
5.71483e-11
-3.5663e-11
5.6442e-12
1.96796e-11
-3.30771e-11
3.61822e-11
-3.5634e-11
3.5366e-11
-3.33178e-11
2.52024e-11
-1.23075e-11
3.20443e-12
-7.33522e-12
2.56983e-11
-4.87504e-11
6.24153e-11
-5.80849e-11
3.79723e-11
-1.28663e-11
-6.97285e-12
1.88885e-11
-2.72453e-11
3.55048e-11
-4.11063e-11
3.79584e-11
-2.43735e-11
6.99458e-12
2.3254e-12
4.6296e-12
-2.57196e-11
4.86675e-11
-6.00706e-11
5.49741e-11
-3.92568e-11
2.2148e-11
-8.08929e-12
-5.06127e-12
2.02376e-11
-3.56486e-11
4.41024e-11
-3.90342e-11
2.14328e-11
-2.06473e-12
-5.64206e-12
-4.1589e-12
2.49267e-11
-4.39037e-11
5.19574e-11
-4.90103e-11
4.0698e-11
-3.18398e-11
2.1842e-11
-6.86084e-12
-1.41247e-11
3.44995e-11
-4.36199e-11
3.57693e-11
-1.65971e-11
-7.5768e-13
5.25368e-12
4.45817e-12
-2.0949e-11
3.44381e-11
-4.02804e-11
4.06901e-11
-4.03262e-11
3.92782e-11
-3.23214e-11
1.49882e-11
9.31105e-12
-3.01608e-11
3.74246e-11
-2.90849e-11
1.24068e-11
9.50259e-13
-3.31484e-12
-4.3575e-12
1.46515e-11
-2.16799e-11
2.56954e-11
-3.06042e-11
3.71537e-11
-4.07878e-11
3.52049e-11
-1.8594e-11
-3.82981e-12
2.19412e-11
-2.76e-11
2.04933e-11
-8.47098e-12
4.39759e-13
3.33088e-13
2.99701e-12
-6.29503e-12
8.50503e-12
-1.18654e-11
1.84349e-11
-2.72113e-11
3.30793e-11
-3.0316e-11
1.76537e-11
-8.39157e-13
-1.17456e-11
1.53292e-11
-1.15937e-11
5.50402e-12
-1.37575e-12
3.24616e-13
-7.7894e-13
3.15922e-13
1.16864e-12
-1.09185e-12
-3.14018e-12
1.03286e-11
-1.61757e-11
1.67678e-11
-1.17562e-11
3.80704e-12
2.9958e-12
-5.6196e-12
3.72999e-12
-3.00966e-13
-1.31879e-12
4.39785e-13
3.85432e-13
1.3812e-12
-6.0229e-12
1.12892e-11
-1.42567e-11
1.27835e-11
-7.47889e-12
1.6448e-12
9.84524e-13
-7.18234e-14
-1.28989e-12
-1.799e-13
4.22712e-12
-7.64722e-12
7.08516e-12
-2.35126e-12
-2.92733e-12
2.94774e-12
5.4807e-12
-1.95486e-11
3.1514e-11
-3.51744e-11
3.04912e-11
-2.26886e-11
1.64808e-11
-1.24709e-11
7.54843e-12
8.56454e-13
-1.12987e-11
1.77397e-11
-1.45506e-11
2.60179e-12
9.03437e-12
-9.92944e-12
-3.23013e-12
2.3856e-11
-4.14653e-11
4.92444e-11
-4.78574e-11
4.25588e-11
-3.76331e-11
3.18579e-11
-2.05536e-11
2.14855e-12
1.67191e-11
-2.53176e-11
1.81359e-11
-8.98784e-13
-1.3582e-11
1.44895e-11
-3.03803e-13
-2.14805e-11
4.02789e-11
-5.05047e-11
5.4109e-11
-5.6014e-11
5.64466e-11
-5.00964e-11
3.24896e-11
-7.14278e-12
-1.53578e-11
2.43881e-11
-1.7109e-11
3.66852e-13
1.34247e-11
-1.49291e-11
3.68965e-12
1.30117e-11
-2.79347e-11
3.91336e-11
-4.86737e-11
5.69093e-11
-6.04227e-11
5.44497e-11
-3.77023e-11
1.45114e-11
6.19006e-12
-1.60773e-11
1.27634e-11
-1.75424e-12
-8.20692e-12
1.11414e-11
-6.67459e-12
-2.41755e-12
1.29407e-11
-2.28743e-11
3.11138e-11
-3.73962e-11
4.0936e-11
-3.992e-11
3.24293e-11
-1.93888e-11
5.03952e-12
5.18803e-12
-8.21151e-12
4.4021e-12
2.48909e-12
-7.27098e-12
6.12474e-12
-7.47843e-14
-5.77321e-12
6.77743e-12
-3.5437e-12
7.72042e-13
-2.62796e-12
8.66664e-12
-1.45082e-11
1.50084e-11
-8.74526e-12
-3.15979e-13
5.34432e-12
-3.31667e-12
-1.77691e-12
2.71537e-12
2.73392e-12
-9.07332e-12
7.78355e-12
4.55905e-12
-2.30568e-11
3.7312e-11
-3.90644e-11
2.82282e-11
-1.32613e-11
3.67051e-12
-2.19804e-12
3.66625e-12
-2.35222e-12
-1.53329e-12
2.31171e-12
4.07291e-12
-1.49355e-11
2.13491e-11
-1.4651e-11
-6.83747e-12
3.49494e-11
-5.67963e-11
6.35485e-11
-5.62583e-11
4.25903e-11
-2.95766e-11
1.91305e-11
-1.03017e-11
2.83162e-12
1.23433e-12
5.3403e-13
-8.59221e-12
1.90804e-11
-2.47158e-11
1.87147e-11
-2.40105e-13
-2.48089e-11
4.7493e-11
-6.10682e-11
6.28025e-11
-5.42101e-11
3.99846e-11
-2.62304e-11
1.67065e-11
-1.13299e-11
7.87013e-12
-5.57297e-12
5.46244e-12
-8.42612e-12
1.28491e-11
-1.49067e-11
1.01129e-11
3.16821e-12
-2.11491e-11
3.52e-11
-3.81831e-11
3.05059e-11
-2.02196e-11
1.54251e-11
-1.74961e-11
2.05876e-11
-1.79573e-11
7.89758e-12
4.36071e-12
-1.09361e-11
7.68807e-12
1.52191e-12
-8.34604e-12
7.81531e-12
-3.43448e-12
2.73406e-12
-8.99755e-12
1.72941e-11
-1.94101e-11
1.11239e-11
3.72222e-12
-1.58683e-11
1.67638e-11
-5.18201e-12
-1.18379e-11
2.4185e-11
-2.65011e-11
2.02032e-11
-9.6992e-12
-2.62171e-12
1.64233e-11
-3.11675e-11
4.43185e-11
-5.22873e-11
5.1616e-11
-4.11946e-11
2.38731e-11
-6.70833e-12
-2.74137e-12
5.90939e-13
1.11173e-11
-2.60994e-11
3.6367e-11
-3.57922e-11
2.31087e-11
-3.40812e-12
-1.55945e-11
2.91843e-11
-3.83834e-11
4.59961e-11
-5.18688e-11
5.20911e-11
-4.35424e-11
2.78242e-11
-1.20014e-11
4.40442e-12
-8.83086e-12
2.02695e-11
-2.80073e-11
2.41559e-11
-1.08985e-11
-2.1856e-12
7.16216e-12
-4.69509e-12
1.76978e-12
-4.82031e-12
1.4119e-11
-2.4285e-11
2.85743e-11
-2.46146e-11
1.60519e-11
-9.19743e-12
6.56332e-12
-5.03248e-12
-9.45591e-14
8.9512e-12
-1.65856e-11
1.69999e-11
-7.89584e-12
-8.45448e-12
2.60923e-11
-3.79339e-11
3.87822e-11
-2.88271e-11
1.3502e-11
-3.12296e-13
-5.53825e-12
2.63202e-12
6.60393e-12
-1.75667e-11
2.57719e-11
-2.98839e-11
3.10759e-11
-2.95107e-11
2.15813e-11
-3.54903e-12
-2.26426e-11
4.75425e-11
-6.02533e-11
5.60262e-11
-3.98964e-11
2.29433e-11
-1.51349e-11
1.84834e-11
-2.65787e-11
3.0489e-11
-2.71639e-11
2.11308e-11
-1.86688e-11
2.02353e-11
-2.04264e-11
1.38152e-11
-6.00466e-13
-1.40624e-11
2.40501e-11
-2.66852e-11
2.39744e-11
-2.1195e-11
2.22512e-11
-2.63035e-11
2.82143e-11
-2.35563e-11
1.20614e-11
2.38045e-12
-1.45192e-11
1.9299e-11
-1.38292e-11
-5.46788e-13
1.717e-11
-2.79742e-11
2.89348e-11
-2.2629e-11
1.45654e-11
-8.50752e-12
4.36298e-12
-5.40937e-13
-3.10486e-12
3.2871e-12
4.64787e-12
-2.19785e-11
4.19691e-11
-5.23763e-11
4.41896e-11
-1.98477e-11
-8.60241e-12
2.87665e-11
-3.6427e-11
3.55289e-11
-3.29148e-11
3.24996e-11
-3.37116e-11
3.31695e-11
-2.90261e-11
2.33175e-11
-2.06172e-11
2.30276e-11
-2.79441e-11
3.03002e-11
-2.73653e-11
1.98968e-11
-1.05959e-11
2.03116e-12
3.48387e-12
-5.21141e-12
5.38608e-12
-8.81873e-12
1.829e-11
-3.09857e-11
3.92469e-11
-3.62423e-11
2.07498e-11
1.16458e-12
-1.94553e-11
2.58296e-11
-1.95764e-11
7.33753e-12
3.01803e-12
-9.60265e-12
1.60653e-11
-2.51461e-11
3.33015e-11
-3.37166e-11
2.32267e-11
-6.6002e-12
-6.47966e-12
7.50771e-12
5.1918e-12
-2.5529e-11
4.30116e-11
-4.96667e-11
4.43867e-11
-3.21154e-11
1.8465e-11
-6.53313e-12
-3.07273e-12
1.05801e-11
-1.73101e-11
2.49174e-11
-3.34293e-11
3.95765e-11
-3.97041e-11
3.37477e-11
-2.62099e-11
2.17368e-11
-2.11072e-11
2.07985e-11
-1.70171e-11
9.4049e-12
-2.56124e-12
2.79667e-12
-1.256e-11
2.59194e-11
-3.16446e-11
2.20315e-11
-4.65471e-13
-2.11246e-11
3.14666e-11
-2.75697e-11
1.3865e-11
2.74268e-12
-1.72642e-11
2.72855e-11
-3.25359e-11
3.32305e-11
-2.91246e-11
1.9354e-11
-4.59913e-12
-1.19017e-11
2.53371e-11
-3.23391e-11
3.2022e-11
-2.60566e-11
1.82411e-11
-1.43715e-11
1.88239e-11
-3.0218e-11
4.04934e-11
-4.14713e-11
3.22305e-11
-2.03954e-11
1.49953e-11
-1.90604e-11
2.73999e-11
-3.12673e-11
2.45572e-11
-8.31112e-12
-1.04774e-11
2.40844e-11
-3.00139e-11
3.10236e-11
-3.03568e-11
2.7118e-11
-1.82028e-11
3.12119e-12
1.35727e-11
-2.55211e-11
2.81425e-11
-2.02997e-11
3.90886e-12
1.54966e-11
-3.00413e-11
3.31797e-11
-2.46209e-11
1.07507e-11
-7.84427e-13
7.52417e-13
-1.03578e-11
2.31801e-11
-3.1411e-11
3.15851e-11
-2.77126e-11
2.69794e-11
-3.23365e-11
3.88641e-11
-3.91132e-11
3.0525e-11
-1.75486e-11
6.04164e-12
2.0028e-12
-9.05483e-12
1.80313e-11
-2.93525e-11
3.98532e-11
-4.44539e-11
3.88332e-11
-2.31397e-11
2.80991e-12
1.37808e-11
-2.00385e-11
1.371e-11
2.22573e-12
-2.05876e-11
3.21352e-11
-3.09553e-11
1.89979e-11
-5.4799e-12
-9.5664e-13
-9.64492e-13
5.58949e-12
-7.85613e-12
8.25001e-12
-1.13555e-11
1.99523e-11
-3.2042e-11
4.18734e-11
-4.43295e-11
3.83883e-11
-2.82916e-11
1.99697e-11
-1.61291e-11
1.36478e-11
-7.11844e-12
-6.05733e-12
2.32794e-11
-3.92899e-11
4.86771e-11
-4.74188e-11
3.41043e-11
-1.29722e-11
-6.19223e-12
1.3272e-11
-5.70409e-12
-9.81733e-12
2.28342e-11
-2.72461e-11
2.39221e-11
-1.79961e-11
1.35367e-11
-1.09207e-11
7.3547e-12
-9.89133e-13
-5.88696e-12
7.30368e-12
7.05258e-13
-1.57043e-11
3.00382e-11
-3.75546e-11
3.76538e-11
-3.40127e-11
3.01493e-11
-2.79457e-11
2.76594e-11
-2.77342e-11
2.36984e-11
-1.07691e-11
-1.13146e-11
3.52996e-11
-5.04702e-11
4.97839e-11
-3.49596e-11
1.48504e-11
5.07504e-17
-3.86936e-12
-1.56409e-12
9.39467e-12
-1.40533e-11
1.54301e-11
-1.72648e-11
2.09448e-11
-2.32339e-11
1.97999e-11
-1.07473e-11
5.81625e-13
5.65017e-12
-5.80084e-12
-4.28406e-14
1.0318e-11
-2.19031e-11
3.00209e-11
-3.15833e-11
2.82718e-11
-2.61207e-11
3.00886e-11
-3.95031e-11
4.7378e-11
-4.50168e-11
2.78113e-11
2.38268e-13
-2.7922e-11
4.34487e-11
-4.28029e-11
3.14343e-11
-1.86414e-11
9.71939e-12
-4.56705e-12
1.38107e-12
-2.58064e-13
1.83621e-12
-5.40606e-12
9.16554e-12
-1.25147e-11
1.54963e-11
-1.7086e-11
1.49342e-11
-8.68707e-12
1.75138e-12
4.80042e-13
4.56876e-12
-1.44427e-11
2.2926e-11
-2.47867e-11
1.98431e-11
-1.44284e-11
1.69826e-11
-3.0955e-11
5.00961e-11
-6.2496e-11
5.93949e-11
-4.14027e-11
1.60423e-11
8.12417e-12
-2.54003e-11
3.26641e-11
-2.97478e-11
2.02008e-11
-1.04856e-11
5.16079e-12
-3.58825e-12
1.38277e-12
3.90814e-12
-1.01994e-11
1.2922e-11
-9.84226e-12
2.82817e-12
3.50422e-12
-5.76256e-12
4.45876e-12
-4.1799e-12
9.22706e-12
-1.89941e-11
2.71182e-11
-2.72589e-11
1.90713e-11
-9.02526e-12
4.69817e-12
-9.89275e-12
2.35624e-11
-4.17274e-11
5.77929e-11
-6.37775e-11
5.41765e-11
-3.15708e-11
6.36749e-12
1.00667e-11
-1.38655e-11
9.80386e-12
-5.87077e-12
6.23224e-12
-9.33296e-12
1.01552e-11
-4.83299e-12
-6.60851e-12
1.99156e-11
-2.99817e-11
3.41925e-11
-3.35039e-11
2.95618e-11
-2.26996e-11
1.24642e-11
-7.75082e-14
-1.20128e-11
2.18792e-11
-2.87898e-11
3.09652e-11
-2.57708e-11
1.33579e-11
-4.25556e-13
-3.29232e-12
-6.86401e-12
2.52264e-11
-4.02766e-11
4.34057e-11
-3.45987e-11
2.03673e-11
-8.67565e-12
4.22169e-12
-6.94238e-12
1.23249e-11
-1.45604e-11
1.01408e-11
-5.70669e-13
-8.79191e-12
1.15281e-11
-3.68442e-12
-1.42565e-11
3.63039e-11
-5.35225e-11
5.91704e-11
-5.37006e-11
4.32031e-11
-3.3118e-11
2.31788e-11
-1.02629e-11
-5.6441e-12
1.92651e-11
-2.51243e-11
2.24986e-11
-1.54699e-11
8.35989e-12
-3.41486e-12
1.1361e-12
-1.37499e-12
2.22563e-12
-4.04797e-13
-6.14086e-12
1.47114e-11
-1.88637e-11
1.2967e-11
2.59896e-12
-2.09255e-11
3.20972e-11
-2.96407e-11
1.49922e-11
2.31277e-12
-1.09389e-11
5.31991e-12
1.08448e-11
-2.89485e-11
4.18197e-11
-4.70006e-11
4.5019e-11
-3.80735e-11
2.98256e-11
-2.47801e-11
2.42921e-11
-2.43536e-11
1.85999e-11
-5.5089e-12
-9.28419e-12
1.77614e-11
-1.68961e-11
9.64619e-12
-5.25228e-13
-9.07827e-12
2.01153e-11
-3.29046e-11
4.50715e-11
-5.2842e-11
5.26933e-11
-4.32819e-11
2.62514e-11
-6.59414e-12
-9.53225e-12
1.7544e-11
-1.68551e-11
1.061e-11
-4.50561e-12
3.88802e-12
-1.05076e-11
1.96894e-11
-2.278e-11
1.39638e-11
3.22469e-12
-1.78793e-11
2.02676e-11
-9.59294e-12
-7.10267e-12
2.11366e-11
-2.72929e-11
2.38496e-11
-1.22631e-11
-2.38095e-12
1.1766e-11
-9.54808e-12
-3.42795e-12
1.91105e-11
-2.93541e-11
3.21006e-11
-3.15942e-11
3.26638e-11
-3.65482e-11
4.05971e-11
-4.1428e-11
3.70912e-11
-2.81944e-11
1.69828e-11
-6.14527e-12
-2.93362e-12
9.91664e-12
-1.45045e-11
1.52479e-11
-1.07209e-11
5.77617e-13
1.40609e-11
-3.14818e-11
4.83832e-11
-5.91856e-11
5.78249e-11
-4.34548e-11
2.31804e-11
-7.94365e-12
3.36366e-12
-5.78697e-12
6.65817e-12
-9.18623e-13
-1.01135e-11
2.13641e-11
-2.79904e-11
2.61173e-11
-1.39054e-11
-6.09076e-12
2.51494e-11
-3.28407e-11
2.46093e-11
-6.18589e-12
-1.09354e-11
1.7768e-11
-1.34228e-11
3.50682e-12
4.51551e-12
-5.95448e-12
4.07428e-13
8.53511e-12
-1.60815e-11
1.89914e-11
-1.75481e-11
1.45278e-11
-1.3499e-11
1.67665e-11
-2.45012e-11
3.37235e-11
-3.9509e-11
3.79657e-11
-2.98933e-11
1.98572e-11
-1.1761e-11
4.99296e-12
3.0321e-12
-1.18548e-11
1.62896e-11
-1.15335e-11
-1.97071e-12
1.88092e-11
-3.37957e-11
4.44681e-11
-4.99591e-11
4.92308e-11
-4.31601e-11
3.59965e-11
-3.27633e-11
3.32443e-11
-3.09999e-11
1.91216e-11
1.94506e-12
-2.37217e-11
3.56269e-11
-3.23069e-11
1.55645e-11
7.53028e-12
-2.83885e-11
3.97843e-11
-3.91538e-11
2.98727e-11
-1.97344e-11
1.5663e-11
-1.9331e-11
2.59075e-11
-2.76867e-11
1.90631e-11
-9.77048e-13
-1.90633e-11
3.1051e-11
-2.94597e-11
1.67543e-11
-1.319e-12
-9.11065e-12
1.1432e-11
-7.00257e-12
-1.21513e-12
9.39786e-12
-1.34138e-11
1.0668e-11
-3.46051e-12
-2.02619e-12
1.04388e-12
4.57747e-12
-8.77199e-12
7.82218e-12
-4.25984e-12
2.87694e-12
-5.33675e-12
9.29117e-12
-1.29159e-11
1.70903e-11
-2.33249e-11
3.03651e-11
-3.5477e-11
3.74678e-11
-3.74409e-11
3.53445e-11
-2.86319e-11
1.51444e-11
2.14015e-12
-1.57701e-11
1.90802e-11
-1.15686e-11
-1.66906e-12
1.40336e-11
-2.17823e-11
2.49051e-11
-2.64488e-11
3.02596e-11
-3.87844e-11
5.04864e-11
-5.99184e-11
6.01362e-11
-4.72481e-11
2.31272e-11
4.28537e-12
-2.4563e-11
2.98625e-11
-2.00005e-11
2.64891e-12
1.15584e-11
-1.67747e-11
1.50821e-11
-1.35539e-11
1.77357e-11
-2.85347e-11
4.26119e-11
-5.45326e-11
5.76993e-11
-4.71379e-11
2.36317e-11
3.69406e-12
-2.22819e-11
2.49897e-11
-1.54581e-11
3.51799e-12
3.30483e-12
-4.37469e-12
2.83279e-12
-1.67385e-12
2.77046e-12
-8.16998e-12
1.8185e-11
-2.87705e-11
3.24152e-11
-2.4807e-11
9.44661e-12
4.73576e-12
-1.14338e-11
1.09995e-11
-7.89198e-12
5.10015e-12
-3.07282e-12
1.77704e-12
-2.30102e-12
4.83873e-12
-7.60112e-12
8.28082e-12
-7.17025e-12
6.63788e-12
-8.24259e-12
1.04011e-11
-1.04619e-11
7.63302e-12
-4.07645e-12
2.29811e-12
-2.97908e-12
4.4735e-12
-4.83815e-12
3.27722e-12
-1.12535e-12
9.95795e-13
-5.55556e-12
1.53301e-11
-2.80578e-11
3.92341e-11
-4.45361e-11
4.14796e-11
-3.0818e-11
1.64119e-11
-4.35263e-12
-4.96774e-13
-2.10225e-12
6.73665e-12
-6.86317e-12
4.86957e-13
7.53671e-12
-9.81816e-12
1.91619e-12
1.50659e-11
-3.64529e-11
5.58125e-11
-6.63514e-11
6.28058e-11
-4.588e-11
2.38483e-11
-8.17466e-12
4.48677e-12
-8.60577e-12
1.10341e-11
-6.06878e-12
-4.55283e-12
1.45245e-11
-1.81193e-11
1.15735e-11
6.42043e-12
-3.30081e-11
5.89577e-11
-7.24114e-11
6.70911e-11
-4.82041e-11
2.8104e-11
-1.64569e-11
1.37496e-11
-1.42848e-11
1.24064e-11
-6.00391e-12
-4.57155e-12
1.66298e-11
-2.44654e-11
2.0565e-11
-1.7765e-12
-2.60263e-11
5.01639e-11
-6.04623e-11
5.58543e-11
-4.32906e-11
3.05907e-11
-2.19129e-11
1.75354e-11
-1.59716e-11
1.41426e-11
-8.28295e-12
-3.41826e-12
1.7242e-11
-2.5277e-11
2.10094e-11
-5.08276e-12
-1.53804e-11
3.1904e-11
-3.99925e-11
3.97048e-11
-3.39499e-11
2.62537e-11
-1.99978e-11
1.6844e-11
-1.57885e-11
1.33684e-11
-6.80257e-12
-3.45727e-12
1.33067e-11
-1.8093e-11
1.54496e-11
-6.71724e-12
-4.52951e-12
1.42723e-11
-2.00998e-11
2.16008e-11
-2.02033e-11
1.76191e-11
-1.5051e-11
1.26156e-11
-1.00465e-11
6.78142e-12
-2.55191e-12
-2.4522e-12
6.8503e-12
-8.91586e-12
7.78687e-12
-4.7221e-12
1.72284e-12
2.73818e-13
-2.29347e-12
5.20972e-12
-8.19563e-12
9.07002e-12
-7.04161e-12
3.41132e-12
-2.26345e-13
-1.96007e-12
3.40098e-12
-3.8155e-12
2.18894e-12
7.81825e-13
-2.23247e-12
-4.49863e-13
5.94569e-12
-9.88484e-12
9.00134e-12
-4.67623e-12
8.87883e-13
-2.98813e-13
2.39189e-12
-5.83282e-12
9.85267e-12
-1.33714e-11
1.33753e-11
-7.44364e-12
-2.57294e-12
1.01226e-11
-9.67535e-12
1.77548e-12
7.50019e-12
-1.27779e-11
1.31604e-11
-1.10717e-11
8.49353e-12
-6.74724e-12
7.76065e-12
-1.35598e-11
2.23273e-11
-2.76385e-11
2.31464e-11
-9.48547e-12
-5.58334e-12
1.35657e-11
-1.21128e-11
4.62629e-12
4.22721e-12
-1.17453e-11
1.59152e-11
-1.51002e-11
1.01967e-11
-6.74478e-12
1.0926e-11
-2.30595e-11
3.53284e-11
-3.83706e-11
2.91809e-11
-1.30237e-11
-2.39242e-12
1.20576e-11
-1.4415e-11
9.22044e-12
1.61127e-12
-1.26611e-11
1.69539e-11
-1.25394e-11
5.48736e-12
-5.26525e-12
1.55237e-11
-3.0984e-11
4.23536e-11
-4.40175e-11
3.58591e-11
-2.09035e-11
3.13942e-12
1.15363e-11
-1.66371e-11
9.68195e-12
3.61017e-12
-1.30392e-11
1.25058e-11
-5.57012e-12
1.14652e-12
-5.37338e-12
1.73243e-11
-3.20824e-11
4.4415e-11
-4.9884e-11
4.44506e-11
-2.76045e-11
5.51104e-12
1.07065e-11
-1.34338e-11
4.76896e-12
5.59357e-12
-9.58911e-12
6.47187e-12
-1.2399e-12
-1.08601e-12
-2.42075e-12
1.29603e-11
-2.97181e-11
4.71047e-11
-5.57807e-11
4.88813e-11
-2.91304e-11
7.55328e-12
5.01523e-12
-6.05186e-12
5.64838e-13
4.90469e-12
-7.00701e-12
4.90474e-12
5.64798e-13
-6.05195e-12
5.01554e-12
7.55269e-12
-2.91296e-11
4.88804e-11
-5.57798e-11
4.71039e-11
-2.97176e-11
1.29601e-11
-2.42067e-12
-1.08604e-12
-1.23984e-12
6.47173e-12
-9.58893e-12
5.59345e-12
4.76888e-12
-1.34334e-11
1.07058e-11
5.51185e-12
-2.76053e-11
4.44513e-11
-4.98845e-11
4.44152e-11
-3.20826e-11
1.73244e-11
-5.37351e-12
1.14676e-12
-5.57043e-12
1.25061e-11
-1.30393e-11
3.60997e-12
9.68234e-12
-1.66376e-11
1.15368e-11
3.13898e-12
-2.09032e-11
3.58589e-11
-4.40174e-11
4.23535e-11
-3.09838e-11
1.55233e-11
-5.26493e-12
5.48714e-12
-1.25393e-11
1.6954e-11
-1.26613e-11
1.6114e-12
9.22036e-12
-1.44149e-11
1.20577e-11
-2.39246e-12
-1.30237e-11
2.91811e-11
-3.83709e-11
3.53287e-11
-2.30598e-11
1.09262e-11
-6.74485e-12
1.01968e-11
-1.51003e-11
1.59154e-11
-1.17457e-11
4.22761e-12
4.62595e-12
-1.21126e-11
1.35656e-11
-5.58345e-12
-9.48524e-12
2.31461e-11
-2.76383e-11
2.23271e-11
-1.35597e-11
7.76045e-12
-6.74688e-12
8.49302e-12
-1.10711e-11
1.31598e-11
-1.27774e-11
7.4998e-12
1.77572e-12
-9.67539e-12
1.01224e-11
-2.57273e-12
-7.44384e-12
1.33755e-11
-1.33717e-11
9.85306e-12
-5.83327e-12
2.39233e-12
-2.99229e-13
8.88339e-13
-4.67674e-12
9.00183e-12
-9.88519e-12
5.94588e-12
-4.49945e-13
-2.23246e-12
7.8191e-13
2.18872e-12
-3.8152e-12
3.40071e-12
-1.95989e-12
-2.26489e-13
3.41154e-12
-7.04194e-12
9.07041e-12
-8.196e-12
5.21007e-12
-2.29382e-12
2.74123e-13
1.72265e-12
-4.72204e-12
7.78687e-12
-8.9158e-12
6.85016e-12
-2.45205e-12
-2.55197e-12
6.78139e-12
-1.00464e-11
1.26154e-11
-1.50508e-11
1.76188e-11
-2.0203e-11
2.16005e-11
-2.00996e-11
1.4272e-11
-4.52917e-12
-6.71766e-12
1.545e-11
-1.80933e-11
1.33069e-11
-3.4574e-12
-6.80246e-12
1.33683e-11
-1.57884e-11
1.6844e-11
-1.99977e-11
2.62536e-11
-3.39499e-11
3.9705e-11
-3.99928e-11
3.19044e-11
-1.53807e-11
-5.08248e-12
2.10092e-11
-2.52769e-11
1.72418e-11
-3.4181e-12
-8.28318e-12
1.41429e-11
-1.5972e-11
1.75358e-11
-2.19132e-11
3.05908e-11
-4.32906e-11
5.58541e-11
-6.04621e-11
5.01638e-11
-2.60263e-11
-1.77648e-12
2.0565e-11
-2.44655e-11
1.66301e-11
-4.57191e-12
-6.0035e-12
1.2406e-11
-1.42845e-11
1.37494e-11
-1.64567e-11
2.81039e-11
-4.8204e-11
6.70909e-11
-7.24111e-11
5.89576e-11
-3.30081e-11
6.42059e-12
1.15732e-11
-1.81191e-11
1.45244e-11
-4.55278e-12
-6.0688e-12
1.10341e-11
-8.60585e-12
4.48695e-12
-8.17494e-12
2.38487e-11
-4.58803e-11
6.2806e-11
-6.63514e-11
5.58123e-11
-3.64528e-11
1.50659e-11
1.91598e-12
-9.81789e-12
7.53649e-12
4.87059e-13
-6.86312e-12
6.73644e-12
-2.10192e-12
-4.97131e-13
-4.35235e-12
1.64117e-11
-3.0818e-11
4.14796e-11
-4.45361e-11
3.9234e-11
-2.80576e-11
1.533e-11
-5.55553e-12
9.9589e-13
-1.12554e-12
3.27748e-12
-4.83846e-12
4.47387e-12
-2.97945e-12
2.29836e-12
-4.07651e-12
7.63291e-12
-1.04617e-11
1.04009e-11
-8.24238e-12
6.63763e-12
-7.16998e-12
8.28058e-12
-7.60091e-12
4.8385e-12
-2.30067e-12
1.77659e-12
-3.07242e-12
5.09999e-12
-7.89213e-12
1.09999e-11
-1.14343e-11
4.73627e-12
9.44618e-12
-2.48067e-11
3.24151e-11
-2.87705e-11
1.8185e-11
-8.16985e-12
2.77021e-12
-1.67363e-12
2.83276e-12
-4.37495e-12
3.30536e-12
3.5173e-12
-1.54574e-11
2.49891e-11
-2.22817e-11
3.6941e-12
2.36315e-11
-4.71376e-11
5.76991e-11
-5.45324e-11
4.26117e-11
-2.85344e-11
1.77353e-11
-1.35534e-11
1.50815e-11
-1.67742e-11
1.1558e-11
2.64918e-12
-2.00007e-11
2.98625e-11
-2.45629e-11
4.28514e-12
2.31275e-11
-4.72484e-11
6.01366e-11
-5.99187e-11
5.04867e-11
-3.87846e-11
3.02597e-11
-2.64488e-11
2.49052e-11
-2.17825e-11
1.40338e-11
-1.66921e-12
-1.15685e-11
1.90802e-11
-1.57701e-11
2.14015e-12
1.51445e-11
-2.86319e-11
3.53445e-11
-3.74409e-11
3.74678e-11
-3.54769e-11
3.0365e-11
-2.33248e-11
1.70902e-11
-1.29158e-11
9.29107e-12
-5.33654e-12
2.87664e-12
-4.25953e-12
7.82197e-12
-8.77196e-12
4.5776e-12
1.04367e-12
-2.026e-12
-3.46059e-12
1.0668e-11
-1.34137e-11
9.39773e-12
-1.21503e-12
-7.00261e-12
1.1432e-11
-9.11065e-12
-1.31889e-12
1.6754e-11
-2.94593e-11
3.10506e-11
-1.9063e-11
-9.77116e-13
1.9063e-11
-2.76866e-11
2.59073e-11
-1.93308e-11
1.56627e-11
-1.9734e-11
2.98723e-11
-3.91533e-11
3.97837e-11
-2.8388e-11
7.52993e-12
1.55646e-11
-3.23068e-11
3.56267e-11
-2.37215e-11
1.94486e-12
1.91218e-11
-3.10003e-11
3.32447e-11
-3.27637e-11
3.59968e-11
-4.31604e-11
4.9231e-11
-4.99592e-11
4.44681e-11
-3.37954e-11
1.88088e-11
-1.97032e-12
-1.15338e-11
1.62898e-11
-1.1855e-11
3.03217e-12
4.99304e-12
-1.17611e-11
1.98574e-11
-2.98935e-11
3.79658e-11
-3.95091e-11
3.37237e-11
-2.45014e-11
1.67668e-11
-1.34994e-11
1.45281e-11
-1.75482e-11
1.89913e-11
-1.60813e-11
8.5348e-12
4.07727e-13
-5.95474e-12
4.51571e-12
3.5067e-12
-1.34228e-11
1.77679e-11
-1.09352e-11
-6.18607e-12
2.46094e-11
-3.28407e-11
2.51493e-11
-6.09063e-12
-1.39055e-11
2.61174e-11
-2.79904e-11
2.13641e-11
-1.01135e-11
-9.18595e-13
6.6581e-12
-5.78688e-12
3.36359e-12
-7.94364e-12
2.31805e-11
-4.34549e-11
5.7825e-11
-5.91857e-11
4.83833e-11
-3.14818e-11
1.40608e-11
5.77707e-13
-1.0721e-11
1.52479e-11
-1.45044e-11
9.91659e-12
-2.9336e-12
-6.14521e-12
1.69826e-11
-2.81941e-11
3.70909e-11
-4.14277e-11
4.05968e-11
-3.6548e-11
3.26636e-11
-3.1594e-11
3.21004e-11
-2.93539e-11
1.91104e-11
-3.42793e-12
-9.54803e-12
1.1766e-11
-2.38088e-12
-1.22631e-11
2.38496e-11
-2.72928e-11
2.11365e-11
-7.10277e-12
-9.59262e-12
2.02672e-11
-1.78787e-11
3.22421e-12
1.39642e-11
-2.27804e-11
1.96898e-11
-1.0508e-11
3.88845e-12
-4.50608e-12
1.06105e-11
-1.68553e-11
1.7544e-11
-9.53214e-12
-6.59432e-12
2.62516e-11
-4.32822e-11
5.26937e-11
-5.28425e-11
4.50721e-11
-3.29053e-11
2.0116e-11
-9.07881e-12
-5.24983e-13
9.64629e-12
-1.68964e-11
1.77617e-11
-9.28431e-12
-5.509e-12
1.86001e-11
-2.43539e-11
2.42922e-11
-2.47801e-11
2.98255e-11
-3.80733e-11
4.5019e-11
-4.70008e-11
4.182e-11
-2.89489e-11
1.0845e-11
5.31993e-12
-1.09391e-11
2.31315e-12
1.49917e-11
-2.96403e-11
3.20968e-11
-2.09252e-11
2.59865e-12
1.29674e-11
-1.88641e-11
1.47118e-11
-6.14104e-12
-4.04901e-13
2.22598e-12
-1.37542e-12
1.1365e-12
-3.41522e-12
8.36023e-12
-1.54702e-11
2.24988e-11
-2.51245e-11
1.92653e-11
-5.64428e-12
-1.02628e-11
2.31788e-11
-3.31181e-11
4.32035e-11
-5.37009e-11
5.91707e-11
-5.35227e-11
3.6304e-11
-1.42565e-11
-3.68436e-12
1.1528e-11
-8.79178e-12
-5.7074e-13
1.01408e-11
-1.45605e-11
1.23249e-11
-6.94241e-12
4.22157e-12
-8.67538e-12
2.03669e-11
-3.45984e-11
4.34055e-11
-4.02766e-11
2.52264e-11
-6.8641e-12
-3.29214e-12
-4.2574e-13
1.33579e-11
-2.57706e-11
3.09649e-11
-2.87894e-11
2.18789e-11
-1.20127e-11
-7.7341e-14
1.2464e-11
-2.26994e-11
2.95618e-11
-3.3504e-11
3.41927e-11
-2.9982e-11
1.99159e-11
-6.60873e-12
-4.83297e-12
1.01553e-11
-9.33322e-12
6.23253e-12
-5.87102e-12
9.80405e-12
-1.38656e-11
1.00667e-11
6.36747e-12
-3.15708e-11
5.41767e-11
-6.37776e-11
5.7793e-11
-4.17273e-11
2.35623e-11
-9.89272e-12
4.69826e-12
-9.02543e-12
1.90715e-11
-2.72591e-11
2.71183e-11
-1.89942e-11
9.22701e-12
-4.17976e-12
4.45861e-12
-5.76246e-12
3.50421e-12
2.82815e-12
-9.84228e-12
1.29221e-11
-1.01996e-11
3.90848e-12
1.38227e-12
-3.5876e-12
5.16013e-12
-1.04851e-11
2.02006e-11
-2.97478e-11
3.26642e-11
-2.54004e-11
8.12422e-12
1.60424e-11
-4.14029e-11
5.9395e-11
-6.2496e-11
5.00959e-11
-3.09546e-11
1.69822e-11
-1.44281e-11
1.9843e-11
-2.47868e-11
2.29264e-11
-1.44431e-11
4.56906e-12
4.79972e-13
1.75132e-12
-8.68701e-12
1.49342e-11
-1.70858e-11
1.54959e-11
-1.25141e-11
9.1648e-12
-5.40542e-12
1.83576e-12
-2.5781e-13
1.38099e-12
-4.56708e-12
9.71946e-12
-1.86414e-11
3.14342e-11
-4.28027e-11
4.34485e-11
-2.79221e-11
2.38539e-13
2.78109e-11
-4.50164e-11
4.73778e-11
-3.95032e-11
3.00889e-11
-2.6121e-11
2.82719e-11
-3.15833e-11
3.00207e-11
-2.1903e-11
1.0318e-11
-4.27016e-14
-5.80096e-12
5.65018e-12
5.8175e-13
-1.07475e-11
1.97999e-11
-2.32339e-11
2.09448e-11
-1.72648e-11
1.54302e-11
-1.40535e-11
9.39489e-12
-1.5642e-12
-3.86936e-12
1.36309e-16
1.48503e-11
-3.49595e-11
4.97839e-11
-5.04703e-11
3.52997e-11
-1.13148e-11
-1.0769e-11
2.36984e-11
-2.77342e-11
2.76593e-11
-2.79454e-11
3.01489e-11
-3.40122e-11
3.76536e-11
-3.75548e-11
3.00387e-11
-1.5705e-11
7.05889e-13
7.30329e-12
-5.88681e-12
-9.89163e-13
7.35477e-12
-1.09209e-11
1.3537e-11
-1.79964e-11
2.39223e-11
-2.72462e-11
2.28342e-11
-9.81736e-12
-5.7039e-12
1.32716e-11
-6.19179e-12
-1.29727e-11
3.41047e-11
-4.7419e-11
4.86771e-11
-3.92899e-11
2.32793e-11
-6.05735e-12
-7.11839e-12
1.36478e-11
-1.61292e-11
1.997e-11
-2.82919e-11
3.83886e-11
-4.43296e-11
4.18734e-11
-3.20417e-11
1.9952e-11
-1.13552e-11
8.24975e-12
-7.85591e-12
5.58935e-12
-9.64422e-13
-9.5662e-13
-5.47998e-12
1.8998e-11
-3.09555e-11
3.21355e-11
-2.05879e-11
2.2261e-12
1.37096e-11
-2.00381e-11
1.37805e-11
2.81009e-12
-2.31397e-11
3.88331e-11
-4.44537e-11
3.98531e-11
-2.93524e-11
1.80314e-11
-9.05493e-12
2.00289e-12
6.04156e-12
-1.75484e-11
3.05247e-11
-3.91128e-11
3.88637e-11
-3.23363e-11
2.69793e-11
-2.77125e-11
3.15849e-11
-3.14106e-11
2.31797e-11
-1.03574e-11
7.52193e-13
-7.84409e-13
1.07509e-11
-2.46212e-11
3.31801e-11
-3.00418e-11
1.54971e-11
3.90846e-12
-2.02995e-11
2.81424e-11
-2.55211e-11
1.35727e-11
3.12114e-12
-1.82026e-11
2.71177e-11
-3.03566e-11
3.10235e-11
-3.0014e-11
2.40846e-11
-1.04774e-11
-8.3113e-12
2.45575e-11
-3.12676e-11
2.74e-11
-1.90602e-11
1.4995e-11
-2.03952e-11
3.22305e-11
-4.14715e-11
4.04937e-11
-3.02183e-11
1.88242e-11
-1.43719e-11
1.82416e-11
-2.60571e-11
3.20225e-11
-3.23395e-11
2.53374e-11
-1.19019e-11
-4.59913e-12
1.93541e-11
-2.91247e-11
3.32305e-11
-3.25359e-11
2.72854e-11
-1.72643e-11
2.74276e-12
1.38649e-11
-2.75695e-11
3.14664e-11
-2.11243e-11
-4.65774e-13
2.20318e-11
-3.16449e-11
2.59197e-11
-1.25603e-11
2.79698e-12
-2.56155e-12
9.40523e-12
-1.70174e-11
2.07988e-11
-2.11074e-11
2.1737e-11
-2.62101e-11
3.3748e-11
-3.97045e-11
3.9577e-11
-3.34298e-11
2.49179e-11
-1.73106e-11
1.05805e-11
-3.07303e-12
-6.53287e-12
1.84648e-11
-3.21152e-11
4.43867e-11
-4.96668e-11
4.30118e-11
-2.55292e-11
5.19191e-12
7.50778e-12
-6.47987e-12
-6.59993e-12
2.32265e-11
-3.37165e-11
3.33016e-11
-2.51462e-11
1.60654e-11
-9.60274e-12
3.01807e-12
7.33757e-12
-1.95764e-11
2.58296e-11
-1.94553e-11
1.16445e-12
2.075e-11
-3.62425e-11
3.92471e-11
-3.0986e-11
1.82904e-11
-8.81915e-12
5.38647e-12
-5.21168e-12
3.48396e-12
2.03125e-12
-1.05961e-11
1.9897e-11
-2.73653e-11
3.03001e-11
-2.79439e-11
2.30275e-11
-2.06172e-11
2.33175e-11
-2.90261e-11
3.31695e-11
-3.37116e-11
3.24995e-11
-3.29147e-11
3.55288e-11
-3.64269e-11
2.87664e-11
-8.60224e-12
-1.98478e-11
4.41896e-11
-5.23762e-11
4.19689e-11
-2.19782e-11
4.64755e-12
3.28742e-12
-3.10511e-12
-5.40761e-13
4.36287e-12
-8.50742e-12
1.45653e-11
-2.26289e-11
2.89348e-11
-2.79742e-11
1.717e-11
-5.46866e-13
-1.38292e-11
1.92989e-11
-1.45191e-11
2.38029e-12
1.20615e-11
-2.35564e-11
2.82142e-11
-2.63033e-11
2.2251e-11
-2.11948e-11
2.39743e-11
-2.66852e-11
2.40501e-11
-1.40623e-11
-6.00402e-13
1.3815e-11
-2.04261e-11
2.02348e-11
-1.86683e-11
2.11304e-11
-2.71637e-11
3.04888e-11
-2.65785e-11
1.84832e-11
-1.51347e-11
2.29432e-11
-3.98963e-11
5.60262e-11
-6.02533e-11
4.75424e-11
-2.26424e-11
-3.54937e-12
2.15817e-11
-2.9511e-11
3.10762e-11
-2.98841e-11
2.57721e-11
-1.75669e-11
6.60416e-12
2.63178e-12
-5.53803e-12
-3.12501e-13
1.35022e-11
-2.88275e-11
3.87828e-11
-3.79344e-11
2.60927e-11
-8.45465e-12
-7.89589e-12
1.70001e-11
-1.65859e-11
8.9514e-12
-9.45676e-14
-5.03265e-12
6.56364e-12
-9.19783e-12
1.60524e-11
-2.46151e-11
2.85748e-11
-2.42854e-11
1.41192e-11
-4.82027e-12
1.76949e-12
-4.69463e-12
7.1617e-12
-2.18534e-12
-1.08984e-11
2.41556e-11
-2.8007e-11
2.02692e-11
-8.83065e-12
4.40431e-12
-1.20014e-11
2.78242e-11
-4.35425e-11
5.20913e-11
-5.18691e-11
4.59965e-11
-3.83837e-11
2.91844e-11
-1.55944e-11
-3.40833e-12
2.31089e-11
-3.57924e-11
3.63671e-11
-2.60993e-11
1.11171e-11
5.91172e-13
-2.74156e-12
-6.70816e-12
2.38729e-11
-4.11943e-11
5.16155e-11
-5.22868e-11
4.43181e-11
-3.11674e-11
1.64234e-11
-2.62187e-12
-9.69907e-12
2.02032e-11
-2.65011e-11
2.4185e-11
-1.18379e-11
-5.18198e-12
1.67636e-11
-1.58679e-11
3.72167e-12
1.11245e-11
-1.94106e-11
1.72945e-11
-8.99773e-12
2.73408e-12
-3.43437e-12
7.81512e-12
-8.34582e-12
1.52176e-12
7.68813e-12
-1.09361e-11
4.36058e-12
7.89772e-12
-1.79575e-11
2.05877e-11
-1.74962e-11
1.54253e-11
-2.02197e-11
3.05059e-11
-3.8183e-11
3.51999e-11
-2.1149e-11
3.16821e-12
1.01128e-11
-1.49067e-11
1.28492e-11
-8.42638e-12
5.46282e-12
-5.57339e-12
7.87052e-12
-1.13302e-11
1.67067e-11
-2.62304e-11
3.99845e-11
-5.42099e-11
6.28024e-11
-6.10682e-11
4.74931e-11
-2.48091e-11
-2.39893e-13
1.87145e-11
-2.47155e-11
1.908e-11
-8.59176e-12
5.33681e-13
1.23448e-12
2.83169e-12
-1.03018e-11
1.91305e-11
-2.95765e-11
4.259e-11
-5.6258e-11
6.35482e-11
-5.67961e-11
3.49493e-11
-6.83745e-12
-1.4651e-11
2.13491e-11
-1.49354e-11
4.07271e-12
2.31193e-12
-1.5334e-12
-2.35227e-12
3.6665e-12
-2.19845e-12
3.67099e-12
-1.32617e-11
2.82284e-11
-3.90645e-11
3.73119e-11
-2.30565e-11
4.55866e-12
7.78403e-12
-9.0738e-12
2.73432e-12
2.71511e-12
-1.77684e-12
-3.31652e-12
5.34402e-12
-3.156e-13
-8.74562e-12
1.50087e-11
-1.45084e-11
8.66668e-12
-2.62779e-12
7.71696e-13
-3.54321e-12
6.7769e-12
-5.77273e-12
-7.51043e-14
6.12488e-12
-7.27097e-12
2.48899e-12
4.40227e-12
-8.21171e-12
5.18824e-12
5.03937e-12
-1.93888e-11
3.24295e-11
-3.99203e-11
4.09364e-11
-3.73965e-11
3.1114e-11
-2.28744e-11
1.29407e-11
-2.41745e-12
-6.67472e-12
1.11416e-11
-8.20704e-12
-1.75418e-12
1.27635e-11
-1.60775e-11
6.1904e-12
1.4511e-11
-3.7702e-11
5.44495e-11
-6.04226e-11
5.69093e-11
-4.86738e-11
3.91338e-11
-2.79351e-11
1.30121e-11
3.68943e-12
-1.4929e-11
1.34249e-11
3.66569e-13
-1.71087e-11
2.43878e-11
-1.53575e-11
-7.14302e-12
3.24898e-11
-5.00964e-11
5.64465e-11
-5.60137e-11
5.41086e-11
-5.05043e-11
4.02786e-11
-2.14803e-11
-3.03878e-13
1.44895e-11
-1.35819e-11
-8.98962e-13
1.81361e-11
-2.53179e-11
1.67193e-11
2.1484e-12
-2.05535e-11
3.18579e-11
-3.76332e-11
4.25592e-11
-4.78578e-11
4.92448e-11
-4.14655e-11
2.38561e-11
-3.23011e-12
-9.92953e-12
9.03449e-12
2.60167e-12
-1.45504e-11
1.77395e-11
-1.12986e-11
8.56308e-13
7.54847e-12
-1.24708e-11
1.64806e-11
-2.26883e-11
3.0491e-11
-3.51743e-11
3.1514e-11
-1.95486e-11
5.48078e-12
2.94765e-12
-2.92719e-12
-2.35148e-12
7.08546e-12
-7.64754e-12
4.22739e-12
-1.80068e-13
-1.2898e-12
-7.18273e-14
9.84489e-13
1.64486e-12
-7.4789e-12
1.27834e-11
-1.42567e-11
1.12891e-11
-6.0227e-12
1.38089e-12
3.85833e-13
4.39348e-13
-1.31833e-12
-3.0139e-13
3.73033e-12
-5.61978e-12
2.99586e-12
3.80708e-12
-1.17563e-11
1.67679e-11
-1.61757e-11
1.03286e-11
-3.14002e-12
-1.09209e-12
1.16897e-12
3.15495e-13
-7.78432e-13
3.24124e-13
-1.37534e-12
5.50375e-12
-1.15936e-11
1.53292e-11
-1.17457e-11
-8.39019e-13
1.76536e-11
-3.03159e-11
3.30793e-11
-2.72113e-11
1.84351e-11
-1.18657e-11
8.50541e-12
-6.29537e-12
2.9973e-12
3.3286e-13
4.39959e-13
-8.47113e-12
2.04934e-11
-2.76e-11
2.1941e-11
-3.82963e-12
-1.85941e-11
3.52049e-11
-4.07876e-11
3.71535e-11
-3.0604e-11
2.56953e-11
-2.16798e-11
1.46513e-11
-4.35725e-12
-3.31514e-12
9.50546e-13
1.24066e-11
-2.90848e-11
3.74245e-11
-3.01607e-11
9.31076e-12
1.49885e-11
-3.23217e-11
3.92784e-11
-4.03263e-11
4.06901e-11
-4.02805e-11
3.44383e-11
-2.09493e-11
4.45861e-12
5.25328e-12
-7.57319e-13
-1.65975e-11
3.57697e-11
-4.36204e-11
3.45001e-11
-1.41252e-11
-6.86052e-12
2.18419e-11
-3.18398e-11
4.06979e-11
-4.901e-11
5.19571e-11
-4.39032e-11
2.49263e-11
-4.15845e-12
-5.64254e-12
-2.06415e-12
2.14322e-11
-3.90335e-11
4.41019e-11
-3.56482e-11
2.02373e-11
-5.06106e-12
-8.08949e-12
2.21483e-11
-3.92571e-11
5.49744e-11
-6.00709e-11
4.86678e-11
-2.572e-11
4.63001e-12
2.32498e-12
6.99504e-12
-2.4374e-11
3.79589e-11
-4.11068e-11
3.55052e-11
-2.72456e-11
1.88887e-11
-6.973e-12
-1.28661e-11
3.79721e-11
-5.80847e-11
6.24151e-11
-4.87503e-11
2.56982e-11
-7.335e-12
3.20404e-12
-1.2307e-11
2.5202e-11
-3.33174e-11
3.53659e-11
-3.56339e-11
3.61822e-11
-3.3077e-11
1.96794e-11
5.64425e-12
-3.56629e-11
5.71481e-11
-6.0173e-11
4.57249e-11
-2.54952e-11
1.22966e-11
-1.08736e-11
1.65264e-11
-2.23584e-11
2.59e-11
-3.00171e-11
3.74115e-11
-4.53862e-11
4.53726e-11
-3.20019e-11
1.37467e-11
-2.96296e-12
3.29627e-13
7.44036e-14
2.42731e-14
4.11895e-15
0
