0
2.52298e-16
3.61194e-15
2.34783e-14
3.49266e-14
5.04629e-13
-2.58651e-12
7.94866e-12
-1.34974e-11
1.52755e-11
-1.36546e-11
1.10596e-11
-8.23481e-12
4.16871e-12
1.02703e-12
-5.26734e-12
5.31648e-12
6.70439e-13
-1.13965e-11
2.17526e-11
-2.58954e-11
2.13404e-11
-1.10453e-11
2.67565e-13
7.33439e-12
-1.14326e-11
1.31383e-11
-1.33066e-11
1.13957e-11
-6.39762e-12
-1.53377e-12
9.04109e-12
-1.10587e-11
4.6791e-12
7.46065e-12
-1.90714e-11
2.44961e-11
-2.2233e-11
1.45286e-11
-5.47219e-12
-1.99491e-12
7.36757e-12
-1.19018e-11
1.53846e-11
-1.51933e-11
8.66088e-12
2.79888e-12
-1.36627e-11
1.76612e-11
-1.22421e-11
-1.51271e-13
1.32482e-11
-2.0979e-11
2.1048e-11
-1.60847e-11
9.98016e-12
-4.20099e-12
-2.62579e-12
1.09295e-11
-1.80466e-11
1.92677e-11
-1.17767e-11
-2.78757e-12
1.78489e-11
-2.54981e-11
2.15569e-11
-9.08387e-12
-4.46071e-12
1.30172e-11
-1.58481e-11
1.54376e-11
-1.3744e-11
9.98106e-12
-2.32328e-12
-9.34063e-12
2.08119e-11
-2.49906e-11
1.66902e-11
1.77002e-12
-2.11912e-11
3.1751e-11
-3.00725e-11
1.99242e-11
-8.15508e-12
-7.0987e-13
6.26575e-12
-1.08003e-11
1.49461e-11
-1.55001e-11
7.73027e-12
8.19594e-12
-2.46726e-11
3.09868e-11
-2.18234e-11
1.04866e-12
2.09863e-11
-3.4652e-11
3.64365e-11
-3.02135e-11
2.24346e-11
-1.61438e-11
8.879e-12
2.05792e-12
-1.39547e-11
1.88586e-11
-1.08316e-11
-8.05949e-12
2.75918e-11
-3.59361e-11
2.71506e-11
-5.61273e-12
-1.74004e-11
3.20818e-11
-3.71149e-11
3.75984e-11
-3.76518e-11
3.5415e-11
-2.6392e-11
9.72421e-12
8.29095e-12
-1.75193e-11
1.08641e-11
9.00376e-12
-3.00096e-11
3.8569e-11
-2.99805e-11
1.06146e-11
8.89226e-12
-2.28116e-11
3.22576e-11
-4.08797e-11
4.88752e-11
-5.16717e-11
4.33889e-11
-2.37746e-11
1.40148e-12
1.06571e-11
-5.33317e-12
-1.25653e-11
3.01261e-11
-3.67015e-11
3.02164e-11
-1.62857e-11
1.81174e-12
1.02534e-11
-2.22155e-11
3.69343e-11
-5.23076e-11
6.03553e-11
-5.42377e-11
3.55106e-11
-1.46208e-11
2.98745e-12
-5.2399e-12
1.68113e-11
-2.84421e-11
3.25155e-11
-2.79472e-11
1.91106e-11
-1.0623e-11
2.19317e-12
9.84767e-12
-2.69795e-11
4.46101e-11
-5.51977e-11
5.39453e-11
-4.26361e-11
2.81531e-11
-1.84181e-11
1.72064e-11
-2.21825e-11
2.7053e-11
-2.73319e-11
2.32222e-11
-1.79097e-11
1.306e-11
-7.64366e-12
-4.75377e-13
1.1884e-11
-2.50404e-11
3.63335e-11
-4.20133e-11
4.0588e-11
-3.4724e-11
2.90562e-11
-2.66168e-11
2.6686e-11
-2.66391e-11
2.40467e-11
-1.82635e-11
1.06074e-11
-4.34433e-12
2.1251e-12
-3.31217e-12
3.62033e-12
7.51912e-13
-9.80517e-12
1.97958e-11
-2.68018e-11
2.9088e-11
-2.80833e-11
2.68704e-11
-2.75759e-11
2.82082e-11
-2.39154e-11
1.20384e-11
3.22499e-12
-1.33553e-11
1.22514e-11
-1.43268e-12
-1.15486e-11
1.82562e-11
-1.51285e-11
5.26177e-12
4.28311e-12
-9.17087e-12
1.13046e-11
-1.57868e-11
2.33514e-11
-2.79736e-11
2.19229e-11
-3.96953e-12
-1.82638e-11
3.2636e-11
-3.08683e-11
1.40519e-11
7.69426e-12
-2.28774e-11
2.67996e-11
-2.3777e-11
2.04392e-11
-1.85035e-11
1.3901e-11
-3.34633e-12
-1.0325e-11
1.85831e-11
-1.36958e-11
-5.06281e-12
2.90749e-11
-4.52942e-11
4.47281e-11
-2.88928e-11
7.28729e-12
1.06954e-11
-2.22365e-11
2.95293e-11
-3.47987e-11
3.70596e-11
-3.38505e-11
2.4201e-11
-1.12978e-11
1.86199e-12
-2.63898e-12
1.47269e-11
-3.19722e-11
4.4852e-11
-4.72612e-11
3.89336e-11
-2.37711e-11
6.51362e-12
8.71472e-12
-1.98974e-11
2.73594e-11
-3.26992e-11
3.61065e-11
-3.63649e-11
3.27883e-11
-2.72396e-11
2.29092e-11
-2.2561e-11
2.68245e-11
-3.37059e-11
3.83454e-11
-3.58692e-11
2.53972e-11
-1.19962e-11
2.3887e-12
8.51766e-13
-1.56457e-12
5.78752e-12
-1.64728e-11
3.06021e-11
-4.13883e-11
4.29267e-11
-3.5343e-11
2.49858e-11
-1.9266e-11
1.94466e-11
-2.00495e-11
1.51388e-11
-5.60248e-12
-1.4254e-12
-8.13534e-13
1.18612e-11
-2.3773e-11
2.61863e-11
-1.41857e-11
-7.54747e-12
2.72375e-11
-3.51854e-11
3.06267e-11
-2.0564e-11
1.1512e-11
-4.36351e-12
-3.92922e-12
1.44262e-11
-2.36611e-11
2.5285e-11
-1.50694e-11
-5.13245e-12
2.64681e-11
-3.82477e-11
3.50556e-11
-2.05595e-11
3.59698e-12
8.08507e-12
-1.15061e-11
7.19965e-12
2.42676e-12
-1.44216e-11
2.58361e-11
-3.48991e-11
4.03394e-11
-4.0464e-11
3.30624e-11
-1.7952e-11
-1.68124e-12
2.00076e-11
-3.15199e-11
3.3053e-11
-2.57748e-11
1.5436e-11
-1.01355e-11
1.43365e-11
-2.51892e-11
3.47911e-11
-3.76299e-11
3.46577e-11
-3.132e-11
3.15441e-11
-3.4407e-11
3.45771e-11
-2.69207e-11
1.12491e-11
5.86971e-12
-1.62963e-11
1.77198e-11
-1.63749e-11
2.04084e-11
-3.15456e-11
4.28726e-11
-4.54281e-11
3.57356e-11
-1.88819e-11
4.65574e-12
-1.05553e-12
8.50581e-12
-2.01218e-11
2.72829e-11
-2.67172e-11
2.13162e-11
-1.53626e-11
9.2788e-12
-5.923e-13
-1.19372e-11
2.5394e-11
-3.43834e-11
3.3825e-11
-2.19517e-11
1.71929e-12
1.91861e-11
-3.21627e-11
3.22641e-11
-2.07692e-11
3.17328e-12
1.35987e-11
-2.38867e-11
2.50668e-11
-1.93521e-11
1.19972e-11
-7.08589e-12
4.24594e-12
-1.28379e-12
-1.38545e-12
-5.87501e-13
1.09836e-11
-2.8538e-11
4.59786e-11
-5.43201e-11
4.84286e-11
-3.13828e-11
1.29115e-11
-2.63547e-12
2.00109e-12
-3.72617e-12
-9.26202e-13
1.33247e-11
-2.69665e-11
3.40291e-11
-3.25085e-11
2.66589e-11
-2.29124e-11
2.4548e-11
-2.97749e-11
3.32846e-11
-3.15013e-11
2.61443e-11
-2.29375e-11
2.5205e-11
-3.01516e-11
3.09704e-11
-2.29205e-11
6.16985e-12
1.47618e-11
-3.34791e-11
4.34372e-11
-4.09591e-11
2.74976e-11
-9.58996e-12
-5.30171e-12
1.25727e-11
-1.20316e-11
6.22834e-12
1.3606e-12
-8.60767e-12
1.53861e-11
-2.24089e-11
2.76828e-11
-2.60732e-11
1.3642e-11
5.96923e-12
-2.19186e-11
2.3616e-11
-9.32854e-12
-1.30225e-11
3.17887e-11
-3.96304e-11
3.70416e-11
-3.08001e-11
2.75283e-11
-2.81111e-11
2.71441e-11
-1.9413e-11
5.79505e-12
7.08877e-12
-1.3763e-11
1.44845e-11
-1.40429e-11
1.64688e-11
-2.2349e-11
2.90164e-11
-3.29609e-11
3.17952e-11
-2.64975e-11
2.12487e-11
-2.09885e-11
2.73099e-11
-3.73907e-11
4.54759e-11
-4.59135e-11
3.51068e-11
-1.41112e-11
-1.04416e-11
2.88325e-11
-3.50497e-11
3.07216e-11
-2.25843e-11
1.53005e-11
-8.47633e-12
-5.26981e-13
1.11907e-11
-1.86628e-11
1.66866e-11
-3.14342e-12
-1.68509e-11
3.22596e-11
-3.34849e-11
1.97559e-11
-5.51433e-13
-1.2173e-11
1.28857e-11
-5.09909e-12
-4.38466e-12
1.14186e-11
-1.62336e-11
2.07342e-11
-2.6449e-11
3.3182e-11
-3.90814e-11
4.1232e-11
-3.81437e-11
3.08624e-11
-2.21177e-11
1.36969e-11
-6.00432e-12
-1.47549e-12
9.44704e-12
-1.88924e-11
2.90881e-11
-3.60693e-11
3.41789e-11
-2.22021e-11
6.85548e-12
6.35375e-13
6.38377e-12
-2.47871e-11
4.38892e-11
-5.33229e-11
4.89973e-11
-3.46698e-11
1.79616e-11
-4.76248e-12
-4.74107e-12
1.36503e-11
-2.27489e-11
2.73393e-11
-2.1755e-11
5.77256e-12
1.35833e-11
-2.74942e-11
3.0972e-11
-2.48372e-11
1.35095e-11
-2.8547e-12
-2.41576e-12
8.57565e-13
4.31826e-12
-7.64129e-12
5.08744e-12
3.05193e-12
-1.29902e-11
1.95538e-11
-1.94815e-11
1.38468e-11
-8.78598e-12
1.11176e-11
-2.23616e-11
3.64505e-11
-4.55193e-11
4.69784e-11
-4.48991e-11
4.37047e-11
-4.27262e-11
3.65195e-11
-2.08146e-11
-2.87629e-12
2.6548e-11
-4.01631e-11
3.76097e-11
-2.14586e-11
1.48651e-12
1.1648e-11
-1.34039e-11
6.13538e-12
4.66423e-12
-1.45399e-11
2.04369e-11
-2.07691e-11
1.61938e-11
-1.0311e-11
6.58027e-12
-5.13551e-12
2.90392e-12
1.78815e-12
-6.57591e-12
6.64451e-12
4.61951e-13
-1.26123e-11
2.41015e-11
-2.9916e-11
2.94453e-11
-2.78514e-11
3.1761e-11
-4.26464e-11
5.32361e-11
-5.2882e-11
3.67589e-11
-1.07386e-11
-1.36572e-11
2.74872e-11
-2.89818e-11
2.16028e-11
-1.09546e-11
2.26074e-12
8.48345e-13
2.10291e-12
-9.05276e-12
1.71447e-11
-2.47379e-11
3.09333e-11
-3.49542e-11
3.56121e-11
-3.18286e-11
2.24735e-11
-7.7748e-12
-8.74874e-12
1.96611e-11
-1.85019e-11
5.94695e-12
8.96276e-12
-1.64273e-11
1.42612e-11
-9.41029e-12
1.06788e-11
-2.13287e-11
3.67918e-11
-4.87012e-11
5.00744e-11
-3.95492e-11
2.16174e-11
-3.75038e-12
-8.67062e-12
1.44608e-11
-1.53862e-11
1.30939e-11
-8.93402e-12
4.8235e-12
-3.26224e-12
5.09115e-12
-9.53803e-12
1.62435e-11
-2.66216e-11
4.0443e-11
-5.25664e-11
5.45333e-11
-4.19244e-11
1.90775e-11
3.01251e-12
-1.46051e-11
1.31065e-11
-4.01004e-12
-3.91867e-12
4.73684e-12
1.88339e-13
-3.8431e-12
-4.47297e-13
1.29016e-11
-2.77892e-11
3.85191e-11
-4.23225e-11
3.94816e-11
-3.1202e-11
1.90718e-11
-6.50347e-12
-2.7243e-12
7.25257e-12
-9.15791e-12
1.04174e-11
-1.02692e-11
6.42086e-12
3.5757e-13
-4.90324e-12
6.59467e-13
1.47041e-11
-3.6706e-11
5.53468e-11
-6.09155e-11
5.01979e-11
-2.96342e-11
1.07559e-11
-1.74428e-12
1.70481e-12
-3.88494e-12
2.73139e-12
1.87952e-12
-6.94918e-12
9.43511e-12
-7.3608e-12
-8.30744e-13
1.46028e-11
-2.99422e-11
4.05986e-11
-4.28627e-11
3.79232e-11
-3.01185e-11
2.24281e-11
-1.49123e-11
5.99614e-12
4.3717e-12
-1.33847e-11
1.6004e-11
-9.06745e-12
-4.58777e-12
1.54398e-11
-1.37523e-11
-2.5213e-12
2.5261e-11
-4.29255e-11
4.88021e-11
-4.40581e-11
3.37929e-11
-2.30705e-11
1.52971e-11
-1.23152e-11
1.28378e-11
-1.247e-11
6.62817e-12
4.53839e-12
-1.54779e-11
1.89859e-11
-1.17724e-11
-3.78837e-12
2.13106e-11
-3.47145e-11
4.1426e-11
-4.34358e-11
4.3961e-11
-4.33063e-11
3.76116e-11
-2.38212e-11
4.91734e-12
1.02766e-11
-1.43918e-11
7.35723e-12
4.1283e-12
-1.26193e-11
1.37101e-11
-6.58245e-12
-6.94963e-12
2.18435e-11
-3.12753e-11
3.06004e-11
-2.18221e-11
1.2436e-11
-9.84064e-12
1.53039e-11
-2.34755e-11
2.61975e-11
-1.85232e-11
2.15619e-12
1.48445e-11
-2.35799e-11
2.02968e-11
-8.53965e-12
-5.57733e-12
1.87824e-11
-3.17113e-11
4.45208e-11
-5.43945e-11
5.73804e-11
-5.2475e-11
4.16892e-11
-2.78024e-11
1.29853e-11
-6.08172e-13
-4.96946e-12
1.69823e-12
6.37974e-12
-1.13398e-11
7.54584e-12
3.22234e-12
-1.34195e-11
1.53441e-11
-7.05675e-12
-6.31569e-12
1.54653e-11
-1.34634e-11
6.9771e-13
1.48832e-11
-2.39011e-11
2.17766e-11
-1.0661e-11
-4.17883e-12
1.74066e-11
-2.45904e-11
2.22228e-11
-1.03231e-11
-6.30069e-12
2.07504e-11
-3.00722e-11
3.67849e-11
-4.45463e-11
5.22419e-11
-5.46668e-11
4.80626e-11
-3.47622e-11
2.10593e-11
-1.21599e-11
8.47708e-12
-6.7107e-12
2.76044e-12
4.69666e-12
-1.29374e-11
1.6226e-11
-1.01097e-11
-5.15508e-12
2.40344e-11
-3.92137e-11
4.48042e-11
-3.84788e-11
2.2148e-11
-2.9252e-12
-9.22101e-12
7.35844e-12
5.98267e-12
-2.00809e-11
2.44359e-11
-1.73862e-11
5.52596e-12
3.4808e-12
-7.35101e-12
8.3939e-12
-9.74728e-12
1.28662e-11
-1.83325e-11
2.58178e-11
-3.34961e-11
3.78621e-11
-3.63073e-11
2.89452e-11
-1.8505e-11
7.75281e-12
1.82303e-12
-1.01908e-11
1.72025e-11
-2.14492e-11
1.93791e-11
-7.41267e-12
-1.42818e-11
3.87173e-11
-5.53237e-11
5.73223e-11
-4.74069e-11
3.47266e-11
-2.71883e-11
2.60378e-11
-2.77967e-11
2.82294e-11
-2.44729e-11
1.46352e-11
4.66897e-13
-1.53936e-11
2.14011e-11
-1.33475e-11
-5.00937e-12
2.2551e-11
-2.92885e-11
2.29104e-11
-9.12786e-12
-3.83118e-12
1.01356e-11
-8.81252e-12
2.59582e-12
4.31265e-12
-9.27316e-12
1.19741e-11
-1.34719e-11
1.39268e-11
-1.26322e-11
8.98626e-12
-3.34812e-12
-4.2312e-12
1.39814e-11
-2.50083e-11
3.38634e-11
-3.73775e-11
3.63675e-11
-3.57197e-11
3.83325e-11
-4.05997e-11
3.47972e-11
-1.75172e-11
-5.97757e-12
2.51663e-11
-3.21913e-11
2.54764e-11
-8.63324e-12
-1.25311e-11
3.10439e-11
-4.08103e-11
3.97562e-11
-3.24266e-11
2.70647e-11
-2.95262e-11
3.83175e-11
-4.60452e-11
4.47242e-11
-3.16805e-11
1.12546e-11
7.33632e-12
-1.58201e-11
1.17683e-11
3.24287e-14
-1.19346e-11
1.8535e-11
-1.89822e-11
1.47375e-11
-7.80686e-12
5.81677e-13
3.5646e-12
-2.72465e-12
-1.32928e-12
4.22252e-12
-4.20367e-12
4.22742e-12
-8.33732e-12
1.55483e-11
-2.00405e-11
1.70486e-11
-8.25625e-12
-5.49914e-13
5.46551e-12
-7.89441e-12
1.15798e-11
-1.88177e-11
2.90275e-11
-4.01955e-11
4.89772e-11
-5.08276e-11
4.14741e-11
-2.10372e-11
-4.16803e-12
2.39374e-11
-3.03692e-11
2.22605e-11
-5.80417e-12
-9.62203e-12
1.69662e-11
-1.61697e-11
1.36176e-11
-1.71887e-11
2.95293e-11
-4.62536e-11
5.92927e-11
-6.25623e-11
5.40968e-11
-3.58809e-11
1.29749e-11
6.55107e-12
-1.48535e-11
9.53895e-12
3.16532e-12
-1.32089e-11
1.49736e-11
-1.14653e-11
9.3182e-12
-1.17617e-11
1.64812e-11
-2.01515e-11
2.18557e-11
-2.24234e-11
2.1455e-11
-1.79877e-11
1.2827e-11
-9.16186e-12
8.99636e-12
-1.09172e-11
1.16003e-11
-1.00895e-11
8.51436e-12
-9.2721e-12
1.1324e-11
-1.07385e-11
3.82559e-12
9.25478e-12
-2.41592e-11
3.41842e-11
-3.42258e-11
2.37041e-11
-7.50831e-12
-7.19184e-12
1.50383e-11
-1.52819e-11
1.06966e-11
-5.64352e-12
3.91486e-12
-7.2774e-12
1.30098e-11
-1.39465e-11
2.57634e-12
2.15446e-11
-4.92432e-11
6.7104e-11
-6.74922e-11
5.28334e-11
-3.19708e-11
1.29257e-11
-1.61145e-13
-4.79693e-12
2.62682e-12
2.32023e-12
-3.57179e-12
-2.2945e-12
1.07315e-11
-1.22171e-11
5.52661e-13
2.09699e-11
-4.26638e-11
5.59266e-11
-5.82951e-11
5.18639e-11
-4.02506e-11
2.69955e-11
-1.59766e-11
9.90549e-12
-8.58037e-12
8.69181e-12
-7.23034e-12
4.11483e-12
-2.15388e-12
3.75184e-12
-8.87565e-12
1.49986e-11
-1.94446e-11
2.09675e-11
-2.06102e-11
2.03255e-11
-2.12332e-11
2.19668e-11
-2.00678e-11
1.459e-11
-8.07694e-12
4.48101e-12
-6.02235e-12
1.14605e-11
-1.79818e-11
2.27153e-11
-2.30649e-11
1.63679e-11
-2.5511e-12
-1.34015e-11
2.27938e-11
-2.02632e-11
8.87425e-12
1.94681e-12
-5.01302e-12
7.0227e-13
4.86193e-12
-6.17474e-12
1.13038e-12
9.64308e-12
-2.3809e-11
3.56529e-11
-3.69432e-11
2.22005e-11
4.67099e-12
-3.13899e-11
4.5763e-11
-4.47552e-11
3.46805e-11
-2.45913e-11
1.94206e-11
-1.92085e-11
2.10599e-11
-2.10237e-11
1.46445e-11
1.39808e-13
-1.98309e-11
3.50881e-11
-3.66042e-11
2.17251e-11
3.2425e-12
-2.78625e-11
4.3882e-11
-4.91024e-11
4.63209e-11
-4.06901e-11
3.64182e-11
-3.50356e-11
3.45924e-11
-3.14611e-11
2.27784e-11
-8.93859e-12
-6.49472e-12
1.80639e-11
-2.11484e-11
1.40236e-11
5.43976e-13
-1.6751e-11
2.90445e-11
-3.58497e-11
3.9198e-11
-4.15686e-11
4.26647e-11
-4.06498e-11
3.49868e-11
-2.7747e-11
2.09423e-11
-1.47135e-11
8.25813e-12
-2.73348e-12
5.89895e-13
-2.57209e-12
5.95564e-12
-8.04537e-12
9.78562e-12
-1.4992e-11
2.45745e-11
-3.39515e-11
3.66791e-11
-3.11735e-11
2.17227e-11
-1.40087e-11
1.02266e-11
-9.92024e-12
1.26028e-11
-1.80508e-11
2.33064e-11
-2.31735e-11
1.50182e-11
-3.44445e-12
-2.84083e-12
-1.17521e-12
1.17952e-11
-2.05845e-11
2.15395e-11
-1.4861e-11
4.35636e-12
5.47208e-12
-1.03945e-11
6.3767e-12
7.2953e-12
-2.51796e-11
3.71301e-11
-3.57955e-11
2.24801e-11
-6.28082e-12
-3.57301e-12
3.80624e-12
2.07605e-12
-7.89178e-12
8.19805e-12
-5.77614e-13
-1.34412e-11
2.75962e-11
-3.33951e-11
2.50105e-11
-4.3173e-12
-1.96043e-11
3.5705e-11
-3.79256e-11
2.78093e-11
-1.27376e-11
7.97355e-13
3.37359e-12
-9.66737e-13
-2.40041e-12
8.39294e-14
1.09264e-11
-2.79797e-11
4.36026e-11
-4.96889e-11
4.15594e-11
-2.0994e-11
-4.35894e-12
2.42589e-11
-3.1678e-11
2.65303e-11
-1.53648e-11
5.95755e-12
-2.16366e-12
2.07656e-12
-1.06164e-12
-4.90906e-12
1.70888e-11
-3.38441e-11
5.01496e-11
-5.88368e-11
5.39405e-11
-3.57972e-11
1.19262e-11
7.47721e-12
-1.68431e-11
1.75231e-11
-1.45181e-11
1.11509e-11
-8.06467e-12
4.77812e-12
-9.10587e-13
-5.30476e-12
1.66009e-11
-3.35291e-11
5.09442e-11
-6.0518e-11
5.71503e-11
-4.35144e-11
2.67965e-11
-1.25268e-11
1.57357e-12
6.69074e-12
-1.15975e-11
1.19575e-11
-9.16376e-12
6.10925e-12
-3.38211e-12
-2.59301e-12
1.50364e-11
-3.19291e-11
4.6349e-11
-5.29389e-11
5.18833e-11
-4.68564e-11
3.95931e-11
-2.92875e-11
1.60714e-11
-3.62882e-12
-4.12076e-12
6.95071e-12
-7.98779e-12
8.52129e-12
-5.99174e-12
-2.63716e-12
1.57511e-11
-2.81041e-11
3.59885e-11
-4.06143e-11
4.46087e-11
-4.75396e-11
4.5833e-11
-3.7865e-11
2.63006e-11
-1.54143e-11
6.50885e-12
1.42436e-12
-7.99015e-12
9.70448e-12
-4.16896e-12
-6.24542e-12
1.57889e-11
-2.14071e-11
2.50754e-11
-3.04615e-11
3.76017e-11
-4.31264e-11
4.41738e-11
-4.11812e-11
3.54636e-11
-2.68289e-11
1.4576e-11
-1.36631e-12
-7.0772e-12
6.60054e-12
7.81456e-13
-9.04406e-12
1.38413e-11
-1.60244e-11
1.87021e-11
-2.33236e-11
2.87876e-11
-3.42329e-11
3.95816e-11
-4.36641e-11
4.26827e-11
-3.36026e-11
1.83168e-11
-3.93794e-12
-3.00623e-12
1.48887e-12
4.19376e-12
-9.56673e-12
1.29646e-11
-1.4921e-11
1.57913e-11
-1.63438e-11
1.8777e-11
-2.57545e-11
3.63815e-11
-4.51163e-11
4.5391e-11
-3.57605e-11
2.10893e-11
-8.55397e-12
2.10854e-12
-1.6547e-12
5.08508e-12
-1.03553e-11
1.48526e-11
-1.5882e-11
1.27897e-11
-9.31364e-12
1.11188e-11
-2.07081e-11
3.40342e-11
-4.36922e-11
4.45524e-11
-3.71347e-11
2.54265e-11
-1.37997e-11
5.39857e-12
-2.65787e-12
6.0805e-12
-1.28376e-11
1.72319e-11
-1.53822e-11
8.96278e-12
-4.48523e-12
7.3657e-12
-1.76518e-11
3.03924e-11
-4.01537e-11
4.3669e-11
-4.01539e-11
3.03927e-11
-1.76523e-11
7.36624e-12
-4.48578e-12
8.96328e-12
-1.53826e-11
1.72324e-11
-1.28381e-11
6.08102e-12
-2.65839e-12
5.39907e-12
-1.38002e-11
2.54269e-11
-3.71349e-11
4.45523e-11
-4.36919e-11
3.40338e-11
-2.07077e-11
1.11184e-11
-9.31333e-12
1.27894e-11
-1.58817e-11
1.48523e-11
-1.03549e-11
5.08462e-12
-1.65414e-12
2.10798e-12
-8.55351e-12
2.1089e-11
-3.57604e-11
4.5391e-11
-4.51164e-11
3.63816e-11
-2.57545e-11
1.8777e-11
-1.63438e-11
1.57914e-11
-1.49211e-11
1.29649e-11
-9.56716e-12
4.19426e-12
1.48839e-12
-3.00583e-12
-3.93825e-12
1.8317e-11
-3.36028e-11
4.26829e-11
-4.36643e-11
3.95819e-11
-3.42332e-11
2.87878e-11
-2.33236e-11
1.8702e-11
-1.60242e-11
1.3841e-11
-9.04376e-12
7.81144e-13
6.60087e-12
-7.07755e-12
-1.3659e-12
1.45755e-11
-2.68283e-11
3.5463e-11
-4.11806e-11
4.41734e-11
-4.31261e-11
3.76015e-11
-3.04615e-11
2.50754e-11
-2.14071e-11
1.57889e-11
-6.24555e-12
-4.16871e-12
9.70404e-12
-7.9895e-12
1.42356e-12
6.50964e-12
-1.54149e-11
2.63011e-11
-3.78654e-11
4.58334e-11
-4.75398e-11
4.46089e-11
-4.06145e-11
3.59887e-11
-2.81043e-11
1.57511e-11
-2.63685e-12
-5.99232e-12
8.522e-12
-7.98845e-12
6.95127e-12
-4.12122e-12
-3.62844e-12
1.60711e-11
-2.92872e-11
3.95929e-11
-4.68561e-11
5.1883e-11
-5.29385e-11
4.63488e-11
-3.19292e-11
1.50366e-11
-2.59333e-12
-3.38184e-12
6.10905e-12
-9.1636e-12
1.19574e-11
-1.15974e-11
6.69064e-12
1.57376e-12
-1.25271e-11
2.67969e-11
-4.35147e-11
5.71505e-11
-6.05181e-11
5.09442e-11
-3.35292e-11
1.66011e-11
-5.30497e-12
-9.10343e-13
4.7779e-12
-8.06452e-12
1.11508e-11
-1.45181e-11
1.75232e-11
-1.68433e-11
7.47739e-12
1.19261e-11
-3.57971e-11
5.39405e-11
-5.88367e-11
5.01494e-11
-3.38438e-11
1.70884e-11
-4.90872e-12
-1.06193e-12
2.07678e-12
-2.16381e-12
5.95761e-12
-1.53647e-11
2.65302e-11
-3.1678e-11
2.4259e-11
-4.35916e-12
-2.09938e-11
4.15593e-11
-4.96889e-11
4.36028e-11
-2.79799e-11
1.09267e-11
8.36381e-14
-2.40015e-12
-9.66851e-13
3.37354e-12
7.97476e-13
-1.27376e-11
2.78091e-11
-3.79252e-11
3.57046e-11
-1.96039e-11
-4.31759e-12
2.50107e-11
-3.33951e-11
2.75961e-11
-1.3441e-11
-5.77797e-13
8.19805e-12
-7.89163e-12
2.07588e-12
3.80628e-12
-3.57287e-12
-6.2811e-12
2.24805e-11
-3.57959e-11
3.71304e-11
-2.51798e-11
7.29529e-12
6.37685e-12
-1.03946e-11
5.47213e-12
4.35645e-12
-1.48612e-11
2.15397e-11
-2.05847e-11
1.17953e-11
-1.17513e-12
-2.84103e-12
-3.44421e-12
1.50181e-11
-2.31735e-11
2.33065e-11
-1.80509e-11
1.2603e-11
-9.92026e-12
1.02266e-11
-1.40085e-11
2.17225e-11
-3.11733e-11
3.6679e-11
-3.39516e-11
2.45747e-11
-1.49922e-11
9.78567e-12
-8.04533e-12
5.95554e-12
-2.57197e-12
5.89785e-13
-2.73342e-12
8.25815e-12
-1.47136e-11
2.09423e-11
-2.7747e-11
3.49867e-11
-4.06497e-11
4.26645e-11
-4.15685e-11
3.91979e-11
-3.58496e-11
2.90445e-11
-1.67511e-11
5.44092e-13
1.40235e-11
-2.11482e-11
1.80636e-11
-6.49443e-12
-8.93884e-12
2.27786e-11
-3.14611e-11
3.45923e-11
-3.50356e-11
3.64181e-11
-4.069e-11
4.63208e-11
-4.91022e-11
4.38817e-11
-2.78622e-11
3.2421e-12
2.17255e-11
-3.66045e-11
3.50883e-11
-1.98308e-11
1.39593e-13
1.46448e-11
-2.1024e-11
2.10603e-11
-1.9209e-11
1.94212e-11
-2.45919e-11
3.4681e-11
-4.47556e-11
4.57633e-11
-3.13901e-11
4.6711e-12
2.22005e-11
-3.69433e-11
3.56531e-11
-2.38092e-11
9.64353e-12
1.12975e-12
-6.17399e-12
4.86121e-12
7.02833e-13
-5.01336e-12
1.94694e-12
8.87426e-12
-2.02633e-11
2.27939e-11
-1.34015e-11
-2.55108e-12
1.63679e-11
-2.30648e-11
2.27151e-11
-1.79814e-11
1.14602e-11
-6.02211e-12
4.48097e-12
-8.07708e-12
1.45902e-11
-2.00679e-11
2.19668e-11
-2.12332e-11
2.03255e-11
-2.06102e-11
2.09675e-11
-1.94445e-11
1.49985e-11
-8.87555e-12
3.75166e-12
-2.15359e-12
4.11448e-12
-7.23003e-12
8.69166e-12
-8.58038e-12
9.90557e-12
-1.59766e-11
2.69954e-11
-4.02505e-11
5.18638e-11
-5.82951e-11
5.59267e-11
-4.2664e-11
2.09701e-11
5.52525e-13
-1.2217e-11
1.07315e-11
-2.29458e-12
-3.57171e-12
2.32021e-12
2.62678e-12
-4.79683e-12
-1.61291e-13
1.29259e-11
-3.1971e-11
5.28336e-11
-6.74924e-11
6.71043e-11
-4.92434e-11
2.15447e-11
2.57634e-12
-1.39466e-11
1.30099e-11
-7.27745e-12
3.91489e-12
-5.6436e-12
1.06968e-11
-1.52821e-11
1.50386e-11
-7.19212e-12
-7.50807e-12
2.3704e-11
-3.42259e-11
3.41844e-11
-2.41594e-11
9.255e-12
3.82545e-12
-1.07385e-11
1.1324e-11
-9.27202e-12
8.51432e-12
-1.00895e-11
1.16004e-11
-1.09175e-11
8.99675e-12
-9.1623e-12
1.28274e-11
-1.79879e-11
2.14551e-11
-2.24234e-11
2.18557e-11
-2.01516e-11
1.64812e-11
-1.17616e-11
9.31794e-12
-1.14649e-11
1.4973e-11
-1.32082e-11
3.16475e-12
9.53932e-12
-1.48537e-11
6.55106e-12
1.2975e-11
-3.58811e-11
5.4097e-11
-6.25625e-11
5.92929e-11
-4.6254e-11
2.95297e-11
-1.71891e-11
1.36179e-11
-1.61698e-11
1.69662e-11
-9.62192e-12
-5.80434e-12
2.22607e-11
-3.03694e-11
2.39376e-11
-4.16827e-12
-2.10369e-11
4.14739e-11
-5.08273e-11
4.89769e-11
-4.01953e-11
2.90275e-11
-1.88178e-11
1.158e-11
-7.8947e-12
5.46589e-12
-5.50338e-13
-8.25586e-12
1.70483e-11
-2.00404e-11
1.55482e-11
-8.33725e-12
4.22726e-12
-4.2034e-12
4.22219e-12
-1.32894e-12
-2.72496e-12
3.56479e-12
5.81678e-13
-7.80706e-12
1.47378e-11
-1.89825e-11
1.85353e-11
-1.19348e-11
3.25801e-14
1.17681e-11
-1.58198e-11
7.33598e-12
1.1255e-11
-3.16809e-11
4.47246e-11
-4.60455e-11
3.83178e-11
-2.95265e-11
2.7065e-11
-3.24268e-11
3.97563e-11
-4.08103e-11
3.10439e-11
-1.2531e-11
-8.63339e-12
2.54766e-11
-3.21915e-11
2.51664e-11
-5.97769e-12
-1.75169e-11
3.47968e-11
-4.05992e-11
3.83319e-11
-3.57192e-11
3.63671e-11
-3.73771e-11
3.38632e-11
-2.50081e-11
1.39813e-11
-4.23122e-12
-3.34804e-12
8.98618e-12
-1.26322e-11
1.39267e-11
-1.34717e-11
1.19738e-11
-9.27289e-12
4.31248e-12
2.59585e-12
-8.81248e-12
1.01356e-11
-3.83124e-12
-9.12779e-12
2.29104e-11
-2.92885e-11
2.25509e-11
-5.00918e-12
-1.33478e-11
2.14013e-11
-1.53939e-11
4.67273e-13
1.46348e-11
-2.44726e-11
2.82292e-11
-2.77968e-11
2.60381e-11
-2.71887e-11
3.47268e-11
-4.74071e-11
5.73224e-11
-5.53239e-11
3.87177e-11
-1.42823e-11
-7.41203e-12
1.93786e-11
-2.14489e-11
1.72026e-11
-1.01912e-11
1.82373e-12
7.75205e-12
-1.85044e-11
2.89448e-11
-3.63072e-11
3.7862e-11
-3.34961e-11
2.58177e-11
-1.83323e-11
1.28661e-11
-9.74734e-12
8.3941e-12
-7.35128e-12
3.48107e-12
5.5257e-12
-1.7386e-11
2.44357e-11
-2.00807e-11
5.98248e-12
7.35863e-12
-9.22112e-12
-2.92528e-12
2.21483e-11
-3.84792e-11
4.48045e-11
-3.92137e-11
2.40342e-11
-5.15478e-12
-1.011e-11
1.62263e-11
-1.29376e-11
4.69666e-12
2.76061e-12
-6.71088e-12
8.47711e-12
-1.21597e-11
2.1059e-11
-3.47619e-11
4.80626e-11
-5.4667e-11
5.22423e-11
-4.45467e-11
3.67852e-11
-3.00723e-11
2.07505e-11
-6.30064e-12
-1.03231e-11
2.22228e-11
-2.45903e-11
1.74065e-11
-4.17862e-12
-1.06612e-11
2.17767e-11
-2.3901e-11
1.48829e-11
6.98064e-13
-1.34637e-11
1.54655e-11
-6.31583e-12
-7.05664e-12
1.53441e-11
-1.34196e-11
3.22272e-12
7.5454e-12
-1.13395e-11
6.37966e-12
1.69819e-12
-4.96947e-12
-6.08021e-13
1.29851e-11
-2.78021e-11
4.16889e-11
-5.24746e-11
5.73801e-11
-5.43943e-11
4.45208e-11
-3.17115e-11
1.87827e-11
-5.5775e-12
-8.53957e-12
2.02968e-11
-2.358e-11
1.48445e-11
2.15626e-12
-1.85233e-11
2.61976e-11
-2.34754e-11
1.5304e-11
-9.84083e-12
1.24363e-11
-2.18224e-11
3.06006e-11
-3.12754e-11
2.18435e-11
-6.94966e-12
-6.58243e-12
1.37101e-11
-1.26192e-11
4.12804e-12
7.3576e-12
-1.43922e-11
1.0277e-11
4.91708e-12
-2.3821e-11
3.76114e-11
-4.3306e-11
4.39607e-11
-4.34355e-11
4.14258e-11
-3.47145e-11
2.13108e-11
-3.78864e-12
-1.1772e-11
1.89854e-11
-1.54775e-11
4.53805e-12
6.62842e-12
-1.24702e-11
1.28378e-11
-1.2315e-11
1.5297e-11
-2.30704e-11
3.37929e-11
-4.4058e-11
4.88019e-11
-4.29253e-11
2.52608e-11
-2.52122e-12
-1.37523e-11
1.54397e-11
-4.58756e-12
-9.06767e-12
1.60042e-11
-1.33848e-11
4.37179e-12
5.99604e-12
-1.49122e-11
2.2428e-11
-3.01185e-11
3.79233e-11
-4.28631e-11
4.0599e-11
-2.99427e-11
1.46031e-11
-8.30859e-13
-7.36096e-12
9.43544e-12
-6.94949e-12
1.87968e-12
2.73141e-12
-3.88503e-12
1.70482e-12
-1.74415e-12
1.07556e-11
-2.96339e-11
5.01976e-11
-6.09153e-11
5.53467e-11
-3.6706e-11
1.47039e-11
6.59853e-13
-4.90382e-12
3.58151e-13
6.42046e-12
-1.0269e-11
1.04173e-11
-9.15783e-12
7.25247e-12
-2.72419e-12
-6.50354e-12
1.90718e-11
-3.12019e-11
3.94814e-11
-4.23224e-11
3.8519e-11
-2.77891e-11
1.29016e-11
-4.47396e-13
-3.84286e-12
1.88062e-13
4.737e-12
-3.91858e-12
-4.01032e-12
1.31068e-11
-1.46052e-11
3.01252e-12
1.90775e-11
-4.19244e-11
5.45331e-11
-5.25662e-11
4.04428e-11
-2.66213e-11
1.62432e-11
-9.53782e-12
5.09113e-12
-3.26243e-12
4.82383e-12
-8.93433e-12
1.3094e-11
-1.5386e-11
1.44603e-11
-8.67009e-12
-3.75077e-12
2.16177e-11
-3.95494e-11
5.00747e-11
-4.87016e-11
3.67922e-11
-2.13289e-11
1.06787e-11
-9.40994e-12
1.42608e-11
-1.6427e-11
8.96278e-12
5.94664e-12
-1.85015e-11
1.96606e-11
-8.7484e-12
-7.77494e-12
2.24735e-11
-3.18286e-11
3.56122e-11
-3.49544e-11
3.09336e-11
-2.47381e-11
1.71448e-11
-9.05255e-12
2.10252e-12
8.48834e-13
2.26026e-12
-1.09541e-11
2.16024e-11
-2.89814e-11
2.74868e-11
-1.36569e-11
-1.07388e-11
3.6759e-11
-5.28818e-11
5.32358e-11
-4.26461e-11
3.17607e-11
-2.78512e-11
2.94452e-11
-2.9916e-11
2.41014e-11
-1.26122e-11
4.61896e-13
6.64454e-12
-6.57594e-12
1.78822e-12
2.90385e-12
-5.13549e-12
6.58033e-12
-1.03111e-11
1.61939e-11
-2.0769e-11
2.04367e-11
-1.45396e-11
4.66387e-12
6.1357e-12
-1.34041e-11
1.16482e-11
1.48631e-12
-2.14584e-11
3.76095e-11
-4.01631e-11
2.65482e-11
-2.87655e-12
-2.08142e-11
3.6519e-11
-4.27256e-11
4.37042e-11
-4.48986e-11
4.69779e-11
-4.55188e-11
3.645e-11
-2.23612e-11
1.11173e-11
-8.7859e-12
1.38469e-11
-1.94816e-11
1.95538e-11
-1.29899e-11
3.05149e-12
5.08797e-12
-7.64179e-12
4.3187e-12
8.57175e-13
-2.41538e-12
-2.85507e-12
1.35098e-11
-2.48374e-11
3.09721e-11
-2.74942e-11
1.35833e-11
5.77254e-12
-2.17549e-11
2.7339e-11
-2.27486e-11
1.36502e-11
-4.74114e-12
-4.76222e-12
1.79612e-11
-3.46694e-11
4.89971e-11
-5.33228e-11
4.38892e-11
-2.4787e-11
6.38363e-12
6.35569e-13
6.85529e-12
-2.2202e-11
3.41788e-11
-3.60693e-11
2.9088e-11
-1.88921e-11
9.44674e-12
-1.4752e-12
-6.00448e-12
1.36969e-11
-2.21178e-11
3.08626e-11
-3.81441e-11
4.12324e-11
-3.90819e-11
3.31824e-11
-2.64493e-11
2.07345e-11
-1.62337e-11
1.14187e-11
-4.38462e-12
-5.09918e-12
1.28858e-11
-1.2173e-11
-5.51437e-13
1.9756e-11
-3.3485e-11
3.22596e-11
-1.68509e-11
-3.14343e-12
1.66866e-11
-1.86627e-11
1.11906e-11
-5.26865e-13
-8.47644e-12
1.53006e-11
-2.25844e-11
3.07216e-11
-3.50496e-11
2.88324e-11
-1.04416e-11
-1.41113e-11
3.51069e-11
-4.59137e-11
4.54761e-11
-3.73909e-11
2.731e-11
-2.09885e-11
2.12486e-11
-2.64973e-11
3.1795e-11
-3.29609e-11
2.90163e-11
-2.23489e-11
1.64686e-11
-1.40427e-11
1.44842e-11
-1.37628e-11
7.08863e-12
5.79506e-12
-1.94129e-11
2.7144e-11
-2.81111e-11
2.75285e-11
-3.08003e-11
3.70418e-11
-3.96305e-11
3.17887e-11
-1.30225e-11
-9.3285e-12
2.36159e-11
-2.19185e-11
5.96901e-12
1.36423e-11
-2.60735e-11
2.76832e-11
-2.24094e-11
1.53867e-11
-8.60822e-12
1.36103e-12
6.22811e-12
-1.20317e-11
1.2573e-11
-5.3021e-12
-9.58959e-12
2.74974e-11
-4.09592e-11
4.34375e-11
-3.34795e-11
1.47623e-11
6.16929e-12
-2.29199e-11
3.09699e-11
-3.01512e-11
2.52049e-11
-2.29376e-11
2.61445e-11
-3.15015e-11
3.32847e-11
-2.97748e-11
2.45479e-11
-2.29122e-11
2.66587e-11
-3.25083e-11
3.4029e-11
-2.69664e-11
1.33248e-11
-9.26474e-13
-3.72584e-12
2.00083e-12
-2.63534e-12
1.29115e-11
-3.13829e-11
4.84288e-11
-5.43204e-11
4.59788e-11
-2.85381e-11
1.09836e-11
-5.87413e-13
-1.38565e-12
-1.28349e-12
4.24561e-12
-7.08554e-12
1.19969e-11
-1.93517e-11
2.50664e-11
-2.38865e-11
1.35986e-11
3.17326e-12
-2.07692e-11
3.22642e-11
-3.21628e-11
1.91861e-11
1.71933e-12
-2.19518e-11
3.38249e-11
-3.43831e-11
2.53936e-11
-1.19367e-11
-5.92727e-13
9.27906e-12
-1.53627e-11
2.13163e-11
-2.67173e-11
2.72831e-11
-2.01219e-11
8.50579e-12
-1.05543e-12
4.65572e-12
-1.88821e-11
3.5736e-11
-4.54287e-11
4.2873e-11
-3.15458e-11
2.04084e-11
-1.63748e-11
1.77197e-11
-1.62962e-11
5.86971e-12
1.12491e-11
-2.69207e-11
3.45771e-11
-3.44068e-11
3.15438e-11
-3.13196e-11
3.46574e-11
-3.76297e-11
3.47911e-11
-2.51894e-11
1.43368e-11
-1.01358e-11
1.54362e-11
-2.57748e-11
3.30529e-11
-3.15199e-11
2.00077e-11
-1.68138e-12
-1.79518e-11
3.30622e-11
-4.04638e-11
4.03391e-11
-3.48988e-11
2.58358e-11
-1.44213e-11
2.42664e-12
7.19961e-12
-1.15059e-11
8.08483e-12
3.59711e-12
-2.05594e-11
3.50552e-11
-3.82471e-11
2.64674e-11
-5.13176e-12
-1.507e-11
2.52853e-11
-2.36613e-11
1.44263e-11
-3.92922e-12
-4.36363e-12
1.15123e-11
-2.05644e-11
3.06271e-11
-3.51855e-11
2.72373e-11
-7.547e-12
-1.41864e-11
2.6187e-11
-2.37735e-11
1.18615e-11
-8.13666e-13
-1.4253e-12
-5.6025e-12
1.51387e-11
-2.00492e-11
1.94462e-11
-1.92656e-11
2.49855e-11
-3.53429e-11
4.29268e-11
-4.13885e-11
3.06023e-11
-1.6473e-11
5.78765e-12
-1.56464e-12
8.51761e-13
2.38882e-12
-1.19964e-11
2.53975e-11
-3.58694e-11
3.83456e-11
-3.3706e-11
2.68245e-11
-2.2561e-11
2.29091e-11
-2.72396e-11
3.27883e-11
-3.6365e-11
3.61067e-11
-3.26995e-11
2.73598e-11
-1.98978e-11
8.71507e-12
6.51344e-12
-2.37711e-11
3.89338e-11
-4.72615e-11
4.48522e-11
-3.19723e-11
1.4727e-11
-2.6389e-12
1.86188e-12
-1.12976e-11
2.42007e-11
-3.38501e-11
3.70591e-11
-3.47982e-11
2.95289e-11
-2.22364e-11
1.06956e-11
7.28694e-12
-2.88925e-11
4.47279e-11
-4.52941e-11
2.90749e-11
-5.06266e-12
-1.3696e-11
1.85832e-11
-1.03247e-11
-3.34679e-12
1.39015e-11
-1.85039e-11
2.04394e-11
-2.37769e-11
2.67995e-11
-2.28772e-11
7.69418e-12
1.4052e-11
-3.08685e-11
3.26363e-11
-1.8264e-11
-3.96947e-12
2.1923e-11
-2.79739e-11
2.33517e-11
-1.5787e-11
1.13047e-11
-9.17084e-12
4.28306e-12
5.26184e-12
-1.51286e-11
1.82564e-11
-1.15488e-11
-1.43253e-12
1.22514e-11
-1.33555e-11
3.22519e-12
1.20382e-11
-2.39153e-11
2.82082e-11
-2.7576e-11
2.68705e-11
-2.80835e-11
2.90883e-11
-2.68021e-11
1.97962e-11
-9.80541e-12
7.51994e-13
3.62044e-12
-3.31242e-12
2.12543e-12
-4.34463e-12
1.06076e-11
-1.82636e-11
2.40467e-11
-2.6639e-11
2.66858e-11
-2.66164e-11
2.90558e-11
-3.47236e-11
4.05877e-11
-4.20132e-11
3.63335e-11
-2.50405e-11
1.18842e-11
-4.75735e-13
-7.64321e-12
1.30595e-11
-1.79094e-11
2.3222e-11
-2.7332e-11
2.70532e-11
-2.21827e-11
1.72066e-11
-1.84183e-11
2.81533e-11
-4.26362e-11
5.39454e-11
-5.51976e-11
4.46098e-11
-2.6979e-11
9.8471e-12
2.19366e-12
-1.06233e-11
1.91107e-11
-2.79473e-11
3.25155e-11
-2.84421e-11
1.68113e-11
-5.23977e-12
2.98722e-12
-1.46206e-11
3.55105e-11
-5.42378e-11
6.03556e-11
-5.23081e-11
3.69347e-11
-2.22158e-11
1.02536e-11
1.81162e-12
-1.62855e-11
3.02162e-11
-3.67014e-11
3.01262e-11
-1.25656e-11
-5.33282e-12
1.06569e-11
1.40159e-12
-2.37745e-11
4.33887e-11
-5.16715e-11
4.8875e-11
-4.08795e-11
3.22574e-11
-2.28114e-11
8.89207e-12
1.06147e-11
-2.99805e-11
3.85688e-11
-3.00094e-11
9.00348e-12
1.08644e-11
-1.75194e-11
8.29103e-12
9.72424e-12
-2.63921e-11
3.54153e-11
-3.76521e-11
3.75987e-11
-3.71152e-11
3.2082e-11
-1.74006e-11
-5.61257e-12
2.71505e-11
-3.59362e-11
2.7592e-11
-8.05969e-12
-1.08314e-11
1.88586e-11
-1.39548e-11
2.05814e-12
8.87874e-12
-1.61435e-11
2.24342e-11
-3.02129e-11
3.64359e-11
-3.46514e-11
2.09858e-11
1.04895e-12
-2.18235e-11
3.09869e-11
-2.46725e-11
8.19594e-12
7.73022e-12
-1.55e-11
1.4946e-11
-1.08001e-11
6.26534e-12
-7.09274e-13
-8.15579e-12
1.9925e-11
-3.00731e-11
3.17515e-11
-2.11916e-11
1.77028e-12
1.669e-11
-2.49904e-11
2.08118e-11
-9.34058e-12
-2.32329e-12
9.98114e-12
-1.37442e-11
1.5438e-11
-1.58487e-11
1.30179e-11
-4.46127e-12
-9.08343e-12
2.15565e-11
-2.54977e-11
1.78484e-11
-2.78713e-12
-1.1777e-11
1.92678e-11
-1.80465e-11
1.09294e-11
-2.62574e-12
-4.20083e-12
9.97987e-12
-1.60844e-11
2.10479e-11
-2.0979e-11
1.32481e-11
-1.5093e-13
-1.22426e-11
1.76618e-11
-1.36631e-11
2.79901e-12
8.66103e-12
-1.51936e-11
1.53847e-11
-1.19017e-11
7.3675e-12
-1.99497e-12
-5.47193e-12
1.45284e-11
-2.22328e-11
2.44963e-11
-1.90719e-11
7.46123e-12
4.67868e-12
-1.10585e-11
9.0412e-12
-1.53391e-12
-6.39755e-12
1.13957e-11
-1.33066e-11
1.31381e-11
-1.14322e-11
7.33402e-12
2.67818e-13
-1.10453e-11
2.13401e-11
-2.58951e-11
2.17523e-11
-1.13963e-11
6.70416e-13
5.31647e-12
-5.26734e-12
1.02707e-12
4.16869e-12
-8.23487e-12
1.10598e-11
-1.36549e-11
1.52758e-11
-1.34972e-11
7.95007e-12
-2.5827e-12
5.11851e-13
4.08285e-14
2.60621e-14
4.08937e-15
0
