0
2.52678e-16
3.60226e-15
2.33193e-14
5.07386e-14
2.68114e-13
-1.31468e-12
5.08178e-12
-1.06984e-11
1.39695e-11
-1.10717e-11
1.94432e-12
1.01583e-11
-2.17775e-11
3.16099e-11
-4.08124e-11
5.00413e-11
-5.75044e-11
5.94433e-11
-5.35359e-11
4.0688e-11
-2.45264e-11
8.77371e-12
3.67076e-12
-1.07509e-11
1.0871e-11
-4.4366e-12
-5.29673e-12
1.29738e-11
-1.46841e-11
1.02051e-11
-2.53797e-12
-5.7433e-12
1.44884e-11
-2.52322e-11
3.80236e-11
-5.04572e-11
5.88678e-11
-6.09581e-11
5.62154e-11
-4.53752e-11
2.96288e-11
-1.17804e-11
-3.4792e-12
1.10249e-11
-9.08165e-12
7.07294e-13
8.06026e-12
-1.28419e-11
1.29944e-11
-1.04898e-11
6.50533e-12
-4.4854e-13
-8.90928e-12
2.11888e-11
-3.46601e-11
4.73311e-11
-5.78056e-11
6.39294e-11
-6.25854e-11
5.13899e-11
-3.21731e-11
1.13163e-11
3.44209e-12
-8.26941e-12
4.88409e-12
1.67776e-12
-7.52554e-12
1.13551e-11
-1.33494e-11
1.30445e-11
-9.80223e-12
3.72536e-12
4.15171e-12
-1.3795e-11
2.64254e-11
-4.26605e-11
5.92624e-11
-6.95685e-11
6.74842e-11
-5.27619e-11
3.14862e-11
-1.2116e-11
-8.10315e-14
4.42522e-12
-3.07511e-12
-1.71602e-12
7.69382e-12
-1.24098e-11
1.36979e-11
-1.17809e-11
9.07699e-12
-7.64515e-12
5.63447e-12
1.87842e-12
-1.83613e-11
4.08925e-11
-6.10744e-11
7.03782e-11
-6.59523e-11
5.1078e-11
-3.20587e-11
1.43524e-11
-1.79661e-12
-3.45968e-12
1.26799e-12
5.10541e-12
-1.03452e-11
1.07059e-11
-7.69613e-12
6.41408e-12
-1.02718e-11
1.63319e-11
-1.72102e-11
7.01171e-12
1.33544e-11
-3.70499e-11
5.57836e-11
-6.43736e-11
6.13698e-11
-4.84195e-11
2.95832e-11
-1.14873e-11
7.61628e-13
-1.02732e-13
5.56465e-12
-9.74576e-12
7.89194e-12
-2.25931e-12
-5.67011e-13
-4.06622e-12
1.40878e-11
-2.2554e-11
2.27511e-11
-1.25518e-11
-5.78219e-12
2.72424e-11
-4.58161e-11
5.52651e-11
-5.18443e-11
3.71071e-11
-1.87218e-11
5.90659e-12
-3.27376e-12
7.44847e-12
-1.08073e-11
8.08015e-12
-7.30767e-13
-5.39464e-12
5.15671e-12
1.96842e-12
-1.2585e-11
2.15424e-11
-2.42865e-11
1.78135e-11
-2.43422e-12
-1.72743e-11
3.31467e-11
-3.80211e-11
3.05044e-11
-1.66373e-11
5.32261e-12
-2.08444e-12
5.45967e-12
-9.63981e-12
9.38803e-12
-3.89095e-12
-3.84766e-12
9.41102e-12
-9.78201e-12
4.11568e-12
5.74047e-12
-1.57526e-11
2.06533e-11
-1.70747e-11
6.08698e-12
6.35574e-12
-1.32847e-11
1.12463e-11
-2.87859e-12
-5.55932e-12
8.63483e-12
-5.56387e-12
-3.58572e-13
4.5941e-12
-4.67883e-12
7.03671e-13
5.33634e-12
-1.09857e-11
1.36887e-11
-1.1848e-11
5.59334e-12
2.36873e-12
-8.25449e-12
9.60415e-12
-7.71103e-12
6.53481e-12
-9.5499e-12
1.63571e-11
-2.3274e-11
2.62888e-11
-2.43387e-11
1.90471e-11
-1.28326e-11
6.92801e-12
-2.15292e-12
-1.24531e-13
-2.01377e-12
8.58795e-12
-1.66556e-11
2.16426e-11
-2.10876e-11
1.59331e-11
-8.95356e-12
1.41936e-12
7.25191e-12
-1.76566e-11
2.81158e-11
-3.58691e-11
3.95235e-11
-4.04734e-11
4.03742e-11
-3.85547e-11
3.20875e-11
-1.99579e-11
5.76889e-12
3.6151e-12
-3.47153e-12
-5.55748e-12
1.82727e-11
-2.91769e-11
3.48175e-11
-3.38203e-11
2.54763e-11
-1.05991e-11
-7.3888e-12
2.29336e-11
-3.23853e-11
3.68185e-11
-4.09446e-11
4.76152e-11
-5.43713e-11
5.48574e-11
-4.48607e-11
2.63063e-11
-6.66861e-12
-6.16675e-12
7.91725e-12
7.76906e-13
-1.60463e-11
3.1968e-11
-4.21073e-11
4.13999e-11
-2.94159e-11
1.11507e-11
5.5128e-12
-1.545e-11
1.94755e-11
-2.31531e-11
3.11364e-11
-4.28978e-11
5.25019e-11
-5.33889e-11
4.29881e-11
-2.46935e-11
5.45952e-12
7.55148e-12
-1.02279e-11
2.51596e-12
1.14726e-11
-2.52729e-11
3.23738e-11
-2.96198e-11
1.88706e-11
-6.34816e-12
-1.7226e-12
3.27215e-12
-1.89781e-12
3.24672e-12
-1.02672e-11
2.0424e-11
-2.81008e-11
2.88391e-11
-2.25982e-11
1.26381e-11
-2.88857e-12
-4.24987e-12
7.36726e-12
-5.84308e-12
3.45522e-13
5.89615e-12
-8.65315e-12
5.73671e-12
4.31565e-13
-4.76118e-12
3.58364e-12
2.10984e-12
-8.44007e-12
1.24066e-11
-1.43392e-11
1.5705e-11
-1.63666e-11
1.41857e-11
-8.41118e-12
1.61007e-12
1.71498e-12
5.48701e-13
-6.48964e-12
1.20106e-11
-1.49047e-11
1.59174e-11
-1.70305e-11
1.85353e-11
-1.91655e-11
1.7632e-11
-1.39041e-11
7.72409e-12
2.25238e-12
-1.74277e-11
3.59115e-11
-5.16963e-11
5.7353e-11
-4.95999e-11
3.20451e-11
-1.35311e-11
2.28787e-12
-1.5217e-12
8.48259e-12
-1.78216e-11
2.49524e-11
-2.82121e-11
2.83112e-11
-2.73545e-11
2.70624e-11
-2.78178e-11
2.76048e-11
-2.26727e-11
9.22757e-12
1.30516e-11
-3.90681e-11
5.93195e-11
-6.54197e-11
5.54832e-11
-3.59823e-11
1.72562e-11
-7.1316e-12
6.62205e-12
-1.15669e-11
1.68591e-11
-2.01112e-11
2.12693e-11
-2.11127e-11
2.01845e-11
-1.96116e-11
2.04733e-11
-2.22586e-11
2.15006e-11
-1.42438e-11
-1.35272e-13
1.67222e-11
-2.83103e-11
3.05737e-11
-2.52891e-11
1.77004e-11
-1.19515e-11
8.37071e-12
-5.64465e-12
3.49195e-12
-3.22333e-12
5.04142e-12
-6.83377e-12
5.46747e-12
-1.91862e-13
-6.47666e-12
1.03866e-11
-9.15407e-12
3.21306e-12
5.00601e-12
-1.3242e-11
1.97126e-11
-2.2965e-11
2.16639e-11
-1.61539e-11
9.06438e-12
-4.50021e-12
4.89966e-12
-9.14412e-12
1.28922e-11
-1.23895e-11
7.87292e-12
-4.41839e-12
7.88808e-12
-2.00024e-11
3.57845e-11
-4.66626e-11
4.56505e-11
-3.1538e-11
8.49202e-12
1.65222e-11
-3.70222e-11
4.83235e-11
-4.87823e-11
4.0437e-11
-2.92056e-11
2.17167e-11
-2.10037e-11
2.38831e-11
-2.42632e-11
1.89373e-11
-1.12883e-11
8.22345e-12
-1.42116e-11
2.70781e-11
-4.00436e-11
4.65071e-11
-4.39613e-11
3.3417e-11
-1.75015e-11
-9.35473e-13
1.81043e-11
-2.98781e-11
3.35671e-11
-3.02514e-11
2.39371e-11
-1.89093e-11
1.67081e-11
-1.62616e-11
1.56141e-11
-1.42201e-11
1.26863e-11
-1.15356e-11
9.81744e-12
-6.3299e-12
1.34121e-12
2.36653e-12
-1.68074e-12
-4.09882e-12
1.1617e-11
-1.58297e-11
1.37903e-11
-7.58581e-12
2.52692e-12
-2.88515e-12
8.07188e-12
-1.3682e-11
1.50767e-11
-1.08867e-11
2.88963e-12
5.31245e-12
-9.85126e-12
6.91864e-12
5.44865e-12
-2.51841e-11
4.47913e-11
-5.46445e-11
4.88566e-11
-3.00704e-11
7.47224e-12
9.73221e-12
-1.86384e-11
2.25017e-11
-2.62536e-11
3.15709e-11
-3.65453e-11
3.80256e-11
-3.46568e-11
2.72529e-11
-1.81752e-11
1.00347e-11
-5.64569e-12
7.27876e-12
-1.57424e-11
2.87439e-11
-4.14015e-11
4.823e-11
-4.63979e-11
3.67972e-11
-2.32216e-11
9.44577e-12
2.40936e-12
-1.20029e-11
1.87717e-11
-2.14033e-11
1.90374e-11
-1.38756e-11
1.06395e-11
-1.31805e-11
2.02557e-11
-2.60063e-11
2.4372e-11
-1.45151e-11
1.30447e-12
8.44033e-12
-1.12324e-11
8.15275e-12
-2.83193e-12
-1.87362e-12
4.52504e-12
-4.88677e-12
3.65548e-12
-3.39327e-12
7.35773e-12
-1.68139e-11
2.81599e-11
-3.43717e-11
2.95719e-11
-1.42622e-11
-4.242e-12
1.58752e-11
-1.44375e-11
8.07725e-13
1.82912e-11
-3.53913e-11
4.60076e-11
-4.96831e-11
4.77021e-11
-4.12461e-11
3.06899e-11
-1.70925e-11
2.73404e-12
9.52745e-12
-1.85204e-11
2.50175e-11
-3.03031e-11
3.38442e-11
-3.39349e-11
2.97855e-11
-2.33181e-11
1.75107e-11
-1.41412e-11
1.27507e-11
-1.27653e-11
1.49582e-11
-2.0793e-11
2.9084e-11
-3.49947e-11
3.27449e-11
-2.1176e-11
5.72633e-12
4.73471e-12
-4.69835e-12
-4.3425e-12
1.50666e-11
-1.9772e-11
1.47871e-11
-2.25191e-12
-1.21384e-11
2.22792e-11
-2.46414e-11
1.87418e-11
-6.85228e-12
-7.3198e-12
1.95038e-11
-2.67746e-11
2.87391e-11
-2.78939e-11
2.71931e-11
-2.73708e-11
2.54678e-11
-1.74646e-11
2.20623e-12
1.61257e-11
-3.08111e-11
3.73508e-11
-3.64795e-11
3.1731e-11
-2.56741e-11
1.82832e-11
-9.71885e-12
2.70604e-12
-2.07589e-12
1.05771e-11
-2.60018e-11
4.15529e-11
-5.02646e-11
4.88629e-11
-3.92867e-11
2.64104e-11
-1.53447e-11
9.0607e-12
-7.9955e-12
9.91873e-12
-1.11493e-11
7.94316e-12
1.13185e-12
-1.41288e-11
2.58134e-11
-3.06005e-11
2.60384e-11
-1.53693e-11
5.3635e-12
-1.33873e-12
2.52097e-12
-3.22608e-12
-1.94231e-12
1.2767e-11
-2.37851e-11
2.86254e-11
-2.49218e-11
1.46283e-11
-1.43963e-12
-1.22246e-11
2.48116e-11
-3.42333e-11
3.72937e-11
-3.21512e-11
2.02806e-11
-6.60769e-12
-3.33226e-12
5.74127e-12
1.29089e-14
-1.2076e-11
2.67887e-11
-4.0056e-11
4.80427e-11
-4.85721e-11
4.19626e-11
-3.18418e-11
2.34621e-11
-2.06301e-11
2.22179e-11
-2.26727e-11
1.60447e-11
-1.57425e-12
-1.51398e-11
2.59213e-11
-2.67312e-11
2.04166e-11
-1.40392e-11
1.25095e-11
-1.54442e-11
1.85562e-11
-1.81271e-11
1.30347e-11
-4.43116e-12
-6.02061e-12
1.61689e-11
-2.33408e-11
2.44633e-11
-1.78848e-11
4.51798e-12
1.17391e-11
-2.58726e-11
3.37485e-11
-3.39657e-11
2.74481e-11
-1.66388e-11
4.40779e-12
5.59995e-12
-9.42972e-12
4.03635e-12
9.90765e-12
-2.71371e-11
3.97723e-11
-4.27732e-11
3.76368e-11
-3.14963e-11
3.07123e-11
-3.55589e-11
4.00262e-11
-3.76652e-11
2.67781e-11
-1.14682e-11
-2.37102e-12
1.09123e-11
-1.41717e-11
1.43829e-11
-1.41607e-11
1.4918e-11
-1.70893e-11
2.01259e-11
-2.28299e-11
2.30254e-11
-1.85752e-11
8.56447e-12
5.15525e-12
-1.85437e-11
2.6971e-11
-2.78425e-11
2.12892e-11
-9.52653e-12
-5.11398e-12
2.02247e-11
-3.24763e-11
3.70226e-11
-3.05164e-11
1.4804e-11
1.98408e-12
-1.03955e-11
6.05146e-12
7.15733e-12
-2.07835e-11
2.80359e-11
-2.8328e-11
2.60599e-11
-2.64248e-11
3.09916e-11
-3.73354e-11
4.13174e-11
-4.05753e-11
3.53983e-11
-2.7883e-11
1.97646e-11
-1.19144e-11
4.56331e-12
1.61651e-12
-6.0421e-12
8.95617e-12
-1.20563e-11
1.67088e-11
-2.22531e-11
2.56289e-11
-2.40648e-11
1.70382e-11
-6.27089e-12
-6.63247e-12
2.06111e-11
-3.38394e-11
4.19016e-11
-3.9596e-11
2.4735e-11
-1.62761e-12
-2.03292e-11
3.16347e-11
-2.88969e-11
1.66218e-11
-4.14702e-12
-9.94257e-13
-2.74177e-12
1.10201e-11
-1.82932e-11
2.18276e-11
-2.29125e-11
2.39225e-11
-2.5593e-11
2.64385e-11
-2.54971e-11
2.39566e-11
-2.4375e-11
2.74974e-11
-3.13842e-11
3.29281e-11
-3.07536e-11
2.55153e-11
-1.88438e-11
1.17261e-11
-4.75664e-12
-1.66426e-12
6.97168e-12
-1.11837e-11
1.47386e-11
-1.81113e-11
2.02551e-11
-1.8317e-11
8.65822e-12
9.69759e-12
-3.26998e-11
5.16145e-11
-5.79698e-11
4.89341e-11
-2.98689e-11
1.05738e-11
1.10096e-12
-4.12225e-12
2.81674e-12
-2.09103e-12
3.33156e-12
-5.43395e-12
7.73494e-12
-1.17763e-11
1.90825e-11
-2.86721e-11
3.62681e-11
-3.71121e-11
2.91627e-11
-1.53182e-11
1.91597e-12
4.69297e-12
-2.21316e-12
-6.92557e-12
1.75732e-11
-2.5494e-11
2.87079e-11
-2.73864e-11
2.26121e-11
-1.63473e-11
1.07974e-11
-7.57104e-12
6.00717e-12
-3.66921e-12
-1.55448e-12
8.33362e-12
-1.20275e-11
7.75485e-12
5.07267e-12
-2.19939e-11
3.63722e-11
-4.41817e-11
4.5578e-11
-4.34822e-11
4.01351e-11
-3.57505e-11
2.91823e-11
-2.07013e-11
1.30314e-11
-9.89342e-12
1.17566e-11
-1.39787e-11
9.29559e-12
5.66997e-12
-2.67128e-11
4.39194e-11
-4.86236e-11
3.8611e-11
-1.88776e-11
-2.58642e-12
1.90503e-11
-2.75765e-11
2.82314e-11
-2.28485e-11
1.37104e-11
-3.64672e-12
-4.53408e-12
8.61192e-12
-8.32051e-12
5.30644e-12
-2.49676e-12
2.14023e-12
-4.88979e-12
9.57196e-12
-1.46969e-11
1.91447e-11
-2.2266e-11
2.29002e-11
-2.02572e-11
1.53925e-11
-1.20849e-11
1.40326e-11
-2.14524e-11
2.98467e-11
-3.37089e-11
3.09453e-11
-2.48929e-11
2.12222e-11
-2.33952e-11
2.93061e-11
-3.27591e-11
2.78378e-11
-1.39138e-11
-3.82149e-12
1.78736e-11
-2.39039e-11
2.23605e-11
-1.63113e-11
7.39268e-12
4.81701e-12
-2.05395e-11
3.6602e-11
-4.72002e-11
4.76096e-11
-3.85518e-11
2.60879e-11
-1.78756e-11
1.78584e-11
-2.43876e-11
3.15376e-11
-3.30991e-11
2.55599e-11
-9.80774e-12
-9.99114e-12
2.8263e-11
-4.04139e-11
4.35463e-11
-3.71593e-11
2.32797e-11
-6.70447e-12
-7.08173e-12
1.45243e-11
-1.58696e-11
1.3478e-11
-9.48352e-12
4.49912e-12
7.99075e-13
-4.74181e-12
5.17363e-12
-1.95786e-12
-2.21742e-12
2.99576e-12
2.11072e-12
-1.15518e-11
1.99783e-11
-2.22854e-11
1.75474e-11
-1.04062e-11
7.27974e-12
-1.13051e-11
1.9435e-11
-2.53712e-11
2.48674e-11
-1.96397e-11
1.54037e-11
-1.69144e-11
2.37288e-11
-3.13978e-11
3.54574e-11
-3.49995e-11
3.17861e-11
-2.75291e-11
2.15372e-11
-1.19004e-11
-1.98636e-12
1.6874e-11
-2.65615e-11
2.5263e-11
-1.22694e-11
-7.05715e-12
2.4284e-11
-3.35531e-11
3.41914e-11
-2.98013e-11
2.48159e-11
-2.27188e-11
2.5183e-11
-3.2133e-11
4.10715e-11
-4.78258e-11
4.79469e-11
-3.91365e-11
2.21682e-11
-9.69679e-13
-1.91827e-11
3.34118e-11
-3.91391e-11
3.60724e-11
-2.57957e-11
1.08377e-11
4.97726e-12
-1.70453e-11
2.133e-11
-1.73552e-11
9.2597e-12
-4.07611e-12
6.66617e-12
-1.61348e-11
2.59948e-11
-2.93038e-11
2.35368e-11
-1.20892e-11
5.45248e-13
7.57301e-12
-1.28615e-11
1.77176e-11
-2.32379e-11
2.7274e-11
-2.64297e-11
1.9435e-11
-9.72418e-12
3.22853e-12
-3.70417e-12
9.01665e-12
-1.33457e-11
1.24856e-11
-7.96469e-12
5.11353e-12
-8.21247e-12
1.63801e-11
-2.44437e-11
2.65916e-11
-2.08445e-11
1.01743e-11
-5.65779e-13
-3.52849e-12
1.67576e-12
3.10511e-12
-7.94808e-12
1.20011e-11
-1.59191e-11
1.94283e-11
-2.11118e-11
1.97929e-11
-1.67192e-11
1.51514e-11
-1.85426e-11
2.77668e-11
-4.04153e-11
5.14825e-11
-5.59595e-11
5.0767e-11
-3.62646e-11
1.58348e-11
4.92154e-12
-2.02489e-11
2.59229e-11
-2.12283e-11
9.19173e-12
4.29189e-12
-1.35469e-11
1.58651e-11
-1.31259e-11
9.8427e-12
-1.00706e-11
1.48268e-11
-2.29993e-11
3.30908e-11
-4.42362e-11
5.45285e-11
-6.01151e-11
5.61292e-11
-4.03228e-11
1.55017e-11
1.03896e-11
-2.81936e-11
3.23979e-11
-2.48292e-11
1.30271e-11
-4.93923e-12
3.09901e-12
-4.29906e-12
3.67711e-12
2.73695e-13
-5.51758e-12
9.51099e-12
-1.25908e-11
1.7315e-11
-2.55892e-11
3.54153e-11
-4.12924e-11
3.74985e-11
-2.3108e-11
3.52061e-12
1.25112e-11
-1.93945e-11
1.81796e-11
-1.4898e-11
1.45658e-11
-1.74489e-11
1.96239e-11
-1.75529e-11
1.12143e-11
-4.21781e-12
2.85679e-13
-3.78924e-13
1.96269e-12
-1.89443e-12
-7.44391e-13
3.5603e-12
-3.47419e-12
-4.0847e-13
5.49523e-12
-8.20923e-12
7.03168e-12
-4.21601e-12
3.6047e-12
-7.49827e-12
1.4417e-11
-2.05636e-11
2.24453e-11
-1.93259e-11
1.29413e-11
-6.42378e-12
2.51685e-12
-2.96937e-12
7.86625e-12
-1.60765e-11
2.53965e-11
-3.3304e-11
3.70695e-11
-3.49135e-11
2.69115e-11
-1.57813e-11
5.36133e-12
1.16195e-12
-2.68708e-12
-4.93514e-13
6.95885e-12
-1.43072e-11
1.88942e-11
-1.7704e-11
1.04137e-11
-7.07663e-13
-5.57664e-12
3.25484e-12
9.03377e-12
-2.79745e-11
4.65946e-11
-5.81312e-11
5.94059e-11
-5.20939e-11
3.9973e-11
-2.61317e-11
1.20573e-11
2.95328e-13
-7.79025e-12
7.50879e-12
-1.02515e-14
-9.92462e-12
1.52823e-11
-1.14978e-11
-2.78152e-13
1.27555e-11
-1.69516e-11
7.88345e-12
1.17486e-11
-3.40003e-11
5.11065e-11
-6.00527e-11
6.18312e-11
-5.82722e-11
4.94073e-11
-3.48377e-11
1.62551e-11
1.01432e-12
-1.05807e-11
9.17279e-12
-1.09795e-13
-8.34212e-12
8.28732e-12
1.62444e-12
-1.52573e-11
2.325e-11
-1.99778e-11
6.57899e-12
1.09085e-11
-2.69208e-11
3.93354e-11
-4.88939e-11
5.55617e-11
-5.69464e-11
4.97378e-11
-3.3864e-11
1.42452e-11
1.12972e-12
-6.75464e-12
3.3731e-12
2.29208e-12
-2.89572e-12
-4.24384e-12
1.51521e-11
-2.29799e-11
2.31479e-11
-1.63858e-11
6.50507e-12
3.3454e-12
-1.30728e-11
2.38216e-11
-3.52645e-11
4.40179e-11
-4.57877e-11
3.85388e-11
-2.50346e-11
1.13603e-11
-3.11532e-12
1.16256e-12
-1.65643e-12
-4.91925e-13
6.90105e-12
-1.49903e-11
2.0484e-11
-2.12601e-11
1.81328e-11
-1.35536e-11
8.99191e-12
-4.1853e-12
-2.37864e-12
1.11743e-11
-2.04465e-11
2.65458e-11
-2.69587e-11
2.23182e-11
-1.61167e-11
1.13263e-11
-8.32132e-12
5.08439e-12
7.19738e-14
-7.10209e-12
1.40665e-11
-1.87472e-11
1.97251e-11
-1.75177e-11
1.39689e-11
-1.10494e-11
9.01985e-12
-6.84278e-12
3.51798e-12
4.16643e-13
-3.84953e-12
6.20216e-12
-8.01488e-12
9.63706e-12
-1.07738e-11
1.04469e-11
-7.9515e-12
2.90199e-12
4.15779e-12
-1.17514e-11
1.75158e-11
-1.97894e-11
1.83827e-11
-1.46592e-11
1.01746e-11
-6.42549e-12
4.57546e-12
-5.42207e-12
8.24948e-12
-1.10634e-11
1.15942e-11
-9.12808e-12
4.44712e-12
7.14185e-13
-4.75513e-12
6.19175e-12
-4.30231e-12
-7.44992e-13
7.61272e-12
-1.46569e-11
1.99836e-11
-2.18301e-11
1.88548e-11
-1.1779e-11
3.6867e-12
1.14275e-12
-2.73331e-13
-5.62265e-12
1.32369e-11
-1.90429e-11
2.07209e-11
-1.81369e-11
1.27277e-11
-6.78104e-12
1.94782e-12
8.0588e-13
-8.71395e-13
-2.72068e-12
1.001e-11
-1.89238e-11
2.51291e-11
-2.48501e-11
1.74271e-11
-6.34275e-12
-3.05202e-12
6.28682e-12
-2.3153e-12
-6.49674e-12
1.57626e-11
-2.2032e-11
2.41493e-11
-2.30257e-11
1.95215e-11
-1.39753e-11
7.00385e-12
-1.12165e-12
-2.44693e-13
-4.99658e-12
1.51374e-11
-2.52642e-11
2.96353e-11
-2.53698e-11
1.40912e-11
-1.39811e-12
-6.78582e-12
7.48165e-12
-2.06334e-12
-6.07547e-12
1.40882e-11
-2.09689e-11
2.60217e-11
-2.79064e-11
2.48712e-11
-1.69766e-11
7.06631e-12
-2.44722e-13
7.76949e-13
-9.32651e-12
2.15393e-11
-3.05517e-11
3.10681e-11
-2.30102e-11
1.08139e-11
-1.90478e-13
-5.63948e-12
6.3637e-12
-3.25254e-12
-2.84417e-12
1.13006e-11
-2.09063e-11
2.87196e-11
-3.11295e-11
2.59028e-11
-1.48805e-11
3.73367e-12
9.159e-13
3.7337e-12
-1.48806e-11
2.59029e-11
-3.11296e-11
2.87197e-11
-2.09062e-11
1.13004e-11
-2.84386e-12
-3.25288e-12
6.36398e-12
-5.63964e-12
-1.90444e-13
1.0814e-11
-2.30103e-11
3.10682e-11
-3.05518e-11
2.15394e-11
-9.3266e-12
7.7699e-13
-2.44695e-13
7.06623e-12
-1.69766e-11
2.48712e-11
-2.79065e-11
2.60219e-11
-2.09692e-11
1.40884e-11
-6.07564e-12
-2.06325e-12
7.48164e-12
-6.78585e-12
-1.39804e-12
1.40911e-11
-2.53697e-11
2.96351e-11
-2.52641e-11
1.51373e-11
-4.99653e-12
-2.44691e-13
-1.12167e-12
7.00386e-12
-1.39752e-11
1.95214e-11
-2.30256e-11
2.41492e-11
-2.20319e-11
1.57626e-11
-6.49677e-12
-2.31526e-12
6.28678e-12
-3.05194e-12
-6.34288e-12
1.74273e-11
-2.48503e-11
2.51294e-11
-1.89239e-11
1.00101e-11
-2.72064e-12
-8.71481e-13
8.05976e-13
1.94773e-12
-6.78095e-12
1.27276e-11
-1.81368e-11
2.07208e-11
-1.90428e-11
1.32369e-11
-5.62267e-12
-2.73383e-13
1.14293e-12
3.6864e-12
-1.17786e-11
1.88545e-11
-2.18299e-11
1.99836e-11
-1.4657e-11
7.61293e-12
-7.45221e-13
-4.30209e-12
6.19155e-12
-4.75495e-12
7.14069e-13
4.44715e-12
-9.12803e-12
1.15941e-11
-1.10634e-11
8.24957e-12
-5.4223e-12
4.5758e-12
-6.42583e-12
1.01749e-11
-1.46593e-11
1.83826e-11
-1.97892e-11
1.75155e-11
-1.17512e-11
4.15761e-12
2.90206e-12
-7.95145e-12
1.04467e-11
-1.07736e-11
9.63685e-12
-8.01473e-12
6.20213e-12
-3.84964e-12
4.16862e-13
3.51772e-12
-6.84255e-12
9.01973e-12
-1.10495e-11
1.39691e-11
-1.75179e-11
1.97253e-11
-1.87473e-11
1.40664e-11
-7.10181e-12
7.15506e-14
5.08488e-12
-8.32177e-12
1.13267e-11
-1.61169e-11
2.23182e-11
-2.69587e-11
2.65457e-11
-2.04463e-11
1.11742e-11
-2.37861e-12
-4.18523e-12
8.99175e-12
-1.35534e-11
1.81327e-11
-2.12602e-11
2.04843e-11
-1.49908e-11
6.9017e-12
-4.92564e-13
-1.65587e-12
1.16213e-12
-3.11504e-12
1.13602e-11
-2.50345e-11
3.85388e-11
-4.57877e-11
4.4018e-11
-3.52646e-11
2.38216e-11
-1.30727e-11
3.34531e-12
6.50507e-12
-1.63857e-11
2.31476e-11
-2.29795e-11
1.51516e-11
-4.24331e-12
-2.89621e-12
2.2925e-12
3.37276e-12
-6.75437e-12
1.12949e-12
1.42454e-11
-3.38642e-11
4.97379e-11
-5.69465e-11
5.55617e-11
-4.88939e-11
3.93354e-11
-2.69207e-11
1.09084e-11
6.57912e-12
-1.99779e-11
2.32502e-11
-1.52576e-11
1.6247e-12
8.28701e-12
-8.34172e-12
-1.10307e-13
9.17337e-12
-1.05812e-11
1.01481e-12
1.62547e-11
-3.48375e-11
4.94072e-11
-5.82723e-11
6.18313e-11
-6.00529e-11
5.11067e-11
-3.40004e-11
1.17486e-11
7.88353e-12
-1.69516e-11
1.27554e-11
-2.7785e-13
-1.14983e-11
1.52829e-11
-9.92535e-12
-9.51007e-15
7.50807e-12
-7.78961e-12
2.94873e-13
1.20575e-11
-2.61316e-11
3.99727e-11
-5.20935e-11
5.94056e-11
-5.81311e-11
4.65946e-11
-2.79745e-11
9.03369e-12
3.25502e-12
-5.5769e-12
-7.07353e-13
1.04134e-11
-1.77035e-11
1.88937e-11
-1.43065e-11
6.95824e-12
-4.93073e-13
-2.68728e-12
1.16194e-12
5.36149e-12
-1.57815e-11
2.69118e-11
-3.49138e-11
3.70699e-11
-3.33044e-11
2.53968e-11
-1.60767e-11
7.86631e-12
-2.96935e-12
2.51683e-12
-6.42382e-12
1.29414e-11
-1.9326e-11
2.24455e-11
-2.05638e-11
1.44172e-11
-7.49841e-12
3.60469e-12
-4.21579e-12
7.03127e-12
-8.20867e-12
5.49463e-12
-4.07955e-13
-3.47454e-12
3.56048e-12
-7.44422e-13
-1.89451e-12
1.96284e-12
-3.79106e-13
2.85864e-13
-4.21796e-12
1.12144e-11
-1.75529e-11
1.96239e-11
-1.7449e-11
1.4566e-11
-1.48983e-11
1.81801e-11
-1.9395e-11
1.25116e-11
3.52021e-12
-2.31077e-11
3.74982e-11
-4.12922e-11
3.54152e-11
-2.55891e-11
1.73151e-11
-1.2591e-11
9.51123e-12
-5.51785e-12
2.74004e-13
3.67677e-12
-4.29866e-12
3.09857e-12
-4.9388e-12
1.30267e-11
-2.48289e-11
3.23975e-11
-2.81933e-11
1.03893e-11
1.5502e-11
-4.03231e-11
5.61294e-11
-6.01152e-11
5.45285e-11
-4.42361e-11
3.30906e-11
-2.2999e-11
1.48263e-11
-1.00701e-11
9.84226e-12
-1.31255e-11
1.58649e-11
-1.35467e-11
4.29173e-12
9.19195e-12
-2.12286e-11
2.59232e-11
-2.02491e-11
4.92174e-12
1.58347e-11
-3.62645e-11
5.0767e-11
-5.59596e-11
5.14827e-11
-4.04156e-11
2.77671e-11
-1.8543e-11
1.51516e-11
-1.67193e-11
1.9793e-11
-2.11118e-11
1.94284e-11
-1.59192e-11
1.20012e-11
-7.94817e-12
3.1052e-12
1.6757e-12
-3.52849e-12
-5.65705e-13
1.01742e-11
-2.08443e-11
2.65915e-11
-2.44436e-11
1.63799e-11
-8.21228e-12
5.11332e-12
-7.96447e-12
1.24854e-11
-1.33455e-11
9.01657e-12
-3.70419e-12
3.22864e-12
-9.72436e-12
1.94352e-11
-2.64299e-11
2.72742e-11
-2.3238e-11
1.77177e-11
-1.28614e-11
7.57288e-12
5.45382e-13
-1.20893e-11
2.35368e-11
-2.93037e-11
2.59946e-11
-1.61345e-11
6.66595e-12
-4.07604e-12
9.25983e-12
-1.73555e-11
2.13304e-11
-1.70456e-11
4.97745e-12
1.08376e-11
-2.57958e-11
3.60726e-11
-3.91393e-11
3.34121e-11
-1.91829e-11
-9.69439e-13
2.2168e-11
-3.91364e-11
4.79468e-11
-4.78258e-11
4.10715e-11
-3.21329e-11
2.51828e-11
-2.27186e-11
2.48159e-11
-2.98015e-11
3.41917e-11
-3.35534e-11
2.42842e-11
-7.05725e-12
-1.22694e-11
2.5263e-11
-2.65615e-11
1.68739e-11
-1.98614e-12
-1.19007e-11
2.15375e-11
-2.75293e-11
3.17862e-11
-3.49995e-11
3.54573e-11
-3.13976e-11
2.37286e-11
-1.69143e-11
1.54037e-11
-1.96397e-11
2.48675e-11
-2.53714e-11
1.94353e-11
-1.13054e-11
7.27997e-12
-1.04062e-11
1.75472e-11
-2.22851e-11
1.99782e-11
-1.15519e-11
2.11093e-12
2.99556e-12
-2.21738e-12
-1.95764e-12
5.17319e-12
-4.74127e-12
7.98563e-13
4.49957e-12
-9.48393e-12
1.34784e-11
-1.58699e-11
1.45245e-11
-7.08184e-12
-6.70439e-12
2.32795e-11
-3.71591e-11
4.3546e-11
-4.04136e-11
2.82629e-11
-9.99132e-12
-9.80735e-12
2.55594e-11
-3.30986e-11
3.15371e-11
-2.43872e-11
1.78582e-11
-1.78755e-11
2.60879e-11
-3.85518e-11
4.76096e-11
-4.72001e-11
3.66018e-11
-2.05393e-11
4.81688e-12
7.39266e-12
-1.63111e-11
2.23603e-11
-2.39036e-11
1.78733e-11
-3.82133e-12
-1.39138e-11
2.78378e-11
-3.2759e-11
2.93061e-11
-2.33952e-11
2.12222e-11
-2.48929e-11
3.09453e-11
-3.37088e-11
2.98466e-11
-2.14522e-11
1.40323e-11
-1.20846e-11
1.53922e-11
-2.0257e-11
2.29001e-11
-2.2266e-11
1.91448e-11
-1.46969e-11
9.57199e-12
-4.88981e-12
2.14024e-12
-2.49673e-12
5.30636e-12
-8.32039e-12
8.61178e-12
-4.53399e-12
-3.64674e-12
1.37104e-11
-2.28484e-11
2.82313e-11
-2.75763e-11
1.90501e-11
-2.58617e-12
-1.88778e-11
3.86111e-11
-4.86236e-11
4.39192e-11
-2.67125e-11
5.66979e-12
9.29568e-12
-1.39786e-11
1.17565e-11
-9.89327e-12
1.30312e-11
-2.07011e-11
2.9182e-11
-3.57503e-11
4.0135e-11
-4.34823e-11
4.55782e-11
-4.41819e-11
3.63724e-11
-2.1994e-11
5.07277e-12
7.75474e-12
-1.20274e-11
8.33356e-12
-1.55446e-12
-3.66917e-12
6.00708e-12
-7.5709e-12
1.07972e-11
-1.63471e-11
2.26119e-11
-2.73863e-11
2.87079e-11
-2.54939e-11
1.75731e-11
-6.92538e-12
-2.21343e-12
4.69329e-12
1.91566e-12
-1.53179e-11
2.91625e-11
-3.71118e-11
3.62678e-11
-2.86719e-11
1.90823e-11
-1.17763e-11
7.735e-12
-5.43402e-12
3.33159e-12
-2.09104e-12
2.81678e-12
-4.12234e-12
1.10107e-12
1.05737e-11
-2.98689e-11
4.89341e-11
-5.79699e-11
5.16147e-11
-3.26998e-11
9.69754e-12
8.65839e-12
-1.83172e-11
2.02554e-11
-1.81116e-11
1.47389e-11
-1.11839e-11
6.97192e-12
-1.66453e-12
-4.75628e-12
1.17257e-11
-1.88434e-11
2.5515e-11
-3.07534e-11
3.29279e-11
-3.1384e-11
2.74972e-11
-2.43747e-11
2.39564e-11
-2.5497e-11
2.64384e-11
-2.55929e-11
2.39223e-11
-2.29123e-11
2.18275e-11
-1.82933e-11
1.10202e-11
-2.74193e-12
-9.94132e-13
-4.14707e-12
1.66218e-11
-2.88969e-11
3.16348e-11
-2.03294e-11
-1.62741e-12
2.47348e-11
-3.95956e-11
4.19013e-11
-3.3839e-11
2.06109e-11
-6.63232e-12
-6.27097e-12
1.70383e-11
-2.40649e-11
2.5629e-11
-2.22532e-11
1.67089e-11
-1.20564e-11
8.9563e-12
-6.0422e-12
1.61654e-12
4.5634e-12
-1.19145e-11
1.97648e-11
-2.78832e-11
3.53985e-11
-4.05754e-11
4.13174e-11
-3.73355e-11
3.09916e-11
-2.64248e-11
2.60598e-11
-2.83278e-11
2.80357e-11
-2.07834e-11
7.15731e-12
6.0514e-12
-1.03954e-11
1.98401e-12
1.48041e-11
-3.05164e-11
3.70227e-11
-3.24765e-11
2.0225e-11
-5.11428e-12
-9.5263e-12
2.12892e-11
-2.78426e-11
2.69712e-11
-1.85439e-11
5.15545e-12
8.56433e-12
-1.85751e-11
2.30253e-11
-2.28299e-11
2.01258e-11
-1.70893e-11
1.4918e-11
-1.41606e-11
1.43827e-11
-1.41714e-11
1.09118e-11
-2.37048e-12
-1.14687e-11
2.67786e-11
-3.76656e-11
4.00264e-11
-3.5559e-11
3.07123e-11
-3.14963e-11
3.76368e-11
-4.27732e-11
3.97722e-11
-2.7137e-11
9.90752e-12
4.03641e-12
-9.42964e-12
5.59973e-12
4.4081e-12
-1.66392e-11
2.74484e-11
-3.3966e-11
3.37487e-11
-2.58726e-11
1.17391e-11
4.51816e-12
-1.78851e-11
2.44636e-11
-2.33411e-11
1.61692e-11
-6.0209e-12
-4.4309e-12
1.30345e-11
-1.81269e-11
1.8556e-11
-1.54441e-11
1.25093e-11
-1.40388e-11
2.04162e-11
-2.67307e-11
2.59208e-11
-1.51393e-11
-1.57459e-12
1.60449e-11
-2.26727e-11
2.22178e-11
-2.063e-11
2.3462e-11
-3.18418e-11
4.19626e-11
-4.85721e-11
4.80428e-11
-4.00561e-11
2.67891e-11
-1.20766e-11
1.36581e-14
5.74051e-12
-3.33162e-12
-6.60814e-12
2.02809e-11
-3.21514e-11
3.72938e-11
-3.42332e-11
2.48113e-11
-1.22242e-11
-1.44e-12
1.46287e-11
-2.49222e-11
2.86257e-11
-2.37854e-11
1.27672e-11
-1.94244e-12
-3.22599e-12
2.5209e-12
-1.33867e-12
5.36348e-12
-1.53694e-11
2.60386e-11
-3.06008e-11
2.58136e-11
-1.41289e-11
1.13183e-12
7.94332e-12
-1.11495e-11
9.91887e-12
-7.99556e-12
9.06078e-12
-1.53448e-11
2.64107e-11
-3.92871e-11
4.88633e-11
-5.02649e-11
4.15532e-11
-2.6002e-11
1.05773e-11
-2.07612e-12
2.70622e-12
-9.71895e-12
1.82832e-11
-2.56741e-11
3.1731e-11
-3.64795e-11
3.73508e-11
-3.0811e-11
1.61256e-11
2.20643e-12
-1.74648e-11
2.54681e-11
-2.7371e-11
2.71933e-11
-2.7894e-11
2.8739e-11
-2.67743e-11
1.95034e-11
-7.31941e-12
-6.85248e-12
1.87417e-11
-2.46412e-11
2.2279e-11
-1.21383e-11
-2.25197e-12
1.47871e-11
-1.97719e-11
1.50665e-11
-4.34236e-12
-4.69846e-12
4.73478e-12
5.7263e-12
-2.1176e-11
3.27448e-11
-3.49946e-11
2.90838e-11
-2.07928e-11
1.49581e-11
-1.27655e-11
1.27511e-11
-1.41417e-11
1.75111e-11
-2.33184e-11
2.97855e-11
-3.39348e-11
3.3844e-11
-3.03027e-11
2.50169e-11
-1.85198e-11
9.52682e-12
2.73456e-12
-1.70928e-11
3.06901e-11
-4.12462e-11
4.77021e-11
-4.96831e-11
4.60076e-11
-3.53912e-11
1.82909e-11
8.08099e-13
-1.4438e-11
1.58756e-11
-4.24228e-12
-1.42621e-11
2.95721e-11
-3.43722e-11
2.81606e-11
-1.68146e-11
7.35833e-12
-3.39363e-12
3.65566e-12
-4.88689e-12
4.52522e-12
-1.87384e-12
-2.83177e-12
8.15277e-12
-1.12326e-11
8.44066e-12
1.30416e-12
-1.45149e-11
2.4372e-11
-2.60064e-11
2.0256e-11
-1.31809e-11
1.06398e-11
-1.38757e-11
1.90373e-11
-2.1403e-11
1.87716e-11
-1.20028e-11
2.40951e-12
9.44555e-12
-2.32214e-11
3.67971e-11
-4.63979e-11
4.823e-11
-4.14015e-11
2.87439e-11
-1.57423e-11
7.27868e-12
-5.64569e-12
1.00348e-11
-1.81756e-11
2.72535e-11
-3.46575e-11
3.80262e-11
-3.65457e-11
3.1571e-11
-2.62535e-11
2.25015e-11
-1.86381e-11
9.73201e-12
7.47238e-12
-3.00704e-11
4.88565e-11
-5.46442e-11
4.47908e-11
-2.51836e-11
5.44807e-12
6.91927e-12
-9.8519e-12
5.31305e-12
2.88917e-12
-1.08864e-11
1.50766e-11
-1.3682e-11
8.07192e-12
-2.88517e-12
2.52695e-12
-7.58584e-12
1.37903e-11
-1.58296e-11
1.16167e-11
-4.09836e-12
-1.68127e-12
2.36708e-12
1.34069e-12
-6.32943e-12
9.81706e-12
-1.15353e-11
1.26862e-11
-1.42201e-11
1.56141e-11
-1.62615e-11
1.67079e-11
-1.89091e-11
2.3937e-11
-3.02514e-11
3.35672e-11
-2.98782e-11
1.81044e-11
-9.355e-13
-1.75015e-11
3.3417e-11
-4.39613e-11
4.65071e-11
-4.00436e-11
2.70781e-11
-1.42117e-11
8.22355e-12
-1.12884e-11
1.89375e-11
-2.42635e-11
2.38832e-11
-2.10035e-11
2.17164e-11
-2.92052e-11
4.04366e-11
-4.87819e-11
4.83233e-11
-3.7022e-11
1.65219e-11
8.49224e-12
-3.15381e-11
4.56506e-11
-4.66626e-11
3.57846e-11
-2.00024e-11
7.88803e-12
-4.41832e-12
7.87288e-12
-1.23895e-11
1.28924e-11
-9.14427e-12
4.89977e-12
-4.50023e-12
9.06439e-12
-1.6154e-11
2.1664e-11
-2.29652e-11
1.97128e-11
-1.32421e-11
5.00607e-12
3.21295e-12
-9.15384e-12
1.03862e-11
-6.4763e-12
-1.92138e-13
5.4676e-12
-6.83371e-12
5.0412e-12
-3.22295e-12
3.49149e-12
-5.64421e-12
8.37042e-12
-1.19514e-11
1.77005e-11
-2.52892e-11
3.05737e-11
-2.83103e-11
1.67222e-11
-1.35358e-13
-1.42435e-11
2.15002e-11
-2.22582e-11
2.0473e-11
-1.96115e-11
2.01846e-11
-2.11129e-11
2.12696e-11
-2.01116e-11
1.68596e-11
-1.15674e-11
6.62241e-12
-7.13181e-12
1.72564e-11
-3.59824e-11
5.54833e-11
-6.54198e-11
5.93195e-11
-3.9068e-11
1.30515e-11
9.22766e-12
-2.26729e-11
2.76051e-11
-2.78182e-11
2.70627e-11
-2.73546e-11
2.8311e-11
-2.82116e-11
2.49518e-11
-1.7821e-11
8.48215e-12
-1.52134e-12
2.28759e-12
-1.35308e-11
3.20449e-11
-4.95997e-11
5.73528e-11
-5.16962e-11
3.59115e-11
-1.74279e-11
2.25275e-12
7.72362e-12
-1.39036e-11
1.76317e-11
-1.91655e-11
1.85355e-11
-1.70308e-11
1.59177e-11
-1.4905e-11
1.2011e-11
-6.48994e-12
5.48922e-13
1.71487e-12
1.6101e-12
-8.41115e-12
1.41857e-11
-1.63665e-11
1.57048e-11
-1.4339e-11
1.24064e-11
-8.43997e-12
2.10979e-12
3.58369e-12
-4.76124e-12
4.31627e-13
5.73671e-12
-8.65322e-12
5.89625e-12
3.45484e-13
-5.84313e-12
7.36741e-12
-4.25012e-12
-2.88821e-12
1.26377e-11
-2.25978e-11
2.88389e-11
-2.81007e-11
2.04242e-11
-1.02675e-11
3.24694e-12
-1.89795e-12
3.27225e-12
-1.72268e-12
-6.3481e-12
1.88706e-11
-2.96197e-11
3.23738e-11
-2.52729e-11
1.14728e-11
2.51556e-12
-1.02273e-11
7.55092e-12
5.45989e-12
-2.46936e-11
4.2988e-11
-5.33887e-11
5.25016e-11
-4.28976e-11
3.11362e-11
-2.31528e-11
1.94752e-11
-1.54497e-11
5.51249e-12
1.1151e-11
-2.94161e-11
4.14e-11
-4.21071e-11
3.19676e-11
-1.60459e-11
7.76709e-13
7.91726e-12
-6.16665e-12
-6.66868e-12
2.63063e-11
-4.48606e-11
5.48574e-11
-5.43714e-11
4.76154e-11
-4.09449e-11
3.68188e-11
-3.23856e-11
2.29339e-11
-7.38897e-12
-1.05991e-11
2.54764e-11
-3.38204e-11
3.48176e-11
-2.91769e-11
1.82726e-11
-5.55744e-12
-3.47146e-12
3.61496e-12
5.76905e-12
-1.9958e-11
3.20876e-11
-3.85549e-11
4.03743e-11
-4.04735e-11
3.95234e-11
-3.5869e-11
2.81157e-11
-1.76566e-11
7.25211e-12
1.41912e-12
-8.95335e-12
1.5933e-11
-2.10875e-11
2.16426e-11
-1.66556e-11
8.58798e-12
-2.01374e-12
-1.24686e-13
-2.15262e-12
6.92766e-12
-1.28323e-11
1.9047e-11
-2.43387e-11
2.62889e-11
-2.3274e-11
1.6357e-11
-9.54969e-12
6.53456e-12
-7.71077e-12
9.60395e-12
-8.2544e-12
2.36878e-12
5.5932e-12
-1.18479e-11
1.36887e-11
-1.09858e-11
5.33655e-12
7.03484e-13
-4.67873e-12
4.5941e-12
-3.58642e-13
-5.56374e-12
8.63469e-12
-5.55918e-12
-2.87869e-12
1.12464e-11
-1.32847e-11
6.3557e-12
6.08699e-12
-1.70746e-11
2.06532e-11
-1.57525e-11
5.74045e-12
4.11561e-12
-9.78187e-12
9.41085e-12
-3.8475e-12
-3.89103e-12
9.38799e-12
-9.63959e-12
5.45931e-12
-2.084e-12
5.32223e-12
-1.6637e-11
3.05043e-11
-3.80211e-11
3.31467e-11
-1.72743e-11
-2.43426e-12
1.78135e-11
-2.42863e-11
2.15422e-11
-1.25847e-11
1.96805e-12
5.15705e-12
-5.39484e-12
-7.30768e-13
8.08037e-12
-1.08077e-11
7.44884e-12
-3.27402e-12
5.90672e-12
-1.87218e-11
3.71071e-11
-5.18442e-11
5.5265e-11
-4.5816e-11
2.72422e-11
-5.78189e-12
-1.25522e-11
2.27515e-11
-2.25545e-11
1.40882e-11
-4.06645e-12
-5.66904e-13
-2.25932e-12
7.89195e-12
-9.74579e-12
5.56475e-12
-1.02885e-13
7.61839e-13
-1.14875e-11
2.95835e-11
-4.84198e-11
6.13701e-11
-6.43739e-11
5.57839e-11
-3.70501e-11
1.33547e-11
7.01144e-12
-1.72099e-11
1.63316e-11
-1.02714e-11
6.41373e-12
-7.69579e-12
1.07055e-11
-1.03449e-11
5.10503e-12
1.26845e-12
-3.46019e-12
-1.7961e-12
1.4352e-11
-3.20583e-11
5.10778e-11
-6.59522e-11
7.03782e-11
-6.10743e-11
4.08923e-11
-1.8361e-11
1.87797e-12
5.63499e-12
-7.64562e-12
9.0774e-12
-1.17813e-11
1.36983e-11
-1.24103e-11
7.69444e-12
-1.71666e-12
-3.07452e-12
4.42478e-12
-8.07674e-14
-1.21161e-11
3.14862e-11
-5.27618e-11
6.74842e-11
-6.95687e-11
5.92628e-11
-4.2661e-11
2.64259e-11
-1.37954e-11
4.15204e-12
3.72501e-12
-9.80179e-12
1.3044e-11
-1.33488e-11
1.13546e-11
-7.52503e-12
1.6774e-12
4.88427e-12
-8.26939e-12
3.442e-12
1.13164e-11
-3.2173e-11
5.13896e-11
-6.25851e-11
6.39291e-11
-5.78053e-11
4.73308e-11
-3.46598e-11
2.11885e-11
-8.90893e-12
-4.4892e-13
6.50576e-12
-1.04902e-11
1.29947e-11
-1.28421e-11
8.06034e-12
7.07306e-13
-9.08166e-12
1.10249e-11
-3.47911e-12
-1.17805e-11
2.96289e-11
-4.53754e-11
5.62156e-11
-6.09584e-11
5.8868e-11
-5.04574e-11
3.80238e-11
-2.52324e-11
1.44887e-11
-5.7435e-12
-2.53784e-12
1.0205e-11
-1.4684e-11
1.29737e-11
-5.29668e-12
-4.43661e-12
1.08711e-11
-1.07509e-11
3.67085e-12
8.77359e-12
-2.45263e-11
4.06879e-11
-5.35358e-11
5.94432e-11
-5.75043e-11
5.00412e-11
-4.08124e-11
3.16099e-11
-2.17775e-11
1.01584e-11
1.94433e-12
-1.10717e-11
1.39696e-11
-1.06981e-11
5.08308e-12
-1.31085e-12
2.75327e-13
5.66394e-14
2.59041e-14
4.08012e-15
0
