0
1.38099e-14
1.99742e-13
1.38887e-12
4.61784e-12
8.22797e-12
4.06446e-12
1.46503e-11
-1.02675e-11
-1.96913e-11
3.88185e-11
-8.6819e-11
4.02399e-11
-6.08472e-11
-1.92637e-11
-5.15053e-11
-1.98163e-11
-6.90623e-11
-6.34052e-11
-1.35441e-11
-1.33045e-10
-1.27954e-11
-1.09842e-10
-6.26538e-11
-1.10597e-10
-5.49433e-11
-1.24839e-10
-1.02114e-10
-6.13553e-11
-1.6897e-10
-5.70866e-11
-1.44887e-10
-9.23583e-11
-1.51608e-10
-7.18481e-11
-1.59002e-10
-1.16693e-10
-8.5215e-11
-1.75352e-10
-7.36283e-11
-1.46921e-10
-9.01885e-11
-1.55989e-10
-5.34732e-11
-1.54165e-10
-9.1234e-11
-6.95809e-11
-1.37776e-10
-4.89629e-11
-1.03464e-10
-4.53249e-11
-1.13284e-10
7.97262e-12
-1.02648e-10
-2.06622e-11
-1.0249e-11
-5.42386e-11
1.7659e-11
-1.58366e-11
3.88379e-11
-2.77823e-11
1.04744e-10
-1.24853e-11
8.36876e-11
8.05596e-11
6.00321e-11
1.10198e-10
9.7077e-11
1.41662e-10
7.88801e-11
2.11812e-10
9.12384e-11
1.9357e-10
1.74391e-10
1.73348e-10
1.97522e-10
2.01103e-10
2.285e-10
1.71439e-10
2.91734e-10
1.71627e-10
2.701e-10
2.3349e-10
2.45241e-10
2.41834e-10
2.55917e-10
2.6062e-10
2.11274e-10
3.0603e-10
1.91448e-10
2.76136e-10
2.23501e-10
2.39813e-10
2.12197e-10
2.29133e-10
2.09604e-10
1.70722e-10
2.30199e-10
1.27782e-10
1.91376e-10
1.2819e-10
1.40845e-10
9.88774e-11
1.10903e-10
7.14656e-11
4.66437e-11
6.72131e-11
-1.53432e-11
2.46523e-11
-3.9348e-11
-3.70655e-11
-7.72242e-11
-7.67442e-11
-1.25339e-10
-1.32507e-10
-1.46456e-10
-2.02025e-10
-1.82277e-10
-2.34551e-10
-2.46712e-10
-2.65153e-10
-2.80869e-10
-3.22813e-10
-3.10561e-10
-3.46622e-10
-3.71106e-10
-3.63031e-10
-3.91305e-10
-4.18744e-10
-3.96709e-10
-4.30944e-10
-4.48789e-10
-4.19381e-10
-4.59489e-10
-4.54204e-10
-4.46416e-10
-4.42756e-10
-4.83049e-10
-4.09182e-10
-4.61987e-10
-4.41387e-10
-4.02622e-10
-4.2758e-10
-4.00446e-10
-3.825e-10
-3.47109e-10
-3.9499e-10
-2.70963e-10
-3.40283e-10
-2.74789e-10
-2.3972e-10
-2.35049e-10
-1.99543e-10
-1.65962e-10
-1.08976e-10
-1.57116e-10
-2.24299e-13
-8.21136e-11
2.3467e-11
3.92969e-11
7.78244e-11
1.0638e-10
1.53192e-10
2.13264e-10
1.72885e-10
3.32004e-10
2.43062e-10
3.72211e-10
3.5584e-10
4.19092e-10
4.28981e-10
4.78056e-10
5.19543e-10
4.93463e-10
6.18653e-10
5.29332e-10
6.57037e-10
6.0382e-10
6.70308e-10
6.58421e-10
6.92456e-10
6.9852e-10
6.89116e-10
7.50505e-10
6.67887e-10
7.66941e-10
6.84327e-10
7.2627e-10
7.00354e-10
7.00838e-10
6.6765e-10
6.70664e-10
6.56337e-10
5.8686e-10
6.35898e-10
5.43028e-10
5.36719e-10
5.13074e-10
4.66851e-10
4.08167e-10
4.12045e-10
3.34811e-10
2.83535e-10
2.74491e-10
1.96486e-10
1.33501e-10
1.30159e-10
3.55949e-11
-1.92578e-11
-3.01777e-11
-1.35075e-10
-1.64798e-10
-2.2281e-10
-2.64302e-10
-3.69794e-10
-3.41366e-10
-4.70673e-10
-4.86817e-10
-5.25165e-10
-6.12479e-10
-6.18767e-10
-7.00949e-10
-6.96381e-10
-8.09118e-10
-7.50058e-10
-8.86272e-10
-8.39046e-10
-9.05262e-10
-9.37859e-10
-9.19667e-10
-9.93364e-10
-9.48625e-10
-1.02499e-09
-9.49254e-10
-1.05629e-09
-9.45989e-10
-1.02218e-09
-9.87395e-10
-9.44747e-10
-9.82125e-10
-9.1362e-10
-9.21619e-10
-8.49469e-10
-8.93666e-10
-7.51425e-10
-8.04512e-10
-7.20179e-10
-6.55102e-10
-6.45727e-10
-5.69811e-10
-5.07508e-10
-4.56188e-10
-4.19226e-10
-2.97488e-10
-2.93247e-10
-1.99259e-10
-1.17649e-10
-7.53245e-11
2.45894e-13
9.94973e-11
1.23386e-10
2.3382e-10
2.84886e-10
3.60895e-10
4.21458e-10
5.08139e-10
5.50763e-10
6.26294e-10
7.08377e-10
7.0949e-10
8.56082e-10
8.15212e-10
9.42672e-10
9.43775e-10
1.01842e-09
1.02727e-09
1.09939e-09
1.11845e-09
1.10657e-09
1.23189e-09
1.12053e-09
1.24746e-09
1.19004e-09
1.23188e-09
1.19341e-09
1.24258e-09
1.18899e-09
1.17003e-09
1.21903e-09
1.08983e-09
1.15711e-09
1.06535e-09
1.05576e-09
9.88896e-10
9.80129e-10
8.87539e-10
8.57791e-10
8.07084e-10
7.12406e-10
6.87626e-10
5.94795e-10
5.25853e-10
4.71506e-10
3.77117e-10
3.02187e-10
2.51089e-10
1.27534e-10
8.80138e-11
-1.43502e-11
-8.01424e-11
-1.95333e-10
-2.03865e-10
-3.7213e-10
-3.86967e-10
-4.65908e-10
-5.93769e-10
-5.94599e-10
-7.21691e-10
-7.45721e-10
-8.69293e-10
-8.34427e-10
-1.01145e-09
-9.65331e-10
-1.05971e-09
-1.12133e-09
-1.11226e-09
-1.20589e-09
-1.18718e-09
-1.26669e-09
-1.22541e-09
-1.32007e-09
-1.25263e-09
-1.32428e-09
-1.29477e-09
-1.28318e-09
-1.31184e-09
-1.25945e-09
-1.25584e-09
-1.24491e-09
-1.19859e-09
-1.15929e-09
-1.15641e-09
-1.07454e-09
-1.03978e-09
-1.00775e-09
-9.35507e-10
-8.51857e-10
-8.67874e-10
-7.01855e-10
-7.13333e-10
-6.05845e-10
-5.39703e-10
-4.61778e-10
-3.93371e-10
-3.1665e-10
-2.02546e-10
-2.01696e-10
-8.97999e-12
-4.90415e-11
1.33201e-10
1.47278e-10
2.51163e-10
3.31592e-10
3.95618e-10
4.80129e-10
5.33484e-10
6.50714e-10
6.32377e-10
7.95762e-10
7.8394e-10
8.59806e-10
9.3478e-10
9.63861e-10
9.96349e-10
1.07883e-09
1.07844e-09
1.11873e-09
1.16107e-09
1.17521e-09
1.17431e-09
1.22826e-09
1.20139e-09
1.20755e-09
1.24644e-09
1.16397e-09
1.2463e-09
1.14053e-09
1.1918e-09
1.1145e-09
1.12964e-09
1.0479e-09
1.05414e-09
1.00082e-09
9.0795e-10
9.62634e-10
7.89227e-10
8.26625e-10
7.21765e-10
6.83524e-10
5.90139e-10
5.73752e-10
4.62763e-10
4.055e-10
3.66372e-10
2.47697e-10
2.13076e-10
1.36823e-10
4.47614e-11
4.09099e-12
-8.33542e-11
-1.61646e-10
-1.9038e-10
-3.13609e-10
-3.23796e-10
-4.27814e-10
-4.49566e-10
-5.67262e-10
-5.33082e-10
-6.81712e-10
-6.74315e-10
-7.08595e-10
-8.2223e-10
-7.73141e-10
-8.81341e-10
-8.59923e-10
-9.44779e-10
-8.92999e-10
-1.00029e-09
-9.44964e-10
-9.91019e-10
-1.00771e-09
-9.73824e-10
-1.01919e-09
-9.84442e-10
-9.7941e-10
-9.8835e-10
-9.51161e-10
-9.29276e-10
-9.38399e-10
-8.71796e-10
-8.64846e-10
-8.2977e-10
-8.05966e-10
-7.12004e-10
-7.74783e-10
-6.13553e-10
-6.549e-10
-5.74837e-10
-5.14001e-10
-4.94433e-10
-4.07283e-10
-3.9458e-10
-2.86549e-10
-3.05992e-10
-1.5949e-10
-2.01751e-10
-6.59522e-11
-5.21335e-11
-7.0692e-12
8.60748e-11
1.05956e-10
1.53911e-10
2.36344e-10
2.55064e-10
3.00801e-10
3.71386e-10
3.92187e-10
4.28403e-10
4.86829e-10
5.17089e-10
5.13115e-10
6.25855e-10
5.43852e-10
6.78531e-10
6.12558e-10
6.83016e-10
6.83358e-10
6.90475e-10
7.09046e-10
7.07459e-10
7.37248e-10
6.72827e-10
7.73848e-10
6.63041e-10
7.21064e-10
7.00651e-10
6.65729e-10
6.64532e-10
6.62602e-10
6.02664e-10
6.22048e-10
5.67589e-10
5.59418e-10
5.16589e-10
5.06134e-10
4.45911e-10
4.46072e-10
3.94859e-10
3.34381e-10
3.82404e-10
2.20359e-10
3.07896e-10
1.84949e-10
1.89966e-10
1.27231e-10
1.22962e-10
4.58947e-11
3.09354e-11
1.21033e-11
-7.6547e-11
-4.5682e-11
-1.31296e-10
-1.41345e-10
-1.6452e-10
-2.20421e-10
-2.30262e-10
-2.43454e-10
-3.24755e-10
-2.69705e-10
-3.62221e-10
-3.36256e-10
-3.91767e-10
-3.54061e-10
-4.47648e-10
-3.83228e-10
-4.2991e-10
-4.64779e-10
-3.95692e-10
-4.96858e-10
-4.11229e-10
-4.78215e-10
-4.36759e-10
-4.58505e-10
-4.30846e-10
-4.5997e-10
-4.08905e-10
-4.30209e-10
-4.18898e-10
-3.86858e-10
-3.79054e-10
-4.01797e-10
-3.08626e-10
-3.70906e-10
-3.11598e-10
-2.8052e-10
-3.13254e-10
-2.21258e-10
-2.74472e-10
-1.82542e-10
-2.2699e-10
-1.36554e-10
-1.89953e-10
-8.69078e-11
-1.28269e-10
-8.6796e-11
-2.97309e-11
-6.97112e-11
-3.35858e-12
1.83098e-11
2.27945e-12
6.19127e-11
6.6204e-11
7.20949e-11
1.18752e-10
1.01811e-10
1.53331e-10
1.29175e-10
1.94831e-10
1.32816e-10
2.4849e-10
1.42709e-10
2.45856e-10
2.20571e-10
1.98902e-10
2.65841e-10
2.2063e-10
2.47785e-10
2.4403e-10
2.59013e-10
2.31669e-10
2.67729e-10
2.34903e-10
2.52686e-10
2.43099e-10
2.39569e-10
2.20287e-10
2.67527e-10
1.6092e-10
2.78383e-10
1.65816e-10
2.06911e-10
2.01944e-10
1.63486e-10
1.80203e-10
1.48358e-10
1.65397e-10
1.08407e-10
1.59293e-10
7.93981e-11
1.26841e-10
7.96992e-11
6.87544e-11
8.10418e-11
5.21405e-11
1.38847e-11
8.19842e-11
-3.61278e-11
4.49884e-11
-1.936e-11
-9.30945e-12
-2.69791e-11
-3.23163e-11
-3.83966e-11
-6.77477e-11
-3.10424e-11
-1.11838e-10
-2.5043e-11
-1.2611e-10
-6.90206e-11
-8.69762e-11
-1.19514e-10
-9.77206e-11
-8.95629e-11
-1.49311e-10
-7.54108e-11
-1.47426e-10
-9.83523e-11
-1.35446e-10
-1.07173e-10
-1.32589e-10
-1.11653e-10
-1.20017e-10
-1.3675e-10
-7.18253e-11
-1.75703e-10
-5.58156e-11
-1.37859e-10
-1.04257e-10
-8.98703e-11
-1.0114e-10
-1.04841e-10
-6.51645e-11
-1.11542e-10
-5.11611e-11
-9.62386e-11
-5.19486e-11
-7.71325e-11
-3.75217e-11
-7.81546e-11
-2.52337e-11
-3.67218e-11
-7.28513e-11
2.99385e-11
-8.06363e-11
1.83071e-11
-2.86178e-11
-6.36467e-12
-1.65213e-12
5.83022e-12
-8.60543e-12
3.71293e-11
-1.40994e-11
4.06956e-11
1.20468e-11
3.99223e-11
2.34131e-12
7.39726e-11
8.28867e-13
5.01652e-11
6.11304e-11
8.15272e-13
9.57329e-11
1.85916e-12
7.79679e-11
3.98705e-11
4.54873e-11
5.28975e-11
6.50451e-11
2.30726e-11
7.98157e-11
3.25684e-11
6.11233e-11
3.27911e-11
8.07324e-11
4.37184e-12
8.89609e-11
1.44162e-11
5.23095e-11
6.09966e-11
-3.07066e-12
8.74557e-11
1.98706e-12
4.2913e-11
3.95672e-11
2.49666e-11
1.78285e-11
4.59227e-11
4.01633e-13
4.14362e-11
-1.50224e-12
3.71678e-11
-1.23791e-11
4.85092e-11
-3.96971e-11
5.90066e-11
-2.9928e-11
4.79037e-12
3.04435e-11
-4.04917e-11
2.59071e-11
-1.41214e-11
-1.12024e-11
4.30387e-12
-1.86845e-11
-1.16793e-11
4.26325e-12
-3.94248e-11
1.22974e-11
-3.38361e-11
2.39115e-12
-4.88716e-11
3.4391e-11
-7.62868e-11
2.84357e-11
-4.14825e-11
-2.06788e-11
5.46255e-13
-4.393e-11
-3.52362e-12
-1.30271e-11
-4.69655e-11
1.64334e-11
-3.86382e-11
-2.05606e-11
-1.44114e-13
-3.64187e-11
1.6159e-12
-3.57187e-11
1.16666e-11
-5.00506e-11
3.00151e-11
-6.06943e-11
3.036e-11
-3.45305e-11
-1.4719e-11
1.12035e-11
-2.25546e-11
-1.93342e-11
2.85183e-11
-5.38929e-11
3.89519e-11
-3.53774e-11
6.71875e-12
5.83002e-12
-2.37448e-11
1.90051e-11
-1.34347e-11
1.00317e-11
-2.09554e-11
3.5588e-11
-3.45643e-11
2.58331e-11
-4.26355e-12
-1.90064e-12
1.02402e-11
7.34766e-12
-1.96913e-11
5.42341e-11
-6.22036e-11
6.82749e-11
-3.13467e-11
1.20498e-11
1.65098e-11
-6.22621e-12
1.27481e-11
6.08225e-12
1.20745e-12
1.21017e-11
5.07231e-12
-4.84061e-13
1.58225e-11
3.28256e-12
-2.85536e-12
1.43456e-11
1.59206e-11
-3.23742e-11
6.24005e-11
-5.71632e-11
5.81048e-11
-2.86674e-11
1.15892e-11
1.67294e-11
-1.15151e-11
1.78514e-12
2.98827e-11
-3.84763e-11
4.15409e-11
-2.49474e-11
2.03026e-11
-1.00328e-11
8.38473e-12
-2.46911e-12
4.35841e-12
3.23651e-12
-1.64168e-11
3.57933e-11
-4.31403e-11
3.27398e-11
-8.62094e-12
-1.26677e-11
1.69278e-11
-7.91996e-12
-1.31081e-11
3.66112e-11
-6.14049e-11
6.56263e-11
-5.26834e-11
2.39722e-11
-7.46824e-12
-3.49919e-13
-8.08634e-12
1.07e-11
-1.55875e-11
1.09061e-11
-1.21802e-11
4.41337e-12
-4.92686e-12
7.10629e-12
-2.37874e-11
2.59774e-11
-1.61199e-11
-1.43291e-11
3.68502e-11
-5.39981e-11
4.95793e-11
-3.80754e-11
1.23669e-11
7.1597e-12
-1.99027e-11
6.18365e-12
1.81973e-11
-4.42722e-11
4.96533e-11
-4.66142e-11
3.63758e-11
-2.91127e-11
1.8745e-11
-1.5952e-11
1.67466e-11
-1.98786e-11
1.28257e-11
5.83015e-13
-1.38244e-11
1.21662e-11
3.18183e-12
-2.21027e-11
3.1317e-11
-2.93065e-11
1.61519e-11
9.27647e-12
-3.99826e-11
5.93051e-11
-5.40138e-11
3.15754e-11
-6.67995e-12
-6.56262e-12
7.52691e-12
3.07606e-12
-1.78239e-11
3.46932e-11
-4.37805e-11
4.18806e-11
-2.93847e-11
2.30766e-11
-2.63571e-11
3.3661e-11
-3.04693e-11
2.08326e-11
-7.49626e-12
-3.58327e-12
1.32471e-11
-1.13282e-11
-3.21858e-12
2.73973e-11
-4.32666e-11
4.07324e-11
-1.66948e-11
-1.28197e-11
3.66034e-11
-4.73988e-11
4.64894e-11
-2.95027e-11
4.37508e-12
1.37033e-11
-1.08276e-11
-5.32938e-12
2.22741e-11
-3.19373e-11
3.63452e-11
-3.57998e-11
3.23063e-11
-2.79245e-11
2.7518e-11
-3.20639e-11
3.62912e-11
-2.99785e-11
1.21377e-11
4.60663e-12
-7.79643e-12
-1.7017e-12
1.65517e-11
-3.39887e-11
4.88694e-11
-4.95873e-11
2.8432e-11
4.61568e-12
-3.18424e-11
4.0916e-11
-3.26167e-11
1.36094e-11
6.44114e-12
-2.10124e-11
2.30014e-11
-9.35457e-12
-1.51962e-11
3.42556e-11
-3.82309e-11
3.21461e-11
-2.78485e-11
2.57995e-11
-2.35665e-11
2.28439e-11
-2.67896e-11
2.83013e-11
-2.11769e-11
8.75575e-12
-3.21009e-12
1.05537e-11
-2.80677e-11
4.53565e-11
-5.42285e-11
5.09765e-11
-3.63529e-11
1.11163e-11
1.63573e-11
-3.0123e-11
1.94967e-11
6.15826e-12
-2.94381e-11
4.14808e-11
-4.19567e-11
2.82758e-11
-1.60648e-12
-2.561e-11
3.77541e-11
-3.19584e-11
1.7468e-11
-4.90495e-12
-1.02293e-12
4.86247e-13
4.61315e-12
-1.2866e-11
2.10774e-11
-2.34514e-11
1.8944e-11
-1.66453e-11
2.49944e-11
-3.83745e-11
4.46083e-11
-4.09896e-11
3.24649e-11
-1.95781e-11
2.4422e-12
9.10599e-12
-2.63356e-12
-2.04841e-11
4.5992e-11
-6.0605e-11
5.94563e-11
-4.35148e-11
1.77793e-11
9.07559e-12
-2.57541e-11
2.29614e-11
-1.08393e-12
-2.59819e-11
4.16158e-11
-4.11006e-11
3.0059e-11
-1.20842e-11
-1.034e-11
2.68979e-11
-2.65796e-11
1.34968e-11
-2.45178e-12
-8.49195e-14
-1.21215e-12
3.34501e-12
-8.06189e-12
1.35447e-11
-1.46772e-11
1.15138e-11
-1.08236e-11
1.8116e-11
-3.16032e-11
4.28307e-11
-4.39185e-11
3.44104e-11
-2.01221e-11
5.48127e-12
5.91299e-12
-5.84407e-12
-1.27101e-11
4.156e-11
-6.18604e-11
6.36964e-11
-5.15532e-11
3.06546e-11
-4.02026e-12
-1.785e-11
1.96975e-11
4.53553e-13
-2.82372e-11
4.84081e-11
-5.54099e-11
4.85851e-11
-2.93328e-11
4.09876e-12
1.55391e-11
-2.04036e-11
9.88036e-12
7.15933e-12
-1.95434e-11
2.263e-11
-1.94938e-11
1.23755e-11
-1.12785e-12
-9.70783e-12
1.18051e-11
-6.42008e-12
4.70726e-12
-1.12312e-11
1.76879e-11
-1.82004e-11
1.65238e-11
-1.4706e-11
7.8782e-12
2.63522e-12
-5.29138e-12
-6.9288e-12
2.67964e-11
-4.3185e-11
5.08741e-11
-4.82517e-11
3.38928e-11
-1.1327e-11
-8.88666e-12
1.4757e-11
-1.53694e-12
-2.46941e-11
5.04566e-11
-6.46057e-11
6.35341e-11
-4.80337e-11
2.09646e-11
6.97246e-12
-1.90976e-11
8.11474e-12
1.56107e-11
-3.80616e-11
5.39338e-11
-6.01174e-11
4.95264e-11
-2.34175e-11
-1.97195e-12
1.1584e-11
-6.85009e-12
-3.77356e-12
1.74244e-11
-3.1842e-11
3.81055e-11
-3.04054e-11
1.52614e-11
-3.71892e-12
-9.59318e-13
1.58587e-12
-1.50199e-13
-2.84253e-12
5.21989e-12
-4.54536e-12
8.51212e-13
2.27084e-12
-7.48006e-13
-5.02806e-12
8.47383e-12
-4.30208e-12
-5.2107e-12
1.48622e-11
-2.39111e-11
3.10054e-11
-2.87559e-11
1.30525e-11
5.95317e-12
-1.41548e-11
9.28337e-12
2.83018e-12
-2.10244e-11
4.34554e-11
-5.7616e-11
5.06984e-11
-2.73881e-11
3.70549e-12
1.10613e-11
-1.54418e-11
5.42425e-12
2.05625e-11
-5.07692e-11
6.69525e-11
-6.22453e-11
4.2961e-11
-1.79685e-11
-5.19512e-12
1.67369e-11
-8.99153e-12
-1.53733e-11
4.35565e-11
-6.2127e-11
6.40133e-11
-5.02185e-11
2.73078e-11
-4.28818e-12
-1.00923e-11
8.84019e-12
8.41761e-12
-3.21075e-11
4.86255e-11
-5.22112e-11
4.5614e-11
-3.17402e-11
1.27069e-11
2.73668e-12
-3.9825e-12
-7.82102e-12
2.06631e-11
-2.82465e-11
3.31064e-11
-3.4339e-11
2.626e-11
-1.24152e-11
4.89913e-12
-7.12965e-12
1.02103e-11
-9.85551e-12
1.12552e-11
-1.53502e-11
1.489e-11
-9.18243e-12
7.13506e-12
-1.19521e-11
1.53392e-11
-1.2123e-11
6.8987e-12
-3.17894e-12
-2.34751e-12
9.32858e-12
-1.01722e-11
1.27894e-12
1.03987e-11
-1.70047e-11
1.70589e-11
-1.13545e-11
-9.0425e-13
1.68983e-11
-2.83077e-11
2.78821e-11
-1.60507e-11
-9.91182e-13
1.56437e-11
-2.18063e-11
1.60167e-11
7.83746e-13
-2.28979e-11
4.0558e-11
-4.44992e-11
3.23243e-11
-1.10302e-11
-9.33261e-12
2.15313e-11
-2.07577e-11
3.98915e-12
2.35741e-11
-4.73739e-11
5.48032e-11
-4.56046e-11
2.62196e-11
-2.03088e-12
-1.92236e-11
2.44261e-11
-7.47841e-12
-2.12103e-11
4.53814e-11
-5.80817e-11
5.7971e-11
-4.17943e-11
1.20744e-11
1.45998e-11
-2.15565e-11
8.78549e-12
1.30216e-11
-3.76493e-11
5.97828e-11
-6.69708e-11
5.05631e-11
-2.0789e-11
-3.4885e-12
1.41312e-11
-1.24761e-11
-3.1609e-12
3.18362e-11
-5.8966e-11
6.67323e-11
-5.3992e-11
3.25702e-11
-1.03684e-11
-9.01615e-12
1.56895e-11
-9.64324e-13
-2.74036e-11
5.09412e-11
-6.05497e-11
5.80892e-11
-4.42271e-11
1.94033e-11
4.86348e-12
-1.2542e-11
8.03648e-13
1.94211e-11
-3.9382e-11
5.56553e-11
-6.14517e-11
4.93215e-11
-2.4674e-11
3.252e-12
5.2597e-12
-2.22623e-12
-1.03055e-11
3.11577e-11
-5.18998e-11
5.91906e-11
-4.94228e-11
3.12003e-11
-1.35297e-11
4.72222e-14
4.44153e-12
5.43928e-12
-2.62432e-11
4.51684e-11
-5.30105e-11
4.98439e-11
-3.84864e-11
2.07804e-11
-3.32994e-12
-3.45198e-12
-4.47441e-12
2.05329e-11
-3.64086e-11
4.77982e-11
-5.12145e-11
4.27383e-11
-2.49597e-11
7.98131e-12
-5.24163e-13
3.37e-12
-1.38561e-11
2.9365e-11
-4.45269e-11
5.07018e-11
-4.40163e-11
2.93246e-11
-1.45013e-11
4.08507e-12
-1.24149e-12
8.80232e-12
-2.48635e-11
4.06577e-11
-4.79878e-11
4.52399e-11
-3.51346e-11
2.04594e-11
-6.22864e-12
7.79026e-14
-6.22876e-12
2.04594e-11
-3.51345e-11
4.52399e-11
-4.79879e-11
4.06578e-11
-2.48635e-11
8.80234e-12
-1.24156e-12
4.08514e-12
-1.45013e-11
2.93245e-11
-4.40162e-11
5.07017e-11
-4.45268e-11
2.93649e-11
-1.3856e-11
3.37007e-12
-5.24355e-13
7.98141e-12
-2.49597e-11
4.27383e-11
-5.12145e-11
4.77982e-11
-3.64084e-11
2.05328e-11
-4.47451e-12
-3.45187e-12
-3.33002e-12
2.07806e-11
-3.84866e-11
4.9844e-11
-5.30104e-11
4.51682e-11
-2.62429e-11
5.43893e-12
4.44197e-12
4.68608e-14
-1.35296e-11
3.12004e-11
-4.94231e-11
5.9191e-11
-5.19003e-11
3.11582e-11
-1.03059e-11
-2.22604e-12
5.25983e-12
3.25164e-12
-2.46736e-11
4.93211e-11
-6.14513e-11
5.56548e-11
-3.93817e-11
1.94211e-11
8.03572e-13
-1.2542e-11
4.86335e-12
1.94037e-11
-4.42276e-11
5.80896e-11
-6.05501e-11
5.09416e-11
-2.7404e-11
-9.64084e-13
1.56896e-11
-9.0166e-12
-1.03678e-11
3.25695e-11
-5.39912e-11
6.67315e-11
-5.89655e-11
3.18362e-11
-3.16138e-12
-1.24754e-11
1.41304e-11
-3.48759e-12
-2.07898e-11
5.05636e-11
-6.69707e-11
5.97823e-11
-3.76487e-11
1.30209e-11
8.78613e-12
-2.1557e-11
1.46e-11
1.20747e-11
-4.17948e-11
5.79715e-11
-5.80821e-11
4.53818e-11
-2.12105e-11
-7.47861e-12
2.44265e-11
-1.9224e-11
-2.03048e-12
2.62192e-11
-4.56044e-11
5.48033e-11
-4.73741e-11
2.35743e-11
3.9888e-12
-2.07573e-11
2.1531e-11
-9.3324e-12
-1.10303e-11
3.23245e-11
-4.44992e-11
4.05578e-11
-2.28977e-11
7.83463e-13
1.6017e-11
-2.18067e-11
1.56442e-11
-9.91613e-13
-1.60503e-11
2.78819e-11
-2.83078e-11
1.68985e-11
-9.04665e-13
-1.1354e-11
1.70581e-11
-1.7004e-11
1.03982e-11
1.27924e-12
-1.01723e-11
9.32847e-12
-2.34712e-12
-3.17959e-12
6.8994e-12
-1.21236e-11
1.53397e-11
-1.19525e-11
7.13523e-12
-9.18233e-12
1.48897e-11
-1.53499e-11
1.12549e-11
-9.85517e-12
1.021e-11
-7.12942e-12
4.89902e-12
-1.24152e-11
2.62601e-11
-3.43391e-11
3.31066e-11
-2.82466e-11
2.06632e-11
-7.82113e-12
-3.98244e-12
2.73675e-12
1.27068e-11
-3.17402e-11
4.5614e-11
-5.22112e-11
4.86255e-11
-3.21076e-11
8.41783e-12
8.83991e-12
-1.00922e-11
-4.28805e-12
2.73076e-11
-5.02185e-11
6.40132e-11
-6.21268e-11
4.35563e-11
-1.53734e-11
-8.99123e-12
1.67367e-11
-5.19511e-12
-1.79685e-11
4.2961e-11
-6.22451e-11
6.69522e-11
-5.07688e-11
2.05622e-11
5.42426e-12
-1.54415e-11
1.10609e-11
3.70586e-12
-2.73886e-11
5.06988e-11
-5.76162e-11
4.34554e-11
-2.10242e-11
2.8298e-12
9.28374e-12
-1.41551e-11
5.95345e-12
1.30522e-11
-2.87557e-11
3.10054e-11
-2.39112e-11
1.48623e-11
-5.21081e-12
-4.30188e-12
8.47348e-12
-5.02767e-12
-7.48242e-13
2.27087e-12
8.51241e-13
-4.54539e-12
5.22004e-12
-2.84284e-12
-1.49831e-13
1.58559e-12
-9.59202e-13
-3.71892e-12
1.52614e-11
-3.04053e-11
3.81053e-11
-3.18417e-11
1.74241e-11
-3.77334e-12
-6.85022e-12
1.1584e-11
-1.9718e-12
-2.34178e-11
4.95267e-11
-6.01178e-11
5.39342e-11
-3.80617e-11
1.56105e-11
8.11511e-12
-1.9098e-11
6.97284e-12
2.09643e-11
-4.80335e-11
6.35343e-11
-6.46061e-11
5.0457e-11
-2.46944e-11
-1.5369e-12
1.47572e-11
-8.88697e-12
-1.13266e-11
3.38924e-11
-4.82515e-11
5.08743e-11
-4.31854e-11
2.67969e-11
-6.92928e-12
-5.29111e-12
2.63525e-12
7.87796e-12
-1.47057e-11
1.65235e-11
-1.82001e-11
1.76879e-11
-1.12313e-11
4.70755e-12
-6.4203e-12
1.18051e-11
-9.70762e-12
-1.12819e-12
1.23758e-11
-1.94942e-11
2.26303e-11
-1.95435e-11
7.15906e-12
9.88077e-12
-2.04039e-11
1.55394e-11
4.09838e-12
-2.93325e-11
4.8585e-11
-5.541e-11
4.84081e-11
-2.82372e-11
4.53622e-13
1.96971e-11
-1.78495e-11
-4.02071e-12
3.0655e-11
-5.15536e-11
6.36967e-11
-6.18604e-11
4.15597e-11
-1.27094e-11
-5.8448e-12
5.91366e-12
5.48073e-12
-2.01217e-11
3.44103e-11
-4.39188e-11
4.28314e-11
-3.16039e-11
1.81166e-11
-1.08239e-11
1.1514e-11
-1.46772e-11
1.35445e-11
-8.06151e-12
3.34471e-12
-1.21209e-12
-8.48205e-14
-2.45188e-12
1.34969e-11
-2.65797e-11
2.68979e-11
-1.03397e-11
-1.20845e-11
3.00594e-11
-4.1101e-11
4.16161e-11
-2.5982e-11
-1.08399e-12
2.29615e-11
-2.57541e-11
9.07576e-12
1.7779e-11
-4.35144e-11
5.9456e-11
-6.06047e-11
4.59915e-11
-2.04836e-11
-2.6338e-12
9.10596e-12
2.44244e-12
-1.95785e-11
3.24654e-11
-4.09901e-11
4.46087e-11
-3.83747e-11
2.49944e-11
-1.66452e-11
1.89438e-11
-2.34512e-11
2.10774e-11
-1.28662e-11
4.61334e-12
4.86024e-13
-1.02263e-12
-4.90517e-12
1.7468e-11
-3.19582e-11
3.77537e-11
-2.56096e-11
-1.60694e-12
2.82762e-11
-4.1957e-11
4.14809e-11
-2.9438e-11
6.15808e-12
1.9497e-11
-3.01232e-11
1.63575e-11
1.11161e-11
-3.63527e-11
5.09765e-11
-5.42284e-11
4.53563e-11
-2.80674e-11
1.05535e-11
-3.21e-12
8.75577e-12
-2.1177e-11
2.83016e-11
-2.67899e-11
2.28443e-11
-2.35667e-11
2.57995e-11
-2.78484e-11
3.2146e-11
-3.82309e-11
3.42555e-11
-1.51962e-11
-9.35451e-12
2.30012e-11
-2.10121e-11
6.44108e-12
1.36092e-11
-3.26164e-11
4.09158e-11
-3.18421e-11
4.61536e-12
2.84322e-11
-4.95872e-11
4.88692e-11
-3.39884e-11
1.65513e-11
-1.70149e-12
-7.79652e-12
4.60667e-12
1.21377e-11
-2.99785e-11
3.62913e-11
-3.2064e-11
2.75181e-11
-2.79246e-11
3.23064e-11
-3.57999e-11
3.63453e-11
-3.19373e-11
2.2274e-11
-5.32916e-12
-1.08278e-11
1.37035e-11
4.37504e-12
-2.95028e-11
4.64895e-11
-4.7399e-11
3.66036e-11
-1.28198e-11
-1.66948e-11
4.07325e-11
-4.32668e-11
2.73975e-11
-3.21879e-12
-1.1328e-11
1.32469e-11
-3.58315e-12
-7.49642e-12
2.08327e-11
-3.04692e-11
3.36606e-11
-2.63566e-11
2.30763e-11
-2.93846e-11
4.18806e-11
-4.37804e-11
3.46933e-11
-1.78243e-11
3.07638e-12
7.52704e-12
-6.56309e-12
-6.67949e-12
3.15751e-11
-5.40136e-11
5.9305e-11
-3.99827e-11
9.27677e-12
1.61514e-11
-2.93062e-11
3.13169e-11
-2.21027e-11
3.18178e-12
1.21664e-11
-1.38246e-11
5.83272e-13
1.28253e-11
-1.98781e-11
1.67463e-11
-1.5952e-11
1.87451e-11
-2.91128e-11
3.6376e-11
-4.66145e-11
4.96535e-11
-4.42725e-11
1.81975e-11
6.18325e-12
-1.99022e-11
7.15907e-12
1.23675e-11
-3.8076e-11
4.95797e-11
-5.3998e-11
3.68498e-11
-1.43287e-11
-1.61204e-11
2.5978e-11
-2.37881e-11
7.10692e-12
-4.92719e-12
4.41349e-12
-1.21804e-11
1.09063e-11
-1.55875e-11
1.06997e-11
-8.08579e-12
-3.50383e-13
-7.46804e-12
2.39721e-11
-5.26832e-11
6.56261e-11
-6.14049e-11
3.66115e-11
-1.31085e-11
-7.91963e-12
1.69277e-11
-1.26675e-11
-8.62128e-12
3.27402e-11
-4.31404e-11
3.57931e-11
-1.64165e-11
3.23628e-12
4.35867e-12
-2.46951e-12
8.38526e-12
-1.00333e-11
2.0303e-11
-2.49476e-11
4.1541e-11
-3.84762e-11
2.98825e-11
1.78544e-12
-1.15153e-11
1.67295e-11
1.15891e-11
-2.86674e-11
5.81049e-11
-5.71633e-11
6.24003e-11
-3.23738e-11
1.592e-11
1.43462e-11
-2.85575e-12
3.28276e-12
1.58225e-11
-4.84212e-13
5.07251e-12
1.21015e-11
1.20775e-12
6.08198e-12
1.27483e-11
-6.22641e-12
1.651e-11
1.20495e-11
-3.13463e-11
6.82745e-11
-6.22035e-11
5.42342e-11
-1.96914e-11
7.34761e-12
1.02403e-11
-1.90055e-12
-4.26374e-12
2.58332e-11
-3.45642e-11
3.5588e-11
-2.09555e-11
1.00321e-11
-1.34351e-11
1.90054e-11
-2.3745e-11
5.8303e-12
6.71836e-12
-3.5377e-11
3.89517e-11
-5.38927e-11
2.8518e-11
-1.93339e-11
-2.25547e-11
1.12035e-11
-1.47188e-11
-3.45307e-11
3.03603e-11
-6.06949e-11
3.00159e-11
-5.00513e-11
1.1667e-11
-3.57188e-11
1.61596e-12
-3.64189e-11
-1.43985e-13
-2.05607e-11
-3.86381e-11
1.64332e-11
-4.69651e-11
-1.30275e-11
-3.52355e-12
-4.39297e-11
5.45968e-13
-2.06787e-11
-4.14823e-11
2.84355e-11
-7.62867e-11
3.43911e-11
-4.8872e-11
2.39156e-12
-3.38365e-11
1.2298e-11
-3.94255e-11
4.26378e-12
-1.16795e-11
-1.86844e-11
4.3037e-12
-1.12021e-11
-1.41217e-11
2.59074e-11
-4.04919e-11
3.04437e-11
4.7902e-12
-2.99279e-11
5.90067e-11
-3.96974e-11
4.85097e-11
-1.23797e-11
3.71684e-11
-1.50276e-12
4.14367e-11
4.01161e-13
4.5923e-11
1.78283e-11
2.49668e-11
3.95668e-11
4.29136e-11
1.9865e-12
8.7456e-11
-3.0706e-12
6.09963e-11
5.23098e-11
1.44158e-11
8.89614e-11
4.37118e-12
8.07331e-11
3.27907e-11
6.11235e-11
3.25684e-11
7.98156e-11
2.30727e-11
6.5045e-11
5.28976e-11
4.54873e-11
3.98703e-11
7.79683e-11
1.8588e-12
9.57331e-11
8.15396e-13
6.11302e-11
5.01653e-11
8.28953e-13
7.39724e-11
2.34145e-12
3.99224e-11
1.20465e-11
4.06961e-11
-1.41e-11
3.71299e-11
-8.60589e-12
5.83052e-12
-1.65236e-12
-6.36442e-12
-2.86181e-11
1.83074e-11
-8.06364e-11
2.99383e-11
-7.28508e-11
-3.67227e-11
-2.52326e-11
-7.81555e-11
-3.75211e-11
-7.71327e-11
-5.19486e-11
-9.62386e-11
-5.1161e-11
-1.11542e-10
-6.51643e-11
-1.04841e-10
-1.0114e-10
-8.98696e-11
-1.04257e-10
-1.37859e-10
-5.58161e-11
-1.75703e-10
-7.18252e-11
-1.3675e-10
-1.20017e-10
-1.11653e-10
-1.32589e-10
-1.07173e-10
-1.35446e-10
-9.83524e-11
-1.47425e-10
-7.54112e-11
-1.49311e-10
-8.95631e-11
-9.77206e-11
-1.19513e-10
-8.69763e-11
-6.90205e-11
-1.2611e-10
-2.5043e-11
-1.11838e-10
-3.10426e-11
-6.77475e-11
-3.83969e-11
-3.23161e-11
-2.69793e-11
-9.30943e-12
-1.93599e-11
4.49881e-11
-3.61276e-11
8.19842e-11
1.38845e-11
5.21408e-11
8.10415e-11
6.87545e-11
7.96993e-11
1.26841e-10
7.93985e-11
1.59293e-10
1.08407e-10
1.65398e-10
1.48357e-10
1.80203e-10
1.63486e-10
2.01944e-10
2.06911e-10
1.65816e-10
2.78384e-10
1.6092e-10
2.67527e-10
2.20287e-10
2.39569e-10
2.43099e-10
2.52687e-10
2.34903e-10
2.67729e-10
2.31669e-10
2.59013e-10
2.4403e-10
2.47785e-10
2.20631e-10
2.6584e-10
1.98903e-10
2.20571e-10
2.45856e-10
1.42709e-10
2.48491e-10
1.32816e-10
1.94832e-10
1.29175e-10
1.53331e-10
1.01811e-10
1.18752e-10
7.20951e-11
6.62035e-11
6.19131e-11
2.27931e-12
1.83097e-11
-3.3585e-12
-6.97111e-11
-2.97311e-11
-8.67958e-11
-1.28269e-10
-8.69078e-11
-1.89953e-10
-1.36553e-10
-2.2699e-10
-1.82542e-10
-2.74472e-10
-2.21258e-10
-3.13254e-10
-2.8052e-10
-3.11598e-10
-3.70906e-10
-3.08626e-10
-4.01797e-10
-3.79054e-10
-3.86858e-10
-4.18898e-10
-4.30209e-10
-4.08905e-10
-4.5997e-10
-4.30847e-10
-4.58505e-10
-4.36759e-10
-4.78216e-10
-4.11229e-10
-4.96859e-10
-3.95692e-10
-4.64779e-10
-4.2991e-10
-3.83228e-10
-4.47648e-10
-3.54061e-10
-3.91767e-10
-3.36257e-10
-3.62221e-10
-2.69705e-10
-3.24754e-10
-2.43454e-10
-2.30262e-10
-2.20421e-10
-1.6452e-10
-1.41345e-10
-1.31295e-10
-4.56822e-11
-7.65469e-11
1.21033e-11
3.09355e-11
4.58945e-11
1.22963e-10
1.2723e-10
1.89966e-10
1.84949e-10
3.07896e-10
2.20359e-10
3.82404e-10
3.34381e-10
3.94859e-10
4.46072e-10
4.45911e-10
5.06134e-10
5.1659e-10
5.59418e-10
5.67589e-10
6.22048e-10
6.02663e-10
6.62602e-10
6.64532e-10
6.65729e-10
7.00651e-10
7.21065e-10
6.6304e-10
7.73848e-10
6.72827e-10
7.37248e-10
7.07458e-10
7.09046e-10
6.90475e-10
6.83358e-10
6.83016e-10
6.12558e-10
6.78531e-10
5.43852e-10
6.25855e-10
5.13116e-10
5.17089e-10
4.86829e-10
4.28403e-10
3.92187e-10
3.71386e-10
3.00802e-10
2.55064e-10
2.36345e-10
1.53911e-10
1.05956e-10
8.60747e-11
-7.06951e-12
-5.2133e-11
-6.59525e-11
-2.01751e-10
-1.59489e-10
-3.05993e-10
-2.86549e-10
-3.9458e-10
-4.07283e-10
-4.94433e-10
-5.14001e-10
-5.74837e-10
-6.549e-10
-6.13553e-10
-7.74783e-10
-7.12004e-10
-8.05966e-10
-8.29771e-10
-8.64845e-10
-8.71796e-10
-9.38399e-10
-9.29276e-10
-9.51162e-10
-9.8835e-10
-9.79409e-10
-9.84442e-10
-1.01919e-09
-9.73825e-10
-1.00771e-09
-9.91018e-10
-9.44965e-10
-1.00029e-09
-8.92999e-10
-9.44779e-10
-8.59923e-10
-8.81341e-10
-7.73141e-10
-8.22229e-10
-7.08596e-10
-6.74315e-10
-6.81712e-10
-5.33082e-10
-5.67262e-10
-4.49566e-10
-4.27814e-10
-3.23795e-10
-3.13609e-10
-1.9038e-10
-1.61646e-10
-8.3354e-11
4.09084e-12
4.47613e-11
1.36823e-10
2.13076e-10
2.47697e-10
3.66372e-10
4.05499e-10
4.62763e-10
5.73752e-10
5.90139e-10
6.83524e-10
7.21765e-10
8.26625e-10
7.89227e-10
9.62633e-10
9.0795e-10
1.00082e-09
1.05414e-09
1.0479e-09
1.12964e-09
1.1145e-09
1.1918e-09
1.14053e-09
1.2463e-09
1.16397e-09
1.24644e-09
1.20755e-09
1.20139e-09
1.22826e-09
1.17431e-09
1.17521e-09
1.16107e-09
1.11873e-09
1.07844e-09
1.07883e-09
9.96349e-10
9.63861e-10
9.3478e-10
8.59806e-10
7.83941e-10
7.95762e-10
6.32377e-10
6.50714e-10
5.33484e-10
4.80129e-10
3.95618e-10
3.31592e-10
2.51163e-10
1.47278e-10
1.332e-10
-4.90413e-11
-8.98017e-12
-2.01695e-10
-2.02546e-10
-3.1665e-10
-3.93371e-10
-4.61778e-10
-5.39703e-10
-6.05845e-10
-7.13334e-10
-7.01855e-10
-8.67874e-10
-8.51858e-10
-9.35507e-10
-1.00775e-09
-1.03978e-09
-1.07454e-09
-1.15641e-09
-1.15929e-09
-1.19859e-09
-1.24491e-09
-1.25584e-09
-1.25945e-09
-1.31184e-09
-1.28318e-09
-1.29477e-09
-1.32428e-09
-1.25263e-09
-1.32007e-09
-1.22541e-09
-1.26669e-09
-1.18718e-09
-1.20589e-09
-1.11226e-09
-1.12133e-09
-1.05971e-09
-9.65331e-10
-1.01145e-09
-8.34428e-10
-8.69293e-10
-7.45721e-10
-7.21691e-10
-5.94599e-10
-5.93769e-10
-4.65908e-10
-3.86967e-10
-3.72129e-10
-2.03865e-10
-1.95333e-10
-8.01426e-11
-1.435e-11
8.80137e-11
1.27534e-10
2.51089e-10
3.02188e-10
3.77117e-10
4.71506e-10
5.25853e-10
5.94796e-10
6.87625e-10
7.12407e-10
8.07084e-10
8.57791e-10
8.87539e-10
9.80129e-10
9.88896e-10
1.05576e-09
1.06535e-09
1.15711e-09
1.08983e-09
1.21903e-09
1.17003e-09
1.18899e-09
1.24258e-09
1.19341e-09
1.23188e-09
1.19004e-09
1.24746e-09
1.12053e-09
1.23189e-09
1.10657e-09
1.11845e-09
1.09939e-09
1.02727e-09
1.01843e-09
9.43775e-10
9.42672e-10
8.15212e-10
8.56081e-10
7.0949e-10
7.08377e-10
6.26293e-10
5.50764e-10
5.08139e-10
4.21459e-10
3.60895e-10
2.84886e-10
2.33819e-10
1.23387e-10
9.94966e-11
2.46305e-13
-7.53246e-11
-1.17649e-10
-1.99259e-10
-2.93247e-10
-2.97489e-10
-4.19226e-10
-4.56188e-10
-5.07508e-10
-5.69811e-10
-6.45727e-10
-6.55102e-10
-7.20178e-10
-8.04512e-10
-7.51425e-10
-8.93666e-10
-8.49469e-10
-9.21619e-10
-9.1362e-10
-9.82125e-10
-9.44747e-10
-9.87395e-10
-1.02218e-09
-9.45989e-10
-1.05629e-09
-9.49254e-10
-1.02499e-09
-9.48624e-10
-9.93364e-10
-9.19667e-10
-9.37859e-10
-9.05263e-10
-8.39046e-10
-8.86271e-10
-7.50058e-10
-8.09117e-10
-6.96382e-10
-7.00949e-10
-6.18767e-10
-6.12479e-10
-5.25166e-10
-4.86816e-10
-4.70674e-10
-3.41365e-10
-3.69795e-10
-2.64302e-10
-2.2281e-10
-1.64798e-10
-1.35075e-10
-3.01774e-11
-1.92583e-11
3.55955e-11
1.30159e-10
1.33501e-10
1.96486e-10
2.7449e-10
2.83535e-10
3.34811e-10
4.12045e-10
4.08167e-10
4.66851e-10
5.13074e-10
5.3672e-10
5.43028e-10
6.35899e-10
5.86859e-10
6.56337e-10
6.70664e-10
6.6765e-10
7.00838e-10
7.00354e-10
7.2627e-10
6.84328e-10
7.66941e-10
6.67887e-10
7.50505e-10
6.89116e-10
6.9852e-10
6.92456e-10
6.5842e-10
6.70309e-10
6.0382e-10
6.57037e-10
5.29332e-10
6.18653e-10
4.93463e-10
5.19543e-10
4.78056e-10
4.28982e-10
4.19092e-10
3.55841e-10
3.72211e-10
2.43062e-10
3.32004e-10
1.72886e-10
2.13264e-10
1.53193e-10
1.0638e-10
7.78245e-11
3.9297e-11
2.3467e-11
-8.21136e-11
-2.24251e-13
-1.57116e-10
-1.08976e-10
-1.65962e-10
-1.99543e-10
-2.35049e-10
-2.3972e-10
-2.74789e-10
-3.40283e-10
-2.70963e-10
-3.9499e-10
-3.47109e-10
-3.825e-10
-4.00447e-10
-4.2758e-10
-4.02622e-10
-4.41387e-10
-4.61987e-10
-4.09182e-10
-4.83049e-10
-4.42756e-10
-4.46416e-10
-4.54204e-10
-4.59489e-10
-4.19381e-10
-4.48789e-10
-4.30944e-10
-3.96709e-10
-4.18744e-10
-3.91305e-10
-3.63031e-10
-3.71105e-10
-3.46623e-10
-3.10561e-10
-3.22813e-10
-2.80869e-10
-2.65153e-10
-2.46712e-10
-2.34551e-10
-1.82276e-10
-2.02025e-10
-1.46456e-10
-1.32507e-10
-1.25339e-10
-7.67443e-11
-7.7224e-11
-3.70654e-11
-3.93485e-11
2.46529e-11
-1.53436e-11
6.72132e-11
4.66439e-11
7.14656e-11
1.10903e-10
9.88782e-11
1.40844e-10
1.28191e-10
1.91376e-10
1.27781e-10
2.30199e-10
1.70722e-10
2.09604e-10
2.29134e-10
2.12196e-10
2.39813e-10
2.23501e-10
2.76136e-10
1.91448e-10
3.0603e-10
2.11273e-10
2.60621e-10
2.55917e-10
2.41834e-10
2.4524e-10
2.33491e-10
2.70099e-10
1.71628e-10
2.91734e-10
1.71439e-10
2.285e-10
2.01104e-10
1.97522e-10
1.73349e-10
1.7439e-10
1.9357e-10
9.12383e-11
2.11812e-10
7.88794e-11
1.41663e-10
9.70764e-11
1.10198e-10
6.00319e-11
8.05598e-11
8.36872e-11
-1.24849e-11
1.04743e-10
-2.7782e-11
3.88376e-11
-1.58362e-11
1.76586e-11
-5.42383e-11
-1.02491e-11
-2.06623e-11
-1.02648e-10
7.97288e-12
-1.13285e-10
-4.53243e-11
-1.03464e-10
-4.89629e-11
-1.37776e-10
-6.9581e-11
-9.12342e-11
-1.54164e-10
-5.34737e-11
-1.55989e-10
-9.01885e-11
-1.46921e-10
-7.36281e-11
-1.75352e-10
-8.52153e-11
-1.16693e-10
-1.59002e-10
-7.18479e-11
-1.51608e-10
-9.23585e-11
-1.44887e-10
-5.70865e-11
-1.68971e-10
-6.1355e-11
-1.02114e-10
-1.24839e-10
-5.49431e-11
-1.10597e-10
-6.26537e-11
-1.09842e-10
-1.27957e-11
-1.33045e-10
-1.3544e-11
-6.34054e-11
-6.90621e-11
-1.98164e-11
-5.15054e-11
-1.92635e-11
-6.08473e-11
4.02397e-11
-8.68189e-11
3.88184e-11
-1.96914e-11
-1.0267e-11
1.46515e-11
4.06831e-12
8.23517e-12
4.62369e-12
1.39126e-12
1.99025e-13
0
