0
2.51086e-16
3.55733e-15
2.78845e-14
-3.86768e-14
6.70969e-13
2.53273e-13
-9.23358e-12
2.45983e-11
-2.74657e-11
1.45891e-11
-6.07444e-12
1.43132e-11
-2.72137e-11
2.37152e-11
-1.45551e-12
-1.96734e-11
2.16929e-11
-1.04473e-11
6.71821e-12
-1.90963e-11
3.24631e-11
-2.74389e-11
4.99889e-12
1.41177e-11
-1.50665e-11
6.17292e-12
-7.15368e-12
2.28482e-11
-3.67187e-11
3.12279e-11
-9.9855e-12
-6.95455e-12
7.45021e-12
-1.39676e-12
6.47849e-12
-2.49083e-11
3.96173e-11
-3.51943e-11
1.62909e-11
-1.67351e-12
1.04043e-12
-4.4548e-12
-3.87887e-12
2.43958e-11
-4.07922e-11
3.89555e-11
-2.35022e-11
1.10893e-11
-1.02347e-11
1.16912e-11
-1.50721e-12
-2.06774e-11
3.96554e-11
-4.19814e-11
3.06028e-11
-2.03631e-11
1.95021e-11
-2.04929e-11
1.00422e-11
1.32682e-11
-3.58524e-11
4.33717e-11
-3.63716e-11
2.80736e-11
-2.80601e-11
3.04668e-11
-2.16825e-11
-2.36853e-12
2.91358e-11
-4.23489e-11
3.92716e-11
-3.27998e-11
3.47235e-11
-4.08669e-11
3.54853e-11
-1.12738e-11
-1.98436e-11
3.81716e-11
-3.80801e-11
3.31214e-11
-3.83974e-11
5.03009e-11
-4.9867e-11
2.59899e-11
8.70422e-12
-3.07214e-11
3.19875e-11
-2.83338e-11
3.80249e-11
-5.71856e-11
6.24224e-11
-3.96328e-11
2.84598e-12
2.04354e-11
-2.13272e-11
1.85395e-11
-3.32102e-11
5.9735e-11
-7.06178e-11
4.9636e-11
-1.31364e-11
-8.75373e-12
7.55752e-12
-5.24778e-12
2.41964e-11
-5.67179e-11
7.20991e-11
-5.39117e-11
2.02635e-11
-2.24591e-12
6.41356e-12
-8.94671e-12
-1.23232e-11
4.76342e-11
-6.5752e-11
5.12279e-11
-2.28518e-11
9.86635e-12
-1.69454e-11
2.04343e-11
-3.26287e-13
-3.34793e-11
5.20863e-11
-4.21193e-11
2.02161e-11
-1.17288e-11
2.02329e-11
-2.57212e-11
1.09459e-11
1.66035e-11
-3.38606e-11
2.87944e-11
-1.30357e-11
6.30966e-12
-1.38594e-11
2.22105e-11
-1.68974e-11
-7.71407e-13
1.54461e-11
-1.50948e-11
3.14386e-12
5.89874e-12
-2.27152e-12
-9.56659e-12
1.61363e-11
-9.97961e-12
-1.99803e-12
5.15188e-12
6.44662e-12
-2.2193e-11
2.48817e-11
-1.00192e-11
-8.22969e-12
1.23372e-11
-2.62847e-12
-2.22363e-12
-1.25533e-11
3.75773e-11
-4.79368e-11
3.17788e-11
-5.49215e-12
-5.50484e-12
-2.57026e-12
6.9384e-12
1.25283e-11
-4.63154e-11
6.39759e-11
-4.99435e-11
2.16562e-11
-8.10574e-12
1.43498e-11
-1.6857e-11
-5.66839e-12
4.37582e-11
-6.71112e-11
5.93674e-11
-3.58108e-11
2.27219e-11
-2.60687e-11
2.66422e-11
-6.28371e-12
-2.90703e-11
5.55116e-11
-5.77626e-11
4.33872e-11
-3.13034e-11
2.98397e-11
-3.01732e-11
1.87296e-11
6.44724e-12
-3.32173e-11
4.64243e-11
-4.16777e-11
2.83771e-11
-2.05757e-11
2.28249e-11
-2.55433e-11
1.51695e-11
8.82972e-12
-3.00707e-11
3.10098e-11
-1.36124e-11
-1.02141e-12
-4.09412e-12
2.09732e-11
-2.56875e-11
7.80002e-12
1.4613e-11
-1.55823e-11
-7.05106e-12
2.73303e-11
-2.17884e-11
-2.92861e-12
1.86628e-11
-1.07314e-11
-4.88069e-12
1.94507e-12
2.31216e-11
-4.69894e-11
4.66359e-11
-2.48635e-11
3.95547e-12
1.07978e-12
2.21661e-12
3.8102e-12
-2.53738e-11
5.03434e-11
-6.14781e-11
5.2332e-11
-3.14871e-11
1.30072e-11
-4.18651e-12
-2.80951e-13
1.1943e-11
-3.54508e-11
5.98779e-11
-6.67604e-11
4.8999e-11
-2.11677e-11
5.46306e-12
-7.23146e-12
8.3811e-12
9.81047e-12
-4.13335e-11
5.90404e-11
-4.61251e-11
1.68305e-11
-7.73986e-13
8.35835e-12
-2.03178e-11
1.28932e-11
1.22284e-11
-3.04666e-11
2.38433e-11
-1.58743e-12
-1.21503e-11
5.24599e-12
1.17084e-11
-2.06438e-11
1.54905e-11
-6.02499e-12
5.16515e-12
-1.61805e-11
2.97316e-11
-3.20208e-11
1.62538e-11
9.88256e-12
-2.95359e-11
3.20666e-11
-2.51227e-11
2.66078e-11
-4.28777e-11
5.73114e-11
-4.73875e-11
1.19315e-11
2.39724e-11
-3.61752e-11
2.8112e-11
-2.49511e-11
4.09178e-11
-6.12338e-11
5.96829e-11
-3.0578e-11
-4.83968e-12
2.23151e-11
-1.96807e-11
1.40593e-11
-1.98677e-11
3.36846e-11
-4.11049e-11
3.24775e-11
-1.18621e-11
-7.35535e-12
1.26601e-11
-2.59042e-12
-1.13407e-11
1.36364e-11
-9.20656e-13
-1.28133e-11
1.0506e-11
6.09087e-12
-1.52128e-11
-9.11404e-13
3.27734e-11
-5.20907e-11
4.32012e-11
-2.06235e-11
1.00652e-11
-1.73956e-11
2.27183e-11
-6.18958e-12
-2.80517e-11
5.66645e-11
-6.24563e-11
4.90804e-11
-3.2778e-11
2.45525e-11
-2.2436e-11
1.65045e-11
8.84398e-13
-2.74353e-11
4.98767e-11
-5.3163e-11
3.52962e-11
-1.27311e-11
5.61664e-12
-1.55355e-11
2.27293e-11
-9.67606e-12
-1.5662e-11
2.72728e-11
-1.18717e-11
-1.41011e-11
2.30216e-11
-6.84019e-12
-1.62246e-11
2.51079e-11
-1.84677e-11
1.21991e-11
-1.88535e-11
3.5118e-11
-4.67033e-11
4.16841e-11
-1.88623e-11
-1.11628e-11
3.27776e-11
-3.72158e-11
3.17367e-11
-3.2955e-11
4.72607e-11
-5.96246e-11
4.86546e-11
-1.31833e-11
-2.23073e-11
3.31655e-11
-2.14164e-11
1.10729e-11
-1.86197e-11
3.47157e-11
-3.81985e-11
2.14836e-11
1.83524e-12
-1.33105e-11
6.3373e-12
1.0591e-11
-2.37735e-11
2.33584e-11
-1.06424e-11
-3.19812e-12
5.4814e-12
2.37201e-12
-4.05963e-12
-1.54841e-11
4.79766e-11
-6.76334e-11
5.69461e-11
-2.81885e-11
7.33346e-12
-5.89564e-12
8.36782e-12
4.11798e-12
-3.22539e-11
5.64453e-11
-6.05737e-11
4.38763e-11
-2.05083e-11
3.8727e-12
-9.49308e-13
6.25571e-12
-8.55063e-12
-1.89302e-12
1.84513e-11
-2.41732e-11
8.13153e-12
1.55743e-11
-2.20392e-11
8.7056e-13
2.8779e-11
-4.18996e-11
3.31228e-11
-2.1387e-11
2.30143e-11
-3.48797e-11
3.89371e-11
-2.40339e-11
-5.94986e-12
3.64716e-11
-5.38033e-11
5.21464e-11
-3.79551e-11
2.64817e-11
-2.75414e-11
3.39326e-11
-2.65701e-11
-5.34585e-13
3.02873e-11
-3.68951e-11
1.76446e-11
6.40832e-12
-1.09896e-11
-2.65822e-12
1.78553e-11
-1.91874e-11
1.18687e-11
-6.73822e-12
1.44753e-11
-3.10714e-11
4.81999e-11
-4.9139e-11
2.92762e-11
4.79232e-12
-2.87669e-11
3.28144e-11
-2.4206e-11
2.75738e-11
-4.50776e-11
6.11995e-11
-5.14838e-11
2.11347e-11
1.08067e-11
-2.17791e-11
1.56782e-11
-2.94861e-12
-8.83198e-13
-3.69732e-12
1.41294e-11
-1.71536e-11
9.35525e-12
5.38114e-12
-6.6237e-12
-1.37858e-11
4.55173e-11
-6.02505e-11
4.72992e-11
-2.00237e-11
3.17308e-12
-2.10443e-12
2.6227e-12
9.90112e-12
-3.43218e-11
5.5553e-11
-6.18769e-11
4.76657e-11
-2.2262e-11
-2.01214e-12
7.39182e-12
2.08735e-12
-1.39561e-11
6.73002e-12
9.4104e-12
-1.93539e-11
4.11816e-12
1.5558e-11
-2.35101e-11
2.35513e-12
2.51609e-11
-4.92727e-11
5.09035e-11
-4.4764e-11
2.9272e-11
-2.53341e-11
2.27933e-11
-2.50269e-11
5.43056e-12
2.32135e-11
-5.50118e-11
5.40736e-11
-3.46723e-11
5.91075e-12
-2.91726e-12
9.52614e-12
-2.24326e-11
1.63601e-11
-9.17759e-12
-1.36927e-12
-5.57523e-12
1.71681e-11
-3.61401e-11
3.54379e-11
-1.62851e-11
-2.15925e-11
4.52527e-11
-4.82999e-11
3.41518e-11
-3.02465e-11
3.85983e-11
-4.77259e-11
3.92423e-11
-1.33615e-11
-1.41413e-11
3.13454e-11
-2.7067e-11
1.17832e-11
9.56824e-12
-1.08812e-11
5.75019e-13
2.12493e-11
-1.99928e-11
1.43173e-11
-3.0155e-12
2.36437e-11
-4.2967e-11
6.54037e-11
-4.88155e-11
3.00083e-11
8.74975e-12
-1.96151e-11
3.41782e-11
-1.81317e-11
2.44467e-11
-2.10599e-11
4.54374e-11
-3.44445e-11
2.54307e-11
1.3741e-11
-1.07966e-11
6.9564e-12
3.13681e-11
-3.42357e-11
4.37919e-11
-1.6498e-11
1.17525e-11
1.03926e-11
-1.91257e-13
1.21819e-11
-1.41275e-11
5.06233e-11
-6.2396e-11
6.77736e-11
-3.04222e-11
6.44503e-12
1.36831e-11
-1.93601e-12
-4.30524e-12
1.25838e-11
-5.34986e-12
-2.003e-12
6.92524e-12
-1.69013e-12
-1.43718e-11
1.45152e-11
-4.11728e-13
-4.21465e-11
6.01686e-11
-7.00179e-11
3.7822e-11
-3.01494e-11
5.2287e-12
-2.03699e-11
3.51777e-13
-1.21276e-11
-2.53982e-11
1.86318e-11
-4.64943e-11
2.1606e-12
-3.06684e-12
-3.77003e-11
-8.53259e-12
6.1572e-12
-5.984e-11
2.81656e-11
-5.52401e-11
1.20219e-11
-4.72564e-11
1.24003e-11
-4.91764e-11
-3.1587e-12
-5.65853e-12
-6.21633e-11
3.235e-11
-5.11708e-11
-1.32798e-11
-1.01625e-11
-1.80448e-11
-3.12278e-11
8.34793e-12
-4.06432e-11
6.7123e-12
-3.16959e-11
1.3152e-11
-5.164e-11
4.08239e-11
-4.49071e-11
-5.35934e-12
2.94503e-11
-5.11468e-11
3.72795e-11
-2.17006e-11
1.51072e-11
-8.59199e-12
2.5788e-11
-1.45998e-11
2.92998e-11
7.66214e-12
1.39714e-11
6.63166e-12
5.81448e-11
-3.43097e-11
7.36171e-11
6.99591e-12
1.77289e-11
6.17289e-11
-6.86375e-13
6.37085e-11
1.6174e-11
6.26504e-11
8.80368e-12
7.94858e-11
2.17122e-11
4.52465e-11
6.0674e-11
4.69598e-11
2.42442e-11
9.76193e-11
-8.77299e-13
8.867e-11
3.9626e-11
3.93624e-11
7.30231e-11
3.24182e-11
6.54184e-11
2.26166e-11
9.1005e-11
-2.1886e-12
7.69485e-11
3.51437e-11
2.94578e-11
4.79627e-11
4.18326e-11
-1.55498e-12
7.95977e-11
-2.29804e-11
4.65397e-11
1.32746e-11
9.41525e-12
8.98883e-12
-4.78064e-13
1.85508e-11
-4.51203e-11
3.85961e-11
-6.1668e-11
2.87848e-12
-2.55556e-11
-4.92812e-11
-3.25842e-11
-2.16627e-11
-9.51452e-11
-7.38272e-12
-9.55345e-11
-4.55733e-11
-8.51606e-11
-6.52141e-11
-9.12272e-11
-8.68485e-11
-7.12239e-11
-1.39735e-10
-4.71183e-11
-1.40788e-10
-1.0079e-10
-9.69441e-11
-1.24672e-10
-1.24529e-10
-8.66921e-11
-1.64976e-10
-7.50177e-11
-1.55111e-10
-9.9546e-11
-1.4119e-10
-9.41453e-11
-1.40704e-10
-1.1557e-10
-8.645e-11
-1.54089e-10
-6.81099e-11
-1.20779e-10
-1.03282e-10
-7.31662e-11
-9.68429e-11
-9.48119e-11
-3.13332e-11
-1.13059e-10
-1.66723e-11
-7.78345e-11
-8.86555e-12
-6.27891e-11
1.455e-11
-3.14529e-11
4.39642e-12
3.54504e-11
-1.04799e-11
6.06657e-11
5.15479e-11
3.3306e-11
9.81543e-11
7.81514e-11
7.53391e-11
1.47047e-10
7.42742e-11
1.7097e-10
1.11948e-10
1.83443e-10
1.27659e-10
2.14899e-10
1.59459e-10
1.94963e-10
2.21319e-10
1.94866e-10
2.18404e-10
2.5144e-10
1.91062e-10
2.74964e-10
2.31417e-10
2.2395e-10
2.88491e-10
2.11693e-10
2.79643e-10
2.25302e-10
2.76698e-10
2.13934e-10
2.74453e-10
2.1486e-10
2.37453e-10
2.32276e-10
2.1452e-10
1.83597e-10
2.47124e-10
1.26848e-10
2.15163e-10
1.45511e-10
1.28771e-10
1.60565e-10
8.21327e-11
1.10024e-10
7.11271e-11
6.6004e-11
1.83374e-11
3.88225e-11
-1.79132e-11
-2.0896e-11
-5.10043e-11
-5.42983e-11
-1.29975e-10
-5.34915e-11
-2.05221e-10
-1.11763e-10
-1.95602e-10
-2.19341e-10
-2.05634e-10
-2.58161e-10
-2.7638e-10
-2.69627e-10
-3.29194e-10
-3.19505e-10
-3.405e-10
-3.70334e-10
-3.74913e-10
-3.9634e-10
-3.86129e-10
-4.58269e-10
-3.7057e-10
-4.9257e-10
-4.03885e-10
-4.58182e-10
-4.65519e-10
-4.3906e-10
-4.45257e-10
-4.88061e-10
-3.96741e-10
-4.88944e-10
-4.03021e-10
-4.36741e-10
-4.13326e-10
-3.96451e-10
-3.83256e-10
-3.62175e-10
-3.65294e-10
-2.93949e-10
-3.32623e-10
-2.64025e-10
-2.46473e-10
-2.39541e-10
-1.85909e-10
-1.46366e-10
-1.82718e-10
-2.87231e-11
-1.2729e-10
7.55808e-12
-5.52915e-12
4.18821e-11
8.00792e-11
1.27398e-10
1.34208e-10
2.14398e-10
2.16915e-10
2.73867e-10
2.93354e-10
3.61536e-10
3.5314e-10
4.20779e-10
4.58029e-10
4.36669e-10
5.62607e-10
4.88332e-10
5.85578e-10
5.97759e-10
5.96558e-10
6.40022e-10
6.75803e-10
6.28651e-10
7.41714e-10
6.49398e-10
7.4148e-10
6.95173e-10
7.36942e-10
6.97672e-10
7.37156e-10
7.04678e-10
6.9999e-10
7.04671e-10
6.74084e-10
6.51424e-10
6.74328e-10
5.83004e-10
6.12103e-10
5.82255e-10
4.88205e-10
5.57481e-10
4.16672e-10
4.4877e-10
3.83986e-10
3.32011e-10
2.91826e-10
2.71176e-10
1.63539e-10
1.85488e-10
6.42543e-11
7.40658e-11
-3.95897e-11
-2.8847e-11
-1.55839e-10
-1.45181e-10
-2.34348e-10
-2.99517e-10
-3.15973e-10
-3.9932e-10
-4.60348e-10
-4.58726e-10
-5.88244e-10
-5.71444e-10
-6.30323e-10
-7.28151e-10
-6.78436e-10
-8.08707e-10
-7.86369e-10
-8.46067e-10
-8.73087e-10
-9.09576e-10
-9.04428e-10
-9.77593e-10
-9.39641e-10
-1.00337e-09
-9.64187e-10
-1.03496e-09
-9.54089e-10
-1.0458e-09
-9.58929e-10
-9.93919e-10
-9.84882e-10
-9.31598e-10
-9.35253e-10
-9.28928e-10
-8.3066e-10
-8.90789e-10
-7.74357e-10
-7.62919e-10
-7.51203e-10
-6.31348e-10
-6.52266e-10
-5.55948e-10
-5.11684e-10
-4.54833e-10
-3.96255e-10
-3.11409e-10
-2.86053e-10
-1.73517e-10
-1.45992e-10
-3.38697e-11
-2.50126e-11
1.31995e-10
1.04049e-10
2.62623e-10
2.79863e-10
3.57878e-10
4.48217e-10
5.04085e-10
5.3564e-10
6.87389e-10
6.34766e-10
7.96685e-10
7.99663e-10
8.47312e-10
9.47243e-10
9.44643e-10
1.00814e-09
1.06537e-09
1.06706e-09
1.12929e-09
1.14947e-09
1.15473e-09
1.20732e-09
1.18788e-09
1.23018e-09
1.1911e-09
1.25484e-09
1.17268e-09
1.23556e-09
1.17147e-09
1.16752e-09
1.15146e-09
1.12235e-09
1.04519e-09
1.10403e-09
9.32949e-10
1.00733e-09
8.79134e-10
8.41617e-10
8.10979e-10
7.18832e-10
6.47896e-10
6.34858e-10
4.79117e-10
4.91779e-10
3.60213e-10
2.99045e-10
2.37671e-10
1.34789e-10
6.91604e-11
-1.71632e-11
-9.01461e-11
-1.84936e-10
-2.44291e-10
-3.4216e-10
-4.12675e-10
-4.83642e-10
-5.58391e-10
-6.6133e-10
-6.5798e-10
-8.2869e-10
-7.88439e-10
-9.22852e-10
-9.57616e-10
-9.92401e-10
-1.06423e-09
-1.12723e-09
-1.09293e-09
-1.24997e-09
-1.15129e-09
-1.27853e-09
-1.25614e-09
-1.26905e-09
-1.29989e-09
-1.30835e-09
-1.27208e-09
-1.33615e-09
-1.24992e-09
-1.29914e-09
-1.24473e-09
-1.23423e-09
-1.19769e-09
-1.17275e-09
-1.12842e-09
-1.08208e-09
-1.0504e-09
-9.75506e-10
-9.38195e-10
-8.83087e-10
-7.94284e-10
-7.57337e-10
-6.87853e-10
-5.72703e-10
-5.86334e-10
-4.06042e-10
-4.14455e-10
-3.01407e-10
-2.07011e-10
-1.59674e-10
-7.10143e-11
5.42316e-11
3.28182e-11
2.4419e-10
2.04943e-10
3.51735e-10
4.09442e-10
4.74164e-10
5.48492e-10
6.48017e-10
6.44001e-10
8.01816e-10
7.72786e-10
8.94088e-10
9.07616e-10
9.81976e-10
1.00495e-09
1.07224e-09
1.07851e-09
1.13508e-09
1.1479e-09
1.18291e-09
1.17665e-09
1.22907e-09
1.18961e-09
1.23036e-09
1.22129e-09
1.18035e-09
1.23201e-09
1.15596e-09
1.16068e-09
1.15448e-09
1.0753e-09
1.08708e-09
1.04578e-09
9.44771e-10
1.00476e-09
8.43873e-10
8.6971e-10
7.8996e-10
7.0998e-10
6.81834e-10
6.18819e-10
4.98507e-10
5.33712e-10
3.47485e-10
3.78484e-10
2.49101e-10
1.98012e-10
1.2383e-10
6.96644e-11
-4.55389e-11
-4.54411e-11
-1.95632e-10
-1.86714e-10
-3.13616e-10
-3.31539e-10
-4.37465e-10
-4.51949e-10
-5.53866e-10
-5.72843e-10
-6.51704e-10
-6.81629e-10
-7.50937e-10
-7.52129e-10
-8.54964e-10
-8.1982e-10
-9.05713e-10
-9.14758e-10
-9.187e-10
-9.81839e-10
-9.63781e-10
-9.70721e-10
-1.02929e-09
-9.584e-10
-1.0201e-09
-9.99795e-10
-9.48493e-10
-1.02135e-09
-9.21068e-10
-9.45316e-10
-9.33723e-10
-8.56441e-10
-8.80523e-10
-8.32745e-10
-7.50713e-10
-8.07524e-10
-6.59386e-10
-6.97136e-10
-6.17803e-10
-5.60663e-10
-5.35717e-10
-4.83046e-10
-3.89324e-10
-4.1768e-10
-2.64705e-10
-3.00285e-10
-1.83829e-10
-1.60591e-10
-8.78935e-11
-5.84591e-11
3.87588e-11
3.14677e-11
1.53485e-10
1.35632e-10
2.4588e-10
2.39381e-10
3.41733e-10
3.27518e-10
4.25473e-10
4.1853e-10
4.92904e-10
4.9979e-10
5.64985e-10
5.43763e-10
6.45248e-10
5.85331e-10
6.82181e-10
6.53714e-10
6.80623e-10
7.06715e-10
7.07722e-10
6.9124e-10
7.60045e-10
6.67729e-10
7.56737e-10
6.97238e-10
6.90164e-10
7.21762e-10
6.59975e-10
6.62192e-10
6.78723e-10
5.78576e-10
6.48651e-10
5.63243e-10
5.38592e-10
5.63228e-10
4.57887e-10
4.8356e-10
4.45149e-10
3.62025e-10
4.02299e-10
3.09527e-10
2.80575e-10
2.93226e-10
1.70023e-10
2.14579e-10
1.3578e-10
8.88391e-11
9.38867e-11
1.5508e-11
-1.29375e-11
-6.11524e-12
-1.21548e-10
-6.74929e-11
-1.65082e-10
-1.69387e-10
-1.94578e-10
-2.38073e-10
-2.69005e-10
-2.57544e-10
-3.48926e-10
-2.91888e-10
-3.84355e-10
-3.53078e-10
-3.98183e-10
-3.95293e-10
-4.33023e-10
-4.04444e-10
-4.68804e-10
-4.128e-10
-4.81748e-10
-4.29252e-10
-4.80357e-10
-4.32098e-10
-4.80533e-10
-4.25863e-10
-4.70836e-10
-4.15781e-10
-4.52195e-10
-3.95482e-10
-4.40399e-10
-3.59357e-10
-4.18421e-10
-3.3366e-10
-3.73245e-10
-3.18615e-10
-3.24618e-10
-2.76207e-10
-3.04658e-10
-2.1149e-10
-2.80423e-10
-1.6863e-10
-2.1427e-10
-1.57173e-10
-1.45444e-10
-1.15239e-10
-1.20885e-10
-3.39304e-11
-1.08675e-10
1.80283e-11
-4.34362e-11
2.09032e-11
3.70391e-11
4.47539e-11
5.97832e-11
1.24949e-10
5.29333e-11
1.81645e-10
9.88635e-11
1.71255e-10
1.79223e-10
1.68497e-10
1.99286e-10
2.31783e-10
1.69579e-10
2.88372e-10
1.86774e-10
2.66715e-10
2.56102e-10
2.34171e-10
2.74616e-10
2.71914e-10
2.25475e-10
3.24153e-10
2.10799e-10
2.96887e-10
2.6265e-10
2.38528e-10
2.82001e-10
2.47894e-10
2.21141e-10
2.93187e-10
1.78107e-10
2.68377e-10
2.10172e-10
1.91903e-10
2.3228e-10
1.75829e-10
1.71078e-10
2.13182e-10
1.05471e-10
1.97378e-10
1.2019e-10
1.14899e-10
1.45826e-10
7.65082e-11
9.43449e-11
1.08602e-10
1.62893e-11
1.04677e-10
1.4184e-11
2.81136e-11
4.69004e-11
-2.62505e-11
9.72071e-12
-3.54815e-13
-6.91693e-11
1.25735e-11
-8.6345e-11
-5.26098e-11
-4.74213e-11
-1.13451e-10
-6.40448e-11
-9.6022e-11
-1.38705e-10
-6.54468e-11
-1.64767e-10
-1.12435e-10
-1.24443e-10
-1.76248e-10
-1.17092e-10
-1.64537e-10
-1.81476e-10
-1.21632e-10
-2.15222e-10
-1.44299e-10
-1.73406e-10
-2.07251e-10
-1.46108e-10
-2.02273e-10
-1.9233e-10
-1.48205e-10
-2.33277e-10
-1.48205e-10
-1.9233e-10
-2.02273e-10
-1.46109e-10
-2.0725e-10
-1.73407e-10
-1.44299e-10
-2.15222e-10
-1.21632e-10
-1.81475e-10
-1.64537e-10
-1.17091e-10
-1.76248e-10
-1.24443e-10
-1.12435e-10
-1.64767e-10
-6.54469e-11
-1.38705e-10
-9.60222e-11
-6.40448e-11
-1.13451e-10
-4.74218e-11
-5.26092e-11
-8.63457e-11
1.25741e-11
-6.91696e-11
-3.54936e-13
9.72125e-12
-2.62514e-11
4.69014e-11
2.81126e-11
1.41846e-11
1.04677e-10
1.62888e-11
1.08603e-10
9.43438e-11
7.65093e-11
1.45825e-10
1.14899e-10
1.20191e-10
1.97377e-10
1.05471e-10
2.13181e-10
1.71078e-10
1.75829e-10
2.3228e-10
1.91904e-10
2.10171e-10
2.68378e-10
1.78106e-10
2.93187e-10
2.2114e-10
2.47894e-10
2.82001e-10
2.38527e-10
2.62651e-10
2.96887e-10
2.10799e-10
3.24152e-10
2.25476e-10
2.71914e-10
2.74616e-10
2.34172e-10
2.56102e-10
2.66716e-10
1.86774e-10
2.88372e-10
1.69579e-10
2.31782e-10
1.99286e-10
1.68496e-10
1.79223e-10
1.71255e-10
9.88634e-11
1.81645e-10
5.29331e-11
1.24949e-10
5.97832e-11
4.47537e-11
3.70395e-11
2.09029e-11
-4.34361e-11
1.80283e-11
-1.08675e-10
-3.39299e-11
-1.20886e-10
-1.15238e-10
-1.45444e-10
-1.57174e-10
-2.14269e-10
-1.68631e-10
-2.80423e-10
-2.1149e-10
-3.04657e-10
-2.76207e-10
-3.24619e-10
-3.18614e-10
-3.73245e-10
-3.33659e-10
-4.18422e-10
-3.59356e-10
-4.40399e-10
-3.95483e-10
-4.52195e-10
-4.15782e-10
-4.70835e-10
-4.25864e-10
-4.80533e-10
-4.32098e-10
-4.80357e-10
-4.29252e-10
-4.81748e-10
-4.128e-10
-4.68804e-10
-4.04444e-10
-4.33023e-10
-3.95293e-10
-3.98184e-10
-3.53078e-10
-3.84355e-10
-2.91888e-10
-3.48925e-10
-2.57544e-10
-2.69005e-10
-2.38074e-10
-1.94578e-10
-1.69387e-10
-1.65082e-10
-6.74927e-11
-1.21549e-10
-6.11506e-12
-1.29375e-11
1.55079e-11
9.38868e-11
8.8839e-11
1.3578e-10
2.14579e-10
1.70023e-10
2.93226e-10
2.80575e-10
3.09527e-10
4.02299e-10
3.62025e-10
4.45149e-10
4.8356e-10
4.57888e-10
5.63228e-10
5.38592e-10
5.63243e-10
6.48651e-10
5.78576e-10
6.78723e-10
6.62192e-10
6.59974e-10
7.21762e-10
6.90164e-10
6.97238e-10
7.56737e-10
6.67729e-10
7.60046e-10
6.91239e-10
7.07722e-10
7.06715e-10
6.80623e-10
6.53715e-10
6.82181e-10
5.85332e-10
6.45248e-10
5.43763e-10
5.64985e-10
4.9979e-10
4.92904e-10
4.1853e-10
4.25472e-10
3.27519e-10
3.41733e-10
2.39381e-10
2.4588e-10
1.35632e-10
1.53485e-10
3.14679e-11
3.87586e-11
-5.84591e-11
-8.78934e-11
-1.60591e-10
-1.83829e-10
-3.00286e-10
-2.64705e-10
-4.1768e-10
-3.89324e-10
-4.83045e-10
-5.35718e-10
-5.60663e-10
-6.17803e-10
-6.97136e-10
-6.59386e-10
-8.07524e-10
-7.50714e-10
-8.32745e-10
-8.80523e-10
-8.56441e-10
-9.33723e-10
-9.45316e-10
-9.21067e-10
-1.02135e-09
-9.48493e-10
-9.99795e-10
-1.0201e-09
-9.58399e-10
-1.02929e-09
-9.70721e-10
-9.63781e-10
-9.81839e-10
-9.187e-10
-9.14758e-10
-9.05713e-10
-8.1982e-10
-8.54964e-10
-7.52129e-10
-7.50938e-10
-6.81629e-10
-6.51705e-10
-5.72843e-10
-5.53866e-10
-4.51949e-10
-4.37465e-10
-3.31539e-10
-3.13615e-10
-1.86714e-10
-1.95631e-10
-4.54413e-11
-4.55387e-11
6.96644e-11
1.2383e-10
1.98012e-10
2.491e-10
3.78485e-10
3.47485e-10
5.33713e-10
4.98506e-10
6.18819e-10
6.81834e-10
7.0998e-10
7.89961e-10
8.69709e-10
8.43873e-10
1.00476e-09
9.44772e-10
1.04578e-09
1.08708e-09
1.0753e-09
1.15448e-09
1.16068e-09
1.15595e-09
1.23201e-09
1.18035e-09
1.22129e-09
1.23036e-09
1.18961e-09
1.22907e-09
1.17665e-09
1.18291e-09
1.14789e-09
1.13508e-09
1.07851e-09
1.07224e-09
1.00496e-09
9.81976e-10
9.07616e-10
8.94088e-10
7.72785e-10
8.01816e-10
6.44001e-10
6.48017e-10
5.48492e-10
4.74164e-10
4.09442e-10
3.51735e-10
2.04943e-10
2.4419e-10
3.28182e-11
5.42316e-11
-7.10143e-11
-1.59674e-10
-2.07011e-10
-3.01408e-10
-4.14455e-10
-4.06042e-10
-5.86334e-10
-5.72703e-10
-6.87853e-10
-7.57336e-10
-7.94285e-10
-8.83087e-10
-9.38195e-10
-9.75506e-10
-1.05039e-09
-1.08208e-09
-1.12842e-09
-1.17275e-09
-1.19769e-09
-1.23423e-09
-1.24473e-09
-1.29914e-09
-1.24992e-09
-1.33615e-09
-1.27208e-09
-1.30835e-09
-1.29989e-09
-1.26905e-09
-1.25614e-09
-1.27853e-09
-1.15129e-09
-1.24997e-09
-1.09293e-09
-1.12723e-09
-1.06423e-09
-9.92401e-10
-9.57617e-10
-9.22852e-10
-7.88439e-10
-8.2869e-10
-6.5798e-10
-6.6133e-10
-5.58391e-10
-4.83642e-10
-4.12675e-10
-3.42159e-10
-2.44291e-10
-1.84936e-10
-9.01462e-11
-1.71633e-11
6.91605e-11
1.34789e-10
2.37672e-10
2.99045e-10
3.60213e-10
4.91779e-10
4.79116e-10
6.34858e-10
6.47896e-10
7.18832e-10
8.10979e-10
8.41617e-10
8.79134e-10
1.00733e-09
9.32949e-10
1.10403e-09
1.04519e-09
1.12235e-09
1.15146e-09
1.16752e-09
1.17147e-09
1.23556e-09
1.17268e-09
1.25484e-09
1.1911e-09
1.23018e-09
1.18788e-09
1.20732e-09
1.15473e-09
1.14947e-09
1.12929e-09
1.06706e-09
1.06537e-09
1.00814e-09
9.44643e-10
9.47243e-10
8.47311e-10
7.99664e-10
7.96685e-10
6.34766e-10
6.8739e-10
5.3564e-10
5.04086e-10
4.48216e-10
3.57878e-10
2.79863e-10
2.62622e-10
1.0405e-10
1.31994e-10
-2.50126e-11
-3.38695e-11
-1.45992e-10
-1.73517e-10
-2.86053e-10
-3.11409e-10
-3.96255e-10
-4.54833e-10
-5.11684e-10
-5.55948e-10
-6.52266e-10
-6.31348e-10
-7.51203e-10
-7.62918e-10
-7.74357e-10
-8.90788e-10
-8.30661e-10
-9.28928e-10
-9.35253e-10
-9.31598e-10
-9.84882e-10
-9.93919e-10
-9.58928e-10
-1.0458e-09
-9.54088e-10
-1.03496e-09
-9.64187e-10
-1.00337e-09
-9.39641e-10
-9.77593e-10
-9.04428e-10
-9.09576e-10
-8.73087e-10
-8.46066e-10
-7.86369e-10
-8.08706e-10
-6.78437e-10
-7.2815e-10
-6.30323e-10
-5.71444e-10
-5.88244e-10
-4.58727e-10
-4.60347e-10
-3.9932e-10
-3.15973e-10
-2.99517e-10
-2.34349e-10
-1.45181e-10
-1.55839e-10
-2.88471e-11
-3.95896e-11
7.40656e-11
6.42546e-11
1.85488e-10
1.63539e-10
2.71176e-10
2.91826e-10
3.32012e-10
3.83985e-10
4.4877e-10
4.16672e-10
5.57481e-10
4.88205e-10
5.82255e-10
6.12102e-10
5.83004e-10
6.74328e-10
6.51424e-10
6.74085e-10
7.0467e-10
6.99991e-10
7.04678e-10
7.37156e-10
6.97672e-10
7.36941e-10
6.95173e-10
7.4148e-10
6.49398e-10
7.41714e-10
6.2865e-10
6.75803e-10
6.40021e-10
5.96559e-10
5.97759e-10
5.85578e-10
4.88333e-10
5.62606e-10
4.36669e-10
4.58028e-10
4.20779e-10
3.53141e-10
3.61536e-10
2.93354e-10
2.73868e-10
2.16915e-10
2.14398e-10
1.34208e-10
1.27398e-10
8.00795e-11
4.1882e-11
-5.52918e-12
7.55839e-12
-1.2729e-10
-2.87225e-11
-1.82719e-10
-1.46366e-10
-1.85909e-10
-2.39541e-10
-2.46473e-10
-2.64025e-10
-3.32623e-10
-2.93949e-10
-3.65294e-10
-3.62175e-10
-3.83256e-10
-3.96451e-10
-4.13326e-10
-4.36742e-10
-4.03021e-10
-4.88944e-10
-3.96741e-10
-4.8806e-10
-4.45257e-10
-4.3906e-10
-4.65518e-10
-4.58182e-10
-4.03885e-10
-4.92571e-10
-3.7057e-10
-4.58269e-10
-3.86129e-10
-3.9634e-10
-3.74913e-10
-3.70334e-10
-3.405e-10
-3.19505e-10
-3.29194e-10
-2.69626e-10
-2.7638e-10
-2.58161e-10
-2.05634e-10
-2.19341e-10
-1.95601e-10
-1.11763e-10
-2.05221e-10
-5.34913e-11
-1.29975e-10
-5.42986e-11
-5.10038e-11
-2.08964e-11
-1.79128e-11
3.88221e-11
1.83376e-11
6.60039e-11
7.11273e-11
1.10024e-10
8.2133e-11
1.60565e-10
1.2877e-10
1.45511e-10
2.15163e-10
1.26848e-10
2.47124e-10
1.83597e-10
2.1452e-10
2.32277e-10
2.37453e-10
2.14861e-10
2.74453e-10
2.13934e-10
2.76698e-10
2.25302e-10
2.79643e-10
2.11693e-10
2.88491e-10
2.2395e-10
2.31417e-10
2.74963e-10
1.91063e-10
2.5144e-10
2.18404e-10
1.94866e-10
2.21318e-10
1.94963e-10
1.59459e-10
2.14899e-10
1.27659e-10
1.83443e-10
1.11948e-10
1.7097e-10
7.42742e-11
1.47047e-10
7.53391e-11
7.81513e-11
9.81544e-11
3.33057e-11
5.15483e-11
6.06653e-11
-1.04796e-11
3.54504e-11
4.39623e-12
-3.14526e-11
1.45495e-11
-6.27885e-11
-8.86627e-12
-7.7834e-11
-1.66725e-11
-1.13059e-10
-3.13336e-11
-9.48116e-11
-9.68429e-11
-7.31664e-11
-1.03282e-10
-1.20779e-10
-6.81094e-11
-1.54089e-10
-8.6449e-11
-1.15571e-10
-1.40703e-10
-9.41459e-11
-1.4119e-10
-9.9546e-11
-1.55112e-10
-7.50171e-11
-1.64976e-10
-8.66919e-11
-1.24529e-10
-1.24672e-10
-9.69442e-11
-1.0079e-10
-1.40788e-10
-4.71179e-11
-1.39736e-10
-7.12234e-11
-8.68487e-11
-9.12274e-11
-6.52138e-11
-8.51605e-11
-4.55739e-11
-9.55337e-11
-7.3835e-12
-9.51447e-11
-2.1663e-11
-3.25843e-11
-4.9281e-11
-2.55559e-11
2.87857e-12
-6.1668e-11
3.85962e-11
-4.51206e-11
1.85514e-11
-4.78728e-13
8.98931e-12
9.41506e-12
1.32747e-11
4.65396e-11
-2.29802e-11
7.95973e-11
-1.55456e-12
4.18322e-11
4.79631e-11
2.94575e-11
3.51439e-11
7.69484e-11
-2.1886e-12
9.10051e-11
2.26164e-11
6.54186e-11
3.24181e-11
7.30232e-11
3.93623e-11
3.96263e-11
8.86695e-11
-8.76606e-13
9.76187e-11
2.42446e-11
4.69598e-11
6.06738e-11
4.52468e-11
2.17122e-11
7.94855e-11
8.80414e-12
6.26499e-11
1.61743e-11
6.37085e-11
-6.86585e-13
6.17293e-11
1.77287e-11
6.99604e-12
7.3617e-11
-3.43095e-11
5.81443e-11
6.63223e-12
1.39708e-11
7.66281e-12
2.92993e-11
-1.45995e-11
2.5788e-11
-8.59205e-12
1.51073e-11
-2.17006e-11
3.72797e-11
-5.1147e-11
2.94508e-11
-5.35988e-12
-4.49065e-11
4.08234e-11
-5.16397e-11
1.3152e-11
-3.16959e-11
6.71228e-12
-4.06431e-11
8.3477e-12
-3.12275e-11
-1.80449e-11
-1.01626e-11
-1.32796e-11
-5.11708e-11
3.23499e-11
-6.21634e-11
-5.65822e-12
-3.15898e-12
-4.91762e-11
1.24002e-11
-4.72562e-11
1.20218e-11
-5.524e-11
2.81654e-11
-5.98396e-11
6.15679e-12
-8.53247e-12
-3.77e-11
-3.06729e-12
2.16079e-12
-4.64942e-11
1.86316e-11
-2.53983e-11
-1.21274e-11
3.5156e-13
-2.03696e-11
5.22835e-12
-3.01491e-11
3.78219e-11
-7.00179e-11
6.01683e-11
-4.2146e-11
-4.12368e-13
1.45156e-11
-1.4372e-11
-1.69025e-12
6.92545e-12
-2.00312e-12
-5.34983e-12
1.25837e-11
-4.305e-12
-1.93652e-12
1.36838e-11
6.44424e-12
-3.04215e-11
6.77731e-11
-6.23958e-11
5.06234e-11
-1.41277e-11
1.21821e-11
-1.91441e-13
1.03929e-11
1.17522e-11
-1.64976e-11
4.37915e-11
-3.42354e-11
3.13679e-11
6.95664e-12
-1.07967e-11
1.3741e-11
2.5431e-11
-3.4445e-11
4.5438e-11
-2.10604e-11
2.44469e-11
-1.81316e-11
3.4178e-11
-1.96151e-11
8.74991e-12
3.00083e-11
-4.88157e-11
6.54043e-11
-4.29677e-11
2.36443e-11
-3.0158e-12
1.43174e-11
-1.99928e-11
2.12493e-11
5.75057e-13
-1.08812e-11
9.56822e-12
1.17831e-11
-2.70667e-11
3.13448e-11
-1.41406e-11
-1.3362e-11
3.92425e-11
-4.77258e-11
3.85981e-11
-3.02465e-11
3.41521e-11
-4.83005e-11
4.52533e-11
-2.15931e-11
-1.62848e-11
3.54379e-11
-3.61403e-11
1.71682e-11
-5.57484e-12
-1.36995e-12
-9.177e-12
1.63599e-11
-2.24328e-11
9.52656e-12
-2.91774e-12
5.91121e-12
-3.46726e-11
5.40739e-11
-5.5012e-11
2.32136e-11
5.43037e-12
-2.50265e-11
2.27928e-11
-2.53336e-11
2.92716e-11
-4.47639e-11
5.09036e-11
-4.92731e-11
2.51612e-11
2.35517e-12
-2.35105e-11
1.55584e-11
4.11786e-12
-1.93536e-11
9.41021e-12
6.73012e-12
-1.3956e-11
2.08731e-12
7.39157e-12
-2.01149e-12
-2.22628e-11
4.76663e-11
-6.1877e-11
5.55526e-11
-3.43214e-11
9.90092e-12
2.62255e-12
-2.10408e-12
3.17282e-12
-2.00237e-11
4.72994e-11
-6.0251e-11
4.55177e-11
-1.37859e-11
-6.62385e-12
5.38149e-12
9.35498e-12
-1.71536e-11
1.41296e-11
-3.69744e-12
-8.83237e-13
-2.94851e-12
1.56782e-11
-2.17792e-11
1.08067e-11
2.11347e-11
-5.14837e-11
6.11993e-11
-4.50773e-11
2.75735e-11
-2.42057e-11
3.28142e-11
-2.87668e-11
4.79236e-12
2.92761e-11
-4.91391e-11
4.82003e-11
-3.10718e-11
1.44753e-11
-6.7378e-12
1.18683e-11
-1.91874e-11
1.78557e-11
-2.65861e-12
-1.09895e-11
6.4085e-12
1.76445e-11
-3.68952e-11
3.02875e-11
-5.34897e-13
-2.65697e-11
3.39323e-11
-2.75412e-11
2.64817e-11
-3.79551e-11
5.21461e-11
-5.38029e-11
3.64711e-11
-5.94954e-12
-2.4034e-11
3.8937e-11
-3.48796e-11
2.30146e-11
-2.13876e-11
3.31234e-11
-4.18997e-11
2.87788e-11
8.70653e-13
-2.20389e-11
1.55739e-11
8.13173e-12
-2.41733e-11
1.84514e-11
-1.89313e-12
-8.55062e-12
6.25586e-12
-9.49436e-13
3.87271e-12
-2.05082e-11
4.38763e-11
-6.05737e-11
5.64452e-11
-3.22538e-11
4.11811e-12
8.36747e-12
-5.89536e-12
7.3335e-12
-2.81888e-11
5.69463e-11
-6.76332e-11
4.79764e-11
-1.54839e-11
-4.0598e-12
2.37216e-12
5.4813e-12
-3.19809e-12
-1.06424e-11
2.33584e-11
-2.37736e-11
1.05912e-11
6.33718e-12
-1.33105e-11
1.83547e-12
2.14832e-11
-3.81982e-11
3.47156e-11
-1.86197e-11
1.10729e-11
-2.14163e-11
3.31653e-11
-2.23072e-11
-1.31832e-11
4.86544e-11
-5.96243e-11
4.72605e-11
-3.29549e-11
3.17367e-11
-3.72155e-11
3.27771e-11
-1.11621e-11
-1.8863e-11
4.16845e-11
-4.67033e-11
3.51179e-11
-1.88537e-11
1.21997e-11
-1.84684e-11
2.51083e-11
-1.62246e-11
-6.84042e-12
2.30216e-11
-1.41009e-11
-1.18719e-11
2.72729e-11
-1.56621e-11
-9.67581e-12
2.27291e-11
-1.55355e-11
5.61685e-12
-1.27313e-11
3.52961e-11
-5.31627e-11
4.98766e-11
-2.74353e-11
8.84432e-13
1.65045e-11
-2.24358e-11
2.45523e-11
-3.27778e-11
4.90805e-11
-6.24565e-11
5.66646e-11
-2.80516e-11
-6.18985e-12
2.27184e-11
-1.73954e-11
1.00649e-11
-2.06234e-11
4.32012e-11
-5.20907e-11
3.27731e-11
-9.10918e-13
-1.52132e-11
6.09101e-12
1.05061e-11
-1.28133e-11
-9.21062e-13
1.3637e-11
-1.13412e-11
-2.59029e-12
1.26603e-11
-7.3555e-12
-1.18623e-11
3.24779e-11
-4.11053e-11
3.36846e-11
-1.98674e-11
1.4059e-11
-1.96806e-11
2.23152e-11
-4.83968e-12
-3.05782e-11
5.96832e-11
-6.1234e-11
4.0918e-11
-2.49512e-11
2.81123e-11
-3.61756e-11
2.39728e-11
1.19313e-11
-4.73876e-11
5.73114e-11
-4.28776e-11
2.66077e-11
-2.51226e-11
3.20667e-11
-2.95362e-11
9.88284e-12
1.62536e-11
-3.20207e-11
2.97315e-11
-1.61805e-11
5.16512e-12
-6.02483e-12
1.54902e-11
-2.06435e-11
1.17084e-11
5.24574e-12
-1.21499e-11
-1.58772e-12
2.38433e-11
-3.04665e-11
1.22284e-11
1.28931e-11
-2.03175e-11
8.35788e-12
-7.73664e-13
1.68305e-11
-4.61254e-11
5.90407e-11
-4.13337e-11
9.81043e-12
8.38128e-12
-7.23151e-12
5.46278e-12
-2.11671e-11
4.89983e-11
-6.676e-11
5.9878e-11
-3.5451e-11
1.19429e-11
-2.80536e-13
-4.18702e-12
1.30075e-11
-3.14869e-11
5.23315e-11
-6.14777e-11
5.03432e-11
-2.53738e-11
3.81003e-12
2.21707e-12
1.07909e-12
3.95621e-12
-2.48641e-11
4.66363e-11
-4.69898e-11
2.31221e-11
1.94436e-12
-4.87987e-12
-1.07321e-11
1.86634e-11
-2.92893e-12
-2.17881e-11
2.73299e-11
-7.05047e-12
-1.55829e-11
1.46134e-11
7.79984e-12
-2.56874e-11
2.09731e-11
-4.09395e-12
-1.02158e-12
-1.36122e-11
3.10097e-11
-3.00707e-11
8.8298e-12
1.51693e-11
-2.5543e-11
2.28247e-11
-2.05756e-11
2.83771e-11
-4.16777e-11
4.6424e-11
-3.32169e-11
6.44685e-12
1.87298e-11
-3.01733e-11
2.98398e-11
-3.13036e-11
4.33874e-11
-5.77629e-11
5.55119e-11
-2.90706e-11
-6.2834e-12
2.66421e-11
-2.60687e-11
2.27219e-11
-3.58104e-11
5.93668e-11
-6.71106e-11
4.37579e-11
-5.66832e-12
-1.68571e-11
1.43501e-11
-8.10626e-12
2.16568e-11
-4.99439e-11
6.39762e-11
-4.63156e-11
1.25285e-11
6.93821e-12
-2.57001e-12
-5.50511e-12
-5.49189e-12
3.17787e-11
-4.79367e-11
3.75774e-11
-1.25535e-11
-2.22333e-12
-2.62872e-12
1.23374e-11
-8.22969e-12
-1.00191e-11
2.48813e-11
-2.21923e-11
6.44572e-12
5.15248e-12
-1.99808e-12
-9.97982e-12
1.61361e-11
-9.56579e-12
-2.27274e-12
5.89969e-12
3.14369e-12
-1.50952e-11
1.54463e-11
-7.70962e-13
-1.68984e-11
2.22115e-11
-1.38597e-11
6.3094e-12
-1.30354e-11
2.87945e-11
-3.38612e-11
1.66042e-11
1.09455e-11
-2.57212e-11
2.0233e-11
-1.17287e-11
2.02158e-11
-4.2119e-11
5.20862e-11
-3.34793e-11
-3.26439e-13
2.04346e-11
-1.69457e-11
9.86634e-12
-2.28516e-11
5.12279e-11
-6.57522e-11
4.76347e-11
-1.23234e-11
-8.94678e-12
6.41377e-12
-2.24597e-12
2.02633e-11
-5.39114e-11
7.20989e-11
-5.67179e-11
2.41965e-11
-5.24782e-12
7.55747e-12
-8.75361e-12
-1.31365e-11
4.9636e-11
-7.06178e-11
5.97351e-11
-3.32102e-11
1.85395e-11
-2.13271e-11
2.04353e-11
2.84603e-12
-3.96328e-11
6.24224e-11
-5.71858e-11
3.80252e-11
-2.83341e-11
3.19877e-11
-3.07216e-11
8.70441e-12
2.59896e-11
-4.98666e-11
5.03005e-11
-3.83971e-11
3.31211e-11
-3.80797e-11
3.81712e-11
-1.98433e-11
-1.12741e-11
3.54857e-11
-4.08675e-11
3.47241e-11
-3.28001e-11
3.92717e-11
-4.2349e-11
2.91362e-11
-2.36908e-12
-2.1682e-11
3.04665e-11
-2.80602e-11
2.80737e-11
-3.63714e-11
4.33713e-11
-3.58519e-11
1.3268e-11
1.00421e-11
-2.04928e-11
1.95022e-11
-2.03634e-11
3.06031e-11
-4.19816e-11
3.96555e-11
-2.06775e-11
-1.50701e-12
1.16911e-11
-1.02346e-11
1.10891e-11
-2.35019e-11
3.8955e-11
-4.07919e-11
2.43959e-11
-3.87914e-12
-4.45486e-12
1.04102e-12
-1.67419e-12
1.62911e-11
-3.51939e-11
3.96169e-11
-2.49084e-11
6.4791e-12
-1.39725e-12
7.45014e-12
-6.95407e-12
-9.98584e-12
3.12278e-11
-3.67183e-11
2.2848e-11
-7.15387e-12
6.17335e-12
-1.50668e-11
1.41178e-11
4.99913e-12
-2.74391e-11
3.24629e-11
-1.90957e-11
6.71777e-12
-1.04473e-11
2.16934e-11
-1.96736e-11
-1.45591e-12
2.3716e-11
-2.7214e-11
1.43128e-11
-6.07374e-12
1.4589e-11
-2.74663e-11
2.45994e-11
-9.23262e-12
2.5716e-13
6.7821e-13
-3.27745e-14
3.04664e-14
4.03378e-15
0
