0
2.51914e-16
3.65485e-15
2.18429e-14
5.63537e-14
4.74426e-13
-3.68206e-12
1.51339e-11
-3.2701e-11
4.3811e-11
-4.20139e-11
3.39409e-11
-2.69706e-11
2.13307e-11
-1.42488e-11
7.16974e-12
-7.22515e-12
1.9657e-11
-4.02613e-11
5.56097e-11
-5.32668e-11
3.20472e-11
-3.16964e-12
-1.99205e-11
3.16656e-11
-3.56662e-11
3.68102e-11
-3.51016e-11
2.69811e-11
-1.29536e-11
1.29455e-12
-2.95811e-12
2.06104e-11
-4.42917e-11
5.83367e-11
-5.40952e-11
3.52943e-11
-1.28758e-11
-5.39882e-12
1.92733e-11
-3.17751e-11
4.14313e-11
-4.18541e-11
2.9235e-11
-9.97206e-12
-2.20972e-12
-3.01047e-12
2.3278e-11
-4.55549e-11
5.65613e-11
-5.28796e-11
4.0479e-11
-2.62693e-11
1.09227e-11
8.24571e-12
-2.97605e-11
4.48888e-11
-4.44621e-11
2.82031e-11
-7.76232e-12
-1.74766e-12
-6.33019e-12
2.52784e-11
-4.26212e-11
5.08667e-11
-5.13814e-11
4.82154e-11
-4.12719e-11
2.59686e-11
-7.29445e-13
-2.71338e-11
4.41283e-11
-4.18982e-11
2.50685e-11
-8.04013e-12
2.83944e-12
-1.0835e-11
2.4302e-11
-3.56337e-11
4.34239e-11
-5.05465e-11
5.64079e-11
-5.43011e-11
3.7395e-11
-8.04711e-12
-2.13619e-11
3.70112e-11
-3.46167e-11
2.18097e-11
-1.10928e-11
9.24223e-12
-1.41326e-11
2.02594e-11
-2.65184e-11
3.60338e-11
-4.97808e-11
6.14631e-11
-6.11541e-11
4.37717e-11
-1.5236e-11
-1.1125e-11
2.44705e-11
-2.44462e-11
1.88089e-11
-1.50783e-11
1.45535e-11
-1.47519e-11
1.48855e-11
-1.85364e-11
2.95402e-11
-4.61827e-11
5.94937e-11
-5.98253e-11
4.49213e-11
-2.21648e-11
2.02851e-12
9.45847e-12
-1.35637e-11
1.48794e-11
-1.62064e-11
1.6408e-11
-1.40379e-11
1.11993e-11
-1.32192e-11
2.30296e-11
-3.74903e-11
4.87616e-11
-5.02639e-11
4.10749e-11
-2.64127e-11
1.29163e-11
-3.86257e-12
-2.16526e-12
7.52283e-12
-1.24272e-11
1.49067e-11
-1.39108e-11
1.10583e-11
-1.03589e-11
1.48399e-11
-2.3659e-11
3.18174e-11
-3.43964e-11
3.0327e-11
-2.2972e-11
1.65184e-11
-1.27328e-11
9.63456e-12
-4.13177e-12
-4.42407e-12
1.24403e-11
-1.54977e-11
1.26918e-11
-7.97451e-12
6.17739e-12
-8.83491e-12
1.27747e-11
-1.37078e-11
1.07172e-11
-7.96696e-12
1.00601e-11
-1.64502e-11
2.05704e-11
-1.61891e-11
3.53584e-12
1.00486e-11
-1.64524e-11
1.33378e-11
-5.79138e-12
3.42746e-13
1.59093e-12
-4.30671e-12
1.07921e-11
-1.74873e-11
1.65221e-11
-4.26647e-12
-1.364e-11
2.53001e-11
-2.25565e-11
7.99786e-12
7.20867e-12
-1.37871e-11
1.13288e-11
-5.83071e-12
9.5854e-13
5.64612e-12
-1.82202e-11
3.50347e-11
-4.67166e-11
4.2926e-11
-2.28008e-11
-2.59642e-12
1.85274e-11
-1.86529e-11
8.20145e-12
2.63899e-12
-8.11667e-12
9.16955e-12
-8.78507e-12
5.62585e-12
5.45553e-12
-2.66786e-11
5.10382e-11
-6.56466e-11
6.15543e-11
-4.13412e-11
1.65418e-11
9.66066e-13
-6.82782e-12
4.4859e-12
6.86297e-14
-4.15764e-12
8.05764e-12
-1.09151e-11
8.23746e-12
4.38446e-12
-2.63375e-11
5.02305e-11
-6.60264e-11
6.69402e-11
-5.39888e-11
3.46984e-11
-1.78758e-11
7.9928e-12
-4.57416e-12
4.56883e-12
-5.4701e-12
6.05169e-12
-6.0078e-12
4.01503e-12
2.58275e-12
-1.58733e-11
3.3641e-11
-4.93106e-11
5.57393e-11
-5.06849e-11
3.83331e-11
-2.65545e-11
2.05862e-11
-1.92016e-11
1.64922e-11
-8.98717e-12
-4.88961e-13
5.78552e-12
-4.67356e-12
1.41232e-12
-2.94541e-12
1.16134e-11
-2.2505e-11
2.77059e-11
-2.47946e-11
1.95329e-11
-1.98494e-11
2.64165e-11
-3.13851e-11
2.59451e-11
-9.67315e-12
-8.5471e-12
1.77894e-11
-1.46563e-11
5.15001e-12
2.00646e-12
-4.31409e-12
5.94372e-12
-1.06899e-11
1.55169e-11
-1.32762e-11
5.07459e-13
1.70867e-11
-2.80547e-11
2.39171e-11
-6.6159e-12
-1.32533e-11
2.48228e-11
-2.45813e-11
1.569e-11
-2.88624e-12
-1.14872e-11
2.64064e-11
-3.97919e-11
4.70767e-11
-4.36882e-11
2.90122e-11
-9.09682e-12
-6.37355e-12
9.84541e-12
-6.51608e-13
-1.5272e-11
2.85709e-11
-3.17841e-11
2.3083e-11
-6.75056e-12
-1.12595e-11
2.73767e-11
-4.10796e-11
5.16162e-11
-5.62584e-11
5.14974e-11
-3.73729e-11
1.99216e-11
-9.01582e-12
1.055e-11
-2.08489e-11
2.90191e-11
-2.67882e-11
1.5047e-11
-1.80879e-12
-6.47902e-12
1.05238e-11
-1.65354e-11
2.82095e-11
-4.15864e-11
4.79839e-11
-4.33873e-11
3.28237e-11
-2.53632e-11
2.45243e-11
-2.55015e-11
2.06614e-11
-8.15552e-12
-5.67648e-12
1.14662e-11
-5.85823e-12
-5.29121e-12
1.19787e-11
-8.9769e-12
-1.33183e-12
1.27147e-11
-2.09208e-11
2.51282e-11
-2.63419e-11
2.44478e-11
-1.77802e-11
4.95754e-12
1.15434e-11
-2.50997e-11
2.82094e-11
-1.76832e-11
-3.234e-12
2.56793e-11
-3.9619e-11
3.92906e-11
-2.72823e-11
1.21107e-11
-1.78809e-12
-1.49429e-12
4.28676e-14
3.66129e-12
-1.00933e-11
2.05616e-11
-3.29808e-11
3.95522e-11
-3.17263e-11
8.40546e-12
2.03505e-11
-4.05633e-11
4.52221e-11
-3.90435e-11
3.22188e-11
-3.10934e-11
3.35442e-11
-3.33977e-11
2.79311e-11
-2.14984e-11
2.02651e-11
-2.4817e-11
2.85232e-11
-2.45347e-11
1.23913e-11
1.74722e-12
-1.13877e-11
1.49529e-11
-1.6722e-11
2.21867e-11
-3.27937e-11
4.38041e-11
-4.8299e-11
4.23985e-11
-2.8002e-11
1.09222e-11
2.04158e-12
-6.71041e-12
3.43854e-12
3.3694e-12
-9.47736e-12
1.36407e-11
-1.67603e-11
1.79813e-11
-1.39117e-11
1.57379e-12
1.65716e-11
-3.15646e-11
3.25343e-11
-1.58206e-11
-1.04676e-11
3.13851e-11
-3.69424e-11
2.83787e-11
-1.43998e-11
1.8018e-12
8.77956e-12
-2.00875e-11
3.18379e-11
-3.88803e-11
3.55389e-11
-2.29687e-11
1.01494e-11
-7.07828e-12
1.58616e-11
-2.97333e-11
3.91751e-11
-3.93175e-11
3.17273e-11
-2.19023e-11
1.42997e-11
-9.42482e-12
3.99572e-12
5.15678e-12
-1.82143e-11
3.18972e-11
-4.1907e-11
4.51667e-11
-4.2061e-11
3.60197e-11
-3.06308e-11
2.56915e-11
-1.83012e-11
7.78559e-12
6.99356e-13
-8.06504e-14
-1.14944e-11
2.66137e-11
-3.31132e-11
2.31456e-11
-3.91833e-13
-2.2504e-11
3.38075e-11
-3.15307e-11
2.18112e-11
-1.09601e-11
-2.52839e-14
1.25183e-11
-2.50841e-11
3.17928e-11
-2.67329e-11
9.48651e-12
1.25271e-11
-2.86486e-11
3.22315e-11
-2.51439e-11
1.48778e-11
-8.93018e-12
1.04766e-11
-1.80093e-11
2.65411e-11
-3.11818e-11
3.06363e-11
-2.83666e-11
2.84411e-11
-3.10475e-11
3.16802e-11
-2.57216e-11
1.28059e-11
2.1702e-12
-1.35404e-11
2.01246e-11
-2.6551e-11
3.70133e-11
-4.8638e-11
5.20614e-11
-4.09031e-11
1.91836e-11
4.79044e-13
-6.89988e-12
-1.81873e-12
1.77047e-11
-2.99764e-11
3.24626e-11
-2.63917e-11
1.61921e-11
-4.81165e-12
-7.17344e-12
1.82943e-11
-2.51039e-11
2.38064e-11
-1.31424e-11
-4.74342e-12
2.39069e-11
-3.64117e-11
3.61277e-11
-2.3623e-11
6.30844e-12
6.32743e-12
-9.77429e-12
7.25988e-12
-6.91358e-12
1.40665e-11
-2.6085e-11
3.43887e-11
-3.34618e-11
2.63998e-11
-2.15568e-11
2.3477e-11
-2.93523e-11
3.30676e-11
-3.2128e-11
2.92326e-11
-2.86236e-11
3.02506e-11
-2.85572e-11
1.68413e-11
5.50485e-12
-3.10919e-11
4.90219e-11
-5.21522e-11
4.02501e-11
-1.96132e-11
-1.98468e-13
1.05891e-11
-9.0364e-12
-1.33878e-14
9.20209e-12
-1.455e-11
1.68715e-11
-1.86964e-11
1.98162e-11
-1.71365e-11
8.25364e-12
3.60624e-12
-1.01101e-11
4.36601e-12
1.13769e-11
-2.68492e-11
3.27593e-11
-2.91966e-11
2.3919e-11
-2.42872e-11
3.04313e-11
-3.59472e-11
3.31191e-11
-1.91102e-11
-2.27779e-12
2.32278e-11
-3.73183e-11
4.21319e-11
-3.91162e-11
3.15872e-11
-2.34742e-11
1.7236e-11
-1.32642e-11
1.13342e-11
-1.34199e-11
2.20334e-11
-3.54839e-11
4.53712e-11
-4.21235e-11
2.31908e-11
3.18845e-12
-2.34583e-11
2.81315e-11
-1.85687e-11
4.47578e-12
4.80773e-12
-7.93561e-12
9.8963e-12
-1.49801e-11
2.19518e-11
-2.65824e-11
2.58425e-11
-1.98827e-11
1.06814e-11
-9.46072e-13
-7.49456e-12
1.44792e-11
-2.13619e-11
2.84183e-11
-3.35036e-11
3.29546e-11
-2.53314e-11
1.40964e-11
-7.62564e-12
1.37288e-11
-3.24737e-11
5.32088e-11
-6.18194e-11
5.17485e-11
-2.89091e-11
5.12036e-12
1.12577e-11
-1.94362e-11
2.25672e-11
-2.30474e-11
2.02846e-11
-1.2895e-11
1.62399e-12
9.30702e-12
-1.52061e-11
1.43645e-11
-9.22969e-12
3.74703e-12
-1.06699e-12
1.79431e-12
-3.42969e-12
8.32948e-13
9.20057e-12
-2.33156e-11
3.21626e-11
-2.86719e-11
1.52114e-11
-2.87919e-12
2.47242e-12
-1.63995e-11
3.70685e-11
-5.33327e-11
5.83033e-11
-5.29475e-11
4.19973e-11
-2.84646e-11
1.2249e-11
5.82707e-12
-2.18748e-11
3.07942e-11
-3.01581e-11
2.1069e-11
-7.7641e-12
-3.7541e-12
7.8063e-12
-3.33273e-12
-4.55118e-12
7.90017e-12
-3.04932e-12
-6.00786e-12
1.0293e-11
-3.66689e-12
-1.14338e-11
2.47294e-11
-2.67736e-11
1.70881e-11
-4.52072e-12
-1.31566e-12
-2.80422e-12
1.36285e-11
-2.67578e-11
3.93041e-11
-4.95515e-11
5.5537e-11
-5.54604e-11
4.77771e-11
-3.21122e-11
1.03876e-11
1.18097e-11
-2.70828e-11
2.9959e-11
-2.10407e-11
7.3832e-12
1.13172e-12
7.40558e-13
-9.02321e-12
1.34141e-11
-7.43197e-12
-5.1848e-12
1.39201e-11
-1.17018e-11
1.31358e-13
1.31349e-11
-2.10731e-11
2.08456e-11
-1.43527e-11
6.06566e-12
-6.3316e-13
3.70168e-13
-5.27803e-12
1.40265e-11
-2.544e-11
3.83615e-11
-5.13222e-11
6.10093e-11
-6.21095e-11
4.98146e-11
-2.57069e-11
-3.3437e-13
1.59748e-11
-1.67506e-11
9.14273e-12
-3.97697e-12
6.48363e-12
-1.3449e-11
1.72614e-11
-1.26844e-11
2.7849e-13
1.37926e-11
-2.20175e-11
1.99998e-11
-9.12291e-12
-5.03097e-12
1.57127e-11
-1.88074e-11
1.4823e-11
-8.56216e-12
4.61291e-12
-3.5957e-12
3.06666e-12
-3.26895e-12
8.84858e-12
-2.38058e-11
4.45791e-11
-6.1064e-11
6.4105e-11
-5.2653e-11
3.35077e-11
-1.62381e-11
6.79518e-12
-4.762e-12
4.49379e-12
-2.87879e-13
-9.26898e-12
1.98491e-11
-2.43396e-11
1.70713e-11
1.4615e-12
-2.33433e-11
3.7068e-11
-3.62002e-11
2.41024e-11
-1.02111e-11
8.621e-13
4.25276e-12
-8.25547e-12
1.14297e-11
-1.15523e-11
7.47191e-12
-1.74701e-12
-9.5156e-13
-3.41752e-12
1.52771e-11
-3.08191e-11
4.34486e-11
-4.78799e-11
4.30755e-11
-3.31225e-11
2.45737e-11
-2.23775e-11
2.51822e-11
-2.52965e-11
1.47217e-11
5.86157e-12
-2.56674e-11
3.18798e-11
-2.03309e-11
-2.60501e-12
2.60189e-11
-4.1845e-11
4.70801e-11
-4.32844e-11
3.45316e-11
-2.53024e-11
1.7631e-11
-1.09045e-11
3.70264e-12
3.49386e-12
-8.53283e-12
9.47252e-12
-7.32641e-12
5.99796e-12
-9.41191e-12
1.6738e-11
-2.21669e-11
2.03273e-11
-1.30939e-11
8.47519e-12
-1.28557e-11
2.42315e-11
-3.42601e-11
3.47538e-11
-2.29844e-11
2.42686e-12
1.81532e-11
-2.83952e-11
2.19293e-11
-1.58686e-12
-2.22143e-11
3.8609e-11
-4.3874e-11
4.22224e-11
-4.0908e-11
4.32089e-11
-4.60672e-11
4.32956e-11
-3.2233e-11
1.61682e-11
-1.15412e-12
-9.44798e-12
1.55474e-11
-1.77956e-11
1.57924e-11
-9.76865e-12
1.10094e-12
8.51951e-12
-1.76064e-11
2.28276e-11
-1.96511e-11
6.73836e-12
9.68804e-12
-1.91572e-11
1.51342e-11
-9.81166e-13
-1.28949e-11
1.66896e-11
-8.17437e-12
-6.80391e-12
1.90221e-11
-2.3046e-11
2.03609e-11
-1.7483e-11
2.04781e-11
-3.12834e-11
4.60971e-11
-5.68721e-11
5.51814e-11
-3.87817e-11
1.44539e-11
6.31661e-12
-1.65786e-11
1.74867e-11
-1.39571e-11
8.0109e-12
1.36022e-12
-1.43957e-11
2.81366e-11
-3.8701e-11
4.35334e-11
-4.23725e-11
3.66617e-11
-2.94698e-11
2.37102e-11
-2.00626e-11
1.57991e-11
-7.40967e-12
-5.77677e-12
1.90633e-11
-2.46674e-11
1.72952e-11
-1.84164e-13
-1.55564e-11
1.86207e-11
-6.85674e-12
-1.16942e-11
2.55873e-11
-2.81322e-11
1.94414e-11
-4.88e-12
-7.86432e-12
1.19461e-11
-6.33041e-12
-2.8352e-12
7.09949e-12
-4.1339e-12
-2.81708e-13
-2.02313e-12
1.37921e-11
-3.10135e-11
4.66929e-11
-5.5815e-11
5.67905e-11
-5.08699e-11
3.9984e-11
-2.58645e-11
1.00073e-11
5.05448e-12
-1.60702e-11
1.999e-11
-1.54563e-11
3.18229e-12
1.29677e-11
-2.6587e-11
3.2014e-11
-2.98201e-11
2.69813e-11
-3.03215e-11
3.86415e-11
-4.35858e-11
3.7473e-11
-2.03092e-11
-1.08509e-12
1.76343e-11
-2.25506e-11
1.39498e-11
2.77225e-12
-1.67548e-11
1.8232e-11
-6.40363e-12
-1.00987e-11
2.00953e-11
-1.86146e-11
9.18957e-12
-3.07438e-14
-2.84213e-12
-7.44174e-13
5.81197e-12
-7.11031e-12
2.84687e-12
4.47041e-12
-1.04964e-11
1.09616e-11
-3.61861e-12
-1.04715e-11
2.6456e-11
-3.91311e-11
4.6696e-11
-5.0902e-11
5.21379e-11
-4.72971e-11
3.34731e-11
-1.37311e-11
-3.9954e-12
1.30713e-11
-1.29243e-11
7.16457e-12
-7.12595e-14
-5.60109e-12
9.00937e-12
-1.25877e-11
2.0944e-11
-3.65801e-11
5.48948e-11
-6.57372e-11
6.05345e-11
-3.96916e-11
1.27703e-11
7.43316e-12
-1.32384e-11
6.07308e-12
5.29103e-12
-1.16864e-11
9.31841e-12
-1.44279e-12
-5.09286e-12
4.13177e-12
5.68042e-12
-1.94394e-11
2.78686e-11
-2.42687e-11
1.04794e-11
3.79142e-12
-9.57607e-12
5.4334e-12
3.27371e-12
-1.07812e-11
1.40437e-11
-1.21472e-11
5.1694e-12
4.56865e-12
-1.34448e-11
1.95123e-11
-2.43241e-11
2.9448e-11
-3.31561e-11
3.15658e-11
-2.38431e-11
1.36018e-11
-5.55309e-12
9.08832e-13
2.44568e-12
-6.98401e-12
1.23122e-11
-1.50902e-11
1.06319e-11
3.65485e-12
-2.58936e-11
4.91669e-11
-6.47193e-11
6.62087e-11
-5.37505e-11
3.42739e-11
-1.81123e-11
1.17673e-11
-1.31412e-11
1.33985e-11
-5.74136e-12
-8.20575e-12
1.96117e-11
-1.99852e-11
6.40086e-12
1.73722e-11
-4.27678e-11
5.89453e-11
-5.85826e-11
4.35551e-11
-2.50417e-11
1.45148e-11
-1.47118e-11
1.88887e-11
-1.89725e-11
1.21253e-11
-1.3251e-12
-8.30466e-12
1.17361e-11
-6.28733e-12
-6.24573e-12
1.89231e-11
-2.43364e-11
2.02423e-11
-1.12023e-11
3.70019e-12
-1.16007e-12
2.52237e-12
-5.14897e-12
7.19541e-12
-8.57731e-12
9.69151e-12
-1.04902e-11
9.80474e-12
-6.5304e-12
5.18974e-13
6.87483e-12
-1.38758e-11
1.87213e-11
-2.05091e-11
1.97481e-11
-1.89352e-11
2.0066e-11
-2.15523e-11
1.79643e-11
-5.68196e-12
-1.20823e-11
2.62436e-11
-2.90658e-11
1.90109e-11
-4.29574e-13
-2e-11
3.52411e-11
-4.06435e-11
3.72215e-11
-3.25683e-11
3.43515e-11
-4.23966e-11
4.75771e-11
-4.05224e-11
1.99965e-11
6.11015e-12
-2.6916e-11
3.39249e-11
-2.43229e-11
2.21361e-12
2.18865e-11
-3.70018e-11
3.92754e-11
-3.48889e-11
3.36133e-11
-4.0076e-11
5.00345e-11
-5.48329e-11
4.7811e-11
-2.88126e-11
4.13205e-12
1.61986e-11
-2.38762e-11
1.6821e-11
-6.16422e-13
-1.55558e-11
2.46203e-11
-2.59053e-11
2.41888e-11
-2.54406e-11
3.14567e-11
-3.86655e-11
4.11257e-11
-3.58005e-11
2.42492e-11
-1.09757e-11
2.5808e-13
4.84748e-12
-3.45442e-12
-2.53095e-12
8.66156e-12
-1.16274e-11
1.19298e-11
-1.2638e-11
1.46076e-11
-1.55494e-11
1.3457e-11
-1.00769e-11
8.52061e-12
-9.51124e-12
1.09121e-11
-1.12829e-11
1.08045e-11
-9.63592e-12
6.9338e-12
-3.55098e-12
2.53649e-12
-5.56386e-12
8.89768e-12
-6.45159e-12
-3.63127e-12
1.61003e-11
-2.35798e-11
2.21047e-11
-1.26679e-11
-1.01495e-12
1.34664e-11
-1.90574e-11
1.53052e-11
-6.41893e-12
4.97289e-13
-2.33084e-12
8.28824e-12
-9.85524e-12
9.42316e-13
1.72135e-11
-3.74641e-11
5.05428e-11
-4.97697e-11
3.44846e-11
-1.17489e-11
-7.36075e-12
1.46495e-11
-1.06284e-11
3.0875e-12
-6.28373e-13
5.63832e-12
-1.2926e-11
1.34059e-11
-9.98897e-13
-2.28435e-11
4.88974e-11
-6.55236e-11
6.51392e-11
-4.87875e-11
2.51341e-11
-5.62279e-12
-2.64342e-12
8.82322e-13
2.7297e-12
-4.37806e-13
-8.5456e-12
1.71052e-11
-1.63821e-11
2.15591e-12
2.23561e-11
-4.86293e-11
6.63145e-11
-6.82779e-11
5.48043e-11
-3.45837e-11
1.85912e-11
-1.20312e-11
1.11398e-11
-8.78598e-12
1.40727e-12
8.58911e-12
-1.59983e-11
1.55616e-11
-4.08583e-12
-1.74314e-11
4.15927e-11
-5.79227e-11
6.0155e-11
-5.1238e-11
3.9282e-11
-3.0128e-11
2.39343e-11
-1.85382e-11
1.23912e-11
-4.89534e-12
-4.03793e-12
1.17331e-11
-1.27732e-11
3.24785e-12
1.39675e-11
-3.10227e-11
4.16171e-11
-4.52946e-11
4.44841e-11
-4.07793e-11
3.46576e-11
-2.77445e-11
2.16394e-11
-1.58166e-11
8.27488e-12
2.3355e-13
-5.64792e-12
4.53671e-12
1.89604e-12
-1.00015e-11
1.76761e-11
-2.52326e-11
3.21042e-11
-3.61276e-11
3.58137e-11
-3.24062e-11
2.76244e-11
-2.17348e-11
1.44483e-11
-7.6363e-12
4.07288e-12
-4.31646e-12
5.69702e-12
-6.03986e-12
6.13116e-12
-8.4698e-12
1.3653e-11
-2.01107e-11
2.57209e-11
-2.91032e-11
2.87223e-11
-2.36892e-11
1.54834e-11
-8.52816e-12
6.54905e-12
-9.30388e-12
1.27444e-11
-1.32458e-11
1.02015e-11
-5.90885e-12
3.26986e-12
-4.66206e-12
1.05306e-11
-1.86017e-11
2.40272e-11
-2.28602e-11
1.53567e-11
-6.53991e-12
2.13115e-12
-4.57427e-12
1.14774e-11
-1.79556e-11
1.94955e-11
-1.47912e-11
6.40926e-12
1.79336e-13
-3.79818e-13
-6.24784e-12
1.49891e-11
-1.94897e-11
1.61386e-11
-6.92879e-12
-2.18339e-12
4.99338e-12
6.45028e-13
-1.16236e-11
2.1187e-11
-2.3498e-11
1.7213e-11
-6.67376e-12
-1.23387e-12
1.46692e-12
5.43142e-12
-1.38711e-11
1.68102e-11
-1.10836e-11
-3.83966e-13
1.0179e-11
-1.16991e-11
3.2919e-12
1.04603e-11
-2.18872e-11
2.46326e-11
-1.78471e-11
6.5842e-12
1.19492e-12
-4.74937e-13
-7.33284e-12
1.51971e-11
-1.6052e-11
7.70042e-12
5.5067e-12
-1.58584e-11
1.67445e-11
-6.92402e-12
-8.63219e-12
2.11107e-11
-2.37348e-11
1.62763e-11
-5.42677e-12
-6.1779e-13
-2.04973e-12
1.04269e-11
-1.75064e-11
1.68465e-11
-6.90017e-12
-7.96331e-12
1.92636e-11
-1.98193e-11
8.65651e-12
7.54075e-12
-1.92707e-11
2.06663e-11
-1.33332e-11
4.05836e-12
-2.23997e-14
4.05818e-12
-1.3333e-11
2.06662e-11
-1.92708e-11
7.54099e-12
8.65622e-12
-1.98191e-11
1.92633e-11
-7.96318e-12
-6.90024e-12
1.68466e-11
-1.75066e-11
1.04273e-11
-2.05021e-12
-6.17459e-13
-5.42687e-12
1.62762e-11
-2.37348e-11
2.11107e-11
-8.63211e-12
-6.92416e-12
1.67447e-11
-1.58587e-11
5.50706e-12
7.69992e-12
-1.60515e-11
1.51967e-11
-7.33267e-12
-4.75051e-13
1.19509e-12
6.58398e-12
-1.78469e-11
2.46325e-11
-2.18872e-11
1.04605e-11
3.29161e-12
-1.16988e-11
1.01787e-11
-3.83779e-13
-1.10836e-11
1.68102e-11
-1.38713e-11
5.43167e-12
1.46663e-12
-1.23364e-12
-6.67387e-12
1.7213e-11
-2.34979e-11
2.11869e-11
-1.16236e-11
6.45038e-13
4.9933e-12
-2.18331e-12
-6.92879e-12
1.61385e-11
-1.94896e-11
1.49889e-11
-6.24779e-12
-3.79822e-13
1.79345e-13
6.4092e-12
-1.47911e-11
1.94953e-11
-1.79554e-11
1.14773e-11
-4.57427e-12
2.13119e-12
-6.53994e-12
1.53566e-11
-2.28601e-11
2.40269e-11
-1.86015e-11
1.05305e-11
-4.6621e-12
3.26992e-12
-5.90885e-12
1.02015e-11
-1.32457e-11
1.27442e-11
-9.30372e-12
6.54903e-12
-8.52836e-12
1.54838e-11
-2.36897e-11
2.87227e-11
-2.91035e-11
2.57211e-11
-2.01109e-11
1.36533e-11
-8.47012e-12
6.13158e-12
-6.04029e-12
5.69731e-12
-4.31644e-12
4.07257e-12
-7.6358e-12
1.44478e-11
-2.17342e-11
2.76239e-11
-3.24057e-11
3.58133e-11
-3.61272e-11
3.21037e-11
-2.5232e-11
1.76755e-11
-1.00013e-11
1.8961e-12
4.53638e-12
-5.64742e-12
2.3295e-13
8.27549e-12
-1.58171e-11
2.16398e-11
-2.77448e-11
3.4658e-11
-4.07799e-11
4.44847e-11
-4.5295e-11
4.16173e-11
-3.10226e-11
1.39672e-11
3.24829e-12
-1.27737e-11
1.17334e-11
-4.03797e-12
-4.89542e-12
1.23912e-11
-1.85379e-11
2.3934e-11
-3.01277e-11
3.92818e-11
-5.12379e-11
6.01552e-11
-5.7923e-11
4.15929e-11
-1.74315e-11
-4.08609e-12
1.55621e-11
-1.59987e-11
8.58942e-12
1.40715e-12
-8.78599e-12
1.11398e-11
-1.20313e-11
1.85912e-11
-3.45837e-11
5.48043e-11
-6.8278e-11
6.63148e-11
-4.86298e-11
2.23567e-11
2.15534e-12
-1.63816e-11
1.71048e-11
-8.54531e-12
-4.38046e-13
2.72988e-12
8.82218e-13
-2.64342e-12
-5.62268e-12
2.51339e-11
-4.87872e-11
6.51388e-11
-6.55233e-11
4.88971e-11
-2.28432e-11
-9.99227e-13
1.34063e-11
-1.29264e-11
5.63873e-12
-6.28694e-13
3.08769e-12
-1.06285e-11
1.46494e-11
-7.36073e-12
-1.17488e-11
3.44843e-11
-4.97694e-11
5.05427e-11
-3.74641e-11
1.72138e-11
9.41848e-13
-9.85465e-12
8.28766e-12
-2.33039e-12
4.97015e-13
-6.41874e-12
1.5305e-11
-1.9057e-11
1.34659e-11
-1.01444e-12
-1.26683e-11
2.21049e-11
-2.35798e-11
1.61e-11
-3.63079e-12
-6.45208e-12
8.89808e-12
-5.56411e-12
2.53663e-12
-3.55108e-12
6.93392e-12
-9.63605e-12
1.08046e-11
-1.12829e-11
1.09122e-11
-9.51122e-12
8.52052e-12
-1.00768e-11
1.34569e-11
-1.55494e-11
1.46077e-11
-1.26382e-11
1.19302e-11
-1.16278e-11
8.66207e-12
-2.53142e-12
-3.45408e-12
4.84728e-12
2.5821e-13
-1.09758e-11
2.42493e-11
-3.58004e-11
4.11255e-11
-3.86651e-11
3.14561e-11
-2.54399e-11
2.41881e-11
-2.59047e-11
2.46199e-11
-1.55555e-11
-6.16662e-13
1.68212e-11
-2.38764e-11
1.61988e-11
4.13199e-12
-2.88127e-11
4.78114e-11
-5.48334e-11
5.00351e-11
-4.00765e-11
3.36136e-11
-3.4889e-11
3.92755e-11
-3.70018e-11
2.18866e-11
2.21343e-12
-2.43227e-11
3.39247e-11
-2.69159e-11
6.11014e-12
1.99964e-11
-4.05221e-11
4.75768e-11
-4.23963e-11
3.43514e-11
-3.25683e-11
3.72217e-11
-4.06437e-11
3.52413e-11
-2e-11
-4.29745e-13
1.90113e-11
-2.90661e-11
2.62437e-11
-1.20821e-11
-5.68239e-12
1.79647e-11
-2.15526e-11
2.0066e-11
-1.89349e-11
1.97476e-11
-2.05087e-11
1.87212e-11
-1.38759e-11
6.87506e-12
5.18759e-13
-6.53035e-12
9.80489e-12
-1.04904e-11
9.69165e-12
-8.57728e-12
7.19525e-12
-5.14877e-12
2.52219e-12
-1.15995e-12
3.70016e-12
-1.12024e-11
2.02424e-11
-2.43365e-11
1.89232e-11
-6.24586e-12
-6.2871e-12
1.17358e-11
-8.30442e-12
-1.32521e-12
1.21253e-11
-1.89725e-11
1.88886e-11
-1.47116e-11
1.45146e-11
-2.50415e-11
4.3555e-11
-5.85825e-11
5.89452e-11
-4.27677e-11
1.73722e-11
6.40083e-12
-1.99851e-11
1.96115e-11
-8.20553e-12
-5.74164e-12
1.33989e-11
-1.31415e-11
1.17673e-11
-1.8112e-11
3.42735e-11
-5.375e-11
6.62083e-11
-6.4719e-11
4.91667e-11
-2.58933e-11
3.65449e-12
1.06323e-11
-1.50907e-11
1.23125e-11
-6.98401e-12
2.44534e-12
9.09439e-13
-5.55377e-12
1.36023e-11
-2.38433e-11
3.15658e-11
-3.31561e-11
2.94482e-11
-2.43244e-11
1.95127e-11
-1.34451e-11
4.56876e-12
5.1695e-12
-1.21474e-11
1.4044e-11
-1.07814e-11
3.27366e-12
5.43362e-12
-9.5763e-12
3.79156e-12
1.04793e-11
-2.42687e-11
2.78685e-11
-1.94393e-11
5.68033e-12
4.13181e-12
-5.0928e-12
-1.44298e-12
9.31872e-12
-1.16867e-11
5.2913e-12
6.07291e-12
-1.32383e-11
7.433e-12
1.27706e-11
-3.96919e-11
6.05348e-11
-6.57375e-11
5.4895e-11
-3.65802e-11
2.09438e-11
-1.25874e-11
9.00898e-12
-5.60076e-12
-7.1457e-14
7.16464e-12
-1.29243e-11
1.30714e-11
-3.9955e-12
-1.37309e-11
3.34729e-11
-4.72968e-11
5.21378e-11
-5.09021e-11
4.66964e-11
-3.91315e-11
2.64563e-11
-1.04716e-11
-3.61868e-12
1.09617e-11
-1.04965e-11
4.47046e-12
2.84685e-12
-7.11026e-12
5.81182e-12
-7.43897e-13
-2.84249e-12
-3.04178e-14
9.1894e-12
-1.86146e-11
2.00955e-11
-1.00989e-11
-6.40359e-12
1.8232e-11
-1.67548e-11
2.77214e-12
1.39501e-11
-2.2551e-11
1.76347e-11
-1.08532e-12
-2.03091e-11
3.7473e-11
-4.35858e-11
3.86415e-11
-3.03214e-11
2.69812e-11
-2.982e-11
3.2014e-11
-2.6587e-11
1.29677e-11
3.18228e-12
-1.54563e-11
1.99899e-11
-1.607e-11
5.05416e-12
1.00077e-11
-2.58649e-11
3.99842e-11
-5.087e-11
5.67904e-11
-5.58149e-11
4.66928e-11
-3.10134e-11
1.3792e-11
-2.023e-12
-2.81854e-13
-4.13373e-12
7.09932e-12
-2.8351e-12
-6.3304e-12
1.1946e-11
-7.86411e-12
-4.88028e-12
1.94417e-11
-2.81325e-11
2.55876e-11
-1.16944e-11
-6.85657e-12
1.86206e-11
-1.55565e-11
-1.83873e-13
1.72948e-11
-2.4667e-11
1.9063e-11
-5.77656e-12
-7.4098e-12
1.57992e-11
-2.00626e-11
2.37101e-11
-2.94698e-11
3.66616e-11
-4.23725e-11
4.35333e-11
-3.87009e-11
2.81365e-11
-1.43957e-11
1.36033e-12
8.01065e-12
-1.39568e-11
1.74863e-11
-1.65781e-11
6.31616e-12
1.44542e-11
-3.87818e-11
5.51813e-11
-5.68718e-11
4.60969e-11
-3.12834e-11
2.04782e-11
-1.74831e-11
2.03608e-11
-2.30457e-11
1.90216e-11
-6.8034e-12
-8.17489e-12
1.669e-11
-1.28952e-11
-9.81077e-13
1.51341e-11
-1.91569e-11
9.68752e-12
6.73898e-12
-1.96517e-11
2.28279e-11
-1.76065e-11
8.51945e-12
1.10116e-12
-9.769e-12
1.57929e-11
-1.77961e-11
1.55479e-11
-9.44841e-12
-1.15384e-12
1.6168e-11
-3.22329e-11
4.32955e-11
-4.60671e-11
4.32087e-11
-4.09078e-11
4.22222e-11
-4.38738e-11
3.8609e-11
-2.22143e-11
-1.58682e-12
2.19294e-11
-2.83954e-11
1.81535e-11
2.4266e-12
-2.29843e-11
3.47539e-11
-3.42602e-11
2.42317e-11
-1.28561e-11
8.4757e-12
-1.30944e-11
2.03277e-11
-2.21672e-11
1.67382e-11
-9.41205e-12
5.99808e-12
-7.32649e-12
9.47254e-12
-8.53277e-12
3.49374e-12
3.70283e-12
-1.09047e-11
1.76312e-11
-2.53024e-11
3.45315e-11
-4.32843e-11
4.70801e-11
-4.18451e-11
2.60191e-11
-2.60514e-12
-2.03308e-11
3.18798e-11
-2.56674e-11
5.86153e-12
1.47218e-11
-2.52967e-11
2.51824e-11
-2.23776e-11
2.45737e-11
-3.31224e-11
4.30753e-11
-4.78797e-11
4.34484e-11
-3.08188e-11
1.52768e-11
-3.41711e-12
-9.51927e-13
-1.74677e-12
7.47179e-12
-1.15522e-11
1.14296e-11
-8.25528e-12
4.25261e-12
8.62129e-13
-1.0211e-11
2.4102e-11
-3.61997e-11
3.70674e-11
-2.33428e-11
1.46106e-12
1.70716e-11
-2.43398e-11
1.98492e-11
-9.26908e-12
-2.8782e-13
4.49385e-12
-4.76221e-12
6.7955e-12
-1.62384e-11
3.35078e-11
-5.26531e-11
6.41049e-11
-6.1064e-11
4.45791e-11
-2.38057e-11
8.84839e-12
-3.26864e-12
3.06628e-12
-3.5953e-12
4.61254e-12
-8.56189e-12
1.48229e-11
-1.88075e-11
1.57129e-11
-5.03116e-12
-9.12279e-12
1.99998e-11
-2.20174e-11
1.37925e-11
2.78571e-13
-1.26844e-11
1.72612e-11
-1.34487e-11
6.48325e-12
-3.97673e-12
9.1427e-12
-1.67507e-11
1.59748e-11
-3.3432e-13
-2.57071e-11
4.98148e-11
-6.21095e-11
6.10092e-11
-5.13219e-11
3.83611e-11
-2.54397e-11
1.40263e-11
-5.27774e-12
3.69847e-13
-6.32791e-13
6.06525e-12
-1.43523e-11
2.08452e-11
-2.10728e-11
1.31348e-11
1.31361e-13
-1.17018e-11
1.39203e-11
-5.18494e-12
-7.43192e-12
1.34142e-11
-9.02333e-12
7.4066e-13
1.13165e-12
7.38328e-12
-2.10408e-11
2.99591e-11
-2.70829e-11
1.18096e-11
1.03877e-11
-3.21123e-11
4.77772e-11
-5.54605e-11
5.5537e-11
-4.95515e-11
3.93041e-11
-2.67577e-11
1.36283e-11
-2.80391e-12
-1.31593e-12
-4.52057e-12
1.70881e-11
-2.67738e-11
2.47296e-11
-1.1434e-11
-3.66685e-12
1.02931e-11
-6.00791e-12
-3.04935e-12
7.90032e-12
-4.5514e-12
-3.33252e-12
7.80618e-12
-3.75406e-12
-7.76417e-12
2.10692e-11
-3.01583e-11
3.07943e-11
-2.18747e-11
5.82683e-12
1.22493e-11
-2.8465e-11
4.19976e-11
-5.29476e-11
5.83033e-11
-5.33327e-11
3.70685e-11
-1.63996e-11
2.47264e-12
-2.87942e-12
1.52116e-11
-2.8672e-11
3.21626e-11
-2.33156e-11
9.20072e-12
8.32776e-13
-3.42949e-12
1.79405e-12
-1.06665e-12
3.74663e-12
-9.22926e-12
1.43641e-11
-1.52057e-11
9.30673e-12
1.62421e-12
-1.28952e-11
2.02847e-11
-2.30473e-11
2.25671e-11
-1.94361e-11
1.12576e-11
5.12049e-12
-2.89093e-11
5.17488e-11
-6.18197e-11
5.3209e-11
-3.24738e-11
1.37288e-11
-7.6256e-12
1.40963e-11
-2.53313e-11
3.29545e-11
-3.35036e-11
2.84184e-11
-2.13621e-11
1.44794e-11
-7.49478e-12
-9.45839e-13
1.06812e-11
-1.98825e-11
2.58423e-11
-2.65823e-11
2.19517e-11
-1.498e-11
9.89613e-12
-7.93542e-12
4.8076e-12
4.47583e-12
-1.85687e-11
2.81315e-11
-2.34583e-11
3.18836e-12
2.3191e-11
-4.21238e-11
4.53714e-11
-3.54839e-11
2.20331e-11
-1.34194e-11
1.13337e-11
-1.32637e-11
1.72356e-11
-2.3474e-11
3.1587e-11
-3.91162e-11
4.21319e-11
-3.73184e-11
2.32278e-11
-2.27781e-12
-1.91101e-11
3.31191e-11
-3.59472e-11
3.04313e-11
-2.42871e-11
2.39188e-11
-2.91963e-11
3.2759e-11
-2.68491e-11
1.13771e-11
4.36564e-12
-1.01097e-11
3.60602e-12
8.25368e-12
-1.71364e-11
1.9816e-11
-1.86962e-11
1.68714e-11
-1.45499e-11
9.20215e-12
-1.35492e-14
-9.03616e-12
1.05888e-11
-1.98237e-13
-1.96134e-11
4.02503e-11
-5.21524e-11
4.90222e-11
-3.10922e-11
5.50514e-12
1.6841e-11
-2.85569e-11
3.02504e-11
-2.86235e-11
2.92326e-11
-3.21281e-11
3.30677e-11
-2.93522e-11
2.34768e-11
-2.15565e-11
2.63995e-11
-3.34616e-11
3.43887e-11
-2.60853e-11
1.40672e-11
-6.91441e-12
7.26076e-12
-9.77502e-12
6.3279e-12
6.30824e-12
-2.3623e-11
3.61277e-11
-3.64116e-11
2.39068e-11
-4.74318e-12
-1.31427e-11
2.38068e-11
-2.51045e-11
1.82949e-11
-7.17407e-12
-4.81113e-12
1.61918e-11
-2.63913e-11
3.24623e-11
-2.99761e-11
1.77043e-11
-1.81837e-12
-6.90008e-12
4.79013e-13
1.91838e-11
-4.09034e-11
5.20617e-11
-4.86381e-11
3.70133e-11
-2.65509e-11
2.01244e-11
-1.35402e-11
2.17005e-12
1.2806e-11
-2.57217e-11
3.16801e-11
-3.10472e-11
2.84407e-11
-2.83663e-11
3.06361e-11
-3.11818e-11
2.65411e-11
-1.80094e-11
1.04765e-11
-8.92995e-12
1.48775e-11
-2.51437e-11
3.22314e-11
-2.86485e-11
1.25269e-11
9.48672e-12
-2.6733e-11
3.17927e-11
-2.50839e-11
1.2518e-11
-2.50609e-14
-1.09601e-11
2.18111e-11
-3.15305e-11
3.38074e-11
-2.25041e-11
-3.91732e-13
2.31456e-11
-3.31134e-11
2.6614e-11
-1.14947e-11
-8.05151e-14
6.99437e-13
7.78534e-12
-1.83008e-11
2.56911e-11
-3.06304e-11
3.60193e-11
-4.20606e-11
4.51663e-11
-4.19067e-11
3.18971e-11
-1.82145e-11
5.1572e-12
3.99524e-12
-9.42447e-12
1.42997e-11
-2.19025e-11
3.17277e-11
-3.93179e-11
3.91754e-11
-2.97336e-11
1.58619e-11
-7.07864e-12
1.01497e-11
-2.29688e-11
3.55387e-11
-3.888e-11
3.18375e-11
-2.00872e-11
8.77938e-12
1.80191e-12
-1.43998e-11
2.83787e-11
-3.69423e-11
3.13851e-11
-1.04676e-11
-1.58205e-11
3.25342e-11
-3.15645e-11
1.65715e-11
1.57394e-12
-1.3912e-11
1.79818e-11
-1.67607e-11
1.3641e-11
-9.47734e-12
3.36924e-12
3.43863e-12
-6.71025e-12
2.04121e-12
1.09226e-11
-2.80023e-11
4.23988e-11
-4.82993e-11
4.38045e-11
-3.27942e-11
2.21872e-11
-1.67223e-11
1.49529e-11
-1.13875e-11
1.74697e-12
1.23914e-11
-2.45346e-11
2.85229e-11
-2.48165e-11
2.02647e-11
-2.14981e-11
2.79309e-11
-3.33975e-11
3.35439e-11
-3.10931e-11
3.22185e-11
-3.90433e-11
4.52221e-11
-4.05633e-11
2.03504e-11
8.40567e-12
-3.17265e-11
3.95523e-11
-3.29807e-11
2.05613e-11
-1.0093e-11
3.66117e-12
4.2781e-14
-1.494e-12
-1.78849e-12
1.21111e-11
-2.72826e-11
3.92908e-11
-3.96191e-11
2.56793e-11
-3.23387e-12
-1.76834e-11
2.82097e-11
-2.51001e-11
1.15439e-11
4.9572e-12
-1.77801e-11
2.44479e-11
-2.63422e-11
2.51283e-11
-2.09209e-11
1.27147e-11
-1.33183e-12
-8.97684e-12
1.19787e-11
-5.2913e-12
-5.85796e-12
1.14658e-11
-5.67604e-12
-8.15593e-12
2.06618e-11
-2.55018e-11
2.45245e-11
-2.53633e-11
3.28237e-11
-4.33872e-11
4.79838e-11
-4.15863e-11
2.82094e-11
-1.65353e-11
1.05239e-11
-6.47939e-12
-1.80824e-12
1.50464e-11
-2.67878e-11
2.90188e-11
-2.08487e-11
1.055e-11
-9.0158e-12
1.99217e-11
-3.7373e-11
5.14975e-11
-5.62585e-11
5.16161e-11
-4.10794e-11
2.73765e-11
-1.12592e-11
-6.75078e-12
2.30832e-11
-3.17844e-11
2.85711e-11
-1.5272e-11
-6.51723e-13
9.84556e-12
-6.37362e-12
-9.09683e-12
2.90123e-11
-4.36881e-11
4.70764e-11
-3.97916e-11
2.64062e-11
-1.14872e-11
-2.88617e-12
1.569e-11
-2.45814e-11
2.48229e-11
-1.32533e-11
-6.616e-12
2.39172e-11
-2.80547e-11
1.70865e-11
5.07904e-13
-1.32767e-11
1.55174e-11
-1.06902e-11
5.94394e-12
-4.31422e-12
2.00655e-12
5.14996e-12
-1.46563e-11
1.77894e-11
-8.54714e-12
-9.6731e-12
2.59451e-11
-3.13852e-11
2.64167e-11
-1.98497e-11
1.95332e-11
-2.47947e-11
2.7706e-11
-2.25051e-11
1.16136e-11
-2.94572e-12
1.41264e-12
-4.67374e-12
5.78553e-12
-4.88822e-13
-8.98736e-12
1.64924e-11
-1.92018e-11
2.05864e-11
-2.65547e-11
3.83333e-11
-5.06849e-11
5.57391e-11
-4.93103e-11
3.36406e-11
-1.58729e-11
2.58255e-12
4.01503e-12
-6.00765e-12
6.05148e-12
-5.46988e-12
4.56859e-12
-4.57386e-12
7.99247e-12
-1.78755e-11
3.46983e-11
-5.39888e-11
6.69403e-11
-6.60266e-11
5.02306e-11
-2.63376e-11
4.38456e-12
8.23733e-12
-1.09149e-11
8.05765e-12
-4.15782e-12
6.89565e-14
4.48556e-12
-6.82753e-12
9.65876e-13
1.6542e-11
-4.13413e-11
6.15544e-11
-6.56466e-11
5.10381e-11
-2.66784e-11
5.45535e-12
5.62594e-12
-8.78501e-12
9.1694e-12
-8.11649e-12
2.6389e-12
8.20147e-12
-1.86528e-11
1.85274e-11
-2.59656e-12
-2.28006e-11
4.29258e-11
-4.67165e-11
3.50346e-11
-1.82201e-11
5.64602e-12
9.58624e-13
-5.83066e-12
1.13285e-11
-1.37867e-11
7.20828e-12
7.99807e-12
-2.25564e-11
2.52999e-11
-1.36396e-11
-4.26689e-12
1.65225e-11
-1.74876e-11
1.07924e-11
-4.30677e-12
1.59076e-12
3.43165e-13
-5.79192e-12
1.33384e-11
-1.64528e-11
1.00487e-11
3.53596e-12
-1.61894e-11
2.05709e-11
-1.64506e-11
1.00605e-11
-7.96718e-12
1.07172e-11
-1.37077e-11
1.27745e-11
-8.83459e-12
6.17702e-12
-7.97411e-12
1.26915e-11
-1.54976e-11
1.24405e-11
-4.42434e-12
-4.13145e-12
9.63431e-12
-1.27326e-11
1.65183e-11
-2.29719e-11
3.03269e-11
-3.43964e-11
3.18176e-11
-2.36593e-11
1.48402e-11
-1.03591e-11
1.10584e-11
-1.39108e-11
1.49066e-11
-1.2427e-11
7.52261e-12
-2.16496e-12
-3.8629e-12
1.29166e-11
-2.64128e-11
4.1075e-11
-5.02639e-11
4.87615e-11
-3.74902e-11
2.30295e-11
-1.32192e-11
1.11995e-11
-1.40381e-11
1.64083e-11
-1.62068e-11
1.48797e-11
-1.3564e-11
9.45863e-12
2.02845e-12
-2.21648e-11
4.49214e-11
-5.98255e-11
5.94938e-11
-4.61826e-11
2.95399e-11
-1.8536e-11
1.48851e-11
-1.47517e-11
1.45534e-11
-1.50783e-11
1.88089e-11
-2.44464e-11
2.44708e-11
-1.11253e-11
-1.52358e-11
4.37718e-11
-6.11544e-11
6.14635e-11
-4.97812e-11
3.60341e-11
-2.65185e-11
2.02595e-11
-1.41325e-11
9.24196e-12
-1.10923e-11
2.18091e-11
-3.46162e-11
3.7011e-11
-2.1362e-11
-8.04679e-12
3.73947e-11
-5.43009e-11
5.64077e-11
-5.05463e-11
4.34238e-11
-3.56337e-11
2.43023e-11
-1.08356e-11
2.8401e-12
-8.04059e-12
2.50686e-11
-4.18981e-11
4.41282e-11
-2.71337e-11
-7.295e-13
2.59688e-11
-4.12721e-11
4.82157e-11
-5.13814e-11
5.08666e-11
-4.26208e-11
2.52781e-11
-6.33004e-12
-1.74765e-12
-7.76237e-12
2.82031e-11
-4.4462e-11
4.48888e-11
-2.97607e-11
8.24598e-12
1.09224e-11
-2.62691e-11
4.04789e-11
-5.28795e-11
5.65612e-11
-4.55547e-11
2.32778e-11
-3.01039e-12
-2.20973e-12
-9.97202e-12
2.92349e-11
-4.18539e-11
4.14311e-11
-3.17749e-11
1.92731e-11
-5.39855e-12
-1.28761e-11
3.52946e-11
-5.40954e-11
5.83369e-11
-4.42919e-11
2.06106e-11
-2.95835e-12
1.29478e-12
-1.29538e-11
2.69812e-11
-3.51017e-11
3.68104e-11
-3.56665e-11
3.16658e-11
-1.99206e-11
-3.16953e-12
3.20471e-11
-5.32666e-11
5.56094e-11
-4.02611e-11
1.96568e-11
-7.22501e-12
7.16963e-12
-1.42487e-11
2.13307e-11
-2.69706e-11
3.39411e-11
-4.2014e-11
4.38111e-11
-3.27007e-11
1.51352e-11
-3.67822e-12
4.81647e-13
6.22561e-14
2.44264e-14
4.13215e-15
0
