0
-2.927e-10
-1.22208e-09
1.84814e-08
1.90417e-07
6.77597e-07
1.33684e-06
1.88567e-06
2.23354e-06
2.44527e-06
2.60401e-06
2.74575e-06
2.87156e-06
2.98166e-06
3.07586e-06
3.15429e-06
3.21722e-06
3.2646e-06
3.29701e-06
3.31443e-06
3.31756e-06
3.30665e-06
3.28217e-06
3.2448e-06
3.19485e-06
3.13326e-06
3.06031e-06
2.97694e-06
2.8837e-06
2.78129e-06
2.67062e-06
2.5521e-06
2.42688e-06
2.29537e-06
2.15859e-06
2.01716e-06
1.87181e-06
1.72352e-06
1.57267e-06
1.42037e-06
1.26698e-06
1.11346e-06
9.60375e-07
8.08277e-07
6.58031e-07
5.0989e-07
3.6482e-07
2.2297e-07
8.50776e-08
-4.84418e-08
-1.77267e-07
-3.00743e-07
-4.18911e-07
-5.3101e-07
-6.37101e-07
-7.36731e-07
-8.29744e-07
-9.16098e-07
-9.95323e-07
-1.06774e-06
-1.13288e-06
-1.19105e-06
-1.242e-06
-1.28581e-06
-1.32272e-06
-1.35249e-06
-1.37563e-06
-1.39187e-06
-1.40172e-06
-1.40522e-06
-1.40251e-06
-1.39405e-06
-1.37976e-06
-1.36032e-06
-1.33559e-06
-1.30615e-06
-1.2722e-06
-1.23401e-06
-1.19211e-06
-1.14643e-06
-1.09777e-06
-1.04607e-06
-9.91928e-07
-9.3554e-07
-8.77187e-07
-8.17451e-07
-7.56285e-07
-6.94368e-07
-6.31679e-07
-5.68775e-07
-5.05848e-07
-4.43066e-07
-3.80934e-07
-3.19418e-07
-2.59083e-07
-1.9984e-07
-1.42098e-07
-8.60283e-08
-3.17266e-08
2.04748e-08
7.0675e-08
1.18446e-07
1.63888e-07
2.06785e-07
2.47083e-07
2.8474e-07
3.1956e-07
3.51697e-07
3.8095e-07
4.07417e-07
4.30999e-07
4.51765e-07
4.6976e-07
4.84939e-07
4.97407e-07
5.07177e-07
5.14385e-07
5.19024e-07
5.21217e-07
5.21031e-07
5.18627e-07
5.14032e-07
5.0738e-07
4.98802e-07
4.88398e-07
4.76348e-07
4.62626e-07
4.47553e-07
4.31101e-07
4.13513e-07
3.9483e-07
3.75175e-07
3.5483e-07
3.33671e-07
3.12081e-07
2.89922e-07
2.67552e-07
2.44959e-07
2.2219e-07
1.99561e-07
1.76886e-07
1.54613e-07
1.32453e-07
1.10779e-07
8.95772e-08
6.88395e-08
4.88514e-08
2.93256e-08
1.07688e-08
-7.18073e-09
-2.42194e-08
-4.03964e-08
-5.57405e-08
-6.99788e-08
-8.34968e-08
-9.58322e-08
-1.07325e-07
-1.17734e-07
-1.27166e-07
-1.35698e-07
-1.43063e-07
-1.49636e-07
-1.55094e-07
-1.59744e-07
-1.63386e-07
-1.66122e-07
-1.68084e-07
-1.69103e-07
-1.69423e-07
-1.6886e-07
-1.67674e-07
-1.65758e-07
-1.63176e-07
-1.60009e-07
-1.56262e-07
-1.52036e-07
-1.47275e-07
-1.4211e-07
-1.36552e-07
-1.30678e-07
-1.2444e-07
-1.17992e-07
-1.11297e-07
-1.04466e-07
-9.74566e-08
-9.03294e-08
-8.32321e-08
-7.59947e-08
-6.88791e-08
-6.16694e-08
-5.46626e-08
-4.77019e-08
-4.08172e-08
-3.4196e-08
-2.76039e-08
-2.14033e-08
-1.52038e-08
-9.38624e-09
-3.78012e-09
1.61058e-09
6.61938e-09
1.15303e-08
1.59084e-08
2.02004e-08
2.40715e-08
2.76769e-08
3.09984e-08
3.39058e-08
3.67012e-08
3.89948e-08
4.1132e-08
4.28894e-08
4.44172e-08
4.56771e-08
4.65755e-08
4.73329e-08
4.77571e-08
4.80034e-08
4.79548e-08
4.77389e-08
4.73206e-08
4.66963e-08
4.58738e-08
4.49229e-08
4.38162e-08
4.25447e-08
4.11719e-08
3.96432e-08
3.81212e-08
3.63629e-08
3.46492e-08
3.28087e-08
3.09478e-08
2.90666e-08
2.70378e-08
2.51953e-08
2.31371e-08
2.12411e-08
1.92342e-08
1.73108e-08
1.54628e-08
1.34813e-08
1.17535e-08
9.87919e-09
8.2288e-09
6.49707e-09
4.87818e-09
3.39502e-09
1.84668e-09
5.04859e-10
-8.90589e-10
-2.07373e-09
-3.27538e-09
-4.38356e-09
-5.37569e-09
-6.31039e-09
-7.15418e-09
-7.9536e-09
-8.62933e-09
-9.2433e-09
-9.77698e-09
-1.02908e-08
-1.0626e-08
-1.09963e-08
-1.12246e-08
-1.14561e-08
-1.15792e-08
-1.16073e-08
-1.17237e-08
-1.15983e-08
-1.16016e-08
-1.1394e-08
-1.12883e-08
-1.10874e-08
-1.07727e-08
-1.05935e-08
-1.01986e-08
-9.96567e-09
-9.51965e-09
-9.1927e-09
-8.82318e-09
-8.36625e-09
-7.99909e-09
-7.51989e-09
-7.15753e-09
-6.6659e-09
-6.23841e-09
-5.81059e-09
-5.38163e-09
-4.928e-09
-4.50455e-09
-4.09065e-09
-3.68673e-09
-3.27186e-09
-2.85276e-09
-2.54423e-09
-2.09692e-09
-1.80521e-09
-1.40356e-09
-1.13313e-09
-8.12609e-10
-4.53043e-10
-2.73859e-10
8.92627e-11
2.46051e-10
5.74733e-10
7.31324e-10
9.2574e-10
1.17822e-09
1.27911e-09
1.50396e-09
1.5735e-09
1.7776e-09
1.86269e-09
1.95345e-09
2.06405e-09
2.14801e-09
2.21415e-09
2.25571e-09
2.31784e-09
2.36094e-09
2.39665e-09
2.36332e-09
2.45818e-09
2.39264e-09
2.43831e-09
2.38531e-09
2.39195e-09
2.40918e-09
2.28032e-09
2.36325e-09
2.23404e-09
2.27173e-09
2.16095e-09
2.13083e-09
2.13091e-09
1.99099e-09
2.00574e-09
1.89194e-09
1.88783e-09
1.77624e-09
1.71986e-09
1.6749e-09
1.60078e-09
1.50773e-09
1.45785e-09
1.39281e-09
1.30795e-09
1.2447e-09
1.13572e-09
1.14944e-09
9.68649e-10
9.71085e-10
8.6122e-10
8.01345e-10
7.43004e-10
5.94153e-10
6.4436e-10
4.55554e-10
4.53427e-10
3.39904e-10
2.9534e-10
2.31698e-10
1.05495e-10
1.05728e-10
-2.8554e-13
-5.77691e-11
-1.42235e-10
-1.72755e-10
-2.60252e-10
-3.07761e-10
-4.05667e-10
-3.94554e-10
-5.06356e-10
-5.58257e-10
-5.71132e-10
-6.74974e-10
-6.46163e-10
-8.04648e-10
-7.25984e-10
-8.36636e-10
-8.69217e-10
-8.73799e-10
-9.46029e-10
-9.06407e-10
-1.02565e-09
-9.6873e-10
-1.01473e-09
-1.0324e-09
-1.05367e-09
-1.03814e-09
-1.05496e-09
-1.05661e-09
-1.07209e-09
-1.03524e-09
-1.02673e-09
-1.07593e-09
-9.67923e-10
-1.03669e-09
-9.3571e-10
-9.94664e-10
-9.09506e-10
-8.68595e-10
-9.13354e-10
-7.85386e-10
-8.23362e-10
-7.13399e-10
-7.4284e-10
-6.56314e-10
-6.01929e-10
-5.83623e-10
-5.31529e-10
-4.5834e-10
-4.19186e-10
-3.78699e-10
-3.11848e-10
-2.72014e-10
-1.69648e-10
-2.175e-10
-4.91131e-11
-7.06297e-11
1.0673e-11
5.87638e-11
8.6492e-11
2.12623e-10
1.44842e-10
2.94578e-10
2.90387e-10
3.5324e-10
3.76918e-10
4.29662e-10
4.82041e-10
4.95072e-10
5.22467e-10
5.86223e-10
6.04002e-10
5.8862e-10
6.82753e-10
6.3176e-10
7.2796e-10
6.44858e-10
7.4103e-10
7.30618e-10
6.84908e-10
7.65914e-10
6.95214e-10
7.65287e-10
6.78393e-10
7.30151e-10
7.11226e-10
6.77482e-10
6.60622e-10
6.76436e-10
6.24336e-10
6.08964e-10
5.86346e-10
5.58717e-10
5.62115e-10
4.40219e-10
5.36329e-10
4.00297e-10
4.20974e-10
3.61398e-10
3.31513e-10
3.30209e-10
2.09448e-10
2.63635e-10
1.76541e-10
1.49837e-10
9.79359e-11
9.56647e-11
2.53151e-11
1.05629e-11
-6.04514e-11
-3.12555e-11
-1.21437e-10
-1.58359e-10
-1.22547e-10
-2.42738e-10
-1.85463e-10
-3.0658e-10
-2.33647e-10
-3.22714e-10
-3.48721e-10
-3.22235e-10
-3.79669e-10
-3.85512e-10
-4.12724e-10
-3.98766e-10
-4.33355e-10
-4.36057e-10
-4.66922e-10
-3.9691e-10
-5.12319e-10
-4.23472e-10
-4.63379e-10
-4.55674e-10
-4.3937e-10
-4.83561e-10
-3.77692e-10
-4.80987e-10
-4.01097e-10
-4.07267e-10
-3.8804e-10
-3.97282e-10
-3.55296e-10
-3.49364e-10
-3.18431e-10
-3.39186e-10
-2.75712e-10
-2.49836e-10
-3.03301e-10
-1.75946e-10
-2.48882e-10
-1.44369e-10
-2.03036e-10
-1.21347e-10
-9.83504e-11
-1.30049e-10
-5.18983e-11
-4.76718e-11
-2.78892e-11
-2.04212e-11
3.30241e-11
2.4702e-11
7.57268e-11
2.72427e-11
1.56017e-10
6.9347e-11
1.30606e-10
1.62467e-10
1.37128e-10
1.99656e-10
1.40378e-10
2.44234e-10
1.84011e-10
2.1133e-10
2.29943e-10
2.5172e-10
2.03624e-10
2.69246e-10
2.32752e-10
2.65511e-10
2.37386e-10
2.38875e-10
3.04027e-10
1.81684e-10
2.96089e-10
2.21494e-10
2.54682e-10
2.1759e-10
2.3334e-10
2.34754e-10
2.01883e-10
1.92988e-10
2.2462e-10
1.77565e-10
1.51958e-10
2.10499e-10
1.14687e-10
1.86028e-10
8.23388e-11
1.69905e-10
9.3121e-11
7.62315e-11
1.17466e-10
6.08091e-11
5.85856e-11
4.65711e-11
5.28081e-11
1.36183e-11
2.18055e-11
-1.8939e-11
4.69709e-11
-8.48668e-11
1.56844e-11
-4.3735e-11
-5.91465e-11
-4.29881e-11
-8.22368e-11
-3.73733e-11
-1.16203e-10
-7.07052e-11
-8.33806e-11
-9.94145e-11
-1.31788e-10
-5.63739e-11
-1.5447e-10
-8.66783e-11
-1.39014e-10
-1.00071e-10
-1.15975e-10
-1.62548e-10
-6.44333e-11
-1.60302e-10
-1.12492e-10
-1.22296e-10
-1.02604e-10
-1.41965e-10
-9.54252e-11
-1.29341e-10
-7.48663e-11
-1.51555e-10
-7.30051e-11
-8.19326e-11
-1.3912e-10
-4.24268e-11
-1.13084e-10
-5.15195e-11
-1.04139e-10
-4.39353e-11
-6.41666e-11
-6.09707e-11
-6.84574e-11
1.25173e-12
-8.56369e-11
-1.7892e-11
-1.42934e-11
-4.60939e-11
8.44476e-12
-5.13084e-11
4.72482e-11
-4.65852e-11
1.52291e-11
1.86247e-11
1.21231e-11
-1.15839e-11
6.04066e-11
-2.42412e-12
3.97347e-11
2.26426e-11
3.75359e-11
6.06602e-11
-1.64686e-11
1.05858e-10
7.94505e-12
5.12273e-11
4.7645e-11
6.51278e-11
2.47869e-11
6.96976e-11
3.59626e-11
7.84292e-11
1.80092e-11
6.32712e-11
8.27248e-11
-8.39513e-12
1.0071e-10
2.30718e-11
6.29325e-11
2.57795e-11
6.6556e-11
3.41153e-11
4.65943e-11
1.66994e-11
8.55629e-11
-7.72581e-12
4.10492e-11
6.31961e-11
-1.2646e-11
5.94815e-11
-1.81074e-12
5.56059e-11
-1.06159e-11
2.98692e-11
2.02626e-11
2.13678e-11
-2.95242e-11
6.75837e-11
-3.34618e-11
9.92092e-12
1.84684e-11
-1.7033e-11
2.01707e-11
-3.85007e-11
3.73687e-11
-3.05692e-11
-1.1261e-11
-2.3569e-12
1.07352e-11
-6.5503e-11
4.37897e-11
-4.91509e-11
-8.1182e-13
-2.44766e-11
-1.51863e-11
1.90257e-12
-5.81686e-11
1.6615e-11
-2.44557e-11
-3.40652e-11
-1.78233e-11
1.39947e-11
-7.36766e-11
2.97229e-11
-5.40429e-11
1.28567e-11
-4.82208e-11
-6.83528e-12
2.18503e-12
-5.04965e-11
-2.22329e-12
5.07523e-13
-3.73944e-11
-1.83179e-11
2.09268e-11
-5.77853e-11
2.75049e-11
-5.14159e-11
3.66241e-11
-5.06218e-11
2.99593e-12
9.06713e-12
-2.35044e-11
-1.94163e-11
3.11161e-11
-3.2979e-11
-6.0055e-12
2.12255e-11
-3.09059e-11
2.88658e-11
-4.41174e-11
5.23714e-11
-3.79268e-11
6.99428e-12
1.34776e-11
7.25004e-12
-3.60846e-11
5.59478e-11
-3.13528e-11
1.12316e-11
1.09132e-11
-4.46745e-12
2.4447e-11
-3.26589e-11
4.88751e-11
-1.63078e-11
-2.72999e-13
1.42925e-11
2.86789e-11
-5.00722e-11
6.78038e-11
-3.35985e-11
2.44058e-11
-5.69591e-12
1.52846e-11
1.11866e-11
-1.66253e-11
2.57861e-11
1.06132e-11
-1.90771e-11
1.57144e-11
3.47512e-11
-5.57627e-11
6.30808e-11
-3.19954e-11
2.58173e-11
-1.85261e-11
2.52721e-11
-5.93082e-12
1.9083e-12
-7.31629e-12
3.84719e-11
-4.30643e-11
2.0644e-11
2.70759e-11
-4.83656e-11
4.15493e-11
-1.71198e-11
1.09512e-11
-1.76957e-11
2.34842e-11
-1.73816e-11
1.6306e-11
-3.48314e-11
5.84274e-11
-6.0177e-11
2.54465e-11
1.38431e-11
-2.94819e-11
8.1722e-12
1.31313e-11
-1.80207e-11
-9.31346e-13
1.07035e-11
-1.58377e-11
1.80512e-11
-4.16726e-11
5.87101e-11
-5.73366e-11
2.08398e-11
6.75938e-12
-9.03577e-12
-2.51173e-11
4.81149e-11
-4.88484e-11
2.14307e-11
-5.3812e-12
-2.96965e-12
3.9483e-12
-2.19431e-11
3.32668e-11
-2.94589e-11
4.47218e-13
1.41256e-11
-2.22769e-14
-4.25121e-11
6.78464e-11
-6.169e-11
2.94932e-11
-1.00112e-11
8.90399e-12
-1.77852e-11
1.41551e-11
-8.02068e-12
1.12697e-11
-2.79971e-11
3.18733e-11
-7.46575e-12
-3.44436e-11
5.67886e-11
-4.2051e-11
8.15369e-12
8.69726e-12
5.25715e-12
-3.06872e-11
4.31134e-11
-3.90413e-11
3.62884e-11
-4.0856e-11
4.12793e-11
-2.08488e-11
-8.25124e-12
2.02207e-11
1.79703e-12
-3.39614e-11
4.34419e-11
-1.47303e-11
-2.45828e-11
4.47828e-11
-3.52551e-11
2.03791e-11
-1.6397e-11
2.32694e-11
-2.18461e-11
1.40324e-11
-1.36388e-11
3.54181e-11
-6.07656e-11
6.32915e-11
-3.06264e-11
-8.7809e-12
2.24671e-11
-6.23323e-14
-2.89814e-11
3.62409e-11
-1.63482e-11
-6.36788e-12
1.62406e-11
-1.67938e-11
2.45194e-11
-3.72183e-11
3.89261e-11
-1.91202e-11
-3.94044e-12
2.88291e-12
2.94214e-11
-6.49703e-11
7.03204e-11
-4.01866e-11
3.81799e-12
8.04919e-12
6.68463e-12
-2.43988e-11
2.60356e-11
-1.65183e-11
1.13446e-11
-1.28963e-11
6.09903e-12
1.72978e-11
-4.28392e-11
4.43057e-11
-1.71042e-11
-1.31435e-11
1.30849e-11
2.04093e-11
-5.82065e-11
6.69304e-11
-4.48467e-11
1.72337e-11
-8.87564e-12
1.71949e-11
-2.46475e-11
2.15117e-11
-1.86282e-11
2.60879e-11
-3.68032e-11
2.95522e-11
9.85428e-13
-3.38036e-11
3.82522e-11
-1.02412e-11
-2.23122e-11
2.48481e-11
6.46164e-12
-4.38979e-11
5.63921e-11
-4.17535e-11
2.19399e-11
-1.68602e-11
2.31127e-11
-2.60201e-11
2.1205e-11
-2.13937e-11
3.56775e-11
-5.2937e-11
4.9653e-11
-1.90539e-11
-1.64023e-11
2.445e-11
2.15801e-12
-3.64401e-11
4.32964e-11
-1.50878e-11
-2.27546e-11
3.94712e-11
-2.94309e-11
1.24434e-11
-8.05013e-12
1.53177e-11
-2.02102e-11
1.77375e-11
-1.90635e-11
3.46499e-11
-5.53657e-11
5.83418e-11
-3.33026e-11
-7.16509e-13
1.13996e-11
1.34767e-11
-5.09096e-11
6.46401e-11
-4.10246e-11
1.80364e-12
1.96789e-11
-1.13523e-11
-9.40897e-12
1.86213e-11
-1.06676e-11
-1.09205e-12
5.37099e-12
-7.06719e-12
1.78549e-11
-3.62074e-11
4.4528e-11
-2.93556e-11
1.55008e-12
1.011e-11
1.16187e-11
-5.13879e-11
7.36287e-11
-5.75547e-11
1.83031e-11
8.0981e-12
-3.64674e-13
-2.9207e-11
5.02757e-11
-4.59224e-11
2.57914e-11
-1.05196e-11
7.83732e-12
-8.41951e-12
2.49645e-12
5.0759e-12
-1.69814e-12
-1.36695e-11
2.33809e-11
-8.99574e-12
-2.55195e-11
5.2293e-11
-4.62464e-11
1.2057e-11
1.73212e-11
-1.2351e-11
-2.42236e-11
5.99475e-11
-6.49951e-11
3.9662e-11
-1.11386e-11
4.22407e-12
-1.90565e-11
3.60795e-11
-4.01261e-11
3.41354e-11
-3.03888e-11
3.18808e-11
-2.90072e-11
1.42353e-11
3.38536e-12
-5.18818e-12
-1.53383e-11
4.00183e-11
-4.1227e-11
1.03826e-11
2.95584e-11
-4.43943e-11
2.17983e-11
1.53205e-11
-3.07071e-11
9.13114e-12
2.99648e-11
-5.32372e-11
4.52372e-11
-2.0407e-11
4.72227e-12
-9.7754e-12
2.51473e-11
-3.46552e-11
3.44181e-11
-3.34905e-11
3.81534e-11
-4.19429e-11
3.37012e-11
-1.48649e-11
2.72358e-12
-1.35015e-11
4.16839e-11
-6.10203e-11
4.88557e-11
-1.09574e-11
-2.1057e-11
1.87092e-11
1.5009e-11
-4.76671e-11
4.76867e-11
-1.41647e-11
-2.36995e-11
3.50701e-11
-1.58966e-11
-1.06907e-11
1.88631e-11
-4.06068e-12
-1.73345e-11
2.77522e-11
-2.55052e-11
2.14055e-11
-2.3033e-11
2.57927e-11
-2.16147e-11
1.24763e-11
-1.1457e-11
2.72318e-11
-5.04605e-11
5.90244e-11
-4.06013e-11
8.42924e-12
7.7263e-12
9.88499e-12
-4.78632e-11
7.17486e-11
-5.83011e-11
1.8014e-11
1.37388e-11
-9.86659e-12
-2.37761e-11
5.46888e-11
-5.49477e-11
2.58405e-11
5.808e-12
-1.4745e-11
-6.94232e-13
2.07555e-11
-2.61835e-11
1.52268e-11
-1.00963e-12
-5.38712e-12
5.28387e-12
-7.03848e-12
1.27952e-11
-1.52924e-11
7.96511e-12
3.38285e-12
-3.85758e-12
-1.44562e-11
4.00884e-11
-5.02038e-11
3.27926e-11
-1.79222e-12
-1.3311e-11
-5.17129e-12
4.40998e-11
-6.98068e-11
5.87136e-11
-2.04192e-11
-1.04246e-11
5.59695e-12
3.04486e-11
-6.52779e-11
6.83944e-11
-3.88859e-11
4.38765e-12
5.29283e-12
1.49836e-11
-4.3871e-11
5.52173e-11
-4.18912e-11
1.88377e-11
-6.23744e-12
1.04475e-11
-2.17659e-11
2.72863e-11
-2.42236e-11
1.92684e-11
-1.80801e-11
1.76964e-11
-1.17101e-11
4.98935e-13
5.97967e-12
1.19134e-12
-1.78417e-11
2.70237e-11
-1.50885e-11
-1.27304e-11
3.36155e-11
-2.78146e-11
-1.19777e-12
2.68467e-11
-2.30744e-11
-1.0727e-11
4.68398e-11
-5.37701e-11
2.52867e-11
1.24948e-11
-2.44762e-11
-1.65681e-12
4.3735e-11
-6.54378e-11
4.89484e-11
-1.08513e-11
-1.38778e-11
3.44084e-12
3.18231e-11
-6.05714e-11
5.91563e-11
-3.20159e-11
5.18056e-12
-1.76047e-12
2.19606e-11
-4.58819e-11
5.31931e-11
-4.09721e-11
2.31198e-11
-1.54466e-11
2.13367e-11
-3.18709e-11
3.67675e-11
-3.44219e-11
3.05027e-11
-2.96423e-11
2.98009e-11
-2.6424e-11
1.98038e-11
-1.6883e-11
2.33548e-11
-3.54786e-11
4.09542e-11
-3.09393e-11
1.06623e-11
2.56757e-12
4.78238e-12
-2.82017e-11
4.6493e-11
-4.05928e-11
1.21812e-11
1.53377e-11
-1.72711e-11
-9.32518e-12
4.0891e-11
-4.77748e-11
2.11803e-11
1.72925e-11
-3.43224e-11
1.46874e-11
2.39358e-11
-4.63211e-11
3.09736e-11
9.91095e-12
-4.11856e-11
3.58786e-11
3.21365e-13
-3.43455e-11
3.50903e-11
-1.35234e-12
-3.76491e-11
4.83733e-11
-2.29647e-11
-1.45974e-11
3.01992e-11
-1.015e-11
-2.76823e-11
5.04261e-11
-3.98132e-11
7.28698e-12
1.7119e-11
-1.21108e-11
-1.70473e-11
4.43863e-11
-4.72465e-11
2.5443e-11
-1.09588e-13
-6.33091e-12
-1.06505e-11
3.50308e-11
-4.60142e-11
3.6068e-11
-1.63076e-11
4.84028e-12
-1.07791e-11
2.72994e-11
-3.96457e-11
3.84869e-11
-2.72928e-11
1.72349e-11
-1.66915e-11
2.44183e-11
-3.26515e-11
3.48534e-11
-3.12434e-11
2.67145e-11
-2.54285e-11
2.70502e-11
-2.87509e-11
2.89131e-11
-2.89675e-11
3.06601e-11
-3.326e-11
3.35145e-11
-2.97207e-11
2.4453e-11
-2.32127e-11
2.86581e-11
-3.71268e-11
4.07738e-11
-3.51311e-11
2.404e-11
-1.7467e-11
2.23315e-11
-3.55915e-11
4.56741e-11
-4.28394e-11
2.83841e-11
-1.47454e-11
1.45598e-11
-2.91129e-11
4.60102e-11
-4.99422e-11
3.63933e-11
-1.67328e-11
8.44715e-12
-1.9694e-11
4.11127e-11
-5.37736e-11
4.57381e-11
-2.34576e-11
6.40088e-12
-1.01466e-11
3.1904e-11
-5.26797e-11
5.36709e-11
-3.34657e-11
9.53701e-12
-3.25321e-12
2.0527e-11
-4.64146e-11
5.78413e-11
-4.43655e-11
1.75039e-11
-1.03616e-12
9.69053e-12
-3.61088e-11
5.68879e-11
-5.35143e-11
2.86734e-11
-4.30097e-12
1.96806e-12
-2.39282e-11
5.07476e-11
-5.87096e-11
4.06223e-11
-1.25036e-11
-8.23888e-13
-1.25037e-11
4.06224e-11
-5.87097e-11
5.07477e-11
-2.39282e-11
1.96785e-12
-4.30067e-12
2.86732e-11
-5.35143e-11
5.68881e-11
-3.61093e-11
9.69102e-12
-1.03638e-12
1.75037e-11
-4.4365e-11
5.78407e-11
-4.64141e-11
2.05269e-11
-3.2534e-12
9.53745e-12
-3.34663e-11
5.36714e-11
-5.26799e-11
3.1904e-11
-1.01462e-11
6.40025e-12
-2.3457e-11
4.57378e-11
-5.37737e-11
4.11132e-11
-1.96946e-11
8.44758e-12
-1.6733e-11
3.63931e-11
-4.99419e-11
4.60099e-11
-2.91127e-11
1.45597e-11
-1.47454e-11
2.83842e-11
-4.28396e-11
4.56743e-11
-3.55916e-11
2.23314e-11
-1.74668e-11
2.40399e-11
-3.5131e-11
4.07738e-11
-3.71269e-11
2.86582e-11
-2.32127e-11
2.44529e-11
-2.97207e-11
3.35145e-11
-3.326e-11
3.06601e-11
-2.89674e-11
2.8913e-11
-2.87508e-11
2.70501e-11
-2.54285e-11
2.67146e-11
-3.12435e-11
3.48535e-11
-3.26515e-11
2.44182e-11
-1.66914e-11
1.72348e-11
-2.72928e-11
3.84871e-11
-3.96459e-11
2.72994e-11
-1.07789e-11
4.83997e-12
-1.63075e-11
3.60682e-11
-4.60146e-11
3.50312e-11
-1.06504e-11
-6.3314e-12
-1.09031e-13
2.54428e-11
-4.72469e-11
4.4387e-11
-1.7048e-11
-1.21106e-11
1.71194e-11
7.28617e-12
-3.98124e-11
5.04257e-11
-2.76824e-11
-1.01496e-11
3.01986e-11
-1.45969e-11
-2.29649e-11
4.83734e-11
-3.7649e-11
-1.35257e-12
3.50905e-11
-3.43458e-11
3.21533e-13
3.58785e-11
-4.11856e-11
9.91095e-12
3.09736e-11
-4.6321e-11
2.39357e-11
1.46876e-11
-3.43225e-11
1.72927e-11
2.11801e-11
-4.77747e-11
4.08911e-11
-9.32544e-12
-1.72707e-11
1.53373e-11
1.21815e-11
-4.05927e-11
4.64927e-11
-2.82012e-11
4.78213e-12
2.56752e-12
1.06625e-11
-3.09395e-11
4.09542e-11
-3.54784e-11
2.33546e-11
-1.68829e-11
1.9804e-11
-2.64243e-11
2.98012e-11
-2.96424e-11
3.05026e-11
-3.44217e-11
3.67673e-11
-3.18708e-11
2.13368e-11
-1.54467e-11
2.31199e-11
-4.09719e-11
5.31929e-11
-4.58817e-11
2.19605e-11
-1.76065e-12
5.18087e-12
-3.20162e-11
5.91565e-11
-6.05714e-11
3.18228e-11
3.44121e-12
-1.38782e-11
-1.08511e-11
4.89485e-11
-6.54381e-11
4.37354e-11
-1.65714e-12
-2.44761e-11
1.24948e-11
2.52865e-11
-5.37698e-11
4.68395e-11
-1.07268e-11
-2.30746e-11
2.68467e-11
-1.19767e-12
-2.78149e-11
3.36159e-11
-1.27307e-11
-1.50884e-11
2.70238e-11
-1.78418e-11
1.19142e-12
5.97964e-12
4.99064e-13
-1.17105e-11
1.76968e-11
-1.80804e-11
1.92683e-11
-2.4223e-11
2.72855e-11
-2.17656e-11
1.04479e-11
-6.23818e-12
1.88383e-11
-4.18912e-11
5.52166e-11
-4.38702e-11
1.49831e-11
5.29271e-12
4.38837e-12
-3.88868e-11
6.8395e-11
-6.52779e-11
3.04481e-11
5.59761e-12
-1.04251e-11
-2.04191e-11
5.87137e-11
-6.9807e-11
4.41e-11
-5.17129e-12
-1.3311e-11
-1.79218e-12
3.27926e-11
-5.02038e-11
4.00884e-11
-1.44563e-11
-3.85735e-12
3.38272e-12
7.96498e-12
-1.52921e-11
1.27948e-11
-7.03828e-12
5.28402e-12
-5.38751e-12
-1.00928e-12
1.52267e-11
-2.61836e-11
2.07558e-11
-6.94284e-13
-1.47452e-11
5.80833e-12
2.58403e-11
-5.49478e-11
5.46892e-11
-2.37766e-11
-9.86617e-12
1.37387e-11
1.80138e-11
-5.83006e-11
7.17479e-11
-4.78627e-11
9.88488e-12
7.72597e-12
8.42975e-12
-4.06016e-11
5.90243e-11
-5.04602e-11
2.72316e-11
-1.14571e-11
1.24766e-11
-2.16149e-11
2.57928e-11
-2.30329e-11
2.14056e-11
-2.55053e-11
2.77522e-11
-1.73342e-11
-4.06117e-12
1.88634e-11
-1.06905e-11
-1.58971e-11
3.50705e-11
-2.36995e-11
-1.41652e-11
4.76873e-11
-4.76674e-11
1.50088e-11
1.87097e-11
-2.10575e-11
-1.09571e-11
4.88556e-11
-6.10203e-11
4.16838e-11
-1.35016e-11
2.72377e-12
-1.48653e-11
3.37018e-11
-4.19434e-11
3.81538e-11
-3.34906e-11
3.4418e-11
-3.46549e-11
2.51468e-11
-9.77463e-12
4.72147e-12
-2.04065e-11
4.52373e-11
-5.32378e-11
2.99657e-11
9.13044e-12
-3.07068e-11
1.53206e-11
2.17981e-11
-4.43941e-11
2.95583e-11
1.03827e-11
-4.12271e-11
4.00184e-11
-1.53385e-11
-5.18792e-12
3.38503e-12
1.42356e-11
-2.90073e-11
3.18806e-11
-3.03882e-11
3.41347e-11
-4.01255e-11
3.60794e-11
-1.90567e-11
4.22448e-12
-1.1139e-11
3.96624e-11
-6.49954e-11
5.99477e-11
-2.42236e-11
-1.23511e-11
1.73216e-11
1.20566e-11
-4.62461e-11
5.22929e-11
-2.55196e-11
-8.99547e-12
2.33806e-11
-1.36694e-11
-1.69803e-12
5.07573e-12
2.49647e-12
-8.41931e-12
7.83709e-12
-1.05196e-11
2.57918e-11
-4.5923e-11
5.02761e-11
-2.92069e-11
-3.65193e-13
8.09877e-12
1.83026e-11
-5.75545e-11
7.36289e-11
-5.13884e-11
1.16193e-11
1.01095e-11
1.55025e-12
-2.93554e-11
4.45276e-11
-3.6207e-11
1.78547e-11
-7.06715e-12
5.37099e-12
-1.09202e-12
-1.06676e-11
1.86211e-11
-9.40866e-12
-1.13525e-11
1.96789e-11
1.80375e-12
-4.10247e-11
6.464e-11
-5.09093e-11
1.34766e-11
1.13993e-11
-7.15821e-13
-3.33034e-11
5.83423e-11
-5.53658e-11
3.46497e-11
-1.90633e-11
1.77373e-11
-2.02098e-11
1.53169e-11
-8.04935e-12
1.2443e-11
-2.94311e-11
3.94718e-11
-2.27551e-11
-1.50875e-11
4.32963e-11
-3.64398e-11
2.15749e-12
2.44506e-11
-1.64025e-11
-1.90541e-11
4.96535e-11
-5.29375e-11
3.56778e-11
-2.13938e-11
2.12051e-11
-2.60203e-11
2.3113e-11
-1.68605e-11
2.194e-11
-4.17534e-11
5.63917e-11
-4.38973e-11
6.46094e-12
2.48487e-11
-2.23126e-11
-1.02413e-11
3.82525e-11
-3.38039e-11
9.85756e-13
2.95518e-11
-3.68025e-11
2.60872e-11
-1.86279e-11
2.15121e-11
-2.46482e-11
1.71954e-11
-8.87554e-12
1.72333e-11
-4.48465e-11
6.69308e-11
-5.8207e-11
2.04097e-11
1.30848e-11
-1.31435e-11
-1.71041e-11
4.43058e-11
-4.28394e-11
1.72979e-11
6.09927e-12
-1.2897e-11
1.13456e-11
-1.6519e-11
2.60357e-11
-2.43983e-11
6.68401e-12
8.04961e-12
3.81777e-12
-4.01865e-11
7.03204e-11
-6.49707e-11
2.94221e-11
2.8825e-12
-3.94076e-12
-1.91193e-11
3.89253e-11
-3.72181e-11
2.45196e-11
-1.67939e-11
1.62404e-11
-6.36767e-12
-1.63479e-11
3.62403e-11
-2.89807e-11
-6.27054e-14
2.24672e-11
-8.7809e-12
-3.06265e-11
6.32916e-11
-6.07658e-11
3.54182e-11
-1.36387e-11
1.40324e-11
-2.18464e-11
2.32699e-11
-1.63972e-11
2.03791e-11
-3.5255e-11
4.47828e-11
-2.45829e-11
-1.47302e-11
4.34419e-11
-3.39616e-11
1.79724e-12
2.02206e-11
-8.25123e-12
-2.08487e-11
4.12794e-11
-4.08562e-11
3.62887e-11
-3.90416e-11
4.31135e-11
-3.0687e-11
5.2569e-12
8.69745e-12
8.1535e-12
-4.20506e-11
5.67879e-11
-3.4443e-11
-7.46584e-12
3.18729e-11
-2.79965e-11
1.12694e-11
-8.02058e-12
1.4155e-11
-1.7785e-11
8.90374e-12
-1.00112e-11
2.94933e-11
-6.16901e-11
6.78464e-11
-4.2512e-11
-2.22996e-14
1.41256e-11
4.47231e-13
-2.94589e-11
3.32669e-11
-2.19432e-11
3.94851e-12
-2.9698e-12
-5.38116e-12
2.14307e-11
-4.88482e-11
4.81146e-11
-2.51168e-11
-9.03601e-12
6.75914e-12
2.08405e-11
-5.73375e-11
5.87106e-11
-4.16724e-11
1.80505e-11
-1.58372e-11
1.07036e-11
-9.32031e-13
-1.80201e-11
1.31314e-11
8.17158e-12
-2.94814e-11
1.38431e-11
2.54462e-11
-6.01769e-11
5.84278e-11
-3.48319e-11
1.63061e-11
-1.73812e-11
2.34838e-11
-1.76955e-11
1.0951e-11
-1.71194e-11
4.15489e-11
-4.83657e-11
2.70767e-11
2.06429e-11
-4.30636e-11
3.84719e-11
-7.31683e-12
1.90881e-12
-5.93094e-12
2.52719e-11
-1.85261e-11
2.58177e-11
-3.19961e-11
6.30814e-11
-5.57626e-11
3.47505e-11
1.5715e-11
-1.90773e-11
1.06129e-11
2.57863e-11
-1.66251e-11
1.11862e-11
1.52847e-11
-5.69556e-12
2.44054e-11
-3.35984e-11
6.78041e-11
-5.00725e-11
2.86788e-11
1.42928e-11
-2.73232e-13
-1.63079e-11
4.88755e-11
-3.26593e-11
2.44471e-11
-4.46714e-12
1.09129e-11
1.12315e-11
-3.13523e-11
5.59473e-11
-3.60846e-11
7.25061e-12
1.34768e-11
6.99487e-12
-3.79269e-11
5.23712e-11
-4.41171e-11
2.88657e-11
-3.09058e-11
2.12252e-11
-6.00507e-12
-3.29792e-11
3.1116e-11
-1.9416e-11
-2.35046e-11
9.06727e-12
2.99569e-12
-5.06214e-11
3.66238e-11
-5.14161e-11
2.75054e-11
-5.77858e-11
2.0927e-11
-1.83179e-11
-3.73945e-11
5.07462e-13
-2.22322e-12
-5.04965e-11
2.18492e-12
-6.83511e-12
-4.82209e-11
1.28569e-11
-5.40431e-11
2.97232e-11
-7.36769e-11
1.39949e-11
-1.78233e-11
-3.40652e-11
-2.44557e-11
1.66149e-11
-5.81683e-11
1.9021e-12
-1.51858e-11
-2.44769e-11
-8.11572e-13
-4.91511e-11
4.37899e-11
-6.55031e-11
1.07353e-11
-2.35714e-12
-1.12608e-11
-3.05691e-11
3.73683e-11
-3.85005e-11
2.01705e-11
-1.70327e-11
1.84677e-11
9.92174e-12
-3.34624e-11
6.75837e-11
-2.95241e-11
2.13678e-11
2.02626e-11
2.98689e-11
-1.06153e-11
5.56052e-11
-1.81053e-12
5.94815e-11
-1.26462e-11
6.31959e-11
4.10493e-11
-7.72589e-12
8.55625e-11
1.66998e-11
4.6594e-11
3.41152e-11
6.6556e-11
2.57796e-11
6.29321e-11
2.30718e-11
1.0071e-10
-8.39562e-12
8.27248e-11
6.32711e-11
1.80093e-11
7.84284e-11
3.59633e-11
6.96972e-11
2.47865e-11
6.5128e-11
4.7645e-11
5.12267e-11
7.94517e-12
1.05858e-10
-1.64693e-11
6.06608e-11
3.75356e-11
2.26424e-11
3.97348e-11
-2.42384e-12
6.04061e-11
-1.15834e-11
1.2123e-11
1.86249e-11
1.52292e-11
-4.65849e-11
4.72485e-11
-5.13083e-11
8.44505e-12
-4.60937e-11
-1.42926e-11
-1.78922e-11
-8.5636e-11
1.2522e-12
-6.84571e-11
-6.097e-11
-6.41659e-11
-4.39347e-11
-1.04138e-10
-5.15186e-11
-1.13083e-10
-4.24257e-11
-1.39119e-10
-8.19321e-11
-7.30039e-11
-1.51554e-10
-7.48658e-11
-1.2934e-10
-9.54239e-11
-1.41964e-10
-1.02604e-10
-1.22294e-10
-1.12491e-10
-1.60301e-10
-6.44318e-11
-1.62548e-10
-1.15973e-10
-1.0007e-10
-1.39013e-10
-8.66776e-11
-1.54468e-10
-5.63741e-11
-1.31786e-10
-9.94135e-11
-8.33803e-11
-7.0705e-11
-1.16202e-10
-3.73735e-11
-8.2237e-11
-4.29881e-11
-5.91471e-11
-4.37357e-11
1.56837e-11
-8.48684e-11
4.69697e-11
-1.89407e-11
2.18029e-11
1.36162e-11
5.28053e-11
4.65679e-11
5.85816e-11
6.08062e-11
1.17461e-10
7.6227e-11
9.31157e-11
1.699e-10
8.23324e-11
1.86022e-10
1.1468e-10
2.10492e-10
1.51951e-10
1.77557e-10
2.24611e-10
1.92979e-10
2.01874e-10
2.34745e-10
2.3333e-10
2.1758e-10
2.54671e-10
2.21483e-10
2.96078e-10
1.81673e-10
3.04017e-10
2.38864e-10
2.37376e-10
2.655e-10
2.32741e-10
2.69236e-10
2.03615e-10
2.51711e-10
2.29934e-10
2.11323e-10
1.84005e-10
2.44228e-10
1.40373e-10
1.99653e-10
1.37126e-10
1.62466e-10
1.30607e-10
6.93504e-11
1.5602e-10
2.72497e-11
7.57348e-11
2.47135e-11
3.30359e-11
-2.0405e-11
-2.78709e-11
-4.76511e-11
-5.18746e-11
-1.30023e-10
-9.832e-11
-1.21316e-10
-2.02999e-10
-1.44329e-10
-2.4884e-10
-1.759e-10
-3.03251e-10
-2.49784e-10
-2.75656e-10
-3.39126e-10
-3.18368e-10
-3.49298e-10
-3.55227e-10
-3.97211e-10
-3.87966e-10
-4.0719e-10
-4.01019e-10
-4.80906e-10
-3.7761e-10
-4.83478e-10
-4.39286e-10
-4.55589e-10
-4.63294e-10
-4.23388e-10
-5.12235e-10
-3.96828e-10
-4.66843e-10
-4.35981e-10
-4.33282e-10
-3.98698e-10
-4.12661e-10
-3.85454e-10
-3.79618e-10
-3.22193e-10
-3.48686e-10
-3.22687e-10
-2.33632e-10
-3.06576e-10
-1.8547e-10
-2.42759e-10
-1.22581e-10
-1.58408e-10
-1.21502e-10
-3.13376e-11
-6.05495e-11
1.04448e-11
2.51789e-11
9.55081e-11
9.77591e-11
1.49639e-10
1.76321e-10
2.63393e-10
2.09182e-10
3.29921e-10
3.31201e-10
3.61063e-10
4.20616e-10
3.99917e-10
5.35924e-10
4.39793e-10
5.61667e-10
5.58249e-10
5.85857e-10
6.08457e-10
6.23813e-10
6.75897e-10
6.60069e-10
6.76918e-10
7.10653e-10
7.29571e-10
6.77809e-10
7.64702e-10
6.94631e-10
7.65337e-10
6.8434e-10
7.30063e-10
7.40493e-10
6.44342e-10
7.27472e-10
6.31301e-10
6.8233e-10
5.88239e-10
6.03667e-10
5.85939e-10
5.22241e-10
4.94909e-10
4.81946e-10
4.29642e-10
3.76977e-10
3.53386e-10
2.90623e-10
2.94912e-10
1.45278e-10
2.13168e-10
8.71489e-11
5.95394e-11
1.15695e-11
-6.96052e-11
-4.7959e-11
-2.16212e-10
-1.68223e-10
-2.7045e-10
-3.10144e-10
-3.76853e-10
-4.17198e-10
-4.56211e-10
-5.29259e-10
-5.81214e-10
-5.99385e-10
-6.53639e-10
-7.40038e-10
-7.10477e-10
-8.20327e-10
-7.82246e-10
-9.10117e-10
-8.65273e-10
-9.06112e-10
-9.9121e-10
-9.32209e-10
-1.03316e-09
-9.64379e-10
-1.07239e-09
-1.02322e-09
-1.03177e-09
-1.06869e-09
-1.0533e-09
-1.05177e-09
-1.03509e-09
-1.05079e-09
-1.02971e-09
-1.01226e-09
-9.66512e-10
-1.02372e-09
-9.04783e-10
-9.44746e-10
-8.72891e-10
-8.68713e-10
-8.36568e-10
-7.26383e-10
-8.05544e-10
-6.47586e-10
-6.76954e-10
-5.73697e-10
-5.61433e-10
-5.10169e-10
-3.99029e-10
-4.10824e-10
-3.13622e-10
-2.66833e-10
-1.80071e-10
-1.50299e-10
-6.65888e-11
-9.86589e-12
9.53849e-11
9.4392e-11
2.19842e-10
2.82741e-10
3.2658e-10
4.39398e-10
4.40845e-10
6.29004e-10
5.78185e-10
7.2647e-10
7.84289e-10
8.437e-10
9.53159e-10
9.50386e-10
1.13091e-09
1.117e-09
1.22589e-09
1.28913e-09
1.37407e-09
1.4393e-09
1.48948e-09
1.58295e-09
1.6576e-09
1.70323e-09
1.7604e-09
1.87292e-09
1.87809e-09
1.99309e-09
1.97969e-09
2.12111e-09
2.12266e-09
2.15458e-09
2.26729e-09
2.23169e-09
2.36313e-09
2.28259e-09
2.41397e-09
2.39939e-09
2.39555e-09
2.45147e-09
2.40883e-09
2.47752e-09
2.3859e-09
2.42257e-09
2.39028e-09
2.35066e-09
2.29208e-09
2.25408e-09
2.19154e-09
2.11118e-09
2.00418e-09
1.91697e-09
1.83538e-09
1.6347e-09
1.56849e-09
1.34685e-09
1.24902e-09
9.9943e-10
8.07713e-10
6.53601e-10
3.27153e-10
1.72326e-10
-1.89134e-10
-3.66982e-10
-7.25563e-10
-1.04548e-09
-1.3157e-09
-1.71759e-09
-2.00998e-09
-2.45845e-09
-2.76864e-09
-3.18993e-09
-3.60753e-09
-4.01474e-09
-4.4325e-09
-4.86041e-09
-5.3191e-09
-5.75374e-09
-6.18787e-09
-6.62229e-09
-7.12147e-09
-7.49201e-09
-7.98003e-09
-8.35661e-09
-8.82357e-09
-9.2037e-09
-9.54184e-09
-9.99958e-09
-1.02448e-08
-1.06524e-08
-1.08448e-08
-1.11731e-08
-1.13879e-08
-1.15079e-08
-1.173e-08
-1.17415e-08
-1.18818e-08
-1.17803e-08
-1.17673e-08
-1.16591e-08
-1.14422e-08
-1.12285e-08
-1.08725e-08
-1.0551e-08
-1.00505e-08
-9.52958e-09
-8.92765e-09
-8.2632e-09
-7.47416e-09
-6.63978e-09
-5.71341e-09
-4.72842e-09
-3.62609e-09
-2.42891e-09
-1.24877e-09
1.45263e-10
1.48734e-09
3.0377e-09
4.52472e-09
6.14941e-09
7.88894e-09
9.54921e-09
1.14356e-08
1.31776e-08
1.51755e-08
1.70422e-08
1.89867e-08
2.10169e-08
2.29386e-08
2.5025e-08
2.68979e-08
2.89593e-08
3.08756e-08
3.27737e-08
3.46535e-08
3.64087e-08
3.82103e-08
3.97776e-08
4.13534e-08
4.27747e-08
4.40964e-08
4.52544e-08
4.62578e-08
4.71338e-08
4.78122e-08
4.82851e-08
4.85558e-08
4.86592e-08
4.84675e-08
4.80972e-08
4.73929e-08
4.65464e-08
4.5337e-08
4.38578e-08
4.2147e-08
4.00539e-08
3.78017e-08
3.50445e-08
3.21719e-08
2.88815e-08
2.53029e-08
2.14542e-08
1.71798e-08
1.28142e-08
7.91036e-09
2.90289e-09
-2.4925e-09
-8.10961e-09
-1.39447e-08
-2.01686e-08
-2.64004e-08
-3.30311e-08
-3.96981e-08
-4.66362e-08
-5.36578e-08
-6.07333e-08
-6.80193e-08
-7.5219e-08
-8.25483e-08
-8.9745e-08
-9.69791e-08
-1.04103e-07
-1.11055e-07
-1.17879e-07
-1.24461e-07
-1.30842e-07
-1.36862e-07
-1.42574e-07
-1.47897e-07
-1.5282e-07
-1.57212e-07
-1.6113e-07
-1.6447e-07
-1.67227e-07
-1.69318e-07
-1.70682e-07
-1.71421e-07
-1.71277e-07
-1.70432e-07
-1.6864e-07
-1.66071e-07
-1.62592e-07
-1.58098e-07
-1.5279e-07
-1.4636e-07
-1.39127e-07
-1.30719e-07
-1.21401e-07
-1.11093e-07
-9.96888e-08
-8.74284e-08
-7.39707e-08
-5.9777e-08
-4.44611e-08
-2.8295e-08
-1.1249e-08
6.72675e-09
2.53294e-08
4.49213e-08
6.49963e-08
8.58422e-08
1.07174e-07
1.29e-07
1.51334e-07
1.73804e-07
1.96699e-07
2.19569e-07
2.42603e-07
2.65481e-07
2.88159e-07
3.10647e-07
3.32586e-07
3.54114e-07
3.74847e-07
3.94907e-07
4.14013e-07
4.32039e-07
4.48943e-07
4.64481e-07
4.78678e-07
4.91213e-07
5.02109e-07
5.11185e-07
5.18338e-07
5.23435e-07
5.2634e-07
5.27025e-07
5.25324e-07
5.21168e-07
5.14433e-07
5.05123e-07
4.93098e-07
4.78344e-07
4.60753e-07
4.40366e-07
4.17137e-07
3.90993e-07
3.62031e-07
3.30151e-07
2.9555e-07
2.58073e-07
2.17913e-07
1.75111e-07
1.29717e-07
8.19444e-08
3.16933e-08
-2.06107e-08
-7.50683e-08
-1.31349e-07
-1.89357e-07
-2.48922e-07
-3.09638e-07
-3.71593e-07
-4.34221e-07
-4.97556e-07
-5.61094e-07
-6.24667e-07
-6.8808e-07
-7.50776e-07
-8.12775e-07
-8.73394e-07
-9.32681e-07
-9.90049e-07
-1.04522e-06
-1.09798e-06
-1.14775e-06
-1.19456e-06
-1.23764e-06
-1.27702e-06
-1.31219e-06
-1.34286e-06
-1.36884e-06
-1.38953e-06
-1.40508e-06
-1.4148e-06
-1.41874e-06
-1.41648e-06
-1.40783e-06
-1.39277e-06
-1.37078e-06
-1.34211e-06
-1.30626e-06
-1.26346e-06
-1.21345e-06
-1.15618e-06
-1.09185e-06
-1.02016e-06
-9.41591e-07
-8.55801e-07
-7.63257e-07
-6.63998e-07
-5.58173e-07
-4.46232e-07
-3.28108e-07
-2.04557e-07
-7.55385e-08
5.82988e-08
1.96636e-07
3.39059e-07
4.84832e-07
6.33807e-07
7.8502e-07
9.38216e-07
1.09253e-06
1.24741e-06
1.40229e-06
1.5562e-06
1.70878e-06
1.85893e-06
2.00625e-06
2.14976e-06
2.28872e-06
2.42251e-06
2.5501e-06
2.67107e-06
2.78426e-06
2.88925e-06
2.98514e-06
3.07121e-06
3.14689e-06
3.21122e-06
3.26394e-06
3.30408e-06
3.33132e-06
3.34496e-06
3.34453e-06
3.32976e-06
3.29995e-06
3.25508e-06
3.19458e-06
3.11848e-06
3.02649e-06
2.91848e-06
2.79462e-06
2.65468e-06
2.49755e-06
2.28646e-06
1.93608e-06
1.37862e-06
7.04258e-07
2.01498e-07
2.10338e-08
-8.87164e-10
0
