0
2.52715e-16
3.53969e-15
2.38133e-14
7.85916e-14
-5.48195e-13
6.00378e-12
-2.50104e-11
5.5804e-11
-7.31835e-11
5.57899e-11
-9.55536e-12
-4.17148e-11
7.13877e-11
-6.41308e-11
2.3588e-11
2.92446e-11
-6.70858e-11
7.02527e-11
-3.70635e-11
-1.54512e-11
6.01283e-11
-7.38593e-11
4.93982e-11
6.99905e-13
-5.06442e-11
7.4579e-11
-6.00586e-11
1.44318e-11
3.88082e-11
-7.21934e-11
6.8403e-11
-2.93036e-11
-2.50198e-11
6.65541e-11
-7.38586e-11
4.3119e-11
9.83853e-12
-5.77317e-11
7.58954e-11
-5.50257e-11
5.94604e-12
4.60193e-11
-7.41574e-11
6.41452e-11
-2.13622e-11
-3.20014e-11
6.8517e-11
-6.96687e-11
3.52964e-11
1.65589e-11
-5.91658e-11
7.09733e-11
-4.65685e-11
-8.57423e-13
4.66864e-11
-6.77324e-11
5.40763e-11
-1.37211e-11
-3.20585e-11
6.00351e-11
-5.6921e-11
2.56983e-11
1.66553e-11
-4.84649e-11
5.459e-11
-3.36596e-11
-2.13593e-12
3.41457e-11
-4.71033e-11
3.64735e-11
-9.70563e-12
-1.86887e-11
3.51175e-11
-3.34922e-11
1.71839e-11
4.06485e-12
-1.99642e-11
2.47536e-11
-1.89767e-11
7.62111e-12
3.57003e-12
-1.11041e-11
1.44144e-11
-1.44398e-11
1.1723e-11
-5.78242e-12
-3.70805e-12
1.49936e-11
-2.35027e-11
2.35461e-11
-1.19286e-11
-8.74421e-12
2.96586e-11
-3.94187e-11
3.03103e-11
-3.72402e-12
-2.88454e-11
5.06686e-11
-4.8512e-11
2.06205e-11
2.08676e-11
-5.51263e-11
6.33071e-11
-3.90844e-11
-6.90831e-12
5.17094e-11
-7.17601e-11
5.55898e-11
-1.04825e-11
-4.08166e-11
7.18691e-11
-6.65573e-11
2.76958e-11
2.44771e-11
-6.31473e-11
6.9132e-11
-4.07109e-11
-6.14591e-12
4.69506e-11
-6.19285e-11
4.59322e-11
-9.88317e-12
-2.64323e-11
4.55688e-11
-4.11218e-11
1.93959e-11
6.02841e-12
-2.28202e-11
2.61473e-11
-1.93311e-11
9.48345e-12
-1.80164e-12
-3.32754e-12
8.74597e-12
-1.61812e-11
2.29621e-11
-2.28104e-11
1.0603e-11
1.21994e-11
-3.58394e-11
4.64413e-11
-3.43446e-11
1.45503e-12
3.75308e-11
-6.18869e-11
5.6356e-11
-2.08146e-11
-2.81348e-11
6.52314e-11
-7.02887e-11
3.96932e-11
1.10749e-11
-5.57049e-11
7.14264e-11
-5.13344e-11
7.55338e-12
3.62418e-11
-5.83501e-11
5.04537e-11
-2.06721e-11
-1.29697e-11
3.37556e-11
-3.5198e-11
2.24524e-11
-6.5308e-12
-4.06746e-12
8.19263e-12
-1.05602e-11
1.56526e-11
-2.23572e-11
2.37274e-11
-1.25816e-11
-1.12823e-11
3.78938e-11
-5.143e-11
3.99803e-11
-4.68041e-12
-3.8501e-11
6.64296e-11
-6.21112e-11
2.54438e-11
2.54927e-11
-6.40796e-11
7.01648e-11
-4.14716e-11
-5.52538e-12
4.56465e-11
-5.9569e-11
4.40285e-11
-1.16743e-11
-1.82997e-11
3.22844e-11
-2.89497e-11
1.71598e-11
-7.29295e-12
3.31e-12
-9.06821e-13
-6.753e-12
2.12723e-11
-3.51175e-11
3.60439e-11
-1.63722e-11
-1.88177e-11
5.22233e-11
-6.34417e-11
4.24271e-11
2.91694e-12
-4.94321e-11
7.20978e-11
-5.85136e-11
1.67275e-11
3.02118e-11
-5.78176e-11
5.47578e-11
-2.75619e-11
-5.15882e-12
2.61126e-11
-2.9108e-11
2.08014e-11
-1.23777e-11
1.00728e-11
-1.01617e-11
3.9212e-12
1.34275e-11
-3.55644e-11
4.77577e-11
-3.66876e-11
1.99225e-12
4.07545e-11
-6.76901e-11
6.16633e-11
-2.37349e-11
-2.6287e-11
6.15647e-11
-6.45025e-11
3.67046e-11
3.27137e-12
-3.31489e-11
4.05183e-11
-2.91809e-11
1.264e-11
-3.05885e-12
1.4389e-12
1.45862e-13
-1.06593e-11
2.87639e-11
-4.29194e-11
3.77779e-11
-8.89832e-12
-3.29144e-11
6.40309e-11
-6.52171e-11
3.23993e-11
1.66905e-11
-5.61259e-11
6.4806e-11
-4.25107e-11
4.86658e-12
2.4727e-11
-3.46012e-11
2.6551e-11
-1.51929e-11
1.01926e-11
-1.25196e-11
1.05005e-11
3.87435e-12
-2.99365e-11
5.1141e-11
-5.09076e-11
2.11411e-11
2.45469e-11
-6.24717e-11
6.92713e-11
-4.20596e-11
-3.88716e-12
4.14181e-11
-5.3242e-11
3.85063e-11
-1.36278e-11
-4.42928e-12
8.67091e-12
-6.81017e-12
1.08483e-11
-2.4696e-11
3.91348e-11
-3.74867e-11
1.21515e-11
2.91824e-11
-6.22337e-11
6.70812e-11
-3.65826e-11
-1.04143e-11
4.99041e-11
-5.88954e-11
4.11235e-11
-9.52433e-12
-1.10897e-11
1.76656e-11
-1.19539e-11
1.37802e-11
-2.22852e-11
3.60877e-11
-3.15087e-11
8.09756e-12
3.38861e-11
-6.23656e-11
6.58744e-11
-3.08703e-11
-1.41521e-11
5.29382e-11
-5.61949e-11
3.8352e-11
-6.19049e-12
-8.82665e-12
1.41322e-11
-7.2446e-12
1.47279e-11
-2.6516e-11
4.31088e-11
-3.44376e-11
6.74429e-12
3.89544e-11
-6.54962e-11
6.47008e-11
-2.7087e-11
-1.60154e-11
4.75269e-11
-4.6906e-11
2.9259e-11
-8.35792e-12
1.96458e-12
-4.49486e-12
2.5412e-12
1.34655e-11
-4.07385e-11
5.4752e-11
-4.53467e-11
2.93475e-12
3.91988e-11
-6.92376e-11
5.49615e-11
-2.68259e-11
-1.58175e-11
2.49543e-11
-3.02296e-11
1.10088e-11
-2.13687e-11
1.98318e-11
-3.84841e-11
1.10617e-11
9.12151e-12
-6.18356e-11
5.98023e-11
-5.70089e-11
-5.11122e-12
2.61949e-11
-6.15437e-11
2.86022e-11
-2.85381e-11
-6.60446e-12
-1.79649e-11
-2.75881e-12
-1.04151e-11
-4.11685e-11
4.25745e-11
-7.0501e-11
1.6397e-11
5.59097e-12
-6.66963e-11
4.8549e-11
-4.92229e-11
-3.88296e-12
-4.77607e-13
-1.94155e-11
-3.81084e-12
-2.09816e-11
2.65121e-11
-5.65159e-11
3.87606e-11
-1.12415e-11
-3.9222e-11
6.48448e-11
-5.664e-11
2.99522e-11
1.27054e-11
-1.33873e-11
2.75414e-11
1.55106e-12
3.38786e-11
-1.80604e-11
6.62854e-11
-4.68783e-12
1.51196e-11
8.27176e-11
-3.43348e-11
8.48143e-11
2.89597e-11
2.4858e-11
7.15733e-11
3.32279e-11
6.62718e-11
3.24926e-11
1.00474e-10
2.21987e-11
7.96888e-11
9.93187e-11
9.1678e-12
1.37477e-10
4.36065e-11
7.61915e-11
1.02834e-10
6.28808e-11
9.53642e-11
6.82313e-11
1.19232e-10
3.76246e-11
1.19664e-10
8.66654e-11
3.58812e-11
1.45294e-10
2.61252e-11
9.12554e-11
7.86252e-11
5.08715e-11
6.68831e-11
4.51628e-11
7.31054e-11
-1.04128e-11
8.28537e-11
-3.65673e-12
-9.78224e-12
5.46064e-11
-6.90103e-11
9.22526e-12
-4.54738e-11
-5.31197e-11
-7.14582e-11
-7.72153e-11
-8.5584e-11
-1.60562e-10
-7.08111e-11
-2.01536e-10
-1.61994e-10
-1.58068e-10
-2.58084e-10
-1.92681e-10
-2.68037e-10
-2.5758e-10
-3.1211e-10
-2.8407e-10
-3.39341e-10
-3.79017e-10
-3.07955e-10
-4.52074e-10
-3.70861e-10
-4.18619e-10
-4.63897e-10
-4.29971e-10
-4.79105e-10
-4.61462e-10
-5.22709e-10
-4.46124e-10
-5.38923e-10
-5.06521e-10
-4.62697e-10
-5.65028e-10
-4.54872e-10
-5.10455e-10
-4.80679e-10
-4.73895e-10
-4.40268e-10
-4.29265e-10
-4.38554e-10
-3.16094e-10
-4.05325e-10
-2.79353e-10
-2.54079e-10
-2.56772e-10
-1.41426e-10
-1.35408e-10
-4.30015e-11
-3.00106e-11
1.14038e-10
1.10904e-10
2.06679e-10
3.44811e-10
3.17986e-10
5.08139e-10
5.43175e-10
6.51264e-10
7.4099e-10
8.5788e-10
9.54071e-10
1.01354e-09
1.2216e-09
1.20699e-09
1.39236e-09
1.49381e-09
1.55383e-09
1.71121e-09
1.78018e-09
1.91568e-09
1.94899e-09
2.1365e-09
2.14768e-09
2.24384e-09
2.3864e-09
2.35658e-09
2.50208e-09
2.51317e-09
2.58478e-09
2.5799e-09
2.65e-09
2.64822e-09
2.59056e-09
2.68795e-09
2.54336e-09
2.56238e-09
2.49285e-09
2.40086e-09
2.30958e-09
2.19155e-09
2.09932e-09
1.85293e-09
1.79951e-09
1.52639e-09
1.32396e-09
1.13879e-09
8.30529e-10
5.94441e-10
2.66916e-10
1.7036e-11
-4.11405e-10
-6.80945e-10
-1.07142e-09
-1.51678e-09
-1.83223e-09
-2.32877e-09
-2.7237e-09
-3.21141e-09
-3.61579e-09
-4.15493e-09
-4.61096e-09
-5.05092e-09
-5.64816e-09
-6.03961e-09
-6.59545e-09
-7.06445e-09
-7.57355e-09
-8.01643e-09
-8.50652e-09
-8.99523e-09
-9.33246e-09
-9.86751e-09
-1.0178e-08
-1.05665e-08
-1.09046e-08
-1.12064e-08
-1.14593e-08
-1.16543e-08
-1.1912e-08
-1.19172e-08
-1.20877e-08
-1.20704e-08
-1.20105e-08
-1.19318e-08
-1.17489e-08
-1.15303e-08
-1.11539e-08
-1.08788e-08
-1.03108e-08
-9.81888e-09
-9.21587e-09
-8.46658e-09
-7.71376e-09
-6.81828e-09
-5.91281e-09
-4.77713e-09
-3.75921e-09
-2.48718e-09
-1.18552e-09
1.31837e-10
1.63565e-09
3.12993e-09
4.77043e-09
6.35977e-09
8.19585e-09
9.91314e-09
1.17622e-08
1.37105e-08
1.55787e-08
1.75887e-08
1.95446e-08
2.16195e-08
2.35397e-08
2.56387e-08
2.76232e-08
2.95565e-08
3.15762e-08
3.34274e-08
3.531e-08
3.70319e-08
3.88182e-08
4.03294e-08
4.18591e-08
4.32682e-08
4.44359e-08
4.55853e-08
4.64788e-08
4.72837e-08
4.77674e-08
4.82319e-08
4.83353e-08
4.82451e-08
4.80035e-08
4.73894e-08
4.66131e-08
4.54874e-08
4.42093e-08
4.24631e-08
4.05935e-08
3.83605e-08
3.57675e-08
3.29765e-08
2.97869e-08
2.63603e-08
2.25076e-08
1.8532e-08
1.40641e-08
9.39657e-09
4.46125e-09
-8.393e-10
-6.33833e-09
-1.21536e-08
-1.81058e-08
-2.44684e-08
-3.08326e-08
-3.75128e-08
-4.43435e-08
-5.12638e-08
-5.834e-08
-6.54666e-08
-7.27363e-08
-7.98492e-08
-8.71677e-08
-9.42847e-08
-1.01368e-07
-1.08339e-07
-1.15147e-07
-1.21752e-07
-1.28051e-07
-1.34231e-07
-1.39863e-07
-1.45294e-07
-1.50228e-07
-1.54734e-07
-1.58688e-07
-1.62142e-07
-1.65029e-07
-1.67141e-07
-1.6878e-07
-1.69534e-07
-1.69632e-07
-1.68866e-07
-1.67375e-07
-1.64924e-07
-1.61607e-07
-1.57477e-07
-1.52241e-07
-1.46194e-07
-1.39074e-07
-1.3107e-07
-1.21923e-07
-1.11932e-07
-1.0087e-07
-8.87679e-08
-7.57969e-08
-6.17611e-08
-4.68559e-08
-3.09202e-08
-1.42808e-08
3.40288e-09
2.17739e-08
4.09075e-08
6.07808e-08
8.12651e-08
1.02347e-07
1.23829e-07
1.45918e-07
1.68131e-07
1.9073e-07
2.1342e-07
2.362e-07
2.58865e-07
2.81406e-07
3.0373e-07
3.25501e-07
3.46946e-07
3.67623e-07
3.87633e-07
4.06647e-07
4.24794e-07
4.41689e-07
4.57313e-07
4.71637e-07
4.84319e-07
4.95434e-07
5.04685e-07
5.12195e-07
5.17493e-07
5.2083e-07
5.21881e-07
5.2059e-07
5.16891e-07
5.10683e-07
5.01943e-07
4.90397e-07
4.76346e-07
4.59363e-07
4.39677e-07
4.17093e-07
3.91769e-07
3.63508e-07
3.32429e-07
2.98649e-07
2.61958e-07
2.22676e-07
1.80664e-07
1.36228e-07
8.91523e-08
3.99101e-08
-1.16154e-08
-6.52153e-08
-1.2068e-07
-1.77878e-07
-2.36561e-07
-2.96695e-07
-3.57725e-07
-4.19799e-07
-4.82376e-07
-5.45377e-07
-6.08356e-07
-6.71237e-07
-7.33577e-07
-7.95036e-07
-8.5551e-07
-9.14434e-07
-9.71683e-07
-1.02672e-06
-1.07952e-06
-1.12938e-06
-1.17625e-06
-1.21969e-06
-1.25939e-06
-1.29499e-06
-1.3262e-06
-1.35282e-06
-1.37426e-06
-1.39061e-06
-1.40128e-06
-1.40626e-06
-1.40505e-06
-1.39772e-06
-1.38386e-06
-1.36333e-06
-1.33608e-06
-1.30185e-06
-1.26066e-06
-1.21226e-06
-1.15692e-06
-1.09425e-06
-1.02458e-06
-9.47788e-07
-8.641e-07
-7.73467e-07
-6.762e-07
-5.72505e-07
-4.62433e-07
-3.46497e-07
-2.24806e-07
-9.79046e-08
3.41229e-08
1.70481e-07
3.11036e-07
4.55134e-07
6.02329e-07
7.51988e-07
9.036e-07
1.05661e-06
1.21016e-06
1.36387e-06
1.51682e-06
1.66852e-06
1.81796e-06
1.96476e-06
2.10787e-06
2.24669e-06
2.38041e-06
2.5083e-06
2.62958e-06
2.74339e-06
2.84925e-06
2.94608e-06
3.03345e-06
3.11043e-06
3.17662e-06
3.23103e-06
3.27333e-06
3.30282e-06
3.31894e-06
3.32123e-06
3.30922e-06
3.28261e-06
3.24079e-06
3.18382e-06
3.11117e-06
3.0229e-06
2.91866e-06
2.79872e-06
2.66286e-06
2.5113e-06
2.34423e-06
2.16189e-06
1.96463e-06
1.75275e-06
1.52701e-06
1.28764e-06
1.03557e-06
7.71282e-07
4.9586e-07
2.09837e-07
-8.55689e-08
-3.89464e-07
-7.00744e-07
-1.01829e-06
-1.34088e-06
-1.66714e-06
-1.99602e-06
-2.32584e-06
-2.65544e-06
-2.98314e-06
-3.30777e-06
-3.62745e-06
-3.94095e-06
-4.24656e-06
-4.54283e-06
-4.82809e-06
-5.10086e-06
-5.35968e-06
-5.60283e-06
-5.82905e-06
-6.03668e-06
-6.22456e-06
-6.39099e-06
-6.53504e-06
-6.65518e-06
-6.75044e-06
-6.81956e-06
-6.86174e-06
-6.87595e-06
-6.86136e-06
-6.81741e-06
-6.74337e-06
-6.63891e-06
-6.50348e-06
-6.33718e-06
-6.13959e-06
-5.91102e-06
-5.65145e-06
-5.36147e-06
-5.04126e-06
-4.69164e-06
-4.31334e-06
-3.90723e-06
-3.47439e-06
-3.01597e-06
-2.53349e-06
-2.02815e-06
-1.50184e-06
-9.56087e-07
-3.93026e-07
1.85686e-07
7.77592e-07
1.38069e-06
1.99253e-06
2.61083e-06
3.23292e-06
3.85629e-06
4.47839e-06
5.09634e-06
5.70755e-06
6.30908e-06
6.89839e-06
7.47232e-06
8.02839e-06
8.56356e-06
9.07531e-06
9.56063e-06
1.00171e-05
1.0442e-05
1.08329e-05
1.11873e-05
1.15028e-05
1.17775e-05
1.20089e-05
1.21955e-05
1.23353e-05
1.24268e-05
1.24684e-05
1.24592e-05
1.23978e-05
1.22837e-05
1.21159e-05
1.18944e-05
1.16187e-05
1.12891e-05
1.09057e-05
1.04692e-05
9.9804e-06
9.44008e-06
8.84983e-06
8.21088e-06
7.52519e-06
6.79452e-06
6.02142e-06
5.208e-06
4.35717e-06
3.47165e-06
2.55474e-06
1.60949e-06
6.39505e-07
-3.51568e-07
-1.35996e-06
-2.38172e-06
-3.41283e-06
-4.44889e-06
-5.48589e-06
-6.51922e-06
-7.54465e-06
-8.55743e-06
-9.5534e-06
-1.05277e-05
-1.14762e-05
-1.2394e-05
-1.32771e-05
-1.41209e-05
-1.49213e-05
-1.56742e-05
-1.63755e-05
-1.70214e-05
-1.76082e-05
-1.81326e-05
-1.85912e-05
-1.89812e-05
-1.92994e-05
-1.95439e-05
-1.97119e-05
-1.98018e-05
-1.98118e-05
-1.97408e-05
-1.95876e-05
-1.93518e-05
-1.90328e-05
-1.8631e-05
-1.81465e-05
-1.75803e-05
-1.69335e-05
-1.62076e-05
-1.54044e-05
-1.45262e-05
-1.35757e-05
-1.25555e-05
-1.14693e-05
-1.03203e-05
-9.11281e-06
-7.85071e-06
-6.53883e-06
-5.18174e-06
-3.78473e-06
-2.35285e-06
-8.91836e-07
5.92674e-07
2.09476e-06
3.6084e-06
5.1274e-06
6.64537e-06
8.15613e-06
9.65309e-06
1.113e-05
1.25801e-05
1.39975e-05
1.53754e-05
1.67078e-05
1.79884e-05
1.92115e-05
2.0371e-05
2.14615e-05
2.24775e-05
2.34141e-05
2.42662e-05
2.50294e-05
2.56996e-05
2.62728e-05
2.67457e-05
2.7115e-05
2.73782e-05
2.7533e-05
2.75777e-05
2.75107e-05
2.73314e-05
2.70391e-05
2.66341e-05
2.61167e-05
2.54882e-05
2.47499e-05
2.3904e-05
2.29527e-05
2.18992e-05
2.07468e-05
1.94993e-05
1.81611e-05
1.67371e-05
1.52321e-05
1.36518e-05
1.20022e-05
1.02895e-05
8.5202e-06
6.70116e-06
4.83975e-06
2.9431e-06
1.01901e-06
-9.24969e-07
-2.8806e-06
-4.84016e-06
-6.79527e-06
-8.73802e-06
-1.06599e-05
-1.25532e-05
-1.44094e-05
-1.62209e-05
-1.79795e-05
-1.96777e-05
-2.13081e-05
-2.28633e-05
-2.43363e-05
-2.57206e-05
-2.70099e-05
-2.81979e-05
-2.92794e-05
-3.0249e-05
-3.11022e-05
-3.18344e-05
-3.24423e-05
-3.29222e-05
-3.32719e-05
-3.34886e-05
-3.35712e-05
-3.35184e-05
-3.33298e-05
-3.30052e-05
-3.25457e-05
-3.19523e-05
-3.12269e-05
-3.03717e-05
-2.93899e-05
-2.82848e-05
-2.70607e-05
-2.57219e-05
-2.42737e-05
-2.27216e-05
-2.10716e-05
-1.93301e-05
-1.75042e-05
-1.56012e-05
-1.36284e-05
-1.15942e-05
-9.50644e-06
-7.37401e-06
-5.20532e-06
-3.00955e-06
-7.95504e-07
1.42736e-06
3.65016e-06
5.86333e-06
8.05791e-06
1.02244e-05
1.23541e-05
1.44377e-05
1.64667e-05
1.84323e-05
2.03264e-05
2.21408e-05
2.38681e-05
2.55006e-05
2.70316e-05
2.84545e-05
2.97632e-05
3.09522e-05
3.20163e-05
3.29512e-05
3.37525e-05
3.44171e-05
3.4942e-05
3.5325e-05
3.55643e-05
3.5659e-05
3.56086e-05
3.54135e-05
3.50741e-05
3.45924e-05
3.39699e-05
3.32097e-05
3.23147e-05
3.12891e-05
3.01368e-05
2.88633e-05
2.74735e-05
2.59738e-05
2.43702e-05
2.267e-05
2.088e-05
1.90082e-05
1.70625e-05
1.50511e-05
1.29827e-05
1.0866e-05
8.71007e-06
6.52411e-06
4.31732e-06
2.09906e-06
-1.2126e-07
-2.33426e-06
-4.53058e-06
-6.70111e-06
-8.8366e-06
-1.09282e-05
-1.29672e-05
-1.49451e-05
-1.68536e-05
-1.86851e-05
-2.04318e-05
-2.20869e-05
-2.36433e-05
-2.50952e-05
-2.64363e-05
-2.76619e-05
-2.87668e-05
-2.9747e-05
-3.05986e-05
-3.1319e-05
-3.19051e-05
-3.23556e-05
-3.26686e-05
-3.28439e-05
-3.2881e-05
-3.27809e-05
-3.25442e-05
-3.2173e-05
-3.16693e-05
-3.10362e-05
-3.0277e-05
-2.93957e-05
-2.83968e-05
-2.72853e-05
-2.60665e-05
-2.47465e-05
-2.33316e-05
-2.18284e-05
-2.0244e-05
-1.85858e-05
-1.68616e-05
-1.50791e-05
-1.32467e-05
-1.13725e-05
-9.46521e-06
-7.53321e-06
-5.58525e-06
-3.62985e-06
-1.67584e-06
2.68382e-07
2.19416e-06
4.09333e-06
5.95747e-06
7.77883e-06
9.54946e-06
1.12622e-05
1.29095e-05
1.44848e-05
1.59816e-05
1.73939e-05
1.8716e-05
1.99428e-05
2.10695e-05
2.2092e-05
2.30063e-05
2.38096e-05
2.44989e-05
2.50723e-05
2.5528e-05
2.58652e-05
2.60831e-05
2.61821e-05
2.61625e-05
2.60258e-05
2.57734e-05
2.54077e-05
2.49312e-05
2.43475e-05
2.36599e-05
2.28728e-05
2.19906e-05
2.10186e-05
1.99617e-05
1.88261e-05
1.76176e-05
1.63427e-05
1.50079e-05
1.36202e-05
1.21865e-05
1.07143e-05
9.21063e-06
7.68314e-06
6.13921e-06
4.58654e-06
3.03251e-06
1.48467e-06
-4.9711e-08
-1.56324e-06
-3.04886e-06
-4.49961e-06
-5.90886e-06
-7.27011e-06
-8.57717e-06
-9.82416e-06
-1.10056e-05
-1.21162e-05
-1.31514e-05
-1.41065e-05
-1.49777e-05
-1.57615e-05
-1.64547e-05
-1.70548e-05
-1.75596e-05
-1.79676e-05
-1.82774e-05
-1.84884e-05
-1.86006e-05
-1.86141e-05
-1.85299e-05
-1.83492e-05
-1.80737e-05
-1.77058e-05
-1.7248e-05
-1.67036e-05
-1.6076e-05
-1.53692e-05
-1.45875e-05
-1.37357e-05
-1.28185e-05
-1.18415e-05
-1.08101e-05
-9.73027e-06
-8.60791e-06
-7.44941e-06
-6.26102e-06
-5.04943e-06
-3.82108e-06
-2.58279e-06
-1.34108e-06
-1.02852e-07
1.12545e-06
2.33707e-06
3.52578e-06
4.68501e-06
5.8088e-06
6.89103e-06
7.9262e-06
8.90863e-06
9.83334e-06
1.06953e-05
1.14901e-05
1.22135e-05
1.28618e-05
1.34314e-05
1.39197e-05
1.43237e-05
1.46418e-05
1.48718e-05
1.50129e-05
1.50641e-05
1.50254e-05
1.48968e-05
1.46791e-05
1.43732e-05
1.39811e-05
1.35045e-05
1.29461e-05
1.23087e-05
1.15957e-05
1.08108e-05
9.95825e-06
9.04229e-06
8.06796e-06
7.04022e-06
5.96469e-06
4.84683e-06
3.69276e-06
2.5084e-06
1.30027e-06
7.46215e-08
-1.16183e-06
-2.40265e-06
-3.64094e-06
-4.87019e-06
-6.08357e-06
-7.27464e-06
-8.4367e-06
-9.5635e-06
-1.06486e-05
-1.16861e-05
-1.267e-05
-1.35949e-05
-1.44552e-05
-1.52461e-05
-1.59626e-05
-1.66007e-05
-1.71561e-05
-1.76254e-05
-1.80054e-05
-1.82933e-05
-1.84869e-05
-1.85843e-05
-1.85842e-05
-1.84857e-05
-1.82884e-05
-1.79924e-05
-1.75983e-05
-1.71073e-05
-1.65208e-05
-1.58411e-05
-1.50705e-05
-1.42122e-05
-1.32696e-05
-1.22466e-05
-1.11476e-05
-9.97723e-06
-8.74072e-06
-7.44347e-06
-6.09133e-06
-4.69043e-06
-3.24725e-06
-1.76835e-06
-2.60673e-07
1.26876e-06
2.8126e-06
4.36358e-06
5.9142e-06
7.45707e-06
8.98452e-06
1.04892e-05
1.19634e-05
1.34001e-05
1.47919e-05
1.61318e-05
1.74127e-05
1.86283e-05
1.97719e-05
2.08376e-05
2.18195e-05
2.27124e-05
2.35109e-05
2.42108e-05
2.48076e-05
2.52977e-05
2.56777e-05
2.5945e-05
2.60971e-05
2.61324e-05
2.60496e-05
2.58482e-05
2.55277e-05
2.50889e-05
2.45325e-05
2.38603e-05
2.30739e-05
2.21763e-05
2.11704e-05
2.00601e-05
1.88493e-05
1.75428e-05
1.61455e-05
1.46632e-05
1.31017e-05
1.14676e-05
9.76734e-06
8.00831e-06
6.19768e-06
4.34335e-06
2.45301e-06
5.35048e-07
-1.40242e-06
-3.35078e-06
-5.30165e-06
-7.24624e-06
-9.17606e-06
-1.10824e-05
-1.29568e-05
-1.47907e-05
-1.65757e-05
-1.83039e-05
-1.99672e-05
-2.15578e-05
-2.30685e-05
-2.44921e-05
-2.58218e-05
-2.70514e-05
-2.81748e-05
-2.91867e-05
-3.00818e-05
-3.08558e-05
-3.15045e-05
-3.20246e-05
-3.24129e-05
-3.26674e-05
-3.2786e-05
-3.27677e-05
-3.26118e-05
-3.23184e-05
-3.1888e-05
-3.1322e-05
-3.0622e-05
-2.97906e-05
-2.88307e-05
-2.77459e-05
-2.65402e-05
-2.52186e-05
-2.3786e-05
-2.22482e-05
-2.06113e-05
-1.88821e-05
-1.70674e-05
-1.51749e-05
-1.32121e-05
-1.11874e-05
-9.10899e-06
-6.98568e-06
-4.82625e-06
-2.63986e-06
-4.35597e-07
1.77722e-06
3.98926e-06
6.19113e-06
8.3735e-06
1.05272e-05
1.2643e-05
1.4712e-05
1.67252e-05
1.86742e-05
2.05506e-05
2.23465e-05
2.4054e-05
2.56662e-05
2.71758e-05
2.85767e-05
2.98625e-05
3.10281e-05
3.20683e-05
3.29788e-05
3.37555e-05
3.43954e-05
3.48954e-05
3.52537e-05
3.54685e-05
3.55392e-05
3.54653e-05
3.52472e-05
3.48858e-05
3.43828e-05
3.37403e-05
3.2961e-05
3.20483e-05
3.10061e-05
2.98389e-05
2.85517e-05
2.71499e-05
2.56396e-05
2.40272e-05
2.23195e-05
2.05238e-05
1.86477e-05
1.66993e-05
1.46865e-05
1.26181e-05
1.05026e-05
8.34917e-06
6.16647e-06
3.96396e-06
1.75057e-06
-4.64189e-07
-2.67146e-06
-4.86182e-06
-7.02646e-06
-9.15624e-06
-1.12427e-05
-1.32772e-05
-1.52514e-05
-1.71575e-05
-1.89877e-05
-2.07348e-05
-2.23919e-05
-2.39523e-05
-2.54102e-05
-2.67598e-05
-2.79959e-05
-2.91141e-05
-3.01101e-05
-3.09805e-05
-3.1722e-05
-3.23325e-05
-3.28099e-05
-3.3153e-05
-3.33607e-05
-3.34334e-05
-3.3371e-05
-3.31749e-05
-3.28463e-05
-3.23875e-05
-3.1801e-05
-3.10901e-05
-3.02583e-05
-2.931e-05
-2.82495e-05
-2.70822e-05
-2.58133e-05
-2.44489e-05
-2.29952e-05
-2.14588e-05
-1.98465e-05
-1.81655e-05
-1.64234e-05
-1.46276e-05
-1.27859e-05
-1.09063e-05
-8.99701e-06
-7.06574e-06
-5.12097e-06
-3.17056e-06
-1.22289e-06
7.14369e-07
2.63299e-06
4.52544e-06
6.38393e-06
8.20132e-06
9.97023e-06
1.16839e-05
1.33357e-05
1.49194e-05
1.6429e-05
1.78589e-05
1.92041e-05
2.04596e-05
2.16213e-05
2.2685e-05
2.36475e-05
2.45056e-05
2.5257e-05
2.58993e-05
2.64314e-05
2.68517e-05
2.71599e-05
2.73557e-05
2.74397e-05
2.74124e-05
2.72754e-05
2.70301e-05
2.66789e-05
2.62244e-05
2.56694e-05
2.50175e-05
2.42724e-05
2.34382e-05
2.25193e-05
2.15206e-05
2.0447e-05
1.9304e-05
1.80969e-05
1.68316e-05
1.55139e-05
1.415e-05
1.27459e-05
1.13082e-05
9.84294e-06
8.3567e-06
6.85576e-06
5.34666e-06
3.83557e-06
2.32884e-06
8.32655e-07
-6.46979e-07
-2.10415e-06
-3.53322e-06
-4.92846e-06
-6.28481e-06
-7.59698e-06
-8.86037e-06
-1.00701e-05
-1.12224e-05
-1.23128e-05
-1.33381e-05
-1.42946e-05
-1.51797e-05
-1.59906e-05
-1.6725e-05
-1.73809e-05
-1.7957e-05
-1.84519e-05
-1.88648e-05
-1.91953e-05
-1.94433e-05
-1.96089e-05
-1.96927e-05
-1.96959e-05
-1.96193e-05
-1.94649e-05
-1.92342e-05
-1.89297e-05
-1.85535e-05
-1.81087e-05
-1.75978e-05
-1.70245e-05
-1.63919e-05
-1.57036e-05
-1.49634e-05
-1.41754e-05
-1.33435e-05
-1.24719e-05
-1.15651e-05
-1.06271e-05
-9.6627e-06
-8.67606e-06
-7.672e-06
-6.65463e-06
-5.62869e-06
-4.59839e-06
-3.56833e-06
-2.54249e-06
-1.52528e-06
-5.20684e-07
4.67329e-07
1.43499e-06
2.37867e-06
3.29474e-06
4.18014e-06
5.03156e-06
5.84628e-06
6.62136e-06
7.35468e-06
8.04364e-06
8.68649e-06
9.28123e-06
9.8266e-06
1.0321e-05
1.07636e-05
1.11535e-05
1.14901e-05
1.17731e-05
1.20023e-05
1.21781e-05
1.23006e-05
1.23705e-05
1.23885e-05
1.23558e-05
1.22733e-05
1.21426e-05
1.19652e-05
1.17428e-05
1.14773e-05
1.11707e-05
1.08253e-05
1.04432e-05
1.00269e-05
9.5788e-06
9.10162e-06
8.59775e-06
8.07015e-06
7.52134e-06
6.95432e-06
6.37154e-06
5.77617e-06
5.17071e-06
4.55808e-06
3.94087e-06
3.32195e-06
2.70384e-06
2.08908e-06
1.4803e-06
8.79788e-07
2.90001e-07
-2.87061e-07
-8.48939e-07
-1.39397e-06
-1.92001e-06
-2.42553e-06
-2.90862e-06
-3.36808e-06
-3.80237e-06
-4.21031e-06
-4.59083e-06
-4.94303e-06
-5.26616e-06
-5.55938e-06
-5.8225e-06
-6.05489e-06
-6.25656e-06
-6.42716e-06
-6.56712e-06
-6.67629e-06
-6.75519e-06
-6.80415e-06
-6.82387e-06
-6.81488e-06
-6.77797e-06
-6.71417e-06
-6.62426e-06
-6.50945e-06
-6.37072e-06
-6.20956e-06
-6.02687e-06
-5.82434e-06
-5.60312e-06
-5.36485e-06
-5.11076e-06
-4.84256e-06
-4.56169e-06
-4.26964e-06
-3.96802e-06
-3.65832e-06
-3.3422e-06
-3.02091e-06
-2.6963e-06
-2.36954e-06
-2.04231e-06
-1.71577e-06
-1.39157e-06
-1.07079e-06
-7.54786e-07
-4.44784e-07
-1.41906e-07
1.52742e-07
4.38264e-07
7.13435e-07
9.77714e-07
1.23002e-06
1.46985e-06
1.69628e-06
1.90907e-06
2.10743e-06
2.29107e-06
2.45963e-06
2.61285e-06
2.75052e-06
2.87242e-06
2.97877e-06
3.06926e-06
3.14424e-06
3.20365e-06
3.24798e-06
3.27717e-06
3.29183e-06
3.29223e-06
3.27883e-06
3.25208e-06
3.21253e-06
3.16087e-06
3.09741e-06
3.02313e-06
2.93842e-06
2.84421e-06
2.74091e-06
2.62959e-06
2.51074e-06
2.38518e-06
2.2537e-06
2.11703e-06
1.97596e-06
1.83109e-06
1.68347e-06
1.53347e-06
1.3821e-06
1.22984e-06
1.07762e-06
9.25807e-07
7.75259e-07
6.26535e-07
4.80144e-07
3.36719e-07
1.96709e-07
6.07683e-08
-7.0967e-08
-1.97698e-07
-3.19339e-07
-4.35339e-07
-5.45588e-07
-6.49566e-07
-7.47219e-07
-8.38336e-07
-9.22601e-07
-1.00006e-06
-1.07047e-06
-1.13396e-06
-1.19019e-06
-1.23954e-06
-1.28174e-06
-1.31703e-06
-1.34538e-06
-1.36706e-06
-1.3821e-06
-1.39062e-06
-1.39305e-06
-1.38932e-06
-1.37988e-06
-1.36479e-06
-1.34458e-06
-1.3192e-06
-1.28921e-06
-1.25481e-06
-1.2163e-06
-1.17402e-06
-1.12826e-06
-1.07949e-06
-1.02774e-06
-9.73715e-07
-9.1743e-07
-8.59422e-07
-7.99816e-07
-7.39173e-07
-6.77596e-07
-6.15424e-07
-5.53097e-07
-4.90692e-07
-4.28654e-07
-3.67062e-07
-3.06457e-07
-2.4669e-07
-1.88317e-07
-1.31374e-07
-7.61077e-08
-2.26532e-08
2.87796e-08
7.79801e-08
1.25063e-07
1.69555e-07
2.11668e-07
2.51093e-07
2.87969e-07
3.21974e-07
3.53313e-07
3.81868e-07
4.07517e-07
4.30455e-07
4.50522e-07
4.67908e-07
4.82383e-07
4.94372e-07
5.03569e-07
5.10247e-07
5.14428e-07
5.16207e-07
5.1565e-07
5.12809e-07
5.08009e-07
5.00995e-07
4.92236e-07
4.81607e-07
4.69404e-07
4.55549e-07
4.40383e-07
4.23933e-07
4.06218e-07
3.8762e-07
3.68009e-07
3.47712e-07
3.26629e-07
3.05201e-07
2.83199e-07
2.60959e-07
2.38574e-07
2.16052e-07
1.93598e-07
1.71212e-07
1.49191e-07
1.2727e-07
1.05936e-07
8.49792e-08
6.45987e-08
4.48082e-08
2.57368e-08
7.40806e-09
-1.02526e-08
-2.68876e-08
-4.28367e-08
-5.77724e-08
-7.18549e-08
-8.48878e-08
-9.70665e-08
-1.08218e-07
-1.1831e-07
-1.27572e-07
-1.357e-07
-1.42953e-07
-1.49142e-07
-1.54527e-07
-1.58813e-07
-1.62291e-07
-1.64908e-07
-1.66569e-07
-1.67507e-07
-1.67583e-07
-1.67003e-07
-1.65539e-07
-1.63601e-07
-1.60887e-07
-1.57603e-07
-1.53817e-07
-1.49475e-07
-1.44701e-07
-1.39426e-07
-1.33944e-07
-1.27909e-07
-1.21749e-07
-1.15277e-07
-1.08595e-07
-1.01743e-07
-9.47714e-08
-8.7759e-08
-8.05377e-08
-7.35145e-08
-6.63268e-08
-5.92745e-08
-5.22651e-08
-4.5404e-08
-3.86251e-08
-3.19892e-08
-2.5662e-08
-1.93294e-08
-1.34003e-08
-7.60149e-09
-2.11245e-09
3.18429e-09
8.12171e-09
1.27969e-08
1.72779e-08
2.12716e-08
2.5147e-08
2.86006e-08
3.18214e-08
3.46472e-08
3.72784e-08
3.95527e-08
4.14662e-08
4.32586e-08
4.45852e-08
4.57609e-08
4.65886e-08
4.72552e-08
4.75502e-08
4.76942e-08
4.76449e-08
4.72346e-08
4.68047e-08
4.60531e-08
4.52123e-08
4.41146e-08
4.29974e-08
4.16376e-08
4.01558e-08
3.86908e-08
3.69489e-08
3.52696e-08
3.34277e-08
3.16151e-08
2.96318e-08
2.77328e-08
2.57803e-08
2.3711e-08
2.18182e-08
1.97684e-08
1.78354e-08
1.58459e-08
1.39959e-08
1.20635e-08
1.02282e-08
8.52253e-09
6.69595e-09
5.11407e-09
3.47906e-09
1.98838e-09
4.8636e-10
-8.30934e-10
-2.13417e-09
-3.40932e-09
-4.43182e-09
-5.57342e-09
-6.48606e-09
-7.38988e-09
-8.15208e-09
-8.91171e-09
-9.52592e-09
-1.00298e-08
-1.06104e-08
-1.08987e-08
-1.12888e-08
-1.15214e-08
-1.17187e-08
-1.18119e-08
-1.18865e-08
-1.19186e-08
-1.17629e-08
-1.17723e-08
-1.15291e-08
-1.13484e-08
-1.11096e-08
-1.08215e-08
-1.04967e-08
-1.01212e-08
-9.82318e-09
-9.30014e-09
-8.97442e-09
-8.49667e-09
-8.01699e-09
-7.58392e-09
-7.08404e-09
-6.62367e-09
-6.07582e-09
-5.69176e-09
-5.10128e-09
-4.66747e-09
-4.21697e-09
-3.68276e-09
-3.28272e-09
-2.79877e-09
-2.40702e-09
-1.91312e-09
-1.59977e-09
-1.156e-09
-7.66627e-10
-4.97718e-10
-6.9464e-11
1.80653e-10
5.08806e-10
7.45895e-10
1.0555e-09
1.24233e-09
1.44672e-09
1.72206e-09
1.77794e-09
2.027e-09
2.1221e-09
2.24315e-09
2.3376e-09
2.43287e-09
2.50578e-09
2.4902e-09
2.6383e-09
2.54443e-09
2.60564e-09
2.61095e-09
2.54437e-09
2.55272e-09
2.48454e-09
2.47681e-09
2.33458e-09
2.36759e-09
2.22811e-09
2.13493e-09
2.12661e-09
1.94184e-09
1.91113e-09
1.7781e-09
1.71146e-09
1.55627e-09
1.49829e-09
1.39873e-09
1.21511e-09
1.23132e-09
1.02473e-09
9.66573e-10
8.71555e-10
7.55701e-10
6.66874e-10
5.59554e-10
5.25159e-10
3.35524e-10
3.6275e-10
2.24906e-10
1.29313e-10
1.32527e-10
-1.15358e-11
-2.46321e-11
-1.17226e-10
-1.23509e-10
-2.39191e-10
-2.36899e-10
-2.62634e-10
-3.8912e-10
-3.0045e-10
-4.23513e-10
-4.14861e-10
-4.26532e-10
-4.60854e-10
-4.68352e-10
-4.98857e-10
-4.44014e-10
-5.54916e-10
-4.53334e-10
-4.97905e-10
-5.31048e-10
-4.38983e-10
-5.16288e-10
-4.55748e-10
-4.74081e-10
-4.25615e-10
-4.6019e-10
-4.15535e-10
-3.68377e-10
-4.50163e-10
-3.06588e-10
-3.78166e-10
-3.38977e-10
-2.84163e-10
-3.12629e-10
-2.58494e-10
-2.69316e-10
-1.94295e-10
-2.60003e-10
-1.60262e-10
-1.64434e-10
-2.04193e-10
-7.36571e-11
-1.63571e-10
-8.87293e-11
-8.04732e-11
-7.48038e-11
-5.65309e-11
-4.8929e-11
5.74654e-12
-7.24933e-11
5.11363e-11
-1.32222e-11
-7.05142e-12
7.95179e-11
-1.36762e-11
6.99259e-11
4.20767e-11
6.39009e-11
4.80005e-11
7.58716e-11
8.86276e-11
2.36245e-11
1.42928e-10
3.365e-11
8.45713e-11
1.1771e-10
3.58088e-11
1.17555e-10
6.66926e-11
9.39607e-11
6.16119e-11
1.01695e-10
7.51809e-11
4.27196e-11
1.36709e-10
8.51592e-12
9.87773e-11
7.92527e-11
2.18633e-11
1.00233e-10
3.23415e-11
6.62046e-11
3.32387e-11
7.16574e-11
2.50082e-11
2.91726e-11
8.50818e-11
-3.40155e-11
8.30812e-11
1.55241e-11
-4.24888e-12
6.67554e-11
-1.75656e-11
3.43954e-11
2.08422e-12
2.80876e-11
-1.28317e-11
1.32658e-11
3.05156e-11
-5.60786e-11
6.54033e-11
-3.86713e-11
-1.06985e-11
3.92909e-11
-5.59977e-11
2.70144e-11
-2.04957e-11
-3.3429e-12
-1.89671e-11
-4.90339e-14
-3.47581e-12
-4.88373e-11
4.89124e-11
-6.63553e-11
5.90852e-12
1.66933e-11
-7.02293e-11
4.28253e-11
-4.0941e-11
-1.02088e-11
-2.57433e-12
-1.78005e-11
-6.46126e-12
-2.84134e-11
2.87076e-11
-6.14563e-11
2.6266e-11
-5.05748e-12
-5.69698e-11
5.98267e-11
-6.1825e-11
9.11992e-12
1.10478e-11
-3.85083e-11
1.9797e-11
-2.14118e-11
1.09569e-11
-3.02887e-11
2.48892e-11
-1.58894e-11
-2.69013e-11
5.48801e-11
-6.93206e-11
3.91111e-11
2.84645e-12
-4.54377e-11
5.46604e-11
-4.08305e-11
1.3373e-11
2.44963e-12
-4.58598e-12
1.87461e-12
-8.44578e-12
2.9172e-11
-4.69899e-11
4.74448e-11
-1.60949e-11
-2.71634e-11
6.4627e-11
-6.55671e-11
3.88872e-11
6.67939e-12
-3.44982e-11
4.30504e-11
-2.65701e-11
1.46761e-11
-7.29228e-12
1.4087e-11
-8.86816e-12
-6.22945e-12
3.83166e-11
-5.62283e-11
5.2909e-11
-1.41805e-11
-3.0894e-11
6.58512e-11
-6.2385e-11
3.38681e-11
8.08167e-12
-3.15223e-11
3.60756e-11
-2.22957e-11
1.37716e-11
-1.19617e-11
1.76597e-11
-1.10945e-11
-9.52865e-12
4.11212e-11
-5.88983e-11
4.99033e-11
-1.04157e-11
-3.65825e-11
6.70809e-11
-6.22328e-11
2.91826e-11
1.21528e-11
-3.74859e-11
3.91358e-11
-2.46948e-11
1.0849e-11
-6.80921e-12
8.67128e-12
-4.42871e-12
-1.3628e-11
3.85065e-11
-5.32429e-11
4.14175e-11
-3.88842e-12
-4.20614e-11
6.92696e-11
-6.24744e-11
2.45441e-11
2.1138e-11
-5.09115e-11
5.11372e-11
-2.9941e-11
3.86934e-12
1.04955e-11
-1.25257e-11
1.0187e-11
-1.51997e-11
2.65446e-11
-3.46086e-11
2.47198e-11
4.8587e-12
-4.25186e-11
6.47978e-11
-5.61346e-11
1.66818e-11
3.23904e-11
-6.52267e-11
6.40219e-11
-3.29245e-11
-8.90776e-12
3.77679e-11
-4.29296e-11
2.87539e-11
-1.06696e-11
1.35277e-13
1.42897e-12
-3.06995e-12
1.26299e-11
-2.91917e-11
4.05074e-11
-3.3159e-11
3.25994e-12
3.66946e-11
-6.45137e-11
6.15543e-11
-2.62977e-11
-2.37455e-11
6.16526e-11
-6.77006e-11
4.07437e-11
1.98197e-12
-3.66982e-11
4.77472e-11
-3.55746e-11
1.34168e-11
3.91121e-12
-1.01723e-11
1.00629e-11
-1.23884e-11
2.07918e-11
-2.91186e-11
2.6103e-11
-5.16898e-12
-2.7572e-11
5.47483e-11
-5.78281e-11
3.02027e-11
1.6717e-11
-5.85227e-11
7.20876e-11
-4.94415e-11
2.90724e-12
4.24173e-11
-6.34509e-11
5.22133e-11
-1.88269e-11
-1.6382e-11
3.60347e-11
-3.51272e-11
2.1263e-11
-6.76275e-12
-9.15953e-13
3.30026e-12
-7.30213e-12
1.71503e-11
-2.89591e-11
3.22751e-11
-1.83093e-11
-1.16835e-11
4.40189e-11
-5.95783e-11
4.56372e-11
-5.535e-12
-4.14806e-11
7.0155e-11
-6.40886e-11
2.5483e-11
2.54347e-11
-6.21207e-11
6.64202e-11
-3.85105e-11
-4.68967e-12
3.99706e-11
-5.1439e-11
3.78838e-11
-1.12911e-11
-1.25915e-11
2.37183e-11
-2.23668e-11
1.56432e-11
-1.05695e-11
8.18316e-12
-4.07701e-12
-6.54005e-12
2.24426e-11
-3.52072e-11
3.37458e-11
-1.29789e-11
-2.06818e-11
5.04444e-11
-5.83597e-11
3.62325e-11
7.54371e-12
-5.13437e-11
7.14167e-11
-5.57143e-11
1.10654e-11
3.96836e-11
-7.02981e-11
6.52217e-11
-2.81442e-11
-2.0824e-11
5.63462e-11
-6.1896e-11
3.75206e-11
1.44632e-12
-3.4355e-11
4.64327e-11
-3.58498e-11
1.21907e-11
1.05928e-11
-2.28193e-11
2.29522e-11
-1.61905e-11
8.73645e-12
-3.33721e-12
-1.81086e-12
9.47355e-12
-1.93402e-11
2.61373e-11
-2.28292e-11
6.01829e-12
1.93871e-11
-4.11321e-11
4.55601e-11
-2.64425e-11
-9.89215e-12
4.59224e-11
-6.1938e-11
4.69414e-11
-6.15603e-12
-4.07197e-11
6.91218e-11
-6.31562e-11
2.44673e-11
2.76864e-11
-6.65667e-11
7.18595e-11
-4.08261e-11
-1.04918e-11
5.55799e-11
-7.17691e-11
5.16993e-11
-6.91717e-12
-3.90946e-11
6.32983e-11
-5.51365e-11
2.08589e-11
2.06103e-11
-4.85209e-11
5.06588e-11
-2.8855e-11
-3.73301e-12
3.02999e-11
-3.94272e-11
2.9648e-11
-8.75277e-12
-1.19388e-11
2.35369e-11
-2.35122e-11
1.49836e-11
-3.71676e-12
-5.79296e-12
1.17147e-11
-1.44505e-11
1.4406e-11
-1.11146e-11
3.56122e-12
7.61119e-12
-1.8986e-11
2.47441e-11
-1.99738e-11
4.05554e-12
1.71742e-11
-3.35017e-11
3.51081e-11
-1.86985e-11
-9.71471e-12
3.64635e-11
-4.71122e-11
3.41356e-11
-2.14484e-12
-3.36696e-11
5.4581e-11
-4.84748e-11
1.66462e-11
2.56884e-11
-5.693e-11
6.00252e-11
-3.20677e-11
-1.37308e-11
5.40669e-11
-6.77418e-11
4.66766e-11
-8.66372e-13
-4.65787e-11
7.09647e-11
-5.91762e-11
1.65501e-11
3.52862e-11
-6.96777e-11
6.85071e-11
-3.20107e-11
-2.13718e-11
6.41357e-11
-7.41669e-11
4.60099e-11
5.93645e-12
-5.50351e-11
7.58857e-11
-5.7741e-11
9.82879e-12
4.31097e-11
-7.38683e-11
6.65448e-11
-2.50296e-11
-2.93128e-11
6.83931e-11
-7.22025e-11
3.87983e-11
1.44227e-11
-6.00684e-11
7.45699e-11
-5.0654e-11
6.90667e-13
4.93885e-11
-7.38686e-11
6.01186e-11
-1.54606e-11
-3.70732e-11
7.02434e-11
-6.70954e-11
2.92353e-11
2.35783e-11
-6.41401e-11
7.1378e-11
-4.17241e-11
-9.56511e-12
5.57806e-11
-7.31931e-11
5.5795e-11
-2.50178e-11
6.0006e-12
-5.45363e-13
8.26862e-14
2.59747e-14
3.96578e-15
0
