0
2.49863e-16
3.5715e-15
2.17235e-14
7.05357e-14
4.99763e-14
5.27302e-13
-5.1452e-12
2.03758e-11
-4.10901e-11
5.064e-11
-4.24679e-11
2.62248e-11
-1.712e-11
2.06497e-11
-3.07583e-11
3.97807e-11
-4.53264e-11
4.52923e-11
-3.40769e-11
8.95037e-12
2.11924e-11
-4.08409e-11
4.24748e-11
-3.3123e-11
2.45372e-11
-2.16572e-11
2.31396e-11
-2.89945e-11
4.03699e-11
-5.2086e-11
5.22964e-11
-3.42097e-11
5.28952e-12
1.94098e-11
-3.15995e-11
3.40313e-11
-3.19223e-11
2.67601e-11
-2.03903e-11
1.97712e-11
-3.06676e-11
4.80037e-11
-5.76931e-11
5.0575e-11
-3.06349e-11
8.45179e-12
1.00962e-11
-2.44262e-11
3.2711e-11
-3.11861e-11
2.20581e-11
-1.59345e-11
2.21716e-11
-3.80046e-11
5.15259e-11
-5.4197e-11
4.69513e-11
-3.39903e-11
1.64381e-11
4.58444e-12
-2.24246e-11
2.86979e-11
-2.34085e-11
1.6686e-11
-1.84297e-11
2.84471e-11
-3.95129e-11
4.66645e-11
-5.00096e-11
4.86766e-11
-3.87891e-11
1.93156e-11
2.22057e-12
-1.56966e-11
1.82757e-11
-1.6763e-11
1.81807e-11
-2.32626e-11
2.87003e-11
-3.43184e-11
4.1642e-11
-4.86966e-11
4.85047e-11
-3.74848e-11
2.00969e-11
-5.21543e-12
-3.79331e-12
9.72424e-12
-1.60101e-11
2.11251e-11
-2.32545e-11
2.43304e-11
-2.91075e-11
3.7284e-11
-4.32262e-11
4.14625e-11
-3.3612e-11
2.44758e-11
-1.62449e-11
6.2796e-12
6.0169e-12
-1.67779e-11
2.10931e-11
-2.03434e-11
2.00765e-11
-2.3749e-11
2.83998e-11
-3.04235e-11
3.01985e-11
-3.08312e-11
3.10347e-11
-2.55182e-11
1.16223e-11
5.04799e-12
-1.6185e-11
1.90251e-11
-1.79188e-11
1.68133e-11
-1.5223e-11
1.22065e-11
-1.16385e-11
1.82969e-11
-2.96212e-11
3.54839e-11
-2.85135e-11
1.22233e-11
3.71147e-12
-1.36454e-11
1.85146e-11
-1.89025e-11
1.2403e-11
4.13835e-13
-1.03667e-11
7.15502e-12
8.99672e-12
-2.56587e-11
3.13019e-11
-2.4866e-11
1.2844e-11
8.33952e-13
-1.47006e-11
2.39316e-11
-1.97642e-11
8.8975e-13
2.10002e-11
-2.97227e-11
2.07143e-11
-2.88251e-12
-1.21716e-11
2.0361e-11
-2.13523e-11
1.33313e-11
4.41098e-12
-2.32024e-11
2.8496e-11
-1.32287e-11
-1.33254e-11
3.4552e-11
-4.09711e-11
3.47138e-11
-2.14283e-11
4.83703e-12
1.0323e-11
-1.54522e-11
4.80715e-12
1.54269e-11
-2.94913e-11
2.54542e-11
-5.31438e-12
-1.95113e-11
3.88579e-11
-4.90024e-11
4.86651e-11
-3.7445e-11
1.86589e-11
-2.52557e-12
-8.09466e-13
-9.8735e-12
2.38855e-11
-2.88585e-11
1.99143e-11
-1.9838e-12
-1.83896e-11
3.66825e-11
-5.02311e-11
5.42819e-11
-4.65959e-11
3.1301e-11
-1.92817e-11
1.73895e-11
-2.30295e-11
2.63837e-11
-2.23477e-11
1.27815e-11
-2.14951e-12
-1.03198e-11
2.60328e-11
-4.19388e-11
4.98878e-11
-4.7325e-11
3.99764e-11
-3.58664e-11
3.4276e-11
-2.92392e-11
1.86454e-11
-9.22045e-12
6.26814e-12
-6.49159e-12
1.30841e-12
1.08874e-11
-2.3982e-11
3.25361e-11
-3.8716e-11
4.52866e-11
-4.82571e-11
3.99366e-11
-2.09818e-11
2.61003e-12
4.13982e-12
4.28269e-13
-7.50523e-12
1.04325e-11
-8.7953e-12
3.09735e-12
8.96603e-12
-2.70733e-11
4.29418e-11
-4.45625e-11
2.84308e-11
-3.89098e-12
-1.42537e-11
1.82653e-11
-1.00402e-11
-3.68847e-12
1.76626e-11
-2.68367e-11
2.58892e-11
-1.16144e-11
-1.0144e-11
2.61714e-11
-2.46004e-11
6.36003e-12
1.64344e-11
-3.02092e-11
3.06038e-11
-2.03947e-11
3.97999e-12
1.57104e-11
-3.23126e-11
3.71662e-11
-2.65283e-11
9.34936e-12
-2.36639e-13
6.26191e-12
-2.04548e-11
3.18327e-11
-3.59872e-11
3.52744e-11
-2.98084e-11
1.63272e-11
4.47792e-12
-2.34788e-11
3.15591e-11
-2.9833e-11
2.78355e-11
-3.13841e-11
3.64474e-11
-3.66282e-11
3.23985e-11
-2.9936e-11
3.13721e-11
-3.18232e-11
2.54877e-11
-1.32514e-11
-2.06163e-13
1.25247e-11
-2.60045e-11
4.06123e-11
-5.08333e-11
4.90366e-11
-3.5455e-11
1.90557e-11
-1.11318e-11
1.43306e-11
-2.29633e-11
2.87126e-11
-2.84596e-11
2.15012e-11
-7.24931e-12
-1.48471e-11
3.77849e-11
-4.90661e-11
3.96758e-11
-1.58791e-11
-6.24341e-12
1.37797e-11
-7.65888e-12
-4.47534e-12
1.6516e-11
-2.65048e-11
2.95147e-11
-1.98997e-11
-1.21608e-12
2.05153e-11
-2.38972e-11
9.03951e-12
1.21285e-11
-2.69569e-11
3.13428e-11
-2.87352e-11
2.12519e-11
-8.99914e-12
-5.76601e-12
1.61042e-11
-1.71067e-11
1.1619e-11
-8.52409e-12
1.32959e-11
-2.30157e-11
3.04253e-11
-3.26421e-11
3.34215e-11
-3.68915e-11
4.08505e-11
-3.84326e-11
2.64867e-11
-9.28638e-12
-6.58476e-12
1.95862e-11
-3.14046e-11
4.03526e-11
-4.0095e-11
2.91396e-11
-1.65731e-11
1.54792e-11
-2.8376e-11
4.46078e-11
-5.08389e-11
4.34263e-11
-2.67195e-11
5.66729e-12
1.7293e-11
-3.64172e-11
4.24863e-11
-3.03692e-11
7.86913e-12
9.14141e-12
-9.35242e-12
-4.57545e-12
2.10981e-11
-3.00746e-11
2.93436e-11
-2.13574e-11
8.91276e-12
5.62977e-12
-1.6885e-11
1.76447e-11
-5.05673e-12
-1.38961e-11
2.71491e-11
-2.84701e-11
2.28042e-11
-1.87575e-11
1.78757e-11
-1.43474e-11
4.74097e-12
6.05356e-12
-1.13317e-11
1.13172e-11
-1.22661e-11
1.69432e-11
-2.18406e-11
2.38602e-11
-2.71356e-11
3.73971e-11
-5.25112e-11
6.06911e-11
-5.2001e-11
2.77713e-11
1.43353e-14
-1.99427e-11
2.78032e-11
-2.6435e-11
1.95337e-11
-1.08333e-11
5.12268e-12
-9.35215e-12
2.5852e-11
-4.74048e-11
5.88777e-11
-5.04612e-11
2.61819e-11
-1.01376e-12
-1.38412e-11
1.75369e-11
-1.53765e-11
9.18028e-12
1.17252e-12
-1.22448e-11
1.58688e-11
-8.97192e-12
-1.90422e-12
6.4375e-12
-2.7502e-12
-2.0949e-12
1.02458e-12
4.08464e-12
-6.45607e-12
3.10819e-12
6.60048e-13
2.3463e-12
-1.41085e-11
2.95959e-11
-4.27606e-11
5.07823e-11
-5.32599e-11
4.77937e-11
-3.12812e-11
6.23442e-12
1.57187e-11
-2.19964e-11
1.14802e-11
2.84756e-12
-6.06226e-12
-5.58678e-12
2.45144e-11
-4.20742e-11
5.46443e-11
-6.00718e-11
5.4026e-11
-3.44076e-11
8.17378e-12
1.11815e-11
-1.47713e-11
6.20228e-12
3.12694e-12
-5.22563e-12
1.66339e-12
1.15717e-12
-2.83904e-13
-9.36163e-13
-1.52375e-12
6.49665e-12
-8.63581e-12
5.55334e-12
-7.59909e-13
-1.41548e-12
2.03211e-12
-4.63203e-12
7.07726e-12
-4.95785e-13
-2.01445e-11
4.68498e-11
-6.3494e-11
6.04949e-11
-4.24453e-11
2.15256e-11
-6.41614e-12
-1.13594e-12
2.06584e-12
2.78506e-12
-1.0438e-11
1.34276e-11
-3.87217e-12
-1.88423e-11
4.45082e-11
-5.8985e-11
5.56314e-11
-4.07514e-11
2.6053e-11
-1.72905e-11
1.09868e-11
-3.00342e-12
-4.44969e-12
5.69627e-12
-5.41335e-13
-5.23468e-12
7.22151e-12
-7.82111e-12
1.05877e-11
-1.34177e-11
9.76445e-12
1.51698e-12
-1.22885e-11
1.15793e-11
2.5987e-12
-2.04843e-11
2.79464e-11
-1.83926e-11
-3.76346e-12
2.82574e-11
-4.77547e-11
5.92464e-11
-6.09217e-11
5.04317e-11
-3.0458e-11
1.13784e-11
-5.00027e-12
1.23522e-11
-2.21503e-11
2.18128e-11
-1.01703e-11
-4.09862e-12
1.32858e-11
-1.8263e-11
2.38092e-11
-3.10735e-11
3.55266e-11
-3.29079e-11
2.37296e-11
-1.25001e-11
2.32897e-12
6.72856e-12
-1.44225e-11
1.5851e-11
-4.75446e-12
-1.79076e-11
3.97392e-11
-4.6106e-11
3.37329e-11
-1.42058e-11
2.23202e-12
-3.07819e-12
1.15446e-11
-2.08338e-11
2.76941e-11
-3.01311e-11
2.41069e-11
-6.79646e-12
-1.80461e-11
4.00305e-11
-4.99202e-11
4.72468e-11
-4.02006e-11
3.66899e-11
-3.62062e-11
3.1251e-11
-1.78202e-11
2.06332e-12
5.14906e-12
-1.31392e-13
-1.01887e-11
1.63456e-11
-1.53891e-11
9.94572e-12
-2.06769e-12
-8.24056e-12
1.79731e-11
-1.94319e-11
6.46137e-12
1.70099e-11
-3.71384e-11
3.99863e-11
-2.2997e-11
-3.35938e-12
2.48216e-11
-3.51948e-11
3.83969e-11
-4.05172e-11
4.17948e-11
-3.88706e-11
3.18953e-11
-2.60664e-11
2.45601e-11
-2.42467e-11
2.01542e-11
-1.31599e-11
8.93626e-12
-9.92919e-12
1.01775e-11
-1.11939e-12
-1.84887e-11
3.84465e-11
-4.48253e-11
3.17152e-11
-6.88296e-12
-1.52659e-11
2.51078e-11
-2.29795e-11
1.34566e-11
6.92398e-13
-1.77747e-11
3.22416e-11
-3.685e-11
3.03324e-11
-2.10712e-11
1.9131e-11
-2.62171e-11
3.42058e-11
-3.4719e-11
2.76793e-11
-2.09313e-11
2.07521e-11
-2.45241e-11
2.24215e-11
-7.87934e-12
-1.53156e-11
3.60385e-11
-4.61629e-11
4.50858e-11
-3.58703e-11
1.99792e-11
1.86759e-13
-1.70505e-11
2.03275e-11
-7.02851e-12
-1.38213e-11
2.76576e-11
-2.71224e-11
1.73337e-11
-1.00389e-11
1.19805e-11
-1.98331e-11
2.52141e-11
-2.48299e-11
2.32757e-11
-2.63854e-11
3.29412e-11
-3.61589e-11
3.14254e-11
-2.04099e-11
6.2298e-12
1.09377e-11
-3.13799e-11
4.96187e-11
-5.55249e-11
4.29309e-11
-1.76646e-11
-5.11399e-12
1.20583e-11
-2.41328e-12
-1.25816e-11
2.04491e-11
-1.85947e-11
1.36912e-11
-1.21909e-11
1.33042e-11
-1.30397e-11
1.12561e-11
-1.2207e-11
1.79281e-11
-2.53158e-11
3.00549e-11
-3.21763e-11
3.46805e-11
-3.77213e-11
3.50866e-11
-1.92409e-11
-9.80506e-12
4.01329e-11
-5.55523e-11
4.89188e-11
-2.87378e-11
1.06218e-11
-3.60081e-12
4.99078e-12
-8.0152e-12
9.93512e-12
-1.23718e-11
1.56444e-11
-1.71461e-11
1.46908e-11
-1.03707e-11
8.71768e-12
-1.18862e-11
1.65516e-11
-1.78724e-11
1.615e-11
-1.86716e-11
3.12945e-11
-4.90752e-11
5.72575e-11
-4.4755e-11
1.50789e-11
1.62878e-11
-3.54679e-11
3.93113e-11
-3.38399e-11
2.58812e-11
-1.82769e-11
1.08398e-11
-4.62851e-12
2.44534e-12
-5.50119e-12
1.01716e-11
-1.15051e-11
9.36747e-12
-9.50621e-12
1.56131e-11
-2.30793e-11
2.28969e-11
-1.30699e-11
2.84999e-12
-5.01988e-12
2.31269e-11
-4.74049e-11
6.20754e-11
-5.80825e-11
3.88841e-11
-1.56875e-11
-3.13821e-12
1.63632e-11
-2.5745e-11
3.0062e-11
-2.68323e-11
1.74824e-11
-8.04518e-12
2.74581e-12
-6.72612e-14
-4.08487e-12
9.31232e-12
-9.64011e-12
-4.82278e-13
1.81931e-11
-3.21383e-11
3.13598e-11
-1.66652e-11
1.44002e-12
-2.36584e-13
1.53044e-11
-3.60533e-11
4.99266e-11
-5.27492e-11
4.79196e-11
-3.96674e-11
2.86348e-11
-1.42721e-11
-1.66276e-12
1.45007e-11
-2.06371e-11
2.05217e-11
-1.74433e-11
1.2101e-11
-1.3351e-12
-1.62801e-11
3.35599e-11
-3.80692e-11
2.35865e-11
1.91185e-12
-2.22911e-11
2.6677e-11
-1.80324e-11
8.59581e-12
-8.51915e-12
1.74887e-11
-2.74304e-11
3.17464e-11
-3.18149e-11
3.29967e-11
-3.68781e-11
3.9029e-11
-3.51234e-11
2.55886e-11
-1.40195e-11
2.2623e-12
9.57409e-12
-1.94765e-11
2.12613e-11
-8.99787e-12
-1.61239e-11
4.26481e-11
-5.56389e-11
4.83627e-11
-2.8665e-11
1.12482e-11
-3.98621e-12
1.96524e-12
4.15248e-12
-1.68418e-11
2.89039e-11
-3.16247e-11
2.34317e-11
-1.16194e-11
5.4169e-12
-8.43109e-12
1.66121e-11
-2.38567e-11
2.72147e-11
-2.67219e-11
2.13528e-11
-9.80202e-12
-4.90267e-12
1.37347e-11
-8.54421e-12
-1.00516e-11
3.17321e-11
-4.50614e-11
4.66281e-11
-4.30217e-11
4.25111e-11
-4.53102e-11
4.20656e-11
-2.44252e-11
-4.11509e-12
2.8746e-11
-3.61979e-11
2.53254e-11
-6.40488e-12
-8.93185e-12
1.55486e-11
-1.56104e-11
1.30759e-11
-9.46379e-12
4.03229e-12
2.26672e-12
-6.26464e-12
6.25186e-12
-5.49052e-12
8.59809e-12
-1.55008e-11
2.05876e-11
-1.99743e-11
1.71479e-11
-2.05818e-11
3.43004e-11
-5.1793e-11
5.91078e-11
-4.68168e-11
1.9378e-11
7.07954e-12
-1.85268e-11
1.38734e-11
-3.08902e-12
-4.90576e-12
9.91107e-12
-1.77328e-11
3.12667e-11
-4.62381e-11
5.4082e-11
-4.94508e-11
3.41931e-11
-1.51461e-11
-2.12066e-12
1.52653e-11
-2.26983e-11
2.16063e-11
-1.17548e-11
-1.03417e-12
7.35088e-12
-2.56394e-12
-8.64819e-12
1.59404e-11
-1.303e-11
3.51603e-12
2.1892e-12
2.24625e-12
-1.20257e-11
1.5612e-11
-7.85383e-12
-3.49306e-12
4.48946e-12
1.13157e-11
-3.70011e-11
5.78972e-11
-6.34819e-11
5.40223e-11
-3.80437e-11
2.32507e-11
-1.13015e-11
1.35321e-13
9.68845e-12
-1.41903e-11
1.03445e-11
1.45097e-13
-1.33036e-11
2.64959e-11
-3.90598e-11
4.90418e-11
-5.1752e-11
4.21007e-11
-2.07342e-11
-3.13126e-12
1.65467e-11
-1.39825e-11
2.64168e-12
3.99031e-12
6.57006e-13
-1.0871e-11
1.52892e-11
-9.06579e-12
-1.47862e-12
4.88058e-12
3.64715e-12
-1.69344e-11
2.19968e-11
-1.29886e-11
-3.32817e-12
1.40577e-11
-1.17444e-11
-1.54877e-12
1.83691e-11
-3.2866e-11
4.31981e-11
-4.97755e-11
5.17105e-11
-4.69915e-11
3.53764e-11
-2.06583e-11
7.54183e-12
2.36416e-12
-1.04839e-11
1.59749e-11
-1.3664e-11
-1.52384e-12
2.70758e-11
-5.17812e-11
6.23862e-11
-5.40987e-11
3.47759e-11
-1.8647e-11
1.32586e-11
-1.36105e-11
9.01646e-12
3.94885e-12
-1.73285e-11
1.9388e-11
-6.68384e-12
-1.20439e-11
2.2704e-11
-1.81866e-11
3.91726e-12
7.63473e-12
-8.80263e-12
2.00802e-12
4.81826e-12
-6.8568e-12
4.81594e-12
-1.72197e-12
-1.50167e-12
6.3218e-12
-1.43267e-11
2.42564e-11
-3.28464e-11
3.78556e-11
-3.98562e-11
3.9026e-11
-3.26623e-11
1.75666e-11
3.67409e-12
-2.14102e-11
2.47602e-11
-1.07425e-11
-1.27655e-11
3.26218e-11
-4.13211e-11
4.23327e-11
-4.49797e-11
5.25251e-11
-5.73166e-11
4.81196e-11
-2.29896e-11
-6.78344e-12
2.45737e-11
-2.17498e-11
3.91571e-12
1.43596e-11
-2.26906e-11
2.24391e-11
-2.2494e-11
2.79304e-11
-3.49941e-11
3.56015e-11
-2.61546e-11
1.08659e-11
1.69997e-12
-5.97508e-12
2.93274e-12
2.00538e-12
-4.7279e-12
4.54867e-12
-2.3011e-12
-2.28974e-12
8.95652e-12
-1.48575e-11
1.54815e-11
-9.14229e-12
-8.72695e-13
8.09222e-12
-8.47801e-12
4.07447e-12
-1.1737e-12
2.48146e-12
-2.70123e-12
-6.93576e-12
2.81467e-11
-5.14025e-11
6.20917e-11
-5.26911e-11
2.91727e-11
-6.60057e-12
-3.7348e-12
2.93266e-12
-1.256e-12
5.43387e-12
-1.08745e-11
6.06962e-12
1.47198e-11
-4.43592e-11
6.70111e-11
-7.05804e-11
5.56231e-11
-3.40122e-11
1.77534e-11
-9.85503e-12
4.97635e-12
1.62153e-12
-8.38505e-12
9.16359e-12
3.71598e-14
-1.69305e-11
3.38221e-11
-4.35942e-11
4.42015e-11
-3.8403e-11
2.93701e-11
-1.90039e-11
9.05029e-12
-2.44355e-12
1.18901e-12
-4.24623e-12
7.48642e-12
-7.35717e-12
4.11018e-12
-2.12315e-12
5.07344e-12
-1.12308e-11
1.37378e-11
-7.98447e-12
-2.44389e-12
7.6679e-12
-1.09426e-12
-1.37171e-11
2.46934e-11
-2.14056e-11
4.2931e-12
1.48649e-11
-2.38472e-11
2.10276e-11
-1.59612e-11
1.82056e-11
-2.72047e-11
3.21355e-11
-2.25291e-11
-9.08068e-13
2.45034e-11
-3.25804e-11
2.04482e-11
2.22153e-12
-2.13537e-11
3.02922e-11
-3.34097e-11
3.86186e-11
-4.79056e-11
5.40561e-11
-4.76317e-11
2.65838e-11
6.37073e-14
-1.91554e-11
2.30727e-11
-1.39853e-11
-7.72507e-13
1.51796e-11
-2.78833e-11
3.98925e-11
-5.08792e-11
5.72066e-11
-5.49719e-11
4.37624e-11
-2.74563e-11
1.07544e-11
2.85891e-12
-1.10574e-11
1.16621e-11
-3.77047e-12
-1.10089e-11
2.7555e-11
-3.93295e-11
4.24381e-11
-3.91037e-11
3.48891e-11
-3.27939e-11
2.99758e-11
-2.17327e-11
7.56289e-12
5.91583e-12
-9.59117e-12
-1.41192e-13
1.64367e-11
-2.70965e-11
2.50177e-11
-1.48121e-11
7.82925e-12
-1.1327e-11
2.13071e-11
-2.6709e-11
2.00867e-11
-5.72866e-12
-3.88492e-12
-2.43616e-13
1.40301e-11
-2.37575e-11
1.86519e-11
-1.206e-12
-1.5333e-11
1.851e-11
-7.70378e-12
-6.09272e-12
1.08178e-11
-5.21753e-12
-9.31089e-13
-2.58915e-12
1.53357e-11
-2.63151e-11
2.35034e-11
-4.99661e-12
-1.88882e-11
3.38702e-11
-3.39229e-11
2.46658e-11
-1.62368e-11
1.30172e-11
-1.11104e-11
3.66985e-12
1.06359e-11
-2.47941e-11
2.83575e-11
-1.67989e-11
-4.80976e-12
2.6089e-11
-3.95166e-11
4.39511e-11
-4.28076e-11
3.89247e-11
-3.20525e-11
2.01503e-11
-3.7521e-12
-1.25429e-11
2.23362e-11
-2.19064e-11
1.16527e-11
4.93466e-12
-2.37541e-11
4.08739e-11
-5.2941e-11
5.70353e-11
-5.19275e-11
3.90263e-11
-2.26386e-11
7.34359e-12
4.357e-12
-1.22966e-11
1.57654e-11
-1.2394e-11
-2.61693e-13
2.09558e-11
-4.34325e-11
5.85378e-11
-6.03605e-11
5.05076e-11
-3.6662e-11
2.53161e-11
-1.70797e-11
8.07395e-12
3.72379e-12
-1.4375e-11
1.53489e-11
-1.34053e-12
-2.32644e-11
4.57839e-11
-5.52621e-11
5.05448e-11
-3.99817e-11
3.28215e-11
-3.10811e-11
2.80947e-11
-1.66703e-11
-1.67127e-12
1.55658e-11
-1.37682e-11
-4.56873e-12
2.81603e-11
-4.27418e-11
4.22908e-11
-3.3588e-11
2.85184e-11
-3.20926e-11
3.73722e-11
-3.33506e-11
1.65912e-11
3.80154e-12
-1.34451e-11
4.96823e-12
1.47331e-11
-3.05723e-11
3.25156e-11
-2.41934e-11
1.78441e-11
-2.20314e-11
3.30061e-11
-3.85276e-11
2.96479e-11
-1.04072e-11
-5.14879e-12
5.30785e-12
8.44551e-12
-2.33336e-11
2.69181e-11
-1.84138e-11
8.43196e-12
-8.58912e-12
1.98475e-11
-3.16717e-11
3.19437e-11
-1.90302e-11
3.38257e-12
1.84909e-12
6.86486e-12
-2.06384e-11
2.63274e-11
-1.89317e-11
5.79004e-12
3.89881e-13
6.01904e-12
-1.85879e-11
2.50407e-11
-1.92974e-11
6.88142e-12
1.19936e-13
5.32312e-12
-1.86475e-11
2.75514e-11
-2.37585e-11
1.03974e-11
1.05948e-12
-1.81556e-12
-6.79101e-12
1.48935e-11
-1.3968e-11
4.93486e-12
2.39947e-12
7.38919e-13
-1.358e-11
2.60906e-11
-2.82517e-11
1.85244e-11
-5.17419e-12
-1.57075e-12
-1.41304e-12
7.57642e-12
-8.17787e-12
1.08971e-12
6.88838e-12
-6.78622e-12
-4.2546e-12
1.9475e-11
-2.81377e-11
2.4692e-11
-1.36648e-11
4.49595e-12
-2.84178e-12
5.91594e-12
-6.39424e-12
-1.57483e-13
9.97944e-12
-1.41746e-11
6.93474e-12
8.23597e-12
-2.16163e-11
2.53209e-11
-1.95808e-11
1.13317e-11
-7.72393e-12
9.18016e-12
-9.66987e-12
3.39029e-12
8.19715e-12
-1.72583e-11
1.61714e-11
-4.442e-12
-1.07605e-11
2.00457e-11
-1.98851e-11
1.47318e-11
-1.18453e-11
1.34996e-11
-1.54139e-11
1.12443e-11
4.66258e-13
-1.39076e-11
1.9839e-11
-1.39076e-11
4.66156e-13
1.12447e-11
-1.54144e-11
1.35003e-11
-1.18461e-11
1.47324e-11
-1.98853e-11
2.00458e-11
-1.07606e-11
-4.44195e-12
1.61713e-11
-1.72584e-11
8.19746e-12
3.38972e-12
-9.6692e-12
9.1796e-12
-7.7236e-12
1.13316e-11
-1.95808e-11
2.53208e-11
-2.16162e-11
8.2359e-12
6.93462e-12
-1.41743e-11
9.97902e-12
-1.57109e-13
-6.39447e-12
5.91604e-12
-2.84184e-12
4.49605e-12
-1.36649e-11
2.4692e-11
-2.81376e-11
1.94748e-11
-4.25438e-12
-6.78635e-12
6.88841e-12
1.08969e-12
-8.1778e-12
7.57633e-12
-1.41301e-12
-1.57063e-12
-5.17442e-12
1.85246e-11
-2.82518e-11
2.60906e-11
-1.35799e-11
7.38844e-13
2.39947e-12
4.93487e-12
-1.39679e-11
1.48933e-11
-6.79078e-12
-1.81577e-12
1.05957e-12
1.03974e-11
-2.37586e-11
2.75515e-11
-1.86476e-11
5.32327e-12
1.19769e-13
6.88157e-12
-1.92975e-11
2.50407e-11
-1.85878e-11
6.01897e-12
3.89942e-13
5.78995e-12
-1.89316e-11
2.63271e-11
-2.06381e-11
6.86468e-12
1.84907e-12
3.38279e-12
-1.90305e-11
3.1944e-11
-3.16718e-11
1.98476e-11
-8.5892e-12
8.43214e-12
-1.8414e-11
2.69183e-11
-2.33336e-11
8.44524e-12
5.30827e-12
-5.1492e-12
-1.0407e-11
2.96478e-11
-3.85277e-11
3.30061e-11
-2.20313e-11
1.7844e-11
-2.41933e-11
3.25157e-11
-3.05725e-11
1.47335e-11
4.96799e-12
-1.34452e-11
3.8018e-12
1.65909e-11
-3.33504e-11
3.73721e-11
-3.20927e-11
2.85185e-11
-3.35881e-11
4.22908e-11
-4.27418e-11
2.81605e-11
-4.56913e-12
-1.37677e-11
1.55653e-11
-1.67109e-12
-1.66702e-11
2.80943e-11
-3.10806e-11
3.28211e-11
-3.99813e-11
5.05444e-11
-5.52616e-11
4.57833e-11
-2.3264e-11
-1.34076e-12
1.53488e-11
-1.43746e-11
3.72321e-12
8.07456e-12
-1.70802e-11
2.53165e-11
-3.66625e-11
5.0508e-11
-6.03609e-11
5.8538e-11
-4.34324e-11
2.09554e-11
-2.61153e-13
-1.23945e-11
1.57659e-11
-1.22969e-11
4.35729e-12
7.34334e-12
-2.26384e-11
3.90262e-11
-5.19277e-11
5.70356e-11
-5.29414e-11
4.08744e-11
-2.37545e-11
4.93491e-12
1.16526e-11
-2.19063e-11
2.23361e-11
-1.25429e-11
-3.75199e-12
2.015e-11
-3.20521e-11
3.89243e-11
-4.28072e-11
4.39508e-11
-3.95164e-11
2.60889e-11
-4.80956e-12
-1.67991e-11
2.83576e-11
-2.47941e-11
1.06357e-11
3.67031e-12
-1.11109e-11
1.30177e-11
-1.62372e-11
2.46662e-11
-3.39234e-11
3.38707e-11
-1.88886e-11
-4.99639e-12
2.35034e-11
-2.63154e-11
1.5336e-11
-2.58952e-12
-9.30707e-13
-5.21792e-12
1.08182e-11
-6.09313e-12
-7.70342e-12
1.85097e-11
-1.53328e-11
-1.2061e-12
1.86519e-11
-2.37574e-11
1.40299e-11
-2.43428e-13
-3.88505e-12
-5.72858e-12
2.00866e-11
-2.67088e-11
2.13069e-11
-1.13268e-11
7.8292e-12
-1.48122e-11
2.50178e-11
-2.70965e-11
1.64365e-11
-1.4095e-13
-9.59133e-12
5.91579e-12
7.56308e-12
-2.17328e-11
2.99757e-11
-3.27935e-11
3.48887e-11
-3.91034e-11
4.24381e-11
-3.93297e-11
2.75551e-11
-1.10088e-11
-3.77075e-12
1.16623e-11
-1.10574e-11
2.85848e-12
1.07551e-11
-2.74569e-11
4.37629e-11
-5.49722e-11
5.72068e-11
-5.08794e-11
3.98928e-11
-2.78836e-11
1.51797e-11
-7.72394e-13
-1.39856e-11
2.30731e-11
-1.91558e-11
6.41279e-14
2.65835e-11
-4.76314e-11
5.40559e-11
-4.79055e-11
3.86186e-11
-3.34096e-11
3.02921e-11
-2.13537e-11
2.22157e-12
2.04481e-11
-3.25804e-11
2.45035e-11
-9.08149e-13
-2.2529e-11
3.21354e-11
-2.72047e-11
1.82056e-11
-1.59612e-11
2.10277e-11
-2.38474e-11
1.48652e-11
4.29272e-12
-2.14053e-11
2.46931e-11
-1.37169e-11
-1.09447e-12
7.66813e-12
-2.44412e-12
-7.98433e-12
1.37378e-11
-1.1231e-11
5.07373e-12
-2.12346e-12
4.11045e-12
-7.3574e-12
7.48664e-12
-4.24645e-12
1.18923e-12
-2.44373e-12
9.05043e-12
-1.9004e-11
2.93702e-11
-3.84029e-11
4.42014e-11
-4.35942e-11
3.38221e-11
-1.69305e-11
3.71917e-14
9.16356e-12
-8.38504e-12
1.62154e-12
4.97639e-12
-9.85513e-12
1.77535e-11
-3.40122e-11
5.5623e-11
-7.05802e-11
6.70109e-11
-4.43589e-11
1.47196e-11
6.06995e-12
-1.0875e-11
5.43441e-12
-1.25648e-12
2.933e-12
-3.735e-12
-6.60046e-12
2.91727e-11
-5.26912e-11
6.2092e-11
-5.1403e-11
2.81474e-11
-6.93643e-12
-2.70062e-12
2.48083e-12
-1.17294e-12
4.0736e-12
-8.47722e-12
8.09171e-12
-8.72532e-13
-9.14219e-12
1.54813e-11
-1.48573e-11
8.95629e-12
-2.28934e-12
-2.30174e-12
4.54947e-12
-4.72869e-12
2.00608e-12
2.93212e-12
-5.97446e-12
1.69937e-12
1.08664e-11
-2.61549e-11
3.56015e-11
-3.4994e-11
2.79304e-11
-2.24941e-11
2.24392e-11
-2.26905e-11
1.43592e-11
3.91636e-12
-2.17505e-11
2.45741e-11
-6.78366e-12
-2.29895e-11
4.81195e-11
-5.73163e-11
5.25247e-11
-4.49792e-11
4.23323e-11
-4.1321e-11
3.26219e-11
-1.27657e-11
-1.07424e-11
2.47604e-11
-2.14105e-11
3.67442e-12
1.75664e-11
-3.26622e-11
3.90261e-11
-3.98564e-11
3.78559e-11
-3.28467e-11
2.42566e-11
-1.43268e-11
6.32193e-12
-1.50192e-12
-1.72155e-12
4.8154e-12
-6.85629e-12
4.81797e-12
2.00804e-12
-8.80247e-12
7.63459e-12
3.91721e-12
-1.81864e-11
2.27036e-11
-1.20437e-11
-6.68383e-12
1.93878e-11
-1.73282e-11
3.94865e-12
9.0166e-12
-1.36106e-11
1.32588e-11
-1.86472e-11
3.47761e-11
-5.40989e-11
6.23864e-11
-5.17813e-11
2.70759e-11
-1.52382e-12
-1.36641e-11
1.59751e-11
-1.04841e-11
2.36422e-12
7.54197e-12
-2.06586e-11
3.53768e-11
-4.6992e-11
5.17107e-11
-4.97755e-11
4.31979e-11
-3.28658e-11
1.8369e-11
-1.54871e-12
-1.17445e-11
1.4058e-11
-3.32872e-12
-1.2988e-11
2.19963e-11
-1.69342e-11
3.64737e-12
4.88006e-12
-1.47802e-12
-9.06626e-12
1.52894e-11
-1.0871e-11
6.56934e-13
3.99032e-12
2.64177e-12
-1.39826e-11
1.65467e-11
-3.13097e-12
-2.07346e-11
4.21011e-11
-5.17522e-11
4.90417e-11
-3.90596e-11
2.64957e-11
-1.33035e-11
1.44994e-13
1.03446e-11
-1.41904e-11
9.68837e-12
1.35527e-13
-1.13018e-11
2.32509e-11
-3.80437e-11
5.40221e-11
-6.34817e-11
5.78972e-11
-3.70011e-11
1.13157e-11
4.48942e-12
-3.49298e-12
-7.854e-12
1.56122e-11
-1.2026e-11
2.24647e-12
2.18906e-12
3.51614e-12
-1.30301e-11
1.59405e-11
-8.64801e-12
-2.56439e-12
7.35151e-12
-1.0348e-12
-1.17544e-11
2.16061e-11
-2.26982e-11
1.52653e-11
-2.12053e-12
-1.51462e-11
3.41931e-11
-4.94507e-11
5.40819e-11
-4.6238e-11
3.12667e-11
-1.77328e-11
9.91105e-12
-4.90565e-12
-3.08919e-12
1.38737e-11
-1.85271e-11
7.07989e-12
1.93777e-11
-4.68166e-11
5.91077e-11
-5.1793e-11
3.43004e-11
-2.05817e-11
1.71478e-11
-1.99744e-11
2.05879e-11
-1.55011e-11
8.59824e-12
-5.4904e-12
6.25152e-12
-6.26422e-12
2.26637e-12
4.0325e-12
-9.46384e-12
1.30759e-11
-1.56102e-11
1.55484e-11
-8.93154e-12
-6.40519e-12
2.53257e-11
-3.61982e-11
2.87464e-11
-4.1155e-12
-2.44249e-11
4.20656e-11
-4.53105e-11
4.25115e-11
-4.3022e-11
4.66283e-11
-4.50615e-11
3.17322e-11
-1.00517e-11
-8.54421e-12
1.37349e-11
-4.90293e-12
-9.80179e-12
2.13527e-11
-2.6722e-11
2.72147e-11
-2.38567e-11
1.6612e-11
-8.43117e-12
5.41717e-12
-1.16198e-11
2.34321e-11
-3.16251e-11
2.89043e-11
-1.68422e-11
4.15272e-12
1.96518e-12
-3.98634e-12
1.12484e-11
-2.86651e-11
4.83627e-11
-5.56389e-11
4.26482e-11
-1.61242e-11
-8.99742e-12
2.1261e-11
-1.94765e-11
9.57428e-12
2.26215e-12
-1.40195e-11
2.55889e-11
-3.51237e-11
3.90293e-11
-3.68782e-11
3.29967e-11
-3.18149e-11
3.17464e-11
-2.74305e-11
1.74888e-11
-8.5192e-12
8.5958e-12
-1.80323e-11
2.66768e-11
-2.22909e-11
1.91169e-12
2.35865e-11
-3.80691e-11
3.35596e-11
-1.62797e-11
-1.33535e-12
1.2101e-11
-1.74429e-11
2.05212e-11
-2.06368e-11
1.45007e-11
-1.66298e-12
-1.42719e-11
2.86348e-11
-3.96675e-11
4.79197e-11
-5.27492e-11
4.99264e-11
-3.60531e-11
1.53044e-11
-2.36647e-13
1.44018e-12
-1.66655e-11
3.13603e-11
-3.21389e-11
1.81939e-11
-4.82864e-13
-9.63989e-12
9.31252e-12
-4.08527e-12
-6.68904e-14
2.7456e-12
-8.04503e-12
1.74821e-11
-2.68319e-11
3.00615e-11
-2.57446e-11
1.6363e-11
-3.13822e-12
-1.56873e-11
3.8884e-11
-5.80823e-11
6.20751e-11
-4.74047e-11
2.31269e-11
-5.02009e-12
2.85031e-12
-1.30702e-11
2.28971e-11
-2.30795e-11
1.56134e-11
-9.50647e-12
9.36764e-12
-1.15051e-11
1.01714e-11
-5.50093e-12
2.44508e-12
-4.62824e-12
1.08395e-11
-1.82766e-11
2.58811e-11
-3.384e-11
3.93116e-11
-3.54681e-11
1.62878e-11
1.5079e-11
-4.47551e-11
5.72575e-11
-4.90752e-11
3.12947e-11
-1.86722e-11
1.61507e-11
-1.78729e-11
1.65518e-11
-1.18863e-11
8.71786e-12
-1.03711e-11
1.46912e-11
-1.71463e-11
1.56442e-11
-1.23716e-11
9.93505e-12
-8.01535e-12
4.99094e-12
-3.60074e-12
1.06214e-11
-2.87374e-11
4.89185e-11
-5.55522e-11
4.01327e-11
-9.80471e-12
-1.92414e-11
3.5087e-11
-3.77214e-11
3.46805e-11
-3.21763e-11
3.00552e-11
-2.53162e-11
1.79285e-11
-1.22072e-11
1.1256e-11
-1.30396e-11
1.33042e-11
-1.21908e-11
1.36911e-11
-1.85944e-11
2.04487e-11
-1.25813e-11
-2.41339e-12
1.20584e-11
-5.11412e-12
-1.76644e-11
4.29308e-11
-5.55249e-11
4.96189e-11
-3.138e-11
1.09379e-11
6.22964e-12
-2.04098e-11
3.14254e-11
-3.61589e-11
3.29413e-11
-2.63854e-11
2.32756e-11
-2.48296e-11
2.52137e-11
-1.98326e-11
1.19801e-11
-1.00385e-11
1.73333e-11
-2.7122e-11
2.76573e-11
-1.38211e-11
-7.02864e-12
2.03276e-11
-1.70504e-11
1.86488e-13
1.99797e-11
-3.58709e-11
4.50862e-11
-4.61632e-11
3.60387e-11
-1.53158e-11
-7.87915e-12
2.24214e-11
-2.45241e-11
2.07521e-11
-2.09313e-11
2.76792e-11
-3.47188e-11
3.42055e-11
-2.62168e-11
1.91307e-11
-2.10708e-11
3.03319e-11
-3.68496e-11
3.22414e-11
-1.77748e-11
6.92575e-13
1.34563e-11
-2.29793e-11
2.51075e-11
-1.52655e-11
-6.88348e-12
3.17155e-11
-4.48254e-11
3.84462e-11
-1.84882e-11
-1.11994e-12
1.01779e-11
-9.92955e-12
8.93653e-12
-1.31602e-11
2.01543e-11
-2.42467e-11
2.45598e-11
-2.60661e-11
3.18952e-11
-3.88706e-11
4.17947e-11
-4.05171e-11
3.83969e-11
-3.51952e-11
2.48221e-11
-3.35992e-12
-2.29967e-11
3.99864e-11
-3.71387e-11
1.70103e-11
6.46104e-12
-1.94316e-11
1.79729e-11
-8.24024e-12
-2.06799e-12
9.94598e-12
-1.53893e-11
1.63458e-11
-1.01888e-11
-1.31263e-13
5.14911e-12
2.06324e-12
-1.782e-11
3.12509e-11
-3.6206e-11
3.669e-11
-4.02006e-11
4.7247e-11
-4.99203e-11
4.00307e-11
-1.80462e-11
-6.79628e-12
2.4107e-11
-3.01313e-11
2.76945e-11
-2.0834e-11
1.15447e-11
-3.07786e-12
2.23168e-12
-1.42053e-11
3.37327e-11
-4.61058e-11
3.97393e-11
-1.79074e-11
-4.75459e-12
1.58514e-11
-1.4423e-11
6.72929e-12
2.3284e-12
-1.24996e-11
2.37296e-11
-3.2908e-11
3.55268e-11
-3.10734e-11
2.38089e-11
-1.82626e-11
1.32855e-11
-4.09843e-12
-1.01702e-11
2.18126e-11
-2.215e-11
1.2352e-11
-5.0002e-12
1.13784e-11
-3.04581e-11
5.04317e-11
-6.09216e-11
5.92461e-11
-4.77544e-11
2.82569e-11
-3.76304e-12
-1.8393e-11
2.79465e-11
-2.04845e-11
2.59869e-12
1.15791e-11
-1.22885e-11
1.51688e-12
9.76425e-12
-1.34177e-11
1.05877e-11
-7.82147e-12
7.22166e-12
-5.23497e-12
-5.41437e-13
5.69613e-12
-4.44975e-12
-3.00364e-12
1.09866e-11
-1.72906e-11
2.60528e-11
-4.07516e-11
5.56313e-11
-5.89851e-11
4.45079e-11
-1.88422e-11
-3.87237e-12
1.34274e-11
-1.0438e-11
2.78477e-12
2.06591e-12
-1.13624e-12
-6.416e-12
2.15253e-11
-4.24452e-11
6.04948e-11
-6.34941e-11
4.68499e-11
-2.01445e-11
-4.95826e-13
7.07727e-12
-4.63209e-12
2.03231e-12
-1.41589e-12
-7.59257e-13
5.55277e-12
-8.63536e-12
6.49657e-12
-1.52362e-12
-9.3617e-13
-2.83654e-13
1.15718e-12
1.6636e-12
-5.22567e-12
3.12747e-12
6.20198e-12
-1.47709e-11
1.11817e-11
8.17376e-12
-3.44073e-11
5.40263e-11
-6.0072e-11
5.46449e-11
-4.20743e-11
2.4515e-11
-5.5869e-12
-6.06187e-12
2.84794e-12
1.148e-11
-2.19957e-11
1.57185e-11
6.23485e-12
-3.12809e-11
4.77937e-11
-5.32594e-11
5.07823e-11
-4.27601e-11
2.95959e-11
-1.41082e-11
2.34653e-12
6.59991e-13
3.10872e-12
-6.45635e-12
4.08523e-12
1.02422e-12
-2.09427e-12
-2.75054e-12
6.43777e-12
-1.90401e-12
-8.97223e-12
1.58691e-11
-1.22449e-11
1.1723e-12
9.18075e-12
-1.53773e-11
1.75378e-11
-1.38422e-11
-1.01321e-12
2.61817e-11
-5.04616e-11
5.88779e-11
-4.74051e-11
2.58519e-11
-9.35234e-12
5.1223e-12
-1.08332e-11
1.9533e-11
-2.6435e-11
2.7803e-11
-1.99432e-11
1.43168e-14
2.77708e-11
-5.20011e-11
6.06904e-11
-5.25111e-11
3.73964e-11
-2.71357e-11
2.38596e-11
-2.18407e-11
1.69426e-11
-1.22662e-11
1.13168e-11
-1.13319e-11
6.05312e-12
4.74086e-12
-1.43479e-11
1.78756e-11
-1.87579e-11
2.2804e-11
-2.84704e-11
2.71488e-11
-1.38962e-11
-5.05713e-12
1.76448e-11
-1.68856e-11
5.63003e-12
8.91225e-12
-2.13572e-11
2.93432e-11
-3.00744e-11
2.10979e-11
-4.57535e-12
-9.35255e-12
9.14172e-12
7.8688e-12
-3.03688e-11
4.24861e-11
-3.64167e-11
1.72927e-11
5.66798e-12
-2.67198e-11
4.34268e-11
-5.08388e-11
4.46082e-11
-2.83759e-11
1.54795e-11
-1.65726e-11
2.91398e-11
-4.00947e-11
4.03532e-11
-3.14046e-11
1.95869e-11
-6.58471e-12
-9.28568e-12
2.64869e-11
-3.84321e-11
4.0851e-11
-3.68913e-11
3.34221e-11
-3.26418e-11
3.04257e-11
-2.30152e-11
1.3296e-11
-8.52339e-12
1.16191e-11
-1.71062e-11
1.61045e-11
-5.76564e-12
-8.9988e-12
2.1252e-11
-2.87346e-11
3.13426e-11
-2.69564e-11
1.21287e-11
9.03967e-12
-2.38971e-11
2.05156e-11
-1.21601e-12
-1.98996e-11
2.95149e-11
-2.65046e-11
1.65156e-11
-4.47485e-12
-7.65929e-12
1.37799e-11
-6.24381e-12
-1.58788e-11
3.96753e-11
-4.90661e-11
3.77848e-11
-1.48475e-11
-7.24945e-12
2.1501e-11
-2.84601e-11
2.87126e-11
-2.2964e-11
1.43307e-11
-1.11327e-11
1.90559e-11
-3.54556e-11
4.90361e-11
-5.08335e-11
4.06116e-11
-2.60048e-11
1.25242e-11
-2.0659e-13
-1.32518e-11
2.54871e-11
-3.18232e-11
3.13711e-11
-2.9936e-11
3.23978e-11
-3.66286e-11
3.6447e-11
-3.13847e-11
2.78354e-11
-2.98338e-11
3.15591e-11
-2.34794e-11
4.47748e-12
1.63273e-11
-2.98092e-11
3.52746e-11
-3.59878e-11
3.18326e-11
-2.04549e-11
6.26143e-12
-2.36276e-13
9.34874e-12
-2.65281e-11
3.71661e-11
-3.23127e-11
1.57105e-11
3.9799e-12
-2.03945e-11
3.06039e-11
-3.02093e-11
1.64348e-11
6.35991e-12
-2.46e-11
2.61715e-11
-1.01437e-11
-1.16143e-11
2.58897e-11
-2.68366e-11
1.76631e-11
-3.68839e-12
-1.00395e-11
1.82654e-11
-1.42531e-11
-3.89059e-12
2.84311e-11
-4.45621e-11
4.29423e-11
-2.70729e-11
8.96658e-12
3.09756e-12
-8.79445e-12
1.04324e-11
-7.50435e-12
4.28464e-13
4.14025e-12
2.61059e-12
-2.09816e-11
3.99371e-11
-4.82568e-11
4.5287e-11
-3.87155e-11
3.25363e-11
-2.39813e-11
1.08875e-11
1.30878e-12
-6.49125e-12
6.26826e-12
-9.22025e-12
1.86457e-11
-2.9239e-11
3.4276e-11
-3.58661e-11
3.99763e-11
-4.73248e-11
4.98877e-11
-4.19386e-11
2.60325e-11
-1.03198e-11
-2.14942e-12
1.27812e-11
-2.23478e-11
2.63838e-11
-2.30299e-11
1.73896e-11
-1.92821e-11
3.13011e-11
-4.65965e-11
5.42819e-11
-5.02315e-11
3.66822e-11
-1.839e-11
-1.98386e-12
1.99137e-11
-2.88586e-11
2.38851e-11
-9.87383e-12
-8.09939e-13
-2.52571e-12
1.86583e-11
-3.74452e-11
4.86645e-11
-4.90024e-11
3.88572e-11
-1.95115e-11
-5.31472e-12
2.54537e-11
-2.94915e-11
1.54265e-11
4.80677e-12
-1.54523e-11
1.03225e-11
4.83708e-12
-2.14289e-11
3.47138e-11
-4.09713e-11
3.45517e-11
-1.33255e-11
-1.3229e-11
2.84959e-11
-2.32026e-11
4.41077e-12
1.33314e-11
-2.13525e-11
2.0361e-11
-1.21716e-11
-2.88251e-12
2.07143e-11
-2.97227e-11
2.10003e-11
8.89768e-13
-1.97641e-11
2.39318e-11
-1.47006e-11
8.341e-13
1.28442e-11
-2.48659e-11
3.13021e-11
-2.56584e-11
8.99694e-12
7.15518e-12
-1.03665e-11
4.1418e-13
1.2403e-11
-1.89021e-11
1.85149e-11
-1.36452e-11
3.71182e-12
1.22236e-11
-2.85131e-11
3.5484e-11
-2.96207e-11
1.82972e-11
-1.16385e-11
1.2207e-11
-1.52229e-11
1.68136e-11
-1.79185e-11
1.90252e-11
-1.61845e-11
5.04787e-12
1.16228e-11
-2.5518e-11
3.10346e-11
-3.08306e-11
3.01983e-11
-3.04232e-11
2.84e-11
-2.37491e-11
2.0077e-11
-2.03437e-11
2.10935e-11
-1.67779e-11
6.01669e-12
6.28005e-12
-1.62452e-11
2.44761e-11
-3.36121e-11
4.14623e-11
-4.32259e-11
3.72836e-11
-2.91073e-11
2.43304e-11
-2.32548e-11
2.11254e-11
-1.60105e-11
9.72434e-12
-3.79351e-12
-5.21562e-12
2.0097e-11
-3.74852e-11
4.85047e-11
-4.86966e-11
4.16415e-11
-3.43182e-11
2.86998e-11
-2.32626e-11
1.81804e-11
-1.67631e-11
1.82757e-11
-1.56969e-11
2.2205e-12
1.93156e-11
-3.87896e-11
4.86768e-11
-5.001e-11
4.66645e-11
-3.95131e-11
2.84471e-11
-1.84298e-11
1.66858e-11
-2.34085e-11
2.86978e-11
-2.24249e-11
4.58464e-12
1.64377e-11
-3.39903e-11
4.69512e-11
-5.4197e-11
5.15257e-11
-3.80047e-11
2.21717e-11
-1.59348e-11
2.20581e-11
-3.11861e-11
3.2711e-11
-2.44262e-11
1.00963e-11
8.45179e-12
-3.06349e-11
5.05749e-11
-5.76929e-11
4.80034e-11
-3.06673e-11
1.97711e-11
-2.03901e-11
2.67599e-11
-3.1922e-11
3.40312e-11
-3.15994e-11
1.94098e-11
5.28984e-12
-3.421e-11
5.22968e-11
-5.20861e-11
4.03703e-11
-2.89947e-11
2.31401e-11
-2.16574e-11
2.45375e-11
-3.3123e-11
4.24751e-11
-4.08411e-11
2.11927e-11
8.95036e-12
-3.40766e-11
4.52922e-11
-4.5326e-11
3.97806e-11
-3.07581e-11
2.06496e-11
-1.71197e-11
2.62248e-11
-4.24679e-11
5.06402e-11
-4.10901e-11
2.0376e-11
-5.14379e-12
5.3117e-13
5.72115e-14
7.64446e-14
2.43071e-14
4.0488e-15
0
