0
2.52974e-16
3.61195e-15
2.26638e-14
7.14853e-14
-7.47168e-15
3.3845e-13
4.13466e-13
-4.86611e-12
1.47012e-11
-2.7956e-11
4.10694e-11
-4.96975e-11
4.9966e-11
-4.16533e-11
2.87601e-11
-1.74469e-11
1.16837e-11
-1.11394e-11
1.20361e-11
-1.10554e-11
7.89367e-12
-5.48004e-12
7.08498e-12
-1.39558e-11
2.42286e-11
-3.44763e-11
4.13195e-11
-4.30946e-11
3.99922e-11
-3.40674e-11
2.7872e-11
-2.30665e-11
1.86888e-11
-1.17779e-11
-4.74509e-13
1.74657e-11
-3.47272e-11
4.61399e-11
-4.82869e-11
4.24278e-11
-3.35113e-11
2.61875e-11
-2.2144e-11
1.96905e-11
-1.6396e-11
1.12381e-11
-5.64683e-12
2.16019e-12
-3.14877e-12
9.33244e-12
-1.95423e-11
3.05476e-11
-3.85278e-11
4.0847e-11
-3.81362e-11
3.37327e-11
-3.13587e-11
3.16462e-11
-3.14931e-11
2.61068e-11
-1.32221e-11
-4.98607e-12
2.28971e-11
-3.54256e-11
4.06916e-11
-4.04981e-11
3.78487e-11
-3.49404e-11
3.20117e-11
-2.82495e-11
2.25627e-11
-1.48508e-11
6.36066e-12
-4.32286e-14
-8.73047e-13
-5.30766e-12
1.66969e-11
-2.85209e-11
3.56507e-11
-3.63305e-11
3.3059e-11
-3.06664e-11
3.20437e-11
-3.60533e-11
3.82831e-11
-3.47604e-11
2.44342e-11
-9.7084e-12
-5.75407e-12
1.88234e-11
-2.8207e-11
3.39957e-11
-3.72894e-11
3.90163e-11
-3.93899e-11
3.72281e-11
-3.10096e-11
2.0344e-11
-7.82829e-12
-1.66252e-12
3.41243e-12
3.5104e-12
-1.5468e-11
2.62767e-11
-3.15892e-11
3.11667e-11
-2.84526e-11
2.72189e-11
-2.91659e-11
3.30175e-11
-3.61304e-11
3.59397e-11
-3.13548e-11
2.2662e-11
-1.1486e-11
-2.30326e-13
1.0855e-11
-2.01058e-11
2.85358e-11
-3.65328e-11
4.26012e-11
-4.37869e-11
3.75188e-11
-2.45867e-11
9.55108e-12
1.2039e-12
-3.50029e-12
-2.56087e-12
1.28626e-11
-2.23765e-11
2.76742e-11
-2.8377e-11
2.6149e-11
-2.3517e-11
2.2312e-11
-2.33386e-11
2.59133e-11
-2.84915e-11
2.91906e-11
-2.71227e-11
2.24924e-11
-1.6232e-11
8.53565e-12
1.15984e-12
-1.3385e-11
2.67147e-11
-3.76622e-11
4.19558e-11
-3.74965e-11
2.5777e-11
-1.16688e-11
6.73279e-13
3.4516e-12
-3.28125e-13
-7.80285e-12
1.72326e-11
-2.45806e-11
2.7529e-11
-2.57312e-11
2.05593e-11
-1.47342e-11
1.0729e-11
-9.90529e-12
1.18878e-11
-1.54996e-11
1.93185e-11
-2.23411e-11
2.34049e-11
-2.12352e-11
1.45446e-11
-3.41007e-12
-1.01826e-11
2.23509e-11
-2.92588e-11
2.87549e-11
-2.16602e-11
1.09586e-11
-7.10447e-13
-5.64912e-12
5.93641e-12
-9.12183e-14
-9.92214e-12
2.02299e-11
-2.66839e-11
2.64178e-11
-1.95768e-11
8.98717e-12
1.09449e-12
-7.40095e-12
8.60808e-12
-5.4634e-12
-5.41625e-13
7.6148e-12
-1.40665e-11
1.79668e-11
-1.79275e-11
1.35862e-11
-6.27246e-12
-1.81363e-12
8.2449e-12
-1.13609e-11
1.01564e-11
-4.74097e-12
-3.53821e-12
1.14726e-11
-1.50315e-11
1.11238e-11
-2.15611e-13
-1.33808e-11
2.3279e-11
-2.49028e-11
1.76648e-11
-5.00283e-12
-8.36781e-12
1.86383e-11
-2.42306e-11
2.50928e-11
-2.22311e-11
1.68843e-11
-1.04943e-11
3.99847e-12
2.0876e-12
-7.65786e-12
1.20052e-11
-1.3944e-11
1.24814e-11
-8.65683e-12
5.58344e-12
-6.86484e-12
1.32476e-11
-2.14534e-11
2.56821e-11
-2.19101e-11
1.05981e-11
3.26704e-12
-1.35976e-11
1.63308e-11
-1.12571e-11
9.29464e-13
1.09098e-11
-2.12981e-11
2.86146e-11
-3.3031e-11
3.56508e-11
-3.76115e-11
3.84505e-11
-3.61431e-11
2.8308e-11
-1.49576e-11
-6.53568e-13
1.3337e-11
-1.97294e-11
2.04005e-11
-1.94114e-11
2.06697e-11
-2.51192e-11
2.99722e-11
-3.1338e-11
2.69554e-11
-1.79974e-11
7.94439e-12
-7.52236e-13
-1.37104e-12
-1.5933e-12
7.58066e-12
-1.39443e-11
1.86483e-11
-2.17647e-11
2.51777e-11
-3.13403e-11
4.0651e-11
-5.04902e-11
5.59711e-11
-5.31476e-11
4.13458e-11
-2.39094e-11
5.86697e-12
8.64424e-12
-1.83872e-11
2.42807e-11
-2.79182e-11
2.97701e-11
-2.94366e-11
2.64192e-11
-2.14472e-11
1.61768e-11
-1.26133e-11
1.17957e-11
-1.36316e-11
1.67361e-11
-1.9325e-11
1.97239e-11
-1.75458e-11
1.39276e-11
-1.16157e-11
1.34458e-11
-2.08827e-11
3.24017e-11
-4.4007e-11
5.07942e-11
-4.96862e-11
4.04791e-11
-2.57158e-11
8.87419e-12
6.56748e-12
-1.79155e-11
2.31854e-11
-2.20079e-11
1.59443e-11
-8.52388e-12
3.38831e-12
-2.68036e-12
5.89281e-12
-1.10682e-11
1.62066e-11
-2.05173e-11
2.35595e-11
-2.44833e-11
2.17047e-11
-1.464e-11
4.86653e-12
3.74614e-12
-7.35792e-12
4.13328e-12
4.55067e-12
-1.52149e-11
2.35409e-11
-2.61434e-11
2.14177e-11
-1.07204e-11
-1.8761e-12
1.07295e-11
-1.17674e-11
4.76693e-12
6.02802e-12
-1.48147e-11
1.76596e-11
-1.48298e-11
9.30904e-12
-4.0537e-12
-4.35295e-13
5.2922e-12
-1.13587e-11
1.72297e-11
-1.99871e-11
1.68589e-11
-7.4116e-12
-6.20844e-12
1.98655e-11
-2.94837e-11
3.25082e-11
-2.93134e-11
2.27553e-11
-1.69609e-11
1.46832e-11
-1.57746e-11
1.68882e-11
-1.39785e-11
5.03822e-12
7.90416e-12
-2.01743e-11
2.72575e-11
-2.79183e-11
2.43284e-11
-2.03244e-11
1.82821e-11
-1.79608e-11
1.69629e-11
-1.32438e-11
6.66391e-12
4.88016e-13
-5.18324e-12
5.07252e-12
3.24169e-13
-1.01178e-11
2.23571e-11
-3.48424e-11
4.52339e-11
-5.19082e-11
5.41024e-11
-5.21315e-11
4.64108e-11
-3.72077e-11
2.45849e-11
-9.66278e-12
-5.07106e-12
1.61378e-11
-2.122e-11
2.04574e-11
-1.67016e-11
1.34183e-11
-1.29377e-11
1.53813e-11
-1.96742e-11
2.41965e-11
-2.73343e-11
2.7077e-11
-2.2009e-11
1.25388e-11
-2.1715e-12
-3.9477e-12
1.71368e-12
8.91876e-12
-2.39685e-11
3.74833e-11
-4.50319e-11
4.51741e-11
-3.93721e-11
3.00596e-11
-1.96292e-11
9.75083e-12
-1.83169e-12
-3.27382e-12
5.1048e-12
-3.89924e-12
1.23742e-13
5.1064e-12
-9.90851e-12
1.1308e-11
-6.74827e-12
-4.1737e-12
1.81077e-11
-2.92441e-11
3.21226e-11
-2.52688e-11
1.20472e-11
1.00453e-12
-8.39424e-12
8.56709e-12
-4.5781e-12
1.23329e-12
-1.96503e-12
6.63845e-12
-1.25421e-11
1.63501e-11
-1.64549e-11
1.31976e-11
-8.32302e-12
3.35231e-12
9.58039e-13
-4.98929e-12
9.43506e-12
-1.49037e-11
2.0974e-11
-2.62118e-11
2.82491e-11
-2.53183e-11
1.74107e-11
-7.09993e-12
-1.99349e-12
7.12755e-12
-8.14678e-12
6.48656e-12
-3.45717e-12
-1.39625e-12
9.33055e-12
-2.08464e-11
3.42031e-11
-4.63467e-11
5.4296e-11
-5.66551e-11
5.32261e-11
-4.46329e-11
3.18527e-11
-1.70911e-11
3.68988e-12
4.74087e-12
-6.80306e-12
4.35686e-12
-1.91522e-12
3.57054e-12
-1.07235e-11
2.11347e-11
-3.06713e-11
3.52608e-11
-3.29882e-11
2.44968e-11
-1.29421e-11
2.46566e-12
3.177e-12
-2.41481e-12
-3.91325e-12
1.29945e-11
-2.19634e-11
2.90174e-11
-3.39987e-11
3.70675e-11
-3.77089e-11
3.4224e-11
-2.548e-11
1.26047e-11
5.9661e-14
-7.08608e-12
5.0223e-12
4.76077e-12
-1.6711e-11
2.39853e-11
-2.27105e-11
1.36701e-11
-1.45999e-12
-8.9847e-12
1.48044e-11
-1.61652e-11
1.47727e-11
-1.26554e-11
1.09833e-11
-1.00994e-11
9.13074e-12
-6.57092e-12
9.37001e-13
7.61831e-12
-1.71204e-11
2.45034e-11
-2.78499e-11
2.72838e-11
-2.47437e-11
2.19487e-11
-1.9395e-11
1.62013e-11
-1.16347e-11
5.69095e-12
8.62878e-13
-7.693e-12
1.4855e-11
-2.23061e-11
2.86687e-11
-3.17785e-11
2.9862e-11
-2.3272e-11
1.41607e-11
-5.34551e-12
-1.53863e-12
6.03325e-12
-8.16928e-12
6.98748e-12
-8.09241e-13
-1.16592e-11
2.91215e-11
-4.72774e-11
5.99704e-11
-6.25568e-11
5.42938e-11
-3.91363e-11
2.33848e-11
-1.2809e-11
9.85828e-12
-1.32792e-11
1.88442e-11
-2.17568e-11
1.86236e-11
-9.34126e-12
-3.14598e-12
1.41962e-11
-2.03917e-11
2.11676e-11
-1.89904e-11
1.6868e-11
-1.61719e-11
1.56503e-11
-1.34551e-11
9.24376e-12
-5.1891e-12
3.89882e-12
-6.20266e-12
9.98857e-12
-1.20658e-11
1.02678e-11
-4.95966e-12
-1.94454e-12
8.15449e-12
-1.22529e-11
1.33915e-11
-1.12908e-11
5.95159e-12
1.69079e-12
-9.98897e-12
1.68588e-11
-2.10943e-11
2.26695e-11
-2.26701e-11
2.18448e-11
-1.99933e-11
1.5783e-11
-8.21686e-12
-2.35509e-12
1.33894e-11
-2.11175e-11
2.17739e-11
-1.35986e-11
-2.40967e-12
2.22369e-11
-4.03926e-11
5.16246e-11
-5.33777e-11
4.68212e-11
-3.67596e-11
2.8889e-11
-2.67421e-11
2.9298e-11
-3.22245e-11
3.09714e-11
-2.42824e-11
1.43226e-11
-4.59196e-12
-3.21903e-12
9.66058e-12
-1.61684e-11
2.25945e-11
-2.70076e-11
2.69105e-11
-2.16665e-11
1.30796e-11
-4.77684e-12
1.49823e-14
-5.17862e-13
5.77652e-12
-1.38124e-11
2.1613e-11
-2.6294e-11
2.57886e-11
-2.00748e-11
1.10824e-11
-2.14765e-12
-3.84989e-12
5.48084e-12
-3.40093e-12
-6.67183e-13
4.80876e-12
-8.18065e-12
1.09124e-11
-1.38638e-11
1.74529e-11
-2.14097e-11
2.44553e-11
-2.4944e-11
2.10185e-11
-1.16854e-11
-2.33595e-12
1.74153e-11
-2.79598e-11
2.87445e-11
-1.84901e-11
9.16092e-13
1.69301e-11
-2.91335e-11
3.38877e-11
-3.38962e-11
3.32235e-11
-3.43513e-11
3.66939e-11
-3.82806e-11
3.76697e-11
-3.52587e-11
3.21428e-11
-2.89278e-11
2.47868e-11
-1.84578e-11
9.14875e-12
2.39942e-12
-1.4289e-11
2.37965e-11
-2.85921e-11
2.7373e-11
-2.08584e-11
1.1507e-11
-3.03095e-12
-1.29016e-12
-3.16276e-13
7.02002e-12
-1.597e-11
2.33313e-11
-2.64018e-11
2.44895e-11
-1.90724e-11
1.22951e-11
-6.11518e-12
1.58605e-12
7.05463e-13
-9.47439e-13
-4.46183e-14
8.33383e-13
-8.05246e-13
9.89452e-13
-4.1022e-12
1.2131e-11
-2.4103e-11
3.50902e-11
-3.88605e-11
3.16211e-11
-1.51372e-11
-4.256e-12
1.90649e-11
-2.49616e-11
2.2035e-11
-1.36665e-11
3.49059e-12
6.15149e-12
-1.46606e-11
2.19517e-11
-2.79526e-11
3.21875e-11
-3.45331e-11
3.53253e-11
-3.55939e-11
3.61504e-11
-3.72478e-11
3.81204e-11
-3.77392e-11
3.5061e-11
-2.95743e-11
2.10172e-11
-9.94665e-12
-2.13752e-12
1.25412e-11
-1.87274e-11
1.94875e-11
-1.59837e-11
1.07755e-11
-6.65765e-12
5.2159e-12
-6.91051e-12
1.10507e-11
-1.6303e-11
2.04889e-11
-2.14627e-11
1.80233e-11
-1.13389e-11
4.40454e-12
-3.89708e-13
-1.18589e-13
-3.87219e-13
-2.07275e-12
9.24752e-12
-1.87795e-11
2.48684e-11
-2.21949e-11
9.28056e-12
1.00146e-11
-2.87719e-11
4.03624e-11
-4.17645e-11
3.39817e-11
-2.08607e-11
6.52531e-12
5.72031e-12
-1.38205e-11
1.63377e-11
-1.29861e-11
4.93435e-12
4.94788e-12
-1.37168e-11
1.97385e-11
-2.35754e-11
2.66295e-11
-2.98604e-11
3.2812e-11
-3.45975e-11
3.46938e-11
-3.36904e-11
3.24917e-11
-3.18282e-11
3.15168e-11
-3.09075e-11
2.90081e-11
-2.52283e-11
1.93857e-11
-1.22125e-11
4.99173e-12
6.3083e-13
-3.86234e-12
5.20065e-12
-6.57521e-12
9.72716e-12
-1.48927e-11
1.98981e-11
-2.16545e-11
1.8146e-11
-1.04716e-11
2.2361e-12
2.51729e-12
-2.51966e-12
2.10458e-13
-4.82346e-13
6.93719e-12
-1.94272e-11
3.37207e-11
-4.43901e-11
4.74774e-11
-4.20657e-11
2.93368e-11
-1.18392e-11
-7.12935e-12
2.32053e-11
-3.21567e-11
3.15395e-11
-2.27116e-11
1.03228e-11
-2.62058e-13
-3.74745e-12
1.62099e-12
3.42213e-12
-7.7111e-12
9.4383e-12
-9.8643e-12
1.16322e-11
-1.66032e-11
2.39053e-11
-3.06136e-11
3.33621e-11
-3.06251e-11
2.31713e-11
-1.37844e-11
5.68069e-12
-1.60922e-12
2.72812e-12
-8.58108e-12
1.69986e-11
-2.52199e-11
3.07379e-11
-3.24951e-11
3.05974e-11
-2.58464e-11
1.8645e-11
-9.36662e-12
-1.13095e-12
1.0649e-11
-1.6633e-11
1.74319e-11
-1.36878e-11
7.56869e-12
-1.50891e-12
-3.39284e-12
7.14304e-12
-1.03895e-11
1.34902e-11
-1.68955e-11
2.12119e-11
-2.74467e-11
3.58736e-11
-4.52733e-11
5.23373e-11
-5.32717e-11
4.59915e-11
-3.24465e-11
1.79028e-11
-8.13176e-12
5.34966e-12
-7.13598e-12
8.28825e-12
-5.10245e-12
-2.35601e-12
1.05515e-11
-1.5678e-11
1.60174e-11
-1.28988e-11
9.09519e-12
-7.29587e-12
8.6701e-12
-1.30321e-11
1.8836e-11
-2.37669e-11
2.47803e-11
-1.92878e-11
6.29896e-12
1.19914e-11
-3.05637e-11
4.3125e-11
-4.53024e-11
3.65452e-11
-2.05986e-11
3.21092e-12
1.04231e-11
-1.80197e-11
2.00966e-11
-1.89269e-11
1.65107e-11
-1.39291e-11
1.10892e-11
-7.6434e-12
3.3277e-12
1.22119e-12
-4.55811e-12
4.52799e-12
2.29691e-13
-9.26288e-12
1.97182e-11
-2.79979e-11
3.15365e-11
-3.03026e-11
2.59429e-11
-2.05594e-11
1.53168e-11
-1.08416e-11
7.64947e-12
-6.85907e-12
9.44514e-12
-1.56051e-11
2.3789e-11
-3.1322e-11
3.53853e-11
-3.47763e-11
3.00567e-11
-2.29478e-11
1.46363e-11
-5.6688e-12
-3.42765e-12
1.07894e-11
-1.39647e-11
1.15842e-11
-5.39157e-12
-5.82679e-13
2.50176e-12
2.08458e-14
-3.61448e-12
3.19707e-12
4.10717e-12
-1.71176e-11
3.10955e-11
-4.11022e-11
4.46617e-11
-4.29475e-11
3.8994e-11
-3.56501e-11
3.38271e-11
-3.29663e-11
3.17739e-11
-2.93379e-11
2.49306e-11
-1.82127e-11
9.23032e-12
6.05655e-13
-8.66481e-12
1.19047e-11
-9.26942e-12
2.89158e-12
2.22063e-12
-1.31948e-12
-7.19286e-12
2.01917e-11
-3.1718e-11
3.58979e-11
-3.00324e-11
1.52348e-11
4.14524e-12
-2.27598e-11
3.60333e-11
-4.19742e-11
4.12055e-11
-3.63436e-11
3.00608e-11
-2.40677e-11
1.84343e-11
-1.24603e-11
5.34845e-12
2.59989e-12
-9.96184e-12
1.44054e-11
-1.42703e-11
9.50262e-12
-2.23493e-12
-4.47278e-12
7.71086e-12
-5.90492e-12
-1.30277e-12
1.26809e-11
-2.55578e-11
3.58191e-11
-3.96181e-11
3.50912e-11
-2.38671e-11
1.00036e-11
1.99922e-12
-9.71027e-12
1.30522e-11
-1.34466e-11
1.17402e-11
-7.67278e-12
3.16304e-13
9.95636e-12
-2.07862e-11
2.83314e-11
-2.98332e-11
2.52268e-11
-1.73806e-11
9.72026e-12
-4.24068e-12
5.67973e-13
2.36938e-12
-4.82014e-12
5.41659e-12
-2.76069e-12
-3.19056e-12
1.04108e-11
-1.64454e-11
1.9908e-11
-2.13817e-11
2.1997e-11
-2.21587e-11
2.088e-11
-1.74377e-11
1.27865e-11
-1.01115e-11
1.2646e-11
-2.13e-11
3.30299e-11
-4.24574e-11
4.4777e-11
-3.89935e-11
2.81605e-11
-1.74902e-11
1.07391e-11
-8.52634e-12
8.55303e-12
-8.09389e-12
5.52248e-12
-9.27652e-13
-4.92977e-12
1.08303e-11
-1.53016e-11
1.62951e-11
-1.23218e-11
3.43832e-12
7.87235e-12
-1.79681e-11
2.37717e-11
-2.48871e-11
2.36488e-11
-2.40044e-11
2.87012e-11
-3.75229e-11
4.67831e-11
-5.16634e-11
4.88835e-11
-3.89253e-11
2.53771e-11
-1.31734e-11
6.00167e-12
-5.25217e-12
9.43063e-12
-1.50549e-11
1.76984e-11
-1.42203e-11
4.12768e-12
9.75893e-12
-2.29442e-11
3.11394e-11
-3.23129e-11
2.68693e-11
-1.72911e-11
6.54438e-12
2.93863e-12
-1.0444e-11
1.66775e-11
-2.31982e-11
3.08415e-11
-3.91315e-11
4.59049e-11
-4.83929e-11
4.42409e-11
-3.3278e-11
1.80821e-11
-3.76055e-12
-4.53492e-12
4.10306e-12
3.38864e-12
-1.30561e-11
1.92758e-11
-1.88301e-11
1.17028e-11
-4.6758e-13
-1.18493e-11
2.27613e-11
-3.08411e-11
3.49921e-11
-3.4562e-11
2.93864e-11
-2.05559e-11
9.93013e-12
5.17861e-13
-1.0039e-11
1.88553e-11
-2.73166e-11
3.4203e-11
-3.6885e-11
3.26502e-11
-2.13734e-11
6.31536e-12
6.89938e-12
-1.36584e-11
1.26507e-11
-6.42105e-12
-1.07082e-12
6.77269e-12
-9.91808e-12
1.074e-11
-9.18497e-12
4.19007e-12
4.80099e-12
-1.66296e-11
2.79431e-11
-3.50983e-11
3.59822e-11
-3.12968e-11
2.33622e-11
-1.45324e-11
5.61436e-12
3.43135e-12
-1.22522e-11
1.87353e-11
-2.0093e-11
1.47742e-11
-4.48849e-12
-6.68493e-12
1.46185e-11
-1.79386e-11
1.79393e-11
-1.68573e-11
1.53192e-11
-1.22863e-11
6.41798e-12
1.59788e-12
-8.88634e-12
1.16277e-11
-7.78375e-12
-1.73018e-12
1.32538e-11
-2.28192e-11
2.79742e-11
-2.86959e-11
2.59848e-11
-2.07636e-11
1.33693e-11
-4.92527e-12
-2.19675e-12
4.9602e-12
-2.08114e-12
-4.9536e-12
1.24738e-11
-1.74546e-11
1.92396e-11
-1.97927e-11
2.14234e-11
-2.48682e-11
2.81698e-11
-2.81878e-11
2.26652e-11
-1.24081e-11
9.04194e-13
7.40279e-12
-9.91459e-12
6.66625e-12
1.76453e-13
-8.20423e-12
1.53048e-11
-1.98662e-11
2.03893e-11
-1.65158e-11
9.66035e-12
-3.22804e-12
7.04054e-13
-3.84096e-12
1.12494e-11
-1.94608e-11
2.4752e-11
-2.56575e-11
2.35452e-11
-2.18644e-11
2.34099e-11
-2.84897e-11
3.43332e-11
-3.71946e-11
3.44851e-11
-2.63973e-11
1.51668e-11
-4.0402e-12
-4.19561e-12
7.56267e-12
-5.6854e-12
-1.50453e-13
6.89328e-12
-1.11879e-11
1.07568e-11
-5.96899e-12
-4.53266e-13
4.4351e-12
-2.91124e-12
-4.70555e-12
1.57354e-11
-2.58563e-11
3.12804e-11
-3.11712e-11
2.76414e-11
-2.44643e-11
2.44891e-11
-2.84718e-11
3.46706e-11
-4.00991e-11
4.15722e-11
-3.73531e-11
2.77688e-11
-1.55666e-11
4.52639e-12
2.00252e-12
-2.94708e-12
-3.24893e-13
4.46157e-12
-6.05613e-12
3.10357e-12
3.55531e-12
-1.07194e-11
1.411e-11
-1.09411e-11
1.21144e-12
1.19928e-11
-2.43434e-11
3.20497e-11
-3.37506e-11
3.06776e-11
-2.62482e-11
2.41159e-11
-2.65683e-11
3.29774e-11
-4.03286e-11
4.45556e-11
-4.29854e-11
3.54206e-11
-2.44214e-11
1.37025e-11
-6.61752e-12
4.3358e-12
-5.63332e-12
7.32492e-12
-6.26556e-12
8.10244e-13
7.95623e-12
-1.69079e-11
2.19784e-11
-2.02505e-11
1.10751e-11
3.11661e-12
-1.79135e-11
2.85522e-11
-3.24784e-11
3.0335e-11
-2.5771e-11
2.30605e-11
-2.50118e-11
3.12937e-11
-3.9082e-11
4.44309e-11
-4.46236e-11
3.92004e-11
-3.03048e-11
2.11869e-11
-1.48167e-11
1.22505e-11
-1.25651e-11
1.31304e-11
-1.11285e-11
4.63716e-12
5.92584e-12
-1.77859e-11
2.64029e-11
-2.77925e-11
2.03947e-11
-6.43004e-12
-9.28548e-12
2.14254e-11
-2.70299e-11
2.64844e-11
-2.32063e-11
2.12639e-11
-2.34051e-11
2.94899e-11
-3.71346e-11
4.29256e-11
-4.44654e-11
4.11015e-11
-3.42765e-11
2.64895e-11
-2.05176e-11
1.79535e-11
-1.86287e-11
2.01334e-11
-1.90661e-11
1.25835e-11
-5.71421e-13
-1.40068e-11
2.59481e-11
-3.05928e-11
2.59481e-11
-1.40067e-11
-5.71567e-13
1.25837e-11
-1.90663e-11
2.01336e-11
-1.86289e-11
1.79536e-11
-2.05176e-11
2.64895e-11
-3.42764e-11
4.11014e-11
-4.44652e-11
4.29254e-11
-3.71344e-11
2.94898e-11
-2.3405e-11
2.12639e-11
-2.32063e-11
2.64845e-11
-2.70301e-11
2.14256e-11
-9.28572e-12
-6.42983e-12
2.03946e-11
-2.77924e-11
2.64029e-11
-1.7786e-11
5.92602e-12
4.63696e-12
-1.11283e-11
1.31303e-11
-1.25649e-11
1.22504e-11
-1.48166e-11
2.1187e-11
-3.0305e-11
3.92007e-11
-4.4624e-11
4.44313e-11
-3.90823e-11
3.12939e-11
-2.50119e-11
2.30605e-11
-2.57708e-11
3.03347e-11
-3.2478e-11
2.85519e-11
-1.79133e-11
3.1165e-12
1.10752e-11
-2.02505e-11
2.19784e-11
-1.69079e-11
7.95621e-12
8.10307e-13
-6.26567e-12
7.32506e-12
-5.63342e-12
4.3358e-12
-6.61738e-12
1.37022e-11
-2.44211e-11
3.54202e-11
-4.29851e-11
4.45553e-11
-4.03285e-11
3.29774e-11
-2.65685e-11
2.41161e-11
-2.62486e-11
3.06779e-11
-3.37508e-11
3.20498e-11
-2.43435e-11
1.19929e-11
1.21129e-12
-1.09409e-11
1.41098e-11
-1.07192e-11
3.55526e-12
3.10358e-12
-6.05615e-12
4.46163e-12
-3.25017e-13
-2.94691e-12
2.00234e-12
4.52658e-12
-1.55668e-11
2.7769e-11
-3.73532e-11
4.15723e-11
-4.00991e-11
3.46704e-11
-2.84717e-11
2.4489e-11
-2.44643e-11
2.76413e-11
-3.11712e-11
3.12803e-11
-2.58562e-11
1.57352e-11
-4.70536e-12
-2.91144e-12
4.43532e-12
-4.53516e-13
-5.96872e-12
1.07566e-11
-1.11877e-11
6.89318e-12
-1.50409e-13
-5.68543e-12
7.5627e-12
-4.19566e-12
-4.04014e-12
1.51667e-11
-2.63973e-11
3.4485e-11
-3.71945e-11
3.43331e-11
-2.84896e-11
2.34098e-11
-2.18644e-11
2.35452e-11
-2.56575e-11
2.4752e-11
-1.94608e-11
1.12496e-11
-3.84124e-12
7.0443e-13
-3.22844e-12
9.66069e-12
-1.6516e-11
2.03895e-11
-1.98663e-11
1.53049e-11
-8.2043e-12
1.7653e-13
6.66618e-12
-9.9145e-12
7.40267e-12
9.04351e-13
-1.24083e-11
2.26653e-11
-2.81879e-11
2.81699e-11
-2.48682e-11
2.14234e-11
-1.97928e-11
1.92396e-11
-1.74545e-11
1.24736e-11
-4.95338e-12
-2.0814e-12
4.96047e-12
-2.197e-12
-4.92505e-12
1.33691e-11
-2.07634e-11
2.59845e-11
-2.86957e-11
2.7974e-11
-2.28191e-11
1.32536e-11
-1.72997e-12
-7.78399e-12
1.1628e-11
-8.88657e-12
1.59808e-12
6.41783e-12
-1.22862e-11
1.53192e-11
-1.68574e-11
1.79395e-11
-1.79388e-11
1.46187e-11
-6.6851e-12
-4.48836e-12
1.47741e-11
-2.00929e-11
1.87352e-11
-1.2252e-11
3.43117e-12
5.61459e-12
-1.45326e-11
2.33624e-11
-3.12971e-11
3.59824e-11
-3.50986e-11
2.79434e-11
-1.66299e-11
4.80129e-12
4.18977e-12
-9.18474e-12
1.07399e-11
-9.91813e-12
6.77288e-12
-1.07111e-12
-6.42072e-12
1.26504e-11
-1.36581e-11
6.8992e-12
6.31547e-12
-2.13735e-11
3.26503e-11
-3.6885e-11
3.42031e-11
-2.73168e-11
1.88555e-11
-1.00392e-11
5.18109e-13
9.92987e-12
-2.05557e-11
2.93861e-11
-3.45617e-11
3.49918e-11
-3.08409e-11
2.27611e-11
-1.18491e-11
-4.67578e-13
1.17026e-11
-1.88298e-11
1.92754e-11
-1.30557e-11
3.38826e-12
4.10342e-12
-4.53523e-12
-3.76026e-12
1.80819e-11
-3.32779e-11
4.42408e-11
-4.83928e-11
4.59048e-11
-3.91314e-11
3.08413e-11
-2.3198e-11
1.66773e-11
-1.04438e-11
2.93846e-12
6.54454e-12
-1.72913e-11
2.68694e-11
-3.2313e-11
3.11394e-11
-2.29441e-11
9.75873e-12
4.12796e-12
-1.42207e-11
1.76987e-11
-1.50553e-11
9.43103e-12
-5.25258e-12
6.00207e-12
-1.31737e-11
2.53773e-11
-3.89254e-11
4.88835e-11
-5.16634e-11
4.67831e-11
-3.75229e-11
2.87013e-11
-2.40045e-11
2.36489e-11
-2.48873e-11
2.37719e-11
-1.79682e-11
7.87248e-12
3.43825e-12
-1.23218e-11
1.62952e-11
-1.53018e-11
1.08304e-11
-4.9299e-12
-9.27545e-13
5.52239e-12
-8.0938e-12
8.55297e-12
-8.52634e-12
1.07392e-11
-1.74904e-11
2.81608e-11
-3.89938e-11
4.47772e-11
-4.24575e-11
3.30298e-11
-2.12997e-11
1.26456e-11
-1.01111e-11
1.27861e-11
-1.74374e-11
2.08798e-11
-2.21586e-11
2.1997e-11
-2.13817e-11
1.99081e-11
-1.64454e-11
1.04108e-11
-3.19046e-12
-2.76092e-12
5.41695e-12
-4.82061e-12
2.36994e-12
5.67346e-13
-4.24001e-12
9.7196e-12
-1.738e-11
2.52265e-11
-2.98332e-11
2.83316e-11
-2.07867e-11
9.95703e-12
3.15642e-13
-7.67224e-12
1.17398e-11
-1.34465e-11
1.30522e-11
-9.7103e-12
1.99934e-12
1.00034e-11
-2.38668e-11
3.5091e-11
-3.96181e-11
3.58192e-11
-2.55581e-11
1.26814e-11
-1.3033e-12
-5.90434e-12
7.71029e-12
-4.47225e-12
-2.23532e-12
9.50279e-12
-1.42702e-11
1.4405e-11
-9.9613e-12
2.59931e-12
5.34895e-12
-1.24607e-11
1.84345e-11
-2.40677e-11
3.00608e-11
-3.63435e-11
4.12052e-11
-4.19738e-11
3.60329e-11
-2.27594e-11
4.14491e-12
1.5235e-11
-3.00325e-11
3.58979e-11
-3.1718e-11
2.01916e-11
-7.19289e-12
-1.31934e-12
2.22041e-12
2.89184e-12
-9.26965e-12
1.19049e-11
-8.66493e-12
6.05736e-13
9.23026e-12
-1.82127e-11
2.49307e-11
-2.93379e-11
3.1774e-11
-3.29666e-11
3.38274e-11
-3.56505e-11
3.89944e-11
-4.29479e-11
4.4662e-11
-4.11025e-11
3.10956e-11
-1.71177e-11
4.10716e-12
3.19702e-12
-3.61432e-12
2.06214e-14
2.50197e-12
-5.82778e-13
-5.39161e-12
1.15844e-11
-1.39649e-11
1.07896e-11
-3.42775e-12
-5.66878e-12
1.46363e-11
-2.29478e-11
3.00566e-11
-3.47761e-11
3.53851e-11
-3.13216e-11
2.37886e-11
-1.56048e-11
9.44488e-12
-6.85889e-12
7.64939e-12
-1.08416e-11
1.53169e-11
-2.05595e-11
2.59431e-11
-3.03029e-11
3.15368e-11
-2.79982e-11
1.97186e-11
-9.26316e-12
2.29883e-13
4.52793e-12
-4.55819e-12
1.22138e-12
3.32746e-12
-7.64319e-12
1.10891e-11
-1.39292e-11
1.65108e-11
-1.8927e-11
2.00968e-11
-1.80197e-11
1.04231e-11
3.21086e-12
-2.05985e-11
3.65451e-11
-4.53022e-11
4.31248e-11
-3.05636e-11
1.19914e-11
6.29892e-12
-1.92877e-11
2.47803e-11
-2.37669e-11
1.88362e-11
-1.30324e-11
8.67046e-12
-7.29624e-12
9.09551e-12
-1.2899e-11
1.60174e-11
-1.56779e-11
1.05514e-11
-2.35593e-12
-5.10239e-12
8.28805e-12
-7.13569e-12
5.34938e-12
-8.13156e-12
1.79028e-11
-3.24466e-11
4.59917e-11
-5.32719e-11
5.23376e-11
-4.52736e-11
3.5874e-11
-2.74472e-11
2.12124e-11
-1.6896e-11
1.34908e-11
-1.03901e-11
7.14349e-12
-3.39317e-12
-1.50871e-12
7.56862e-12
-1.36878e-11
1.7432e-11
-1.66331e-11
1.0649e-11
-1.13085e-12
-9.36681e-12
1.86452e-11
-2.58467e-11
3.05977e-11
-3.24954e-11
3.07382e-11
-2.52202e-11
1.69987e-11
-8.58118e-12
2.72815e-12
-1.60917e-12
5.68057e-12
-1.37842e-11
2.31711e-11
-3.06248e-11
3.33618e-11
-3.06133e-11
2.39051e-11
-1.66031e-11
1.16321e-11
-9.86433e-12
9.43839e-12
-7.71121e-12
3.42223e-12
1.62095e-12
-3.74745e-12
-2.62002e-13
1.03227e-11
-2.27115e-11
3.15394e-11
-3.21566e-11
2.32053e-11
-7.12931e-12
-1.18393e-11
2.93369e-11
-4.20658e-11
4.74775e-11
-4.43903e-11
3.37208e-11
-1.94273e-11
6.93733e-12
-4.82483e-13
2.10629e-13
-2.51987e-12
2.51753e-12
2.23589e-12
-1.04715e-11
1.81459e-11
-2.16545e-11
1.98982e-11
-1.48928e-11
9.72712e-12
-6.57506e-12
5.20037e-12
-3.86191e-12
6.30272e-13
4.99238e-12
-1.22131e-11
1.93863e-11
-2.52287e-11
2.90084e-11
-3.09076e-11
3.15167e-11
-3.18279e-11
3.24913e-11
-3.36901e-11
3.46936e-11
-3.45973e-11
3.28118e-11
-2.98603e-11
2.66293e-11
-2.35752e-11
1.97383e-11
-1.37167e-11
4.9478e-12
4.9344e-12
-1.29861e-11
1.63377e-11
-1.38206e-11
5.72049e-12
6.52509e-12
-2.08605e-11
3.39815e-11
-4.17644e-11
4.03623e-11
-2.87719e-11
1.00148e-11
9.28037e-12
-2.21947e-11
2.48683e-11
-1.87796e-11
9.24763e-12
-2.07285e-12
-3.87179e-13
-1.18528e-13
-3.89882e-13
4.40482e-12
-1.13392e-11
1.80236e-11
-2.1463e-11
2.0489e-11
-1.6303e-11
1.10505e-11
-6.91016e-12
5.21544e-12
-6.6571e-12
1.0775e-11
-1.59832e-11
1.9487e-11
-1.87271e-11
1.25409e-11
-2.13729e-12
-9.9469e-12
2.10175e-11
-2.95745e-11
3.50611e-11
-3.77392e-11
3.81203e-11
-3.72476e-11
3.61502e-11
-3.55937e-11
3.53251e-11
-3.45331e-11
3.21876e-11
-2.79526e-11
2.19518e-11
-1.46605e-11
6.15132e-12
3.49085e-12
-1.36668e-11
2.20352e-11
-2.49618e-11
1.90649e-11
-4.25605e-12
-1.51371e-11
3.16209e-11
-3.88603e-11
3.509e-11
-2.41028e-11
1.21309e-11
-4.10214e-12
9.89516e-13
-8.05431e-13
8.33697e-13
-4.50311e-14
-9.46965e-13
7.05002e-13
1.58644e-12
-6.11545e-12
1.22952e-11
-1.90724e-11
2.44895e-11
-2.64016e-11
2.33312e-11
-1.59699e-11
7.01999e-12
-3.16294e-13
-1.29009e-12
-3.03105e-12
1.15072e-11
-2.08585e-11
2.7373e-11
-2.85921e-11
2.37965e-11
-1.42889e-11
2.3994e-12
9.14875e-12
-1.84579e-11
2.47869e-11
-2.8928e-11
3.2143e-11
-3.52589e-11
3.76698e-11
-3.82806e-11
3.66937e-11
-3.43511e-11
3.32232e-11
-3.38959e-11
3.38874e-11
-2.91333e-11
1.69299e-11
9.16243e-13
-1.84902e-11
2.87446e-11
-2.79598e-11
1.74153e-11
-2.33604e-12
-1.16853e-11
2.10183e-11
-2.49439e-11
2.44552e-11
-2.14096e-11
1.74529e-11
-1.38639e-11
1.09124e-11
-8.18071e-12
4.80882e-12
-6.67254e-13
-3.40078e-12
5.4806e-12
-3.84954e-12
-2.14806e-12
1.10829e-11
-2.00752e-11
2.5789e-11
-2.62944e-11
2.16134e-11
-1.38128e-11
5.77692e-12
-5.18269e-13
1.54084e-14
-4.77726e-12
1.308e-11
-2.16667e-11
2.69105e-11
-2.70074e-11
2.25942e-11
-1.61681e-11
9.66039e-12
-3.2189e-12
-4.59204e-12
1.43226e-11
-2.42825e-11
3.09714e-11
-3.22244e-11
2.92979e-11
-2.67419e-11
2.88887e-11
-3.67593e-11
4.68209e-11
-5.33775e-11
5.16244e-11
-4.03923e-11
2.22366e-11
-2.40938e-12
-1.35989e-11
2.17742e-11
-2.11179e-11
1.33897e-11
-2.35544e-12
-8.2165e-12
1.57827e-11
-1.9993e-11
2.18445e-11
-2.26698e-11
2.26694e-11
-2.10943e-11
1.6859e-11
-9.98926e-12
1.69115e-12
5.95122e-12
-1.12905e-11
1.33913e-11
-1.22527e-11
8.15437e-12
-1.94445e-12
-4.95977e-12
1.0268e-11
-1.20661e-11
9.98898e-12
-6.20304e-12
3.89909e-12
-5.18921e-12
9.24375e-12
-1.34551e-11
1.56503e-11
-1.61719e-11
1.68681e-11
-1.89904e-11
2.11676e-11
-2.03917e-11
1.41962e-11
-3.14598e-12
-9.34121e-12
1.86236e-11
-2.17567e-11
1.88442e-11
-1.32792e-11
9.8583e-12
-1.2809e-11
2.33848e-11
-3.91362e-11
5.42937e-11
-6.25565e-11
5.997e-11
-4.7277e-11
2.91211e-11
-1.16587e-11
-8.09777e-13
6.9881e-12
-8.16993e-12
6.03388e-12
-1.53915e-12
-5.3451e-12
1.41604e-11
-2.32718e-11
2.98618e-11
-3.17783e-11
2.86686e-11
-2.2306e-11
1.4855e-11
-7.69291e-12
8.6277e-13
5.69105e-12
-1.16347e-11
1.62013e-11
-1.93948e-11
2.19486e-11
-2.47436e-11
2.72837e-11
-2.78498e-11
2.45033e-11
-1.71203e-11
7.61827e-12
9.37044e-13
-6.57094e-12
9.13075e-12
-1.00994e-11
1.09833e-11
-1.26553e-11
1.47726e-11
-1.61652e-11
1.48044e-11
-8.98468e-12
-1.46002e-12
1.36701e-11
-2.27106e-11
2.39854e-11
-1.67111e-11
4.76095e-12
5.02209e-12
-7.08583e-12
5.93953e-14
1.26049e-11
-2.54801e-11
3.4224e-11
-3.77088e-11
3.70672e-11
-3.39982e-11
2.90169e-11
-2.19628e-11
1.2994e-11
-3.91271e-12
-2.41532e-12
3.17749e-12
2.46521e-12
-1.29417e-11
2.44964e-11
-3.2988e-11
3.52606e-11
-3.06712e-11
2.11348e-11
-1.07236e-11
3.57083e-12
-1.91562e-12
4.35739e-12
-6.80369e-12
4.74156e-12
3.68921e-12
-1.70906e-11
3.18523e-11
-4.46327e-11
5.32261e-11
-5.66552e-11
5.42962e-11
-4.6347e-11
3.42034e-11
-2.08467e-11
9.33095e-12
-1.39661e-12
-3.45689e-12
6.48641e-12
-8.14673e-12
7.1276e-12
-1.99359e-12
-7.09977e-12
1.74105e-11
-2.5318e-11
2.82489e-11
-2.62115e-11
2.09737e-11
-1.49035e-11
9.4349e-12
-4.98922e-12
9.58072e-13
3.35225e-12
-8.32298e-12
1.31976e-11
-1.6455e-11
1.63502e-11
-1.25422e-11
6.63848e-12
-1.96508e-12
1.23345e-12
-4.57837e-12
8.56744e-12
-8.39459e-12
1.00481e-12
1.20471e-11
-2.52687e-11
3.21226e-11
-2.92442e-11
1.81078e-11
-4.17379e-12
-6.74814e-12
1.13078e-11
-9.90822e-12
5.10603e-12
1.24167e-13
-3.89963e-12
5.10513e-12
-3.27406e-12
-1.83154e-12
9.75076e-12
-1.96292e-11
3.00597e-11
-3.93723e-11
4.51743e-11
-4.50322e-11
3.74837e-11
-2.39688e-11
8.91895e-12
1.71366e-12
-3.94785e-12
-2.17121e-12
1.25384e-11
-2.20087e-11
2.70768e-11
-2.73341e-11
2.41965e-11
-1.96743e-11
1.53814e-11
-1.29377e-11
1.34182e-11
-1.67015e-11
2.04573e-11
-2.122e-11
1.61378e-11
-5.07115e-12
-9.66268e-12
2.45848e-11
-3.72077e-11
4.64108e-11
-5.21315e-11
5.41024e-11
-5.19082e-11
4.5234e-11
-3.48425e-11
2.23573e-11
-1.0118e-11
3.24308e-13
5.07253e-12
-5.18342e-12
4.88356e-13
6.66352e-12
-1.32434e-11
1.69626e-11
-1.79606e-11
1.82819e-11
-2.03243e-11
2.43283e-11
-2.79182e-11
2.72574e-11
-2.01742e-11
7.90419e-12
5.03816e-12
-1.39784e-11
1.68881e-11
-1.57745e-11
1.46832e-11
-1.69609e-11
2.27553e-11
-2.93135e-11
3.25084e-11
-2.94839e-11
1.98657e-11
-6.20862e-12
-7.41148e-12
1.68589e-11
-1.9987e-11
1.72296e-11
-1.13586e-11
5.29216e-12
-4.35316e-13
-4.05358e-12
9.30884e-12
-1.48295e-11
1.76594e-11
-1.48144e-11
6.02785e-12
4.76707e-12
-1.17675e-11
1.07295e-11
-1.87602e-12
-1.07205e-11
2.1418e-11
-2.61436e-11
2.35412e-11
-1.52151e-11
4.55072e-12
4.13339e-12
-7.35816e-12
3.74645e-12
4.86626e-12
-1.46398e-11
2.17047e-11
-2.44833e-11
2.35595e-11
-2.05172e-11
1.62065e-11
-1.1068e-11
5.89255e-12
-2.68008e-12
3.38809e-12
-8.52372e-12
1.59443e-11
-2.20079e-11
2.31855e-11
-1.79155e-11
6.56748e-12
8.87421e-12
-2.57158e-11
4.04791e-11
-4.96862e-11
5.07943e-11
-4.40072e-11
3.24019e-11
-2.08829e-11
1.34459e-11
-1.16157e-11
1.39275e-11
-1.75456e-11
1.97237e-11
-1.93249e-11
1.6736e-11
-1.36315e-11
1.17957e-11
-1.26132e-11
1.61766e-11
-2.1447e-11
2.64191e-11
-2.94367e-11
2.97705e-11
-2.79186e-11
2.42811e-11
-1.83875e-11
8.64432e-12
5.86705e-12
-2.39096e-11
4.1346e-11
-5.31478e-11
5.59713e-11
-5.04904e-11
4.06512e-11
-3.13405e-11
2.51779e-11
-2.17649e-11
1.86485e-11
-1.39444e-11
7.58086e-12
-1.59359e-12
-1.37062e-12
-7.52718e-13
7.94483e-12
-1.79977e-11
2.69554e-11
-3.13377e-11
2.99718e-11
-2.51188e-11
2.06693e-11
-1.94112e-11
2.04004e-11
-1.97294e-11
1.33371e-11
-6.53759e-13
-1.49573e-11
2.83077e-11
-3.61428e-11
3.84503e-11
-3.76114e-11
3.56508e-11
-3.3031e-11
2.86147e-11
-2.12982e-11
1.09097e-11
9.29709e-13
-1.12575e-11
1.63312e-11
-1.3598e-11
3.26735e-12
1.05979e-11
-2.191e-11
2.56821e-11
-2.14536e-11
1.32479e-11
-6.8652e-12
5.58385e-12
-8.65721e-12
1.24817e-11
-1.39442e-11
1.20052e-11
-7.65776e-12
2.08748e-12
3.99857e-12
-1.04943e-11
1.68842e-11
-2.22309e-11
2.50925e-11
-2.42304e-11
1.86382e-11
-8.36786e-12
-5.00264e-12
1.76646e-11
-2.49025e-11
2.32788e-11
-1.33805e-11
-2.15798e-13
1.11239e-11
-1.50314e-11
1.14722e-11
-3.53763e-12
-4.74167e-12
1.01571e-11
-1.13615e-11
8.24533e-12
-1.81384e-12
-6.27242e-12
1.35863e-11
-1.79276e-11
1.79668e-11
-1.40664e-11
7.61462e-12
-5.41432e-13
-5.46352e-12
8.60812e-12
-7.40094e-12
1.09446e-12
8.9872e-12
-1.95768e-11
2.64179e-11
-2.6684e-11
2.02299e-11
-9.92203e-12
-9.15079e-14
5.93691e-12
-5.64978e-12
-7.09695e-13
1.09579e-11
-2.16595e-11
2.87545e-11
-2.92586e-11
2.23508e-11
-1.01827e-11
-3.41e-12
1.45446e-11
-2.12351e-11
2.34049e-11
-2.23411e-11
1.93184e-11
-1.54995e-11
1.18877e-11
-9.90531e-12
1.07291e-11
-1.47344e-11
2.05595e-11
-2.57314e-11
2.75292e-11
-2.45809e-11
1.7233e-11
-7.80326e-12
-3.27586e-13
3.45098e-12
6.73908e-13
-1.16694e-11
2.57773e-11
-3.74967e-11
4.19558e-11
-3.76621e-11
2.67146e-11
-1.33849e-11
1.15971e-12
8.53582e-12
-1.62322e-11
2.24926e-11
-2.7123e-11
2.91908e-11
-2.84915e-11
2.59131e-11
-2.33383e-11
2.23118e-11
-2.35168e-11
2.61488e-11
-2.83768e-11
2.7674e-11
-2.23761e-11
1.28621e-11
-2.56032e-12
-3.50082e-12
1.20435e-12
9.5508e-12
-2.45866e-11
3.75188e-11
-4.3787e-11
4.26013e-11
-3.65329e-11
2.85359e-11
-2.0106e-11
1.08553e-11
-2.30607e-13
-1.14858e-11
2.26619e-11
-3.13548e-11
3.59398e-11
-3.61304e-11
3.30175e-11
-2.9166e-11
2.72189e-11
-2.84527e-11
3.11669e-11
-3.15895e-11
2.62771e-11
-1.54684e-11
3.51078e-12
3.4122e-12
-1.66244e-12
-7.82824e-12
2.03439e-11
-3.10094e-11
3.7228e-11
-3.93898e-11
3.90162e-11
-3.72893e-11
3.39956e-11
-2.82068e-11
1.88232e-11
-5.75383e-12
-9.70862e-12
2.44344e-11
-3.47605e-11
3.82831e-11
-3.60533e-11
3.20437e-11
-3.06663e-11
3.30588e-11
-3.63302e-11
3.56505e-11
-2.85207e-11
1.66968e-11
-5.30767e-12
-8.72922e-13
-4.34298e-14
6.36091e-12
-1.4851e-11
2.25628e-11
-2.82496e-11
3.20116e-11
-3.49404e-11
3.78488e-11
-4.04983e-11
4.06919e-11
-3.54259e-11
2.28973e-11
-4.98621e-12
-1.32221e-11
2.61068e-11
-3.14931e-11
3.16463e-11
-3.13588e-11
3.37327e-11
-3.81363e-11
4.08471e-11
-3.85278e-11
3.05475e-11
-1.95421e-11
9.33216e-12
-3.14846e-12
2.15997e-12
-5.64675e-12
1.12382e-11
-1.63961e-11
1.96906e-11
-2.21439e-11
2.61873e-11
-3.3511e-11
4.24276e-11
-4.82867e-11
4.61398e-11
-3.47272e-11
1.74658e-11
-4.74618e-13
-1.17778e-11
1.86888e-11
-2.30666e-11
2.7872e-11
-3.40674e-11
3.99922e-11
-4.30947e-11
4.13197e-11
-3.44765e-11
2.42288e-11
-1.3956e-11
7.08497e-12
-5.47992e-12
7.89353e-12
-1.10553e-11
1.20361e-11
-1.11395e-11
1.16839e-11
-1.74471e-11
2.87602e-11
-4.16533e-11
4.99659e-11
-4.96973e-11
4.10692e-11
-2.79559e-11
1.47012e-11
-4.86581e-12
4.1479e-13
3.42271e-13
-2.67666e-16
7.73838e-14
2.52504e-14
4.09059e-15
0
