0
2.52415e-16
3.57746e-15
2.473e-14
2.77288e-14
3.22396e-13
-3.76878e-13
-9.93503e-13
4.05503e-12
-5.00063e-12
4.5174e-12
-9.17591e-12
2.09966e-11
-3.30884e-11
3.57722e-11
-2.69873e-11
1.44299e-11
-7.74518e-12
8.58675e-12
-1.06031e-11
7.83893e-12
-2.01606e-12
-6.47691e-13
-2.07984e-12
4.22964e-12
1.93613e-12
-1.67565e-11
3.11929e-11
-3.57903e-11
2.97358e-11
-2.08911e-11
1.64656e-11
-1.61022e-11
1.39276e-11
-7.39219e-12
1.0984e-12
-1.53104e-12
8.04201e-12
-1.21668e-11
5.80751e-12
9.8712e-12
-2.55659e-11
3.27431e-11
-3.15174e-11
2.82525e-11
-2.72347e-11
2.57699e-11
-1.9232e-11
8.46017e-12
-9.07135e-13
2.78326e-12
-1.18071e-11
1.8081e-11
-1.3663e-11
-2.52248e-13
1.5293e-11
-2.50802e-11
3.00796e-11
-3.43461e-11
3.82682e-11
-3.73298e-11
2.77343e-11
-1.31213e-11
2.86212e-12
-3.70279e-12
1.28222e-11
-2.07844e-11
2.00425e-11
-1.09559e-11
-1.06658e-12
1.21252e-11
-2.31412e-11
3.55549e-11
-4.63724e-11
4.87809e-11
-3.93121e-11
2.25804e-11
-8.87102e-12
5.59005e-12
-1.17744e-11
1.98811e-11
-2.33663e-11
2.0899e-11
-1.45473e-11
4.85776e-12
9.61056e-12
-2.87546e-11
4.719e-11
-5.65307e-11
5.16989e-11
-3.61699e-11
1.95182e-11
-1.03855e-11
1.06665e-11
-1.65125e-11
2.27448e-11
-2.66632e-11
2.71325e-11
-2.22839e-11
9.08352e-12
1.27323e-11
-3.77256e-11
5.61662e-11
-6.04826e-11
5.03933e-11
-3.33281e-11
1.8754e-11
-1.22747e-11
1.34508e-11
-1.90538e-11
2.61394e-11
-3.25976e-11
3.49729e-11
-2.84718e-11
9.83272e-12
1.79365e-11
-4.51518e-11
6.05629e-11
-5.93249e-11
4.5723e-11
-2.94066e-11
1.80329e-11
-1.37786e-11
1.48711e-11
-1.99774e-11
2.87027e-11
-3.85342e-11
4.23056e-11
-3.22555e-11
7.02448e-12
2.46222e-11
-4.90353e-11
5.7109e-11
-5.04689e-11
3.78068e-11
-2.66658e-11
1.86562e-11
-1.29909e-11
1.13056e-11
-1.75439e-11
3.1559e-11
-4.5132e-11
4.5903e-11
-2.81414e-11
-1.31328e-12
2.794e-11
-4.16065e-11
4.27352e-11
-3.83443e-11
3.28938e-11
-2.5374e-11
1.43169e-11
-4.4464e-12
4.40715e-12
-1.75589e-11
3.55811e-11
-4.43112e-11
3.5749e-11
-1.49869e-11
-5.66049e-12
1.79129e-11
-2.32893e-11
2.71769e-11
-3.02844e-11
2.74664e-11
-1.59988e-11
1.70638e-12
4.40369e-12
3.01399e-12
-1.78784e-11
2.77273e-11
-2.56215e-11
1.54453e-11
-6.27706e-12
2.07269e-12
7.26435e-13
-6.95082e-12
1.51644e-11
-1.86246e-11
1.27297e-11
-1.29853e-12
-6.74164e-12
6.00878e-12
1.19298e-13
-4.19304e-12
2.61231e-12
9.76664e-13
-6.74979e-13
-5.0809e-12
1.14595e-11
-1.26483e-11
7.7418e-12
-1.58367e-12
-7.10162e-13
-1.82326e-12
5.9933e-12
-8.86077e-12
1.06581e-11
-1.41776e-11
2.03383e-11
-2.57574e-11
2.4557e-11
-1.38934e-11
-3.10122e-12
1.8689e-11
-2.61049e-11
2.39875e-11
-1.69923e-11
1.10667e-11
-9.06537e-12
1.00789e-11
-1.31608e-11
1.94215e-11
-3.0487e-11
4.38499e-11
-5.16449e-11
4.51715e-11
-2.32489e-11
-5.08617e-12
2.65472e-11
-3.39439e-11
3.00655e-11
-2.30811e-11
1.8145e-11
-1.49807e-11
1.23138e-11
-1.35426e-11
2.42999e-11
-4.44421e-11
6.34621e-11
-6.73628e-11
5.02943e-11
-2.0327e-11
-7.48753e-12
2.30749e-11
-2.75737e-11
2.76126e-11
-2.64705e-11
2.19706e-11
-1.34322e-11
6.75006e-12
-1.09842e-11
2.85107e-11
-5.04594e-11
6.23878e-11
-5.64134e-11
3.69274e-11
-1.54244e-11
-1.97461e-13
9.73714e-12
-1.66894e-11
2.16945e-11
-2.1986e-11
1.58341e-11
-7.14927e-12
3.35073e-12
-8.96586e-12
2.08307e-11
-3.09685e-11
3.30338e-11
-2.70477e-11
1.79451e-11
-1.10351e-11
7.48251e-12
-4.59092e-12
-6.42121e-13
7.56983e-12
-1.24516e-11
1.17287e-11
-5.74613e-12
-1.42881e-12
5.29636e-12
-5.43615e-12
5.28298e-12
-7.64721e-12
1.01241e-11
-7.21179e-12
-3.42369e-12
1.63398e-11
-2.19372e-11
1.49173e-11
-3.90742e-13
-1.02709e-11
9.34599e-12
1.01513e-12
-1.33789e-11
2.32925e-11
-3.23692e-11
4.24829e-11
-4.96994e-11
4.53475e-11
-2.54806e-11
-2.3364e-12
2.28481e-11
-2.59021e-11
1.43664e-11
-4.94834e-13
-5.39216e-12
1.44338e-12
7.94277e-12
-1.95043e-11
3.36844e-11
-5.0712e-11
6.51779e-11
-6.80667e-11
5.42587e-11
-2.84461e-11
2.36459e-12
1.30343e-11
-1.47789e-11
8.13479e-12
-1.5655e-12
2.67178e-13
-4.53612e-12
1.18833e-11
-2.04723e-11
2.97773e-11
-3.95657e-11
4.75172e-11
-4.92821e-11
4.13595e-11
-2.56702e-11
9.48634e-12
-3.75604e-13
-3.98108e-13
-1.48838e-12
-1.07361e-12
8.90996e-12
-1.5545e-11
1.3885e-11
-4.7344e-12
-3.57846e-12
3.4985e-12
3.98061e-12
-1.14064e-11
1.30318e-11
-1.07052e-11
1.01729e-11
-1.30648e-11
1.34474e-11
-4.85588e-12
-1.07803e-11
2.22508e-11
-1.88903e-11
1.96349e-14
2.42368e-11
-4.16245e-11
4.62944e-11
-4.083e-11
3.06016e-11
-1.86774e-11
5.679e-12
6.22382e-12
-1.24706e-11
9.10365e-12
2.68724e-12
-1.5807e-11
2.03454e-11
-1.00518e-11
-1.32161e-11
3.98205e-11
-5.86202e-11
6.3486e-11
-5.64344e-11
4.43575e-11
-3.3097e-11
2.32633e-11
-1.29365e-11
2.82766e-12
2.31533e-12
5.20546e-13
-7.46234e-12
9.26235e-12
6.28629e-14
-1.70026e-11
3.08288e-11
-3.39912e-11
2.91367e-11
-2.57634e-11
2.91825e-11
-3.51329e-11
3.46963e-11
-2.4186e-11
8.4408e-12
4.04954e-12
-9.21396e-12
9.3638e-12
-8.64883e-12
7.10623e-12
-1.44957e-12
-9.61581e-12
2.14567e-11
-2.63951e-11
1.94342e-11
-2.85391e-12
-1.46476e-11
2.288e-11
-1.71113e-11
9.22357e-13
1.61751e-11
-2.52838e-11
2.29082e-11
-1.18151e-11
-3.27718e-12
1.98119e-11
-3.74846e-11
5.34587e-11
-6.07734e-11
5.32399e-11
-3.32643e-11
1.23256e-11
-2.93456e-12
8.07537e-12
-1.92095e-11
2.42269e-11
-1.86168e-11
7.58775e-12
1.36825e-12
-7.05534e-12
1.38917e-11
-2.515e-11
3.78948e-11
-4.57836e-11
4.51092e-11
-3.85147e-11
3.17365e-11
-2.78622e-11
2.44028e-11
-1.69957e-11
4.42002e-12
9.1006e-12
-1.66615e-11
1.31324e-11
2.30842e-13
-1.54803e-11
2.25525e-11
-1.69101e-11
2.54644e-12
1.14657e-11
-1.84737e-11
1.79793e-11
-1.35591e-11
6.89604e-12
3.74544e-12
-1.88664e-11
3.18753e-11
-3.19669e-11
1.37536e-11
1.56572e-11
-4.12667e-11
5.14449e-11
-4.6318e-11
3.52055e-11
-2.74488e-11
2.49527e-11
-2.39801e-11
2.14476e-11
-1.86002e-11
1.79818e-11
-1.96784e-11
2.03554e-11
-1.62049e-11
5.83984e-12
7.91941e-12
-1.99597e-11
2.6551e-11
-2.87293e-11
3.1043e-11
-3.72967e-11
4.56689e-11
-4.87843e-11
3.92543e-11
-1.78715e-11
-4.9837e-12
1.68742e-11
-1.38072e-11
2.02025e-12
9.05238e-12
-1.52306e-11
1.81388e-11
-1.98622e-11
1.80505e-11
-8.67325e-12
-7.29443e-12
2.08291e-11
-2.1474e-11
6.46748e-12
1.61254e-11
-3.37536e-11
3.76201e-11
-2.74295e-11
9.63609e-12
7.48341e-12
-1.93833e-11
2.65689e-11
-3.228e-11
3.81652e-11
-4.26932e-11
4.25049e-11
-3.66832e-11
2.88147e-11
-2.44646e-11
2.4783e-11
-2.48578e-11
1.91533e-11
-8.99384e-12
1.87682e-12
-3.60263e-12
1.0775e-11
-1.28536e-11
1.44606e-12
2.09552e-11
-4.24636e-11
5.12618e-11
-4.45144e-11
2.78682e-11
-9.37142e-12
-5.78463e-12
1.53501e-11
-1.86417e-11
1.51135e-11
-4.84125e-12
-1.0473e-11
2.59693e-11
-3.50295e-11
3.28579e-11
-2.0862e-11
6.94653e-12
-1.2446e-12
8.17434e-12
-2.22974e-11
3.22817e-11
-3.14961e-11
2.35299e-11
-1.74761e-11
1.75891e-11
-1.95693e-11
1.55838e-11
-2.66234e-12
-1.49929e-11
3.03083e-11
-3.99882e-11
4.54503e-11
-4.86969e-11
4.80901e-11
-4.02652e-11
2.45751e-11
-5.75235e-12
-8.27296e-12
1.03152e-11
1.12807e-12
-1.96335e-11
3.32424e-11
-3.25832e-11
1.76396e-11
1.99565e-12
-1.48968e-11
1.60473e-11
-9.4416e-12
1.98065e-12
3.8173e-12
-1.09878e-11
2.13057e-11
-3.05571e-11
3.15754e-11
-2.21769e-11
7.48416e-12
4.74734e-12
-1.12715e-11
1.51642e-11
-2.22084e-11
3.445e-11
-4.76849e-11
5.41058e-11
-4.8597e-11
3.25659e-11
-1.40798e-11
3.2796e-12
-6.04938e-12
1.88818e-11
-3.13111e-11
3.41418e-11
-2.65759e-11
1.4153e-11
-1.86391e-12
-1.00019e-11
2.24248e-11
-3.28044e-11
3.43874e-11
-2.25982e-11
1.06672e-12
1.89258e-11
-2.724e-11
2.23988e-11
-1.14664e-11
2.6991e-12
3.28782e-13
-2.3811e-13
2.74298e-12
-1.22862e-11
2.75029e-11
-4.12851e-11
4.56692e-11
-3.8784e-11
2.63913e-11
-1.74169e-11
1.65206e-11
-2.13873e-11
2.62441e-11
-2.86223e-11
3.0469e-11
-3.30381e-11
3.1801e-11
-2.00486e-11
-3.16013e-12
2.92512e-11
-4.58833e-11
4.54462e-11
-3.00896e-11
9.35255e-12
6.08933e-12
-1.11654e-11
8.14561e-12
-3.72203e-12
3.08457e-12
-6.1928e-12
7.65525e-12
-1.88324e-12
-1.11438e-11
2.45331e-11
-3.10729e-11
2.99702e-11
-2.66748e-11
2.55326e-11
-2.55794e-11
2.32789e-11
-1.87989e-11
1.71088e-11
-2.34194e-11
3.66033e-11
-4.82216e-11
4.78558e-11
-3.13276e-11
3.70492e-12
2.3738e-11
-4.03011e-11
4.10714e-11
-2.97045e-11
1.57208e-11
-7.61047e-12
5.95228e-12
-4.75425e-12
-9.96681e-13
9.19313e-12
-1.33622e-11
9.51727e-12
-2.46408e-13
-8.672e-12
1.40033e-11
-1.77846e-11
2.3261e-11
-2.98531e-11
3.26209e-11
-2.79673e-11
1.79541e-11
-9.64963e-12
1.00602e-11
-2.19175e-11
4.08098e-11
-5.62253e-11
5.69707e-11
-3.97857e-11
1.25047e-11
1.13828e-11
-2.31988e-11
2.40673e-11
-2.15608e-11
2.11122e-11
-2.15747e-11
1.79233e-11
-8.40262e-12
-3.15877e-12
1.12082e-11
-1.39092e-11
1.29265e-11
-1.02665e-11
5.97108e-12
9.0249e-13
-1.12516e-11
2.41331e-11
-3.55316e-11
3.89403e-11
-3.06662e-11
1.47575e-11
-2.53688e-12
4.4392e-12
-2.1573e-11
4.35928e-11
-5.65143e-11
5.32274e-11
-3.81893e-11
2.13341e-11
-9.2513e-12
1.65256e-12
4.62591e-12
-1.1536e-11
1.83072e-11
-2.2496e-11
2.10455e-11
-1.29592e-11
8.10532e-13
1.0528e-11
-1.82452e-11
2.29903e-11
-2.63154e-11
2.64538e-11
-1.88019e-11
7.4584e-13
2.26911e-11
-4.01171e-11
4.18972e-11
-2.9046e-11
1.26207e-11
-4.88071e-12
1.01806e-11
-2.40463e-11
3.75926e-11
-4.34275e-11
3.93454e-11
-2.98103e-11
2.22003e-11
-2.05358e-11
2.15526e-11
-1.85244e-11
8.09487e-12
5.92896e-12
-1.61924e-11
1.79052e-11
-1.23436e-11
3.60979e-12
6.31713e-12
-1.88542e-11
3.39486e-11
-4.66582e-11
4.94047e-11
-3.84037e-11
1.65088e-11
8.0987e-12
-2.60681e-11
3.10901e-11
-2.44275e-11
1.48455e-11
-1.24909e-11
1.99268e-11
-3.01434e-11
3.30109e-11
-2.49482e-11
1.18919e-11
-4.20587e-12
7.44923e-12
-1.83189e-11
2.80385e-11
-3.00148e-11
2.33601e-11
-1.17524e-11
1.37333e-13
6.91324e-12
-7.16852e-12
1.40212e-12
8.00108e-12
-2.0264e-11
3.53867e-11
-5.04741e-11
5.82879e-11
-5.28688e-11
3.56453e-11
-1.56145e-11
1.95504e-12
2.85362e-12
-4.25689e-12
9.52292e-12
-2.08262e-11
3.26074e-11
-3.6254e-11
2.66398e-11
-6.34744e-12
-1.54877e-11
2.74972e-11
-2.32259e-11
6.11048e-12
1.20106e-11
-2.05257e-11
1.80805e-11
-1.17315e-11
8.31822e-12
-9.19621e-12
1.168e-11
-1.38946e-11
1.62179e-11
-2.02358e-11
2.64827e-11
-3.37812e-11
3.93911e-11
-4.10626e-11
3.84923e-11
-3.38219e-11
2.95208e-11
-2.59859e-11
1.98506e-11
-6.78335e-12
-1.29266e-11
3.05783e-11
-3.42599e-11
1.88885e-11
8.22454e-12
-3.3188e-11
4.53844e-11
-4.32451e-11
3.24908e-11
-2.16853e-11
1.6659e-11
-1.68418e-11
1.54299e-11
-5.85259e-12
-1.16255e-11
2.88861e-11
-3.67252e-11
3.20163e-11
-1.99084e-11
8.74486e-12
-3.75083e-12
4.28733e-12
-7.32759e-12
1.12261e-11
-1.61725e-11
2.12459e-11
-2.39725e-11
2.20139e-11
-1.50967e-11
4.82305e-12
4.73416e-12
-7.70286e-12
-1.09929e-13
1.58243e-11
-3.03531e-11
3.59242e-11
-3.35502e-11
3.11922e-11
-3.57389e-11
4.61136e-11
-5.41217e-11
5.03262e-11
-3.13278e-11
2.6483e-12
2.36542e-11
-3.62563e-11
3.09745e-11
-1.33234e-11
-5.55695e-12
1.63742e-11
-1.83482e-11
1.80013e-11
-2.16458e-11
2.84256e-11
-3.22379e-11
2.8381e-11
-1.76145e-11
3.71611e-12
9.40136e-12
-1.89088e-11
2.31374e-11
-2.28589e-11
2.02702e-11
-1.66976e-11
1.16196e-11
-5.85609e-12
3.29364e-12
-8.26049e-12
1.99351e-11
-3.13386e-11
3.38731e-11
-2.45576e-11
8.63106e-12
3.9258e-12
-6.17927e-12
-1.23675e-12
1.13598e-11
-1.69637e-11
1.53646e-11
-1.05495e-11
1.07844e-11
-2.28875e-11
4.48344e-11
-6.48759e-11
6.95352e-11
-5.49017e-11
2.89625e-11
-4.39725e-12
-1.06262e-11
1.49305e-11
-1.23655e-11
8.13375e-12
-5.7644e-12
4.21367e-12
8.6656e-13
-1.24702e-11
2.78115e-11
-4.01652e-11
4.40773e-11
-3.93383e-11
2.93999e-11
-1.77731e-11
5.45223e-12
7.42936e-12
-1.90701e-11
2.53309e-11
-2.33035e-11
1.43022e-11
-3.72096e-12
-2.71543e-12
1.67616e-12
5.93192e-12
-1.48945e-11
1.77797e-11
-1.1283e-11
4.78196e-13
4.47005e-12
1.67638e-12
-1.41348e-11
2.24846e-11
-2.00553e-11
8.29784e-12
4.54609e-12
-8.59296e-12
-2.18949e-12
2.48646e-11
-4.81516e-11
5.94934e-11
-5.45284e-11
3.93866e-11
-2.49221e-11
1.76768e-11
-1.62678e-11
1.4184e-11
-6.66354e-12
-5.24998e-12
1.53313e-11
-1.70694e-11
7.49718e-12
1.1054e-11
-3.22712e-11
4.85564e-11
-5.5561e-11
5.41385e-11
-4.8056e-11
3.89222e-11
-2.58469e-11
9.34511e-12
5.87708e-12
-1.4702e-11
1.60309e-11
-1.29393e-11
8.58456e-12
-4.40257e-12
1.8441e-13
5.33704e-12
-1.42477e-11
2.61798e-11
-3.5794e-11
3.51032e-11
-2.11746e-11
1.51223e-13
1.64016e-11
-2.0372e-11
1.22983e-11
-4.93183e-13
-5.29151e-12
1.61483e-13
1.24796e-11
-2.37061e-11
2.53274e-11
-1.63434e-11
3.88175e-12
1.50378e-12
5.56046e-12
-2.03911e-11
3.10903e-11
-2.85014e-11
1.33265e-11
4.94676e-12
-1.59073e-11
1.41314e-11
-1.1048e-12
-1.65051e-11
3.01094e-11
-3.51077e-11
3.42576e-11
-3.469e-11
3.96567e-11
-4.52634e-11
4.48566e-11
-3.58818e-11
2.07285e-11
-3.99123e-12
-9.96478e-12
1.72483e-11
-1.61147e-11
7.90923e-12
4.16366e-12
-1.82274e-11
3.34578e-11
-4.76917e-11
5.63299e-11
-5.58421e-11
4.69246e-11
-3.43842e-11
2.30007e-11
-1.44302e-11
6.67995e-12
2.75874e-12
-1.37986e-11
2.22798e-11
-2.24957e-11
1.09371e-11
1.01708e-11
-3.28328e-11
4.65346e-11
-4.51294e-11
3.1661e-11
-1.68186e-11
9.96234e-12
-1.18757e-11
1.52473e-11
-1.2276e-11
5.32782e-13
1.55444e-11
-2.73363e-11
2.64077e-11
-1.11844e-11
-9.82269e-12
2.27235e-11
-1.9676e-11
4.94847e-12
9.53766e-12
-1.45329e-11
8.66991e-12
2.4077e-12
-1.04197e-11
8.86607e-12
1.98386e-12
-1.44033e-11
1.88009e-11
-1.26181e-11
2.43768e-12
1.9594e-12
4.0405e-12
-1.76352e-11
3.1415e-11
-3.83842e-11
3.52587e-11
-2.4335e-11
1.16587e-11
-3.06804e-12
5.4556e-14
-6.31519e-14
-3.07779e-13
1.51827e-12
-1.03967e-12
-4.24415e-12
1.46654e-11
-2.75488e-11
3.91072e-11
-4.70439e-11
5.03498e-11
-4.85154e-11
4.11589e-11
-2.91787e-11
1.44288e-11
6.0528e-13
-1.28173e-11
1.79266e-11
-1.3165e-11
4.76587e-13
1.36955e-11
-2.42147e-11
3.11633e-11
-3.8089e-11
4.65967e-11
-5.4718e-11
5.8285e-11
-5.31538e-11
3.67594e-11
-1.17534e-11
-1.26033e-11
2.49867e-11
-2.11585e-11
7.03733e-12
7.00391e-12
-1.49217e-11
1.74775e-11
-1.97213e-11
2.66921e-11
-4.00872e-11
5.49482e-11
-6.10986e-11
5.03167e-11
-2.48032e-11
-3.23464e-12
2.03156e-11
-2.11931e-11
1.0354e-11
2.439e-12
-8.91233e-12
6.89429e-12
-2.03302e-12
3.43942e-12
-1.60159e-11
3.47692e-11
-4.79842e-11
4.59378e-11
-2.85287e-11
4.9227e-12
1.25899e-11
-1.6678e-11
8.78955e-12
2.34714e-12
-7.47206e-12
3.12535e-12
5.88464e-12
-1.06603e-11
5.01057e-12
9.09396e-12
-2.27715e-11
2.6602e-11
-1.80831e-11
2.93129e-12
9.43847e-12
-1.27693e-11
6.96293e-12
2.46025e-12
-8.17793e-12
5.49263e-12
3.71243e-12
-1.233e-11
1.38732e-11
-8.44933e-12
1.6752e-12
7.98635e-13
2.28139e-12
-8.60476e-12
1.41744e-11
-1.51383e-11
9.56975e-12
-2.0315e-13
-6.90433e-12
7.33141e-12
-2.36578e-12
-3.76668e-12
8.58674e-12
-1.26521e-11
1.64958e-11
-1.97951e-11
2.24761e-11
-2.5024e-11
2.61587e-11
-2.3416e-11
1.62618e-11
-7.78384e-12
1.06474e-12
3.55476e-12
-6.98584e-12
7.85563e-12
-3.76974e-12
-5.43352e-12
1.68686e-11
-2.76966e-11
3.60869e-11
-4.03372e-11
3.88401e-11
-3.2809e-11
2.58991e-11
-2.04747e-11
1.47267e-11
-6.0019e-12
-4.943e-12
1.35553e-11
-1.54965e-11
8.81877e-12
5.58155e-12
-2.4072e-11
4.01044e-11
-4.77557e-11
4.61733e-11
-4.04107e-11
3.58707e-11
-3.34454e-11
2.95467e-11
-2.0656e-11
6.2629e-12
1.01156e-11
-2.20615e-11
2.26101e-11
-9.29634e-12
-1.2889e-11
3.37742e-11
-4.54621e-11
4.70806e-11
-4.38245e-11
4.13908e-11
-4.19329e-11
4.25938e-11
-3.77841e-11
2.32607e-11
-1.0535e-12
-2.00589e-11
2.9326e-11
-2.18092e-11
1.60744e-12
2.09863e-11
-3.66346e-11
4.202e-11
-4.09686e-11
4.03662e-11
-4.45765e-11
5.11412e-11
-5.237e-11
4.11774e-11
-1.77826e-11
-9.20366e-12
2.74044e-11
-2.87308e-11
1.41151e-11
7.26887e-12
-2.46457e-11
3.23586e-11
-3.30056e-11
3.39553e-11
-4.0998e-11
5.27686e-11
-6.11446e-11
5.66875e-11
-3.64648e-11
7.22778e-12
1.79272e-11
-2.8141e-11
2.11379e-11
-3.98119e-12
-1.26534e-11
2.13542e-11
-2.26833e-11
2.36778e-11
-3.1831e-11
4.76721e-11
-6.31593e-11
6.68926e-11
-5.30736e-11
2.58741e-11
2.78085e-12
-2.07058e-11
2.20637e-11
-1.05517e-11
-3.79968e-12
1.17396e-11
-1.20518e-11
1.17438e-11
-1.95174e-11
3.72804e-11
-5.80294e-11
7.02049e-11
-6.54957e-11
4.39283e-11
-1.47789e-11
-8.63997e-12
1.69757e-11
-1.1207e-11
6.99302e-13
4.85515e-12
-3.44147e-12
1.04842e-12
-6.20497e-12
2.27966e-11
-4.67708e-11
6.71474e-11
-7.24362e-11
5.83047e-11
-3.17801e-11
6.49071e-12
6.72939e-12
-6.83892e-12
9.3765e-13
2.23595e-12
9.37806e-13
-6.83909e-12
6.72945e-12
6.49082e-12
-3.17804e-11
5.83051e-11
-7.24366e-11
6.71477e-11
-4.6771e-11
2.27966e-11
-6.20499e-12
1.04857e-12
-3.44173e-12
4.85543e-12
6.99115e-13
-1.12069e-11
1.69758e-11
-8.64025e-12
-1.47785e-11
4.3928e-11
-6.54955e-11
7.02048e-11
-5.80293e-11
3.72802e-11
-1.95171e-11
1.17435e-11
-1.20516e-11
1.17395e-11
-3.79971e-12
-1.05515e-11
2.20634e-11
-2.07054e-11
2.78061e-12
2.58742e-11
-5.30736e-11
6.68926e-11
-6.31593e-11
4.76722e-11
-3.18311e-11
2.36779e-11
-2.26834e-11
2.13541e-11
-1.26533e-11
-3.98139e-12
2.1138e-11
-2.81409e-11
1.7927e-11
7.22811e-12
-3.64652e-11
5.66878e-11
-6.11448e-11
5.27686e-11
-4.0998e-11
3.39553e-11
-3.30056e-11
3.23587e-11
-2.46456e-11
7.26854e-12
1.41156e-11
-2.87315e-11
2.74051e-11
-9.20425e-12
-1.77822e-11
4.11772e-11
-5.23699e-11
5.11411e-11
-4.45765e-11
4.03663e-11
-4.09689e-11
4.20204e-11
-3.66353e-11
2.09871e-11
1.60665e-12
-2.18086e-11
2.93255e-11
-2.00586e-11
-1.05379e-12
2.32609e-11
-3.77841e-11
4.25937e-11
-4.19326e-11
4.13903e-11
-4.3824e-11
4.70801e-11
-4.54617e-11
3.37738e-11
-1.28886e-11
-9.29675e-12
2.26104e-11
-2.20617e-11
1.01157e-11
6.26305e-12
-2.06563e-11
2.9547e-11
-3.34457e-11
3.58708e-11
-4.04106e-11
4.61732e-11
-4.77558e-11
4.01046e-11
-2.40722e-11
5.58174e-12
8.81874e-12
-1.54966e-11
1.35555e-11
-4.94316e-12
-6.00191e-12
1.4727e-11
-2.0475e-11
2.58994e-11
-3.28092e-11
3.88401e-11
-4.03372e-11
3.60868e-11
-2.76966e-11
1.68686e-11
-5.43361e-12
-3.76965e-12
7.85559e-12
-6.98588e-12
3.55486e-12
1.0646e-12
-7.78371e-12
1.62617e-11
-2.3416e-11
2.61588e-11
-2.50241e-11
2.24762e-11
-1.97951e-11
1.64956e-11
-1.26517e-11
8.5863e-12
-3.76629e-12
-2.36604e-12
7.33156e-12
-6.90447e-12
-2.0295e-13
9.56948e-12
-1.5138e-11
1.41741e-11
-8.60472e-12
2.28174e-12
7.9793e-13
1.67605e-12
-8.45008e-12
1.38738e-11
-1.23304e-11
3.71282e-12
5.49217e-12
-8.17737e-12
2.45963e-12
6.96343e-12
-1.27694e-11
9.43809e-12
2.93207e-12
-1.8084e-11
2.66028e-11
-2.27721e-11
9.0944e-12
5.01014e-12
-1.06598e-11
5.88395e-12
3.12614e-12
-7.47274e-12
2.34748e-12
8.78966e-12
-1.66785e-11
1.25905e-11
4.9222e-12
-2.85283e-11
4.59375e-11
-4.79838e-11
3.47688e-11
-1.60153e-11
3.43872e-12
-2.03234e-12
6.89378e-12
-8.91207e-12
2.43896e-12
1.03539e-11
-2.1193e-11
2.03155e-11
-3.23454e-12
-2.48033e-11
5.03169e-11
-6.10989e-11
5.49486e-11
-4.00876e-11
2.66925e-11
-1.97216e-11
1.74777e-11
-1.49218e-11
7.00394e-12
7.03729e-12
-2.11584e-11
2.49866e-11
-1.26032e-11
-1.17534e-11
3.67594e-11
-5.31537e-11
5.82849e-11
-5.47181e-11
4.6597e-11
-3.80893e-11
3.11635e-11
-2.42147e-11
1.36954e-11
4.76805e-13
-1.31652e-11
1.79268e-11
-1.28173e-11
6.05408e-13
1.44285e-11
-2.91781e-11
4.11582e-11
-4.85147e-11
5.03492e-11
-4.70437e-11
3.91072e-11
-2.75489e-11
1.46655e-11
-4.24412e-12
-1.03971e-12
1.51822e-12
-3.07543e-13
-6.35563e-14
5.50268e-14
-3.06845e-12
1.1659e-11
-2.43351e-11
3.52588e-11
-3.83843e-11
3.14153e-11
-1.76355e-11
4.04082e-12
1.95918e-12
2.43783e-12
-1.26183e-11
1.88012e-11
-1.44036e-11
1.98419e-12
8.86578e-12
-1.04195e-11
2.40775e-12
8.66963e-12
-1.45325e-11
9.53725e-12
4.94878e-12
-1.96763e-11
2.27239e-11
-9.82321e-12
-1.11838e-11
2.64072e-11
-2.73359e-11
1.55441e-11
5.32808e-13
-1.22758e-11
1.5247e-11
-1.18754e-11
9.96225e-12
-1.68186e-11
3.16609e-11
-4.51292e-11
4.65344e-11
-3.28326e-11
1.01706e-11
1.09372e-11
-2.24956e-11
2.22795e-11
-1.37983e-11
2.75853e-12
6.67996e-12
-1.443e-11
2.30005e-11
-3.4384e-11
4.69245e-11
-5.5842e-11
5.63299e-11
-4.76916e-11
3.34576e-11
-1.8227e-11
4.16321e-12
7.9097e-12
-1.61151e-11
1.72484e-11
-9.96462e-12
-3.99155e-12
2.07288e-11
-3.5882e-11
4.48568e-11
-4.52634e-11
3.96568e-11
-3.46902e-11
3.4258e-11
-3.51083e-11
3.01099e-11
-1.65054e-11
-1.10475e-12
1.41315e-11
-1.59076e-11
4.94702e-12
1.33262e-11
-2.85013e-11
3.10901e-11
-2.03909e-11
5.56023e-12
1.50402e-12
3.88157e-12
-1.63433e-11
2.53275e-11
-2.37061e-11
1.24796e-11
1.61427e-13
-5.29135e-12
-4.93461e-13
1.22986e-11
-2.03723e-11
1.64018e-11
1.5121e-13
-2.11747e-11
3.51034e-11
-3.57942e-11
2.61798e-11
-1.42476e-11
5.33685e-12
1.84603e-13
-4.40267e-12
8.58455e-12
-1.29392e-11
1.60307e-11
-1.47018e-11
5.87699e-12
9.34513e-12
-2.58468e-11
3.89222e-11
-4.8056e-11
5.41386e-11
-5.55613e-11
4.85568e-11
-3.22715e-11
1.10542e-11
7.49719e-12
-1.70695e-11
1.53316e-11
-5.25017e-12
-6.66348e-12
1.41841e-11
-1.6268e-11
1.7677e-11
-2.49222e-11
3.93867e-11
-5.45285e-11
5.94935e-11
-4.81517e-11
2.48646e-11
-2.18948e-12
-8.59306e-12
4.5463e-12
8.29757e-12
-2.0055e-11
2.24843e-11
-1.41345e-11
1.67599e-12
4.47047e-12
4.7788e-13
-1.12829e-11
1.77797e-11
-1.48947e-11
5.93213e-12
1.67596e-12
-2.71525e-12
-3.72108e-12
1.43023e-11
-2.33035e-11
2.53311e-11
-1.90702e-11
7.42924e-12
5.45256e-12
-1.77735e-11
2.94002e-11
-3.93384e-11
4.40772e-11
-4.01649e-11
2.78111e-11
-1.24698e-11
8.66293e-13
4.21382e-12
-5.76453e-12
8.13398e-12
-1.23659e-11
1.4931e-11
-1.06266e-11
-4.39708e-12
2.89626e-11
-5.4902e-11
6.95356e-11
-6.48763e-11
4.48348e-11
-2.28877e-11
1.07845e-11
-1.05496e-11
1.53647e-11
-1.69638e-11
1.13599e-11
-1.23698e-12
-6.17891e-12
3.92536e-12
8.63145e-12
-2.45577e-11
3.3873e-11
-3.13383e-11
1.99347e-11
-8.26021e-12
3.29355e-12
-5.85614e-12
1.16197e-11
-1.66975e-11
2.02699e-11
-2.28584e-11
2.3137e-11
-1.89086e-11
9.40148e-12
3.71578e-12
-1.7614e-11
2.83806e-11
-3.22376e-11
2.84254e-11
-2.16457e-11
1.80011e-11
-1.83482e-11
1.63744e-11
-5.55724e-12
-1.33231e-11
3.09742e-11
-3.6256e-11
2.3654e-11
2.64846e-12
-3.1328e-11
5.03264e-11
-5.41219e-11
4.61137e-11
-3.57388e-11
3.1192e-11
-3.355e-11
3.5924e-11
-3.03529e-11
1.58242e-11
-1.09841e-13
-7.70288e-12
4.73416e-12
4.82302e-12
-1.50966e-11
2.20137e-11
-2.39723e-11
2.12457e-11
-1.61723e-11
1.12261e-11
-7.32761e-12
4.28735e-12
-3.75075e-12
8.74466e-12
-1.99081e-11
3.20162e-11
-3.67253e-11
2.88864e-11
-1.16258e-11
-5.85239e-12
1.54297e-11
-1.68417e-11
1.66589e-11
-2.16852e-11
3.24907e-11
-4.3245e-11
4.53843e-11
-3.3188e-11
8.22459e-12
1.88884e-11
-3.42599e-11
3.05783e-11
-1.29265e-11
-6.78354e-12
1.98508e-11
-2.59861e-11
2.95209e-11
-3.38218e-11
3.8492e-11
-4.10622e-11
3.93906e-11
-3.37808e-11
2.64824e-11
-2.02356e-11
1.62177e-11
-1.38944e-11
1.16798e-11
-9.19607e-12
8.3182e-12
-1.17316e-11
1.80807e-11
-2.05261e-11
1.2011e-11
6.11004e-12
-2.32255e-11
2.74969e-11
-1.54875e-11
-6.34753e-12
2.66398e-11
-3.62539e-11
3.26072e-11
-2.0826e-11
9.52285e-12
-4.25701e-12
2.85391e-12
1.95466e-12
-1.56141e-11
3.5645e-11
-5.28686e-11
5.82878e-11
-5.0474e-11
3.53865e-11
-2.02637e-11
8.00086e-12
1.40222e-12
-7.16842e-12
6.91296e-12
1.37768e-13
-1.17529e-11
2.33607e-11
-3.00153e-11
2.8039e-11
-1.83194e-11
7.44959e-12
-4.20618e-12
1.18922e-11
-2.49485e-11
3.30112e-11
-3.01436e-11
1.99269e-11
-1.24909e-11
1.48454e-11
-2.44273e-11
3.10898e-11
-2.60678e-11
8.09846e-12
1.65091e-11
-3.84041e-11
4.94051e-11
-4.66586e-11
3.39488e-11
-1.88543e-11
6.31711e-12
3.60979e-12
-1.23435e-11
1.79051e-11
-1.61923e-11
5.92883e-12
8.095e-12
-1.85245e-11
2.15526e-11
-2.05357e-11
2.22003e-11
-2.98104e-11
3.93454e-11
-4.34275e-11
3.75924e-11
-2.40462e-11
1.01805e-11
-4.88066e-12
1.26206e-11
-2.90458e-11
4.18968e-11
-4.01168e-11
2.26909e-11
7.4591e-13
-1.88019e-11
2.64537e-11
-2.63152e-11
2.29901e-11
-1.8245e-11
1.05279e-11
8.10719e-13
-1.29594e-11
2.10458e-11
-2.24963e-11
1.83074e-11
-1.15362e-11
4.62614e-12
1.65234e-12
-9.25115e-12
2.13341e-11
-3.81894e-11
5.32276e-11
-5.65145e-11
4.3593e-11
-2.15733e-11
4.43953e-12
-2.53716e-12
1.47577e-11
-3.06664e-11
3.89404e-11
-3.55319e-11
2.41334e-11
-1.12518e-11
9.02632e-13
5.97108e-12
-1.02667e-11
1.29266e-11
-1.39093e-11
1.12081e-11
-3.15846e-12
-8.40298e-12
1.79235e-11
-2.15747e-11
2.11122e-11
-2.15608e-11
2.40673e-11
-2.31989e-11
1.13829e-11
1.25047e-11
-3.97856e-11
5.69707e-11
-5.62254e-11
4.08099e-11
-2.19176e-11
1.00604e-11
-9.64987e-12
1.79543e-11
-2.79674e-11
3.26207e-11
-2.98527e-11
2.32605e-11
-1.77842e-11
1.40032e-11
-8.67207e-12
-2.46302e-13
9.51723e-12
-1.33622e-11
9.19321e-12
-9.96738e-13
-4.75426e-12
5.95239e-12
-7.6107e-12
1.57211e-11
-2.9705e-11
4.1072e-11
-4.03017e-11
2.37385e-11
3.70456e-12
-3.13274e-11
4.78559e-11
-4.82217e-11
3.66033e-11
-2.34192e-11
1.71085e-11
-1.87987e-11
2.32789e-11
-2.55796e-11
2.55329e-11
-2.66749e-11
2.99701e-11
-3.10727e-11
2.45328e-11
-1.11436e-11
-1.88333e-12
7.65532e-12
-6.19289e-12
3.08466e-12
-3.72203e-12
8.14545e-12
-1.1165e-11
6.08886e-12
9.35297e-12
-3.00898e-11
4.54463e-11
-4.58833e-11
2.92513e-11
-3.16017e-12
-2.00486e-11
3.18012e-11
-3.30384e-11
3.04695e-11
-2.86227e-11
2.62443e-11
-2.13873e-11
1.65205e-11
-1.74168e-11
2.63913e-11
-3.8784e-11
4.56693e-11
-4.12852e-11
2.75029e-11
-1.22862e-11
2.74297e-12
-2.38099e-13
3.28782e-13
2.69909e-12
-1.14664e-11
2.23987e-11
-2.72401e-11
1.8926e-11
1.06631e-12
-2.25977e-11
3.4387e-11
-3.28042e-11
2.24248e-11
-1.00019e-11
-1.86398e-12
1.41531e-11
-2.65759e-11
3.41418e-11
-3.13111e-11
1.88819e-11
-6.04981e-12
3.2803e-12
-1.40806e-11
3.25666e-11
-4.85974e-11
5.4106e-11
-4.76849e-11
3.445e-11
-2.22085e-11
1.51643e-11
-1.12715e-11
4.74718e-12
7.48449e-12
-2.21772e-11
3.15755e-11
-3.05569e-11
2.13054e-11
-1.09876e-11
3.8173e-12
1.98051e-12
-9.44146e-12
1.60473e-11
-1.48969e-11
1.99563e-12
1.76398e-11
-3.25834e-11
3.32427e-11
-1.96339e-11
1.12844e-12
1.03149e-11
-8.27284e-12
-5.75237e-12
2.45751e-11
-4.02653e-11
4.80903e-11
-4.86971e-11
4.54503e-11
-3.99881e-11
3.03082e-11
-1.4993e-11
-2.66218e-12
1.55836e-11
-1.95692e-11
1.75892e-11
-1.74764e-11
2.35302e-11
-3.14962e-11
3.22816e-11
-2.22971e-11
8.17401e-12
-1.24431e-12
6.94628e-12
-2.08617e-11
3.28576e-11
-3.50292e-11
2.59692e-11
-1.04731e-11
-4.84097e-12
1.51131e-11
-1.86413e-11
1.53499e-11
-5.78466e-12
-9.37117e-12
2.78679e-11
-4.45139e-11
5.12614e-11
-4.24631e-11
2.09548e-11
1.4463e-12
-1.28536e-11
1.07748e-11
-3.6023e-12
1.87642e-12
-8.99346e-12
1.9153e-11
-2.48577e-11
2.47831e-11
-2.44648e-11
2.8815e-11
-3.66834e-11
4.25052e-11
-4.26935e-11
3.81656e-11
-3.22803e-11
2.65691e-11
-1.93835e-11
7.48357e-12
9.63592e-12
-2.74293e-11
3.762e-11
-3.37535e-11
1.61252e-11
6.46774e-12
-2.14743e-11
2.08293e-11
-7.29456e-12
-8.67311e-12
1.80503e-11
-1.98619e-11
1.81385e-11
-1.52306e-11
9.05248e-12
2.02006e-12
-1.38071e-11
1.6874e-11
-4.98359e-12
-1.78716e-11
3.92545e-11
-4.87845e-11
4.56693e-11
-3.72972e-11
3.10435e-11
-2.87298e-11
2.65515e-11
-1.99602e-11
7.92001e-12
5.83923e-12
-1.62044e-11
2.0355e-11
-1.96782e-11
1.79817e-11
-1.86e-11
2.14472e-11
-2.39796e-11
2.49524e-11
-2.74487e-11
3.52055e-11
-4.63179e-11
5.14447e-11
-4.12664e-11
1.56568e-11
1.3754e-11
-3.19671e-11
3.18754e-11
-1.88664e-11
3.74547e-12
6.89611e-12
-1.35593e-11
1.79797e-11
-1.84743e-11
1.14663e-11
2.54611e-12
-1.691e-11
2.25527e-11
-1.54805e-11
2.31003e-13
1.31323e-11
-1.66614e-11
9.10048e-12
4.42015e-12
-1.69957e-11
2.44026e-11
-2.78619e-11
3.17362e-11
-3.85144e-11
4.51091e-11
-4.57836e-11
3.78948e-11
-2.51498e-11
1.38916e-11
-7.05533e-12
1.36847e-12
7.58737e-12
-1.86165e-11
2.42267e-11
-1.92093e-11
8.07511e-12
-2.93423e-12
1.23254e-11
-3.32643e-11
5.32402e-11
-6.07738e-11
5.3459e-11
-3.74847e-11
1.98118e-11
-3.27686e-12
-1.18155e-11
2.29087e-11
-2.52844e-11
1.61756e-11
9.21904e-13
-1.71111e-11
2.288e-11
-1.46477e-11
-2.85378e-12
1.94342e-11
-2.63952e-11
2.14569e-11
-9.61601e-12
-1.44938e-12
7.10607e-12
-8.64864e-12
9.36357e-12
-9.21366e-12
4.0492e-12
8.44115e-12
-2.41863e-11
3.46965e-11
-3.51329e-11
2.91823e-11
-2.57631e-11
2.91364e-11
-3.39909e-11
3.08286e-11
-1.70026e-11
6.30348e-14
9.26209e-12
-7.46206e-12
5.20308e-13
2.31547e-12
2.82772e-12
-1.29367e-11
2.32637e-11
-3.30974e-11
4.43578e-11
-5.64345e-11
6.34859e-11
-5.86202e-11
3.98207e-11
-1.32164e-11
-1.00514e-11
2.03451e-11
-1.58067e-11
2.68704e-12
9.1038e-12
-1.24707e-11
6.22376e-12
5.67915e-12
-1.86775e-11
3.06015e-11
-4.08297e-11
4.62939e-11
-4.16239e-11
2.42362e-11
2.00468e-14
-1.88905e-11
2.22508e-11
-1.07803e-11
-4.85587e-12
1.34473e-11
-1.30646e-11
1.01727e-11
-1.0705e-11
1.30317e-11
-1.14063e-11
3.98058e-12
3.49852e-12
-3.57845e-12
-4.73438e-12
1.38849e-11
-1.55448e-11
8.90957e-12
-1.07313e-12
-1.4888e-12
-3.97842e-13
-3.75645e-13
9.48618e-12
-2.56699e-11
4.13591e-11
-4.92818e-11
4.7517e-11
-3.95656e-11
2.97773e-11
-2.04723e-11
1.18834e-11
-4.53632e-12
2.6743e-13
-1.56571e-12
8.13489e-12
-1.47789e-11
1.30343e-11
2.36462e-12
-2.84462e-11
5.42589e-11
-6.80671e-11
6.51785e-11
-5.07125e-11
3.36847e-11
-1.95045e-11
7.94286e-12
1.44328e-12
-5.3921e-12
-4.94705e-13
1.43661e-11
-2.59017e-11
2.28479e-11
-2.3366e-12
-2.54802e-11
4.5347e-11
-4.9699e-11
4.24826e-11
-3.23688e-11
2.32921e-11
-1.33784e-11
1.01485e-12
9.34598e-12
-1.02707e-11
-3.90958e-13
1.49174e-11
-2.19371e-11
1.63397e-11
-3.42366e-12
-7.21177e-12
1.01242e-11
-7.6475e-12
5.28346e-12
-5.43667e-12
5.29677e-12
-1.42903e-12
-5.74603e-12
1.17286e-11
-1.24516e-11
7.56991e-12
-6.42336e-13
-4.59059e-12
7.48218e-12
-1.10349e-11
1.79451e-11
-2.70479e-11
3.30341e-11
-3.09688e-11
2.0831e-11
-8.96601e-12
3.35077e-12
-7.14917e-12
1.58339e-11
-2.19858e-11
2.16942e-11
-1.66891e-11
9.73681e-12
-1.97187e-13
-1.54245e-11
3.69275e-11
-5.64134e-11
6.23879e-11
-5.04595e-11
2.85109e-11
-1.09843e-11
6.75013e-12
-1.34323e-11
2.19707e-11
-2.64706e-11
2.76128e-11
-2.7574e-11
2.30752e-11
-7.48783e-12
-2.03267e-11
5.02941e-11
-6.73626e-11
6.3462e-11
-4.44421e-11
2.43001e-11
-1.35427e-11
1.23139e-11
-1.49807e-11
1.81449e-11
-2.30808e-11
3.00652e-11
-3.39436e-11
2.6547e-11
-5.08603e-12
-2.32489e-11
4.51713e-11
-5.16448e-11
4.38498e-11
-3.04869e-11
1.94214e-11
-1.31608e-11
1.0079e-11
-9.06551e-12
1.10669e-11
-1.69924e-11
2.39874e-11
-2.61047e-11
1.86888e-11
-3.10112e-12
-1.38934e-11
2.4557e-11
-2.57574e-11
2.03383e-11
-1.41775e-11
1.0658e-11
-8.86071e-12
5.99336e-12
-1.82346e-12
-7.09883e-13
-1.58388e-12
7.74189e-12
-1.26482e-11
1.14595e-11
-5.08091e-12
-6.74935e-13
9.76662e-13
2.61226e-12
-4.19298e-12
1.1932e-13
6.00867e-12
-6.74149e-12
-1.29863e-12
1.27297e-11
-1.86246e-11
1.51644e-11
-6.95094e-12
7.26632e-13
2.07251e-12
-6.27695e-12
1.54453e-11
-2.56215e-11
2.77274e-11
-1.78785e-11
3.01411e-12
4.4035e-12
1.70658e-12
-1.59989e-11
2.74663e-11
-3.02842e-11
2.71767e-11
-2.3289e-11
1.79126e-11
-5.66033e-12
-1.4987e-11
3.57489e-11
-4.4311e-11
3.55807e-11
-1.75585e-11
4.40683e-12
-4.44618e-12
1.43168e-11
-2.5374e-11
3.28939e-11
-3.83445e-11
4.27354e-11
-4.16066e-11
2.79401e-11
-1.31318e-12
-2.81416e-11
4.59033e-11
-4.51323e-11
3.15593e-11
-1.75442e-11
1.13058e-11
-1.29911e-11
1.86564e-11
-2.66659e-11
3.78069e-11
-5.0469e-11
5.71091e-11
-4.90354e-11
2.46222e-11
7.02445e-12
-3.22554e-11
4.23055e-11
-3.8534e-11
2.87024e-11
-1.9977e-11
1.48707e-11
-1.37782e-11
1.80325e-11
-2.94063e-11
4.57228e-11
-5.93248e-11
6.05631e-11
-4.5152e-11
1.79367e-11
9.83265e-12
-2.84719e-11
3.49732e-11
-3.2598e-11
2.61399e-11
-1.90543e-11
1.34512e-11
-1.2275e-11
1.87542e-11
-3.3328e-11
5.03931e-11
-6.04822e-11
5.61659e-11
-3.77255e-11
1.27324e-11
9.08333e-12
-2.22836e-11
2.71321e-11
-2.66628e-11
2.27444e-11
-1.65122e-11
1.06664e-11
-1.03856e-11
1.95183e-11
-3.617e-11
5.1699e-11
-5.65308e-11
4.71901e-11
-2.87545e-11
9.61031e-12
4.85817e-12
-1.45477e-11
2.08994e-11
-2.33666e-11
1.98814e-11
-1.17747e-11
5.59024e-12
-8.87098e-12
2.25802e-11
-3.93119e-11
4.87809e-11
-4.63726e-11
3.55553e-11
-2.31415e-11
1.21256e-11
-1.06714e-12
-1.09552e-11
2.00418e-11
-2.07839e-11
1.28221e-11
-3.70296e-12
2.86229e-12
-1.31213e-11
2.77341e-11
-3.73296e-11
3.8268e-11
-3.43458e-11
3.00789e-11
-2.50793e-11
1.52921e-11
-2.51568e-13
-1.36632e-11
1.8081e-11
-1.18071e-11
2.78337e-12
-9.07262e-13
8.4602e-12
-1.9232e-11
2.57701e-11
-2.72352e-11
2.82533e-11
-3.15183e-11
3.27438e-11
-2.55663e-11
9.87138e-12
5.80738e-12
-1.21666e-11
8.04193e-12
-1.53113e-12
1.09862e-12
-7.39233e-12
1.39274e-11
-1.61017e-11
1.6465e-11
-2.08905e-11
2.97354e-11
-3.579e-11
3.11927e-11
-1.67563e-11
1.93608e-12
4.22953e-12
-2.07958e-12
-6.47974e-13
-2.01591e-12
7.83903e-12
-1.06034e-11
8.58721e-12
-7.74561e-12
1.44303e-11
-2.69875e-11
3.57723e-11
-3.30884e-11
2.09965e-11
-9.17568e-12
4.51707e-12
-5.0003e-12
4.05516e-12
-9.92132e-13
-3.73039e-13
3.29615e-13
3.36319e-14
2.73134e-14
4.05469e-15
0
