0
2.55678e-16
3.61617e-15
2.42247e-14
7.05371e-14
-3.0408e-13
4.21874e-12
-1.90678e-11
4.6575e-11
-6.86989e-11
6.54246e-11
-3.49691e-11
-1.00603e-11
5.0911e-11
-7.05769e-11
6.08669e-11
-2.58133e-11
-2.00106e-11
5.75436e-11
-7.11712e-11
5.52082e-11
-1.62734e-11
-2.9463e-11
6.29946e-11
-7.03799e-11
4.85343e-11
-6.51868e-12
-3.82241e-11
6.7115e-11
-6.81641e-11
4.09419e-11
3.24166e-12
-4.60467e-11
6.97248e-11
-6.44941e-11
3.25798e-11
1.27296e-11
-5.26302e-11
7.06285e-11
-5.93758e-11
2.36735e-11
2.15784e-11
-5.76227e-11
6.9649e-11
-5.29009e-11
1.45618e-11
2.93363e-11
-6.06515e-11
6.6666e-11
-4.5277e-11
5.71303e-12
3.54717e-11
-6.13594e-11
6.16726e-11
-3.68714e-11
-2.28289e-12
3.94235e-11
-5.94766e-11
5.48294e-11
-2.82245e-11
-8.72846e-12
4.06553e-11
-5.48802e-11
4.65053e-11
-2.005e-11
-1.28844e-11
3.87429e-11
-4.76767e-11
3.73107e-11
-1.31961e-11
-1.40504e-11
3.34755e-11
-3.82607e-11
2.80845e-11
-8.56596e-12
-1.1692e-11
2.49525e-11
-2.73493e-11
1.98373e-11
-6.98688e-12
-5.57186e-12
1.3672e-11
-1.59606e-11
1.36378e-11
-9.0546e-12
4.11584e-12
5.60874e-13
-5.33603e-12
1.04435e-11
-1.49569e-11
1.66532e-11
-1.30609e-11
3.21884e-12
1.08969e-11
-2.43134e-11
3.07654e-11
-2.5603e-11
8.56765e-12
1.50928e-11
-3.60713e-11
4.47e-11
-3.54327e-11
1.00032e-11
2.24187e-11
-4.85242e-11
5.6436e-11
-4.11828e-11
7.50699e-12
3.14705e-11
-5.94691e-11
6.4008e-11
-4.20842e-11
1.92458e-12
4.01498e-11
-6.65326e-11
6.59108e-11
-3.82575e-11
-5.02482e-12
4.59429e-11
-6.76269e-11
6.15175e-11
-3.08682e-11
-1.09413e-11
4.6405e-11
-6.14896e-11
5.13937e-11
-2.20291e-11
-1.3228e-11
3.9791e-11
-4.81465e-11
3.73558e-11
-1.44326e-11
-9.73133e-12
2.56547e-11
-2.91653e-11
2.22305e-11
-1.06948e-11
5.29779e-13
5.28001e-12
-7.54677e-12
9.22932e-12
-1.25367e-11
1.67576e-11
-1.82605e-11
1.2819e-11
1.08252e-12
-2.00253e-11
3.61546e-11
-4.057e-11
2.80944e-11
-9.09025e-13
-3.1153e-11
5.42821e-11
-5.69205e-11
3.56195e-11
2.469e-12
-4.20221e-11
6.60436e-11
-6.35663e-11
3.48821e-11
8.26023e-12
-4.77478e-11
6.71567e-11
-5.90227e-11
2.79067e-11
1.20799e-11
-4.39953e-11
5.57057e-11
-4.48295e-11
1.88036e-11
9.59439e-12
-2.87269e-11
3.32258e-11
-2.53656e-11
1.23768e-11
-1.61833e-12
-3.52919e-12
4.7586e-12
-6.55482e-12
1.21649e-11
-2.05124e-11
2.61335e-11
-2.24087e-11
6.25065e-12
1.86207e-11
-4.21144e-11
5.21712e-11
-4.11073e-11
1.04911e-11
2.83138e-11
-5.86985e-11
6.64918e-11
-4.69854e-11
7.68121e-12
3.48379e-11
-6.25088e-11
6.41404e-11
-4.03964e-11
2.97134e-12
3.14357e-11
-4.91979e-11
4.57151e-11
-2.64286e-11
2.74951e-12
1.45153e-11
-2.05176e-11
1.76886e-11
-1.26734e-11
1.10955e-11
-1.35423e-11
1.52808e-11
-9.90299e-12
-5.46883e-12
2.67877e-11
-4.39892e-11
4.60849e-11
-2.77659e-11
-6.35927e-12
4.26727e-11
-6.46053e-11
6.09022e-11
-3.17162e-11
-1.08869e-11
4.84878e-11
-6.517e-11
5.50685e-11
-2.47135e-11
-1.0919e-11
3.63355e-11
-4.30701e-11
3.28441e-11
-1.50065e-11
1.30875e-13
6.21363e-12
-5.87992e-12
5.51771e-12
-1.08901e-11
2.19165e-11
-3.18372e-11
3.1232e-11
-1.45614e-11
-1.49223e-11
4.52343e-11
-6.12188e-11
5.27475e-11
-2.09251e-11
-2.14608e-11
5.58331e-11
-6.70687e-11
5.1068e-11
-1.653e-11
-1.99921e-11
4.28743e-11
-4.51221e-11
3.07787e-11
-1.10658e-11
-3.06479e-12
7.30309e-12
-5.4964e-12
5.62273e-12
-1.3132e-11
2.61435e-11
-3.58415e-11
3.20537e-11
-1.05768e-11
-2.25184e-11
5.26971e-11
-6.43311e-11
4.95179e-11
-1.31611e-11
-2.89115e-11
5.79544e-11
-6.19854e-11
4.16645e-11
-9.1036e-12
-1.94819e-11
3.2802e-11
-2.98614e-11
1.87404e-11
-9.98434e-12
9.09783e-12
-1.30754e-11
1.31503e-11
-1.86469e-12
-2.03676e-11
4.37903e-11
-5.43431e-11
4.23148e-11
-9.25923e-12
-3.1441e-11
6.10997e-11
-6.57761e-11
4.3908e-11
-6.99282e-12
-2.70854e-11
4.40292e-11
-4.04192e-11
2.41017e-11
-7.84345e-12
5.94042e-13
-2.09487e-12
4.21072e-12
2.11181e-12
-1.91397e-11
3.93198e-11
-4.92782e-11
3.85178e-11
-7.20669e-12
-3.22608e-11
6.13399e-11
-6.56607e-11
4.32901e-11
-5.82435e-12
-2.84173e-11
4.48689e-11
-4.03936e-11
2.35556e-11
-7.71548e-12
1.7125e-12
-4.41614e-12
6.62223e-12
1.15122e-12
-2.05314e-11
4.25871e-11
-5.28033e-11
4.06379e-11
-7.42949e-12
-3.29166e-11
6.11937e-11
-6.39546e-11
4.11677e-11
-5.98024e-12
-2.37076e-11
3.57068e-11
-3.02463e-11
1.75977e-11
-1.01866e-11
1.27019e-11
-1.98077e-11
1.94545e-11
-4.03106e-12
-2.44834e-11
5.16414e-11
-6.20772e-11
4.55954e-11
-9.41457e-12
-3.15444e-11
5.54864e-11
-5.60782e-11
3.37247e-11
-8.43978e-12
-1.10186e-11
1.17591e-11
-8.9841e-12
4.12635e-12
-1.7214e-11
3.01873e-11
-4.72695e-11
3.55865e-11
-1.45108e-11
-3.15052e-11
5.40499e-11
-7.0473e-11
4.03309e-11
-1.67991e-11
-2.74478e-11
2.78371e-11
-3.8353e-11
9.71985e-12
-1.98869e-11
5.64466e-12
-3.44217e-11
1.5445e-11
-2.08584e-11
-3.21662e-11
4.0191e-11
-7.70386e-11
3.88829e-11
-2.84479e-11
-3.51358e-11
3.29247e-11
-5.85405e-11
1.63119e-11
-2.4221e-11
-8.37763e-12
-2.13956e-11
1.55613e-12
-1.93121e-11
-2.67501e-11
3.2351e-11
-7.10317e-11
4.32325e-11
-3.01703e-11
-2.69256e-11
4.16932e-11
-5.87258e-11
3.3504e-11
-1.65825e-11
-1.51464e-13
1.1462e-12
9.97409e-12
1.53744e-13
-3.20326e-12
4.72448e-11
-4.39957e-11
6.9637e-11
-8.67609e-12
7.42679e-12
7.01456e-11
-2.85492e-11
7.22047e-11
1.57364e-11
3.81952e-11
4.16532e-11
4.9565e-11
4.09355e-11
4.3644e-11
8.79409e-11
2.52569e-12
1.18521e-10
3.20853e-11
6.11538e-11
1.12108e-10
2.07062e-11
1.19011e-10
5.91194e-11
8.64812e-11
7.98937e-11
9.67861e-11
7.41556e-11
8.50036e-11
1.19614e-10
3.17389e-11
1.49326e-10
4.83418e-11
8.64995e-11
1.16913e-10
3.54132e-11
1.14914e-10
5.48078e-11
7.88289e-11
5.02273e-11
8.15892e-11
2.68321e-11
4.75412e-11
6.33553e-11
-3.2716e-11
7.92846e-11
-3.97082e-11
1.84922e-13
8.12546e-13
-6.59143e-11
-2.52371e-11
-7.68201e-11
-6.74885e-11
-1.23628e-10
-7.38128e-11
-1.72117e-10
-1.37103e-10
-1.47071e-10
-2.45328e-10
-1.49371e-10
-2.74245e-10
-2.38595e-10
-2.66997e-10
-3.03579e-10
-3.14837e-10
-3.35164e-10
-3.44557e-10
-4.15069e-10
-3.39245e-10
-4.68739e-10
-4.08262e-10
-4.35363e-10
-5.07853e-10
-4.33727e-10
-5.23802e-10
-4.89742e-10
-5.23183e-10
-4.99831e-10
-5.5339e-10
-5.04953e-10
-5.18945e-10
-5.64524e-10
-4.52607e-10
-5.6413e-10
-4.64428e-10
-4.75771e-10
-4.75048e-10
-4.18719e-10
-4.10302e-10
-3.66772e-10
-3.59919e-10
-2.48786e-10
-3.06611e-10
-1.6146e-10
-1.5041e-10
-1.21457e-10
2.27796e-11
1.62038e-12
1.35298e-10
1.80598e-10
2.86923e-10
3.28649e-10
4.74479e-10
5.28298e-10
6.06721e-10
7.88351e-10
7.71726e-10
9.80941e-10
1.03391e-09
1.14638e-09
1.27348e-09
1.37588e-09
1.48393e-09
1.58196e-09
1.7481e-09
1.75367e-09
1.97349e-09
2.00119e-09
2.10903e-09
2.25327e-09
2.27619e-09
2.41023e-09
2.4577e-09
2.55922e-09
2.55889e-09
2.69624e-09
2.662e-09
2.71344e-09
2.78091e-09
2.68918e-09
2.77643e-09
2.69058e-09
2.67823e-09
2.60171e-09
2.56702e-09
2.42797e-09
2.34415e-09
2.25034e-09
2.00833e-09
1.95935e-09
1.67757e-09
1.5087e-09
1.27965e-09
1.02e-09
7.4181e-10
4.58794e-10
1.64306e-10
-2.44402e-10
-4.85585e-10
-9.71479e-10
-1.30515e-09
-1.71537e-09
-2.18311e-09
-2.59079e-09
-3.06898e-09
-3.52408e-09
-4.05834e-09
-4.46129e-09
-5.07279e-09
-5.50476e-09
-6.02727e-09
-6.58839e-09
-7.03088e-09
-7.59043e-09
-8.0619e-09
-8.58653e-09
-9.00118e-09
-9.55497e-09
-9.91544e-09
-1.03617e-08
-1.0796e-08
-1.10747e-08
-1.14849e-08
-1.17276e-08
-1.20084e-08
-1.21748e-08
-1.24e-08
-1.24289e-08
-1.25187e-08
-1.25352e-08
-1.2379e-08
-1.23404e-08
-1.20611e-08
-1.18173e-08
-1.14361e-08
-1.10469e-08
-1.04697e-08
-9.92195e-09
-9.2513e-09
-8.4136e-09
-7.66936e-09
-6.63928e-09
-5.66191e-09
-4.52542e-09
-3.35088e-09
-2.0152e-09
-6.93501e-10
7.67999e-10
2.35895e-09
3.86579e-09
5.65528e-09
7.34371e-09
9.18723e-09
1.10454e-08
1.30094e-08
1.49358e-08
1.69714e-08
1.90556e-08
2.10287e-08
2.32214e-08
2.52264e-08
2.73404e-08
2.93875e-08
3.14506e-08
3.34012e-08
3.53804e-08
3.72821e-08
3.90051e-08
4.08308e-08
4.2351e-08
4.38937e-08
4.5242e-08
4.64908e-08
4.75099e-08
4.84475e-08
4.91557e-08
4.95994e-08
5.00029e-08
4.99795e-08
4.98749e-08
4.94397e-08
4.87952e-08
4.78021e-08
4.66345e-08
4.51036e-08
4.32496e-08
4.12339e-08
3.87147e-08
3.60423e-08
3.29568e-08
2.96141e-08
2.58647e-08
2.19245e-08
1.75616e-08
1.29023e-08
8.04252e-09
2.71323e-09
-2.74579e-09
-8.57647e-09
-1.45954e-08
-2.09587e-08
-2.73993e-08
-3.41916e-08
-4.11108e-08
-4.81281e-08
-5.54175e-08
-6.26763e-08
-7.00997e-08
-7.74992e-08
-8.50219e-08
-9.23507e-08
-9.97971e-08
-1.07041e-07
-1.14129e-07
-1.21133e-07
-1.27817e-07
-1.34299e-07
-1.40418e-07
-1.46292e-07
-1.51581e-07
-1.5663e-07
-1.61051e-07
-1.6497e-07
-1.68353e-07
-1.71069e-07
-1.7313e-07
-1.7446e-07
-1.75135e-07
-1.74837e-07
-1.73935e-07
-1.7201e-07
-1.69262e-07
-1.65579e-07
-1.60967e-07
-1.55336e-07
-1.48747e-07
-1.41213e-07
-1.32498e-07
-1.22962e-07
-1.12235e-07
-1.00573e-07
-8.78386e-08
-7.41871e-08
-5.94299e-08
-4.37988e-08
-2.72419e-08
-9.66609e-09
8.60374e-09
2.7812e-08
4.76967e-08
6.83649e-08
8.95317e-08
1.11445e-07
1.33697e-07
1.56396e-07
1.79466e-07
2.02671e-07
2.26063e-07
2.49441e-07
2.72809e-07
2.95813e-07
3.18713e-07
3.40993e-07
3.62806e-07
3.8392e-07
4.04226e-07
4.23547e-07
4.41824e-07
4.58932e-07
4.74558e-07
4.88916e-07
5.01502e-07
5.12458e-07
5.21491e-07
5.28643e-07
5.33567e-07
5.36405e-07
5.36908e-07
5.3491e-07
5.30533e-07
5.23459e-07
5.13783e-07
5.01289e-07
4.86154e-07
4.6797e-07
4.47081e-07
4.23211e-07
3.96426e-07
3.66755e-07
3.34203e-07
2.9877e-07
2.60465e-07
2.19552e-07
1.75755e-07
1.29541e-07
8.07422e-08
2.9643e-08
-2.37781e-08
-7.91361e-08
-1.36501e-07
-1.95564e-07
-2.56051e-07
-3.17963e-07
-3.80853e-07
-4.44624e-07
-5.08867e-07
-5.73565e-07
-6.38066e-07
-7.02455e-07
-7.66187e-07
-8.29025e-07
-8.90629e-07
-9.50728e-07
-1.00892e-06
-1.06484e-06
-1.11836e-06
-1.1688e-06
-1.21614e-06
-1.25982e-06
-1.29969e-06
-1.33518e-06
-1.36629e-06
-1.3924e-06
-1.41336e-06
-1.42892e-06
-1.43869e-06
-1.4425e-06
-1.44005e-06
-1.43125e-06
-1.41561e-06
-1.39336e-06
-1.36399e-06
-1.32761e-06
-1.28397e-06
-1.23317e-06
-1.17496e-06
-1.10952e-06
-1.03686e-06
-9.56892e-07
-8.69934e-07
-7.75941e-07
-6.75226e-07
-5.67808e-07
-4.54262e-07
-3.34471e-07
-2.09076e-07
-7.82703e-08
5.7469e-08
1.97803e-07
3.42122e-07
4.90016e-07
6.41032e-07
7.94352e-07
9.49655e-07
1.1061e-06
1.2632e-06
1.42006e-06
1.57631e-06
1.73085e-06
1.88321e-06
2.03253e-06
2.17808e-06
2.31904e-06
2.4547e-06
2.58428e-06
2.70685e-06
2.82192e-06
2.92846e-06
3.02591e-06
3.11338e-06
3.1904e-06
3.25594e-06
3.30969e-06
3.35084e-06
3.37885e-06
3.39316e-06
3.39332e-06
3.37884e-06
3.34926e-06
3.30447e-06
3.24385e-06
3.16746e-06
3.07495e-06
2.96645e-06
2.84161e-06
2.70085e-06
2.54401e-06
2.37142e-06
2.18333e-06
1.98014e-06
1.7622e-06
1.53003e-06
1.28437e-06
1.02562e-06
7.54804e-07
4.72545e-07
1.79908e-07
-1.22397e-07
-4.32954e-07
-7.5101e-07
-1.07516e-06
-1.40428e-06
-1.73699e-06
-2.07209e-06
-2.40803e-06
-2.74337e-06
-3.07683e-06
-3.40665e-06
-3.73149e-06
-4.04963e-06
-4.35971e-06
-4.65983e-06
-4.94881e-06
-5.22476e-06
-5.4863e-06
-5.73175e-06
-5.95982e-06
-6.16881e-06
-6.35743e-06
-6.52435e-06
-6.6681e-06
-6.78757e-06
-6.88153e-06
-6.949e-06
-6.98873e-06
-7.00018e-06
-6.9822e-06
-6.93435e-06
-6.85588e-06
-6.74656e-06
-6.60574e-06
-6.43349e-06
-6.22965e-06
-5.99427e-06
-5.72757e-06
-5.42995e-06
-5.10189e-06
-4.74392e-06
-4.35712e-06
-3.94211e-06
-3.50021e-06
-3.03247e-06
-2.54053e-06
-2.02555e-06
-1.48955e-06
-9.34052e-07
-3.61116e-07
2.27342e-07
8.2897e-07
1.44169e-06
2.06311e-06
2.69065e-06
3.32191e-06
3.95417e-06
4.58483e-06
5.211e-06
5.83019e-06
6.43924e-06
7.03558e-06
7.61618e-06
8.17844e-06
8.71923e-06
9.23607e-06
9.726e-06
1.01864e-05
1.06147e-05
1.10084e-05
1.13649e-05
1.16819e-05
1.19574e-05
1.21892e-05
1.23753e-05
1.2514e-05
1.26038e-05
1.2643e-05
1.26307e-05
1.25657e-05
1.24473e-05
1.22747e-05
1.20477e-05
1.17661e-05
1.14299e-05
1.10396e-05
1.05956e-05
1.00987e-05
9.55013e-06
8.95111e-06
8.30302e-06
7.60789e-06
6.86757e-06
6.08449e-06
5.26087e-06
4.39978e-06
3.50378e-06
2.57628e-06
1.62042e-06
6.39922e-07
-3.6185e-07
-1.38075e-06
-2.41295e-06
-3.45429e-06
-4.5006e-06
-5.54746e-06
-6.59052e-06
-7.62538e-06
-8.64735e-06
-9.6521e-06
-1.0635e-05
-1.15916e-05
-1.25171e-05
-1.34076e-05
-1.42583e-05
-1.50653e-05
-1.58241e-05
-1.65311e-05
-1.71821e-05
-1.77737e-05
-1.83023e-05
-1.87648e-05
-1.91579e-05
-1.94791e-05
-1.97259e-05
-1.98958e-05
-1.99872e-05
-1.99984e-05
-1.9928e-05
-1.97751e-05
-1.95392e-05
-1.92197e-05
-1.8817e-05
-1.83313e-05
-1.77637e-05
-1.7115e-05
-1.6387e-05
-1.55814e-05
-1.47006e-05
-1.3747e-05
-1.27238e-05
-1.16341e-05
-1.04816e-05
-9.27025e-06
-8.00428e-06
-6.68814e-06
-5.32671e-06
-3.92515e-06
-2.48858e-06
-1.02266e-06
4.66971e-07
1.97428e-06
3.49345e-06
5.018e-06
6.54196e-06
8.05874e-06
9.56216e-06
1.10455e-05
1.25027e-05
1.39271e-05
1.53125e-05
1.66526e-05
1.79415e-05
1.9173e-05
2.03414e-05
2.14412e-05
2.24671e-05
2.34137e-05
2.42766e-05
2.5051e-05
2.57328e-05
2.63182e-05
2.68038e-05
2.71864e-05
2.74633e-05
2.76325e-05
2.7692e-05
2.76405e-05
2.7477e-05
2.72012e-05
2.6813e-05
2.63131e-05
2.57023e-05
2.49823e-05
2.41547e-05
2.32223e-05
2.21878e-05
2.10546e-05
1.98263e-05
1.85075e-05
1.71026e-05
1.56167e-05
1.40553e-05
1.24242e-05
1.07295e-05
8.9776e-06
7.17549e-06
5.32995e-06
3.4484e-06
1.53822e-06
-3.92752e-07
-2.33706e-06
-4.28648e-06
-6.23323e-06
-8.16909e-06
-1.00863e-05
-1.19766e-05
-1.38322e-05
-1.5645e-05
-1.74076e-05
-1.91122e-05
-2.07516e-05
-2.23185e-05
-2.38061e-05
-2.52078e-05
-2.65175e-05
-2.77291e-05
-2.88372e-05
-2.98366e-05
-3.07227e-05
-3.14912e-05
-3.21383e-05
-3.26609e-05
-3.30562e-05
-3.33219e-05
-3.34562e-05
-3.34583e-05
-3.33272e-05
-3.30632e-05
-3.26665e-05
-3.21385e-05
-3.14805e-05
-3.06951e-05
-2.97846e-05
-2.87525e-05
-2.76024e-05
-2.6339e-05
-2.49666e-05
-2.34908e-05
-2.1917e-05
-2.02516e-05
-1.8501e-05
-1.66722e-05
-1.47723e-05
-1.2809e-05
-1.07899e-05
-8.72351e-06
-6.61782e-06
-4.48136e-06
-2.32283e-06
-1.50975e-07
2.02546e-06
4.19771e-06
6.35676e-06
8.49397e-06
1.06006e-05
1.26681e-05
1.4688e-05
1.66522e-05
1.85525e-05
2.03815e-05
2.21313e-05
2.37953e-05
2.53664e-05
2.68385e-05
2.82054e-05
2.94619e-05
3.06026e-05
3.16234e-05
3.25199e-05
3.32889e-05
3.39271e-05
3.44323e-05
3.48025e-05
3.50365e-05
3.51333e-05
3.50931e-05
3.49161e-05
3.46034e-05
3.41563e-05
3.35771e-05
3.28683e-05
3.20331e-05
3.10752e-05
2.99989e-05
2.88086e-05
2.75095e-05
2.61073e-05
2.46078e-05
2.30173e-05
2.13426e-05
1.95908e-05
1.77689e-05
1.58846e-05
1.39458e-05
1.19604e-05
9.93633e-06
7.88214e-06
5.80595e-06
3.7163e-06
1.62129e-06
-4.70363e-07
-2.55065e-06
-4.61116e-06
-6.64407e-06
-8.64115e-06
-1.0595e-05
-1.24979e-05
-1.43429e-05
-1.61227e-05
-1.78312e-05
-1.94615e-05
-2.10082e-05
-2.24656e-05
-2.38286e-05
-2.50924e-05
-2.6253e-05
-2.73065e-05
-2.82497e-05
-2.90795e-05
-2.97938e-05
-3.03907e-05
-3.0869e-05
-3.12275e-05
-3.14662e-05
-3.1585e-05
-3.15848e-05
-3.14664e-05
-3.12315e-05
-3.08823e-05
-3.04211e-05
-2.98508e-05
-2.91748e-05
-2.83968e-05
-2.75208e-05
-2.65513e-05
-2.54931e-05
-2.43512e-05
-2.31309e-05
-2.18379e-05
-2.04779e-05
-1.90569e-05
-1.75811e-05
-1.60569e-05
-1.44904e-05
-1.28885e-05
-1.12574e-05
-9.60385e-06
-7.93424e-06
-6.25529e-06
-4.5733e-06
-2.89477e-06
-1.22572e-06
4.27445e-07
2.05899e-06
3.66298e-06
5.23414e-06
6.76676e-06
8.25605e-06
9.697e-06
1.10853e-05
1.24164e-05
1.36866e-05
1.4892e-05
1.60297e-05
1.70962e-05
1.80893e-05
1.90064e-05
1.98458e-05
2.06056e-05
2.12848e-05
2.18823e-05
2.23976e-05
2.28302e-05
2.31805e-05
2.34486e-05
2.36354e-05
2.37416e-05
2.37687e-05
2.3718e-05
2.35915e-05
2.3391e-05
2.3119e-05
2.27776e-05
2.23697e-05
2.1898e-05
2.13656e-05
2.07754e-05
2.01308e-05
1.9435e-05
1.86916e-05
1.79039e-05
1.70756e-05
1.62101e-05
1.53111e-05
1.43821e-05
1.34268e-05
1.24487e-05
1.14512e-05
1.04378e-05
9.41199e-06
8.37688e-06
7.33581e-06
6.29179e-06
5.24797e-06
4.20702e-06
3.17185e-06
2.14501e-06
1.12913e-06
1.26361e-07
-8.60919e-07
-1.83069e-06
-2.7809e-06
-3.70995e-06
-4.616e-06
-5.49759e-06
-6.35324e-06
-7.18186e-06
-7.98214e-06
-8.75311e-06
-9.49382e-06
-1.02036e-05
-1.08816e-05
-1.15273e-05
-1.21401e-05
-1.27198e-05
-1.32657e-05
-1.37777e-05
-1.42555e-05
-1.4699e-05
-1.51079e-05
-1.54823e-05
-1.58219e-05
-1.61269e-05
-1.6397e-05
-1.66324e-05
-1.68329e-05
-1.69987e-05
-1.71297e-05
-1.72258e-05
-1.72871e-05
-1.73137e-05
-1.73052e-05
-1.72619e-05
-1.71837e-05
-1.70706e-05
-1.69223e-05
-1.6739e-05
-1.65206e-05
-1.6267e-05
-1.59782e-05
-1.56541e-05
-1.52949e-05
-1.49005e-05
-1.44709e-05
-1.40063e-05
-1.35068e-05
-1.29726e-05
-1.24039e-05
-1.18012e-05
-1.11648e-05
-1.04951e-05
-9.79278e-06
-9.05855e-06
-8.2931e-06
-7.49733e-06
-6.67222e-06
-5.81905e-06
-4.93891e-06
-4.03326e-06
-3.10356e-06
-2.15164e-06
-1.17911e-06
-1.88028e-07
8.19584e-07
1.84134e-06
2.87507e-06
3.91812e-06
4.96792e-06
6.02155e-06
7.07631e-06
8.12899e-06
9.17659e-06
1.02157e-05
1.12432e-05
1.22555e-05
1.32492e-05
1.42206e-05
1.51664e-05
1.60827e-05
1.6966e-05
1.78126e-05
1.86189e-05
1.93812e-05
2.00962e-05
2.07601e-05
2.13698e-05
2.19218e-05
2.24131e-05
2.28404e-05
2.32011e-05
2.34923e-05
2.37117e-05
2.38567e-05
2.39255e-05
2.39161e-05
2.3827e-05
2.36568e-05
2.34045e-05
2.30694e-05
2.26512e-05
2.21494e-05
2.15647e-05
2.08972e-05
2.01483e-05
1.93186e-05
1.84102e-05
1.74248e-05
1.63648e-05
1.52325e-05
1.40312e-05
1.2764e-05
1.14348e-05
1.0047e-05
8.60534e-06
7.11412e-06
5.57832e-06
4.00276e-06
2.39314e-06
7.54756e-07
-9.06439e-07
-2.58469e-06
-4.27355e-06
-5.96699e-06
-7.65846e-06
-9.34162e-06
-1.10097e-05
-1.26562e-05
-1.42746e-05
-1.58582e-05
-1.74004e-05
-1.88948e-05
-2.03351e-05
-2.1715e-05
-2.30283e-05
-2.42694e-05
-2.54324e-05
-2.6512e-05
-2.75031e-05
-2.84008e-05
-2.92005e-05
-2.98982e-05
-3.04901e-05
-3.09727e-05
-3.1343e-05
-3.15986e-05
-3.17372e-05
-3.17572e-05
-3.16575e-05
-3.14373e-05
-3.10964e-05
-3.06351e-05
-3.00542e-05
-2.93549e-05
-2.85392e-05
-2.7609e-05
-2.65674e-05
-2.54175e-05
-2.41633e-05
-2.28085e-05
-2.13582e-05
-1.98172e-05
-1.81912e-05
-1.64858e-05
-1.47077e-05
-1.2863e-05
-1.09591e-05
-9.00277e-06
-7.0019e-06
-4.96387e-06
-2.89692e-06
-8.08884e-07
1.2918e-06
3.39706e-06
5.49818e-06
7.58699e-06
9.6549e-06
1.16937e-05
1.36949e-05
1.56505e-05
1.75523e-05
1.93926e-05
2.11636e-05
2.2858e-05
2.44688e-05
2.59892e-05
2.74127e-05
2.87333e-05
2.99455e-05
3.10439e-05
3.20239e-05
3.28811e-05
3.36119e-05
3.42129e-05
3.46815e-05
3.50155e-05
3.52133e-05
3.52737e-05
3.51965e-05
3.49815e-05
3.46296e-05
3.41418e-05
3.35202e-05
3.27669e-05
3.1885e-05
3.08778e-05
2.97495e-05
2.85043e-05
2.71475e-05
2.56844e-05
2.41209e-05
2.24633e-05
2.07185e-05
1.88933e-05
1.69954e-05
1.50323e-05
1.30121e-05
1.0943e-05
8.83347e-06
6.69205e-06
4.52753e-06
2.34856e-06
1.64182e-07
-2.01679e-06
-4.18558e-06
-6.33339e-06
-8.45147e-06
-1.05313e-05
-1.25646e-05
-1.45431e-05
-1.6459e-05
-1.83045e-05
-2.00725e-05
-2.17558e-05
-2.3348e-05
-2.48428e-05
-2.62344e-05
-2.75174e-05
-2.86872e-05
-2.97392e-05
-3.06696e-05
-3.14749e-05
-3.21527e-05
-3.27003e-05
-3.31162e-05
-3.33991e-05
-3.35488e-05
-3.35647e-05
-3.34478e-05
-3.31989e-05
-3.28199e-05
-3.23126e-05
-3.16801e-05
-3.09253e-05
-3.00521e-05
-2.90645e-05
-2.79674e-05
-2.67657e-05
-2.54648e-05
-2.40708e-05
-2.25898e-05
-2.10284e-05
-1.93933e-05
-1.7692e-05
-1.59314e-05
-1.41195e-05
-1.22637e-05
-1.03722e-05
-8.45251e-06
-6.51313e-06
-4.56179e-06
-2.60676e-06
-6.55829e-07
1.28273e-06
3.20142e-06
5.09236e-06
6.94813e-06
8.76125e-06
1.05249e-05
1.2232e-05
1.38762e-05
1.54512e-05
1.69512e-05
1.83706e-05
1.97043e-05
2.09478e-05
2.20965e-05
2.31466e-05
2.40948e-05
2.49382e-05
2.5674e-05
2.63005e-05
2.6816e-05
2.72196e-05
2.75104e-05
2.76887e-05
2.77546e-05
2.77091e-05
2.75534e-05
2.72895e-05
2.69192e-05
2.64454e-05
2.58711e-05
2.51998e-05
2.4435e-05
2.35811e-05
2.26425e-05
2.1624e-05
2.05307e-05
1.93679e-05
1.81413e-05
1.68563e-05
1.55193e-05
1.41361e-05
1.27131e-05
1.12564e-05
9.77277e-06
8.26819e-06
6.74943e-06
5.2227e-06
3.69461e-06
2.17115e-06
6.58842e-07
-8.36476e-07
-2.30873e-06
-3.75226e-06
-5.16135e-06
-6.53084e-06
-7.85555e-06
-9.13054e-06
-1.03513e-05
-1.15136e-05
-1.26135e-05
-1.3647e-05
-1.46112e-05
-1.55028e-05
-1.63193e-05
-1.70583e-05
-1.77181e-05
-1.82967e-05
-1.87934e-05
-1.9207e-05
-1.95372e-05
-1.97837e-05
-1.9947e-05
-2.00274e-05
-2.00261e-05
-1.99441e-05
-1.97832e-05
-1.95452e-05
-1.92322e-05
-1.88469e-05
-1.83918e-05
-1.78701e-05
-1.72848e-05
-1.66397e-05
-1.59379e-05
-1.51838e-05
-1.4381e-05
-1.35339e-05
-1.26464e-05
-1.17233e-05
-1.07685e-05
-9.78694e-06
-8.7829e-06
-7.76109e-06
-6.72584e-06
-5.68185e-06
-4.63355e-06
-3.58529e-06
-2.54151e-06
-1.50641e-06
-4.84164e-07
5.21378e-07
1.50604e-06
2.46645e-06
3.39883e-06
4.30003e-06
5.16662e-06
5.99599e-06
6.78507e-06
7.53158e-06
8.23308e-06
8.88768e-06
9.49332e-06
1.00486e-05
1.05523e-05
1.1003e-05
1.14002e-05
1.1743e-05
1.20314e-05
1.22649e-05
1.24441e-05
1.25688e-05
1.26401e-05
1.26583e-05
1.26249e-05
1.25407e-05
1.24074e-05
1.22264e-05
1.19995e-05
1.17286e-05
1.14158e-05
1.10632e-05
1.06732e-05
1.02482e-05
9.79074e-06
9.30344e-06
8.7889e-06
8.25008e-06
7.68944e-06
7.11013e-06
6.51474e-06
5.90632e-06
5.28742e-06
4.66124e-06
4.03024e-06
3.39735e-06
2.76517e-06
2.13643e-06
1.51354e-06
8.99096e-07
2.95503e-07
-2.95146e-07
-8.70485e-07
-1.42858e-06
-1.96736e-06
-2.48528e-06
-2.98032e-06
-3.45128e-06
-3.89652e-06
-4.31495e-06
-4.70527e-06
-5.06681e-06
-5.39849e-06
-5.69977e-06
-5.97013e-06
-6.20917e-06
-6.41666e-06
-6.59252e-06
-6.73691e-06
-6.84974e-06
-6.93165e-06
-6.98285e-06
-7.00408e-06
-6.99578e-06
-6.95908e-06
-6.89451e-06
-6.80331e-06
-6.68646e-06
-6.54518e-06
-6.38058e-06
-6.1941e-06
-5.9871e-06
-5.76085e-06
-5.51703e-06
-5.25696e-06
-4.9823e-06
-4.69444e-06
-4.39526e-06
-4.08594e-06
-3.76839e-06
-3.44398e-06
-3.11442e-06
-2.78105e-06
-2.44564e-06
-2.10948e-06
-1.77402e-06
-1.4408e-06
-1.11104e-06
-7.86114e-07
-4.67165e-07
-1.55601e-07
1.47816e-07
4.41665e-07
7.25224e-07
9.97421e-07
1.25763e-06
1.50481e-06
1.73855e-06
1.95813e-06
2.16297e-06
2.35276e-06
2.52707e-06
2.68564e-06
2.82814e-06
2.95471e-06
3.06495e-06
3.15918e-06
3.23727e-06
3.29954e-06
3.34597e-06
3.37714e-06
3.39317e-06
3.3945e-06
3.38163e-06
3.355e-06
3.31517e-06
3.26266e-06
3.1983e-06
3.12238e-06
3.03595e-06
2.93944e-06
2.83378e-06
2.7195e-06
2.59765e-06
2.4687e-06
2.33359e-06
2.19311e-06
2.04795e-06
1.89894e-06
1.74682e-06
1.59244e-06
1.43628e-06
1.27944e-06
1.12228e-06
9.65723e-07
8.10239e-07
6.56677e-07
5.05362e-07
3.57115e-07
2.12393e-07
7.16089e-08
-6.46237e-08
-1.95962e-07
-3.21926e-07
-4.42318e-07
-5.56493e-07
-6.64565e-07
-7.65955e-07
-8.6064e-07
-9.48304e-07
-1.02899e-06
-1.10237e-06
-1.16853e-06
-1.22747e-06
-1.27899e-06
-1.32335e-06
-1.36044e-06
-1.3905e-06
-1.41344e-06
-1.42974e-06
-1.43918e-06
-1.44226e-06
-1.43905e-06
-1.42985e-06
-1.41484e-06
-1.39441e-06
-1.36878e-06
-1.33814e-06
-1.30308e-06
-1.26362e-06
-1.22031e-06
-1.1733e-06
-1.12317e-06
-1.06992e-06
-1.01424e-06
-9.56252e-07
-8.96329e-07
-8.34868e-07
-7.72143e-07
-7.08494e-07
-6.44159e-07
-5.79683e-07
-5.14983e-07
-4.50712e-07
-3.86888e-07
-3.23921e-07
-2.61909e-07
-2.01302e-07
-1.42099e-07
-8.45752e-08
-2.90418e-08
2.45701e-08
7.5874e-08
1.2489e-07
1.71332e-07
2.15367e-07
2.56525e-07
2.95083e-07
3.30774e-07
3.63588e-07
3.93522e-07
4.20573e-07
4.44709e-07
4.65863e-07
4.84309e-07
4.99703e-07
5.12452e-07
5.22378e-07
5.29695e-07
5.34309e-07
5.36536e-07
5.36253e-07
5.33627e-07
5.28905e-07
5.21945e-07
5.13094e-07
5.02309e-07
4.89883e-07
4.75674e-07
4.60185e-07
4.43202e-07
4.25038e-07
4.0582e-07
3.85605e-07
3.6457e-07
3.42825e-07
3.20601e-07
2.97747e-07
2.74779e-07
2.51437e-07
2.28074e-07
2.04688e-07
1.81479e-07
1.58397e-07
1.35678e-07
1.13398e-07
9.14492e-08
7.02402e-08
4.95235e-08
2.95845e-08
1.03166e-08
-8.01761e-09
-2.56621e-08
-4.22914e-08
-5.79982e-08
-7.28339e-08
-8.65661e-08
-9.93835e-08
-1.11129e-07
-1.21941e-07
-1.31562e-07
-1.40362e-07
-1.47981e-07
-1.54656e-07
-1.6037e-07
-1.65064e-07
-1.68827e-07
-1.71654e-07
-1.73655e-07
-1.74631e-07
-1.74999e-07
-1.74393e-07
-1.73128e-07
-1.71129e-07
-1.68472e-07
-1.65144e-07
-1.61277e-07
-1.56905e-07
-1.519e-07
-1.46653e-07
-1.40816e-07
-1.3473e-07
-1.28279e-07
-1.21621e-07
-1.1464e-07
-1.07571e-07
-1.00344e-07
-9.29104e-08
-8.55914e-08
-7.80754e-08
-7.06797e-08
-6.32572e-08
-5.59967e-08
-4.8703e-08
-4.16792e-08
-3.47511e-08
-2.79479e-08
-2.14944e-08
-1.51166e-08
-9.0814e-09
-3.23305e-09
2.24493e-09
7.59433e-09
1.24752e-08
1.71565e-08
2.1542e-08
2.55053e-08
2.92783e-08
3.26449e-08
3.57545e-08
3.8451e-08
4.09943e-08
4.30338e-08
4.49114e-08
4.64655e-08
4.76559e-08
4.86711e-08
4.93372e-08
4.97933e-08
4.99181e-08
4.99609e-08
4.95758e-08
4.91497e-08
4.84583e-08
4.75364e-08
4.6532e-08
4.52971e-08
4.39615e-08
4.24306e-08
4.09212e-08
3.91052e-08
3.73909e-08
3.54971e-08
3.35247e-08
3.15799e-08
2.95217e-08
2.74787e-08
2.53678e-08
2.33652e-08
2.11741e-08
1.92017e-08
1.71176e-08
1.50815e-08
1.31538e-08
1.1188e-08
9.32735e-09
7.48091e-09
5.78907e-09
3.99575e-09
2.4847e-09
8.89174e-10
-5.77199e-10
-1.90404e-09
-3.24509e-09
-4.42518e-09
-5.56738e-09
-6.55056e-09
-7.58654e-09
-8.33673e-09
-9.1804e-09
-9.85701e-09
-1.04107e-08
-1.09937e-08
-1.13886e-08
-1.17756e-08
-1.20249e-08
-1.23096e-08
-1.23533e-08
-1.25145e-08
-1.25029e-08
-1.24177e-08
-1.23932e-08
-1.21721e-08
-1.20096e-08
-1.17326e-08
-1.14933e-08
-1.10863e-08
-1.08106e-08
-1.0379e-08
-9.93519e-09
-9.57695e-09
-9.02515e-09
-8.61226e-09
-8.08917e-09
-7.61901e-09
-7.06055e-09
-6.61895e-09
-6.05852e-09
-5.5365e-09
-5.10484e-09
-4.49349e-09
-4.09052e-09
-3.55608e-09
-3.10067e-09
-2.62203e-09
-2.21378e-09
-1.74536e-09
-1.33436e-09
-9.99813e-10
-5.12961e-10
-2.70747e-10
1.39055e-10
4.3469e-10
7.18898e-10
9.9832e-10
1.25922e-09
1.48955e-09
1.65971e-09
1.94279e-09
1.99306e-09
2.23635e-09
2.33144e-09
2.41652e-09
2.5568e-09
2.59269e-09
2.67038e-09
2.68386e-09
2.77081e-09
2.68462e-09
2.77735e-09
2.71084e-09
2.66032e-09
2.69542e-09
2.55888e-09
2.55997e-09
2.45916e-09
2.41234e-09
2.2789e-09
2.25654e-09
2.11279e-09
2.0054e-09
1.97809e-09
1.75862e-09
1.75336e-09
1.58748e-09
1.48966e-09
1.38178e-09
1.27951e-09
1.1525e-09
1.04008e-09
9.8714e-10
7.77916e-10
7.945e-10
6.12803e-10
5.34286e-10
4.8035e-10
3.34382e-10
2.92498e-10
1.85998e-10
1.40509e-10
6.62782e-12
2.75732e-11
-1.16887e-10
-1.46072e-10
-1.57359e-10
-3.02753e-10
-2.45171e-10
-3.56551e-10
-3.63651e-10
-4.07426e-10
-4.16087e-10
-4.72656e-10
-4.73615e-10
-4.62502e-10
-5.62429e-10
-4.51123e-10
-5.6325e-10
-5.17873e-10
-5.04074e-10
-5.52696e-10
-4.99312e-10
-5.22832e-10
-4.89547e-10
-5.23753e-10
-4.33814e-10
-5.08067e-10
-4.35694e-10
-4.087e-10
-4.69274e-10
-3.39869e-10
-4.15771e-10
-3.4533e-10
-3.35996e-10
-3.15722e-10
-3.04508e-10
-2.67963e-10
-2.3959e-10
-2.75262e-10
-1.50403e-10
-2.46368e-10
-1.48115e-10
-1.38143e-10
-1.73149e-10
-7.48324e-11
-1.24631e-10
-6.84705e-11
-7.77773e-11
-2.61673e-11
-6.68138e-11
-5.43629e-14
-6.46811e-13
-4.0503e-11
7.85272e-11
-3.34331e-11
6.26766e-11
4.69046e-11
2.62352e-11
8.10338e-11
4.97134e-11
7.83552e-11
5.43752e-11
1.14521e-10
3.50584e-11
1.16597e-10
8.62188e-11
4.80975e-11
1.49115e-10
3.15602e-11
1.19468e-10
8.48851e-11
7.40671e-11
9.67221e-11
7.98565e-11
8.64655e-11
5.91269e-11
1.19037e-10
2.07518e-11
1.1217e-10
6.12311e-11
3.21762e-11
1.18624e-10
2.63931e-12
8.80629e-11
4.37748e-11
4.10713e-11
4.97077e-11
4.17988e-11
3.83449e-11
1.58882e-11
7.23576e-11
-2.83952e-11
7.02988e-11
7.57903e-12
-8.52562e-12
6.97844e-11
-4.38508e-11
4.73853e-11
-3.06636e-12
2.85634e-13
1.01013e-11
1.26786e-12
-3.52521e-14
-1.64722e-11
3.36081e-11
-5.86275e-11
4.17846e-11
-2.68399e-11
-3.00916e-11
4.33053e-11
-7.09653e-11
3.24118e-11
-2.66956e-11
-1.92623e-11
1.59994e-12
-2.13561e-11
-8.34292e-12
-2.41909e-11
1.63385e-11
-5.85182e-11
3.29439e-11
-3.51198e-11
-2.8435e-11
3.88932e-11
-7.70303e-11
4.0196e-11
-3.21616e-11
-2.08576e-11
1.54462e-11
-3.44234e-11
5.64261e-12
-1.98903e-11
9.71547e-12
-3.83582e-11
2.78315e-11
-2.74546e-11
-1.68054e-11
4.03229e-11
-7.04802e-11
5.40414e-11
-3.15134e-11
-1.45193e-11
3.55776e-11
-4.72782e-11
3.01781e-11
-1.7223e-11
4.11707e-12
-8.9933e-12
1.17498e-11
-1.10279e-11
-8.44927e-12
3.37154e-11
-5.60877e-11
5.54769e-11
-3.15538e-11
-9.42431e-12
4.55863e-11
-6.20872e-11
5.16323e-11
-2.44934e-11
-4.04015e-12
1.94446e-11
-1.9817e-11
1.26922e-11
-1.01961e-11
1.75884e-11
-3.0256e-11
3.56975e-11
-2.37173e-11
-5.98954e-12
4.1158e-11
-6.39639e-11
6.11839e-11
-3.29257e-11
-7.43957e-12
4.06291e-11
-5.28136e-11
4.25785e-11
-2.05418e-11
1.14248e-12
6.61209e-12
-4.42516e-12
1.70268e-12
-7.72482e-12
2.3546e-11
-4.0403e-11
4.48592e-11
-2.84265e-11
-5.83429e-12
4.32811e-11
-6.56707e-11
6.13307e-11
-3.22705e-11
-7.21622e-12
3.85085e-11
-4.92879e-11
3.93105e-11
-1.91493e-11
2.10228e-12
4.20136e-12
-2.10458e-12
5.84735e-13
-7.85305e-12
2.40921e-11
-4.04285e-11
4.40194e-11
-2.70944e-11
-7.00268e-12
4.38988e-11
-6.57857e-11
6.10902e-11
-3.14504e-11
-9.26882e-12
4.23054e-11
-5.43526e-11
4.37809e-11
-2.03773e-11
-1.87384e-12
1.31403e-11
-1.30843e-11
9.08758e-12
-9.99315e-12
1.87303e-11
-2.98706e-11
3.27924e-11
-1.94915e-11
-9.11281e-12
4.16546e-11
-6.19945e-11
5.79444e-11
-2.89206e-11
-1.31709e-11
4.95087e-11
-6.43408e-11
5.26878e-11
-2.2528e-11
-1.05863e-11
3.20443e-11
-3.58512e-11
2.61342e-11
-1.31417e-11
5.61337e-12
-5.50596e-12
7.29358e-12
-3.07425e-12
-1.10754e-11
3.07693e-11
-4.51316e-11
4.28648e-11
-2.00017e-11
-1.65393e-11
5.10582e-11
-6.7078e-11
5.58234e-11
-2.14702e-11
-2.09346e-11
5.27379e-11
-6.12283e-11
4.52248e-11
-1.49319e-11
-1.45707e-11
3.12224e-11
-3.18467e-11
2.19073e-11
-1.09001e-11
5.50886e-12
-5.8901e-12
6.20469e-12
1.21016e-13
-1.50159e-11
3.28347e-11
-4.30799e-11
3.63264e-11
-1.09288e-11
-2.47228e-11
5.50589e-11
-6.51795e-11
4.84783e-11
-1.08965e-11
-3.17258e-11
6.08929e-11
-6.4615e-11
4.26634e-11
-6.36909e-12
-2.7775e-11
4.6075e-11
-4.39984e-11
2.67779e-11
-5.47801e-12
-9.91282e-12
1.52716e-11
-1.35521e-11
1.10863e-11
-1.26831e-11
1.76793e-11
-2.05273e-11
1.45059e-11
2.73996e-12
-2.64381e-11
4.57056e-11
-4.92074e-11
3.14262e-11
2.96187e-12
-4.0406e-11
6.41309e-11
-6.25183e-11
3.48285e-11
7.67163e-12
-4.69947e-11
6.64821e-11
-5.87076e-11
2.83039e-11
1.04821e-11
-4.11174e-11
5.21623e-11
-4.21244e-11
1.86117e-11
6.24081e-12
-2.2418e-11
2.6124e-11
-2.0522e-11
1.21555e-11
-6.56452e-12
4.74923e-12
-3.53872e-12
-1.62796e-12
1.23676e-11
-2.53755e-11
3.32169e-11
-2.8737e-11
9.58549e-12
1.87935e-11
-4.48386e-11
5.5696e-11
-4.40047e-11
1.20704e-11
2.7897e-11
-5.9032e-11
6.7147e-11
-4.77573e-11
8.25078e-12
3.48724e-11
-6.35755e-11
6.60337e-11
-4.20311e-11
2.45904e-12
3.56104e-11
-5.69303e-11
5.42728e-11
-3.11626e-11
-9.18503e-13
2.8085e-11
-4.05796e-11
3.61453e-11
-2.00351e-11
1.07333e-12
1.28091e-11
-1.82695e-11
1.67476e-11
-1.25457e-11
9.21932e-12
-7.55581e-12
5.27012e-12
5.20564e-13
-1.07044e-11
2.2221e-11
-2.91747e-11
2.56449e-11
-9.74042e-12
-1.44425e-11
3.73467e-11
-4.81564e-11
3.97818e-11
-1.32376e-11
-2.20387e-11
5.13845e-11
-6.14995e-11
4.6396e-11
-1.09513e-11
-3.08772e-11
6.15076e-11
-6.76361e-11
4.59331e-11
-5.03414e-12
-3.82671e-11
6.59015e-11
-6.65424e-11
4.01406e-11
1.91471e-12
-4.20933e-11
6.39981e-11
-5.94782e-11
3.14606e-11
7.49778e-12
-4.11925e-11
5.64267e-11
-4.8534e-11
2.24095e-11
9.99335e-12
-3.54419e-11
4.46901e-11
-3.60804e-11
1.50829e-11
8.55844e-12
-2.56127e-11
3.0756e-11
-2.4323e-11
1.08874e-11
3.20943e-12
-1.30705e-11
1.66439e-11
-1.49667e-11
1.04343e-11
-5.34583e-12
5.51654e-13
4.10609e-12
-9.06392e-12
1.36282e-11
-1.59701e-11
1.36626e-11
-5.58159e-12
-6.99608e-12
1.98275e-11
-2.73585e-11
2.49427e-11
-1.17013e-11
-8.57557e-12
2.80749e-11
-3.82701e-11
3.34657e-11
-1.40594e-11
-1.32062e-11
3.73018e-11
-4.76869e-11
3.8734e-11
-1.28944e-11
-2.00591e-11
4.64955e-11
-5.48896e-11
4.06458e-11
-8.73812e-12
-2.82337e-11
5.48195e-11
-5.94858e-11
3.94136e-11
-2.29209e-12
-3.68811e-11
6.16632e-11
-6.1369e-11
3.54623e-11
5.70343e-12
-4.52864e-11
6.66562e-11
-6.06606e-11
2.93262e-11
1.4553e-11
-5.29112e-11
6.96403e-11
-5.7633e-11
2.15696e-11
2.36634e-11
-5.93849e-11
7.06188e-11
-5.26396e-11
1.27202e-11
3.25702e-11
-6.45034e-11
6.97152e-11
-4.60561e-11
3.23212e-12
4.09323e-11
-6.81733e-11
6.71052e-11
-3.82332e-11
-6.52875e-12
4.85254e-11
-7.03901e-11
6.29857e-11
-2.9473e-11
-1.62825e-11
5.51985e-11
-7.11805e-11
5.7534e-11
-2.00202e-11
-2.58227e-11
6.08573e-11
-7.05863e-11
5.09014e-11
-1.00697e-11
-3.49787e-11
6.54151e-11
-6.87084e-11
4.65659e-11
-1.90751e-11
4.21554e-12
-3.01245e-13
7.46313e-14
2.63862e-14
4.04212e-15
0
