0
2.80349e-09
5.66418e-08
5.41625e-07
2.52777e-06
6.37059e-06
1.03042e-05
1.27221e-05
1.36144e-05
1.36795e-05
1.34813e-05
1.32213e-05
1.29122e-05
1.25591e-05
1.21663e-05
1.17386e-05
1.12808e-05
1.07967e-05
1.02909e-05
9.76743e-06
9.22984e-06
8.68227e-06
8.12793e-06
7.56999e-06
7.01196e-06
6.45631e-06
5.90582e-06
5.36326e-06
4.8304e-06
4.30964e-06
3.8029e-06
3.31142e-06
2.83717e-06
2.38121e-06
1.94442e-06
1.52823e-06
1.13296e-06
7.59267e-07
4.07935e-07
7.87624e-08
-2.27802e-07
-5.11608e-07
-7.73195e-07
-1.01231e-06
-1.2294e-06
-1.42514e-06
-1.59952e-06
-1.75347e-06
-1.88763e-06
-2.00234e-06
-2.09879e-06
-2.17755e-06
-2.23929e-06
-2.2853e-06
-2.31608e-06
-2.3326e-06
-2.33607e-06
-2.32696e-06
-2.3065e-06
-2.27564e-06
-2.23497e-06
-2.18575e-06
-2.1287e-06
-2.06454e-06
-1.99443e-06
-1.9189e-06
-1.83879e-06
-1.75502e-06
-1.66803e-06
-1.57871e-06
-1.48769e-06
-1.39541e-06
-1.30267e-06
-1.20986e-06
-1.11746e-06
-1.02608e-06
-9.3595e-07
-8.47585e-07
-7.61304e-07
-6.77343e-07
-5.96116e-07
-5.1772e-07
-4.4244e-07
-3.70497e-07
-3.01869e-07
-2.36885e-07
-1.75506e-07
-1.17735e-07
-6.38516e-08
-1.35847e-08
3.29354e-08
7.56035e-08
1.14806e-07
1.5027e-07
1.82161e-07
2.10811e-07
2.35895e-07
2.57851e-07
2.76816e-07
2.92559e-07
3.05689e-07
3.16095e-07
3.23779e-07
3.29341e-07
3.32492e-07
3.33518e-07
3.32835e-07
3.30131e-07
3.25908e-07
3.2031e-07
3.13166e-07
3.05033e-07
2.95818e-07
2.85582e-07
2.74754e-07
2.63153e-07
2.51033e-07
2.38593e-07
2.2573e-07
2.12749e-07
1.99643e-07
1.8649e-07
1.73472e-07
1.60518e-07
1.47853e-07
1.35442e-07
1.23317e-07
1.11709e-07
1.00397e-07
8.9619e-08
7.94347e-08
6.95939e-08
6.05007e-08
5.1944e-08
4.38342e-08
3.65761e-08
2.9738e-08
2.3495e-08
1.80598e-08
1.29571e-08
8.57769e-09
4.83946e-09
1.42709e-09
-1.23129e-09
-3.45602e-09
-5.29618e-09
-6.48707e-09
-7.39993e-09
-7.87694e-09
-7.91178e-09
-7.72456e-09
-7.13865e-09
-6.33069e-09
-5.28394e-09
-3.99578e-09
-2.62646e-09
-1.01211e-09
6.11565e-10
2.29039e-09
4.12902e-09
5.76792e-09
7.50594e-09
9.20816e-09
1.06121e-08
1.21342e-08
1.33776e-08
1.43514e-08
1.53611e-08
1.59082e-08
1.62743e-08
1.64937e-08
1.62025e-08
1.57747e-08
1.50008e-08
1.37953e-08
1.23897e-08
1.05322e-08
8.35839e-09
5.84086e-09
2.91538e-09
-2.80457e-10
-3.93997e-09
-7.85547e-09
-1.21045e-08
-1.68097e-08
-2.1622e-08
-2.68791e-08
-3.24341e-08
-3.80465e-08
-4.41449e-08
-5.0312e-08
-5.65891e-08
-6.32403e-08
-6.97839e-08
-7.64969e-08
-8.33416e-08
-9.0025e-08
-9.68249e-08
-1.03499e-07
-1.10039e-07
-1.16486e-07
-1.22654e-07
-1.28673e-07
-1.34311e-07
-1.39645e-07
-1.44676e-07
-1.49094e-07
-1.53224e-07
-1.56771e-07
-1.59619e-07
-1.62106e-07
-1.6373e-07
-1.64681e-07
-1.65057e-07
-1.64422e-07
-1.63127e-07
-1.60983e-07
-1.57847e-07
-1.5394e-07
-1.49006e-07
-1.43163e-07
-1.3634e-07
-1.28497e-07
-1.19761e-07
-1.09871e-07
-9.91099e-08
-8.73525e-08
-7.44476e-08
-6.08151e-08
-4.60671e-08
-3.0368e-08
-1.39789e-08
3.50345e-09
2.16722e-08
4.05607e-08
6.03033e-08
8.05453e-08
1.0145e-07
1.22837e-07
1.4464e-07
1.6684e-07
1.89182e-07
2.11837e-07
2.34444e-07
2.56977e-07
2.79546e-07
3.0161e-07
3.2343e-07
3.44811e-07
3.65358e-07
3.85377e-07
4.04426e-07
4.22425e-07
4.39419e-07
4.55037e-07
4.69351e-07
4.82094e-07
4.93224e-07
5.02636e-07
5.10023e-07
5.15604e-07
5.18952e-07
5.20034e-07
5.19011e-07
5.15335e-07
5.0928e-07
5.00718e-07
4.8933e-07
4.7541e-07
4.58655e-07
4.39109e-07
4.16786e-07
3.91563e-07
3.63617e-07
3.32704e-07
2.99097e-07
2.62763e-07
2.23537e-07
1.81918e-07
1.37606e-07
9.07894e-08
4.18302e-08
-9.5397e-09
-6.28724e-08
-1.18092e-07
-1.75107e-07
-2.33572e-07
-2.93462e-07
-3.54337e-07
-4.16179e-07
-4.78658e-07
-5.41337e-07
-6.04345e-07
-6.66995e-07
-7.29138e-07
-7.90673e-07
-8.50893e-07
-9.09817e-07
-9.66996e-07
-1.02204e-06
-1.07477e-06
-1.12467e-06
-1.17162e-06
-1.21507e-06
-1.25481e-06
-1.29065e-06
-1.32188e-06
-1.34864e-06
-1.37041e-06
-1.38679e-06
-1.39784e-06
-1.40297e-06
-1.40213e-06
-1.39506e-06
-1.38151e-06
-1.36143e-06
-1.33443e-06
-1.3007e-06
-1.25989e-06
-1.21191e-06
-1.15705e-06
-1.09485e-06
-1.02561e-06
-9.49416e-07
-8.66102e-07
-7.7608e-07
-6.79299e-07
-5.76094e-07
-4.66609e-07
-3.51095e-07
-2.30069e-07
-1.03495e-07
2.78958e-08
1.6378e-07
3.03948e-07
4.47507e-07
5.94266e-07
7.43565e-07
8.94766e-07
1.04739e-06
1.20063e-06
1.35407e-06
1.50675e-06
1.65813e-06
1.8076e-06
1.95406e-06
2.09718e-06
2.23598e-06
2.36964e-06
2.49764e-06
2.61896e-06
2.73304e-06
2.83898e-06
2.93615e-06
3.02388e-06
3.10118e-06
3.16781e-06
3.22278e-06
3.26552e-06
3.29569e-06
3.31241e-06
3.31543e-06
3.30418e-06
3.2783e-06
3.23746e-06
3.1812e-06
3.10963e-06
3.02221e-06
2.91901e-06
2.80013e-06
2.66524e-06
2.5148e-06
2.34881e-06
2.16755e-06
1.9714e-06
1.76064e-06
1.53601e-06
1.29771e-06
1.04668e-06
7.83611e-07
5.0901e-07
2.24148e-07
-7.03287e-08
-3.73317e-07
-6.83707e-07
-1.00045e-06
-1.32217e-06
-1.64791e-06
-1.97601e-06
-2.30528e-06
-2.63447e-06
-2.96175e-06
-3.28601e-06
-3.60556e-06
-3.91889e-06
-4.22453e-06
-4.52078e-06
-4.80636e-06
-5.07935e-06
-5.33853e-06
-5.58233e-06
-5.80901e-06
-6.01751e-06
-6.20612e-06
-6.3736e-06
-6.51864e-06
-6.63995e-06
-6.73653e-06
-6.80696e-06
-6.85063e-06
-6.86642e-06
-6.85342e-06
-6.81125e-06
-6.73899e-06
-6.63637e-06
-6.50295e-06
-6.33854e-06
-6.14311e-06
-5.91645e-06
-5.65916e-06
-5.37119e-06
-5.05312e-06
-4.70572e-06
-4.32947e-06
-3.92552e-06
-3.49471e-06
-3.03842e-06
-2.55787e-06
-2.05443e-06
-1.53006e-06
-9.8606e-07
-4.24587e-07
1.52406e-07
7.4295e-07
1.34465e-06
1.95539e-06
2.57248e-06
3.19374e-06
3.81643e-06
4.43779e-06
5.05547e-06
5.66638e-06
6.26795e-06
6.85732e-06
7.43168e-06
7.98831e-06
8.52418e-06
9.03692e-06
9.52346e-06
9.98123e-06
1.04078e-05
1.08004e-05
1.11568e-05
1.14745e-05
1.17515e-05
1.19856e-05
1.21748e-05
1.23176e-05
1.2412e-05
1.24569e-05
1.2451e-05
1.2393e-05
1.22824e-05
1.21183e-05
1.19006e-05
1.16287e-05
1.13029e-05
1.09235e-05
1.04908e-05
1.00059e-05
9.46946e-06
8.88301e-06
8.24785e-06
7.56573e-06
6.83885e-06
6.06902e-06
5.259e-06
4.41131e-06
3.52881e-06
2.61464e-06
1.67191e-06
7.04383e-07
-2.84712e-07
-1.2913e-06
-2.31147e-06
-3.34137e-06
-4.37654e-06
-5.41295e-06
-6.446e-06
-7.47151e-06
-8.48486e-06
-9.48146e-06
-1.04571e-05
-1.1407e-05
-1.23269e-05
-1.32122e-05
-1.40587e-05
-1.48622e-05
-1.56184e-05
-1.63235e-05
-1.69735e-05
-1.75648e-05
-1.8094e-05
-1.85578e-05
-1.89531e-05
-1.92771e-05
-1.95274e-05
-1.97017e-05
-1.97979e-05
-1.98146e-05
-1.97503e-05
-1.96041e-05
-1.93751e-05
-1.90634e-05
-1.86686e-05
-1.81912e-05
-1.76323e-05
-1.69924e-05
-1.62735e-05
-1.54771e-05
-1.46057e-05
-1.36616e-05
-1.26476e-05
-1.15674e-05
-1.0424e-05
-9.22177e-06
-7.96467e-06
-6.65722e-06
-5.30428e-06
-3.91064e-06
-2.48198e-06
-1.0234e-06
4.59211e-07
1.95995e-06
3.4729e-06
4.99175e-06
6.51048e-06
8.02239e-06
9.52139e-06
1.1001e-05
1.24545e-05
1.3876e-05
1.52587e-05
1.65967e-05
1.78836e-05
1.91135e-05
2.02808e-05
2.13796e-05
2.24047e-05
2.33508e-05
2.42133e-05
2.49873e-05
2.56688e-05
2.6254e-05
2.67391e-05
2.71213e-05
2.73976e-05
2.75659e-05
2.76242e-05
2.75712e-05
2.74061e-05
2.71279e-05
2.67372e-05
2.6234e-05
2.56196e-05
2.48952e-05
2.40628e-05
2.3125e-05
2.20843e-05
2.09444e-05
1.97089e-05
1.8382e-05
1.69685e-05
1.54733e-05
1.39022e-05
1.22606e-05
1.0555e-05
8.79173e-06
6.97777e-06
5.12011e-06
3.226e-06
1.30328e-06
-6.40705e-07
-2.59777e-06
-4.56008e-06
-6.51945e-06
-8.46779e-06
-1.03971e-05
-1.22988e-05
-1.41654e-05
-1.59885e-05
-1.77604e-05
-1.94734e-05
-2.112e-05
-2.2693e-05
-2.41851e-05
-2.559e-05
-2.69011e-05
-2.81124e-05
-2.92182e-05
-3.02134e-05
-3.10932e-05
-3.1853e-05
-3.24894e-05
-3.29987e-05
-3.33782e-05
-3.36256e-05
-3.37391e-05
-3.37177e-05
-3.35604e-05
-3.32676e-05
-3.28394e-05
-3.22772e-05
-3.15825e-05
-3.07575e-05
-2.98053e-05
-2.87288e-05
-2.75323e-05
-2.62198e-05
-2.47967e-05
-2.3268e-05
-2.16397e-05
-1.99183e-05
-1.81102e-05
-1.62229e-05
-1.42636e-05
-1.22403e-05
-1.0161e-05
-8.03411e-06
-5.86837e-06
-3.67235e-06
-1.45525e-06
7.74162e-07
3.0064e-06
5.23252e-06
7.44331e-06
9.62952e-06
1.17823e-05
1.38924e-05
1.59514e-05
1.79504e-05
1.98813e-05
2.1736e-05
2.35067e-05
2.5186e-05
2.67666e-05
2.82424e-05
2.96067e-05
3.08541e-05
3.19791e-05
3.29771e-05
3.3844e-05
3.45757e-05
3.51696e-05
3.56229e-05
3.59339e-05
3.6101e-05
3.61237e-05
3.60018e-05
3.57357e-05
3.53268e-05
3.47765e-05
3.40874e-05
3.3262e-05
3.23041e-05
3.12177e-05
3.00071e-05
2.86777e-05
2.72348e-05
2.56847e-05
2.40336e-05
2.22887e-05
2.04571e-05
1.85465e-05
1.6565e-05
1.45205e-05
1.2422e-05
1.02778e-05
8.09705e-06
5.88861e-06
3.66177e-06
1.42565e-06
-8.10681e-07
-3.03776e-06
-5.24676e-06
-7.42839e-06
-9.57408e-06
-1.16748e-05
-1.37223e-05
-1.57083e-05
-1.76247e-05
-1.94641e-05
-2.1219e-05
-2.28827e-05
-2.44485e-05
-2.59106e-05
-2.72631e-05
-2.85011e-05
-2.962e-05
-3.06155e-05
-3.14843e-05
-3.22231e-05
-3.28299e-05
-3.33023e-05
-3.36394e-05
-3.38404e-05
-3.39049e-05
-3.38336e-05
-3.36273e-05
-3.32878e-05
-3.28169e-05
-3.22176e-05
-3.14928e-05
-3.06462e-05
-2.96822e-05
-2.86052e-05
-2.74205e-05
-2.61334e-05
-2.47501e-05
-2.32766e-05
-2.17198e-05
-2.00864e-05
-1.83838e-05
-1.66193e-05
-1.48006e-05
-1.29358e-05
-1.10324e-05
-9.09898e-06
-7.14336e-06
-5.17392e-06
-3.19875e-06
-1.226e-06
7.36068e-07
2.67977e-06
4.59697e-06
6.4803e-06
8.32196e-06
1.0115e-05
1.18524e-05
1.35274e-05
1.51337e-05
1.66653e-05
1.81167e-05
1.94822e-05
2.07575e-05
2.19378e-05
2.30193e-05
2.39984e-05
2.4872e-05
2.56377e-05
2.6293e-05
2.68368e-05
2.72674e-05
2.75845e-05
2.77879e-05
2.78778e-05
2.7855e-05
2.77208e-05
2.7477e-05
2.71255e-05
2.66692e-05
2.61108e-05
2.5454e-05
2.47023e-05
2.386e-05
2.29316e-05
2.19217e-05
2.08357e-05
1.96785e-05
1.84562e-05
1.71741e-05
1.58386e-05
1.44555e-05
1.30313e-05
1.15723e-05
1.00849e-05
8.57552e-06
7.0507e-06
5.51708e-06
3.98077e-06
2.44846e-06
9.26127e-07
-5.79788e-07
-2.06355e-06
-3.51921e-06
-4.94113e-06
-6.32395e-06
-7.66237e-06
-8.95171e-06
-1.0187e-05
-1.13642e-05
-1.2479e-05
-1.35279e-05
-1.45072e-05
-1.54142e-05
-1.62459e-05
-1.7e-05
-1.76747e-05
-1.82681e-05
-1.87792e-05
-1.92069e-05
-1.95508e-05
-1.98106e-05
-1.99867e-05
-2.00795e-05
-2.00899e-05
-2.00191e-05
-1.98687e-05
-1.96407e-05
-1.93369e-05
-1.89602e-05
-1.85129e-05
-1.79983e-05
-1.74195e-05
-1.67799e-05
-1.60832e-05
-1.53332e-05
-1.4534e-05
-1.36894e-05
-1.2804e-05
-1.1882e-05
-1.09279e-05
-9.94616e-06
-8.94137e-06
-7.91803e-06
-6.88074e-06
-5.83411e-06
-4.78246e-06
-3.73049e-06
-2.68231e-06
-1.6425e-06
-6.14879e-07
3.96201e-07
1.38706e-06
2.35379e-06
3.29292e-06
4.20109e-06
5.07497e-06
5.91173e-06
6.70839e-06
7.4627e-06
8.17198e-06
8.83445e-06
9.44798e-06
1.00112e-05
1.05227e-05
1.09812e-05
1.1386e-05
1.17364e-05
1.20321e-05
1.22728e-05
1.24588e-05
1.25902e-05
1.26679e-05
1.26924e-05
1.26647e-05
1.25861e-05
1.24579e-05
1.22817e-05
1.20592e-05
1.17924e-05
1.14831e-05
1.11339e-05
1.07468e-05
1.03243e-05
9.86891e-06
9.38337e-06
8.87018e-06
8.33219e-06
7.7722e-06
7.19297e-06
6.5975e-06
5.98838e-06
5.36876e-06
4.74119e-06
4.10879e-06
3.47397e-06
2.83973e-06
2.20852e-06
1.58306e-06
9.65759e-07
3.58979e-07
-2.34863e-07
-8.13733e-07
-1.37533e-06
-1.91801e-06
-2.43963e-06
-2.9388e-06
-3.41365e-06
-3.86305e-06
-4.28554e-06
-4.68012e-06
-5.04571e-06
-5.3815e-06
-5.68691e-06
-5.96124e-06
-6.2043e-06
-6.41557e-06
-6.59529e-06
-6.74318e-06
-6.8597e-06
-6.94487e-06
-6.99936e-06
-7.02357e-06
-7.01827e-06
-6.98419e-06
-6.92217e-06
-6.83333e-06
-6.71856e-06
-6.57926e-06
-6.41634e-06
-6.23145e-06
-6.02564e-06
-5.80064e-06
-5.55761e-06
-5.29828e-06
-5.02405e-06
-4.73658e-06
-4.4374e-06
-4.12803e-06
-3.8102e-06
-3.4853e-06
-3.15515e-06
-2.82099e-06
-2.48465e-06
-2.14731e-06
-1.81076e-06
-1.4761e-06
-1.14492e-06
-8.1836e-07
-4.97801e-07
-1.84403e-07
1.20767e-07
4.16543e-07
7.02101e-07
9.76271e-07
1.2385e-06
1.48774e-06
1.72361e-06
1.94517e-06
2.15219e-06
2.34396e-06
2.52034e-06
2.68087e-06
2.82542e-06
2.95381e-06
3.06595e-06
3.16199e-06
3.24179e-06
3.30572e-06
3.35373e-06
3.38642e-06
3.40378e-06
3.40653e-06
3.39479e-06
3.36933e-06
3.33048e-06
3.27899e-06
3.21533e-06
3.14021e-06
3.05435e-06
2.95836e-06
2.85313e-06
2.73917e-06
2.61751e-06
2.48864e-06
2.35366e-06
2.21301e-06
2.06778e-06
1.91846e-06
1.76609e-06
1.61121e-06
1.45473e-06
1.29725e-06
1.13953e-06
9.82301e-07
8.26133e-07
6.71797e-07
5.19689e-07
3.70648e-07
2.24943e-07
8.3397e-08
-5.38541e-08
-1.86045e-07
-3.13074e-07
-4.34273e-07
-5.49569e-07
-6.58474e-07
-7.60889e-07
-8.5649e-07
-9.45119e-07
-1.02667e-06
-1.10095e-06
-1.16805e-06
-1.22771e-06
-1.28017e-06
-1.32518e-06
-1.36313e-06
-1.39377e-06
-1.41754e-06
-1.43427e-06
-1.44443e-06
-1.44796e-06
-1.4453e-06
-1.4365e-06
-1.42194e-06
-1.40182e-06
-1.37646e-06
-1.34619e-06
-1.31123e-06
-1.27204e-06
-1.22874e-06
-1.18194e-06
-1.13169e-06
-1.07862e-06
-1.02276e-06
-9.64767e-07
-9.04676e-07
-8.43129e-07
-7.80165e-07
-7.16348e-07
-6.51789e-07
-5.86966e-07
-5.22071e-07
-4.57434e-07
-3.93326e-07
-3.29949e-07
-2.67675e-07
-2.06579e-07
-1.47084e-07
-8.91363e-08
-3.32072e-08
2.08271e-08
7.24806e-08
1.21946e-07
1.68778e-07
2.13185e-07
2.5477e-07
2.93716e-07
3.29727e-07
3.62959e-07
3.93234e-07
4.20628e-07
4.45079e-07
4.66592e-07
4.85252e-07
5.00993e-07
5.14009e-07
5.24152e-07
5.3172e-07
5.36528e-07
5.38961e-07
5.38799e-07
5.36458e-07
5.31711e-07
5.25e-07
5.16135e-07
5.05536e-07
4.93051e-07
4.79043e-07
4.63437e-07
4.46536e-07
4.28357e-07
4.09104e-07
3.88875e-07
3.67777e-07
3.46013e-07
3.23603e-07
3.00828e-07
2.77607e-07
2.54285e-07
2.30715e-07
2.07302e-07
1.83844e-07
1.60761e-07
1.37813e-07
1.15416e-07
9.33347e-08
7.19653e-08
5.1085e-08
3.10261e-08
1.16004e-08
-6.9248e-09
-2.46715e-08
-4.14571e-08
-5.73449e-08
-7.22564e-08
-8.61797e-08
-9.91244e-08
-1.10997e-07
-1.21904e-07
-1.31693e-07
-1.40561e-07
-1.4829e-07
-1.55139e-07
-1.6084e-07
-1.65714e-07
-1.69473e-07
-1.72471e-07
-1.74405e-07
-1.75632e-07
-1.75859e-07
-1.75442e-07
-1.74122e-07
-1.72224e-07
-1.69527e-07
-1.66304e-07
-1.62392e-07
-1.58015e-07
-1.53081e-07
-1.47742e-07
-1.4197e-07
-1.35837e-07
-1.29397e-07
-1.22653e-07
-1.15732e-07
-1.08561e-07
-1.01327e-07
-9.38843e-08
-8.64854e-08
-7.89326e-08
-7.15264e-08
-6.40169e-08
-5.67319e-08
-4.93866e-08
-4.23329e-08
-3.52729e-08
-2.85631e-08
-2.18964e-08
-1.56125e-08
-9.41326e-09
-3.61884e-09
2.04029e-09
7.28048e-09
1.23413e-08
1.6992e-08
2.14283e-08
2.54706e-08
2.92573e-08
3.267e-08
3.57942e-08
3.85814e-08
4.10582e-08
4.32379e-08
4.50819e-08
4.66669e-08
4.78996e-08
4.89221e-08
4.95884e-08
5.00922e-08
5.02342e-08
5.02543e-08
4.99146e-08
4.94988e-08
4.8738e-08
4.79438e-08
4.68186e-08
4.56918e-08
4.42525e-08
4.28447e-08
4.11547e-08
3.95259e-08
3.76444e-08
3.58417e-08
3.38164e-08
3.18859e-08
2.9772e-08
2.77673e-08
2.56178e-08
2.35802e-08
2.1433e-08
1.93972e-08
1.72927e-08
1.52997e-08
1.32784e-08
1.13602e-08
9.44734e-09
7.6245e-09
5.84272e-09
4.14056e-09
2.51531e-09
9.54786e-10
-5.00928e-10
-1.91194e-09
-3.19236e-09
-4.44459e-09
-5.5396e-09
-6.62298e-09
-7.52958e-09
-8.44575e-09
-9.17102e-09
-9.92439e-09
-1.0472e-08
-1.10626e-08
-1.14369e-08
-1.18718e-08
-1.2087e-08
-1.23798e-08
-1.24499e-08
-1.2609e-08
-1.25435e-08
-1.25783e-08
-1.2393e-08
-1.23201e-08
-1.20342e-08
-1.18684e-08
-1.14954e-08
-1.12467e-08
-1.08002e-08
-1.04836e-08
-9.98253e-09
-9.61476e-09
-9.07477e-09
-8.66682e-09
-8.09865e-09
-7.66086e-09
-7.07838e-09
-6.62513e-09
-6.04329e-09
-5.58604e-09
-5.01401e-09
-4.5593e-09
-4.00453e-09
-3.56082e-09
-3.03369e-09
-2.6107e-09
-2.11924e-09
-1.72189e-09
-1.26917e-09
-9.00043e-10
-4.89899e-10
-1.54201e-10
2.07903e-10
5.05957e-10
8.18305e-10
1.079e-09
1.34301e-09
1.56697e-09
1.78227e-09
1.96787e-09
2.13351e-09
2.2809e-09
2.39932e-09
2.51177e-09
2.58678e-09
2.66679e-09
2.70032e-09
2.74886e-09
2.74297e-09
2.7629e-09
2.72223e-09
2.71819e-09
2.64752e-09
2.62266e-09
2.52466e-09
2.48086e-09
2.35851e-09
2.29934e-09
2.15778e-09
2.08817e-09
1.93228e-09
1.85552e-09
1.688e-09
1.6058e-09
1.42911e-09
1.34424e-09
1.1625e-09
1.07905e-09
8.96529e-10
8.17556e-10
6.36753e-10
5.63631e-10
3.86151e-10
3.20415e-10
1.48743e-10
9.29513e-11
-6.99046e-11
-1.13445e-10
-2.65443e-10
-2.95671e-10
-4.35829e-10
-4.52186e-10
-5.79456e-10
-5.80945e-10
-6.93819e-10
-6.79244e-10
-7.76439e-10
-7.45173e-10
-8.26158e-10
-7.78273e-10
-8.43e-10
-7.78766e-10
-8.27142e-10
-7.46643e-10
-7.78388e-10
-6.81664e-10
-6.96698e-10
-5.8427e-10
-5.83211e-10
-4.56354e-10
-4.40388e-10
-3.00599e-10
-2.70714e-10
-1.19032e-10
-7.57774e-11
8.68231e-11
1.42392e-10
3.13878e-10
3.79465e-10
5.56837e-10
6.29893e-10
8.10675e-10
8.89671e-10
1.07227e-09
1.15583e-09
1.33774e-09
1.42284e-09
1.5998e-09
1.68234e-09
1.85024e-09
1.92744e-09
2.08384e-09
2.15401e-09
2.29618e-09
2.35602e-09
2.4791e-09
2.52369e-09
2.62254e-09
2.64829e-09
2.71992e-09
2.72496e-09
2.76668e-09
2.74786e-09
2.75489e-09
2.70753e-09
2.67523e-09
2.59647e-09
2.52275e-09
2.4116e-09
2.29451e-09
2.14845e-09
1.98416e-09
1.7999e-09
1.58594e-09
1.36331e-09
1.1006e-09
8.41182e-10
5.30068e-10
2.33202e-10
-1.27771e-10
-4.62402e-10
-8.71554e-10
-1.23977e-09
-1.69168e-09
-2.08833e-09
-2.5792e-09
-3.00171e-09
-3.52851e-09
-3.97204e-09
-4.52678e-09
-4.98162e-09
-5.55396e-09
-6.01171e-09
-6.59424e-09
-7.04838e-09
-7.63197e-09
-8.07108e-09
-8.64079e-09
-9.05052e-09
-9.59253e-09
-9.96256e-09
-1.04661e-08
-1.07855e-08
-1.12349e-08
-1.14869e-08
-1.18633e-08
-1.2033e-08
-1.23228e-08
-1.23999e-08
-1.25896e-08
-1.25595e-08
-1.26298e-08
-1.24758e-08
-1.2411e-08
-1.21236e-08
-1.1914e-08
-1.14848e-08
-1.11162e-08
-1.05316e-08
-9.98994e-09
-9.24257e-09
-8.52332e-09
-7.61315e-09
-6.71249e-09
-5.63497e-09
-4.54571e-09
-3.29907e-09
-2.02405e-09
-6.18203e-10
8.32611e-10
2.38855e-09
4.00956e-09
5.70787e-09
7.48624e-09
9.30616e-09
1.12166e-08
1.3133e-08
1.51531e-08
1.71455e-08
1.92501e-08
2.12867e-08
2.34355e-08
2.54755e-08
2.76282e-08
2.96371e-08
3.17559e-08
3.36924e-08
3.57246e-08
3.75352e-08
3.94256e-08
4.10642e-08
4.27651e-08
4.41847e-08
4.56369e-08
4.67776e-08
4.79178e-08
4.87279e-08
4.95055e-08
4.99391e-08
5.02975e-08
5.02969e-08
5.01752e-08
4.96925e-08
4.9048e-08
4.80478e-08
4.6838e-08
4.52764e-08
4.34561e-08
4.13005e-08
3.88479e-08
3.60849e-08
3.2985e-08
2.95963e-08
2.58333e-08
2.18143e-08
1.74008e-08
1.27721e-08
7.73244e-09
2.51242e-09
-3.1277e-09
-8.90442e-09
-1.50874e-08
-2.13567e-08
-2.80107e-08
-3.47095e-08
-4.17607e-08
-4.88079e-08
-5.61491e-08
-6.34325e-08
-7.09431e-08
-7.83532e-08
-8.5913e-08
-9.33218e-08
-1.00778e-07
-1.08028e-07
-1.1522e-07
-1.22163e-07
-1.28934e-07
-1.35405e-07
-1.41572e-07
-1.47381e-07
-1.52763e-07
-1.57742e-07
-1.62167e-07
-1.66131e-07
-1.6941e-07
-1.72167e-07
-1.74127e-07
-1.75513e-07
-1.75999e-07
-1.75844e-07
-1.74691e-07
-1.72834e-07
-1.69915e-07
-1.66237e-07
-1.61446e-07
-1.55828e-07
-1.49065e-07
-1.41421e-07
-1.32639e-07
-1.22936e-07
-1.12114e-07
-1.00326e-07
-8.74639e-08
-7.36217e-08
-5.87889e-08
-4.2977e-08
-2.6264e-08
-8.58608e-09
9.87465e-09
2.92408e-08
4.92455e-08
7.00773e-08
9.14047e-08
1.13451e-07
1.3582e-07
1.58749e-07
1.8182e-07
2.05275e-07
2.28695e-07
2.52281e-07
2.75628e-07
2.98886e-07
3.21708e-07
3.44176e-07
3.66009e-07
3.87187e-07
4.07508e-07
4.26865e-07
4.45159e-07
4.62187e-07
4.77932e-07
4.9209e-07
5.04736e-07
5.15508e-07
5.24556e-07
5.31461e-07
5.36411e-07
5.38965e-07
5.3935e-07
5.37147e-07
5.32578e-07
5.25255e-07
5.15363e-07
5.02604e-07
4.87124e-07
4.68728e-07
4.4748e-07
4.23297e-07
3.96169e-07
3.6616e-07
3.3319e-07
2.97437e-07
2.58745e-07
2.17407e-07
1.73237e-07
1.26633e-07
7.73859e-08
2.59371e-08
-2.79067e-08
-8.36608e-08
-1.41451e-07
-2.00806e-07
-2.61783e-07
-3.23958e-07
-3.87259e-07
-4.51317e-07
-5.15927e-07
-5.80822e-07
-6.45673e-07
-7.10287e-07
-7.7419e-07
-8.3727e-07
-8.98963e-07
-9.59233e-07
-1.01743e-06
-1.07354e-06
-1.12688e-06
-1.17744e-06
-1.22459e-06
-1.26825e-06
-1.30785e-06
-1.34325e-06
-1.37398e-06
-1.39985e-06
-1.42049e-06
-1.43561e-06
-1.44499e-06
-1.44825e-06
-1.44535e-06
-1.43584e-06
-1.41978e-06
-1.39669e-06
-1.36675e-06
-1.32952e-06
-1.28523e-06
-1.23349e-06
-1.17456e-06
-1.10819e-06
-1.03463e-06
-9.53798e-07
-8.65876e-07
-7.70969e-07
-6.6923e-07
-5.6098e-07
-4.46313e-07
-3.25715e-07
-1.99254e-07
-6.75944e-08
6.91651e-08
2.10263e-07
3.55568e-07
5.04259e-07
6.56072e-07
8.1017e-07
9.66162e-07
1.12328e-06
1.28095e-06
1.43845e-06
1.59503e-06
1.75008e-06
1.90269e-06
2.05234e-06
2.19797e-06
2.3391e-06
2.47464e-06
2.60416e-06
2.72654e-06
2.84131e-06
2.94742e-06
3.04437e-06
3.13127e-06
3.20751e-06
3.27235e-06
3.32511e-06
3.36528e-06
3.39213e-06
3.40532e-06
3.40408e-06
3.38827e-06
3.35718e-06
3.31081e-06
3.24855e-06
3.17046e-06
3.07615e-06
2.96574e-06
2.83909e-06
2.69629e-06
2.5375e-06
2.36284e-06
2.17277e-06
1.96741e-06
1.74748e-06
1.51318e-06
1.26547e-06
1.00469e-06
7.31898e-07
4.47636e-07
1.53065e-07
-1.50999e-07
-4.63399e-07
-7.83074e-07
-1.10887e-06
-1.43942e-06
-1.77358e-06
-2.10978e-06
-2.44692e-06
-2.78321e-06
-3.11749e-06
-3.44791e-06
-3.77325e-06
-4.09169e-06
-4.40185e-06
-4.70199e-06
-4.9906e-06
-5.26614e-06
-5.52696e-06
-5.77165e-06
-5.9985e-06
-6.20631e-06
-6.39338e-06
-6.55864e-06
-6.70044e-06
-6.81785e-06
-6.90947e-06
-6.97442e-06
-7.01155e-06
-7.02002e-06
-6.99908e-06
-6.94796e-06
-6.86625e-06
-6.75325e-06
-6.60895e-06
-6.43286e-06
-6.22524e-06
-5.98585e-06
-5.7152e-06
-5.41344e-06
-5.08128e-06
-4.71927e-06
-4.3282e-06
-3.90915e-06
-3.46307e-06
-2.99143e-06
-2.49535e-06
-1.97666e-06
-1.43674e-06
-8.77722e-07
-3.01233e-07
2.90441e-07
8.95283e-07
1.51089e-06
2.13491e-06
2.76496e-06
3.39831e-06
4.03253e-06
4.66465e-06
5.29224e-06
5.9122e-06
6.52198e-06
7.11846e-06
7.69902e-06
8.26069e-06
8.8007e-06
9.31624e-06
9.80447e-06
1.02629e-05
1.06887e-05
1.10796e-05
1.14328e-05
1.17463e-05
1.20177e-05
1.22451e-05
1.24264e-05
1.256e-05
1.26443e-05
1.26778e-05
1.26595e-05
1.2588e-05
1.2463e-05
1.22835e-05
1.20494e-05
1.17604e-05
1.14168e-05
1.10188e-05
1.05671e-05
1.00624e-05
9.50586e-06
8.89894e-06
8.24298e-06
7.54004e-06
6.79191e-06
6.00121e-06
5.17017e-06
4.30175e-06
3.39874e-06
2.46444e-06
1.50219e-06
5.15438e-07
-4.91941e-07
-1.51629e-06
-2.55327e-06
-3.5991e-06
-4.64921e-06
-5.69951e-06
-6.74532e-06
-7.78231e-06
-8.80592e-06
-9.81154e-06
-1.07947e-05
-1.17507e-05
-1.26753e-05
-1.35638e-05
-1.4412e-05
-1.52155e-05
-1.59704e-05
-1.66725e-05
-1.7318e-05
-1.79033e-05
-1.84249e-05
-1.88796e-05
-1.92643e-05
-1.95764e-05
-1.98132e-05
-1.99728e-05
-2.00531e-05
-2.00526e-05
-1.99699e-05
-1.98043e-05
-1.95551e-05
-1.9222e-05
-1.88052e-05
-1.83051e-05
-1.77228e-05
-1.70591e-05
-1.6316e-05
-1.54951e-05
-1.4599e-05
-1.36302e-05
-1.25916e-05
-1.14869e-05
-1.03194e-05
-9.0934e-06
-7.81296e-06
-6.48298e-06
-5.10809e-06
-3.69355e-06
-2.24469e-06
-7.67085e-07
7.33329e-07
2.25086e-06
3.77909e-06
5.31207e-06
6.84315e-06
8.36623e-06
9.87464e-06
1.1362e-05
1.28218e-05
1.42476e-05
1.56332e-05
1.69721e-05
1.82583e-05
1.94858e-05
2.06488e-05
2.17417e-05
2.27591e-05
2.3696e-05
2.45474e-05
2.53091e-05
2.59765e-05
2.65462e-05
2.70145e-05
2.73786e-05
2.76355e-05
2.77834e-05
2.78203e-05
2.77449e-05
2.75565e-05
2.72545e-05
2.68393e-05
2.63112e-05
2.56716e-05
2.49217e-05
2.40639e-05
2.31005e-05
2.20346e-05
2.08696e-05
1.96094e-05
1.82586e-05
1.68216e-05
1.53039e-05
1.37109e-05
1.20487e-05
1.03234e-05
8.54173e-06
6.71071e-06
4.83721e-06
2.92898e-06
9.93339e-07
-9.61621e-07
-2.92824e-06
-4.89832e-06
-6.86371e-06
-8.81636e-06
-1.0748e-05
-1.26506e-05
-1.45158e-05
-1.63361e-05
-1.81032e-05
-1.98097e-05
-2.1448e-05
-2.3011e-05
-2.44917e-05
-2.58834e-05
-2.71798e-05
-2.8375e-05
-2.94635e-05
-3.04399e-05
-3.12998e-05
-3.20389e-05
-3.26533e-05
-3.314e-05
-3.34961e-05
-3.37196e-05
-3.38086e-05
-3.37624e-05
-3.35802e-05
-3.32623e-05
-3.28093e-05
-3.22222e-05
-3.15031e-05
-3.06541e-05
-2.96785e-05
-2.85793e-05
-2.73608e-05
-2.60276e-05
-2.45845e-05
-2.30372e-05
-2.13914e-05
-1.9654e-05
-1.78314e-05
-1.59309e-05
-1.39602e-05
-1.19271e-05
-9.83979e-06
-7.70656e-06
-5.53634e-06
-3.33765e-06
-1.11975e-06
1.10859e-06
3.33796e-06
5.55929e-06
7.76351e-06
9.94134e-06
1.2084e-05
1.41822e-05
1.62278e-05
1.82118e-05
2.01262e-05
2.19629e-05
2.37143e-05
2.53731e-05
2.69322e-05
2.83853e-05
2.97262e-05
3.09493e-05
3.20495e-05
3.30221e-05
3.38632e-05
3.4569e-05
3.51369e-05
3.55641e-05
3.58493e-05
3.59909e-05
3.59885e-05
3.58422e-05
3.55524e-05
3.51206e-05
3.45484e-05
3.38386e-05
3.29937e-05
3.20176e-05
3.09143e-05
2.96886e-05
2.83455e-05
2.68906e-05
2.53303e-05
2.36709e-05
2.19194e-05
2.00833e-05
1.817e-05
1.61879e-05
1.41447e-05
1.20495e-05
9.91061e-06
7.73712e-06
5.53788e-06
3.32211e-06
1.09894e-06
-1.12269e-06
-3.33333e-06
-5.52424e-06
-7.68625e-06
-9.8108e-06
-1.18891e-05
-1.39128e-05
-1.5874e-05
-1.77645e-05
-1.95772e-05
-2.13045e-05
-2.294e-05
-2.44772e-05
-2.59102e-05
-2.72336e-05
-2.84423e-05
-2.95321e-05
-3.04987e-05
-3.1339e-05
-3.20499e-05
-3.26292e-05
-3.30753e-05
-3.33867e-05
-3.35632e-05
-3.36044e-05
-3.35112e-05
-3.32845e-05
-3.29259e-05
-3.24378e-05
-3.18227e-05
-3.10842e-05
-3.02257e-05
-2.92517e-05
-2.81668e-05
-2.69762e-05
-2.56854e-05
-2.43002e-05
-2.28274e-05
-2.1273e-05
-1.96444e-05
-1.79485e-05
-1.61929e-05
-1.43853e-05
-1.25332e-05
-1.06449e-05
-8.72806e-06
-6.79105e-06
-4.84187e-06
-2.88856e-06
-9.39303e-07
9.98113e-07
2.91551e-06
4.80557e-06
6.66045e-06
8.47292e-06
1.02359e-05
1.19426e-05
1.35865e-05
1.51612e-05
1.66611e-05
1.80806e-05
1.94145e-05
2.06583e-05
2.18075e-05
2.28585e-05
2.38077e-05
2.46523e-05
2.53898e-05
2.60181e-05
2.65359e-05
2.69421e-05
2.72362e-05
2.74179e-05
2.74879e-05
2.7447e-05
2.72963e-05
2.7038e-05
2.6674e-05
2.62071e-05
2.56402e-05
2.49769e-05
2.4221e-05
2.33764e-05
2.24479e-05
2.14401e-05
2.03582e-05
1.92073e-05
1.79932e-05
1.67216e-05
1.53983e-05
1.40295e-05
1.26212e-05
1.118e-05
9.71199e-06
8.22364e-06
6.72147e-06
5.21153e-06
3.7005e-06
2.19436e-06
6.99445e-07
-7.78372e-07
-2.23319e-06
-3.65913e-06
-5.05107e-06
-6.40335e-06
-7.71116e-06
-8.96963e-06
-1.01743e-05
-1.13209e-05
-1.24054e-05
-1.34246e-05
-1.43747e-05
-1.52531e-05
-1.60572e-05
-1.67846e-05
-1.74337e-05
-1.80025e-05
-1.84904e-05
-1.88962e-05
-1.92196e-05
-1.94607e-05
-1.96193e-05
-1.96965e-05
-1.96929e-05
-1.96101e-05
-1.94494e-05
-1.92128e-05
-1.89026e-05
-1.8521e-05
-1.8071e-05
-1.75554e-05
-1.69775e-05
-1.63408e-05
-1.56486e-05
-1.49051e-05
-1.41139e-05
-1.32793e-05
-1.24054e-05
-1.14965e-05
-1.05571e-05
-9.59127e-06
-8.60396e-06
-7.59927e-06
-6.58177e-06
-5.55607e-06
-4.52631e-06
-3.49708e-06
-2.4724e-06
-1.45672e-06
-4.53882e-07
5.32202e-07
1.49746e-06
2.43866e-06
3.35203e-06
4.23446e-06
5.08279e-06
5.89414e-06
6.666e-06
7.39555e-06
8.08099e-06
8.72008e-06
9.31105e-06
9.85254e-06
1.03431e-05
1.07819e-05
1.11678e-05
1.15006e-05
1.17799e-05
1.20053e-05
1.21775e-05
1.22964e-05
1.23629e-05
1.23776e-05
1.23416e-05
1.22562e-05
1.21224e-05
1.19424e-05
1.17174e-05
1.14495e-05
1.11408e-05
1.07933e-05
1.04095e-05
9.99148e-06
9.54208e-06
9.06365e-06
8.55877e-06
8.03045e-06
7.48104e-06
6.91356e-06
6.3307e-06
5.73525e-06
5.13006e-06
4.51767e-06
3.90117e-06
3.28289e-06
2.6656e-06
2.05199e-06
1.44428e-06
8.45149e-07
2.56695e-07
-3.18677e-07
-8.78994e-07
-1.4223e-06
-1.94643e-06
-2.45006e-06
-2.93126e-06
-3.3886e-06
-3.82088e-06
-4.22669e-06
-4.60518e-06
-4.95517e-06
-5.27617e-06
-5.5674e-06
-5.82824e-06
-6.05873e-06
-6.25825e-06
-6.42697e-06
-6.56492e-06
-6.67225e-06
-6.74938e-06
-6.79656e-06
-6.81468e-06
-6.80411e-06
-6.76571e-06
-6.70059e-06
-6.60935e-06
-6.49337e-06
-6.35363e-06
-6.19141e-06
-6.00798e-06
-5.80458e-06
-5.58288e-06
-5.34394e-06
-5.08948e-06
-4.82104e-06
-4.53985e-06
-4.24778e-06
-3.94613e-06
-3.63658e-06
-3.32057e-06
-2.99962e-06
-2.67542e-06
-2.34906e-06
-2.02236e-06
-1.69657e-06
-1.37288e-06
-1.05295e-06
-7.37736e-07
-4.28609e-07
-1.26622e-07
1.67111e-07
4.51486e-07
7.2585e-07
9.88925e-07
1.2402e-06
1.47897e-06
1.7043e-06
1.91597e-06
2.11324e-06
2.29581e-06
2.4633e-06
2.61539e-06
2.7521e-06
2.87295e-06
2.97826e-06
3.06791e-06
3.14181e-06
3.2005e-06
3.24385e-06
3.27232e-06
3.28621e-06
3.28588e-06
3.27188e-06
3.24444e-06
3.20445e-06
3.15221e-06
3.08831e-06
3.01371e-06
2.92864e-06
2.83408e-06
2.73069e-06
2.61909e-06
2.50018e-06
2.37451e-06
2.24308e-06
2.10642e-06
1.96534e-06
1.8208e-06
1.67314e-06
1.52345e-06
1.37234e-06
1.22034e-06
1.06842e-06
9.16983e-07
7.6684e-07
6.18467e-07
4.72503e-07
3.29611e-07
1.8998e-07
5.45064e-08
-7.6599e-08
-2.03009e-07
-3.2399e-07
-4.39574e-07
-5.4924e-07
-6.52733e-07
-7.49905e-07
-8.40414e-07
-9.24307e-07
-1.00117e-06
-1.07115e-06
-1.13418e-06
-1.18993e-06
-1.23886e-06
-1.28067e-06
-1.31547e-06
-1.34357e-06
-1.3648e-06
-1.37952e-06
-1.38779e-06
-1.38985e-06
-1.38595e-06
-1.37614e-06
-1.36101e-06
-1.34048e-06
-1.31495e-06
-1.28494e-06
-1.2503e-06
-1.21174e-06
-1.16944e-06
-1.1236e-06
-1.07479e-06
-1.02311e-06
-9.69067e-07
-9.12848e-07
-8.54836e-07
-7.95479e-07
-7.34757e-07
-6.73372e-07
-6.11426e-07
-5.49068e-07
-4.86981e-07
-4.25037e-07
-3.63673e-07
-3.03218e-07
-2.43692e-07
-1.85534e-07
-1.28771e-07
-7.37473e-08
-2.05572e-08
3.07224e-08
7.96423e-08
1.26469e-07
1.70837e-07
2.12559e-07
2.51931e-07
2.88451e-07
3.22284e-07
3.53458e-07
3.81698e-07
4.07247e-07
4.29925e-07
4.49851e-07
4.67009e-07
4.81353e-07
4.93184e-07
5.02203e-07
5.08727e-07
5.12884e-07
5.14393e-07
5.13805e-07
5.10952e-07
5.05867e-07
4.98974e-07
4.90053e-07
4.79408e-07
4.67142e-07
4.53296e-07
4.38135e-07
4.21584e-07
4.04015e-07
3.85379e-07
3.65757e-07
3.4559e-07
3.24569e-07
3.0309e-07
2.81347e-07
2.59077e-07
2.36822e-07
2.14472e-07
1.92051e-07
1.69921e-07
1.47911e-07
1.26276e-07
1.05035e-07
8.4254e-08
6.41146e-08
4.44537e-08
2.56265e-08
7.49912e-09
-9.96103e-09
-2.63465e-08
-4.20597e-08
-5.68387e-08
-7.05183e-08
-8.34856e-08
-9.53196e-08
-1.06171e-07
-1.16162e-07
-1.25013e-07
-1.3298e-07
-1.39936e-07
-1.45921e-07
-1.51004e-07
-1.55067e-07
-1.58364e-07
-1.60673e-07
-1.62138e-07
-1.62944e-07
-1.62741e-07
-1.61964e-07
-1.60515e-07
-1.58202e-07
-1.55526e-07
-1.52148e-07
-1.48185e-07
-1.43931e-07
-1.3906e-07
-1.3388e-07
-1.28392e-07
-1.22518e-07
-1.16488e-07
-1.10172e-07
-1.03758e-07
-9.72024e-08
-9.05139e-08
-8.39346e-08
-7.71865e-08
-7.05626e-08
-6.41006e-08
-5.75232e-08
-5.13125e-08
-4.52041e-08
-3.9157e-08
-3.35885e-08
-2.80703e-08
-2.28427e-08
-1.80532e-08
-1.33642e-08
-9.1249e-09
-5.213e-09
-1.55119e-09
1.65252e-09
4.59118e-09
7.12686e-09
9.32349e-09
1.12082e-08
1.26449e-08
1.38853e-08
1.46973e-08
1.51663e-08
1.55014e-08
1.53282e-08
1.50104e-08
1.45132e-08
1.35548e-08
1.26334e-08
1.14432e-08
9.97479e-09
8.62481e-09
6.97651e-09
5.29214e-09
3.70639e-09
1.92019e-09
2.92857e-10
-1.28044e-09
-2.84573e-09
-4.16743e-09
-5.40959e-09
-6.41208e-09
-7.17765e-09
-7.72311e-09
-7.87196e-09
-7.80086e-09
-7.28978e-09
-6.34509e-09
-5.12465e-09
-3.25723e-09
-1.00754e-09
1.67348e-09
5.10621e-09
8.86253e-09
1.32578e-08
1.83741e-08
2.38208e-08
3.00733e-08
3.69187e-08
4.41822e-08
5.22956e-08
6.0854e-08
6.99472e-08
7.97864e-08
8.99675e-08
1.00741e-07
1.12047e-07
1.23647e-07
1.35764e-07
1.48166e-07
1.60821e-07
1.73764e-07
1.86769e-07
1.99911e-07
2.13003e-07
2.2597e-07
2.38819e-07
2.51245e-07
2.63351e-07
2.74937e-07
2.8575e-07
2.95971e-07
3.05171e-07
3.13291e-07
3.20421e-07
3.26004e-07
3.30213e-07
3.32904e-07
3.33574e-07
3.32536e-07
3.29373e-07
3.238e-07
3.16105e-07
3.05688e-07
2.92549e-07
2.76796e-07
2.57822e-07
2.35859e-07
2.10768e-07
1.8211e-07
1.50214e-07
1.14744e-07
7.55367e-08
3.28643e-08
-1.36595e-08
-6.39296e-08
-1.17816e-07
-1.75589e-07
-2.36969e-07
-3.01954e-07
-3.70583e-07
-4.42526e-07
-5.17806e-07
-5.96202e-07
-6.77427e-07
-7.61387e-07
-8.47666e-07
-9.36029e-07
-1.02615e-06
-1.11754e-06
-1.20993e-06
-1.30274e-06
-1.39548e-06
-1.48775e-06
-1.57877e-06
-1.66809e-06
-1.75507e-06
-1.83883e-06
-1.91894e-06
-1.99447e-06
-2.06458e-06
-2.12873e-06
-2.18578e-06
-2.235e-06
-2.27567e-06
-2.30652e-06
-2.32698e-06
-2.33608e-06
-2.33262e-06
-2.31609e-06
-2.28531e-06
-2.23929e-06
-2.17755e-06
-2.09879e-06
-2.00233e-06
-1.88763e-06
-1.75346e-06
-1.59951e-06
-1.42513e-06
-1.22939e-06
-1.0123e-06
-7.73181e-07
-5.11593e-07
-2.27786e-07
7.87787e-08
4.07952e-07
7.59285e-07
1.13298e-06
1.52825e-06
1.94444e-06
2.38123e-06
2.83719e-06
3.31144e-06
3.80291e-06
4.30966e-06
4.83041e-06
5.36327e-06
5.90584e-06
6.45633e-06
7.01198e-06
7.57e-06
8.12795e-06
8.68228e-06
9.22986e-06
9.76744e-06
1.02909e-05
1.07967e-05
1.12808e-05
1.17386e-05
1.21663e-05
1.25591e-05
1.29122e-05
1.32214e-05
1.34813e-05
1.36795e-05
1.36144e-05
1.27221e-05
1.03042e-05
6.37059e-06
2.52777e-06
5.41611e-07
5.64793e-08
0
