0
2.55281e-16
3.62961e-15
2.49616e-14
2.69164e-14
4.19885e-13
-8.37605e-13
-1.55778e-12
1.23326e-11
-2.68639e-11
3.34867e-11
-2.73894e-11
1.09398e-11
9.48386e-12
-2.60661e-11
3.25706e-11
-2.67031e-11
1.09083e-11
8.65342e-12
-2.45377e-11
3.08742e-11
-2.55526e-11
1.09087e-11
7.30013e-12
-2.21877e-11
2.83663e-11
-2.39143e-11
1.09366e-11
5.40584e-12
-1.89807e-11
2.50082e-11
-2.17543e-11
1.09753e-11
2.96476e-12
-1.48902e-11
2.07583e-11
-1.90348e-11
1.10055e-11
-2.89613e-14
-9.88861e-12
1.55829e-11
-1.57247e-11
1.10056e-11
-3.56726e-12
-3.97097e-12
9.46333e-12
-1.17976e-11
1.09425e-11
-7.61939e-12
2.83629e-12
2.41478e-12
-7.24776e-12
1.0788e-11
-1.21257e-11
1.0463e-11
-5.50343e-12
-2.09567e-12
1.05036e-11
-1.69926e-11
1.87735e-11
-1.41625e-11
3.58899e-12
1.00524e-11
-2.20715e-11
2.75521e-11
-2.3352e-11
9.69096e-12
9.39963e-12
-2.71616e-11
3.6489e-11
-3.27637e-11
1.60253e-11
8.51046e-12
-3.20032e-11
4.51737e-11
-4.1985e-11
2.23437e-11
7.356e-12
-3.6271e-11
5.30892e-11
-5.04932e-11
2.83206e-11
5.92104e-12
-3.9592e-11
5.96244e-11
-5.76633e-11
3.35616e-11
4.20847e-12
-4.1559e-11
6.41069e-11
-6.28068e-11
3.76235e-11
2.23929e-12
-4.17556e-11
6.58372e-11
-6.52066e-11
4.00406e-11
6.06832e-14
-3.981e-11
6.41779e-11
-6.42054e-11
4.03746e-11
-2.24877e-12
-3.5444e-11
5.8629e-11
-5.92816e-11
3.82642e-11
-4.57827e-12
-2.85363e-11
4.89363e-11
-5.01671e-11
3.35e-11
-6.78643e-12
-1.91981e-11
3.5216e-11
-3.69637e-11
2.60974e-11
-8.70568e-12
-7.83008e-12
1.80396e-11
-2.0236e-11
1.63553e-11
-1.01494e-11
4.83852e-12
-1.48532e-12
-1.08279e-12
4.90234e-12
-1.09303e-11
1.77369e-11
-2.17145e-11
1.88616e-11
-7.29595e-12
-1.08801e-11
2.95181e-11
-4.05465e-11
3.75112e-11
-1.8988e-11
-9.87878e-12
3.86715e-11
-5.56102e-11
5.25221e-11
-2.87527e-11
-7.8801e-12
4.37129e-11
-6.45662e-11
6.15992e-11
-3.51844e-11
-4.94179e-12
4.34352e-11
-6.55038e-11
6.28837e-11
-3.71168e-11
-1.26195e-12
3.72106e-11
-5.73872e-11
5.53953e-11
-3.38925e-11
2.82167e-12
2.52454e-11
-4.04737e-11
3.94255e-11
-2.55946e-11
6.83616e-12
8.77428e-12
-1.65838e-11
1.67889e-11
-1.31897e-11
1.02021e-11
-9.92018e-12
1.08719e-11
-9.19411e-12
1.47953e-12
1.23073e-11
-2.77028e-11
3.72276e-11
-3.40401e-11
1.58933e-11
1.26096e-11
-4.10681e-11
5.72797e-11
-5.28331e-11
2.72617e-11
1.07693e-11
-4.68379e-11
6.63436e-11
-6.12525e-11
3.30988e-11
6.76773e-12
-4.29993e-11
6.14611e-11
-5.67333e-11
3.18323e-11
9.97756e-13
-2.94993e-11
4.24665e-11
-3.94829e-11
2.33027e-11
-5.73644e-12
-8.74477e-12
1.2556e-11
-1.29975e-11
8.97428e-12
-1.23289e-11
1.44687e-11
-2.19512e-11
1.62622e-11
-8.2319e-12
-1.75644e-11
3.38141e-11
-5.27456e-11
4.02141e-11
-2.44429e-11
-2.02894e-11
4.31188e-11
-7.14315e-11
5.14656e-11
-3.56143e-11
-1.95709e-11
3.84833e-11
-7.18929e-11
4.58443e-11
-3.85903e-11
-1.50434e-11
1.99818e-11
-5.27412e-11
2.41072e-11
-3.23879e-11
-7.53076e-12
-7.92879e-12
-1.89297e-11
-7.90724e-12
-1.90498e-11
6.70285e-13
-3.71991e-11
1.89397e-11
-4.03167e-11
-2.89546e-12
6.8167e-12
-5.76666e-11
4.83511e-11
-6.12673e-11
1.16469e-11
9.44351e-12
-5.98277e-11
5.97257e-11
-6.08916e-11
2.15767e-11
8.83309e-12
-3.92509e-11
4.98371e-11
-3.62139e-11
2.57575e-11
6.73383e-12
3.29239e-13
2.39919e-11
7.0172e-12
2.5974e-11
6.968e-12
4.81864e-11
-3.9146e-12
5.65101e-11
2.69704e-11
1.45483e-11
8.98787e-11
-1.68892e-11
9.69362e-11
3.33412e-11
3.22848e-11
1.11807e-10
-3.16289e-12
1.15615e-10
4.71019e-11
5.89675e-11
1.07899e-10
3.78167e-11
1.08754e-10
6.64922e-11
8.83828e-11
8.26171e-11
9.20358e-11
8.22303e-11
8.47096e-11
1.09234e-10
4.85742e-11
1.3458e-10
4.85649e-11
9.22455e-11
1.09258e-10
2.04369e-11
1.39998e-10
1.95711e-11
7.94875e-11
7.91148e-11
4.7076e-12
9.32732e-11
-2.02325e-12
4.0002e-11
1.7359e-11
-5.4442e-12
-7.42494e-13
-2.48702e-11
-2.66728e-11
-6.83102e-11
-3.01053e-11
-1.20128e-10
-6.7357e-11
-1.16671e-10
-1.64944e-10
-9.24331e-11
-2.35167e-10
-1.4483e-10
-2.20353e-10
-2.57966e-10
-2.02271e-10
-3.23685e-10
-2.59462e-10
-3.27082e-10
-3.40359e-10
-3.47067e-10
-3.8256e-10
-3.92692e-10
-4.23247e-10
-4.0953e-10
-4.87037e-10
-4.22124e-10
-5.07631e-10
-4.93551e-10
-4.65398e-10
-5.73807e-10
-4.55519e-10
-5.64669e-10
-5.20505e-10
-4.97264e-10
-5.66449e-10
-4.73286e-10
-5.31874e-10
-4.83125e-10
-4.78406e-10
-4.52754e-10
-4.40852e-10
-3.99526e-10
-3.62782e-10
-3.68825e-10
-2.44546e-10
-3.02396e-10
-1.6956e-10
-1.41674e-10
-1.30102e-10
3.61564e-11
-1.62239e-11
1.47211e-10
1.86822e-10
2.50829e-10
3.81804e-10
4.23467e-10
5.48456e-10
6.21207e-10
7.5014e-10
8.0251e-10
9.68658e-10
1.0268e-09
1.13862e-09
1.30719e-09
1.3086e-09
1.54177e-09
1.56347e-09
1.69683e-09
1.8473e-09
1.87062e-09
2.05734e-09
2.09902e-09
2.2209e-09
2.29975e-09
2.39838e-09
2.45178e-09
2.53901e-09
2.61245e-09
2.60223e-09
2.74535e-09
2.66461e-09
2.75703e-09
2.75497e-09
2.68397e-09
2.76328e-09
2.62327e-09
2.63281e-09
2.53867e-09
2.44152e-09
2.34349e-09
2.21419e-09
2.06835e-09
1.87921e-09
1.7522e-09
1.44963e-09
1.31715e-09
1.00706e-09
7.26267e-10
5.09426e-10
8.30961e-11
-1.46671e-10
-5.63203e-10
-9.24943e-10
-1.29985e-09
-1.73456e-09
-2.15098e-09
-2.605e-09
-3.03637e-09
-3.57096e-09
-3.96323e-09
-4.54598e-09
-5.0013e-09
-5.48691e-09
-6.08482e-09
-6.48207e-09
-7.09308e-09
-7.54644e-09
-8.05122e-09
-8.56266e-09
-9.01904e-09
-9.49044e-09
-9.92275e-09
-1.03761e-08
-1.06978e-08
-1.11571e-08
-1.13989e-08
-1.17271e-08
-1.20119e-08
-1.21261e-08
-1.23963e-08
-1.24141e-08
-1.25069e-08
-1.24949e-08
-1.24108e-08
-1.2277e-08
-1.20739e-08
-1.18028e-08
-1.14051e-08
-1.10611e-08
-1.04413e-08
-9.93413e-09
-9.22773e-09
-8.42155e-09
-7.6624e-09
-6.62836e-09
-5.67398e-09
-4.53097e-09
-3.34241e-09
-2.04402e-09
-7.00167e-10
7.76527e-10
2.31477e-09
3.86312e-09
5.65013e-09
7.28232e-09
9.18047e-09
1.10352e-08
1.29197e-08
1.49651e-08
1.69092e-08
1.89924e-08
2.10315e-08
2.31415e-08
2.51717e-08
2.73147e-08
2.93318e-08
3.13553e-08
3.34234e-08
3.52496e-08
3.72416e-08
3.89759e-08
4.07047e-08
4.23416e-08
4.38073e-08
4.51898e-08
4.64017e-08
4.74932e-08
4.83223e-08
4.91303e-08
4.95455e-08
4.99002e-08
4.99909e-08
4.9755e-08
4.94431e-08
4.86946e-08
4.78011e-08
4.65656e-08
4.5079e-08
4.32397e-08
4.11738e-08
3.874e-08
3.59719e-08
3.30204e-08
2.95349e-08
2.59524e-08
2.19033e-08
1.75752e-08
1.29863e-08
8.01777e-09
2.81101e-09
-2.71706e-09
-8.46249e-09
-1.4587e-08
-2.07783e-08
-2.73786e-08
-3.40757e-08
-4.09392e-08
-4.80928e-08
-5.52021e-08
-6.25726e-08
-6.99285e-08
-7.73799e-08
-8.47872e-08
-9.22561e-08
-9.95696e-08
-1.06827e-07
-1.14013e-07
-1.20845e-07
-1.27683e-07
-1.34062e-07
-1.40232e-07
-1.4604e-07
-1.51419e-07
-1.56378e-07
-1.60848e-07
-1.64804e-07
-1.6809e-07
-1.70929e-07
-1.72885e-07
-1.74312e-07
-1.74923e-07
-1.747e-07
-1.73768e-07
-1.71862e-07
-1.6914e-07
-1.65444e-07
-1.60886e-07
-1.55221e-07
-1.48736e-07
-1.41116e-07
-1.325e-07
-1.22963e-07
-1.12223e-07
-1.00637e-07
-8.79187e-08
-7.42561e-08
-5.95563e-08
-4.39723e-08
-2.73528e-08
-9.90742e-09
8.36881e-09
2.75984e-08
4.73745e-08
6.80543e-08
8.92432e-08
1.11037e-07
1.33313e-07
1.5601e-07
1.78988e-07
2.0221e-07
2.25621e-07
2.4889e-07
2.72294e-07
2.95298e-07
3.18099e-07
3.40458e-07
3.62215e-07
3.83328e-07
4.03611e-07
4.22973e-07
4.41177e-07
4.58348e-07
4.73967e-07
4.883e-07
5.00953e-07
5.11847e-07
5.20982e-07
5.2806e-07
5.33103e-07
5.35897e-07
5.36475e-07
5.34473e-07
5.30166e-07
5.23119e-07
5.1345e-07
5.01119e-07
4.85866e-07
4.67885e-07
4.46958e-07
4.23192e-07
3.96421e-07
3.66903e-07
3.34313e-07
2.9898e-07
2.60824e-07
2.19808e-07
1.76265e-07
1.30004e-07
8.13351e-08
3.0237e-08
-2.29866e-08
-7.84324e-08
-1.35617e-07
-1.94605e-07
-2.5514e-07
-3.16846e-07
-3.79785e-07
-4.43421e-07
-5.07697e-07
-5.72203e-07
-6.36831e-07
-7.01033e-07
-7.64796e-07
-8.27607e-07
-8.89135e-07
-9.49274e-07
-1.00738e-06
-1.06339e-06
-1.11679e-06
-1.16736e-06
-1.21459e-06
-1.2584e-06
-1.2982e-06
-1.33379e-06
-1.36493e-06
-1.39104e-06
-1.41214e-06
-1.4277e-06
-1.43759e-06
-1.44142e-06
-1.43917e-06
-1.43031e-06
-1.41492e-06
-1.39272e-06
-1.36344e-06
-1.32723e-06
-1.2837e-06
-1.233e-06
-1.17495e-06
-1.10972e-06
-1.03706e-06
-9.57384e-07
-8.70519e-07
-7.7666e-07
-6.76133e-07
-5.68896e-07
-4.55427e-07
-3.35852e-07
-2.10629e-07
-7.98961e-08
5.56195e-08
1.95829e-07
3.40041e-07
4.87771e-07
6.38644e-07
7.91886e-07
9.47047e-07
1.10339e-06
1.26042e-06
1.41717e-06
1.57334e-06
1.72784e-06
1.88013e-06
2.02945e-06
2.17493e-06
2.31591e-06
2.45156e-06
2.58116e-06
2.70375e-06
2.81891e-06
2.92546e-06
3.02299e-06
3.11062e-06
3.18763e-06
3.25339e-06
3.30724e-06
3.34855e-06
3.37666e-06
3.39127e-06
3.3915e-06
3.37727e-06
3.34794e-06
3.30329e-06
3.24296e-06
3.16682e-06
3.07457e-06
2.96621e-06
2.84182e-06
2.70114e-06
2.54469e-06
2.37233e-06
2.18455e-06
1.98155e-06
1.76396e-06
1.53204e-06
1.28659e-06
1.0282e-06
7.57508e-07
4.75595e-07
1.83083e-07
-1.18866e-07
-4.2936e-07
-7.47093e-07
-1.07119e-06
-1.40005e-06
-1.73267e-06
-2.06762e-06
-2.40342e-06
-2.73876e-06
-3.07207e-06
-3.40191e-06
-3.72662e-06
-4.04491e-06
-4.35483e-06
-4.65516e-06
-4.94409e-06
-5.22015e-06
-5.48176e-06
-5.72743e-06
-5.95556e-06
-6.16472e-06
-6.35362e-06
-6.52058e-06
-6.66468e-06
-6.78434e-06
-6.87859e-06
-6.9462e-06
-6.98638e-06
-6.99795e-06
-6.98035e-06
-6.9328e-06
-6.85461e-06
-6.74555e-06
-6.60509e-06
-6.43316e-06
-6.22954e-06
-5.99455e-06
-5.72805e-06
-5.43077e-06
-5.10294e-06
-4.74529e-06
-4.35864e-06
-3.94391e-06
-3.50217e-06
-3.03465e-06
-2.54287e-06
-2.02801e-06
-1.49214e-06
-9.36715e-07
-3.63856e-07
2.24541e-07
8.26155e-07
1.43895e-06
2.06034e-06
2.68794e-06
3.31933e-06
3.95166e-06
4.58247e-06
5.20885e-06
5.82816e-06
6.43737e-06
7.034e-06
7.61482e-06
8.17724e-06
8.71837e-06
9.2354e-06
9.72559e-06
1.01863e-05
1.06149e-05
1.10086e-05
1.13655e-05
1.16827e-05
1.19584e-05
1.21903e-05
1.23766e-05
1.25154e-05
1.26052e-05
1.26446e-05
1.26322e-05
1.25672e-05
1.24486e-05
1.22759e-05
1.20487e-05
1.17669e-05
1.14303e-05
1.10397e-05
1.05951e-05
1.00978e-05
9.54862e-06
8.94892e-06
8.30011e-06
7.60421e-06
6.8631e-06
6.07897e-06
5.25453e-06
4.39227e-06
3.4953e-06
2.5666e-06
1.60969e-06
6.27776e-07
-3.75058e-07
-1.39528e-06
-2.42875e-06
-3.4714e-06
-4.51894e-06
-5.56712e-06
-6.61145e-06
-7.64741e-06
-8.6707e-06
-9.67648e-06
-1.06605e-05
-1.16179e-05
-1.25445e-05
-1.34356e-05
-1.42871e-05
-1.50945e-05
-1.58538e-05
-1.65609e-05
-1.72121e-05
-1.78035e-05
-1.83318e-05
-1.87937e-05
-1.91861e-05
-1.95064e-05
-1.97519e-05
-1.99205e-05
-2.00102e-05
-2.00194e-05
-1.99468e-05
-1.97915e-05
-1.95527e-05
-1.92302e-05
-1.88242e-05
-1.83351e-05
-1.77635e-05
-1.71107e-05
-1.63784e-05
-1.55682e-05
-1.46826e-05
-1.3724e-05
-1.26955e-05
-1.16003e-05
-1.04423e-05
-9.22514e-06
-7.95327e-06
-6.63118e-06
-5.26372e-06
-3.85599e-06
-2.41336e-06
-9.41342e-07
5.5437e-07
2.0676e-06
3.59257e-06
5.12283e-06
6.65223e-06
8.17419e-06
9.68254e-06
1.11705e-05
1.26318e-05
1.406e-05
1.54488e-05
1.67917e-05
1.80829e-05
1.93161e-05
2.04856e-05
2.15859e-05
2.26113e-05
2.3557e-05
2.44179e-05
2.51898e-05
2.5868e-05
2.64492e-05
2.69294e-05
2.73059e-05
2.75758e-05
2.7737e-05
2.77874e-05
2.7726e-05
2.75517e-05
2.7264e-05
2.68632e-05
2.63496e-05
2.57243e-05
2.49888e-05
2.41452e-05
2.31956e-05
2.21434e-05
2.09917e-05
1.97444e-05
1.84058e-05
1.69809e-05
1.54744e-05
1.3892e-05
1.22397e-05
1.05237e-05
8.75041e-06
6.92687e-06
5.06018e-06
3.15754e-06
1.22686e-06
-7.24376e-07
-2.68809e-06
-4.65641e-06
-6.62097e-06
-8.57397e-06
-1.05069e-05
-1.24118e-05
-1.42806e-05
-1.61053e-05
-1.78779e-05
-1.9591e-05
-2.12369e-05
-2.28083e-05
-2.42984e-05
-2.57004e-05
-2.7008e-05
-2.82152e-05
-2.93165e-05
-3.03063e-05
-3.11804e-05
-3.19342e-05
-3.2564e-05
-3.30663e-05
-3.34386e-05
-3.36785e-05
-3.37843e-05
-3.3755e-05
-3.35899e-05
-3.3289e-05
-3.2853e-05
-3.22829e-05
-3.15805e-05
-3.07481e-05
-2.97885e-05
-2.87052e-05
-2.75019e-05
-2.61834e-05
-2.47544e-05
-2.32205e-05
-2.15875e-05
-1.98619e-05
-1.80502e-05
-1.616e-05
-1.41984e-05
-1.21734e-05
-1.00931e-05
-7.96608e-06
-5.80068e-06
-3.60587e-06
-1.39058e-06
8.36255e-07
3.06529e-06
5.28751e-06
7.4937e-06
9.67487e-06
1.18217e-05
1.39256e-05
1.59777e-05
1.79695e-05
1.98926e-05
2.17392e-05
2.35013e-05
2.51718e-05
2.67435e-05
2.82101e-05
2.95651e-05
3.08031e-05
3.19189e-05
3.29076e-05
3.37652e-05
3.44882e-05
3.50734e-05
3.55184e-05
3.58214e-05
3.5981e-05
3.59968e-05
3.58684e-05
3.55967e-05
3.51824e-05
3.46279e-05
3.3935e-05
3.31068e-05
3.21469e-05
3.10593e-05
2.98484e-05
2.85196e-05
2.70783e-05
2.55306e-05
2.3883e-05
2.21425e-05
2.03162e-05
1.84118e-05
1.64375e-05
1.44012e-05
1.23115e-05
1.01772e-05
8.00705e-06
5.80995e-06
3.59525e-06
1.3718e-06
-8.51023e-07
-3.0643e-06
-5.2587e-06
-7.42565e-06
-9.55598e-06
-1.16413e-05
-1.3673e-05
-1.56432e-05
-1.75437e-05
-1.93671e-05
-2.11063e-05
-2.27543e-05
-2.43048e-05
-2.57518e-05
-2.70898e-05
-2.83137e-05
-2.94191e-05
-3.04018e-05
-3.12585e-05
-3.19861e-05
-3.25825e-05
-3.30455e-05
-3.33741e-05
-3.35676e-05
-3.36259e-05
-3.35494e-05
-3.33393e-05
-3.29969e-05
-3.25247e-05
-3.19251e-05
-3.12015e-05
-3.03573e-05
-2.9397e-05
-2.83252e-05
-2.71468e-05
-2.58674e-05
-2.44931e-05
-2.30299e-05
-2.14844e-05
-1.98637e-05
-1.81748e-05
-1.64252e-05
-1.46224e-05
-1.27744e-05
-1.08888e-05
-8.97396e-06
-7.03768e-06
-5.08827e-06
-3.13361e-06
-1.18213e-06
7.58558e-07
2.68033e-06
4.5756e-06
6.43655e-06
8.25616e-06
1.0027e-05
1.17425e-05
1.33957e-05
1.49808e-05
1.64915e-05
1.79225e-05
1.92685e-05
2.05249e-05
2.16872e-05
2.27516e-05
2.37146e-05
2.45732e-05
2.5325e-05
2.59679e-05
2.65002e-05
2.69209e-05
2.72296e-05
2.74258e-05
2.75101e-05
2.74832e-05
2.73467e-05
2.71018e-05
2.67511e-05
2.62969e-05
2.57425e-05
2.50909e-05
2.43463e-05
2.35125e-05
2.25941e-05
2.15958e-05
2.05227e-05
1.93799e-05
1.81731e-05
1.69081e-05
1.55906e-05
1.42267e-05
1.28229e-05
1.1385e-05
9.91968e-06
8.43319e-06
6.93199e-06
5.42239e-06
3.91072e-06
2.40333e-06
9.06246e-07
-5.74363e-07
-2.03272e-06
-3.46301e-06
-4.85988e-06
-6.21776e-06
-7.53184e-06
-8.79716e-06
-1.00093e-05
-1.11637e-05
-1.22569e-05
-1.32849e-05
-1.42445e-05
-1.51327e-05
-1.5947e-05
-1.66849e-05
-1.73447e-05
-1.79246e-05
-1.84238e-05
-1.8841e-05
-1.91762e-05
-1.94288e-05
-1.95994e-05
-1.96883e-05
-1.96967e-05
-1.96256e-05
-1.94767e-05
-1.92518e-05
-1.89531e-05
-1.85829e-05
-1.81441e-05
-1.76396e-05
-1.70725e-05
-1.64462e-05
-1.57644e-05
-1.50308e-05
-1.42492e-05
-1.34239e-05
-1.25589e-05
-1.16585e-05
-1.0727e-05
-9.769e-06
-8.78875e-06
-7.79083e-06
-6.77954e-06
-5.75956e-06
-4.73499e-06
-3.71043e-06
-2.68989e-06
-1.67775e-06
-6.77806e-07
3.05725e-07
1.26939e-06
2.20931e-06
3.12225e-06
4.00468e-06
4.85389e-06
5.66668e-06
6.44059e-06
7.17299e-06
7.86199e-06
8.50523e-06
9.1012e-06
9.64826e-06
1.01454e-05
1.05911e-05
1.0985e-05
1.13264e-05
1.16151e-05
1.18507e-05
1.20337e-05
1.21643e-05
1.22432e-05
1.22709e-05
1.22488e-05
1.21779e-05
1.20595e-05
1.18953e-05
1.1687e-05
1.14363e-05
1.11455e-05
1.08164e-05
1.04515e-05
1.00531e-05
9.62354e-06
9.16546e-06
8.68136e-06
8.174e-06
7.64595e-06
7.09994e-06
6.53863e-06
5.96492e-06
5.3813e-06
4.79055e-06
4.19526e-06
3.5982e-06
3.00161e-06
2.40821e-06
1.82027e-06
1.24025e-06
6.70078e-07
1.1217e-07
-4.31649e-07
-9.59362e-07
-1.46946e-06
-1.95994e-06
-2.42957e-06
-2.87682e-06
-3.30065e-06
-3.69964e-06
-4.07314e-06
-4.42013e-06
-4.74012e-06
-5.03228e-06
-5.29657e-06
-5.53242e-06
-5.73994e-06
-5.91887e-06
-6.06967e-06
-6.19227e-06
-6.28732e-06
-6.35503e-06
-6.39629e-06
-6.41149e-06
-6.4017e-06
-6.36754e-06
-6.31021e-06
-6.23049e-06
-6.12975e-06
-6.00887e-06
-5.86931e-06
-5.7121e-06
-5.53877e-06
-5.35034e-06
-5.14846e-06
-4.93424e-06
-4.70923e-06
-4.47454e-06
-4.23183e-06
-3.98219e-06
-3.72708e-06
-3.46762e-06
-3.20533e-06
-2.94116e-06
-2.67645e-06
-2.41219e-06
-2.14968e-06
-1.88965e-06
-1.63325e-06
-1.38129e-06
-1.13473e-06
-8.94077e-07
-6.60255e-07
-4.33789e-07
-2.15295e-07
-5.05765e-09
1.96259e-07
3.8846e-07
5.71247e-07
7.44534e-07
9.07953e-07
1.06163e-06
1.20552e-06
1.33971e-06
1.46415e-06
1.57921e-06
1.68502e-06
1.78185e-06
1.8699e-06
1.94971e-06
2.02153e-06
2.08575e-06
2.14278e-06
2.19322e-06
2.23735e-06
2.27569e-06
2.30873e-06
2.33703e-06
2.3609e-06
2.38088e-06
2.39745e-06
2.41108e-06
2.42202e-06
2.43082e-06
2.43783e-06
2.44336e-06
2.44762e-06
2.45104e-06
2.45379e-06
2.45602e-06
2.45784e-06
2.45953e-06
2.46103e-06
2.46233e-06
2.46344e-06
2.4644e-06
2.46494e-06
2.46494e-06
2.46426e-06
2.46271e-06
2.45986e-06
2.45549e-06
2.4493e-06
2.44092e-06
2.42979e-06
2.41567e-06
2.39809e-06
2.37656e-06
2.3505e-06
2.31965e-06
2.2834e-06
2.24127e-06
2.19274e-06
2.13752e-06
2.07499e-06
2.00475e-06
1.92639e-06
1.83967e-06
1.74403e-06
1.63926e-06
1.52509e-06
1.4014e-06
1.26778e-06
1.12429e-06
9.70843e-07
8.0747e-07
6.34042e-07
4.50921e-07
2.58189e-07
5.61408e-08
-1.55034e-07
-3.74674e-07
-6.02498e-07
-8.37891e-07
-1.08033e-06
-1.32889e-06
-1.58307e-06
-1.8419e-06
-2.10458e-06
-2.36994e-06
-2.63726e-06
-2.90524e-06
-3.17288e-06
-3.43882e-06
-3.70211e-06
-3.96124e-06
-4.21506e-06
-4.46211e-06
-4.70128e-06
-4.9309e-06
-5.14986e-06
-5.35659e-06
-5.54994e-06
-5.72829e-06
-5.89056e-06
-6.03523e-06
-6.16125e-06
-6.26713e-06
-6.35197e-06
-6.41439e-06
-6.45359e-06
-6.46834e-06
-6.458e-06
-6.42149e-06
-6.35838e-06
-6.26779e-06
-6.14945e-06
-6.00271e-06
-5.82761e-06
-5.62367e-06
-5.39114e-06
-5.12989e-06
-4.84046e-06
-4.52288e-06
-4.17796e-06
-3.80615e-06
-3.4085e-06
-2.98561e-06
-2.53891e-06
-2.0694e-06
-1.57863e-06
-1.06781e-06
-5.38926e-07
6.5049e-09
5.66476e-07
1.13917e-06
1.72215e-06
2.3135e-06
2.91077e-06
3.51165e-06
4.11345e-06
4.7139e-06
5.31023e-06
5.89982e-06
6.47988e-06
7.04791e-06
7.60098e-06
8.13642e-06
8.65147e-06
9.14354e-06
9.60983e-06
1.00478e-05
1.04548e-05
1.08286e-05
1.11665e-05
1.14664e-05
1.17261e-05
1.19435e-05
1.21168e-05
1.22441e-05
1.2324e-05
1.23549e-05
1.23357e-05
1.22652e-05
1.21428e-05
1.19677e-05
1.17396e-05
1.14581e-05
1.11235e-05
1.07359e-05
1.0296e-05
9.80432e-06
9.26211e-06
8.67042e-06
8.03088e-06
7.34496e-06
6.615e-06
5.84286e-06
5.03117e-06
4.18237e-06
3.29963e-06
2.38565e-06
1.44397e-06
4.77811e-07
-5.08952e-07
-1.51286e-06
-2.5297e-06
-3.55566e-06
-4.58637e-06
-5.61777e-06
-6.64527e-06
-7.66474e-06
-8.67148e-06
-9.66117e-06
-1.06292e-05
-1.15713e-05
-1.24827e-05
-1.33593e-05
-1.41966e-05
-1.49906e-05
-1.57369e-05
-1.64318e-05
-1.70714e-05
-1.7652e-05
-1.81701e-05
-1.86226e-05
-1.90066e-05
-1.9319e-05
-1.95576e-05
-1.972e-05
-1.98045e-05
-1.98092e-05
-1.9733e-05
-1.95748e-05
-1.93342e-05
-1.90106e-05
-1.86044e-05
-1.81156e-05
-1.75454e-05
-1.68947e-05
-1.61652e-05
-1.53584e-05
-1.44771e-05
-1.35233e-05
-1.25004e-05
-1.14113e-05
-1.026e-05
-9.05009e-06
-7.78598e-06
-6.47208e-06
-5.11337e-06
-3.71464e-06
-2.28145e-06
-8.19162e-07
6.66408e-07
2.16948e-06
3.68385e-06
5.2035e-06
6.72204e-06
8.23314e-06
9.73042e-06
1.12075e-05
1.26578e-05
1.4075e-05
1.54529e-05
1.67851e-05
1.80655e-05
1.92882e-05
2.04475e-05
2.15376e-05
2.25533e-05
2.34893e-05
2.43411e-05
2.51038e-05
2.57736e-05
2.63463e-05
2.68188e-05
2.71876e-05
2.74504e-05
2.76047e-05
2.7649e-05
2.75816e-05
2.74018e-05
2.7109e-05
2.67036e-05
2.61859e-05
2.55569e-05
2.48181e-05
2.39716e-05
2.30198e-05
2.19656e-05
2.08124e-05
1.95642e-05
1.82251e-05
1.67999e-05
1.52938e-05
1.37121e-05
1.20609e-05
1.03464e-05
8.57514e-06
6.75385e-06
4.88996e-06
2.99046e-06
1.0632e-06
-8.84224e-07
-2.84368e-06
-4.80751e-06
-6.76725e-06
-8.71502e-06
-1.06425e-05
-1.25417e-05
-1.44043e-05
-1.62227e-05
-1.79887e-05
-1.96949e-05
-2.13336e-05
-2.28978e-05
-2.43803e-05
-2.57746e-05
-2.70742e-05
-2.82733e-05
-2.93662e-05
-3.03476e-05
-3.12131e-05
-3.19581e-05
-3.2579e-05
-3.30724e-05
-3.34357e-05
-3.36664e-05
-3.37632e-05
-3.37245e-05
-3.35502e-05
-3.32401e-05
-3.27949e-05
-3.22156e-05
-3.15041e-05
-3.06626e-05
-2.96941e-05
-2.86018e-05
-2.739e-05
-2.60628e-05
-2.46254e-05
-2.30833e-05
-2.14423e-05
-1.97089e-05
-1.78899e-05
-1.59924e-05
-1.40239e-05
-1.19925e-05
-9.90604e-06
-7.77317e-06
-5.60232e-06
-3.40263e-06
-1.18273e-06
1.04804e-06
3.28073e-06
5.50592e-06
7.71473e-06
9.89769e-06
1.20461e-05
1.41507e-05
1.62031e-05
1.81944e-05
2.01165e-05
2.19614e-05
2.37212e-05
2.53887e-05
2.69569e-05
2.84191e-05
2.97692e-05
3.10017e-05
3.21111e-05
3.3093e-05
3.3943e-05
3.46578e-05
3.52341e-05
3.56698e-05
3.59627e-05
3.61117e-05
3.61162e-05
3.59763e-05
3.56922e-05
3.52655e-05
3.46977e-05
3.39913e-05
3.31492e-05
3.21751e-05
3.1073e-05
2.98474e-05
2.85036e-05
2.70472e-05
2.54843e-05
2.38213e-05
2.20655e-05
2.02239e-05
1.83044e-05
1.63149e-05
1.42638e-05
1.21594e-05
1.00109e-05
7.82662e-06
5.61606e-06
3.38818e-06
1.15223e-06
-1.08273e-06
-3.30734e-06
-5.5126e-06
-7.68954e-06
-9.82918e-06
-1.1923e-05
-1.39624e-05
-1.59394e-05
-1.78457e-05
-1.96742e-05
-2.14173e-05
-2.30684e-05
-2.46208e-05
-2.60688e-05
-2.74066e-05
-2.86294e-05
-2.97324e-05
-3.07118e-05
-3.15641e-05
-3.22863e-05
-3.28759e-05
-3.33313e-05
-3.36513e-05
-3.38351e-05
-3.38827e-05
-3.37945e-05
-3.35718e-05
-3.32159e-05
-3.27293e-05
-3.21145e-05
-3.13748e-05
-3.0514e-05
-2.95364e-05
-2.84465e-05
-2.72496e-05
-2.59513e-05
-2.45575e-05
-2.30744e-05
-2.1509e-05
-1.98679e-05
-1.81586e-05
-1.63885e-05
-1.45652e-05
-1.26967e-05
-1.07909e-05
-8.85596e-06
-6.89987e-06
-4.93114e-06
-2.9576e-06
-9.87651e-07
9.70807e-07
2.90965e-06
4.82135e-06
6.69796e-06
8.53222e-06
1.0317e-05
1.20452e-05
1.37103e-05
1.5306e-05
1.68265e-05
1.82658e-05
1.96192e-05
2.08815e-05
2.20486e-05
2.31163e-05
2.40816e-05
2.4941e-05
2.56923e-05
2.63333e-05
2.68624e-05
2.72787e-05
2.75815e-05
2.77706e-05
2.78465e-05
2.78101e-05
2.76625e-05
2.74057e-05
2.70417e-05
2.65733e-05
2.60034e-05
2.53357e-05
2.45737e-05
2.37218e-05
2.27844e-05
2.17664e-05
2.06728e-05
1.95092e-05
1.82809e-05
1.69939e-05
1.56542e-05
1.42678e-05
1.28411e-05
1.13804e-05
9.89232e-06
8.38295e-06
6.85916e-06
5.32712e-06
3.79345e-06
2.26432e-06
7.46216e-07
-7.55067e-07
-2.23332e-06
-3.68279e-06
-5.09796e-06
-6.47339e-06
-7.80397e-06
-9.08477e-06
-1.03113e-05
-1.14791e-05
-1.25843e-05
-1.36231e-05
-1.45923e-05
-1.54886e-05
-1.63097e-05
-1.7053e-05
-1.77168e-05
-1.82994e-05
-1.87995e-05
-1.92164e-05
-1.95496e-05
-1.9799e-05
-1.99646e-05
-2.00474e-05
-2.00479e-05
-1.99678e-05
-1.98083e-05
-1.95715e-05
-1.92595e-05
-1.8875e-05
-1.84205e-05
-1.78991e-05
-1.7314e-05
-1.66687e-05
-1.59669e-05
-1.52124e-05
-1.44092e-05
-1.35613e-05
-1.26733e-05
-1.17491e-05
-1.07936e-05
-9.81091e-06
-8.80589e-06
-7.78279e-06
-6.74648e-06
-5.70127e-06
-4.65168e-06
-3.60223e-06
-2.55718e-06
-1.52084e-06
-4.97301e-07
5.09273e-07
1.49533e-06
2.45674e-06
3.3903e-06
4.29246e-06
5.1602e-06
5.99037e-06
6.78047e-06
7.52776e-06
8.23001e-06
8.88531e-06
9.49162e-06
1.00475e-05
1.05516e-05
1.10029e-05
1.14003e-05
1.17436e-05
1.20321e-05
1.2266e-05
1.24452e-05
1.25701e-05
1.26413e-05
1.26597e-05
1.26262e-05
1.25419e-05
1.24085e-05
1.22273e-05
1.20003e-05
1.17291e-05
1.14162e-05
1.10633e-05
1.06731e-05
1.02479e-05
9.79014e-06
9.3026e-06
8.78787e-06
8.24872e-06
7.68793e-06
7.10841e-06
6.51274e-06
5.90416e-06
5.28515e-06
4.65876e-06
4.02763e-06
3.39468e-06
2.76237e-06
2.13358e-06
1.51073e-06
8.96215e-07
2.92643e-07
-2.97938e-07
-8.73193e-07
-1.43121e-06
-1.96985e-06
-2.48765e-06
-2.98252e-06
-3.45325e-06
-3.89832e-06
-4.31648e-06
-4.70664e-06
-5.06786e-06
-5.3993e-06
-5.70023e-06
-5.9704e-06
-6.20905e-06
-6.41631e-06
-6.59185e-06
-6.73588e-06
-6.84844e-06
-6.93007e-06
-6.98097e-06
-7.00182e-06
-6.99339e-06
-6.95624e-06
-6.89153e-06
-6.80005e-06
-6.683e-06
-6.54138e-06
-6.37672e-06
-6.18997e-06
-5.9828e-06
-5.75648e-06
-5.51245e-06
-5.25231e-06
-4.97755e-06
-4.68973e-06
-4.39033e-06
-4.08118e-06
-3.76348e-06
-3.4392e-06
-3.10962e-06
-2.7764e-06
-2.44099e-06
-2.10498e-06
-1.76966e-06
-1.43653e-06
-1.10703e-06
-7.82161e-07
-4.63536e-07
-1.52036e-07
1.51025e-07
4.44747e-07
7.2796e-07
1.00004e-06
1.25988e-06
1.50684e-06
1.74034e-06
1.95956e-06
2.16421e-06
2.35369e-06
2.52777e-06
2.68595e-06
2.82836e-06
2.9545e-06
3.06459e-06
3.15855e-06
3.23638e-06
3.29837e-06
3.34466e-06
3.37558e-06
3.39135e-06
3.39262e-06
3.37944e-06
3.35271e-06
3.31272e-06
3.26011e-06
3.19553e-06
3.11962e-06
3.03302e-06
2.93644e-06
2.83076e-06
2.7164e-06
2.59452e-06
2.46555e-06
2.33045e-06
2.18994e-06
2.04485e-06
1.89585e-06
1.7438e-06
1.58946e-06
1.43338e-06
1.27664e-06
1.11956e-06
9.63099e-07
8.07756e-07
6.54273e-07
5.031e-07
3.55017e-07
2.10403e-07
6.97428e-08
-6.62659e-08
-1.97532e-07
-3.23324e-07
-4.43499e-07
-5.57596e-07
-6.65487e-07
-7.66689e-07
-8.61239e-07
-9.48809e-07
-1.0292e-06
-1.10258e-06
-1.16854e-06
-1.22732e-06
-1.27874e-06
-1.32298e-06
-1.35989e-06
-1.38986e-06
-1.41275e-06
-1.42881e-06
-1.43831e-06
-1.44118e-06
-1.43795e-06
-1.42863e-06
-1.41363e-06
-1.39305e-06
-1.36743e-06
-1.33675e-06
-1.30159e-06
-1.2622e-06
-1.21875e-06
-1.17186e-06
-1.12159e-06
-1.06847e-06
-1.01269e-06
-9.54795e-07
-8.94831e-07
-8.33446e-07
-7.70748e-07
-7.07067e-07
-6.42919e-07
-5.78315e-07
-5.13807e-07
-4.49503e-07
-3.85813e-07
-3.22797e-07
-2.60992e-07
-2.00336e-07
-1.41208e-07
-8.38647e-08
-2.82435e-08
2.51709e-08
7.64736e-08
1.2536e-07
1.71848e-07
2.1563e-07
2.56891e-07
2.95299e-07
3.3089e-07
3.63741e-07
3.93523e-07
4.2056e-07
4.44591e-07
4.65783e-07
4.84026e-07
4.99537e-07
5.12123e-07
5.22041e-07
5.29332e-07
5.33875e-07
5.36105e-07
5.35748e-07
5.33165e-07
5.28324e-07
5.21437e-07
5.12484e-07
5.01761e-07
4.89267e-07
4.75082e-07
4.596e-07
4.42555e-07
4.24464e-07
4.05205e-07
3.85012e-07
3.63978e-07
3.42289e-07
3.19986e-07
2.97232e-07
2.74263e-07
2.50884e-07
2.2763e-07
2.04225e-07
1.80999e-07
1.58009e-07
1.35292e-07
1.12987e-07
9.11583e-08
6.99272e-08
4.91989e-08
2.93685e-08
1.00793e-08
-8.2613e-09
-2.57753e-08
-4.24672e-08
-5.81268e-08
-7.29051e-08
-8.66483e-08
-9.94495e-08
-1.11119e-07
-1.21944e-07
-1.31566e-07
-1.40267e-07
-1.47972e-07
-1.54542e-07
-1.6029e-07
-1.6493e-07
-1.68707e-07
-1.71507e-07
-1.73489e-07
-1.74495e-07
-1.74789e-07
-1.74246e-07
-1.72884e-07
-1.70989e-07
-1.6821e-07
-1.64978e-07
-1.61074e-07
-1.56653e-07
-1.51738e-07
-1.464e-07
-1.4063e-07
-1.34494e-07
-1.28144e-07
-1.21333e-07
-1.14523e-07
-1.07357e-07
-1.00116e-07
-9.28153e-08
-8.53562e-08
-7.79555e-08
-7.05079e-08
-6.31528e-08
-5.57806e-08
-4.86671e-08
-4.15068e-08
-3.46344e-08
-2.79265e-08
-2.13133e-08
-1.51074e-08
-8.96668e-09
-3.20359e-09
2.34343e-09
7.57027e-09
1.25599e-08
1.71707e-08
2.15214e-08
2.55936e-08
2.91997e-08
3.27091e-08
3.56846e-08
3.84768e-08
4.09346e-08
4.30244e-08
4.48872e-08
4.6397e-08
4.76552e-08
4.85708e-08
4.93409e-08
4.96737e-08
4.99297e-08
4.98583e-08
4.95221e-08
4.91245e-08
4.83332e-08
4.75198e-08
4.6443e-08
4.52448e-08
4.38752e-08
4.24211e-08
4.0795e-08
3.9076e-08
3.73504e-08
3.53662e-08
3.35467e-08
3.14844e-08
2.94659e-08
2.74529e-08
2.53131e-08
2.32852e-08
2.11767e-08
1.91384e-08
1.70553e-08
1.51106e-08
1.30639e-08
1.11775e-08
9.32039e-09
7.41931e-09
5.78373e-09
3.99289e-09
2.44032e-09
8.97511e-10
-5.84051e-10
-1.93304e-09
-3.23679e-09
-4.4309e-09
-5.57961e-09
-6.53979e-09
-7.57973e-09
-8.34482e-09
-9.15696e-09
-9.86931e-09
-1.03824e-08
-1.1008e-08
-1.13578e-08
-1.17612e-08
-1.20378e-08
-1.22462e-08
-1.23852e-08
-1.24743e-08
-1.24911e-08
-1.24029e-08
-1.23895e-08
-1.21234e-08
-1.20132e-08
-1.1732e-08
-1.14073e-08
-1.11687e-08
-1.07123e-08
-1.03934e-08
-9.94248e-09
-9.5124e-09
-9.04299e-09
-8.58836e-09
-8.07845e-09
-7.57498e-09
-7.12271e-09
-6.51258e-09
-6.11602e-09
-5.51861e-09
-5.03331e-09
-4.57813e-09
-3.99536e-09
-3.60292e-09
-3.06802e-09
-2.6362e-09
-2.18161e-09
-1.76451e-09
-1.32901e-09
-9.5323e-10
-5.90534e-10
-1.72972e-10
5.78867e-11
4.85362e-10
7.03394e-10
9.85415e-10
1.29676e-09
1.43051e-09
1.73437e-09
1.86268e-09
2.05311e-09
2.20023e-09
2.3308e-09
2.43009e-09
2.52847e-09
2.62381e-09
2.61544e-09
2.75658e-09
2.67836e-09
2.75042e-09
2.75348e-09
2.66202e-09
2.74367e-09
2.60141e-09
2.61244e-09
2.53976e-09
2.45324e-09
2.40049e-09
2.30246e-09
2.22416e-09
2.10278e-09
2.06154e-09
1.87522e-09
1.85225e-09
1.70208e-09
1.56897e-09
1.54749e-09
1.31449e-09
1.31321e-09
1.14473e-09
1.03297e-09
9.74848e-10
8.08689e-10
7.5628e-10
6.27279e-10
5.54434e-10
4.29328e-10
3.87526e-10
2.56395e-10
1.92212e-10
1.52414e-10
-1.12254e-11
4.09418e-11
-1.25541e-10
-1.37343e-10
-1.65466e-10
-2.98544e-10
-2.40939e-10
-3.65463e-10
-3.59667e-10
-3.96656e-10
-4.38225e-10
-4.50366e-10
-4.76253e-10
-4.81203e-10
-5.30175e-10
-4.71805e-10
-5.65176e-10
-4.96195e-10
-5.19628e-10
-5.63977e-10
-4.55002e-10
-5.73456e-10
-4.65202e-10
-4.93502e-10
-5.07718e-10
-4.22338e-10
-4.87368e-10
-4.09968e-10
-4.23782e-10
-3.93315e-10
-3.83261e-10
-3.47838e-10
-3.4119e-10
-3.27966e-10
-2.60389e-10
-3.24649e-10
-2.03264e-10
-2.58981e-10
-2.21382e-10
-1.45869e-10
-2.36208e-10
-9.34709e-11
-1.65975e-10
-1.17688e-10
-6.83585e-11
-1.21107e-10
-3.10614e-11
-6.92383e-11
-2.75704e-11
-2.57354e-11
-1.57215e-12
-6.23822e-12
1.66037e-11
3.92848e-11
-2.69961e-12
9.26361e-11
4.11294e-12
7.85598e-11
7.89751e-11
1.90984e-11
1.39566e-10
2.00446e-11
1.08904e-10
9.19297e-11
4.8285e-11
1.34335e-10
4.83636e-11
1.09056e-10
8.45626e-11
8.2113e-11
9.19462e-11
8.25545e-11
8.83443e-11
6.64779e-11
1.0876e-10
3.7844e-11
1.07944e-10
5.90295e-11
4.71793e-11
1.15705e-10
-3.06001e-12
1.11919e-10
3.2407e-11
3.34708e-11
9.70724e-11
-1.67474e-11
9.00244e-11
1.46979e-11
2.71217e-11
5.66633e-11
-3.76134e-12
4.83396e-11
7.11981e-12
2.6124e-11
7.16463e-12
2.41361e-11
4.69878e-13
6.87022e-12
2.58894e-11
-3.6087e-11
4.99586e-11
-3.91349e-11
8.94306e-12
2.16808e-11
-6.0794e-11
5.98172e-11
-5.97427e-11
9.52224e-12
1.17193e-11
-6.12011e-11
4.84116e-11
-5.7612e-11
6.86619e-12
-2.85149e-12
-4.02773e-11
1.89742e-11
-3.71686e-11
6.96508e-13
-1.90269e-11
-7.88825e-12
-1.89135e-11
-7.91596e-12
-7.5202e-12
-3.23802e-11
2.4113e-11
-5.27374e-11
1.99835e-11
-1.50427e-11
-3.85917e-11
4.58425e-11
-7.18967e-11
3.84795e-11
-1.95764e-11
-3.56198e-11
5.14591e-11
-7.14384e-11
4.31116e-11
-2.02974e-11
-2.44507e-11
4.02056e-11
-5.27541e-11
3.38055e-11
-1.75736e-11
-8.2404e-12
1.62525e-11
-2.19597e-11
1.44588e-11
-1.23377e-11
8.96458e-12
-1.30067e-11
1.25465e-11
-8.75428e-12
-5.74577e-12
2.32931e-11
-3.94923e-11
4.2457e-11
-2.95088e-11
9.88427e-13
3.18225e-11
-5.67425e-11
6.14513e-11
-4.30085e-11
6.75793e-12
3.30896e-11
-6.12622e-11
6.63343e-11
-4.68475e-11
1.07599e-11
2.72521e-11
-5.28425e-11
5.72701e-11
-4.10775e-11
1.26e-11
1.58839e-11
-3.40497e-11
3.72182e-11
-2.77124e-11
1.22979e-11
1.46987e-12
-9.20336e-12
1.0862e-11
-9.92915e-12
1.01919e-11
-1.31984e-11
1.67785e-11
-1.65925e-11
8.76403e-12
6.82724e-12
-2.56045e-11
3.94162e-11
-4.04832e-11
2.52358e-11
2.81243e-12
-3.39023e-11
5.53861e-11
-5.7397e-11
3.72013e-11
-1.27164e-12
-3.71261e-11
6.28741e-11
-6.55132e-11
4.34256e-11
-4.95118e-12
-3.5194e-11
6.15898e-11
-6.45758e-11
4.37034e-11
-7.88963e-12
-2.87622e-11
5.25126e-11
-5.56197e-11
3.8662e-11
-9.8882e-12
-1.89976e-11
3.75018e-11
-4.05562e-11
2.95088e-11
-1.08899e-11
-7.30522e-12
1.88519e-11
-2.17238e-11
1.77273e-11
-1.09396e-11
4.89275e-12
-1.09228e-12
-1.49476e-12
4.82887e-12
-1.01587e-11
1.63455e-11
-2.02452e-11
1.80298e-11
-7.83937e-12
-8.71529e-12
2.60879e-11
-3.6973e-11
3.52061e-11
-1.92071e-11
-6.79657e-12
3.34912e-11
-5.01775e-11
4.89277e-11
-2.85467e-11
-4.58691e-12
3.82539e-11
-5.92904e-11
5.86188e-11
-3.5453e-11
-2.25869e-12
4.03654e-11
-6.42151e-11
6.41685e-11
-3.98197e-11
5.12991e-14
4.00309e-11
-6.52159e-11
6.58275e-11
-4.17649e-11
2.22961e-12
3.7614e-11
-6.28163e-11
6.40972e-11
-4.15682e-11
4.19849e-12
3.35527e-11
-5.76735e-11
5.96157e-11
-3.96023e-11
5.9123e-12
2.83104e-11
-5.05021e-11
5.30792e-11
-3.62801e-11
7.34623e-12
2.23344e-11
-4.19946e-11
4.51642e-11
-3.20127e-11
8.50087e-12
1.6016e-11
-3.27733e-11
3.64797e-11
-2.71713e-11
9.39042e-12
9.68114e-12
-2.33612e-11
2.75423e-11
-2.20807e-11
1.00427e-11
3.57961e-12
-1.4172e-11
1.87639e-11
-1.7002e-11
1.04939e-11
-2.10498e-12
-5.51311e-12
1.04536e-11
-1.21353e-11
1.07785e-11
-7.25709e-12
2.40499e-12
2.82716e-12
-7.62935e-12
1.09334e-11
-1.18076e-11
9.45432e-12
-3.98092e-12
-3.57636e-12
1.09958e-11
-1.57338e-11
1.5573e-11
-9.89774e-12
-3.88908e-14
1.09965e-11
-1.90449e-11
2.07495e-11
-1.49004e-11
2.95607e-12
1.0965e-11
-2.17631e-11
2.4998e-11
-1.89896e-11
5.39595e-12
1.09273e-11
-2.39238e-11
2.83566e-11
-2.21969e-11
7.29018e-12
1.08997e-11
-2.55626e-11
3.08652e-11
-2.45476e-11
8.64419e-12
1.08986e-11
-2.67126e-11
3.25612e-11
-2.60759e-11
9.47467e-12
1.09299e-11
-2.73986e-11
3.34769e-11
-2.68732e-11
1.23234e-11
-1.56507e-12
-8.40813e-13
4.22719e-13
3.10106e-14
2.71231e-14
4.05557e-15
0
