0
2.52781e-16
3.58879e-15
2.3473e-14
5.93996e-14
-1.51421e-15
1.38606e-12
-7.30202e-12
2.0033e-11
-3.302e-11
3.7684e-11
-3.35765e-11
2.63937e-11
-2.23589e-11
2.31121e-11
-2.59182e-11
2.74713e-11
-2.7588e-11
2.83807e-11
-3.17832e-11
3.71865e-11
-4.14089e-11
3.95979e-11
-2.84342e-11
9.17222e-12
1.15608e-11
-2.62185e-11
3.149e-11
-3.00873e-11
2.69372e-11
-2.52551e-11
2.50883e-11
-2.51688e-11
2.44471e-11
-2.3532e-11
2.45656e-11
-2.9966e-11
3.90647e-11
-4.69327e-11
4.68981e-11
-3.60894e-11
1.75684e-11
1.96075e-12
-1.7014e-11
2.54191e-11
-2.82389e-11
2.79617e-11
-2.71098e-11
2.633e-11
-2.45802e-11
2.10612e-11
-1.79675e-11
1.93453e-11
-2.74196e-11
3.94116e-11
-4.92801e-11
5.14485e-11
-4.39672e-11
2.85166e-11
-9.61557e-12
-7.53335e-12
1.92523e-11
-2.54505e-11
2.82684e-11
-2.93304e-11
2.79468e-11
-2.33261e-11
1.69335e-11
-1.27275e-11
1.41769e-11
-2.2271e-11
3.48098e-11
-4.74094e-11
5.44634e-11
-5.18627e-11
3.93918e-11
-2.1367e-11
3.29133e-12
1.13276e-11
-2.18604e-11
2.83316e-11
-3.04877e-11
2.81477e-11
-2.23947e-11
1.51096e-11
-8.96954e-12
7.17856e-12
-1.28019e-11
2.58622e-11
-4.19587e-11
5.39118e-11
-5.64504e-11
4.8598e-11
-3.32016e-11
1.44129e-11
3.42905e-12
-1.70688e-11
2.51372e-11
-2.85232e-11
2.82216e-11
-2.40442e-11
1.55758e-11
-5.34693e-12
-1.16674e-12
-1.2436e-12
1.33361e-11
-3.11219e-11
4.78247e-11
-5.69544e-11
5.44347e-11
-4.1022e-11
2.20813e-11
-4.43249e-12
-8.58324e-12
1.77798e-11
-2.48721e-11
2.87017e-11
-2.64256e-11
1.69487e-11
-3.3939e-12
-8.27208e-12
1.15731e-11
-2.80951e-12
-1.63582e-11
3.78465e-11
-5.14404e-11
5.14049e-11
-4.03621e-11
2.55029e-11
-1.23174e-11
1.38391e-12
8.92472e-12
-1.91069e-11
2.68595e-11
-2.83413e-11
2.02363e-11
-3.47379e-12
-1.48746e-11
2.40269e-11
-1.73509e-11
-2.10223e-12
2.34163e-11
-3.64128e-11
3.78055e-11
-3.12593e-11
2.24339e-11
-1.50462e-11
8.84693e-12
-9.36917e-13
-1.09104e-11
2.37615e-11
-2.97794e-11
2.20724e-11
-2.30106e-12
-1.90821e-11
3.00474e-11
-2.58293e-11
1.08218e-11
5.55062e-12
-1.54494e-11
1.64458e-11
-1.22981e-11
9.14842e-12
-1.00903e-11
1.16206e-11
-7.27789e-12
-5.18835e-12
1.96242e-11
-2.60614e-11
1.87556e-11
-9.83636e-13
-1.79159e-11
2.86937e-11
-2.7823e-11
1.8728e-11
-9.38937e-12
6.28614e-12
-9.64464e-12
1.33568e-11
-1.13613e-11
3.61356e-12
3.531e-12
-3.76616e-12
-3.52399e-12
1.26575e-11
-1.66048e-11
1.16259e-11
4.13295e-13
-1.36572e-11
2.16677e-11
-2.21494e-11
1.85948e-11
-1.7623e-11
2.26767e-11
-3.10393e-11
3.63225e-11
-3.45697e-11
2.679e-11
-1.72901e-11
9.81897e-12
-6.06838e-12
5.26145e-12
-4.99549e-12
2.42205e-12
3.00318e-12
-8.84223e-12
1.18284e-11
-1.18836e-11
1.23183e-11
-1.67849e-11
2.58072e-11
-3.72492e-11
4.78567e-11
-5.43476e-11
5.34039e-11
-4.38108e-11
2.82332e-11
-1.25118e-11
1.31988e-12
4.30542e-12
-6.1827e-12
6.06907e-12
-5.13906e-12
4.22825e-12
-4.03318e-12
4.49036e-12
-6.31991e-12
1.21534e-11
-2.51266e-11
4.40997e-11
-6.2013e-11
6.95973e-11
-6.23217e-11
4.30797e-11
-1.99605e-11
1.1023e-12
8.69037e-12
-9.82592e-12
6.72823e-12
-4.50808e-12
4.329e-12
-3.09038e-12
-2.23177e-12
8.96547e-12
-9.48091e-12
-2.51705e-12
2.52969e-11
-4.93855e-11
6.32799e-11
-6.06551e-11
4.3336e-11
-2.01163e-11
1.29081e-12
7.22591e-12
-7.39204e-12
5.83694e-12
-7.1687e-12
9.20846e-12
-6.17289e-12
-4.37282e-12
1.73129e-11
-2.375e-11
1.77576e-11
-9.33955e-13
-1.90066e-11
3.24351e-11
-3.32886e-11
2.2354e-11
-7.17445e-12
-3.59438e-12
6.47901e-12
-5.16781e-12
5.1766e-12
-8.02859e-12
1.01854e-11
-7.74337e-12
5.71324e-15
1.02227e-11
-1.91086e-11
2.32389e-11
-2.13561e-11
1.53895e-11
-1.01741e-11
9.5884e-12
-1.34054e-11
1.75864e-11
-1.85904e-11
1.5785e-11
-1.08778e-11
5.63215e-12
-1.84608e-12
1.24843e-12
-4.38646e-12
8.48179e-12
-8.74606e-12
1.93083e-12
1.06013e-11
-2.44281e-11
3.52863e-11
-4.15988e-11
4.39307e-11
-4.40284e-11
4.31859e-11
-4.11649e-11
3.5367e-11
-2.32922e-11
6.30048e-12
8.45031e-12
-1.2538e-11
3.24235e-12
1.28724e-11
-2.45933e-11
2.36821e-11
-9.86125e-12
-1.07697e-11
3.00693e-11
-4.2663e-11
4.80514e-11
-5.00756e-11
5.22745e-11
-5.34837e-11
4.77199e-11
-3.08581e-11
6.72953e-12
1.35299e-11
-1.99192e-11
1.0716e-11
6.82645e-12
-2.22793e-11
2.77217e-11
-2.12842e-11
6.9688e-12
7.89456e-12
-1.79064e-11
2.28356e-11
-2.64398e-11
3.08635e-11
-3.37477e-11
3.04742e-11
-1.96668e-11
4.82884e-12
8.11704e-12
-1.49454e-11
1.4269e-11
-7.39987e-12
-2.49786e-12
1.08702e-11
-1.4199e-11
1.2133e-11
-7.94569e-12
5.50445e-12
-6.70373e-12
1.06694e-11
-1.53523e-11
1.81797e-11
-1.69598e-11
1.11652e-11
-3.98447e-12
7.6734e-13
-4.63668e-12
1.26286e-11
-1.81962e-11
1.70085e-11
-1.07391e-11
4.24688e-12
-7.79857e-13
-9.04314e-13
4.97129e-12
-1.56556e-11
3.35141e-11
-5.34115e-11
6.55412e-11
-6.19492e-11
4.32424e-11
-1.97026e-11
3.6145e-12
-5.86728e-13
6.81443e-12
-1.45966e-11
1.86858e-11
-1.89257e-11
1.77224e-11
-1.6939e-11
1.55278e-11
-9.97545e-12
-3.50789e-12
2.47402e-11
-4.76183e-11
6.23896e-11
-6.24375e-11
4.88138e-11
-2.92178e-11
1.18308e-11
-1.12659e-12
-2.44936e-12
9.30803e-14
5.8045e-12
-1.18385e-11
1.46501e-11
-1.36144e-11
1.07571e-11
-8.39255e-12
6.47666e-12
-3.60438e-12
-1.10231e-12
6.86672e-12
-1.21865e-11
1.48255e-11
-1.24133e-11
4.09688e-12
6.66027e-12
-1.33666e-11
1.16078e-11
-4.11673e-12
-1.22902e-12
-1.67835e-12
1.11578e-11
-1.92183e-11
1.76385e-11
-4.08782e-12
-1.6856e-11
3.63498e-11
-4.65927e-11
4.50304e-11
-3.60468e-11
2.7221e-11
-2.33681e-11
2.26487e-11
-1.98866e-11
1.29589e-11
-6.18399e-12
5.98598e-12
-1.458e-11
2.73487e-11
-3.65758e-11
3.59496e-11
-2.33663e-11
1.02808e-12
2.47472e-11
-4.59413e-11
5.64697e-11
-5.55821e-11
4.68424e-11
-3.50158e-11
2.34504e-11
-1.45788e-11
9.95779e-12
-9.49309e-12
1.05837e-11
-1.06291e-11
9.75248e-12
-1.08507e-11
1.52379e-11
-1.98046e-11
1.87339e-11
-9.39903e-12
-4.66372e-12
1.58334e-11
-1.83092e-11
1.16844e-11
-1.11098e-12
-6.24169e-12
5.34751e-12
2.60247e-12
-1.02861e-11
9.0543e-12
3.29277e-12
-1.99476e-11
3.01112e-11
-2.79898e-11
1.60538e-11
-1.25869e-12
-1.14979e-11
2.12515e-11
-2.92145e-11
3.59682e-11
-4.10146e-11
4.27006e-11
-3.9164e-11
2.96048e-11
-1.65663e-11
5.58546e-12
-2.33634e-12
8.48056e-12
-2.10533e-11
3.44974e-11
-4.36106e-11
4.41041e-11
-3.34293e-11
1.24712e-11
1.23995e-11
-3.19293e-11
3.9863e-11
-3.77412e-11
3.24403e-11
-2.97871e-11
2.98399e-11
-2.87483e-11
2.31128e-11
-1.33571e-11
3.27252e-12
1.94308e-12
6.81488e-13
-9.23436e-12
1.67922e-11
-1.66457e-11
8.23993e-12
1.29868e-12
-3.47491e-12
-4.14795e-12
1.57246e-11
-2.27797e-11
2.07165e-11
-1.13645e-11
-8.56779e-16
7.90734e-12
-8.77338e-12
1.32933e-12
1.22835e-11
-2.7057e-11
3.72334e-11
-3.96609e-11
3.43071e-11
-2.30267e-11
7.8983e-12
8.38643e-12
-2.30278e-11
3.43341e-11
-4.27591e-11
4.84975e-11
-4.92734e-11
4.14572e-11
-2.55211e-11
8.60817e-12
-8.37612e-13
7.03631e-12
-2.27866e-11
3.75013e-11
-4.23237e-11
3.51417e-11
-2.08223e-11
6.94727e-12
5.70211e-13
-9.81138e-13
-1.43072e-12
4.91473e-13
6.36415e-12
-1.59405e-11
2.20319e-11
-2.14469e-11
1.59834e-11
-9.53807e-12
3.57628e-12
2.74095e-12
-9.85373e-12
1.60536e-11
-1.96177e-11
2.02704e-11
-1.83874e-11
1.26075e-11
-7.92661e-13
-1.69338e-11
3.57214e-11
-4.81983e-11
4.86763e-11
-3.69887e-11
1.86353e-11
-2.74028e-12
-2.4341e-12
-6.13516e-12
2.33825e-11
-3.91018e-11
4.48831e-11
-4.04866e-11
3.24077e-11
-2.68571e-11
2.36336e-11
-1.7985e-11
6.57545e-12
8.51062e-12
-2.21397e-11
3.0118e-11
-3.15491e-11
2.78734e-11
-2.19767e-11
1.69069e-11
-1.47438e-11
1.47799e-11
-1.40755e-11
9.6228e-12
-1.20894e-12
-8.63525e-12
1.60188e-11
-1.75113e-11
1.05236e-11
5.01059e-12
-2.473e-11
3.9617e-11
-4.13519e-11
2.89514e-11
-1.08714e-11
-1.56298e-12
2.52132e-12
5.13766e-12
-1.47877e-11
2.20214e-11
-2.70367e-11
3.19296e-11
-3.77876e-11
4.29657e-11
-4.39545e-11
3.70183e-11
-2.12686e-11
2.94829e-13
1.86766e-11
-2.94892e-11
3.09403e-11
-2.71084e-11
2.30078e-11
-2.12156e-11
2.15671e-11
-2.34632e-11
2.57803e-11
-2.57067e-11
1.91528e-11
-5.34606e-12
-1.01655e-11
1.79457e-11
-1.23507e-11
-3.84197e-12
2.13005e-11
-3.12631e-11
3.05164e-11
-2.21112e-11
1.18514e-11
-4.81657e-12
2.63747e-12
-3.62687e-12
4.73371e-12
-5.29023e-12
8.16795e-12
-1.72945e-11
3.23395e-11
-4.72225e-11
5.38953e-11
-4.88014e-11
3.45033e-11
-1.65505e-11
-8.23744e-13
1.48509e-11
-2.31562e-11
2.41632e-11
-2.00342e-11
1.66063e-11
-1.94411e-11
2.83406e-11
-3.70237e-11
3.77161e-11
-2.74762e-11
1.00443e-11
6.46914e-12
-1.46149e-11
1.11807e-11
9.43264e-13
-1.46335e-11
2.274e-11
-2.32205e-11
1.96445e-11
-1.70265e-11
1.62221e-11
-1.40112e-11
7.74367e-12
2.42776e-13
-4.48429e-12
1.1379e-12
9.00032e-12
-2.26232e-11
3.64937e-11
-4.80298e-11
5.3601e-11
-4.95057e-11
3.51239e-11
-1.56136e-11
-8.14637e-13
8.3548e-12
-7.80297e-12
5.05252e-12
-6.83016e-12
1.60999e-11
-3.04451e-11
4.26546e-11
-4.48926e-11
3.38632e-11
-1.42837e-11
-4.14576e-12
1.3479e-11
-1.29147e-11
7.03396e-12
-4.54894e-13
-5.93469e-12
1.29017e-11
-1.96611e-11
2.33208e-11
-2.23507e-11
1.82515e-11
-1.38665e-11
9.94705e-12
-5.69077e-12
1.69282e-12
-1.76634e-12
9.64372e-12
-2.48445e-11
4.13922e-11
-5.16873e-11
5.10139e-11
-4.0414e-11
2.56603e-11
-1.43319e-11
1.10791e-11
-1.45257e-11
1.73698e-11
-1.18287e-11
-4.18449e-12
2.45841e-11
-3.99118e-11
4.39988e-11
-3.72135e-11
2.34159e-11
-6.49762e-12
-1.03338e-11
2.26884e-11
-2.61987e-11
1.99476e-11
-8.67118e-12
-9.17397e-13
5.52109e-12
-7.56234e-12
1.1163e-11
-1.73508e-11
2.26886e-11
-2.32165e-11
1.8275e-11
-1.15494e-11
8.13584e-12
-1.15223e-11
2.11996e-11
-3.27874e-11
3.98793e-11
-3.85282e-11
3.03781e-11
-2.2081e-11
1.96997e-11
-2.40722e-11
3.05333e-11
-3.35122e-11
2.98523e-11
-1.91941e-11
2.30459e-12
1.80553e-11
-3.57206e-11
4.20946e-11
-3.21807e-11
9.61606e-12
1.43555e-11
-2.91738e-11
3.19678e-11
-2.78771e-11
2.35629e-11
-2.19225e-11
2.12617e-11
-1.86933e-11
1.25529e-11
-3.3557e-12
-7.09415e-12
1.62614e-11
-2.23508e-11
2.51293e-11
-2.62027e-11
2.70682e-11
-2.77596e-11
2.68354e-11
-2.36227e-11
1.89133e-11
-1.4134e-11
9.80674e-12
-6.81318e-12
7.68008e-12
-1.54477e-11
2.88673e-11
-4.04347e-11
4.04312e-11
-2.54555e-11
2.20647e-12
1.67843e-11
-2.26192e-11
1.50602e-11
-5.47064e-13
-1.41029e-11
2.49021e-11
-3.05862e-11
3.11595e-11
-2.8578e-11
2.66228e-11
-2.89796e-11
3.55958e-11
-4.21299e-11
4.24855e-11
-3.32069e-11
1.53202e-11
6.03272e-12
-2.43517e-11
3.44107e-11
-3.49975e-11
2.91338e-11
-2.19486e-11
1.62058e-11
-1.05203e-11
1.67921e-12
1.00383e-11
-1.95442e-11
2.08731e-11
-1.32658e-11
1.74301e-12
7.37908e-12
-1.16862e-11
1.23975e-11
-1.13137e-11
8.84881e-12
-6.17952e-12
6.58826e-12
-1.34309e-11
2.52427e-11
-3.50723e-11
3.53949e-11
-2.53006e-11
1.17648e-11
-4.66699e-12
9.39301e-12
-2.40609e-11
4.12401e-11
-5.25984e-11
5.24128e-11
-4.00904e-11
2.00252e-11
2.85258e-13
-1.43096e-11
1.91725e-11
-1.6222e-11
8.68059e-12
3.29465e-14
-7.25983e-12
1.11945e-11
-1.24978e-11
1.46402e-11
-2.17431e-11
3.3726e-11
-4.49308e-11
4.79996e-11
-4.07018e-11
2.75799e-11
-1.53986e-11
6.43664e-12
2.18655e-12
-1.37377e-11
2.66093e-11
-3.54654e-11
3.61269e-11
-2.92276e-11
1.822e-11
-6.19497e-12
-5.14378e-12
1.32799e-11
-1.478e-11
7.88676e-12
4.09673e-12
-1.40805e-11
1.58568e-11
-9.06732e-12
-8.21261e-13
6.19843e-12
-2.48308e-12
-9.60477e-12
2.42618e-11
-3.39091e-11
3.31889e-11
-2.28106e-11
9.28263e-12
-1.05522e-12
2.87688e-12
-1.39105e-11
2.93837e-11
-4.40299e-11
5.31185e-11
-5.2919e-11
4.17987e-11
-2.30677e-11
4.7292e-12
5.00171e-12
-4.39767e-12
-6.71973e-13
2.26704e-12
1.79728e-12
-6.79362e-12
6.40781e-12
8.27193e-13
-1.15695e-11
2.19416e-11
-3.11538e-11
3.97689e-11
-4.67378e-11
4.88216e-11
-4.41249e-11
3.41847e-11
-2.25939e-11
1.10256e-11
1.39155e-12
-1.54503e-11
2.85168e-11
-3.55563e-11
3.27207e-11
-2.08962e-11
5.21698e-12
7.63423e-12
-1.322e-11
1.11318e-11
-5.28122e-12
1.36984e-12
-3.53694e-12
1.10464e-11
-1.87647e-11
2.05062e-11
-1.35538e-11
-3.9217e-13
1.6822e-11
-3.09705e-11
3.82384e-11
-3.52128e-11
2.18354e-11
-4.18543e-12
-7.49609e-12
5.1787e-12
1.00544e-11
-2.8474e-11
3.89972e-11
-3.76708e-11
2.86468e-11
-1.88833e-11
1.2143e-11
-8.84973e-12
8.70623e-12
-1.20142e-11
1.71429e-11
-1.95459e-11
1.46109e-11
-3.14351e-12
-7.81822e-12
9.90588e-12
-5.60285e-13
-1.55715e-11
3.09801e-11
-4.13644e-11
4.67325e-11
-4.88799e-11
4.82541e-11
-4.42568e-11
3.65656e-11
-2.6212e-11
1.46046e-11
-3.1204e-12
-7.04712e-12
1.42214e-11
-1.70435e-11
1.517e-11
-9.85391e-12
2.81683e-12
4.36982e-12
-1.09716e-11
1.7002e-11
-2.37451e-11
3.26315e-11
-4.32669e-11
5.13196e-11
-5.04091e-11
3.6753e-11
-1.36732e-11
-9.80986e-12
2.47688e-11
-2.8358e-11
2.37534e-11
-1.61542e-11
8.88042e-12
-3.90644e-12
3.05555e-12
-7.2073e-12
1.30542e-11
-1.35921e-11
3.34937e-12
1.50101e-11
-3.10569e-11
3.39863e-11
-2.14677e-11
6.92421e-13
1.77861e-11
-2.76859e-11
2.84327e-11
-2.24416e-11
1.23818e-11
-2.10571e-12
-3.0281e-12
-1.42931e-12
1.42569e-11
-2.79919e-11
3.37095e-11
-2.83337e-11
1.66231e-11
-7.08457e-12
5.11437e-12
-1.0424e-11
1.86945e-11
-2.54096e-11
2.74705e-11
-2.37609e-11
1.49165e-11
-3.89021e-12
-5.01433e-12
7.87648e-12
-3.6135e-12
-5.88462e-12
1.69388e-11
-2.64193e-11
3.26443e-11
-3.59031e-11
3.76237e-11
-3.9413e-11
4.11308e-11
-4.07144e-11
3.56091e-11
-2.58161e-11
1.43948e-11
-5.36325e-12
7.67263e-15
3.4676e-12
-7.33803e-12
1.08575e-11
-1.09069e-11
5.14551e-12
5.345e-12
-1.78792e-11
3.08093e-11
-4.39839e-11
5.55248e-11
-6.05992e-11
5.43553e-11
-3.76843e-11
1.82057e-11
-5.06945e-12
1.26017e-12
-2.1726e-12
7.91828e-13
5.39887e-12
-1.36217e-11
1.95869e-11
-2.12954e-11
1.79716e-11
-8.09846e-12
-9.89288e-12
3.31311e-11
-5.2867e-11
5.89715e-11
-4.82694e-11
2.74923e-11
-8.39822e-12
-1.30872e-12
1.91995e-12
9.14268e-13
-2.09023e-12
-6.70467e-13
7.50573e-12
-1.77029e-11
2.82758e-11
-3.34612e-11
2.71766e-11
-8.65486e-12
-1.52229e-11
3.32348e-11
-3.74857e-11
2.79603e-11
-1.1633e-11
-3.09958e-12
1.07592e-11
-1.05269e-11
4.92372e-12
1.43504e-12
-3.74846e-12
-1.14543e-12
1.23194e-11
-2.48127e-11
3.19318e-11
-2.95238e-11
1.82142e-11
-3.32595e-12
-8.23377e-12
1.11778e-11
-4.6889e-12
-7.47955e-12
1.87215e-11
-2.35241e-11
2.03158e-11
-1.2249e-11
4.31749e-12
-3.0531e-13
1.03004e-12
-5.50229e-12
1.18417e-11
-1.78125e-11
2.05901e-11
-1.84955e-11
1.28294e-11
-8.35869e-12
9.74189e-12
-1.75708e-11
2.71828e-11
-3.28512e-11
3.23089e-11
-2.79199e-11
2.28289e-11
-1.78407e-11
1.16998e-11
-4.68934e-12
-4.19189e-13
8.21093e-13
2.61561e-12
-6.26167e-12
7.77751e-12
-9.31022e-12
1.47027e-11
-2.45988e-11
3.45029e-11
-3.93228e-11
3.83686e-11
-3.58318e-11
3.53036e-11
-3.56973e-11
3.24635e-11
-2.34102e-11
1.12584e-11
-9.54093e-13
-5.50387e-12
9.4009e-12
-1.16691e-11
9.70541e-12
-2.40169e-13
-1.57471e-11
3.15024e-11
-4.00109e-11
4.00845e-11
-3.72104e-11
3.72556e-11
-4.08878e-11
4.36009e-11
-4.12999e-11
3.36631e-11
-2.29589e-11
1.02722e-11
4.39032e-12
-1.90783e-11
2.77931e-11
-2.44222e-11
8.59143e-12
1.22123e-11
-2.82779e-11
3.48339e-11
-3.47341e-11
3.38582e-11
-3.57016e-11
3.94959e-11
-4.3112e-11
4.50418e-11
-4.39496e-11
3.68678e-11
-2.11122e-11
-1.81502e-12
2.40712e-11
-3.57785e-11
3.17702e-11
-1.55772e-11
-3.90855e-12
1.87113e-11
-2.628e-11
2.83766e-11
-2.8216e-11
2.8382e-11
-3.11768e-11
3.77796e-11
-4.65808e-11
5.18871e-11
-4.69344e-11
2.88906e-11
-2.54775e-12
-2.20531e-11
3.54684e-11
-3.44253e-11
2.21445e-11
-5.38491e-12
-9.61198e-12
1.88029e-11
-2.12675e-11
1.9116e-11
-1.7258e-11
2.07308e-11
-3.13574e-11
4.51465e-11
-5.4173e-11
5.11707e-11
-3.45848e-11
9.41553e-12
1.53421e-11
-3.15244e-11
3.48798e-11
-2.64553e-11
1.13193e-11
3.45697e-12
-1.21759e-11
1.29701e-11
-9.07593e-12
6.67149e-12
-1.12658e-11
2.37565e-11
-3.97503e-11
5.1487e-11
-5.22086e-11
3.94499e-11
-1.67275e-11
-8.20541e-12
2.65795e-11
-3.28729e-11
2.69198e-11
-1.3869e-11
9.59513e-13
6.00506e-12
-5.67156e-12
1.13949e-12
1.7009e-12
2.30055e-12
-1.48069e-11
3.2222e-11
-4.7184e-11
5.18947e-11
-4.27227e-11
2.22254e-11
1.76126e-12
-2.05004e-11
2.83472e-11
-2.51205e-11
1.49843e-11
-4.22921e-12
-1.87071e-12
1.05247e-12
4.45451e-12
-9.01776e-12
6.3325e-12
6.18707e-12
-2.52475e-11
4.26487e-11
-5.01666e-11
4.3974e-11
-2.66619e-11
4.99501e-12
1.33789e-11
-2.32317e-11
2.29492e-11
-1.51045e-11
5.22261e-12
3.56987e-13
1.65519e-12
-9.22687e-12
1.55032e-11
-1.34822e-11
6.35898e-13
1.89743e-11
-3.74568e-11
4.72868e-11
-4.50061e-11
3.17055e-11
-1.22669e-11
-6.67905e-12
1.86173e-11
-2.02056e-11
1.31351e-11
-3.93306e-12
-2.15772e-13
-3.93301e-12
1.3135e-11
-2.02055e-11
1.86171e-11
-6.67888e-12
-1.22669e-11
3.17055e-11
-4.50061e-11
4.72869e-11
-3.7457e-11
1.89745e-11
6.35691e-13
-1.3482e-11
1.55029e-11
-9.2266e-12
1.65502e-12
3.57001e-13
5.22273e-12
-1.51047e-11
2.29493e-11
-2.32317e-11
1.3379e-11
4.99495e-12
-2.66618e-11
4.39739e-11
-5.01664e-11
4.26485e-11
-2.52471e-11
6.18663e-12
6.33293e-12
-9.01806e-12
4.45464e-12
1.05246e-12
-1.87072e-12
-4.22924e-12
1.49843e-11
-2.51205e-11
2.83472e-11
-2.05003e-11
1.76117e-12
2.22256e-11
-4.2723e-11
5.18951e-11
-4.71845e-11
3.22224e-11
-1.48071e-11
2.30076e-12
1.70066e-12
1.13982e-12
-5.67194e-12
6.00539e-12
9.59281e-13
-1.38688e-11
2.69198e-11
-3.28729e-11
2.65796e-11
-8.20563e-12
-1.67272e-11
3.94496e-11
-5.22084e-11
5.14868e-11
-3.97499e-11
2.3756e-11
-1.12651e-11
6.67076e-12
-9.07526e-12
1.29695e-11
-1.21754e-11
3.45667e-12
1.13194e-11
-2.64553e-11
3.48798e-11
-3.15244e-11
1.53421e-11
9.41557e-12
-3.4585e-11
5.11711e-11
-5.41736e-11
4.51473e-11
-3.13583e-11
2.07317e-11
-1.72587e-11
1.91166e-11
-2.12679e-11
1.88032e-11
-9.61222e-12
-5.38469e-12
2.21443e-11
-3.44251e-11
3.54683e-11
-2.20532e-11
-2.54745e-12
2.88901e-11
-4.69337e-11
5.18863e-11
-4.65801e-11
3.7779e-11
-3.11763e-11
2.83816e-11
-2.82157e-11
2.83763e-11
-2.62798e-11
1.87111e-11
-3.90839e-12
-1.55773e-11
3.17702e-11
-3.57784e-11
2.40709e-11
-1.81467e-12
-2.11126e-11
3.68682e-11
-4.39499e-11
4.5042e-11
-4.31121e-11
3.9496e-11
-3.57018e-11
3.38582e-11
-3.47342e-11
3.48339e-11
-2.8278e-11
1.22124e-11
8.5913e-12
-2.44221e-11
2.7793e-11
-1.90783e-11
4.39028e-12
1.02723e-11
-2.2959e-11
3.36632e-11
-4.12999e-11
4.3601e-11
-4.08879e-11
3.72558e-11
-3.72105e-11
4.00845e-11
-4.00108e-11
3.15022e-11
-1.57469e-11
-2.40409e-13
9.70569e-12
-1.16694e-11
9.40123e-12
-5.50412e-12
-9.53964e-13
1.12584e-11
-2.34101e-11
3.24634e-11
-3.56971e-11
3.53034e-11
-3.58317e-11
3.83687e-11
-3.9323e-11
3.45031e-11
-2.4599e-11
1.4703e-11
-9.31068e-12
7.77798e-12
-6.26204e-12
2.61581e-12
8.21048e-13
-4.19214e-13
-4.68932e-12
1.16998e-11
-1.78406e-11
2.28288e-11
-2.79197e-11
3.23087e-11
-3.2851e-11
2.71826e-11
-1.75704e-11
9.74133e-12
-8.35811e-12
1.2829e-11
-1.84953e-11
2.05899e-11
-1.78125e-11
1.18417e-11
-5.50234e-12
1.0302e-12
-3.05547e-13
4.31774e-12
-1.22493e-11
2.03161e-11
-2.35244e-11
1.8722e-11
-7.48007e-12
-4.68843e-12
1.11775e-11
-8.23352e-12
-3.32616e-12
1.82144e-11
-2.9524e-11
3.19319e-11
-2.48127e-11
1.23193e-11
-1.14518e-12
-3.74879e-12
1.43543e-12
4.92332e-12
-1.05266e-11
1.07589e-11
-3.09942e-12
-1.16331e-11
2.79604e-11
-3.74858e-11
3.3235e-11
-1.52232e-11
-8.65458e-12
2.71764e-11
-3.34613e-11
2.8276e-11
-1.77032e-11
7.50596e-12
-6.70606e-13
-2.09019e-12
9.14342e-13
1.91979e-12
-1.30852e-12
-8.39837e-12
2.74923e-11
-4.82692e-11
5.89713e-11
-5.28667e-11
3.3131e-11
-9.89294e-12
-8.09833e-12
1.79715e-11
-2.12954e-11
1.9587e-11
-1.36219e-11
5.39915e-12
7.9151e-13
-2.17233e-12
1.26004e-12
-5.06951e-12
1.82059e-11
-3.76845e-11
5.43554e-11
-6.05992e-11
5.55247e-11
-4.39837e-11
3.08091e-11
-1.7879e-11
5.34491e-12
5.14542e-12
-1.09067e-11
1.08571e-11
-7.3378e-12
3.46758e-12
7.50865e-15
-5.36301e-12
1.43946e-11
-2.58161e-11
3.56091e-11
-4.07145e-11
4.11311e-11
-3.94135e-11
3.76242e-11
-3.59035e-11
3.26443e-11
-2.64191e-11
1.69385e-11
-5.88448e-12
-3.61343e-12
7.87629e-12
-5.01414e-12
-3.89035e-12
1.49166e-11
-2.3761e-11
2.74704e-11
-2.54093e-11
1.8694e-11
-1.04235e-11
5.1141e-12
-7.08456e-12
1.66232e-11
-2.83338e-11
3.37095e-11
-2.79917e-11
1.42567e-11
-1.42913e-12
-3.0282e-12
-2.10568e-12
1.23818e-11
-2.24417e-11
2.84328e-11
-2.76861e-11
1.77862e-11
6.92427e-13
-2.14678e-11
3.39864e-11
-3.1057e-11
1.501e-11
3.34956e-12
-1.35923e-11
1.30544e-11
-7.20741e-12
3.05555e-12
-3.90636e-12
8.88032e-12
-1.61541e-11
2.37533e-11
-2.83579e-11
2.47688e-11
-9.80987e-12
-1.36731e-11
3.67529e-11
-5.0409e-11
5.13196e-11
-4.3267e-11
3.26316e-11
-2.37451e-11
1.7002e-11
-1.09716e-11
4.36975e-12
2.81691e-12
-9.854e-12
1.51702e-11
-1.70437e-11
1.42215e-11
-7.04724e-12
-3.12041e-12
1.46047e-11
-2.62122e-11
3.65658e-11
-4.42569e-11
4.82541e-11
-4.88799e-11
4.67324e-11
-4.13643e-11
3.09799e-11
-1.55714e-11
-5.60221e-13
9.90565e-12
-7.81789e-12
-3.14383e-12
1.46112e-11
-1.95461e-11
1.7143e-11
-1.20143e-11
8.70634e-12
-8.84992e-12
1.21433e-11
-1.88836e-11
2.86472e-11
-3.7671e-11
3.89972e-11
-2.84739e-11
1.00542e-11
5.17905e-12
-7.49653e-12
-4.18494e-12
2.18349e-11
-3.52123e-11
3.82378e-11
-3.09697e-11
1.68212e-11
-3.91507e-13
-1.35542e-11
2.05064e-11
-1.87647e-11
1.10463e-11
-3.53672e-12
1.36956e-12
-5.2809e-12
1.11314e-11
-1.32196e-11
7.63376e-12
5.21759e-12
-2.08969e-11
3.27213e-11
-3.55568e-11
2.85171e-11
-1.54504e-11
1.39151e-12
1.10257e-11
-2.2594e-11
3.41847e-11
-4.41248e-11
4.88215e-11
-4.67378e-11
3.9769e-11
-3.1154e-11
2.19417e-11
-1.15696e-11
8.27138e-13
6.408e-12
-6.79389e-12
1.79756e-12
2.26686e-12
-6.71998e-13
-4.39738e-12
5.0012e-12
4.72977e-12
-2.30682e-11
4.17989e-11
-5.29191e-11
5.31186e-11
-4.403e-11
2.93839e-11
-1.39107e-11
2.87712e-12
-1.05546e-12
9.28281e-12
-2.28106e-11
3.31886e-11
-3.39086e-11
2.42613e-11
-9.60433e-12
-2.48336e-12
6.19861e-12
-8.21395e-13
-9.06724e-12
1.58568e-11
-1.40806e-11
4.09683e-12
7.88672e-12
-1.478e-11
1.32798e-11
-5.14361e-12
-6.19521e-12
1.82202e-11
-2.92277e-11
3.6127e-11
-3.54655e-11
2.66093e-11
-1.37377e-11
2.18646e-12
6.43671e-12
-1.53986e-11
2.75798e-11
-4.07017e-11
4.79995e-11
-4.49308e-11
3.37261e-11
-2.17432e-11
1.46404e-11
-1.24981e-11
1.11948e-11
-7.26007e-12
3.31227e-14
8.68045e-12
-1.62219e-11
1.91723e-11
-1.43094e-11
2.8507e-13
2.00253e-11
-4.00903e-11
5.24127e-11
-5.25983e-11
4.12398e-11
-2.40606e-11
9.39258e-12
-4.66651e-12
1.17643e-11
-2.53002e-11
3.53945e-11
-3.5072e-11
2.52426e-11
-1.3431e-11
6.58864e-12
-6.18002e-12
8.84931e-12
-1.13141e-11
1.23978e-11
-1.16864e-11
7.37914e-12
1.743e-12
-1.32658e-11
2.08729e-11
-1.95441e-11
1.00383e-11
1.67907e-12
-1.05199e-11
1.62053e-11
-2.19481e-11
2.91333e-11
-3.49971e-11
3.44104e-11
-2.43517e-11
6.0329e-12
1.53199e-11
-3.32065e-11
4.24852e-11
-4.21296e-11
3.55956e-11
-2.89794e-11
2.66227e-11
-2.85779e-11
3.11595e-11
-3.05863e-11
2.49022e-11
-1.41031e-11
-5.46791e-13
1.50599e-11
-2.26189e-11
1.67842e-11
2.20657e-12
-2.54555e-11
4.04312e-11
-4.04348e-11
2.88674e-11
-1.54477e-11
7.67995e-12
-6.81285e-12
9.80626e-12
-1.41335e-11
1.89129e-11
-2.36224e-11
2.68352e-11
-2.77595e-11
2.70682e-11
-2.62027e-11
2.51293e-11
-2.23507e-11
1.62612e-11
-7.09387e-12
-3.35593e-12
1.25531e-11
-1.86934e-11
2.12617e-11
-2.19226e-11
2.35631e-11
-2.78772e-11
3.19679e-11
-2.91738e-11
1.43555e-11
9.61614e-12
-3.21808e-11
4.20948e-11
-3.57209e-11
1.80556e-11
2.30428e-12
-1.91938e-11
2.9852e-11
-3.3512e-11
3.05332e-11
-2.40721e-11
1.96996e-11
-2.20809e-11
3.03779e-11
-3.8528e-11
3.9879e-11
-3.27872e-11
2.11994e-11
-1.15222e-11
8.13594e-12
-1.15496e-11
1.82751e-11
-2.32164e-11
2.26884e-11
-1.73505e-11
1.11628e-11
-7.56228e-12
5.52111e-12
-9.17407e-13
-8.67119e-12
1.99476e-11
-2.61987e-11
2.26883e-11
-1.03336e-11
-6.49781e-12
2.3416e-11
-3.72136e-11
4.39989e-11
-3.99117e-11
2.45841e-11
-4.18451e-12
-1.18287e-11
1.73697e-11
-1.45255e-11
1.10789e-11
-1.43318e-11
2.56604e-11
-4.04143e-11
5.10144e-11
-5.16879e-11
4.13927e-11
-2.48448e-11
9.64391e-12
-1.76643e-12
1.69287e-12
-5.69078e-12
9.94701e-12
-1.38664e-11
1.82513e-11
-2.23504e-11
2.33204e-11
-1.96608e-11
1.29015e-11
-5.93455e-12
-4.55002e-13
7.0341e-12
-1.29149e-11
1.34791e-11
-4.14574e-12
-1.42839e-11
3.38634e-11
-4.48928e-11
4.26547e-11
-3.04451e-11
1.60998e-11
-6.82991e-12
5.05214e-12
-7.80254e-12
8.35437e-12
-8.14217e-13
-1.5614e-11
3.51243e-11
-4.9506e-11
5.36012e-11
-4.803e-11
3.64938e-11
-2.26232e-11
9.00014e-12
1.13826e-12
-4.48469e-12
2.43088e-13
7.74349e-12
-1.4011e-11
1.6222e-11
-1.70264e-11
1.96445e-11
-2.32208e-11
2.27404e-11
-1.46339e-11
9.43597e-13
1.11804e-11
-1.46147e-11
6.46904e-12
1.00444e-11
-2.74763e-11
3.77161e-11
-3.70238e-11
2.83405e-11
-1.94409e-11
1.66059e-11
-2.00337e-11
2.41628e-11
-2.31558e-11
1.48507e-11
-8.23648e-13
-1.65505e-11
3.45032e-11
-4.88015e-11
5.38956e-11
-4.72228e-11
3.23398e-11
-1.72946e-11
8.16808e-12
-5.29041e-12
4.73401e-12
-3.62723e-12
2.63778e-12
-4.81675e-12
1.18515e-11
-2.21112e-11
3.05164e-11
-3.12631e-11
2.13007e-11
-3.84233e-12
-1.23502e-11
1.79452e-11
-1.01652e-11
-5.34609e-12
1.91526e-11
-2.57063e-11
2.57798e-11
-2.34627e-11
2.15667e-11
-2.12154e-11
2.30077e-11
-2.71084e-11
3.09402e-11
-2.94892e-11
1.86766e-11
2.94931e-13
-2.12689e-11
3.70187e-11
-4.39549e-11
4.2966e-11
-3.77877e-11
3.19295e-11
-2.70365e-11
2.20211e-11
-1.47873e-11
5.13725e-12
2.52173e-12
-1.56329e-12
-1.08712e-11
2.89513e-11
-4.1352e-11
3.96172e-11
-2.47303e-11
5.01077e-12
1.05236e-11
-1.75114e-11
1.6019e-11
-8.63554e-12
-1.20859e-12
9.62245e-12
-1.40752e-11
1.47798e-11
-1.47439e-11
1.6907e-11
-2.19767e-11
2.78733e-11
-3.15489e-11
3.01178e-11
-2.21395e-11
8.51063e-12
6.57534e-12
-1.79848e-11
2.36335e-11
-2.6857e-11
3.24076e-11
-4.04863e-11
4.48826e-11
-3.91011e-11
2.33818e-11
-6.13452e-12
-2.43464e-12
-2.73983e-12
1.86349e-11
-3.69884e-11
4.86761e-11
-4.81983e-11
3.57215e-11
-1.6934e-11
-7.925e-13
1.26075e-11
-1.83875e-11
2.02706e-11
-1.96181e-11
1.60542e-11
-9.85441e-12
2.74163e-12
3.57569e-12
-9.53766e-12
1.59832e-11
-2.14469e-11
2.2032e-11
-1.59407e-11
6.36421e-12
4.91504e-13
-1.43076e-12
-9.81116e-13
5.70223e-13
6.94726e-12
-2.08223e-11
3.51416e-11
-4.23236e-11
3.75011e-11
-2.27863e-11
7.036e-12
-8.37289e-13
8.60789e-12
-2.5521e-11
4.14572e-11
-4.92735e-11
4.84976e-11
-4.2759e-11
3.4334e-11
-2.30275e-11
8.38592e-12
7.89893e-12
-2.30273e-11
3.43075e-11
-3.9661e-11
3.72333e-11
-2.70568e-11
1.22834e-11
1.32925e-12
-8.77317e-12
7.90708e-12
-6.19319e-16
-1.13647e-11
2.07167e-11
-2.27799e-11
1.5725e-11
-4.14848e-12
-3.47444e-12
1.29845e-12
8.23982e-12
-1.66454e-11
1.67918e-11
-9.23398e-12
6.813e-13
1.94308e-12
3.27268e-12
-1.33573e-11
2.3113e-11
-2.87484e-11
2.98399e-11
-2.97871e-11
3.24402e-11
-3.77411e-11
3.9863e-11
-3.19292e-11
1.23994e-11
1.24714e-11
-3.34295e-11
4.41043e-11
-4.36107e-11
3.44973e-11
-2.1053e-11
8.48021e-12
-2.3361e-12
5.58539e-12
-1.65663e-11
2.9605e-11
-3.91641e-11
4.27008e-11
-4.10146e-11
3.59682e-11
-2.92145e-11
2.12516e-11
-1.1498e-11
-1.25862e-12
1.60538e-11
-2.79899e-11
3.01113e-11
-1.99478e-11
3.29297e-12
9.0541e-12
-1.02858e-11
2.60221e-12
5.34786e-12
-6.24214e-12
-1.11049e-12
1.1684e-11
-1.8309e-11
1.58334e-11
-4.66391e-12
-9.39879e-12
1.87337e-11
-1.98043e-11
1.52377e-11
-1.08506e-11
9.75248e-12
-1.06293e-11
1.0584e-11
-9.4936e-12
9.95846e-12
-1.45795e-11
2.3451e-11
-3.50162e-11
4.68426e-11
-5.55822e-11
5.64696e-11
-4.59411e-11
2.4747e-11
1.0283e-12
-2.33665e-11
3.59498e-11
-3.65759e-11
2.73489e-11
-1.45801e-11
5.98595e-12
-6.1838e-12
1.29586e-11
-1.98864e-11
2.26485e-11
-2.3368e-11
2.7221e-11
-3.60468e-11
4.50304e-11
-4.65927e-11
3.63498e-11
-1.6856e-11
-4.08772e-12
1.76383e-11
-1.92181e-11
1.11575e-11
-1.67805e-12
-1.22933e-12
-4.1164e-12
1.16075e-11
-1.33664e-11
6.66011e-12
4.09708e-12
-1.24135e-11
1.48257e-11
-1.21866e-11
6.86665e-12
-1.10211e-12
-3.60458e-12
6.47675e-12
-8.39243e-12
1.07568e-11
-1.36139e-11
1.46497e-11
-1.18382e-11
5.80423e-12
9.33843e-14
-2.44976e-12
-1.12611e-12
1.18304e-11
-2.92175e-11
4.88136e-11
-6.24375e-11
6.23896e-11
-4.76183e-11
2.47402e-11
-3.50771e-12
-9.97569e-12
1.5528e-11
-1.69392e-11
1.77227e-11
-1.89259e-11
1.8686e-11
-1.45968e-11
6.81454e-12
-5.86822e-13
3.61467e-12
-1.97028e-11
4.32427e-11
-6.19494e-11
6.55413e-11
-5.34116e-11
3.35141e-11
-1.56557e-11
4.97147e-12
-9.04595e-13
-7.79573e-13
4.24677e-12
-1.07393e-11
1.70089e-11
-1.81966e-11
1.26289e-11
-4.63678e-12
7.67298e-13
-3.98439e-12
1.11652e-11
-1.696e-11
1.81799e-11
-1.53525e-11
1.06694e-11
-6.70353e-12
5.50413e-12
-7.94543e-12
1.2133e-11
-1.41993e-11
1.08708e-11
-2.49844e-12
-7.39944e-12
1.42688e-11
-1.49454e-11
8.11694e-12
4.82906e-12
-1.96671e-11
3.04746e-11
-3.3748e-11
3.08636e-11
-2.64395e-11
2.28353e-11
-1.79063e-11
7.89467e-12
6.96849e-12
-2.12838e-11
2.77214e-11
-2.22792e-11
6.8264e-12
1.0716e-11
-1.99193e-11
1.353e-11
6.72942e-12
-3.0858e-11
4.77199e-11
-5.34836e-11
5.22744e-11
-5.00755e-11
4.80512e-11
-4.26629e-11
3.00693e-11
-1.07697e-11
-9.86123e-12
2.36822e-11
-2.45932e-11
1.28722e-11
3.24273e-12
-1.25385e-11
8.45073e-12
6.30027e-12
-2.32922e-11
3.53673e-11
-4.11653e-11
4.31862e-11
-4.40284e-11
4.39306e-11
-4.15986e-11
3.52862e-11
-2.44282e-11
1.06014e-11
1.93091e-12
-8.74639e-12
8.48233e-12
-4.38702e-12
1.24886e-12
-1.84625e-12
5.6321e-12
-1.08776e-11
1.57849e-11
-1.85905e-11
1.75866e-11
-1.34056e-11
9.58843e-12
-1.01739e-11
1.53892e-11
-2.13558e-11
2.32388e-11
-1.91087e-11
1.02229e-11
5.4206e-15
-7.7431e-12
1.01852e-11
-8.02847e-12
5.17648e-12
-5.16759e-12
6.47874e-12
-3.59415e-12
-7.17452e-12
2.23539e-11
-3.32883e-11
3.24348e-11
-1.90064e-11
-9.34082e-13
1.77576e-11
-2.37499e-11
1.73128e-11
-4.37278e-12
-6.1729e-12
9.20852e-12
-7.16881e-12
5.83708e-12
-7.39212e-12
7.22592e-12
1.29086e-12
-2.01164e-11
4.33361e-11
-6.06551e-11
6.32799e-11
-4.93855e-11
2.52969e-11
-2.5171e-12
-9.48083e-12
8.96541e-12
-2.23173e-12
-3.09042e-12
4.32908e-12
-4.5082e-12
6.72838e-12
-9.82605e-12
8.69048e-12
1.10225e-12
-1.99605e-11
4.30797e-11
-6.23217e-11
6.95973e-11
-6.20131e-11
4.40998e-11
-2.51267e-11
1.21534e-11
-6.31986e-12
4.49023e-12
-4.03298e-12
4.22803e-12
-5.13885e-12
6.06892e-12
-6.18256e-12
4.30523e-12
1.32012e-12
-1.25119e-11
2.82332e-11
-4.38106e-11
5.34036e-11
-5.43474e-11
4.78564e-11
-3.72491e-11
2.58072e-11
-1.67851e-11
1.23184e-11
-1.18837e-11
1.18285e-11
-8.84234e-12
3.00336e-12
2.42186e-12
-4.99538e-12
5.26149e-12
-6.06857e-12
9.81928e-12
-1.72905e-11
2.67903e-11
-3.45699e-11
3.63225e-11
-3.10393e-11
2.26766e-11
-1.76229e-11
1.85948e-11
-2.21494e-11
2.16677e-11
-1.36572e-11
4.13317e-13
1.16259e-11
-1.66047e-11
1.26572e-11
-3.52367e-12
-3.76643e-12
3.53114e-12
3.6136e-12
-1.13615e-11
1.3357e-11
-9.64474e-12
6.28621e-12
-9.38941e-12
1.8728e-11
-2.78229e-11
2.86936e-11
-1.79157e-11
-9.83817e-13
1.87558e-11
-2.60616e-11
1.96243e-11
-5.18828e-12
-7.27807e-12
1.16208e-11
-1.00906e-11
9.14878e-12
-1.22985e-11
1.64462e-11
-1.54497e-11
5.55069e-12
1.08219e-11
-2.58295e-11
3.00476e-11
-1.90823e-11
-2.30092e-12
2.20723e-11
-2.97795e-11
2.37616e-11
-1.09106e-11
-9.36548e-13
8.84641e-12
-1.50456e-11
2.24333e-11
-3.12589e-11
3.78054e-11
-3.64128e-11
2.34165e-11
-2.1025e-12
-1.73507e-11
2.40267e-11
-1.48744e-11
-3.47387e-12
2.02363e-11
-2.83412e-11
2.68593e-11
-1.91065e-11
8.92431e-12
1.38433e-12
-1.23177e-11
2.55031e-11
-4.03622e-11
5.14048e-11
-5.14402e-11
3.78462e-11
-1.6358e-11
-2.80965e-12
1.15733e-11
-8.27221e-12
-3.39374e-12
1.69486e-11
-2.64255e-11
2.87017e-11
-2.48722e-11
1.77799e-11
-8.58336e-12
-4.43243e-12
2.20814e-11
-4.1022e-11
5.44347e-11
-5.69542e-11
4.78245e-11
-3.11218e-11
1.33362e-11
-1.24385e-12
-1.16636e-12
-5.34733e-12
1.55762e-11
-2.40444e-11
2.82218e-11
-2.85233e-11
2.51372e-11
-1.70687e-11
3.42887e-12
1.44133e-11
-3.32021e-11
4.85986e-11
-5.64507e-11
5.39119e-11
-4.19586e-11
2.58619e-11
-1.28015e-11
7.17815e-12
-8.96916e-12
1.51093e-11
-2.23945e-11
2.81476e-11
-3.04878e-11
2.8332e-11
-2.18609e-11
1.13282e-11
3.29067e-12
-2.13664e-11
3.93914e-11
-5.18625e-11
5.44634e-11
-4.74096e-11
3.48101e-11
-2.22713e-11
1.41772e-11
-1.27276e-11
1.69335e-11
-2.33258e-11
2.79464e-11
-2.93299e-11
2.82678e-11
-2.54499e-11
1.92517e-11
-7.53287e-12
-9.61591e-12
2.85167e-11
-4.39672e-11
5.14483e-11
-4.928e-11
3.94116e-11
-2.74196e-11
1.93455e-11
-1.79678e-11
2.10615e-11
-2.45805e-11
2.63303e-11
-2.71102e-11
2.79621e-11
-2.82393e-11
2.54194e-11
-1.7014e-11
1.96064e-12
1.75685e-11
-3.60895e-11
4.6898e-11
-4.69324e-11
3.90644e-11
-2.99657e-11
2.45653e-11
-2.35317e-11
2.44469e-11
-2.51685e-11
2.5088e-11
-2.52549e-11
2.69371e-11
-3.00874e-11
3.14903e-11
-2.62187e-11
1.15609e-11
9.17233e-12
-2.84345e-11
3.95982e-11
-4.14091e-11
3.71867e-11
-3.17833e-11
2.83809e-11
-2.75883e-11
2.74716e-11
-2.59183e-11
2.3112e-11
-2.23586e-11
2.63933e-11
-3.35762e-11
3.76839e-11
-3.302e-11
2.00334e-11
-7.30075e-12
1.3899e-12
5.70306e-15
6.53012e-14
2.60572e-14
4.06635e-15
0
