0
2.52784e-16
3.60811e-15
2.29155e-14
6.7303e-14
-2.53007e-14
1.04706e-12
-4.5169e-12
1.1641e-11
-1.94873e-11
2.3599e-11
-2.18698e-11
1.4827e-11
-5.53821e-12
-2.25488e-12
6.39115e-12
-8.01135e-12
9.93303e-12
-1.397e-11
1.87863e-11
-2.12041e-11
1.85487e-11
-1.07904e-11
1.27194e-14
1.07741e-11
-1.93155e-11
2.42964e-11
-2.53293e-11
2.2035e-11
-1.42558e-11
2.58611e-12
1.02687e-11
-2.0137e-11
2.33615e-11
-1.96868e-11
1.22615e-11
-5.42512e-12
1.24811e-12
1.18661e-12
-4.46871e-12
1.00453e-11
-1.72009e-11
2.32459e-11
-2.54999e-11
2.26257e-11
-1.54815e-11
5.90301e-12
4.42244e-12
-1.46861e-11
2.3592e-11
-2.86501e-11
2.67491e-11
-1.70378e-11
2.37767e-12
1.14807e-11
-1.95897e-11
2.03685e-11
-1.61725e-11
1.07997e-11
-7.01548e-12
4.71518e-12
-1.83117e-12
-3.80022e-12
1.20758e-11
-2.07703e-11
2.70569e-11
-2.97577e-11
2.90774e-11
-2.53042e-11
1.74951e-11
-4.97724e-12
-1.07088e-11
2.4804e-11
-3.17484e-11
2.83318e-11
-1.61809e-11
7.42351e-13
1.15331e-11
-1.70486e-11
1.63936e-11
-1.32584e-11
1.07949e-11
-9.4639e-12
7.16792e-12
-2.15421e-12
-5.39082e-12
1.36273e-11
-2.13792e-11
2.86717e-11
-3.57357e-11
4.08355e-11
-4.049e-11
3.14339e-11
-1.39293e-11
-7.25103e-12
2.42936e-11
-3.0789e-11
2.52854e-11
-1.23313e-11
-1.0131e-12
9.55876e-12
-1.2784e-11
1.31231e-11
-1.29228e-11
1.22126e-11
-9.92007e-12
5.58254e-12
-2.92664e-13
-4.96126e-12
1.06192e-11
-1.87843e-11
3.07797e-11
-4.49269e-11
5.56565e-11
-5.64136e-11
4.38598e-11
-2.13366e-11
-2.53834e-12
1.86092e-11
-2.27948e-11
1.72876e-11
-7.87502e-12
-7.79895e-13
6.9488e-12
-1.10839e-11
1.33628e-11
-1.32598e-11
1.03127e-11
-5.72769e-12
1.8084e-12
-2.48889e-13
-3.35178e-13
4.1385e-12
-1.55141e-11
3.44594e-11
-5.50498e-11
6.78903e-11
-6.63336e-11
5.069e-11
-2.80929e-11
7.39361e-12
5.59702e-12
-1.01707e-11
8.63198e-12
-3.84193e-12
-2.43237e-12
8.74197e-12
-1.33674e-11
1.4172e-11
-1.04121e-11
3.9247e-12
1.00275e-12
-9.39234e-13
-3.46544e-12
6.48177e-12
-1.26301e-12
-1.49638e-11
3.78145e-11
-5.84379e-11
6.87328e-11
-6.60134e-11
5.31517e-11
-3.61125e-11
2.02431e-11
-8.70433e-12
2.2603e-12
-7.36785e-13
3.45512e-12
-9.14104e-12
1.48418e-11
-1.68094e-11
1.26545e-11
-4.1074e-12
-3.6867e-12
5.58966e-12
-9.48935e-13
-5.77553e-12
7.79686e-12
-8.39154e-13
-1.45561e-11
3.33408e-11
-4.91639e-11
5.72753e-11
-5.66761e-11
4.94543e-11
-3.91278e-11
2.84588e-11
-1.93747e-11
1.33289e-11
-1.1697e-11
1.42933e-11
-1.86691e-11
2.07262e-11
-1.76598e-11
9.75402e-12
-4.61574e-13
-6.14891e-12
7.56523e-12
-4.43821e-12
-6.7626e-14
1.7181e-12
2.06955e-12
-1.09004e-11
2.14978e-11
-3.02325e-11
3.49915e-11
-3.59661e-11
3.42767e-11
-3.11701e-11
2.74706e-11
-2.41275e-11
2.18649e-11
-2.11537e-11
2.16611e-11
-2.2536e-11
2.218e-11
-1.89881e-11
1.20763e-11
-2.68064e-12
-6.2818e-12
1.16885e-11
-1.26544e-11
1.07311e-11
-8.62833e-12
7.74712e-12
-7.70713e-12
7.06955e-12
-5.33141e-12
3.45302e-12
-3.54241e-12
6.91316e-12
-1.29577e-11
1.88496e-11
-2.16977e-11
2.06584e-11
-1.80531e-11
1.71376e-11
-1.92556e-11
2.20856e-11
-2.17289e-11
1.57721e-11
-5.45452e-12
-5.79212e-12
1.47372e-11
-2.03175e-11
2.27674e-11
-2.22408e-11
1.76201e-11
-7.77116e-12
-6.6864e-12
2.17319e-11
-3.13987e-11
3.10332e-11
-2.11636e-11
7.50935e-12
2.55428e-12
-5.478e-12
3.35729e-12
-1.6223e-12
3.95202e-12
-9.88778e-12
1.56712e-11
-1.77395e-11
1.46405e-11
-7.3108e-12
-2.63804e-12
1.36979e-11
-2.45991e-11
3.29163e-11
-3.48641e-11
2.64745e-11
-7.13341e-12
-1.8357e-11
4.08283e-11
-5.21375e-11
4.99578e-11
-3.90462e-11
2.7107e-11
-1.98743e-11
1.8121e-11
-1.89913e-11
1.86328e-11
-1.49896e-11
8.32149e-12
-8.19491e-13
-5.10555e-12
7.5896e-12
-5.79961e-12
-6.76943e-13
1.12479e-11
-2.35944e-11
3.29062e-11
-3.38124e-11
2.33087e-11
-3.45986e-12
-1.95201e-11
3.82387e-11
-4.80306e-11
4.83848e-11
-4.26636e-11
3.5683e-11
-3.15138e-11
3.13054e-11
-3.33258e-11
3.42275e-11
-3.17591e-11
2.58955e-11
-1.86741e-11
1.22354e-11
-7.90209e-12
5.81836e-12
-5.84577e-12
7.54822e-12
-1.02989e-11
1.2705e-11
-1.30333e-11
9.49861e-12
-1.55745e-12
-9.47075e-12
2.00954e-11
-2.66083e-11
2.73563e-11
-2.44359e-11
2.19028e-11
-2.27016e-11
2.61339e-11
-2.92301e-11
2.96306e-11
-2.80146e-11
2.6883e-11
-2.80312e-11
3.01933e-11
-2.98738e-11
2.36983e-11
-1.15609e-11
-2.82999e-12
1.36954e-11
-1.72665e-11
1.40444e-11
-8.20276e-12
3.63649e-12
-1.33615e-12
-4.72671e-13
3.09201e-12
-5.70176e-12
6.12062e-12
-3.77141e-12
4.91386e-13
8.58146e-13
4.42035e-13
-2.00137e-12
-4.4239e-13
9.358e-12
-2.29747e-11
3.49878e-11
-3.81526e-11
2.86202e-11
-8.98391e-12
-1.33548e-11
3.02603e-11
-3.72652e-11
3.43393e-11
-2.44632e-11
1.10556e-11
2.75212e-12
-1.44855e-11
2.22505e-11
-2.57398e-11
2.62408e-11
-2.62133e-11
2.75533e-11
-3.07247e-11
3.40934e-11
-3.47949e-11
2.98305e-11
-1.83382e-11
2.76664e-12
1.11899e-11
-1.75343e-11
1.3065e-11
4.39138e-13
-1.73924e-11
3.09261e-11
-3.62713e-11
3.23163e-11
-2.18804e-11
9.45802e-12
1.30402e-12
-9.70222e-12
1.69585e-11
-2.41162e-11
3.01952e-11
-3.35371e-11
3.3832e-11
-3.32343e-11
3.41963e-11
-3.71761e-11
3.97266e-11
-3.88478e-11
3.34108e-11
-2.54993e-11
1.86611e-11
-1.55244e-11
1.55873e-11
-1.59387e-11
1.35225e-11
-8.19249e-12
2.77316e-12
-6.90938e-13
2.22508e-12
-4.04738e-12
1.88347e-12
5.09693e-12
-1.33177e-11
1.7305e-11
-1.43782e-11
6.5036e-12
9.29765e-13
-2.97683e-12
-2.40266e-12
1.35131e-11
-2.65615e-11
3.72608e-11
-4.26121e-11
4.11594e-11
-3.31002e-11
1.96167e-11
-3.21638e-12
-1.24416e-11
2.29472e-11
-2.53978e-11
2.0062e-11
-1.08067e-11
2.52611e-12
1.5534e-12
-1.75948e-12
1.05635e-12
-3.40784e-12
1.12618e-11
-2.40849e-11
3.74872e-11
-4.51446e-11
4.20909e-11
-2.84227e-11
9.39858e-12
7.38896e-12
-1.65771e-11
1.69091e-11
-1.06515e-11
8.85948e-13
9.86581e-12
-2.00645e-11
2.80649e-11
-3.1993e-11
3.00564e-11
-2.22434e-11
1.09294e-11
-3.38405e-13
-6.38189e-12
9.30428e-12
-1.19145e-11
1.77055e-11
-2.70014e-11
3.6111e-11
-4.07635e-11
3.96741e-11
-3.57894e-11
3.31749e-11
-3.36037e-11
3.50371e-11
-3.40292e-11
2.86263e-11
-2.02956e-11
1.26485e-11
-9.18081e-12
1.05788e-11
-1.43688e-11
1.61899e-11
-1.29945e-11
4.87017e-12
4.87922e-12
-1.22845e-11
1.46623e-11
-1.16753e-11
4.52009e-12
4.32372e-12
-1.16987e-11
1.41577e-11
-9.65834e-12
-1.5738e-12
1.67491e-11
-3.1869e-11
4.25554e-11
-4.52837e-11
3.82498e-11
-2.30976e-11
4.94456e-12
9.37417e-12
-1.54363e-11
1.37469e-11
-9.42395e-12
8.04748e-12
-1.18057e-11
1.77655e-11
-2.03627e-11
1.5099e-11
-1.86969e-12
-1.52415e-11
3.03414e-11
-3.95276e-11
4.23094e-11
-4.07509e-11
3.64756e-11
-2.95894e-11
1.96807e-11
-8.4962e-12
9.02362e-15
1.8378e-12
3.41537e-12
-1.25101e-11
2.07122e-11
-2.52518e-11
2.60251e-11
-2.45661e-11
2.18648e-11
-1.79412e-11
1.21145e-11
-4.42852e-12
-3.8912e-12
1.03186e-11
-1.26854e-11
1.06968e-11
-7.11113e-12
6.2399e-12
-1.15214e-11
2.28368e-11
-3.65469e-11
4.71294e-11
-5.0341e-11
4.50753e-11
-3.42058e-11
2.28993e-11
-1.6081e-11
1.51887e-11
-1.74784e-11
1.77589e-11
-1.25458e-11
2.32643e-12
8.92378e-12
-1.71915e-11
2.04682e-11
-1.87738e-11
1.21716e-11
-6.21493e-13
-1.48511e-11
3.03588e-11
-4.02248e-11
3.9694e-11
-2.8332e-11
1.05154e-11
6.41791e-12
-1.63373e-11
1.72107e-11
-1.18936e-11
5.19382e-12
-4.03789e-13
-2.93564e-12
7.29322e-12
-1.42058e-11
2.20317e-11
-2.73347e-11
2.73761e-11
-2.2302e-11
1.44276e-11
-6.74144e-12
1.01922e-12
2.47552e-12
-5.19256e-12
9.32214e-12
-1.67496e-11
2.7104e-11
-3.75162e-11
4.38738e-11
-4.39502e-11
3.87825e-11
-3.20254e-11
2.70044e-11
-2.51077e-11
2.55706e-11
-2.70913e-11
2.84219e-11
-2.85789e-11
2.60935e-11
-1.94861e-11
8.02181e-12
6.54156e-12
-1.96554e-11
2.51065e-11
-1.88259e-11
2.06777e-12
1.78377e-11
-3.16128e-11
3.34009e-11
-2.42835e-11
1.02876e-11
2.10876e-12
-1.00939e-11
1.44082e-11
-1.71692e-11
1.92159e-11
-1.99739e-11
1.81332e-11
-1.30462e-11
4.95252e-12
4.60814e-12
-1.34436e-11
1.93582e-11
-2.1675e-11
2.13108e-11
-2.0045e-11
1.85644e-11
-1.60891e-11
1.09379e-11
-2.36962e-12
-8.87502e-12
2.05616e-11
-3.03035e-11
3.6345e-11
-3.84905e-11
3.75617e-11
-3.47674e-11
3.06365e-11
-2.57108e-11
2.14206e-11
-2.06617e-11
2.55512e-11
-3.48024e-11
4.2565e-11
-4.18378e-11
2.93738e-11
-9.02583e-12
-1.05066e-11
2.08481e-11
-1.90118e-11
7.90699e-12
6.14591e-12
-1.74248e-11
2.27599e-11
-2.21614e-11
1.74943e-11
-1.12112e-11
4.65277e-12
2.02393e-12
-9.28794e-12
1.66426e-11
-2.25471e-11
2.50062e-11
-2.31886e-11
1.76734e-11
-1.02854e-11
2.81402e-12
3.52173e-12
-8.77779e-12
1.36699e-11
-1.88629e-11
2.35658e-11
-2.5822e-11
2.36532e-11
-1.71116e-11
8.12409e-12
1.02662e-12
-9.95698e-12
1.96113e-11
-3.01391e-11
3.87185e-11
-4.11803e-11
3.55242e-11
-2.49653e-11
1.63315e-11
-1.5833e-11
2.45894e-11
-3.8194e-11
4.91477e-11
-5.12389e-11
4.22856e-11
-2.52386e-11
6.27195e-12
8.05433e-12
-1.41457e-11
1.22592e-11
-5.63136e-12
-2.25381e-12
9.17206e-12
-1.46994e-11
1.89336e-11
-2.17147e-11
2.19071e-11
-1.82192e-11
1.00481e-11
1.11718e-12
-1.19805e-11
1.87035e-11
-1.9589e-11
1.59662e-11
-1.11758e-11
7.39763e-12
-4.31031e-12
-1.11779e-14
6.123e-12
-1.24524e-11
1.66989e-11
-1.85932e-11
1.98458e-11
-2.21389e-11
2.44446e-11
-2.35168e-11
1.62428e-11
-2.70703e-12
-1.35132e-11
2.68465e-11
-3.29287e-11
3.06364e-11
-2.31123e-11
1.6122e-11
-1.53957e-11
2.3108e-11
-3.66708e-11
4.97524e-11
-5.60713e-11
5.24796e-11
-4.05056e-11
2.46538e-11
-9.92794e-12
-8.94651e-13
7.68376e-12
-1.20223e-11
1.4609e-11
-1.4164e-11
8.14128e-12
4.02762e-12
-1.9105e-11
3.08589e-11
-3.42913e-11
2.87171e-11
-1.80169e-11
7.1925e-12
4.39385e-13
-4.21777e-12
4.47793e-12
-1.72817e-12
-3.4061e-12
9.16847e-12
-1.33315e-11
1.43074e-11
-1.25451e-11
9.89566e-12
-8.65024e-12
1.01598e-11
-1.47115e-11
2.10094e-11
-2.64384e-11
2.75405e-11
-2.22481e-11
1.14757e-11
5.04885e-13
-8.73656e-12
1.05374e-11
-7.61398e-12
4.75418e-12
-6.99247e-12
1.60349e-11
-2.93067e-11
4.12834e-11
-4.73517e-11
4.6438e-11
-4.13642e-11
3.56095e-11
-3.02655e-11
2.30066e-11
-1.10594e-11
-5.511e-12
2.22934e-11
-3.31349e-11
3.35757e-11
-2.34466e-11
6.29009e-12
1.21093e-11
-2.60313e-11
3.14017e-11
-2.78019e-11
1.86824e-11
-9.94198e-12
6.24029e-12
-8.76465e-12
1.52151e-11
-2.26359e-11
2.92139e-11
-3.44947e-11
3.76017e-11
-3.69788e-11
3.13797e-11
-2.19488e-11
1.20166e-11
-5.4208e-12
3.79441e-12
-6.09455e-12
9.56834e-12
-1.21416e-11
1.336e-11
-1.44016e-11
1.63154e-11
-1.88543e-11
1.98519e-11
-1.68761e-11
9.05645e-12
1.46508e-12
-1.09042e-11
1.60832e-11
-1.6744e-11
1.51595e-11
-1.45731e-11
1.67002e-11
-2.08033e-11
2.35297e-11
-2.07224e-11
9.63148e-12
8.28734e-12
-2.71064e-11
3.87842e-11
-3.83378e-11
2.70905e-11
-1.20939e-11
8.84252e-13
3.16418e-12
-2.19798e-12
5.21242e-13
-1.12915e-12
4.1332e-12
-8.48354e-12
1.34793e-11
-1.9518e-11
2.70371e-11
-3.60632e-11
4.56028e-11
-5.38303e-11
5.78089e-11
-5.4597e-11
4.26916e-11
-2.39982e-11
3.45776e-12
1.28572e-11
-2.09693e-11
2.02072e-11
-1.28738e-11
2.17699e-12
8.77969e-12
-1.76571e-11
2.25236e-11
-2.2414e-11
1.75973e-11
-1.02982e-11
4.01671e-12
-2.40824e-12
6.93003e-12
-1.58182e-11
2.45083e-11
-2.8733e-11
2.71358e-11
-2.22498e-11
1.79642e-11
-1.66439e-11
1.73975e-11
-1.77332e-11
1.58004e-11
-1.21244e-11
8.73319e-12
-7.92825e-12
1.07387e-11
-1.66248e-11
2.30106e-11
-2.62663e-11
2.34015e-11
-1.48727e-11
4.91809e-12
8.57461e-13
-2.77633e-13
-3.40908e-12
3.56742e-12
4.20387e-12
-1.85957e-11
3.30718e-11
-4.0571e-11
3.74813e-11
-2.52709e-11
8.54909e-12
7.27054e-12
-1.83362e-11
2.30983e-11
-2.27236e-11
1.98082e-11
-1.68678e-11
1.45187e-11
-1.18977e-11
8.00764e-12
-3.58168e-12
5.82556e-13
-6.50955e-13
2.94338e-12
-4.30032e-12
7.35404e-13
9.76084e-12
-2.60142e-11
4.37148e-11
-5.76678e-11
6.38066e-11
-6.09092e-11
5.01609e-11
-3.43039e-11
1.6275e-11
7.10054e-13
-1.33497e-11
1.85701e-11
-1.54319e-11
6.08233e-12
4.60039e-12
-1.19067e-11
1.35654e-11
-1.06696e-11
5.94727e-12
-2.24082e-12
1.27276e-12
-3.82187e-12
9.33461e-12
-1.627e-11
2.2586e-11
-2.74694e-11
3.16387e-11
-3.63285e-11
4.06817e-11
-4.14316e-11
3.50779e-11
-2.19498e-11
7.1546e-12
2.11674e-12
-1.87151e-12
-6.29054e-12
1.64649e-11
-2.28941e-11
2.29532e-11
-1.8076e-11
1.19208e-11
-8.4741e-12
9.76237e-12
-1.49051e-11
1.99644e-11
-2.03803e-11
1.39047e-11
-2.92343e-12
-7.08931e-12
1.1155e-11
-8.56925e-12
2.74437e-12
1.61791e-12
-2.47872e-12
1.37417e-12
-1.92699e-12
6.47444e-12
-1.44128e-11
2.22153e-11
-2.59603e-11
2.36362e-11
-1.68355e-11
9.6868e-12
-6.68116e-12
9.68216e-12
-1.70454e-11
2.4256e-11
-2.66039e-11
2.11909e-11
-8.382e-12
-8.83676e-12
2.59528e-11
-3.90487e-11
4.59013e-11
-4.65725e-11
4.21267e-11
-3.36525e-11
2.16775e-11
-7.50752e-12
-6.11747e-12
1.54099e-11
-1.80848e-11
1.48096e-11
-9.00203e-12
4.14972e-12
-2.11857e-12
2.80482e-12
-5.72596e-12
1.03649e-11
-1.57233e-11
1.91284e-11
-1.72357e-11
7.82507e-12
8.27964e-12
-2.78322e-11
4.64341e-11
-6.0104e-11
6.54638e-11
-6.07548e-11
4.69075e-11
-2.8607e-11
1.23592e-11
-3.13067e-12
1.13794e-12
-2.72478e-12
3.66727e-12
-2.80854e-12
1.83221e-12
-2.8166e-12
5.39138e-12
-7.1623e-12
5.67323e-12
-8.14764e-13
-5.15623e-12
8.4614e-12
-5.7315e-12
-4.72754e-12
2.12825e-11
-3.8973e-11
5.0971e-11
-5.25131e-11
4.38012e-11
-3.04143e-11
1.9446e-11
-1.51431e-11
1.63654e-11
-1.86332e-11
1.77843e-11
-1.32532e-11
7.75614e-12
-5.16614e-12
7.36771e-12
-1.31805e-11
1.87882e-11
-2.04045e-11
1.65264e-11
-9.38747e-12
3.4547e-12
-2.83569e-12
8.23079e-12
-1.65766e-11
2.26661e-11
-2.27568e-11
1.67422e-11
-8.51465e-12
3.24304e-12
-4.34531e-12
1.10053e-11
-1.89219e-11
2.2889e-11
-2.05993e-11
1.39275e-11
-7.70979e-12
5.97141e-12
-9.58417e-12
1.59963e-11
-2.17909e-11
2.47035e-11
-2.46909e-11
2.28335e-11
-2.04414e-11
1.79693e-11
-1.50661e-11
1.04179e-11
-2.85873e-12
-7.5008e-12
1.7887e-11
-2.39432e-11
2.21844e-11
-1.30608e-11
8.13371e-13
9.05499e-12
-1.3552e-11
1.30883e-11
-1.02274e-11
7.12713e-12
-5.0896e-12
4.94722e-12
-7.8237e-12
1.40291e-11
-2.2325e-11
2.98773e-11
-3.41489e-11
3.38342e-11
-2.88939e-11
1.92562e-11
-5.15065e-12
-1.19396e-11
2.82217e-11
-3.92652e-11
4.23508e-11
-3.82283e-11
2.96689e-11
-1.94525e-11
9.02357e-12
2.70726e-13
-6.43707e-12
7.29234e-12
-2.93395e-12
-3.47436e-12
6.96736e-12
-4.18873e-12
-4.9765e-12
1.76041e-11
-2.98753e-11
3.80977e-11
-3.95006e-11
3.24943e-11
-1.79717e-11
-6.9618e-13
1.87898e-11
-3.30107e-11
4.24779e-11
-4.7972e-11
4.94555e-11
-4.56838e-11
3.56491e-11
-2.12751e-11
7.35859e-12
6.92603e-13
-5.08077e-13
-6.11684e-12
1.41425e-11
-1.82269e-11
1.47753e-11
-3.58118e-12
-1.22831e-11
2.71973e-11
-3.56227e-11
3.45376e-11
-2.51868e-11
1.1608e-11
2.10355e-12
-1.45481e-11
2.64909e-11
-3.87167e-11
4.95273e-11
-5.52923e-11
5.26631e-11
-4.16138e-11
2.59514e-11
-1.19663e-11
5.02755e-12
-7.12194e-12
1.55061e-11
-2.42642e-11
2.70267e-11
-2.06582e-11
6.76964e-12
8.95067e-12
-2.03628e-11
2.40408e-11
-2.08941e-11
1.42962e-11
-7.38673e-12
6.25226e-13
7.66875e-12
-1.93714e-11
3.37593e-11
-4.70852e-11
5.40273e-11
-5.12409e-11
3.96091e-11
-2.45976e-11
1.31967e-11
-1.02875e-11
1.56495e-11
-2.45472e-11
3.0402e-11
-2.886e-11
1.97604e-11
-7.09595e-12
-3.85072e-12
9.34474e-12
-9.37509e-12
6.77406e-12
-4.90224e-12
4.51447e-12
-3.25235e-12
-2.65877e-12
1.46704e-11
-3.01114e-11
4.29478e-11
-4.7735e-11
4.28567e-11
-3.17766e-11
2.05926e-11
-1.47952e-11
1.62044e-11
-2.26388e-11
2.90925e-11
-3.08298e-11
2.58211e-11
-1.62484e-11
6.85506e-12
-1.96572e-12
2.17944e-12
-4.41054e-12
4.4391e-12
-9.35697e-13
-3.44775e-12
3.88233e-12
2.50943e-12
-1.45808e-11
2.75621e-11
-3.62696e-11
3.76516e-11
-3.23722e-11
2.39799e-11
-1.74094e-11
1.6198e-11
-2.06493e-11
2.71119e-11
-3.04597e-11
2.74633e-11
-1.95499e-11
1.14913e-11
-7.86994e-12
9.27671e-12
-1.24394e-11
1.30009e-11
-9.34615e-12
3.37366e-12
9.19947e-13
-4.38562e-13
-5.60992e-12
1.51889e-11
-2.46119e-11
2.98328e-11
-2.88368e-11
2.29348e-11
-1.67059e-11
1.48329e-11
-1.88342e-11
2.54539e-11
-2.94045e-11
2.73376e-11
-2.06147e-11
1.3626e-11
-1.04024e-11
1.1583e-11
-1.48847e-11
1.6969e-11
-1.5858e-11
1.14863e-11
-5.85154e-12
1.9539e-12
-2.70561e-12
8.71164e-12
-1.74115e-11
2.39029e-11
-2.45885e-11
1.98778e-11
-1.43294e-11
1.27843e-11
-1.67501e-11
2.31958e-11
-2.75391e-11
2.69507e-11
-2.22174e-11
1.62517e-11
-1.21618e-11
1.14373e-11
-1.38754e-11
1.74616e-11
-1.93696e-11
1.72018e-11
-1.12591e-11
4.85254e-12
-2.584e-12
6.45748e-12
-1.41746e-11
2.04813e-11
-2.15792e-11
1.77616e-11
-1.30428e-11
1.14458e-11
-1.43487e-11
1.9842e-11
-2.48511e-11
2.6794e-11
-2.48509e-11
1.98417e-11
-1.43483e-11
1.14454e-11
-1.30424e-11
1.77612e-11
-2.15787e-11
2.04809e-11
-1.41741e-11
6.45699e-12
-2.58357e-12
4.8522e-12
-1.12588e-11
1.72015e-11
-1.93693e-11
1.74613e-11
-1.3875e-11
1.1437e-11
-1.21615e-11
1.62516e-11
-2.22174e-11
2.69509e-11
-2.75393e-11
2.3196e-11
-1.67504e-11
1.27846e-11
-1.43299e-11
1.98783e-11
-2.45891e-11
2.39035e-11
-1.7412e-11
8.71193e-12
-2.70576e-12
1.95399e-12
-5.85166e-12
1.14864e-11
-1.58583e-11
1.69693e-11
-1.48849e-11
1.15831e-11
-1.04024e-11
1.36259e-11
-2.06147e-11
2.73376e-11
-2.94045e-11
2.54538e-11
-1.8834e-11
1.48325e-11
-1.67054e-11
2.29343e-11
-2.88364e-11
2.98325e-11
-2.46118e-11
1.51889e-11
-5.60992e-12
-4.38632e-13
9.20105e-13
3.37347e-12
-9.34602e-12
1.30009e-11
-1.24395e-11
9.27691e-12
-7.8701e-12
1.14913e-11
-1.95499e-11
2.74631e-11
-3.04596e-11
2.71119e-11
-2.06494e-11
1.61982e-11
-1.74097e-11
2.398e-11
-3.23722e-11
3.76515e-11
-3.62695e-11
2.75621e-11
-1.45808e-11
2.50962e-12
3.88214e-12
-3.44768e-12
-9.35598e-13
4.43887e-12
-4.41027e-12
2.17925e-12
-1.96569e-12
6.85519e-12
-1.62486e-11
2.58214e-11
-3.083e-11
2.90926e-11
-2.2639e-11
1.62045e-11
-1.47954e-11
2.0593e-11
-3.17771e-11
4.28571e-11
-4.77351e-11
4.29477e-11
-3.01112e-11
1.46702e-11
-2.65866e-12
-3.25232e-12
4.51434e-12
-4.90208e-12
6.77396e-12
-9.37513e-12
9.34493e-12
-3.85103e-12
-7.09563e-12
1.97601e-11
-2.88598e-11
3.04017e-11
-2.45468e-11
1.56489e-11
-1.02869e-11
1.31961e-11
-2.45972e-11
3.96088e-11
-5.12409e-11
5.40274e-11
-4.70854e-11
3.37595e-11
-1.93715e-11
7.66879e-12
6.25209e-13
-7.38665e-12
1.4296e-11
-2.08939e-11
2.40406e-11
-2.03626e-11
8.95058e-12
6.76977e-12
-2.06584e-11
2.70271e-11
-2.42647e-11
1.55067e-11
-7.12252e-12
5.02804e-12
-1.19666e-11
2.59516e-11
-4.16138e-11
5.2663e-11
-5.52922e-11
4.95271e-11
-3.87165e-11
2.64907e-11
-1.45478e-11
2.10335e-12
1.16081e-11
-2.51869e-11
3.45376e-11
-3.56227e-11
2.71974e-11
-1.22831e-11
-3.58105e-12
1.47751e-11
-1.82266e-11
1.41422e-11
-6.11657e-12
-5.08283e-13
6.92757e-13
7.35847e-12
-2.1275e-11
3.56491e-11
-4.56839e-11
4.94556e-11
-4.79722e-11
4.24781e-11
-3.30108e-11
1.879e-11
-6.96328e-13
-1.79716e-11
3.24943e-11
-3.95006e-11
3.80977e-11
-2.98754e-11
1.76042e-11
-4.97655e-12
-4.18866e-12
6.96733e-12
-3.4744e-12
-2.93382e-12
7.29214e-12
-6.43686e-12
2.70552e-13
9.02369e-12
-1.94526e-11
2.96689e-11
-3.82282e-11
4.23506e-11
-3.9265e-11
2.82214e-11
-1.19393e-11
-5.15084e-12
1.92563e-11
-2.88939e-11
3.38341e-11
-3.41487e-11
2.9877e-11
-2.23248e-11
1.4029e-11
-7.82371e-12
4.94733e-12
-5.08977e-12
7.12732e-12
-1.02275e-11
1.30884e-11
-1.35521e-11
9.055e-12
8.13473e-13
-1.3061e-11
2.21846e-11
-2.39435e-11
1.78873e-11
-7.50107e-12
-2.85854e-12
1.04178e-11
-1.50661e-11
1.79694e-11
-2.04415e-11
2.28335e-11
-2.46909e-11
2.47034e-11
-2.17909e-11
1.59963e-11
-9.58416e-12
5.9714e-12
-7.70978e-12
1.39275e-11
-2.05994e-11
2.28891e-11
-1.8922e-11
1.10055e-11
-4.3455e-12
3.24322e-12
-8.51477e-12
1.67423e-11
-2.27568e-11
2.26661e-11
-1.65766e-11
8.23093e-12
-2.83588e-12
3.45488e-12
-9.38758e-12
1.65265e-11
-2.04044e-11
1.87881e-11
-1.31803e-11
7.36749e-12
-5.16588e-12
7.75588e-12
-1.3253e-11
1.77842e-11
-1.86331e-11
1.63654e-11
-1.51432e-11
1.94462e-11
-3.04146e-11
4.38015e-11
-5.25133e-11
5.09711e-11
-3.8973e-11
2.12824e-11
-4.72738e-12
-5.73169e-12
8.46159e-12
-5.15635e-12
-8.14784e-13
5.67342e-12
-7.16262e-12
5.39175e-12
-2.81693e-12
1.83248e-12
-2.80872e-12
3.66736e-12
-2.72473e-12
1.13771e-12
-3.13024e-12
1.23586e-11
-2.86064e-11
4.69069e-11
-6.07544e-11
6.54634e-11
-6.01038e-11
4.6434e-11
-2.78323e-11
8.27982e-12
7.82489e-12
-1.72356e-11
1.91284e-11
-1.57233e-11
1.03651e-11
-5.72618e-12
2.8051e-12
-2.11883e-12
4.14985e-12
-9.00195e-12
1.48093e-11
-1.80843e-11
1.54093e-11
-6.11692e-12
-7.50805e-12
2.1678e-11
-3.3653e-11
4.21271e-11
-4.65729e-11
4.59015e-11
-3.90488e-11
2.59527e-11
-8.83656e-12
-8.38224e-12
2.11911e-11
-2.66039e-11
2.4256e-11
-1.70453e-11
9.68214e-12
-6.68126e-12
9.68698e-12
-1.68356e-11
2.36363e-11
-2.59604e-11
2.22154e-11
-1.44129e-11
6.47463e-12
-1.92727e-12
1.37457e-12
-2.47918e-12
1.61836e-12
2.74404e-12
-8.56908e-12
1.1155e-11
-7.08935e-12
-2.92336e-12
1.39046e-11
-2.03802e-11
1.99642e-11
-1.49048e-11
9.76217e-12
-8.474e-12
1.19207e-11
-1.80761e-11
2.29533e-11
-2.28943e-11
1.64651e-11
-6.29068e-12
-1.87151e-12
2.11691e-12
7.15428e-12
-2.19494e-11
3.50776e-11
-4.14313e-11
4.06815e-11
-3.63285e-11
3.16388e-11
-2.74696e-11
2.25863e-11
-1.62703e-11
9.33488e-12
-3.8221e-12
1.27293e-12
-2.2409e-12
5.94725e-12
-1.06695e-11
1.35653e-11
-1.19066e-11
4.60045e-12
6.08212e-12
-1.54316e-11
1.85697e-11
-1.33494e-11
7.09846e-13
1.62751e-11
-3.43039e-11
5.01607e-11
-6.0909e-11
6.38063e-11
-5.76674e-11
4.37144e-11
-2.60139e-11
9.76072e-12
7.3535e-13
-4.30014e-12
2.94316e-12
-6.50787e-13
5.82501e-13
-3.58176e-12
8.00785e-12
-1.1898e-11
1.4519e-11
-1.6868e-11
1.98082e-11
-2.27235e-11
2.30981e-11
-1.83359e-11
7.27017e-12
8.5495e-12
-2.52713e-11
3.74816e-11
-4.05711e-11
3.30716e-11
-1.85954e-11
4.20345e-12
3.56786e-12
-3.40948e-12
-2.77279e-13
8.57148e-13
4.91837e-12
-1.4873e-11
2.34017e-11
-2.62664e-11
2.30108e-11
-1.66251e-11
1.07391e-11
-7.92879e-12
8.73378e-12
-1.21249e-11
1.58008e-11
-1.77334e-11
1.73975e-11
-1.66438e-11
1.79639e-11
-2.22495e-11
2.71354e-11
-2.87326e-11
2.45079e-11
-1.58178e-11
6.92964e-12
-2.40791e-12
4.01647e-12
-1.0298e-11
1.75971e-11
-2.24137e-11
2.25232e-11
-1.76566e-11
8.77918e-12
2.17746e-12
-1.28742e-11
2.02075e-11
-2.09696e-11
1.28574e-11
3.45761e-12
-2.39982e-11
4.26916e-11
-5.4597e-11
5.7809e-11
-5.38303e-11
4.56029e-11
-3.60633e-11
2.70372e-11
-1.95181e-11
1.34794e-11
-8.48366e-12
4.13333e-12
-1.1293e-12
5.21415e-13
-2.19817e-12
3.16441e-12
8.84033e-13
-1.20937e-11
2.70905e-11
-3.83378e-11
3.87843e-11
-2.71065e-11
8.28736e-12
9.63154e-12
-2.07225e-11
2.35297e-11
-2.08032e-11
1.67e-11
-1.45729e-11
1.51593e-11
-1.6744e-11
1.60833e-11
-1.09043e-11
1.46508e-12
9.05648e-12
-1.68761e-11
1.98518e-11
-1.88542e-11
1.63152e-11
-1.44013e-11
1.33596e-11
-1.21411e-11
9.56793e-12
-6.09417e-12
3.79407e-12
-5.42049e-12
1.20163e-11
-2.19486e-11
3.13796e-11
-3.69787e-11
3.76017e-11
-3.44947e-11
2.9214e-11
-2.26361e-11
1.52154e-11
-8.76504e-12
6.24075e-12
-9.94244e-12
1.86829e-11
-2.78023e-11
3.14021e-11
-2.60317e-11
1.21096e-11
6.28986e-12
-2.34465e-11
3.35757e-11
-3.3135e-11
2.22935e-11
-5.51122e-12
-1.10592e-11
2.30065e-11
-3.02655e-11
3.56093e-11
-4.1364e-11
4.64377e-11
-4.73513e-11
4.12829e-11
-2.93061e-11
1.60343e-11
-6.99182e-12
4.75359e-12
-7.61352e-12
1.05371e-11
-8.7365e-12
5.05024e-13
1.14755e-11
-2.22478e-11
2.75403e-11
-2.64382e-11
2.10093e-11
-1.47114e-11
1.01596e-11
-8.65001e-12
9.89541e-12
-1.25448e-11
1.43073e-11
-1.33314e-11
9.1685e-12
-3.40618e-12
-1.72808e-12
4.4779e-12
-4.21778e-12
4.39421e-13
7.19246e-12
-1.80169e-11
2.8717e-11
-3.42912e-11
3.08588e-11
-1.91048e-11
4.02757e-12
8.14123e-12
-1.41639e-11
1.46087e-11
-1.2022e-11
7.68356e-12
-8.94546e-13
-9.92789e-12
2.46536e-11
-4.05052e-11
5.2479e-11
-5.60706e-11
4.97518e-11
-3.66702e-11
2.31077e-11
-1.53954e-11
1.61218e-11
-2.31121e-11
3.06361e-11
-3.29283e-11
2.6846e-11
-1.35128e-11
-2.70738e-12
1.62429e-11
-2.35167e-11
2.44444e-11
-2.21386e-11
1.98456e-11
-1.8593e-11
1.66988e-11
-1.24524e-11
6.12305e-12
-1.12112e-14
-4.3103e-12
7.39767e-12
-1.11759e-11
1.59664e-11
-1.95892e-11
1.87038e-11
-1.19808e-11
1.1176e-12
1.00477e-11
-1.82189e-11
2.19069e-11
-2.17147e-11
1.89337e-11
-1.46996e-11
9.17223e-12
-2.25385e-12
-5.63147e-12
1.22594e-11
-1.4146e-11
8.05455e-12
6.27179e-12
-2.52385e-11
4.22854e-11
-5.12387e-11
4.91475e-11
-3.81938e-11
2.45891e-11
-1.58326e-11
1.63311e-11
-2.49648e-11
3.55238e-11
-4.118e-11
3.87185e-11
-3.01392e-11
1.96114e-11
-9.9571e-12
1.02664e-12
8.1242e-12
-1.71117e-11
2.36534e-11
-2.58222e-11
2.35659e-11
-1.88629e-11
1.367e-11
-8.77789e-12
3.52187e-12
2.8139e-12
-1.02854e-11
1.76735e-11
-2.31887e-11
2.50064e-11
-2.25474e-11
1.66427e-11
-9.28788e-12
2.02379e-12
4.65289e-12
-1.12112e-11
1.74942e-11
-2.21612e-11
2.27598e-11
-1.74247e-11
6.14582e-12
7.90708e-12
-1.90119e-11
2.08482e-11
-1.05067e-11
-9.02574e-12
2.93737e-11
-4.18377e-11
4.2565e-11
-3.48023e-11
2.55511e-11
-2.06618e-11
2.14207e-11
-2.57109e-11
3.06366e-11
-3.47673e-11
3.75616e-11
-3.84903e-11
3.63448e-11
-3.03035e-11
2.05617e-11
-8.87523e-12
-2.36938e-12
1.09378e-11
-1.60892e-11
1.85646e-11
-2.00453e-11
2.13111e-11
-2.16753e-11
1.93584e-11
-1.34437e-11
4.60826e-12
4.95235e-12
-1.3046e-11
1.8133e-11
-1.99737e-11
1.92159e-11
-1.71693e-11
1.44083e-11
-1.0094e-11
2.10894e-12
1.02873e-11
-2.42831e-11
3.34006e-11
-3.16125e-11
1.78376e-11
2.06784e-12
-1.88259e-11
2.51064e-11
-1.96554e-11
6.54142e-12
8.02201e-12
-1.94864e-11
2.60938e-11
-2.85791e-11
2.8422e-11
-2.70914e-11
2.55707e-11
-2.51078e-11
2.70046e-11
-3.20256e-11
3.87827e-11
-4.39504e-11
4.38739e-11
-3.75162e-11
2.7104e-11
-1.67495e-11
9.322e-12
-5.19237e-12
2.47532e-12
1.01939e-12
-6.74154e-12
1.44276e-11
-2.23019e-11
2.73761e-11
-2.73346e-11
2.20316e-11
-1.42057e-11
7.29304e-12
-2.93539e-12
-4.04093e-13
5.19415e-12
-1.18939e-11
1.7211e-11
-1.63376e-11
6.41819e-12
1.05151e-11
-2.83318e-11
3.96938e-11
-4.02246e-11
3.03587e-11
-1.48509e-11
-6.21606e-13
1.21717e-11
-1.87739e-11
2.04682e-11
-1.71914e-11
8.92365e-12
2.32661e-12
-1.25459e-11
1.77589e-11
-1.74784e-11
1.51885e-11
-1.60808e-11
2.28991e-11
-3.42056e-11
4.50751e-11
-5.03408e-11
4.71292e-11
-3.65467e-11
2.28366e-11
-1.15213e-11
6.23989e-12
-7.11116e-12
1.06969e-11
-1.26855e-11
1.03188e-11
-3.89145e-12
-4.42817e-12
1.21141e-11
-1.79408e-11
2.18645e-11
-2.45658e-11
2.6025e-11
-2.52519e-11
2.07123e-11
-1.25102e-11
3.41549e-12
1.83782e-12
8.85003e-15
-8.49587e-12
1.96802e-11
-2.9589e-11
3.64751e-11
-4.07505e-11
4.23091e-11
-3.95274e-11
3.03413e-11
-1.52413e-11
-1.86998e-12
1.50994e-11
-2.03633e-11
1.7766e-11
-1.18062e-11
8.04783e-12
-9.42414e-12
1.3747e-11
-1.54363e-11
9.37413e-12
4.94454e-12
-2.30974e-11
3.82495e-11
-4.52834e-11
4.2555e-11
-3.18687e-11
1.6749e-11
-1.57373e-12
-9.65838e-12
1.41578e-11
-1.16988e-11
4.32393e-12
4.51987e-12
-1.16751e-11
1.46622e-11
-1.22844e-11
4.87917e-12
4.8702e-12
-1.29945e-11
1.61899e-11
-1.43689e-11
1.05789e-11
-9.18091e-12
1.26486e-11
-2.02957e-11
2.86264e-11
-3.40293e-11
3.50372e-11
-3.36038e-11
3.31749e-11
-3.57894e-11
3.96741e-11
-4.07634e-11
3.61108e-11
-2.70011e-11
1.77051e-11
-1.1914e-11
9.30391e-12
-6.38165e-12
-3.38465e-13
1.09294e-11
-2.22433e-11
3.00563e-11
-3.19929e-11
2.80648e-11
-2.00643e-11
9.86565e-12
8.86114e-13
-1.06516e-11
1.69091e-11
-1.65769e-11
7.38874e-12
9.39886e-12
-2.8423e-11
4.20913e-11
-4.51449e-11
3.74875e-11
-2.40851e-11
1.1262e-11
-3.40785e-12
1.05631e-12
-1.75943e-12
1.55341e-12
2.52601e-12
-1.08065e-11
2.00617e-11
-2.53975e-11
2.2947e-11
-1.24415e-11
-3.21637e-12
1.96167e-11
-3.31001e-11
4.11595e-11
-4.26122e-11
3.72609e-11
-2.65617e-11
1.35132e-11
-2.40275e-12
-2.9768e-12
9.2982e-13
6.50348e-12
-1.4378e-11
1.73049e-11
-1.33178e-11
5.09708e-12
1.88323e-12
-4.04713e-12
2.22494e-12
-6.90947e-13
2.77331e-12
-8.19274e-12
1.35228e-11
-1.5939e-11
1.55876e-11
-1.55246e-11
1.86612e-11
-2.54993e-11
3.34107e-11
-3.88476e-11
3.97264e-11
-3.7176e-11
3.41962e-11
-3.32343e-11
3.3832e-11
-3.35372e-11
3.01953e-11
-2.41164e-11
1.69589e-11
-9.70271e-12
1.30452e-12
9.4576e-12
-2.18801e-11
3.2316e-11
-3.62712e-11
3.0926e-11
-1.73923e-11
4.39175e-13
1.30649e-11
-1.75341e-11
1.11897e-11
2.76695e-12
-1.83385e-11
2.98307e-11
-3.4795e-11
3.40934e-11
-3.07245e-11
2.7553e-11
-2.6213e-11
2.62404e-11
-2.57395e-11
2.22503e-11
-1.44854e-11
2.75207e-12
1.10555e-11
-2.44631e-11
3.43392e-11
-3.72651e-11
3.026e-11
-1.33545e-11
-8.98426e-12
2.86206e-11
-3.81529e-11
3.4988e-11
-2.29748e-11
9.35793e-12
-4.42252e-13
-2.00149e-12
4.42062e-13
8.58239e-13
4.91227e-13
-3.77126e-12
6.12056e-12
-5.70181e-12
3.09214e-12
-4.72797e-13
-1.33607e-12
3.63651e-12
-8.20287e-12
1.40446e-11
-1.72668e-11
1.36957e-11
-2.83027e-12
-1.15607e-11
2.36982e-11
-2.98738e-11
3.01934e-11
-2.80313e-11
2.68831e-11
-2.80146e-11
2.96305e-11
-2.923e-11
2.61338e-11
-2.27017e-11
2.1903e-11
-2.44361e-11
2.73566e-11
-2.66085e-11
2.00955e-11
-9.47081e-12
-1.55742e-12
9.4986e-12
-1.30333e-11
1.2705e-11
-1.02989e-11
7.5483e-12
-5.84581e-12
5.81831e-12
-7.90193e-12
1.22352e-11
-1.86739e-11
2.58954e-11
-3.17591e-11
3.42276e-11
-3.33259e-11
3.13054e-11
-3.15137e-11
3.56829e-11
-4.26636e-11
4.83848e-11
-4.80306e-11
3.82386e-11
-1.95199e-11
-3.46001e-12
2.33089e-11
-3.38125e-11
3.29063e-11
-2.35945e-11
1.12481e-11
-6.77208e-13
-5.79934e-12
7.58944e-12
-5.10557e-12
-8.19255e-13
8.32111e-12
-1.49892e-11
1.86324e-11
-1.8991e-11
1.81207e-11
-1.98741e-11
2.71068e-11
-3.9046e-11
4.99576e-11
-5.21374e-11
4.08283e-11
-1.83571e-11
-7.13325e-12
2.64743e-11
-3.48638e-11
3.29159e-11
-2.45986e-11
1.36975e-11
-2.63781e-12
-7.31079e-12
1.46403e-11
-1.7739e-11
1.56707e-11
-9.88728e-12
3.95165e-12
-1.62204e-12
3.35709e-12
-5.47774e-12
2.55394e-12
7.50978e-12
-2.1164e-11
3.10334e-11
-3.13988e-11
2.17318e-11
-6.68614e-12
-7.77152e-12
1.76206e-11
-2.22414e-11
2.2768e-11
-2.0318e-11
1.47375e-11
-5.79211e-12
-5.45474e-12
1.57724e-11
-2.17292e-11
2.20857e-11
-1.92556e-11
1.71376e-11
-1.80532e-11
2.06587e-11
-2.16981e-11
1.88499e-11
-1.29579e-11
6.91322e-12
-3.54232e-12
3.45281e-12
-5.33105e-12
7.06908e-12
-7.70657e-12
7.74657e-12
-8.62788e-12
1.07308e-11
-1.26543e-11
1.16886e-11
-6.28185e-12
-2.68065e-12
1.20764e-11
-1.89882e-11
2.21801e-11
-2.2536e-11
2.1661e-11
-2.11534e-11
2.18647e-11
-2.41274e-11
2.74706e-11
-3.11702e-11
3.42769e-11
-3.59663e-11
3.49917e-11
-3.02327e-11
2.14979e-11
-1.09005e-11
2.06952e-12
1.71822e-12
-6.77625e-14
-4.43811e-12
7.56524e-12
-6.14902e-12
-4.61413e-13
9.75389e-12
-1.76597e-11
2.07263e-11
-1.86692e-11
1.42934e-11
-1.16971e-11
1.33289e-11
-1.93747e-11
2.84588e-11
-3.91278e-11
4.94544e-11
-5.66762e-11
5.72756e-11
-4.91643e-11
3.33413e-11
-1.45565e-11
-8.38787e-13
7.79664e-12
-5.77546e-12
-9.48842e-13
5.58946e-12
-3.68645e-12
-4.10758e-12
1.26546e-11
-1.68093e-11
1.48416e-11
-9.14074e-12
3.45488e-12
-7.36631e-13
2.26022e-12
-8.70424e-12
2.0243e-11
-3.61122e-11
5.31513e-11
-6.60128e-11
6.87322e-11
-5.84374e-11
3.7814e-11
-1.49634e-11
-1.26317e-12
6.48174e-12
-3.46526e-12
-9.39455e-13
1.00288e-12
3.92476e-12
-1.04123e-11
1.41723e-11
-1.33677e-11
8.74219e-12
-2.43245e-12
-3.84193e-12
8.63198e-12
-1.01706e-11
5.59678e-12
7.39398e-12
-2.80933e-11
5.06905e-11
-6.63341e-11
6.78908e-11
-5.50501e-11
3.44597e-11
-1.55142e-11
4.13845e-12
-3.35083e-13
-2.48916e-13
1.80832e-12
-5.7275e-12
1.03125e-11
-1.32597e-11
1.33628e-11
-1.1084e-11
6.94896e-12
-7.79987e-13
-7.87503e-12
1.72878e-11
-2.27951e-11
1.86095e-11
-2.53876e-12
-2.13361e-11
4.38593e-11
-5.64132e-11
5.56562e-11
-4.49268e-11
3.07797e-11
-1.87843e-11
1.06192e-11
-4.96123e-12
-2.9267e-13
5.58247e-12
-9.91989e-12
1.22124e-11
-1.29225e-11
1.31229e-11
-1.27839e-11
9.55876e-12
-1.01321e-12
-1.2331e-11
2.52851e-11
-3.07886e-11
2.42931e-11
-7.25064e-12
-1.39295e-11
3.1434e-11
-4.049e-11
4.08355e-11
-3.57356e-11
2.86717e-11
-2.13791e-11
1.36271e-11
-5.39052e-12
-2.15454e-12
7.16824e-12
-9.46414e-12
1.07951e-11
-1.32584e-11
1.63935e-11
-1.70483e-11
1.15327e-11
7.42794e-13
-1.61813e-11
2.8332e-11
-3.17485e-11
2.4804e-11
-1.07087e-11
-4.97724e-12
1.74951e-11
-2.53042e-11
2.90775e-11
-2.97579e-11
2.70572e-11
-2.07706e-11
1.20761e-11
-3.80043e-12
-1.83102e-12
4.71514e-12
-7.01555e-12
1.08e-11
-1.61728e-11
2.03689e-11
-1.959e-11
1.14809e-11
2.37772e-12
-1.7038e-11
2.67492e-11
-2.86501e-11
2.3592e-11
-1.4686e-11
4.42244e-12
5.90293e-12
-1.54814e-11
2.26255e-11
-2.54997e-11
2.32458e-11
-1.72008e-11
1.00454e-11
-4.46881e-12
1.18681e-12
1.24789e-12
-5.42493e-12
1.22614e-11
-1.96868e-11
2.33617e-11
-2.01372e-11
1.02689e-11
2.58604e-12
-1.42558e-11
2.20351e-11
-2.53293e-11
2.42964e-11
-1.93155e-11
1.0774e-11
1.27434e-14
-1.07904e-11
1.85486e-11
-2.1204e-11
1.87862e-11
-1.39698e-11
9.93293e-12
-8.01129e-12
6.39117e-12
-2.25496e-12
-5.53808e-12
1.48268e-11
-2.18697e-11
2.35989e-11
-1.94872e-11
1.16413e-11
-4.51555e-12
1.05087e-12
-1.80884e-14
7.32024e-14
2.55011e-14
4.08634e-15
0
