0
2.5302e-16
3.58887e-15
2.38806e-14
5.08894e-14
5.93728e-14
1.24251e-12
-7.32807e-12
2.05221e-11
-3.34516e-11
3.70397e-11
-3.1042e-11
2.03517e-11
-1.00183e-11
2.38419e-12
2.70976e-12
-6.67889e-12
1.02908e-11
-1.34112e-11
1.5142e-11
-1.50243e-11
1.345e-11
-1.20017e-11
1.21444e-11
-1.39084e-11
1.46487e-11
-1.04753e-11
-1.06611e-12
1.79309e-11
-3.38614e-11
4.13418e-11
-3.63598e-11
2.05529e-11
-3.29412e-13
-1.71846e-11
2.73836e-11
-2.97637e-11
2.65163e-11
-2.07662e-11
1.46155e-11
-8.86619e-12
3.14113e-12
2.74618e-12
-8.17584e-12
1.14858e-11
-1.15879e-11
9.18609e-12
-7.22923e-12
8.66128e-12
-1.39553e-11
1.95725e-11
-2.00645e-11
1.15892e-11
4.73819e-12
-2.32577e-11
3.65976e-11
-3.98749e-11
3.25265e-11
-1.81496e-11
1.95873e-12
1.13961e-11
-1.97443e-11
2.32679e-11
-2.37021e-11
2.2387e-11
-1.95791e-11
1.45596e-11
-7.43317e-12
-6.92583e-14
4.88626e-12
-5.14498e-12
1.84e-12
1.08438e-12
2.65594e-13
-6.88337e-12
1.54542e-11
-2.05375e-11
1.76938e-11
-6.4284e-12
-9.81617e-12
2.52257e-11
-3.46784e-11
3.55949e-11
-2.89195e-11
1.78676e-11
-6.28892e-12
-3.49911e-12
1.10454e-11
-1.71462e-11
2.18843e-11
-2.41536e-11
2.23122e-11
-1.64116e-11
8.84985e-12
-3.4979e-12
2.78895e-12
-6.10975e-12
9.85277e-12
-1.01564e-11
5.29439e-12
2.90127e-12
-1.04093e-11
1.30306e-11
-8.82437e-12
-1.30044e-12
1.38094e-11
-2.44768e-11
3.00423e-11
-2.98485e-11
2.53908e-11
-1.91074e-11
1.23325e-11
-5.08061e-12
-3.21653e-12
1.18681e-11
-1.88234e-11
2.16476e-11
-1.97798e-11
1.50647e-11
-1.09447e-11
9.9146e-12
-1.22532e-11
1.58718e-11
-1.81356e-11
1.71756e-11
-1.30369e-11
7.29133e-12
-2.61045e-12
1.29054e-12
-4.33683e-12
1.05243e-11
-1.72811e-11
2.19671e-11
-2.36882e-11
2.31833e-11
-2.18799e-11
2.00627e-11
-1.68847e-11
1.12432e-11
-3.52706e-12
-4.50192e-12
1.06212e-11
-1.38809e-11
1.46701e-11
-1.43311e-11
1.39947e-11
-1.45545e-11
1.63463e-11
-1.93101e-11
2.2457e-11
-2.44594e-11
2.42965e-11
-2.24671e-11
2.04987e-11
-1.99193e-11
2.06526e-11
-2.14111e-11
2.07944e-11
-1.88917e-11
1.68484e-11
-1.59113e-11
1.61038e-11
-1.66729e-11
1.65826e-11
-1.52788e-11
1.22346e-11
-7.20403e-12
4.28734e-13
6.50686e-12
-1.14507e-11
1.29418e-11
-1.18844e-11
1.08908e-11
-1.2592e-11
1.74387e-11
-2.39489e-11
2.99956e-11
-3.46285e-11
3.78181e-11
-3.97604e-11
3.98946e-11
-3.75753e-11
3.2533e-11
-2.5465e-11
1.74397e-11
-9.98023e-12
4.7991e-12
-3.82112e-12
7.7032e-12
-1.47811e-11
2.08209e-11
-2.16037e-11
1.56824e-11
-5.91291e-12
-2.77343e-12
6.60812e-12
-5.57675e-12
2.5537e-12
-1.21164e-12
3.62845e-12
-1.0075e-11
1.93418e-11
-2.98424e-11
3.97824e-11
-4.77973e-11
5.28786e-11
-5.45571e-11
5.20619e-11
-4.44219e-11
3.10918e-11
-1.39843e-11
-2.13028e-12
1.11475e-11
-9.64127e-12
-6.9625e-13
1.34244e-11
-2.15447e-11
2.14203e-11
-1.46908e-11
6.18718e-12
-8.15461e-13
6.03167e-13
-4.46376e-12
9.1044e-12
-1.11951e-11
8.58005e-12
-1.26116e-12
-9.2923e-12
2.10339e-11
-3.2825e-11
4.41948e-11
-5.44191e-11
6.09009e-11
-5.98405e-11
4.83823e-11
-2.78227e-11
4.08553e-12
1.44736e-11
-2.18078e-11
1.72276e-11
-5.7049e-12
-5.68664e-12
1.15995e-11
-1.1098e-11
6.87404e-12
-3.15354e-12
2.83957e-12
-6.48795e-12
1.22047e-11
-1.72622e-11
1.93406e-11
-1.77679e-11
1.30213e-11
-6.00672e-12
-3.17591e-12
1.47751e-11
-2.83995e-11
4.13489e-11
-4.9069e-11
4.70719e-11
-3.4313e-11
1.43895e-11
5.68515e-12
-1.94976e-11
2.41715e-11
-2.13379e-11
1.49228e-11
-8.80435e-12
4.88206e-12
-3.27103e-12
2.70837e-12
-1.68538e-12
-1.13664e-12
5.94558e-12
-1.17777e-11
1.6717e-11
-1.94151e-11
1.96832e-11
-1.84592e-11
1.62177e-11
-1.2528e-11
6.50686e-12
1.31237e-12
-8.70064e-12
1.26229e-11
-1.15006e-11
5.81666e-12
2.32179e-12
-1.08975e-11
1.83499e-11
-2.36342e-11
2.56837e-11
-2.42536e-11
2.03252e-11
-1.61066e-11
1.31826e-11
-1.14435e-11
9.08355e-12
-4.7755e-12
-1.05762e-12
6.20539e-12
-8.8004e-12
8.60626e-12
-7.39309e-12
7.39881e-12
-1.03055e-11
1.62635e-11
-2.41484e-11
3.15262e-11
-3.56872e-11
3.4676e-11
-2.90275e-11
2.17142e-11
-1.67982e-11
1.64439e-11
-1.96869e-11
2.31394e-11
-2.40588e-11
2.21061e-11
-1.93123e-11
1.75558e-11
-1.69644e-11
1.56864e-11
-1.20743e-11
6.31218e-12
-1.06219e-12
-4.48544e-13
-3.4751e-12
1.11174e-11
-1.7975e-11
1.8518e-11
-9.30653e-12
-9.1706e-12
3.18739e-11
-5.15089e-11
6.17221e-11
-6.05403e-11
5.08285e-11
-3.84481e-11
2.83327e-11
-2.22472e-11
1.86362e-11
-1.53158e-11
1.15463e-11
-8.68509e-12
8.08278e-12
-9.40269e-12
1.02097e-11
-8.2906e-12
3.6009e-12
9.86345e-13
-1.75194e-12
-3.65744e-12
1.43594e-11
-2.66611e-11
3.5176e-11
-3.5206e-11
2.45218e-11
-5.03171e-12
-1.78125e-11
3.69864e-11
-4.75042e-11
4.83493e-11
-4.23941e-11
3.35118e-11
-2.43695e-11
1.55889e-11
-7.33567e-12
2.08582e-13
4.6904e-12
-7.18835e-12
8.14317e-12
-8.8573e-12
9.57838e-12
-9.66646e-12
8.23577e-12
-5.33479e-12
1.45296e-12
3.02244e-12
-8.441e-12
1.48083e-11
-2.10675e-11
2.48231e-11
-2.4057e-11
1.84278e-11
-9.96335e-12
1.62986e-12
3.95394e-12
-5.77443e-12
4.13655e-12
-4.89563e-13
-3.55505e-12
6.70571e-12
-9.00681e-12
1.15764e-11
-1.5928e-11
2.2082e-11
-2.79664e-11
2.99543e-11
-2.56099e-11
1.57221e-11
-4.84453e-12
-1.52866e-12
2.95695e-13
6.86518e-12
-1.48925e-11
1.84091e-11
-1.51588e-11
6.44173e-12
4.3086e-12
-1.4336e-11
2.25647e-11
-2.94232e-11
3.5169e-11
-3.93444e-11
4.07072e-11
-3.84628e-11
3.28206e-11
-2.56837e-11
1.99752e-11
-1.86526e-11
2.24478e-11
-2.88272e-11
3.24735e-11
-2.87653e-11
1.70364e-11
-2.00719e-12
-9.07808e-12
1.06286e-11
-2.15988e-12
-1.22836e-11
2.67168e-11
-3.65053e-11
3.92207e-11
-3.45065e-11
2.31148e-11
-7.13373e-12
-1.03937e-11
2.59665e-11
-3.72111e-11
4.3243e-11
-4.45568e-11
4.18664e-11
-3.61086e-11
2.84461e-11
-2.0731e-11
1.45877e-11
-1.0736e-11
8.25249e-12
-5.53436e-12
1.25906e-12
4.3949e-12
-1.01154e-11
1.39138e-11
-1.42362e-11
1.01196e-11
-1.82806e-12
-9.11137e-12
1.95907e-11
-2.61638e-11
2.65181e-11
-2.13081e-11
1.37344e-11
-7.80818e-12
5.35709e-12
-5.09943e-12
3.69949e-12
8.63456e-13
-7.34278e-12
1.14605e-11
-9.29068e-12
7.51665e-14
1.27631e-11
-2.40233e-11
2.94848e-11
-2.81182e-11
2.17199e-11
-1.38616e-11
7.90332e-12
-5.9436e-12
7.82312e-12
-1.17662e-11
1.53951e-11
-1.75648e-11
1.85115e-11
-1.90151e-11
1.83496e-11
-1.41982e-11
4.1906e-12
1.10649e-11
-2.73596e-11
3.87536e-11
-4.16834e-11
3.70067e-11
-2.94516e-11
2.41686e-11
-2.41213e-11
2.88028e-11
-3.54428e-11
4.02981e-11
-4.03573e-11
3.40106e-11
-2.20112e-11
7.28983e-12
5.52828e-12
-1.2184e-11
1.04265e-11
-1.32065e-12
-1.1695e-11
2.42948e-11
-3.33293e-11
3.72503e-11
-3.61048e-11
3.05068e-11
-2.14723e-11
1.00141e-11
2.49205e-12
-1.46551e-11
2.48897e-11
-3.18622e-11
3.43727e-11
-3.21208e-11
2.60176e-11
-1.86243e-11
1.27566e-11
-9.8327e-12
8.34621e-12
-5.23244e-12
-1.55624e-12
1.04847e-11
-1.74034e-11
1.85148e-11
-1.37981e-11
6.90376e-12
-2.58642e-12
2.878e-12
-6.04781e-12
7.90242e-12
-5.1278e-12
-2.84748e-12
1.33834e-11
-2.24182e-11
2.62005e-11
-2.33474e-11
1.54046e-11
-6.66606e-12
1.90257e-12
-4.10571e-12
1.25928e-11
-2.38341e-11
3.33305e-11
-3.81584e-11
3.7516e-11
-3.24129e-11
2.4261e-11
-1.46691e-11
5.37093e-12
1.17604e-12
-2.60081e-12
-2.39621e-12
1.26156e-11
-2.48483e-11
3.50968e-11
-4.06099e-11
4.02131e-11
-3.40972e-11
2.28803e-11
-8.08116e-12
-7.63653e-12
2.04582e-11
-2.74793e-11
2.84924e-11
-2.67707e-11
2.66809e-11
-3.07053e-11
3.72384e-11
-4.19758e-11
4.07298e-11
-3.2446e-11
1.93836e-11
-5.87052e-12
-4.2126e-12
8.76701e-12
-8.41368e-12
5.6661e-12
-3.63911e-12
3.69451e-12
-4.62424e-12
3.2287e-12
2.81651e-12
-1.29294e-11
2.31258e-11
-2.86422e-11
2.67628e-11
-1.87463e-11
8.47916e-12
-9.67613e-14
-4.47901e-12
5.36222e-12
-3.56762e-12
-6.14438e-13
7.2167e-12
-1.5737e-11
2.40071e-11
-2.91087e-11
2.87708e-11
-2.31142e-11
1.43414e-11
-5.7493e-12
2.30182e-15
1.10081e-12
3.17911e-12
-1.26792e-11
2.53185e-11
-3.7139e-11
4.32748e-11
-4.07811e-11
3.02462e-11
-1.58116e-11
2.51414e-12
6.09071e-12
-9.62929e-12
1.02732e-11
-1.16053e-11
1.64967e-11
-2.58306e-11
3.74401e-11
-4.71294e-11
5.05548e-11
-4.61244e-11
3.58747e-11
-2.44621e-11
1.57745e-11
-1.07304e-11
7.03064e-12
-2.02007e-12
-4.79909e-12
1.07476e-11
-1.22167e-11
7.24915e-12
2.64135e-12
-1.3722e-11
2.21775e-11
-2.63718e-11
2.66239e-11
-2.41143e-11
1.92983e-11
-1.23168e-11
3.78909e-12
4.24051e-12
-9.34342e-12
9.81589e-12
-5.737e-12
-1.74502e-12
1.08466e-11
-1.96713e-11
2.57561e-11
-2.67964e-11
2.16149e-11
-1.17347e-11
1.0375e-12
5.5852e-12
-4.87376e-12
-3.54513e-12
1.68086e-11
-3.03684e-11
3.9456e-11
-4.11209e-11
3.51761e-11
-2.47409e-11
1.4585e-11
-8.77031e-12
7.82747e-12
-8.60291e-12
6.17595e-12
2.33763e-12
-1.58863e-11
2.98782e-11
-3.95585e-11
4.28058e-11
-4.13101e-11
3.837e-11
-3.62308e-11
3.42177e-11
-3.01162e-11
2.2375e-11
-1.19906e-11
1.54272e-12
6.40996e-12
-1.08574e-11
1.17014e-11
-9.13982e-12
3.16768e-12
5.40329e-12
-1.47156e-11
2.20773e-11
-2.55548e-11
2.45658e-11
-2.00201e-11
1.31624e-11
-5.33065e-12
-2.18293e-12
7.44239e-12
-8.4224e-12
3.71355e-12
6.08729e-12
-1.84186e-11
2.92245e-11
-3.46903e-11
3.24198e-11
-2.28541e-11
9.25045e-12
2.94553e-12
-8.56582e-12
4.94063e-12
6.275e-12
-2.00275e-11
3.02632e-11
-3.36273e-11
3.10525e-11
-2.70057e-11
2.56936e-11
-2.80314e-11
3.07922e-11
-2.95897e-11
2.21129e-11
-9.90354e-12
-3.45417e-12
1.47214e-11
-2.28126e-11
2.80139e-11
-3.10441e-11
3.21872e-11
-3.19676e-11
3.11531e-11
-3.05476e-11
2.97108e-11
-2.70268e-11
2.05195e-11
-9.94521e-12
-2.61085e-12
1.32958e-11
-1.88836e-11
1.82121e-11
-1.27452e-11
5.08268e-12
2.27396e-12
-8.06811e-12
1.17735e-11
-1.32081e-11
1.18751e-11
-7.68384e-12
1.4034e-12
4.70122e-12
-7.73601e-12
5.04043e-12
4.28289e-12
-1.88534e-11
3.46001e-11
-4.61372e-11
4.87947e-11
-4.15755e-11
2.78866e-11
-1.40482e-11
5.27731e-12
-3.09478e-12
5.0528e-12
-7.70584e-12
9.18558e-12
-1.03959e-11
1.33125e-11
-1.91961e-11
2.72309e-11
-3.53384e-11
4.10651e-11
-4.26785e-11
3.89646e-11
-2.9618e-11
1.55299e-11
2.30204e-13
-1.31477e-11
1.90118e-11
-1.68797e-11
9.92214e-12
-4.06505e-12
3.98863e-12
-1.03087e-11
1.9036e-11
-2.47139e-11
2.37702e-11
-1.66221e-11
6.33196e-12
3.55876e-12
-1.1121e-11
1.58723e-11
-1.82934e-11
1.88699e-11
-1.82349e-11
1.68305e-11
-1.51399e-11
1.34076e-11
-1.21335e-11
1.17515e-11
-1.24879e-11
1.34704e-11
-1.29946e-11
8.98817e-12
-5.07747e-13
-1.17642e-11
2.53352e-11
-3.7259e-11
4.51639e-11
-4.83489e-11
4.72375e-11
-4.28171e-11
3.57222e-11
-2.67074e-11
1.68121e-11
-7.63532e-12
3.49962e-13
4.48014e-12
-6.78744e-12
5.75837e-12
-4.42802e-14
-1.10779e-11
2.53574e-11
-3.74444e-11
4.09909e-11
-3.30101e-11
1.6205e-11
1.81242e-12
-1.31458e-11
1.378e-11
-5.48419e-12
-6.45111e-12
1.6477e-11
-2.17113e-11
2.20321e-11
-1.91699e-11
1.49575e-11
-1.09362e-11
8.01498e-12
-6.79512e-12
6.97765e-12
-7.53454e-12
7.07522e-12
-5.52914e-12
4.65963e-12
-7.4543e-12
1.54726e-11
-2.7308e-11
3.86535e-11
-4.50528e-11
4.41932e-11
-3.71618e-11
2.71216e-11
-1.7694e-11
1.10101e-11
-7.31121e-12
4.93285e-12
-1.70083e-12
-4.01841e-12
1.20755e-11
-2.08889e-11
2.80899e-11
-3.20668e-11
3.23592e-11
-2.97377e-11
2.50001e-11
-1.85426e-11
1.01773e-11
-3.87891e-13
-9.16337e-12
1.56683e-11
-1.7074e-11
1.34419e-11
-7.54284e-12
3.01299e-12
-2.4298e-12
5.76597e-12
-1.1256e-11
1.66184e-11
-2.03674e-11
2.1314e-11
-1.8339e-11
1.04155e-11
1.85162e-12
-1.58461e-11
2.77478e-11
-3.52396e-11
3.87632e-11
-4.09563e-11
4.36105e-11
-4.57679e-11
4.37638e-11
-3.44178e-11
1.79765e-11
5.44209e-13
-1.39231e-11
1.65724e-11
-8.02257e-12
-7.35725e-12
2.28746e-11
-3.31987e-11
3.57786e-11
-3.09605e-11
2.07919e-11
-8.72782e-12
-1.299e-12
5.85494e-12
-3.96644e-12
-2.47952e-12
9.55604e-12
-1.40122e-11
1.4949e-11
-1.42967e-11
1.47877e-11
-1.79399e-11
2.24568e-11
-2.52063e-11
2.30745e-11
-1.54541e-11
4.66408e-12
4.84457e-12
-8.94896e-12
5.47475e-12
4.65084e-12
-1.81652e-11
3.0606e-11
-3.84635e-11
4.03062e-11
-3.73992e-11
3.23642e-11
-2.77615e-11
2.44883e-11
-2.20603e-11
1.93263e-11
-1.58194e-11
1.1593e-11
-6.90762e-12
1.46765e-12
4.87534e-12
-1.16364e-11
1.72353e-11
-2.02157e-11
2.00847e-11
-1.78393e-11
1.46957e-11
-1.12477e-11
6.96423e-12
-1.44558e-12
-4.78441e-12
9.88975e-12
-1.22986e-11
1.20303e-11
-1.14554e-11
1.34481e-11
-1.91681e-11
2.64406e-11
-3.14355e-11
3.14345e-11
-2.71927e-11
2.17306e-11
-1.76535e-11
1.45503e-11
-9.72539e-12
4.40518e-13
1.34056e-11
-2.92092e-11
4.28708e-11
-5.10812e-11
5.20988e-11
-4.60216e-11
3.40281e-11
-1.85924e-11
3.33584e-12
7.15157e-12
-9.42169e-12
3.19903e-12
7.38363e-12
-1.59787e-11
1.7531e-11
-1.16008e-11
1.94124e-12
6.22814e-12
-1.00315e-11
1.00099e-11
-9.06815e-12
9.50115e-12
-1.14333e-11
1.25259e-11
-9.82491e-12
1.29651e-12
1.27199e-11
-2.97079e-11
4.53636e-11
-5.51497e-11
5.55522e-11
-4.59221e-11
2.89574e-11
-1.03789e-11
-3.523e-12
8.32723e-12
-3.69431e-12
-7.0068e-12
1.83736e-11
-2.59963e-11
2.8024e-11
-2.56359e-11
2.14327e-11
-1.7994e-11
1.6293e-11
-1.56765e-11
1.42177e-11
-1.04391e-11
4.46282e-12
1.20238e-12
-3.14053e-12
-1.01977e-12
1.05227e-11
-2.18826e-11
3.0456e-11
-3.30735e-11
2.90324e-11
-2.02184e-11
9.62911e-12
-4.11301e-13
-5.25608e-12
6.11472e-12
-2.18106e-12
-5.47076e-12
1.44334e-11
-2.19722e-11
2.61335e-11
-2.72619e-11
2.73954e-11
-2.86644e-11
3.10274e-11
-3.24877e-11
3.07483e-11
-2.57121e-11
1.95011e-11
-1.49641e-11
1.31129e-11
-1.27076e-11
1.12575e-11
-7.46357e-12
2.03974e-12
2.75146e-12
-5.3753e-12
6.07303e-12
-6.63853e-12
8.16645e-12
-9.95993e-12
9.83261e-12
-6.4853e-12
5.99736e-13
5.53471e-12
-1.03524e-11
1.39538e-11
-1.77187e-11
2.22291e-11
-2.66746e-11
2.94243e-11
-3.00751e-11
2.98878e-11
-3.09171e-11
3.34877e-11
-3.53122e-11
3.23928e-11
-2.23121e-11
6.3137e-12
1.06767e-11
-2.32793e-11
2.86248e-11
-2.78112e-11
2.4028e-11
-2.02551e-11
1.74668e-11
-1.53453e-11
1.32282e-11
-1.10717e-11
8.77597e-12
-5.96964e-12
1.95323e-12
3.06147e-12
-7.78618e-12
1.04049e-11
-1.06253e-11
1.0385e-11
-1.31822e-11
2.11431e-11
-3.29936e-11
4.36499e-11
-4.70598e-11
3.94624e-11
-2.19341e-11
-4.48509e-13
2.10528e-11
-3.50612e-11
4.07308e-11
-3.93822e-11
3.37478e-11
-2.69906e-11
2.15011e-11
-1.85555e-11
1.76276e-11
-1.70342e-11
1.48431e-11
-1.06484e-11
5.84852e-12
-3.07165e-12
3.98908e-12
-8.01563e-12
1.17931e-11
-1.10417e-11
2.81089e-12
1.20915e-11
-2.91463e-11
4.17379e-11
-4.45178e-11
3.55288e-11
-1.71705e-11
-5.24754e-12
2.5359e-11
-3.83823e-11
4.25107e-11
-3.95649e-11
3.3363e-11
-2.77254e-11
2.42943e-11
-2.254e-11
2.06212e-11
-1.73044e-11
1.26614e-11
-8.40141e-12
6.71836e-12
-9.26851e-12
1.56209e-11
-2.31709e-11
2.77016e-11
-2.55365e-11
1.51375e-11
1.4952e-12
-1.93963e-11
3.2043e-11
-3.44108e-11
2.52186e-11
-8.0077e-12
-1.09676e-11
2.57686e-11
-3.37406e-11
3.55667e-11
-3.39289e-11
3.11365e-11
-2.83522e-11
2.54055e-11
-2.18511e-11
1.73768e-11
-1.24849e-11
8.16438e-12
-5.92591e-12
7.07428e-12
-1.24338e-11
2.12313e-11
-3.07654e-11
3.64928e-11
-3.43313e-11
2.30894e-11
-6.23074e-12
-9.79215e-12
1.87495e-11
-1.81791e-11
9.82632e-12
1.90995e-12
-1.30404e-11
2.13682e-11
-2.67415e-11
2.96161e-11
-3.0395e-11
2.902e-11
-2.58226e-11
2.15273e-11
-1.71308e-11
1.28755e-11
-8.58731e-12
4.41548e-12
-2.12808e-12
4.24623e-12
-1.21858e-11
2.39418e-11
-3.46353e-11
3.89337e-11
-3.4645e-11
2.37606e-11
-1.12886e-11
1.89543e-12
2.14917e-12
-1.53033e-12
-1.96911e-12
6.86969e-12
-1.2741e-11
1.90229e-11
-2.449e-11
2.7331e-11
-2.68341e-11
2.38976e-11
-2.05106e-11
1.76347e-11
-1.46113e-11
9.93746e-12
-3.70231e-12
-1.70245e-12
2.58212e-12
3.00494e-12
-1.36494e-11
2.48576e-11
-3.20721e-11
3.31309e-11
-2.93487e-11
2.36093e-11
-1.83073e-11
1.39546e-11
-1.03486e-11
7.75544e-12
-7.53617e-12
1.0551e-11
-1.60188e-11
2.13066e-11
-2.40417e-11
2.3648e-11
-2.17645e-11
2.01731e-11
-1.91679e-11
1.70084e-11
-1.20103e-11
4.42945e-12
2.6984e-12
-5.68441e-12
2.61571e-12
4.9775e-12
-1.36085e-11
2.01419e-11
-2.38668e-11
2.57217e-11
-2.67296e-11
2.64619e-11
-2.39981e-11
1.93123e-11
-1.44e-11
1.18522e-11
-1.30517e-11
1.6735e-11
-2.02875e-11
2.16753e-11
-2.12172e-11
2.06164e-11
-2.11498e-11
2.18285e-11
-2.03262e-11
1.49582e-11
-6.84171e-12
-7.94652e-13
4.64919e-12
-3.90001e-12
8.9204e-14
4.39357e-12
-8.6077e-12
1.30347e-11
-1.84102e-11
2.38579e-11
-2.72936e-11
2.68897e-11
-2.31613e-11
1.86367e-11
-1.62257e-11
1.67325e-11
-1.8733e-11
1.99352e-11
-1.96598e-11
1.91148e-11
-2.01621e-11
2.2857e-11
-2.51544e-11
2.42153e-11
-1.91089e-11
1.1463e-11
-4.45188e-12
1.38582e-13
1.4432e-12
-1.73756e-12
1.44326e-12
1.38482e-13
-4.4518e-12
1.1463e-11
-1.9109e-11
2.42154e-11
-2.51546e-11
2.28571e-11
-2.01622e-11
1.91148e-11
-1.96598e-11
1.99351e-11
-1.8733e-11
1.67325e-11
-1.62259e-11
1.86369e-11
-2.31615e-11
2.68899e-11
-2.72937e-11
2.3858e-11
-1.84102e-11
1.30346e-11
-8.6077e-12
4.39362e-12
8.91144e-14
-3.89991e-12
4.64911e-12
-7.9462e-13
-6.84168e-12
1.49581e-11
-2.03261e-11
2.18284e-11
-2.11498e-11
2.06164e-11
-2.12173e-11
2.16753e-11
-2.02875e-11
1.67349e-11
-1.30516e-11
1.1852e-11
-1.43999e-11
1.93122e-11
-2.3998e-11
2.64618e-11
-2.67296e-11
2.57217e-11
-2.38667e-11
2.01419e-11
-1.36085e-11
4.97742e-12
2.61578e-12
-5.68446e-12
2.69843e-12
4.42942e-12
-1.20103e-11
1.70083e-11
-1.91679e-11
2.0173e-11
-2.17645e-11
2.3648e-11
-2.40416e-11
2.13064e-11
-1.60187e-11
1.0551e-11
-7.53623e-12
7.75556e-12
-1.03487e-11
1.39548e-11
-1.83074e-11
2.36093e-11
-2.93487e-11
3.3131e-11
-3.20721e-11
2.48576e-11
-1.36495e-11
3.00508e-12
2.58197e-12
-1.70232e-12
-3.70238e-12
9.93745e-12
-1.46113e-11
1.76346e-11
-2.05106e-11
2.38977e-11
-2.68343e-11
2.73312e-11
-2.44902e-11
1.90231e-11
-1.27411e-11
6.86967e-12
-1.96901e-12
-1.53046e-12
2.14929e-12
1.89534e-12
-1.12886e-11
2.37605e-11
-3.46449e-11
3.89336e-11
-3.46351e-11
2.39416e-11
-1.21855e-11
4.2461e-12
-2.12807e-12
4.41558e-12
-8.58748e-12
1.28757e-11
-1.7131e-11
2.15273e-11
-2.58225e-11
2.90199e-11
-3.03948e-11
2.96159e-11
-2.67414e-11
2.13682e-11
-1.30404e-11
1.91002e-12
9.82625e-12
-1.81791e-11
1.87495e-11
-9.7921e-12
-6.23085e-12
2.30896e-11
-3.43316e-11
3.64931e-11
-3.07657e-11
2.12315e-11
-1.24338e-11
7.07413e-12
-5.92564e-12
8.16405e-12
-1.24846e-11
1.73766e-11
-2.1851e-11
2.54055e-11
-2.83522e-11
3.11365e-11
-3.39289e-11
3.55667e-11
-3.37406e-11
2.57686e-11
-1.09676e-11
-8.00764e-12
2.52185e-11
-3.44107e-11
3.2043e-11
-1.93964e-11
1.49547e-12
1.51371e-11
-2.55361e-11
2.77014e-11
-2.31708e-11
1.5621e-11
-9.26872e-12
6.71863e-12
-8.40172e-12
1.26617e-11
-1.73048e-11
2.06215e-11
-2.25404e-11
2.42947e-11
-2.77256e-11
3.33632e-11
-3.9565e-11
4.25107e-11
-3.83821e-11
2.53587e-11
-5.24728e-12
-1.71707e-11
3.55288e-11
-4.45176e-11
4.17376e-11
-2.9146e-11
1.20912e-11
2.8111e-12
-1.10418e-11
1.17932e-11
-8.01558e-12
3.98895e-12
-3.0714e-12
5.84814e-12
-1.06479e-11
1.48425e-11
-1.70336e-11
1.7627e-11
-1.8555e-11
2.15007e-11
-2.69904e-11
3.37478e-11
-3.93824e-11
4.07311e-11
-3.50614e-11
2.10529e-11
-4.48396e-13
-2.19343e-11
3.94627e-11
-4.706e-11
4.36501e-11
-3.29937e-11
2.11431e-11
-1.31821e-11
1.03849e-11
-1.06251e-11
1.04046e-11
-7.78572e-12
3.06085e-12
1.95395e-12
-5.97037e-12
8.77659e-12
-1.10721e-11
1.32285e-11
-1.53454e-11
1.74667e-11
-2.02549e-11
2.40279e-11
-2.78113e-11
2.8625e-11
-2.32796e-11
1.0677e-11
6.31347e-12
-2.2312e-11
3.23928e-11
-3.53123e-11
3.3488e-11
-3.09174e-11
2.98881e-11
-3.00754e-11
2.94247e-11
-2.66751e-11
2.22296e-11
-1.77191e-11
1.39541e-11
-1.03525e-11
5.53475e-12
5.99831e-13
-6.48548e-12
9.8328e-12
-9.96004e-12
8.16645e-12
-6.63839e-12
6.07281e-12
-5.37506e-12
2.7513e-12
2.03978e-12
-7.46346e-12
1.12573e-11
-1.27073e-11
1.31126e-11
-1.49638e-11
1.95008e-11
-2.57118e-11
3.0748e-11
-3.24874e-11
3.10272e-11
-2.86643e-11
2.73954e-11
-2.7262e-11
2.61337e-11
-2.19725e-11
1.44337e-11
-5.47093e-12
-2.18099e-12
6.11478e-12
-5.25621e-12
-4.11153e-13
9.62902e-12
-2.02184e-11
2.90325e-11
-3.30737e-11
3.04562e-11
-2.18826e-11
1.05226e-11
-1.01968e-12
-3.14062e-12
1.20242e-12
4.46282e-12
-1.04392e-11
1.42178e-11
-1.56766e-11
1.62931e-11
-1.79941e-11
2.14328e-11
-2.56359e-11
2.8024e-11
-2.59963e-11
1.83737e-11
-7.00701e-12
-3.69408e-12
8.32704e-12
-3.52288e-12
-1.03789e-11
2.89575e-11
-4.59222e-11
5.55524e-11
-5.515e-11
4.53639e-11
-2.97082e-11
1.27202e-11
1.2963e-12
-9.8248e-12
1.25259e-11
-1.14335e-11
9.50149e-12
-9.06858e-12
1.00104e-11
-1.00319e-11
6.22855e-12
1.94087e-12
-1.16004e-11
1.75307e-11
-1.59783e-11
7.38326e-12
3.19945e-12
-9.42215e-12
7.15204e-12
3.3354e-12
-1.8592e-11
3.40278e-11
-4.60213e-11
5.20985e-11
-5.1081e-11
4.28707e-11
-2.92092e-11
1.34056e-11
4.40432e-13
-9.72522e-12
1.455e-11
-1.76532e-11
2.17303e-11
-2.71924e-11
3.14342e-11
-3.14353e-11
2.64404e-11
-1.91679e-11
1.34479e-11
-1.14551e-11
1.203e-11
-1.22983e-11
9.88943e-12
-4.78408e-12
-1.44589e-12
6.96448e-12
-1.12478e-11
1.46958e-11
-1.78392e-11
2.00846e-11
-2.02156e-11
1.72352e-11
-1.16364e-11
4.87538e-12
1.46755e-12
-6.90747e-12
1.15929e-11
-1.58193e-11
1.93262e-11
-2.20602e-11
2.44882e-11
-2.77613e-11
3.2364e-11
-3.7399e-11
4.0306e-11
-3.84634e-11
3.06061e-11
-1.81654e-11
4.65104e-12
5.47455e-12
-8.9488e-12
4.84447e-12
4.66412e-12
-1.54541e-11
2.30745e-11
-2.52062e-11
2.24568e-11
-1.79399e-11
1.47878e-11
-1.42969e-11
1.49492e-11
-1.40125e-11
9.5563e-12
-2.47981e-12
-3.96611e-12
5.85457e-12
-1.29864e-12
-8.72814e-12
2.07921e-11
-3.09606e-11
3.57786e-11
-3.31986e-11
2.28744e-11
-7.35702e-12
-8.02282e-12
1.65727e-11
-1.39233e-11
5.44441e-13
1.79764e-11
-3.44178e-11
4.37639e-11
-4.5768e-11
4.36105e-11
-4.09562e-11
3.87631e-11
-3.52394e-11
2.77476e-11
-1.58461e-11
1.85164e-12
1.04154e-11
-1.83389e-11
2.13139e-11
-2.03673e-11
1.66184e-11
-1.12559e-11
5.76597e-12
-2.42981e-12
3.01299e-12
-7.5428e-12
1.34418e-11
-1.70738e-11
1.56682e-11
-9.16323e-12
-3.88049e-13
1.01775e-11
-1.85429e-11
2.50005e-11
-2.97381e-11
3.23595e-11
-3.20669e-11
2.80899e-11
-2.08887e-11
1.20752e-11
-4.01815e-12
-1.70106e-12
4.93301e-12
-7.31126e-12
1.10101e-11
-1.76938e-11
2.71214e-11
-3.71615e-11
4.41929e-11
-4.50526e-11
3.86532e-11
-2.73078e-11
1.54725e-11
-7.45435e-12
4.65983e-12
-5.52943e-12
7.07553e-12
-7.53476e-12
6.97774e-12
-6.79508e-12
8.01486e-12
-1.09361e-11
1.49573e-11
-1.91697e-11
2.20319e-11
-2.17112e-11
1.6477e-11
-6.45115e-12
-5.48407e-12
1.37798e-11
-1.31457e-11
1.81235e-12
1.62051e-11
-3.30102e-11
4.0991e-11
-3.74444e-11
2.53575e-11
-1.10779e-11
-4.42941e-14
5.75835e-12
-6.78732e-12
4.4799e-12
3.50304e-13
-7.63572e-12
1.68125e-11
-2.67079e-11
3.57226e-11
-4.28176e-11
4.72378e-11
-4.83492e-11
4.51642e-11
-3.72593e-11
2.53355e-11
-1.17645e-11
-5.07478e-13
8.98794e-12
-1.29944e-11
1.34703e-11
-1.24878e-11
1.17516e-11
-1.21336e-11
1.34077e-11
-1.51399e-11
1.68304e-11
-1.82348e-11
1.88698e-11
-1.82935e-11
1.58726e-11
-1.11213e-11
3.55916e-12
6.3316e-12
-1.66218e-11
2.37698e-11
-2.47134e-11
1.90355e-11
-1.03082e-11
3.98814e-12
-4.06464e-12
9.92183e-12
-1.68795e-11
1.90118e-11
-1.31478e-11
2.30484e-13
1.55295e-11
-2.96177e-11
3.89644e-11
-4.26785e-11
4.10651e-11
-3.53385e-11
2.7231e-11
-1.91962e-11
1.33126e-11
-1.0396e-11
9.18574e-12
-7.70604e-12
5.05301e-12
-3.09497e-12
5.27746e-12
-1.40483e-11
2.78867e-11
-4.15756e-11
4.87948e-11
-4.61374e-11
3.46004e-11
-1.88537e-11
4.28316e-12
5.04019e-12
-7.73577e-12
4.70096e-12
1.40371e-12
-7.68416e-12
1.18753e-11
-1.32083e-11
1.17736e-11
-8.0681e-12
2.2739e-12
5.08276e-12
-1.27452e-11
1.82122e-11
-1.88837e-11
1.3296e-11
-2.61106e-12
-9.94495e-12
2.05192e-11
-2.70264e-11
2.97103e-11
-3.05471e-11
3.11526e-11
-3.19672e-11
3.2187e-11
-3.10439e-11
2.80139e-11
-2.28126e-11
1.47215e-11
-3.45427e-12
-9.9034e-12
2.21127e-11
-2.95895e-11
3.07921e-11
-2.80314e-11
2.56937e-11
-2.7006e-11
3.10527e-11
-3.36275e-11
3.02633e-11
-2.00276e-11
6.27504e-12
4.9406e-12
-8.5658e-12
2.94553e-12
9.25042e-12
-2.2854e-11
3.24197e-11
-3.46902e-11
2.92244e-11
-1.84186e-11
6.08739e-12
3.71333e-12
-8.4221e-12
7.44207e-12
-2.18261e-12
-5.33094e-12
1.31627e-11
-2.00204e-11
2.4566e-11
-2.5555e-11
2.20775e-11
-1.47158e-11
5.40355e-12
3.16744e-12
-9.13964e-12
1.17014e-11
-1.08575e-11
6.41018e-12
1.54242e-12
-1.19903e-11
2.23747e-11
-3.01159e-11
3.42175e-11
-3.62306e-11
3.83699e-11
-4.131e-11
4.28058e-11
-3.95584e-11
2.98781e-11
-1.58862e-11
2.33756e-12
6.17601e-12
-8.60297e-12
7.82754e-12
-8.77038e-12
1.4585e-11
-2.4741e-11
3.51762e-11
-4.1121e-11
3.94561e-11
-3.03684e-11
1.68084e-11
-3.54479e-12
-4.87419e-12
5.58564e-12
1.03713e-12
-1.17345e-11
2.16147e-11
-2.67962e-11
2.57559e-11
-1.96711e-11
1.08463e-11
-1.74485e-12
-5.73707e-12
9.81587e-12
-9.3433e-12
4.24031e-12
3.78935e-12
-1.23171e-11
1.92987e-11
-2.41147e-11
2.66243e-11
-2.63721e-11
2.21777e-11
-1.37222e-11
2.64141e-12
7.24917e-12
-1.22168e-11
1.07477e-11
-4.79935e-12
-2.0197e-12
7.03019e-12
-1.07299e-11
1.57741e-11
-2.44617e-11
3.58746e-11
-4.61244e-11
5.05549e-11
-4.71295e-11
3.74402e-11
-2.58305e-11
1.64966e-11
-1.16051e-11
1.0273e-11
-9.62914e-12
6.09064e-12
2.51412e-12
-1.58115e-11
3.0246e-11
-4.07809e-11
4.32745e-11
-3.71387e-11
2.53182e-11
-1.26788e-11
3.17864e-12
1.10134e-12
1.7598e-15
-5.74877e-12
1.43409e-11
-2.31137e-11
2.87704e-11
-2.91083e-11
2.40068e-11
-1.57368e-11
7.2166e-12
-6.14395e-13
-3.56764e-12
5.36229e-12
-4.47912e-12
-9.66158e-14
8.47907e-12
-1.87463e-11
2.67629e-11
-2.86424e-11
2.31259e-11
-1.29294e-11
2.81638e-12
3.22899e-12
-4.62461e-12
3.69488e-12
-3.63938e-12
5.66622e-12
-8.41362e-12
8.76684e-12
-4.21243e-12
-5.87058e-12
1.93835e-11
-3.24457e-11
4.07294e-11
-4.19754e-11
3.7238e-11
-3.07049e-11
2.66806e-11
-2.67704e-11
2.84921e-11
-2.7479e-11
2.0458e-11
-7.63635e-12
-8.08126e-12
2.28803e-11
-3.40971e-11
4.02129e-11
-4.06096e-11
3.50965e-11
-2.4848e-11
1.26153e-11
-2.39579e-12
-2.60122e-12
1.17638e-12
5.37071e-12
-1.46689e-11
2.42609e-11
-3.24127e-11
3.75157e-11
-3.81579e-11
3.333e-11
-2.38337e-11
1.25924e-11
-4.10548e-12
1.90247e-12
-6.66608e-12
1.54047e-11
-2.33475e-11
2.62007e-11
-2.24183e-11
1.33835e-11
-2.84762e-12
-5.12762e-12
7.90223e-12
-6.04765e-12
2.87791e-12
-2.5864e-12
6.90385e-12
-1.37983e-11
1.85151e-11
-1.7404e-11
1.04854e-11
-1.55692e-12
-5.23183e-12
8.3457e-12
-9.83225e-12
1.27561e-11
-1.86238e-11
2.6017e-11
-3.21203e-11
3.43723e-11
-3.18618e-11
2.48895e-11
-1.4655e-11
2.49206e-12
1.0014e-11
-2.14721e-11
3.05066e-11
-3.61046e-11
3.72502e-11
-3.33292e-11
2.42947e-11
-1.1695e-11
-1.32057e-12
1.04263e-11
-1.21839e-11
5.52829e-12
7.28969e-12
-2.20109e-11
3.40103e-11
-4.03571e-11
4.02981e-11
-3.5443e-11
2.88031e-11
-2.41216e-11
2.41689e-11
-2.94518e-11
3.70068e-11
-4.16835e-11
3.87537e-11
-2.73597e-11
1.1065e-11
4.19057e-12
-1.41982e-11
1.83498e-11
-1.90154e-11
1.85119e-11
-1.75651e-11
1.53952e-11
-1.17663e-11
7.82324e-12
-5.94379e-12
7.90359e-12
-1.38619e-11
2.17201e-11
-2.81184e-11
2.94849e-11
-2.40234e-11
1.27631e-11
7.50884e-14
-9.29058e-12
1.14603e-11
-7.34266e-12
8.63354e-13
3.69959e-12
-5.09953e-12
5.35723e-12
-7.80836e-12
1.37346e-11
-2.13083e-11
2.65182e-11
-2.61637e-11
1.95904e-11
-9.11098e-12
-1.82844e-12
1.012e-11
-1.42364e-11
1.39139e-11
-1.01154e-11
4.39487e-12
1.2591e-12
-5.53438e-12
8.25247e-12
-1.07359e-11
1.45876e-11
-2.0731e-11
2.84462e-11
-3.61087e-11
4.18665e-11
-4.45569e-11
4.32431e-11
-3.72112e-11
2.59665e-11
-1.03936e-11
-7.13383e-12
2.31151e-11
-3.45068e-11
3.92211e-11
-3.65056e-11
2.67171e-11
-1.22838e-11
-2.15967e-12
1.06284e-11
-9.07789e-12
-2.00735e-12
1.70365e-11
-2.87653e-11
3.24734e-11
-2.8827e-11
2.24476e-11
-1.86523e-11
1.99751e-11
-2.56837e-11
3.28206e-11
-3.84629e-11
4.07073e-11
-3.93444e-11
3.5169e-11
-2.94233e-11
2.25647e-11
-1.4336e-11
4.3086e-12
6.44175e-12
-1.51588e-11
1.84091e-11
-1.48924e-11
6.86503e-12
2.95833e-13
-1.52871e-12
-4.8446e-12
1.57224e-11
-2.56103e-11
2.99549e-11
-2.7967e-11
2.20825e-11
-1.59284e-11
1.15767e-11
-9.00686e-12
6.70561e-12
-3.55483e-12
-4.89847e-13
4.13687e-12
-5.77472e-12
3.95421e-12
1.62964e-12
-9.96317e-12
1.84277e-11
-2.4057e-11
2.48233e-11
-2.10678e-11
1.48086e-11
-8.44118e-12
3.02253e-12
1.45296e-12
-5.33483e-12
8.23579e-12
-9.6664e-12
9.57822e-12
-8.85705e-12
8.14293e-12
-7.18819e-12
4.69039e-12
2.0846e-13
-7.33545e-12
1.55886e-11
-2.43693e-11
3.35115e-11
-4.23937e-11
4.83489e-11
-4.75038e-11
3.69862e-11
-1.78126e-11
-5.03136e-12
2.45213e-11
-3.52055e-11
3.51756e-11
-2.66611e-11
1.43596e-11
-3.65788e-12
-1.75138e-12
9.85809e-13
3.60134e-12
-8.2909e-12
1.02099e-11
-9.40285e-12
8.08291e-12
-8.68513e-12
1.15462e-11
-1.53156e-11
1.8636e-11
-2.2247e-11
2.83325e-11
-3.8448e-11
5.08284e-11
-6.05402e-11
6.1722e-11
-5.15087e-11
3.18736e-11
-9.17027e-12
-9.3068e-12
1.85181e-11
-1.79749e-11
1.11171e-11
-3.47461e-12
-4.49061e-13
-1.06172e-12
6.3118e-12
-1.20741e-11
1.56862e-11
-1.69643e-11
1.75559e-11
-1.93126e-11
2.21064e-11
-2.40593e-11
2.314e-11
-1.96875e-11
1.64444e-11
-1.67985e-11
2.17143e-11
-2.90275e-11
3.46759e-11
-3.56872e-11
3.15263e-11
-2.41486e-11
1.62636e-11
-1.03056e-11
7.39884e-12
-7.39306e-12
8.60622e-12
-8.80033e-12
6.20534e-12
-1.05757e-12
-4.77554e-12
9.08361e-12
-1.14435e-11
1.31826e-11
-1.61066e-11
2.03251e-11
-2.42534e-11
2.56835e-11
-2.3634e-11
1.83498e-11
-1.08975e-11
2.32194e-12
5.81651e-12
-1.15005e-11
1.26229e-11
-8.70073e-12
1.31255e-12
6.50662e-12
-1.25278e-11
1.62176e-11
-1.84591e-11
1.96832e-11
-1.94151e-11
1.6717e-11
-1.17778e-11
5.94572e-12
-1.13689e-12
-1.68502e-12
2.70798e-12
-3.27066e-12
4.88177e-12
-8.80414e-12
1.49227e-11
-2.13379e-11
2.41715e-11
-1.94976e-11
5.68518e-12
1.43894e-11
-3.43129e-11
4.70717e-11
-4.90688e-11
4.13487e-11
-2.83994e-11
1.47752e-11
-3.17607e-12
-6.00651e-12
1.30211e-11
-1.77678e-11
1.93404e-11
-1.7262e-11
1.22044e-11
-6.48761e-12
2.83919e-12
-3.15315e-12
6.87371e-12
-1.10978e-11
1.15995e-11
-5.68676e-12
-5.70465e-12
1.72274e-11
-2.18075e-11
1.44734e-11
4.08573e-12
-2.78229e-11
4.83823e-11
-5.98405e-11
6.09008e-11
-5.44188e-11
4.41945e-11
-3.28247e-11
2.10337e-11
-9.2921e-12
-1.2613e-12
8.58016e-12
-1.11952e-11
9.1045e-12
-4.46387e-12
6.03278e-13
-8.15506e-13
6.18712e-12
-1.46906e-11
2.142e-11
-2.15443e-11
1.3424e-11
-6.95901e-13
-9.6415e-12
1.11476e-11
-2.13034e-12
-1.39842e-11
3.10917e-11
-4.44218e-11
5.20619e-11
-5.45571e-11
5.28787e-11
-4.77974e-11
3.97825e-11
-2.98424e-11
1.93418e-11
-1.0075e-11
3.62837e-12
-1.21155e-12
2.55361e-12
-5.5766e-12
6.6079e-12
-2.77312e-12
-5.91324e-12
1.56827e-11
-2.1604e-11
2.0821e-11
-1.47812e-11
7.70334e-12
-3.82134e-12
4.79942e-12
-9.98057e-12
1.744e-11
-2.54652e-11
3.25332e-11
-3.75754e-11
3.98947e-11
-3.97605e-11
3.78182e-11
-3.46286e-11
2.99957e-11
-2.39491e-11
1.74388e-11
-1.25921e-11
1.0891e-11
-1.18846e-11
1.2942e-11
-1.14508e-11
6.50691e-12
4.28718e-13
-7.20396e-12
1.22344e-11
-1.52785e-11
1.65821e-11
-1.66724e-11
1.61034e-11
-1.5911e-11
1.68482e-11
-1.88916e-11
2.07944e-11
-2.1411e-11
2.06526e-11
-1.99192e-11
2.04986e-11
-2.2467e-11
2.42962e-11
-2.44592e-11
2.24568e-11
-1.93099e-11
1.63463e-11
-1.45545e-11
1.39947e-11
-1.43311e-11
1.467e-11
-1.38807e-11
1.06209e-11
-4.50153e-12
-3.52749e-12
1.12437e-11
-1.6885e-11
2.00629e-11
-2.18799e-11
2.31832e-11
-2.3688e-11
2.19669e-11
-1.7281e-11
1.05243e-11
-4.33693e-12
1.29073e-12
-2.61064e-12
7.29151e-12
-1.30371e-11
1.71756e-11
-1.81357e-11
1.58719e-11
-1.22533e-11
9.9147e-12
-1.09448e-11
1.50649e-11
-1.978e-11
2.16479e-11
-1.88238e-11
1.18684e-11
-3.21673e-12
-5.08059e-12
1.23327e-11
-1.91077e-11
2.53912e-11
-2.98489e-11
3.00425e-11
-2.44769e-11
1.38095e-11
-1.30037e-12
-8.82446e-12
1.30308e-11
-1.04094e-11
2.90137e-12
5.29431e-12
-1.01563e-11
9.85271e-12
-6.10968e-12
2.78885e-12
-3.49772e-12
8.84961e-12
-1.64113e-11
2.23119e-11
-2.41533e-11
2.18842e-11
-1.71463e-11
1.10456e-11
-3.49948e-12
-6.28848e-12
1.78672e-11
-2.89191e-11
3.55946e-11
-3.46783e-11
2.52257e-11
-9.81621e-12
-6.42834e-12
1.76938e-11
-2.05375e-11
1.54542e-11
-6.88335e-12
2.65573e-13
1.08442e-12
1.83992e-12
-5.14483e-12
4.88605e-12
-6.90113e-14
-7.4334e-12
1.45598e-11
-1.95792e-11
2.23869e-11
-2.37019e-11
2.32675e-11
-1.97438e-11
1.13956e-11
1.95912e-12
-1.81498e-11
3.25266e-11
-3.98749e-11
3.65976e-11
-2.32577e-11
4.73824e-12
1.15892e-11
-2.00645e-11
1.95726e-11
-1.39553e-11
8.66135e-12
-7.22932e-12
9.1862e-12
-1.1588e-11
1.14859e-11
-8.17601e-12
2.74631e-12
3.14111e-12
-8.86633e-12
1.46158e-11
-2.07667e-11
2.65168e-11
-2.9764e-11
2.73838e-11
-1.71848e-11
-3.29255e-13
2.05527e-11
-3.63597e-11
4.13418e-11
-3.38615e-11
1.7931e-11
-1.06624e-12
-1.04751e-11
1.46485e-11
-1.39083e-11
1.21442e-11
-1.20016e-11
1.34498e-11
-1.50242e-11
1.51419e-11
-1.34112e-11
1.0291e-11
-6.67912e-12
2.71004e-12
2.38393e-12
-1.00181e-11
2.03515e-11
-3.10418e-11
3.70395e-11
-3.34514e-11
2.05223e-11
-7.32672e-12
1.24633e-12
6.65787e-14
5.67881e-14
2.6467e-14
4.06744e-15
0
