0
2.52827e-16
3.66332e-15
1.97146e-14
1.15259e-13
-2.99328e-13
1.62679e-12
-4.26887e-12
8.15557e-12
-1.2666e-11
1.95695e-11
-3.17041e-11
4.62469e-11
-5.40971e-11
4.97907e-11
-3.75017e-11
2.35642e-11
-1.08543e-11
1.52192e-12
2.31643e-12
-4.47825e-12
1.2457e-11
-2.74114e-11
4.20868e-11
-5.04883e-11
5.16296e-11
-4.52972e-11
3.18981e-11
-1.7436e-11
9.05528e-12
-6.0613e-12
1.4427e-12
7.86437e-12
-1.99666e-11
3.34379e-11
-4.66507e-11
5.35334e-11
-4.93544e-11
3.79013e-11
-2.69931e-11
1.88043e-11
-1.15651e-11
5.21659e-12
6.11952e-13
-1.03351e-11
2.58609e-11
-4.13352e-11
4.95941e-11
-5.03473e-11
4.61716e-11
-3.74308e-11
2.56355e-11
-1.63015e-11
1.15674e-11
-6.45198e-12
-3.71354e-12
1.69221e-11
-2.99758e-11
4.23279e-11
-5.17069e-11
5.25464e-11
-4.41132e-11
3.27874e-11
-2.38607e-11
1.64408e-11
-9.29587e-12
3.15064e-12
4.0404e-12
-1.69816e-11
3.4402e-11
-4.83786e-11
5.33679e-11
-5.05606e-11
4.20602e-11
-2.93901e-11
1.7342e-11
-1.18209e-11
1.11176e-11
-7.11106e-12
-4.72053e-12
2.14093e-11
-3.85813e-11
5.22809e-11
-5.67529e-11
4.8027e-11
-3.15451e-11
1.83737e-11
-1.39271e-11
1.45593e-11
-1.46434e-11
9.73432e-12
4.12127e-12
-2.67659e-11
4.86556e-11
-5.74152e-11
4.98373e-11
-3.38126e-11
1.88953e-11
-1.10625e-11
1.27189e-11
-2.06576e-11
2.37958e-11
-1.17996e-11
-1.34697e-11
3.88164e-11
-5.23318e-11
5.01331e-11
-3.50343e-11
1.52561e-11
-3.63938e-12
8.24087e-12
-2.28683e-11
3.15705e-11
-2.41173e-11
2.43573e-12
2.42252e-11
-4.45923e-11
4.78403e-11
-3.16265e-11
8.04942e-12
4.66707e-12
8.15818e-13
-1.69578e-11
3.08837e-11
-3.27518e-11
1.7555e-11
1.02476e-11
-3.47863e-11
3.96122e-11
-2.37564e-11
1.30973e-12
1.27138e-11
-1.17928e-11
-3.20111e-12
2.36871e-11
-3.44731e-11
2.46313e-11
-1.8392e-13
-2.11078e-11
2.64295e-11
-1.56626e-11
-4.10845e-12
2.225e-11
-2.67653e-11
1.2662e-11
9.83576e-12
-2.36248e-11
2.091e-11
-7.47248e-12
-6.83588e-12
1.38315e-11
-7.7482e-12
-1.07442e-11
3.01736e-11
-3.67689e-11
2.76451e-11
-1.17265e-11
-1.71705e-12
8.63266e-12
-7.95595e-12
1.45069e-12
3.22176e-12
2.05255e-12
-1.65447e-11
3.11165e-11
-3.90325e-11
3.99705e-11
-3.50329e-11
2.42787e-11
-1.12717e-11
2.0301e-12
2.07556e-12
-5.77723e-12
1.18116e-11
-1.82921e-11
2.46062e-11
-3.37344e-11
4.48437e-11
-5.10734e-11
4.73329e-11
-3.57998e-11
2.0344e-11
-3.03507e-12
-1.19957e-11
1.81301e-11
-1.56015e-11
1.41142e-11
-2.2172e-11
3.76686e-11
-5.28821e-11
6.13732e-11
-5.78587e-11
3.87795e-11
-1.00689e-11
-1.29256e-11
1.8993e-11
-1.2084e-11
4.60068e-12
-5.80097e-12
1.85577e-11
-4.05408e-11
6.14097e-11
-6.5997e-11
4.7492e-11
-1.65079e-11
-8.60513e-12
1.72547e-11
-1.10703e-11
-1.85173e-12
1.02834e-11
-3.72927e-12
-1.88352e-11
4.36142e-11
-5.29091e-11
4.11629e-11
-1.77816e-11
-4.15138e-12
1.55309e-11
-1.22209e-11
-2.96582e-12
1.76439e-11
-1.85028e-11
4.57752e-12
1.21326e-11
-2.06132e-11
1.87017e-11
-9.06287e-12
-4.64042e-12
1.49759e-11
-1.39683e-11
2.15954e-12
1.0751e-11
-1.78219e-11
2.04177e-11
-2.13213e-11
1.92147e-11
-1.42607e-11
1.10135e-11
-1.22639e-11
1.45641e-11
-1.44255e-11
1.24127e-11
-8.31763e-12
-2.51262e-12
2.15346e-11
-4.09919e-11
5.03229e-11
-4.69725e-11
3.58913e-11
-2.30774e-11
1.37476e-11
-1.34427e-11
2.19419e-11
-2.83098e-11
1.89045e-11
7.4967e-12
-3.83626e-11
5.95311e-11
-6.43692e-11
5.26535e-11
-3.06664e-11
1.21506e-11
-1.03506e-11
2.3677e-11
-3.58503e-11
3.20743e-11
-1.14479e-11
-1.73052e-11
4.33412e-11
-5.61414e-11
4.91304e-11
-2.80369e-11
9.28186e-12
-5.33296e-12
1.35177e-11
-2.27486e-11
2.53079e-11
-1.94426e-11
5.6527e-12
1.17194e-11
-2.35264e-11
2.28368e-11
-1.32024e-11
3.76007e-12
1.51758e-12
-4.96311e-12
6.57518e-12
-2.97012e-12
-5.50256e-12
1.30103e-11
-1.61769e-11
1.64944e-11
-1.47512e-11
9.60534e-12
-4.76352e-12
8.5557e-12
-2.27558e-11
3.67956e-11
-3.8425e-11
2.48166e-11
-1.64207e-12
-2.33587e-11
4.09462e-11
-4.26073e-11
2.90548e-11
-1.44845e-11
1.43971e-11
-3.03164e-11
4.9407e-11
-5.7911e-11
4.94987e-11
-2.50273e-11
-8.12978e-12
3.53944e-11
-4.35974e-11
3.36333e-11
-2.0555e-11
1.75051e-11
-2.49699e-11
3.57479e-11
-4.38814e-11
4.4399e-11
-3.30923e-11
1.21733e-11
7.66242e-12
-1.76742e-11
1.9341e-11
-1.88376e-11
1.69286e-11
-1.12329e-11
3.9935e-12
-1.29762e-12
4.62677e-12
-1.00811e-11
1.44045e-11
-1.67876e-11
1.42889e-11
-4.01064e-12
-8.90354e-12
1.15921e-11
2.58184e-12
-2.55671e-11
4.25533e-11
-4.49783e-11
3.23085e-11
-9.03168e-12
-1.49262e-11
2.58418e-11
-1.82612e-11
3.20637e-12
1.23114e-12
1.2032e-11
-3.52683e-11
5.60386e-11
-6.56582e-11
5.9247e-11
-3.76321e-11
1.06316e-11
7.62108e-12
-1.1919e-11
9.9311e-12
-1.1438e-11
1.7436e-11
-2.40304e-11
3.03333e-11
-3.72796e-11
4.16046e-11
-3.89967e-11
3.03473e-11
-1.96442e-11
6.93719e-12
8.57692e-12
-2.08828e-11
2.00656e-11
-5.46703e-12
-1.13608e-11
1.8047e-11
-1.2028e-11
-1.74179e-12
1.60812e-11
-2.27575e-11
1.46783e-11
5.15059e-12
-2.10379e-11
1.71981e-11
6.11152e-12
-3.40749e-11
5.21236e-11
-5.52202e-11
4.46642e-11
-2.5729e-11
8.41419e-12
-2.64141e-12
7.44474e-12
-1.11464e-11
4.58384e-12
9.54277e-12
-2.38729e-11
3.59636e-11
-4.68396e-11
5.38282e-11
-5.24282e-11
4.26316e-11
-2.86858e-11
1.28859e-11
3.43571e-12
-1.44985e-11
1.2731e-11
-4.39978e-13
-8.73658e-12
3.49726e-12
1.31418e-11
-2.92386e-11
3.52524e-11
-2.78072e-11
8.10747e-12
1.53381e-11
-2.73742e-11
1.73972e-11
8.33875e-12
-3.18164e-11
4.0361e-11
-3.56631e-11
2.59354e-11
-1.69977e-11
1.20515e-11
-1.37716e-11
1.9923e-11
-2.21852e-11
1.44081e-11
-3.55728e-13
-1.28327e-11
2.47329e-11
-3.94937e-11
5.46418e-11
-6.07309e-11
5.22653e-11
-3.41673e-11
1.53083e-11
-1.93195e-12
-2.29641e-12
-4.10788e-12
1.49593e-11
-1.66724e-11
5.58417e-13
2.51493e-11
-4.21085e-11
3.95352e-11
-2.18393e-11
-4.69711e-15
1.65855e-11
-2.10303e-11
1.02251e-11
9.54715e-12
-2.50061e-11
2.81679e-11
-2.41211e-11
2.21088e-11
-2.36764e-11
2.37084e-11
-2.10433e-11
2.00596e-11
-2.26574e-11
2.41675e-11
-1.98178e-11
8.86567e-12
8.41289e-12
-3.20527e-11
5.57107e-11
-6.59113e-11
5.42962e-11
-2.93967e-11
9.46856e-12
-5.33141e-12
1.32634e-11
-2.33179e-11
2.73458e-11
-2.04427e-11
1.91188e-12
2.00824e-11
-3.14168e-11
2.46602e-11
-7.51634e-12
-6.59983e-12
1.26298e-11
-1.44967e-11
1.40126e-11
-7.86743e-12
-5.12962e-12
1.9844e-11
-3.0895e-11
3.68309e-11
-3.72393e-11
3.0603e-11
-2.02093e-11
1.63089e-11
-2.61794e-11
4.21769e-11
-4.70483e-11
3.12608e-11
-1.63078e-12
-2.78845e-11
4.69993e-11
-5.11397e-11
4.01489e-11
-2.13773e-11
8.0067e-12
-8.287e-12
1.66614e-11
-2.12407e-11
1.78945e-11
-1.27588e-11
1.0627e-11
-8.68783e-12
3.25371e-12
2.34529e-12
-2.06304e-12
-5.50295e-12
1.73944e-11
-3.08861e-11
4.12372e-11
-3.9183e-11
1.80496e-11
1.46239e-11
-4.00569e-11
4.52989e-11
-3.50046e-11
2.34398e-11
-2.00595e-11
2.51236e-11
-3.52063e-11
4.50232e-11
-4.67614e-11
3.47791e-11
-1.37217e-11
-4.65441e-12
1.39018e-11
-1.81719e-11
2.20365e-11
-2.17706e-11
1.10521e-11
6.99849e-12
-2.06419e-11
2.11419e-11
-9.81647e-12
-6.87165e-12
2.2264e-11
-2.95815e-11
2.3772e-11
-9.55435e-12
1.90862e-12
-1.26229e-11
3.63886e-11
-5.59498e-11
5.92971e-11
-4.82955e-11
3.06248e-11
-1.10619e-11
-7.78617e-12
2.14363e-11
-2.69423e-11
2.66879e-11
-2.45929e-11
1.97156e-11
-1.02732e-11
1.64075e-12
-3.73673e-12
1.73105e-11
-2.96771e-11
2.74156e-11
-1.1242e-11
-6.05898e-12
1.25871e-11
-5.06097e-12
-1.39116e-11
3.77255e-11
-5.53722e-11
5.60245e-11
-3.97184e-11
1.85692e-11
-4.21337e-12
-3.86183e-12
1.27196e-11
-2.32057e-11
2.82731e-11
-2.45898e-11
1.84108e-11
-1.8216e-11
2.49818e-11
-3.36287e-11
3.8904e-11
-3.66498e-11
2.27042e-11
1.22644e-12
-2.24849e-11
2.49376e-11
-5.5816e-12
-2.13108e-11
3.8308e-11
-4.06877e-11
3.48909e-11
-2.68139e-11
1.68178e-11
-5.50726e-12
-3.83422e-12
9.56448e-12
-1.40662e-11
1.83849e-11
-2.02314e-11
1.98828e-11
-2.43739e-11
3.86477e-11
-5.4991e-11
5.71318e-11
-3.7952e-11
7.96081e-12
1.50893e-11
-2.20925e-11
1.49879e-11
1.61919e-13
-1.72047e-11
2.87512e-11
-2.96772e-11
2.26422e-11
-1.60858e-11
1.3463e-11
-9.59211e-12
-1.23875e-13
1.02019e-11
-1.16523e-11
5.54958e-12
-4.34736e-12
1.71452e-11
-3.93249e-11
5.78094e-11
-6.32038e-11
5.33855e-11
-3.12783e-11
4.26042e-12
1.5363e-11
-1.78136e-11
5.49791e-12
8.29018e-12
-1.40795e-11
1.49824e-11
-1.86488e-11
2.39149e-11
-2.24718e-11
1.1519e-11
7.48172e-13
-4.98979e-12
6.78676e-13
5.12685e-12
-5.79866e-12
-2.47822e-12
2.11845e-11
-4.65317e-11
6.59536e-11
-6.58782e-11
4.54251e-11
-1.92751e-11
2.74255e-12
2.12099e-12
-3.36875e-12
4.77983e-12
-1.86215e-12
-8.82873e-12
2.18795e-11
-2.87251e-11
2.63274e-11
-1.78368e-11
7.27687e-12
1.00823e-12
-1.45303e-12
-8.18116e-12
1.94224e-11
-1.73797e-11
-4.13627e-12
3.36733e-11
-5.33165e-11
5.60424e-11
-4.88193e-11
3.95583e-11
-2.85636e-11
1.35344e-11
1.96443e-12
-1.06983e-11
9.07052e-12
8.40057e-13
-1.55995e-11
3.08388e-11
-3.90195e-11
3.28247e-11
-1.53427e-11
1.2319e-12
-3.06007e-12
1.6839e-11
-2.65366e-11
2.15468e-11
-6.10808e-12
-9.90097e-12
2.27941e-11
-3.48293e-11
4.53089e-11
-4.90943e-11
4.27703e-11
-2.84333e-11
1.00334e-11
8.28595e-12
-1.96616e-11
1.51637e-11
6.405e-12
-3.22991e-11
4.47925e-11
-3.88903e-11
2.61653e-11
-2.03542e-11
2.25058e-11
-2.43409e-11
2.12094e-11
-1.6751e-11
1.45752e-11
-1.22607e-11
5.0417e-12
7.51519e-12
-2.2386e-11
3.63102e-11
-4.49876e-11
4.10223e-11
-2.04908e-11
-8.14971e-12
2.65368e-11
-2.30454e-11
3.82108e-12
1.51668e-11
-2.59381e-11
3.28857e-11
-4.14068e-11
4.78826e-11
-4.52797e-11
3.35544e-11
-2.05966e-11
1.32988e-11
-1.27359e-11
1.63636e-11
-2.08061e-11
2.02697e-11
-8.75702e-12
-1.21542e-11
2.944e-11
-2.94652e-11
1.23939e-11
7.46092e-12
-1.77276e-11
1.92143e-11
-1.95153e-11
1.88026e-11
-9.11378e-12
-1.3369e-11
4.00697e-11
-5.75796e-11
5.92307e-11
-4.79186e-11
3.02987e-11
-1.35686e-11
4.85945e-12
-8.10464e-12
1.82233e-11
-2.37986e-11
1.8608e-11
-9.19058e-12
6.13711e-12
-1.05112e-11
1.32466e-11
-9.39918e-12
6.30642e-12
-1.43208e-11
3.14257e-11
-4.32442e-11
3.75452e-11
-1.56719e-11
-1.17191e-11
3.4568e-11
-4.75023e-11
4.78375e-11
-3.65068e-11
1.99259e-11
-6.75529e-12
-1.54604e-13
4.47879e-12
-8.00324e-12
4.68664e-12
1.11035e-11
-3.30611e-11
4.51886e-11
-3.89258e-11
2.3285e-11
-1.52072e-11
2.10584e-11
-3.2434e-11
3.80914e-11
-3.55321e-11
2.85733e-11
-1.95714e-11
7.81674e-12
5.47799e-12
-1.63188e-11
2.15769e-11
-2.07187e-11
1.22983e-11
5.64688e-12
-2.90436e-11
4.42151e-11
-3.8155e-11
1.25622e-11
1.57509e-11
-3.17442e-11
3.55691e-11
-3.7389e-11
4.11183e-11
-4.01254e-11
2.85625e-11
-1.22136e-11
3.08093e-12
-6.55807e-12
1.6815e-11
-2.48664e-11
2.6161e-11
-2.11273e-11
1.22233e-11
-4.65812e-12
5.48993e-12
-1.77334e-11
3.44217e-11
-4.39861e-11
4.19258e-11
-3.47545e-11
2.90217e-11
-2.12234e-11
2.86268e-12
2.40114e-11
-4.35702e-11
4.09232e-11
-1.84259e-11
-7.30901e-12
2.19866e-11
-2.44484e-11
2.05763e-11
-1.33575e-11
1.52953e-12
1.39559e-11
-2.83976e-11
3.73957e-11
-4.00584e-11
3.65378e-11
-2.73534e-11
1.64299e-11
-1.22861e-11
1.98833e-11
-3.25454e-11
3.60547e-11
-2.43667e-11
7.09567e-12
9.21706e-13
3.54577e-12
-1.10344e-11
1.37359e-11
-1.62062e-11
2.72633e-11
-4.54196e-11
5.70208e-11
-5.03512e-11
2.70999e-11
6.01073e-13
-2.18592e-11
3.23037e-11
-3.17031e-11
2.1332e-11
-5.52967e-12
-9.05513e-12
1.81186e-11
-2.24583e-11
2.30768e-11
-1.64242e-11
-1.46954e-12
2.52479e-11
-4.05228e-11
3.75547e-11
-2.31899e-11
1.40967e-11
-1.8497e-11
2.8114e-11
-3.03655e-11
2.39833e-11
-1.86788e-11
2.04731e-11
-2.36612e-11
1.90622e-11
-7.00864e-12
-2.29923e-12
-2.92486e-13
1.4503e-11
-3.33135e-11
4.92927e-11
-5.70617e-11
5.27995e-11
-3.6719e-11
1.51612e-11
3.00246e-12
-1.41526e-11
2.08336e-11
-2.42339e-11
1.85925e-11
1.37581e-12
-2.90255e-11
4.65562e-11
-4.1681e-11
2.02738e-11
2.15336e-13
-9.96029e-12
1.41673e-11
-2.18946e-11
3.14709e-11
-3.28927e-11
2.18395e-11
-7.19222e-12
1.30413e-12
-7.26027e-12
1.71443e-11
-2.24106e-11
2.09081e-11
-1.57397e-11
1.00788e-11
-6.88847e-12
9.12755e-12
-1.79647e-11
2.94604e-11
-3.802e-11
4.21036e-11
-4.51657e-11
4.74752e-11
-4.22345e-11
2.27373e-11
5.06719e-12
-2.39829e-11
2.10034e-11
-1.103e-12
-1.95094e-11
3.08724e-11
-3.74035e-11
4.59672e-11
-5.27125e-11
4.54608e-11
-2.03472e-11
-1.06411e-11
2.97404e-11
-3.02305e-11
1.91656e-11
-7.00499e-12
-2.5851e-12
1.07776e-11
-1.73092e-11
1.88155e-11
-1.36299e-11
3.73204e-12
7.43099e-12
-1.74364e-11
2.34871e-11
-2.2578e-11
1.54077e-11
-9.35628e-12
1.26032e-11
-2.43786e-11
3.3768e-11
-3.14299e-11
2.05078e-11
-1.25426e-11
1.27225e-11
-1.37878e-11
7.33629e-12
2.22509e-12
-3.76291e-13
-1.97807e-11
4.70823e-11
-6.25176e-11
5.84074e-11
-4.33622e-11
2.93689e-11
-1.83428e-11
4.93388e-12
1.11699e-11
-2.0561e-11
1.37853e-11
7.98772e-12
-3.34396e-11
5.12192e-11
-5.66407e-11
5.06468e-11
-3.59164e-11
1.65224e-11
1.83776e-12
-1.41963e-11
1.95058e-11
-1.90881e-11
1.26248e-11
1.47118e-12
-2.00065e-11
3.26444e-11
-2.9938e-11
1.41231e-11
1.54081e-12
-6.69594e-12
4.62073e-12
-6.45883e-12
1.54274e-11
-2.22175e-11
1.73669e-11
-5.47531e-12
9.71949e-13
-1.08591e-11
2.4942e-11
-2.77165e-11
1.5914e-11
-1.94447e-12
-1.77851e-12
-4.44773e-12
1.077e-11
-1.27867e-11
1.60721e-11
-2.76351e-11
4.41149e-11
-5.44396e-11
5.02794e-11
-3.41956e-11
1.46321e-11
8.90371e-13
-9.54053e-12
9.72984e-12
-1.15996e-12
-1.46293e-11
3.26956e-11
-4.86175e-11
5.91801e-11
-6.18576e-11
5.24019e-11
-3.00883e-11
2.07576e-12
1.75702e-11
-1.99477e-11
8.34996e-12
5.74976e-12
-1.66839e-11
2.80157e-11
-4.37365e-11
5.66215e-11
-5.35599e-11
3.06692e-11
-1.6644e-12
-1.50591e-11
1.41147e-11
-6.6009e-12
3.85288e-12
-4.06795e-12
-3.10946e-12
1.95087e-11
-3.29787e-11
3.02568e-11
-1.29918e-11
-3.82298e-12
8.44794e-12
-3.96399e-12
1.71264e-12
-6.36613e-12
1.17414e-11
-1.04701e-11
4.33236e-12
-1.43339e-12
6.0172e-12
-1.31323e-11
1.52853e-11
-1.02666e-11
2.76214e-12
1.98273e-12
-1.67318e-12
-3.01738e-12
1.13668e-11
-2.15308e-11
3.068e-11
-3.56779e-11
3.62182e-11
-3.29718e-11
2.56649e-11
-1.2575e-11
-3.66519e-12
1.46525e-11
-1.12387e-11
-6.17285e-12
2.73572e-11
-4.13456e-11
4.71239e-11
-5.03456e-11
5.27188e-11
-4.66734e-11
2.58877e-11
2.96638e-12
-2.19261e-11
1.89419e-11
5.70047e-13
-2.06391e-11
3.27146e-11
-4.17897e-11
5.44766e-11
-6.52374e-11
6.00635e-11
-3.4231e-11
1.39117e-12
1.79352e-11
-1.63949e-11
3.82191e-12
6.89771e-12
-1.51668e-11
2.86287e-11
-4.86005e-11
6.27365e-11
-5.7865e-11
3.45102e-11
-8.33168e-12
-6.52322e-12
8.56297e-12
-6.49227e-12
4.53316e-12
1.07653e-12
-1.54572e-11
3.3804e-11
-4.51817e-11
4.18903e-11
-2.80712e-11
1.2912e-11
-3.02491e-12
-2.64231e-12
6.03242e-12
-7.1386e-12
3.17778e-12
5.1493e-12
-1.45088e-11
2.01e-11
-2.06509e-11
1.64732e-11
-9.84852e-12
2.716e-12
1.71836e-12
-2.3871e-12
5.01285e-13
1.10801e-13
1.48626e-12
-3.0816e-12
1.49543e-12
1.49369e-12
-1.4061e-12
-3.5723e-12
8.06351e-12
-5.72401e-12
-2.93054e-12
9.08946e-12
-5.63338e-12
-4.74561e-12
1.24612e-11
-1.28873e-11
1.15475e-11
-1.59006e-11
2.39806e-11
-2.48893e-11
1.24288e-11
5.76312e-12
-1.46604e-11
8.53703e-12
4.1179e-12
-1.13853e-11
1.3108e-11
-1.8567e-11
3.25005e-11
-4.47728e-11
4.13709e-11
-2.05051e-11
-2.48786e-12
1.21202e-11
-7.25527e-12
1.24231e-13
2.27577e-12
-5.91728e-12
2.11366e-11
-4.44935e-11
5.96297e-11
-5.28797e-11
2.97628e-11
-7.68967e-12
-1.576e-12
2.9661e-12
-5.89745e-12
9.90952e-12
-3.17012e-12
-2.00691e-11
4.92522e-11
-6.48014e-11
5.8457e-11
-3.94779e-11
2.30438e-11
-1.31693e-11
3.15453e-12
1.07394e-11
-1.95452e-11
1.06692e-11
1.62335e-11
-4.57376e-11
6.09371e-11
-5.87764e-11
4.88328e-11
-3.94254e-11
2.82579e-11
-9.99207e-12
-1.193e-11
2.36178e-11
-1.49247e-11
-1.00664e-11
3.57244e-11
-5.08607e-11
5.55097e-11
-5.61489e-11
5.3e-11
-4.08803e-11
1.72992e-11
8.19179e-12
-2.17376e-11
1.59532e-11
2.44961e-12
-2.25703e-11
3.78674e-11
-5.01626e-11
5.96112e-11
-6.175e-11
4.96533e-11
-2.54581e-11
-3.47142e-13
1.48996e-11
-1.49163e-11
4.67433e-12
9.08775e-12
-2.51428e-11
4.29086e-11
-5.89808e-11
6.4729e-11
-5.5333e-11
3.37159e-11
-1.05477e-11
-5.63279e-12
1.18351e-11
-1.03113e-11
1.86979e-12
1.35972e-11
-3.46151e-11
5.40375e-11
-6.33439e-11
5.81181e-11
-4.19348e-11
2.21544e-11
-4.91101e-12
-7.31701e-12
1.29857e-11
-9.6882e-12
-4.05834e-12
2.53086e-11
-4.61919e-11
5.86212e-11
-5.88502e-11
4.90218e-11
-3.32998e-11
1.56393e-11
1.11726e-12
-1.2531e-11
1.41696e-11
-3.56195e-12
-1.57089e-11
3.66534e-11
-5.16797e-11
5.76878e-11
-5.42809e-11
4.33166e-11
-2.61719e-11
6.79985e-12
9.34363e-12
-1.54832e-11
9.34329e-12
6.80044e-12
-2.61723e-11
4.3317e-11
-5.42811e-11
5.76885e-11
-5.16801e-11
3.66541e-11
-1.57087e-11
-3.56191e-12
1.41703e-11
-1.2531e-11
1.1179e-12
1.56394e-11
-3.32989e-11
4.90217e-11
-5.88493e-11
5.86216e-11
-4.61916e-11
2.53094e-11
-4.058e-12
-9.68748e-12
1.29859e-11
-7.31598e-12
-4.91092e-12
2.21552e-11
-4.19343e-11
5.81186e-11
-6.33434e-11
5.4038e-11
-3.46144e-11
1.35975e-11
1.87057e-12
-1.03109e-11
1.18357e-11
-5.63244e-12
-1.05471e-11
3.37162e-11
-5.53326e-11
6.47295e-11
-5.89806e-11
4.29089e-11
-2.51424e-11
9.08804e-12
4.67435e-12
-1.49157e-11
1.48996e-11
-3.47029e-13
-2.54579e-11
4.96535e-11
-6.17501e-11
5.96114e-11
-5.01625e-11
3.7867e-11
-2.257e-11
2.44939e-12
1.5953e-11
-2.17377e-11
8.19166e-12
1.72988e-11
-4.08805e-11
5.29999e-11
-5.61496e-11
5.55097e-11
-5.08612e-11
3.57239e-11
-1.00667e-11
-1.49251e-11
2.36171e-11
-1.19304e-11
-9.99231e-12
2.8257e-11
-3.94256e-11
4.88324e-11
-5.87771e-11
6.09368e-11
-4.5738e-11
1.62327e-11
1.06688e-11
-1.95456e-11
1.07386e-11
3.15402e-12
-1.31696e-11
2.30429e-11
-3.94783e-11
5.84566e-11
-6.48021e-11
4.92518e-11
-2.00696e-11
-3.17049e-12
9.9089e-12
-5.89751e-12
2.96547e-12
-1.57625e-12
-7.68988e-12
2.97623e-11
-5.28798e-11
5.96293e-11
-4.44935e-11
2.11362e-11
-5.91717e-12
2.27549e-12
1.24175e-13
-7.25514e-12
1.21199e-11
-2.48767e-12
-2.05051e-11
4.1371e-11
-4.47727e-11
3.25007e-11
-1.85667e-11
1.3108e-11
-1.13848e-11
4.11799e-12
8.5374e-12
-1.466e-11
5.76324e-12
1.24295e-11
-2.48892e-11
2.39812e-11
-1.59004e-11
1.15482e-11
-1.28871e-11
1.24618e-11
-4.74494e-12
-5.63324e-12
9.09027e-12
-2.93021e-12
-5.72338e-12
8.06381e-12
-3.5715e-12
-1.40579e-12
1.49419e-12
1.49606e-12
-3.08117e-12
1.48666e-12
1.11367e-13
5.01766e-13
-2.3868e-12
1.71892e-12
2.71635e-12
-9.84807e-12
1.64734e-11
-2.06503e-11
2.01e-11
-1.45082e-11
5.14942e-12
3.17809e-12
-7.13836e-12
6.0325e-12
-2.64197e-12
-3.025e-12
1.29124e-11
-2.80714e-11
4.18906e-11
-4.51819e-11
3.3804e-11
-1.54571e-11
1.07634e-12
4.53317e-12
-6.49251e-12
8.56293e-12
-6.52347e-12
-8.33193e-12
3.451e-11
-5.78654e-11
6.27363e-11
-4.86008e-11
2.86284e-11
-1.51671e-11
6.89722e-12
3.82185e-12
-1.63956e-11
1.79351e-11
1.39066e-12
-3.42314e-11
6.00631e-11
-6.52379e-11
5.44763e-11
-4.17905e-11
3.27146e-11
-2.06399e-11
5.69905e-13
1.89413e-11
-2.19265e-11
2.96616e-12
2.5887e-11
-4.66735e-11
5.27182e-11
-5.03458e-11
4.71233e-11
-4.13457e-11
2.73567e-11
-6.17319e-12
-1.12388e-11
1.46519e-11
-3.66526e-12
-1.25753e-11
2.56646e-11
-3.2972e-11
3.62181e-11
-3.56782e-11
3.068e-11
-2.15308e-11
1.13668e-11
-3.0175e-12
-1.67299e-12
1.98255e-12
2.76229e-12
-1.02665e-11
1.52854e-11
-1.31321e-11
6.01718e-12
-1.43296e-12
4.33215e-12
-1.04695e-11
1.17414e-11
-6.36575e-12
1.71275e-12
-3.96359e-12
8.44818e-12
-3.82288e-12
-1.29911e-11
3.02566e-11
-3.2978e-11
1.95087e-11
-3.10878e-12
-4.06801e-12
3.85354e-12
-6.60066e-12
1.41149e-11
-1.50586e-11
-1.66433e-12
3.06698e-11
-5.356e-11
5.66224e-11
-4.37366e-11
2.80162e-11
-1.66836e-11
5.75006e-12
8.35028e-12
-1.99476e-11
1.75707e-11
2.07577e-12
-3.00879e-11
5.2402e-11
-6.18574e-11
5.91802e-11
-4.86174e-11
3.26959e-11
-1.46293e-11
-1.1599e-12
9.73018e-12
-9.54081e-12
8.90747e-13
1.46319e-11
-3.41954e-11
5.02792e-11
-5.44394e-11
4.41148e-11
-2.76353e-11
1.60723e-11
-1.27872e-11
1.07704e-11
-4.44834e-12
-1.77829e-12
-1.94479e-12
1.5914e-11
-2.77168e-11
2.49421e-11
-1.08594e-11
9.71546e-13
-5.4751e-12
1.73663e-11
-2.22175e-11
1.54272e-11
-6.45907e-12
4.6204e-12
-6.69602e-12
1.54051e-12
1.41228e-11
-2.9938e-11
3.26439e-11
-2.00066e-11
1.47094e-12
1.26245e-11
-1.90882e-11
1.95055e-11
-1.41964e-11
1.83744e-12
1.65223e-11
-3.59167e-11
5.06468e-11
-5.6641e-11
5.12191e-11
-3.34397e-11
7.98748e-12
1.37852e-11
-2.0561e-11
1.11697e-11
4.93378e-12
-1.83427e-11
2.93685e-11
-4.33619e-11
5.84072e-11
-6.25174e-11
4.70818e-11
-1.97802e-11
-3.76664e-13
2.22515e-12
7.33659e-12
-1.37881e-11
1.27227e-11
-1.25426e-11
2.0508e-11
-3.14302e-11
3.37685e-11
-2.43786e-11
1.26031e-11
-9.35582e-12
1.54076e-11
-2.25779e-11
2.34874e-11
-1.74364e-11
7.43129e-12
3.73188e-12
-1.36292e-11
1.8815e-11
-1.73085e-11
1.07774e-11
-2.58477e-12
-7.00492e-12
1.91657e-11
-3.023e-11
2.97398e-11
-1.06401e-11
-2.03479e-11
4.54617e-11
-5.2713e-11
4.59678e-11
-3.74038e-11
3.08727e-11
-1.95093e-11
-1.10323e-12
2.1004e-11
-2.39834e-11
5.0679e-12
2.27369e-11
-4.22341e-11
4.74751e-11
-4.51655e-11
4.21035e-11
-3.802e-11
2.94606e-11
-1.79651e-11
9.12808e-12
-6.88883e-12
1.00789e-11
-1.57396e-11
2.09079e-11
-2.24106e-11
1.71441e-11
-7.26003e-12
1.30361e-12
-7.19168e-12
2.1839e-11
-3.28924e-11
3.14708e-11
-2.18948e-11
1.41675e-11
-9.96081e-12
2.15811e-13
2.02732e-11
-4.16807e-11
4.65557e-11
-2.90251e-11
1.37519e-12
1.85927e-11
-2.42339e-11
2.08332e-11
-1.41523e-11
3.00221e-12
1.51612e-11
-3.67193e-11
5.27999e-11
-5.70624e-11
4.92931e-11
-3.33139e-11
1.45031e-11
-2.92658e-13
-2.29921e-12
-7.00871e-12
1.90621e-11
-2.36611e-11
2.0473e-11
-1.86788e-11
2.39831e-11
-3.03654e-11
2.81139e-11
-1.84971e-11
1.40969e-11
-2.31899e-11
3.75545e-11
-4.05224e-11
2.52476e-11
-1.46926e-12
-1.64245e-11
2.30772e-11
-2.24586e-11
1.81187e-11
-9.05503e-12
-5.52976e-12
2.13319e-11
-3.17029e-11
3.23035e-11
-2.18592e-11
6.01207e-13
2.70999e-11
-5.03514e-11
5.70212e-11
-4.54198e-11
2.72632e-11
-1.62057e-11
1.37352e-11
-1.10336e-11
3.5451e-12
9.22258e-13
7.09522e-12
-2.4366e-11
3.60539e-11
-3.25447e-11
1.98831e-11
-1.22863e-11
1.64304e-11
-2.73538e-11
3.65383e-11
-4.00587e-11
3.73961e-11
-2.8398e-11
1.39564e-11
1.52924e-12
-1.33572e-11
2.05761e-11
-2.44482e-11
2.19867e-11
-7.30887e-12
-1.84263e-11
4.09241e-11
-4.35711e-11
2.40122e-11
2.8623e-12
-2.12231e-11
2.90215e-11
-3.47544e-11
4.1926e-11
-4.39867e-11
3.44225e-11
-1.77342e-11
5.4908e-12
-4.65904e-12
1.22241e-11
-2.11279e-11
2.61612e-11
-2.48665e-11
1.68151e-11
-6.55826e-12
3.08099e-12
-1.22134e-11
2.85621e-11
-4.0125e-11
4.11181e-11
-3.73889e-11
3.55689e-11
-3.17441e-11
1.57508e-11
1.25623e-11
-3.81551e-11
4.42152e-11
-2.90438e-11
5.64702e-12
1.22981e-11
-2.07185e-11
2.15767e-11
-1.63187e-11
5.47792e-12
7.81668e-12
-1.95712e-11
2.8573e-11
-3.55319e-11
3.80912e-11
-3.24338e-11
2.10583e-11
-1.52072e-11
2.32852e-11
-3.8926e-11
4.51887e-11
-3.30612e-11
1.11036e-11
4.68645e-12
-8.00318e-12
4.47891e-12
-1.5477e-13
-6.75529e-12
1.99261e-11
-3.65069e-11
4.78374e-11
-4.75021e-11
3.45678e-11
-1.17191e-11
-1.56719e-11
3.75454e-11
-4.32445e-11
3.14258e-11
-1.43206e-11
6.30617e-12
-9.39897e-12
1.32463e-11
-1.05108e-11
6.13669e-12
-9.19037e-12
1.86082e-11
-2.3799e-11
1.82237e-11
-8.10482e-12
4.85956e-12
-1.35687e-11
3.02987e-11
-4.79184e-11
5.92305e-11
-5.75795e-11
4.00697e-11
-1.33691e-11
-9.11367e-12
1.88024e-11
-1.95149e-11
1.92138e-11
-1.77272e-11
7.46075e-12
1.23938e-11
-2.9465e-11
2.94397e-11
-1.21541e-11
-8.75696e-12
2.02694e-11
-2.08058e-11
1.63635e-11
-1.2736e-11
1.3299e-11
-2.05969e-11
3.35547e-11
-4.528e-11
4.7883e-11
-4.14072e-11
3.28859e-11
-2.59382e-11
1.51666e-11
3.82149e-12
-2.30459e-11
2.65371e-11
-8.14969e-12
-2.0491e-11
4.10227e-11
-4.49881e-11
3.63106e-11
-2.23861e-11
7.51509e-12
5.04192e-12
-1.2261e-11
1.45756e-11
-1.67516e-11
2.121e-11
-2.43413e-11
2.25058e-11
-2.03539e-11
2.61651e-11
-3.88902e-11
4.47924e-11
-3.2299e-11
6.4049e-12
1.51637e-11
-1.96614e-11
8.28558e-12
1.00338e-11
-2.84336e-11
4.27705e-11
-4.90944e-11
4.53086e-11
-3.48289e-11
2.27937e-11
-9.90072e-12
-6.10836e-12
2.15474e-11
-2.65373e-11
1.68396e-11
-3.06029e-12
1.23187e-12
-1.53426e-11
3.28246e-11
-3.90193e-11
3.08386e-11
-1.55994e-11
8.40108e-13
9.07044e-12
-1.06983e-11
1.96442e-12
1.35345e-11
-2.85637e-11
3.95583e-11
-4.8819e-11
5.60421e-11
-5.33162e-11
3.3673e-11
-4.13591e-12
-1.738e-11
1.94225e-11
-8.18108e-12
-1.45316e-12
1.00838e-12
7.27671e-12
-1.78367e-11
2.63275e-11
-2.87253e-11
2.18798e-11
-8.8289e-12
-1.862e-12
4.77968e-12
-3.36864e-12
2.12096e-12
2.74255e-12
-1.92751e-11
4.5425e-11
-6.58779e-11
6.59533e-11
-4.65316e-11
2.11846e-11
-2.47836e-12
-5.79862e-12
5.12691e-12
6.78561e-13
-4.98954e-12
7.47807e-13
1.15193e-11
-2.24719e-11
2.3915e-11
-1.86489e-11
1.49827e-11
-1.40798e-11
8.29021e-12
5.49816e-12
-1.78139e-11
1.53633e-11
4.26022e-12
-3.12782e-11
5.33855e-11
-6.32038e-11
5.78095e-11
-3.9325e-11
1.71452e-11
-4.34736e-12
5.54962e-12
-1.16523e-11
1.02017e-11
-1.23494e-13
-9.59263e-12
1.34635e-11
-1.60861e-11
2.26424e-11
-2.96772e-11
2.8751e-11
-1.72044e-11
1.61549e-13
1.49881e-11
-2.20925e-11
1.50891e-11
7.96127e-12
-3.79525e-11
5.71323e-11
-5.49914e-11
3.86479e-11
-2.43739e-11
1.98825e-11
-2.0231e-11
1.83846e-11
-1.4066e-11
9.56439e-12
-3.83428e-12
-5.50706e-12
1.68175e-11
-2.68136e-11
3.48907e-11
-4.06879e-11
3.83084e-11
-2.13113e-11
-5.58102e-12
2.4937e-11
-2.24844e-11
1.22604e-12
2.27044e-11
-3.66498e-11
3.8904e-11
-3.36287e-11
2.49818e-11
-1.82161e-11
1.8411e-11
-2.45902e-11
2.82734e-11
-2.32059e-11
1.27197e-11
-3.86178e-12
-4.21347e-12
1.85694e-11
-3.97186e-11
5.60247e-11
-5.53723e-11
3.77256e-11
-1.39117e-11
-5.06074e-12
1.2587e-11
-6.05898e-12
-1.12418e-11
2.74153e-11
-2.96769e-11
1.73104e-11
-3.73675e-12
1.64083e-12
-1.02733e-11
1.97158e-11
-2.45931e-11
2.6688e-11
-2.69423e-11
2.14364e-11
-7.7865e-12
-1.10616e-11
3.06247e-11
-4.82957e-11
5.92974e-11
-5.595e-11
3.63888e-11
-1.26229e-11
1.90843e-12
-9.5539e-12
2.37715e-11
-2.95812e-11
2.22641e-11
-6.87188e-12
-9.81626e-12
2.11418e-11
-2.06417e-11
6.99819e-12
1.10524e-11
-2.17706e-11
2.20363e-11
-1.81715e-11
1.39013e-11
-4.65386e-12
-1.37222e-11
3.47794e-11
-4.67615e-11
4.50232e-11
-3.52065e-11
2.51241e-11
-2.00601e-11
2.34403e-11
-3.50049e-11
4.52991e-11
-4.00569e-11
1.4624e-11
1.80496e-11
-3.91831e-11
4.12373e-11
-3.08862e-11
1.73944e-11
-5.50288e-12
-2.06306e-12
2.34509e-12
3.25419e-12
-8.68849e-12
1.06278e-11
-1.27596e-11
1.78952e-11
-2.1241e-11
1.66613e-11
-8.28671e-12
8.00655e-12
-2.13774e-11
4.0149e-11
-5.11398e-11
4.69995e-11
-2.78848e-11
-1.63048e-12
3.12608e-11
-4.70485e-11
4.21772e-11
-2.61797e-11
1.63091e-11
-2.02094e-11
3.0603e-11
-3.72392e-11
3.68306e-11
-3.08949e-11
1.98442e-11
-5.13002e-12
-7.86717e-12
1.40126e-11
-1.44971e-11
1.26304e-11
-6.60046e-12
-7.51578e-12
2.46599e-11
-3.14167e-11
2.00825e-11
1.9117e-12
-2.04427e-11
2.73459e-11
-2.33183e-11
1.32639e-11
-5.33183e-12
9.46899e-12
-2.93971e-11
5.42966e-11
-6.59114e-11
5.57106e-11
-3.20525e-11
8.41269e-12
8.86593e-12
-1.98181e-11
2.41678e-11
-2.26573e-11
2.00592e-11
-2.1043e-11
2.37083e-11
-2.36764e-11
2.2109e-11
-2.41214e-11
2.81683e-11
-2.50066e-11
9.54728e-12
1.02254e-11
-2.10306e-11
1.65858e-11
-4.81205e-15
-2.18392e-11
3.95352e-11
-4.21087e-11
2.51495e-11
5.58342e-13
-1.66726e-11
1.49596e-11
-4.10797e-12
-2.29652e-12
-1.93167e-12
1.5308e-11
-3.4167e-11
5.22651e-11
-6.07308e-11
5.46417e-11
-3.94935e-11
2.47325e-11
-1.28321e-11
-3.56266e-13
1.44085e-11
-2.21853e-11
1.99231e-11
-1.37718e-11
1.20519e-11
-1.69983e-11
2.59359e-11
-3.56634e-11
4.03611e-11
-3.18162e-11
8.33838e-12
1.73975e-11
-2.73742e-11
1.53378e-11
8.10785e-12
-2.78074e-11
3.52523e-11
-2.92384e-11
1.31415e-11
3.49766e-12
-8.73688e-12
-4.39882e-13
1.27311e-11
-1.44987e-11
3.43591e-12
1.28858e-11
-2.86856e-11
4.26315e-11
-5.24281e-11
5.3828e-11
-4.68393e-11
3.59633e-11
-2.38725e-11
9.54239e-12
4.58421e-12
-1.11468e-11
7.4451e-12
-2.64181e-12
8.41467e-12
-2.57295e-11
4.46647e-11
-5.52205e-11
5.21237e-11
-3.4075e-11
6.11156e-12
1.7198e-11
-2.10377e-11
5.15025e-12
1.46787e-11
-2.27576e-11
1.60811e-11
-1.74156e-12
-1.20283e-11
1.80472e-11
-1.1361e-11
-5.46704e-12
2.00657e-11
-2.08829e-11
8.57683e-12
6.93747e-12
-1.96446e-11
3.03476e-11
-3.89969e-11
4.16047e-11
-3.72796e-11
3.03332e-11
-2.40304e-11
1.74361e-11
-1.14381e-11
9.93133e-12
-1.19193e-11
7.62126e-12
1.06314e-11
-3.76319e-11
5.92469e-11
-6.56581e-11
5.60386e-11
-3.52684e-11
1.20321e-11
1.23122e-12
3.2062e-12
-1.8261e-11
2.58415e-11
-1.4926e-11
-9.0318e-12
3.23085e-11
-4.49781e-11
4.25531e-11
-2.5567e-11
2.58184e-12
1.15921e-11
-8.9036e-12
-4.01062e-12
1.4289e-11
-1.67877e-11
1.44044e-11
-1.0081e-11
4.62667e-12
-1.29742e-12
3.99315e-12
-1.12325e-11
1.69283e-11
-1.88375e-11
1.93411e-11
-1.76743e-11
7.6624e-12
1.21734e-11
-3.30923e-11
4.43991e-11
-4.38816e-11
3.57482e-11
-2.49701e-11
1.75053e-11
-2.05551e-11
3.36334e-11
-4.35974e-11
3.53941e-11
-8.12945e-12
-2.50274e-11
4.94986e-11
-5.79109e-11
4.9407e-11
-3.03165e-11
1.43973e-11
-1.44848e-11
2.90553e-11
-4.26077e-11
4.09463e-11
-2.33587e-11
-1.64181e-12
2.48161e-11
-3.84244e-11
3.6795e-11
-2.27552e-11
8.55524e-12
-4.76328e-12
9.60526e-12
-1.4751e-11
1.64939e-11
-1.61764e-11
1.30098e-11
-5.50201e-12
-2.97056e-12
6.57545e-12
-4.9632e-12
1.51763e-12
3.75999e-12
-1.32023e-11
2.28367e-11
-2.35263e-11
1.17194e-11
5.65271e-12
-1.94425e-11
2.53077e-11
-2.27484e-11
1.35175e-11
-5.33267e-12
9.28159e-12
-2.80367e-11
4.91303e-11
-5.61412e-11
4.33408e-11
-1.73047e-11
-1.14483e-11
3.20747e-11
-3.58506e-11
2.36772e-11
-1.03505e-11
1.21505e-11
-3.06664e-11
5.26537e-11
-6.43695e-11
5.95313e-11
-3.83629e-11
7.49681e-12
1.89045e-11
-2.83098e-11
2.19418e-11
-1.34427e-11
1.37476e-11
-2.30774e-11
3.58913e-11
-4.69726e-11
5.03229e-11
-4.09917e-11
2.15341e-11
-2.51221e-12
-8.3179e-12
1.24128e-11
-1.44255e-11
1.45641e-11
-1.22639e-11
1.10137e-11
-1.4261e-11
1.92151e-11
-2.13216e-11
2.04178e-11
-1.78219e-11
1.07511e-11
2.15935e-12
-1.3968e-11
1.49756e-11
-4.64012e-12
-9.06305e-12
1.87016e-11
-2.06129e-11
1.21322e-11
4.57758e-12
-1.85026e-11
1.76437e-11
-2.96562e-12
-1.22211e-11
1.5531e-11
-4.15117e-12
-1.77821e-11
4.11633e-11
-5.29094e-11
4.36145e-11
-1.88354e-11
-3.72928e-12
1.02836e-11
-1.85194e-12
-1.10703e-11
1.72547e-11
-8.60526e-12
-1.65076e-11
4.74916e-11
-6.59967e-11
6.14095e-11
-4.05408e-11
1.85578e-11
-5.80117e-12
4.60084e-12
-1.2084e-11
1.89929e-11
-1.29254e-11
-1.00693e-11
3.87799e-11
-5.7859e-11
6.13733e-11
-5.28821e-11
3.76686e-11
-2.21719e-11
1.41141e-11
-1.56017e-11
1.81305e-11
-1.19961e-11
-3.03483e-12
2.03438e-11
-3.57997e-11
4.73329e-11
-5.10734e-11
4.48437e-11
-3.37342e-11
2.46059e-11
-1.8292e-11
1.18115e-11
-5.77714e-12
2.07551e-12
2.03013e-12
-1.12717e-11
2.42788e-11
-3.5033e-11
3.99705e-11
-3.90325e-11
3.11165e-11
-1.65447e-11
2.05258e-12
3.22169e-12
1.4508e-12
-7.95597e-12
8.63254e-12
-1.71688e-12
-1.17266e-11
2.76452e-11
-3.67689e-11
3.01735e-11
-1.0744e-11
-7.74828e-12
1.38315e-11
-6.83572e-12
-7.47264e-12
2.09101e-11
-2.36248e-11
9.83569e-12
1.26621e-11
-2.67654e-11
2.22501e-11
-4.10841e-12
-1.56627e-11
2.64296e-11
-2.11078e-11
-1.83983e-13
2.46314e-11
-3.44732e-11
2.36871e-11
-3.20113e-12
-1.17929e-11
1.27139e-11
1.30973e-12
-2.37565e-11
3.96124e-11
-3.47864e-11
1.02477e-11
1.75549e-11
-3.27518e-11
3.08837e-11
-1.69578e-11
8.15749e-13
4.66715e-12
8.04936e-12
-3.16263e-11
4.78401e-11
-4.45921e-11
2.42251e-11
2.43586e-12
-2.41175e-11
3.15706e-11
-2.28683e-11
8.24089e-12
-3.63945e-12
1.52562e-11
-3.50345e-11
5.01333e-11
-5.23321e-11
3.88168e-11
-1.347e-11
-1.17996e-11
2.37958e-11
-2.06575e-11
1.27188e-11
-1.10624e-11
1.8895e-11
-3.38121e-11
4.98368e-11
-5.74148e-11
4.86554e-11
-2.67659e-11
4.12133e-12
9.73427e-12
-1.46436e-11
1.45597e-11
-1.39277e-11
1.83743e-11
-3.15455e-11
4.80272e-11
-5.67529e-11
5.22809e-11
-3.85814e-11
2.14096e-11
-4.72101e-12
-7.11042e-12
1.1117e-11
-1.18205e-11
1.73418e-11
-2.939e-11
4.206e-11
-5.05604e-11
5.33675e-11
-4.8378e-11
3.44012e-11
-1.69811e-11
4.04004e-12
3.15091e-12
-9.29609e-12
1.6441e-11
-2.38609e-11
3.27879e-11
-4.41138e-11
5.25471e-11
-5.17076e-11
4.23284e-11
-2.99762e-11
1.69223e-11
-3.71358e-12
-6.4519e-12
1.15672e-11
-1.6301e-11
2.56348e-11
-3.743e-11
4.6171e-11
-5.03469e-11
4.95941e-11
-4.13354e-11
2.58611e-11
-1.0335e-11
6.11532e-13
5.21728e-12
-1.15659e-11
1.88049e-11
-2.69933e-11
3.79011e-11
-4.93539e-11
5.35331e-11
-4.66507e-11
3.34384e-11
-1.99673e-11
7.86502e-12
1.44235e-12
-6.06139e-12
9.05571e-12
-1.74364e-11
3.18983e-11
-4.52971e-11
5.16291e-11
-5.04878e-11
4.20864e-11
-2.74114e-11
1.24573e-11
-4.47866e-12
2.31676e-12
1.52188e-12
-1.08545e-11
2.35646e-11
-3.75019e-11
4.97908e-11
-5.4097e-11
4.62467e-11
-3.17039e-11
1.95695e-11
-1.26661e-11
8.15595e-12
-4.26756e-12
1.63064e-12
-2.92105e-13
1.21164e-13
2.2297e-14
4.1402e-15
0
