0
-2.03533e-13
-2.7941e-12
-1.8488e-11
-5.84407e-11
-9.5701e-11
-8.96319e-11
-4.79754e-11
5.53359e-13
5.74639e-11
1.36268e-10
1.14815e-10
2.71582e-10
2.15452e-10
3.30311e-10
3.48947e-10
3.97152e-10
4.27079e-10
4.84823e-10
5.14311e-10
5.1167e-10
6.26471e-10
5.45477e-10
6.65343e-10
6.29458e-10
6.75284e-10
6.70556e-10
7.14803e-10
6.92963e-10
7.03898e-10
7.54247e-10
6.64143e-10
7.66909e-10
6.77854e-10
7.23035e-10
6.7745e-10
7.04279e-10
6.39911e-10
6.60301e-10
6.41746e-10
5.65155e-10
6.32256e-10
5.09367e-10
5.57232e-10
4.73354e-10
4.91321e-10
3.99948e-10
4.27936e-10
3.52957e-10
3.10958e-10
3.31066e-10
2.07834e-10
2.57725e-10
1.48091e-10
1.71625e-10
6.93901e-11
1.06341e-10
-4.86641e-13
3.83807e-12
-2.48429e-11
-1.11897e-10
-6.81082e-11
-1.80686e-10
-1.39817e-10
-2.40438e-10
-1.91494e-10
-3.02935e-10
-2.53673e-10
-3.2112e-10
-3.45302e-10
-3.2231e-10
-4.09357e-10
-3.50472e-10
-4.40182e-10
-3.7605e-10
-4.71702e-10
-3.91476e-10
-4.77935e-10
-4.32636e-10
-4.43831e-10
-4.78732e-10
-4.16438e-10
-4.87172e-10
-4.0795e-10
-4.79037e-10
-3.87238e-10
-4.69267e-10
-3.7238e-10
-4.21005e-10
-3.88751e-10
-3.47595e-10
-3.89604e-10
-3.03164e-10
-3.52768e-10
-2.65796e-10
-3.24087e-10
-2.10968e-10
-2.84693e-10
-1.91805e-10
-1.94558e-10
-1.96694e-10
-1.19242e-10
-1.56032e-10
-8.26936e-11
-1.10729e-10
-1.89581e-11
-9.1709e-11
3.19755e-11
-2.18736e-11
2.13466e-11
6.90666e-11
3.96805e-11
9.84843e-11
9.16352e-11
1.38431e-10
9.40195e-11
2.04615e-10
1.17177e-10
1.97103e-10
1.9905e-10
1.7839e-10
2.24704e-10
2.20605e-10
2.23454e-10
2.20077e-10
2.77741e-10
1.93461e-10
2.83787e-10
2.41279e-10
2.33855e-10
2.67298e-10
2.4871e-10
2.30564e-10
2.57681e-10
2.47781e-10
2.03093e-10
2.66492e-10
2.03698e-10
2.08586e-10
2.27906e-10
1.88398e-10
1.78285e-10
2.06514e-10
1.50155e-10
1.58685e-10
1.66209e-10
1.20879e-10
1.241e-10
1.34028e-10
7.99015e-11
9.59098e-11
9.44268e-11
3.76351e-11
7.844e-11
3.14666e-11
3.33172e-11
1.21021e-11
2.76989e-11
-3.11778e-11
1.11173e-11
-3.18264e-11
-4.53329e-11
-1.72606e-11
-8.11957e-11
-3.32592e-11
-9.21937e-11
-5.06055e-11
-1.1236e-10
-5.52301e-11
-1.25404e-10
-8.09325e-11
-1.03809e-10
-1.3076e-10
-7.45163e-11
-1.56759e-10
-7.96424e-11
-1.50941e-10
-8.85223e-11
-1.58931e-10
-7.86942e-11
-1.54524e-10
-1.1038e-10
-9.68957e-11
-1.61211e-10
-6.5964e-11
-1.49244e-10
-8.23447e-11
-1.34423e-10
-5.89608e-11
-1.50883e-10
-4.92989e-11
-1.02192e-10
-1.07488e-10
-3.47218e-11
-1.15114e-10
-4.40352e-11
-7.77782e-11
-3.46156e-11
-9.55432e-11
8.0163e-12
-8.27821e-11
-2.54891e-11
-8.25004e-12
-5.80902e-11
4.84289e-12
-2.00775e-11
-7.16004e-12
-1.67298e-11
3.31162e-11
-3.29098e-11
3.87036e-11
1.04248e-11
5.27365e-12
3.97311e-11
2.09686e-11
2.30117e-11
4.54144e-11
3.01084e-11
3.44958e-11
5.20878e-11
3.4116e-11
4.83261e-11
5.02222e-11
4.38398e-11
4.72089e-11
6.5039e-11
2.32439e-11
8.59692e-11
1.99415e-11
6.96931e-11
4.73422e-11
4.71125e-11
5.0517e-11
5.31711e-11
4.73372e-11
2.81425e-11
9.05103e-11
-1.91473e-11
1.0029e-10
4.90443e-12
4.8419e-11
3.72349e-11
3.95038e-11
1.83125e-11
3.61977e-11
4.93121e-11
-2.94822e-11
9.59019e-11
-4.30619e-11
5.53241e-11
3.67491e-12
2.02495e-11
-2.16351e-12
2.85612e-11
-1.03138e-12
-1.25315e-11
4.79757e-11
-5.49795e-11
4.69196e-11
-3.17004e-11
9.14777e-12
-1.37058e-11
2.43917e-12
-2.15446e-11
-1.789e-12
-1.05946e-11
-2.53879e-11
7.34028e-12
-3.85885e-11
1.49807e-12
-2.15687e-11
-2.39403e-11
-7.07535e-12
-2.10938e-11
-3.18327e-11
6.69697e-12
-4.32894e-11
-7.87631e-12
-1.80011e-11
-1.93253e-11
-3.47844e-11
1.57897e-11
-5.44068e-11
-3.80031e-12
1.59641e-12
-5.98715e-11
2.83783e-11
-4.5668e-11
1.62641e-12
-3.54687e-11
2.51924e-11
-6.57216e-11
3.44167e-11
-3.12235e-11
-2.49678e-11
2.77808e-11
-5.1236e-11
2.76325e-11
-3.78222e-11
2.58217e-11
-4.45006e-11
3.82414e-11
-4.24937e-11
2.08513e-11
-7.22026e-12
-1.6575e-11
2.86925e-11
-3.5186e-11
2.86826e-11
-1.53252e-11
9.10702e-12
-6.94341e-12
2.19466e-11
-2.49173e-11
2.61135e-11
1.33986e-12
-1.32222e-11
2.63571e-11
2.94764e-14
-1.57791e-11
4.14671e-11
-2.1487e-11
8.47793e-12
2.36153e-11
-1.38273e-11
1.40279e-11
9.27475e-12
8.44936e-12
-1.81958e-11
5.47311e-11
-5.23197e-11
5.57739e-11
-2.40221e-11
1.51728e-11
9.66698e-12
-5.05592e-12
2.00212e-11
-1.57869e-11
3.35142e-11
-3.43682e-11
5.44342e-11
-5.22204e-11
5.41121e-11
-2.69944e-11
6.55695e-12
2.18621e-11
-2.12418e-11
1.55969e-11
9.05996e-13
5.57189e-12
-1.89631e-11
4.04357e-11
-4.0338e-11
2.32335e-11
6.813e-12
-2.11782e-11
1.43424e-11
8.27396e-12
-2.74967e-11
3.06453e-11
-1.99225e-11
4.65318e-12
-1.33775e-12
4.5988e-12
-1.28662e-11
1.08704e-11
-4.97833e-12
-1.37991e-11
3.02336e-11
-4.98498e-11
5.55575e-11
-5.58489e-11
3.66668e-11
-1.93818e-11
2.75639e-12
-5.88645e-12
6.86219e-12
-6.84182e-12
-1.63518e-11
4.23873e-11
-6.65654e-11
5.90304e-11
-3.68386e-11
5.65857e-12
3.79734e-12
-8.41278e-13
-1.55758e-11
1.70299e-11
-8.43658e-12
-1.17849e-11
1.92416e-11
-1.8479e-11
4.19375e-12
7.17753e-12
-1.63785e-11
1.24584e-11
-3.80948e-12
-1.32467e-11
2.92926e-11
-4.18466e-11
3.93045e-11
-2.85163e-11
1.74849e-11
-1.84786e-11
2.82836e-11
-3.68945e-11
2.74541e-11
2.99441e-12
-3.9614e-11
6.06748e-11
-5.70921e-11
3.85356e-11
-2.10555e-11
1.83109e-11
-2.63162e-11
3.28779e-11
-2.49157e-11
7.47154e-12
1.23287e-11
-2.40315e-11
2.7283e-11
-1.94587e-11
7.98122e-12
5.51819e-12
-1.27429e-11
1.12272e-11
4.44916e-12
-2.18977e-11
3.08761e-11
-2.33111e-11
1.1485e-11
-6.37103e-12
1.97341e-11
-4.17676e-11
5.60133e-11
-4.41951e-11
1.37527e-11
1.94377e-11
-3.70723e-11
3.87646e-11
-3.06194e-11
2.71817e-11
-3.12645e-11
3.89703e-11
-4.08081e-11
3.67846e-11
-2.6084e-11
9.9961e-12
9.87443e-12
-2.49561e-11
2.86671e-11
-1.71017e-11
-3.51457e-12
1.894e-11
-1.54255e-11
-3.75588e-12
2.15687e-11
-2.37902e-11
1.13952e-11
1.88813e-12
-6.88016e-13
-1.93751e-11
4.50152e-11
-5.84368e-11
5.25586e-11
-3.44522e-11
1.27683e-11
5.51753e-12
-1.78812e-11
2.3753e-11
-2.58279e-11
2.50111e-11
-2.59903e-11
3.31633e-11
-4.51093e-11
4.85491e-11
-3.44128e-11
6.27079e-12
1.90708e-11
-2.66696e-11
1.14445e-11
1.30279e-11
-2.71277e-11
2.12452e-11
-5.66409e-12
-5.84884e-12
6.64164e-12
-9.79918e-13
-3.73631e-12
-6.09101e-14
1.21439e-11
-2.82483e-11
4.43143e-11
-5.81939e-11
6.20978e-11
-4.90976e-11
2.22966e-11
3.76411e-12
-1.62679e-11
1.21275e-11
-1.55128e-12
5.14612e-13
-1.65477e-11
3.80609e-11
-4.64563e-11
3.47563e-11
-1.21e-11
-7.38694e-12
1.36931e-11
-5.82513e-12
-9.01336e-12
2.27671e-11
-3.28381e-11
3.7807e-11
-3.35402e-11
2.00852e-11
-6.61275e-12
2.82165e-12
-8.19597e-12
1.25736e-11
-3.77641e-12
-2.21617e-11
5.37189e-11
-7.00138e-11
6.07544e-11
-3.56511e-11
1.25734e-11
-1.51718e-12
1.91779e-12
-6.88147e-12
9.09511e-12
-6.44578e-12
2.18275e-12
2.19776e-12
-7.45451e-12
9.77626e-12
-2.11685e-12
-1.38868e-11
2.52978e-11
-1.92499e-11
-5.93546e-12
3.87665e-11
-6.04998e-11
5.91292e-11
-4.12415e-11
2.50176e-11
-2.06765e-11
2.35606e-11
-2.44581e-11
1.83954e-11
-5.33761e-12
-1.10083e-11
2.53647e-11
-3.47207e-11
3.65925e-11
-2.64769e-11
4.47412e-12
1.66212e-11
-2.03496e-11
3.32239e-12
2.16761e-11
-3.81586e-11
3.76448e-11
-2.53795e-11
1.61757e-11
-2.04543e-11
3.27254e-11
-3.96619e-11
3.49776e-11
-2.12967e-11
1.68174e-12
2.10417e-11
-4.11564e-11
5.12266e-11
-4.65439e-11
2.78286e-11
-5.30987e-12
-4.9245e-12
-4.30265e-12
2.12806e-11
-2.82494e-11
1.98306e-11
-5.52476e-12
-1.91462e-12
-4.41602e-12
2.09353e-11
-3.62474e-11
4.0984e-11
-3.51328e-11
2.15027e-11
1.76186e-13
-2.71736e-11
4.77229e-11
-5.0809e-11
3.77062e-11
-2.08699e-11
1.34656e-11
-2.04324e-11
3.30373e-11
-3.51754e-11
2.00627e-11
1.20237e-12
-1.30705e-11
1.0759e-11
8.62109e-13
-1.6318e-11
3.06184e-11
-3.82622e-11
3.48489e-11
-1.87974e-11
-7.26437e-12
3.24291e-11
-4.22479e-11
3.37526e-11
-2.14002e-11
2.09073e-11
-3.29182e-11
4.53526e-11
-4.65757e-11
3.29671e-11
-1.09096e-11
-7.77358e-12
1.55617e-11
-1.39049e-11
5.30613e-12
1.08591e-11
-3.03895e-11
4.0034e-11
-3.01878e-11
6.17288e-12
1.6743e-11
-2.66399e-11
2.23833e-11
-1.45592e-11
1.69331e-11
-3.22938e-11
4.84621e-11
-5.3103e-11
4.56938e-11
-3.18723e-11
1.39158e-11
5.79493e-12
-1.98751e-11
2.0122e-11
-4.94521e-12
-1.86658e-11
3.6394e-11
-3.50607e-11
1.56989e-11
4.80381e-12
-1.20671e-11
8.56339e-12
-6.24043e-12
1.12827e-11
-2.23475e-11
3.57119e-11
-4.7376e-11
5.33527e-11
-5.1237e-11
3.85398e-11
-1.44185e-11
-1.28221e-11
2.56696e-11
-1.45211e-11
-1.02403e-11
2.89893e-11
-3.20961e-11
2.32332e-11
-1.1287e-11
3.16677e-12
-4.5061e-13
-1.08666e-12
4.92709e-12
-9.83912e-12
1.57253e-11
-2.81981e-11
4.80902e-11
-6.29087e-11
5.76534e-11
-3.25054e-11
2.52344e-12
1.58421e-11
-1.53668e-11
2.74488e-13
1.713e-11
-2.71337e-11
2.98278e-11
-2.91467e-11
2.34999e-11
-1.12914e-11
-2.06959e-13
1.49108e-12
4.71724e-12
-5.44127e-12
-8.12829e-12
3.22117e-11
-5.40711e-11
5.99359e-11
-4.56033e-11
2.11767e-11
-1.69439e-12
-7.44448e-12
8.89412e-12
-2.31876e-12
-1.48539e-11
3.60409e-11
-4.72703e-11
4.13545e-11
-2.48056e-11
1.01776e-11
-6.49275e-12
1.266e-11
-1.73418e-11
8.94643e-12
1.07412e-11
-2.92787e-11
3.8912e-11
-4.15053e-11
3.75557e-11
-2.31561e-11
3.78254e-13
1.78801e-11
-1.88388e-11
4.43481e-13
2.74774e-11
-4.93035e-11
5.34286e-11
-4.25219e-11
2.99503e-11
-2.39271e-11
2.0429e-11
-1.50605e-11
1.09236e-11
-1.01642e-11
6.29182e-12
6.66717e-12
-2.40778e-11
3.39173e-11
-2.75624e-11
6.08388e-12
1.81271e-11
-2.84013e-11
1.78088e-11
4.45158e-12
-2.57645e-11
4.25535e-11
-5.51301e-11
5.76842e-11
-4.50753e-11
2.41225e-11
-9.37552e-12
8.25015e-12
-1.62216e-11
2.24955e-11
-1.85021e-11
4.80092e-12
7.4235e-12
-7.63332e-12
-2.47567e-12
1.35149e-11
-2.21139e-11
2.9543e-11
-3.04979e-11
1.50703e-11
1.55904e-11
-4.60473e-11
6.0162e-11
-5.35845e-11
3.35804e-11
-1.33174e-11
3.18513e-12
-3.67515e-12
7.86092e-12
-1.27889e-11
2.07848e-11
-2.92884e-11
2.92878e-11
-1.98363e-11
1.32901e-11
-2.02423e-11
3.5369e-11
-4.44126e-11
3.8362e-11
-1.85466e-11
-6.80807e-12
2.71017e-11
-3.60588e-11
3.42347e-11
-2.37125e-11
4.28038e-12
1.84763e-11
-2.92924e-11
1.71186e-11
9.57465e-12
-3.16692e-11
3.97485e-11
-3.86704e-11
3.5281e-11
-3.19141e-11
2.90698e-11
-2.76587e-11
2.7698e-11
-2.86556e-11
2.77865e-11
-1.92937e-11
1.16916e-12
1.55715e-11
-1.48746e-11
-5.21338e-12
2.90141e-11
-4.18884e-11
4.21217e-11
-3.3184e-11
1.47813e-11
1.14754e-11
-3.63383e-11
4.81731e-11
-4.22027e-11
2.31396e-11
-3.49691e-12
-3.88735e-12
-3.20977e-12
1.38514e-11
-1.81356e-11
1.83896e-11
-2.1156e-11
2.42238e-11
-2.25408e-11
2.06301e-11
-2.81172e-11
4.36457e-11
-5.39889e-11
4.81452e-11
-2.70971e-11
6.46844e-13
1.89845e-11
-2.39409e-11
1.51825e-11
2.93059e-13
-1.80281e-11
3.54087e-11
-4.39649e-11
3.25876e-11
-3.86417e-12
-2.36194e-11
3.45464e-11
-3.17199e-11
2.6116e-11
-2.20955e-11
1.80656e-11
-1.50875e-11
1.59736e-11
-2.02109e-11
2.35357e-11
-2.15544e-11
1.27047e-11
-2.73204e-12
3.4016e-12
-2.05948e-11
4.39706e-11
-5.70446e-11
5.48743e-11
-4.42035e-11
2.83212e-11
-5.28346e-12
-1.94241e-11
3.06044e-11
-1.97039e-11
-5.22355e-12
2.80865e-11
-3.82786e-11
3.3957e-11
-1.98612e-11
3.23026e-12
1.10535e-11
-2.23102e-11
2.85436e-11
-2.54523e-11
1.51147e-11
-9.80752e-12
1.74785e-11
-2.93276e-11
3.04292e-11
-1.96657e-11
8.36979e-12
-3.74423e-12
3.76975e-12
-7.80882e-12
1.98135e-11
-3.97817e-11
5.8621e-11
-6.48684e-11
5.2616e-11
-2.569e-11
-3.08243e-12
1.90506e-11
-1.77238e-11
6.05138e-12
9.01306e-12
-2.69236e-11
4.37217e-11
-4.70605e-11
2.99398e-11
-3.85777e-12
-1.30344e-11
1.59735e-11
-1.3838e-11
1.29257e-11
-1.18301e-11
9.51671e-12
-9.40023e-12
1.32176e-11
-1.78568e-11
1.82184e-11
-1.16128e-11
6.90824e-13
4.92329e-12
4.19595e-12
-2.58193e-11
4.60487e-11
-5.49795e-11
5.45728e-11
-4.82117e-11
3.17792e-11
-4.913e-12
-1.81239e-11
1.99708e-11
-3.65e-13
-2.54254e-11
4.4321e-11
-5.35113e-11
5.28776e-11
-4.11131e-11
2.01998e-11
1.87755e-12
-1.59431e-11
1.64498e-11
-5.01332e-12
-8.96643e-12
1.43734e-11
-9.88523e-12
4.3193e-12
-3.47181e-12
2.56485e-12
2.44907e-12
-5.81657e-12
2.20768e-12
2.56578e-13
1.01563e-11
-3.04217e-11
4.45895e-11
-4.35676e-11
3.20833e-11
-1.77388e-11
2.91074e-12
9.57145e-12
-1.26432e-11
6.22805e-13
2.39181e-11
-5.10134e-11
6.77594e-11
-6.53094e-11
4.5591e-11
-2.08588e-11
1.96173e-12
9.08277e-12
-1.25198e-11
3.30757e-12
1.98166e-11
-4.383e-11
5.12175e-11
-4.0475e-11
2.54205e-11
-1.55068e-11
7.40949e-12
1.58884e-12
-5.54215e-12
8.25217e-14
7.74699e-12
-8.19419e-12
1.00471e-12
5.75973e-12
-6.08706e-12
1.01705e-13
7.70361e-12
-1.17552e-11
8.55121e-12
6.11918e-13
-1.29747e-11
2.80031e-11
-4.36587e-11
5.02329e-11
-3.80978e-11
1.21323e-11
9.66159e-12
-1.58052e-11
9.98459e-12
1.74749e-12
-2.15239e-11
4.86036e-11
-6.88472e-11
6.65886e-11
-4.39722e-11
1.7611e-11
1.6732e-13
-8.4216e-12
7.82736e-12
3.74545e-12
-2.45282e-11
4.47199e-11
-5.38876e-11
4.85808e-11
-3.33281e-11
1.66679e-11
-6.46798e-12
4.31068e-12
-5.77211e-12
7.44044e-12
-1.125e-11
1.73417e-11
-1.91206e-11
1.20157e-11
-3.91208e-12
6.02008e-12
-1.60932e-11
2.04562e-11
-1.36622e-11
3.73289e-12
3.26131e-12
-1.21936e-11
2.54648e-11
-3.26953e-11
2.28136e-11
-9.44366e-13
-1.71203e-11
2.23061e-11
-1.66596e-11
3.18793e-12
1.75458e-11
-4.11921e-11
5.71444e-11
-5.65242e-11
3.89996e-11
-1.28024e-11
-1.00723e-11
1.93513e-11
-1.253e-11
-5.12948e-12
2.68668e-11
-4.85591e-11
6.38265e-11
-6.28229e-11
4.25951e-11
-1.57774e-11
-7.22449e-13
3.02372e-12
1.0015e-12
-8.398e-12
2.33742e-11
-4.27976e-11
5.2119e-11
-4.35291e-11
2.73047e-11
-1.78916e-11
1.57102e-11
-1.2872e-11
9.18465e-12
-1.15419e-11
1.92436e-11
-2.28111e-11
1.77991e-11
-1.13845e-11
1.14197e-11
-1.69447e-11
2.18156e-11
-2.29725e-11
2.04971e-11
-1.44998e-11
4.87993e-12
6.46516e-12
-1.58317e-11
1.81885e-11
-9.60753e-12
-8.0983e-12
2.48995e-11
-3.03395e-11
2.30546e-11
-9.194e-12
-8.02268e-12
2.84543e-11
-4.53589e-11
4.53087e-11
-2.46604e-11
-2.60344e-12
1.96243e-11
-2.36929e-11
2.00205e-11
-7.24164e-12
-1.87951e-11
4.87708e-11
-6.29944e-11
5.30636e-11
-3.06333e-11
1.01196e-11
5.51703e-12
-1.69336e-11
1.67132e-11
2.04424e-12
-3.14817e-11
5.35027e-11
-5.85422e-11
5.08295e-11
-3.7361e-11
2.02592e-11
-2.73661e-12
-7.01197e-12
2.42435e-12
1.35751e-11
-3.16962e-11
4.39472e-11
-4.74162e-11
4.28364e-11
-3.33723e-11
2.26919e-11
-1.36815e-11
8.6413e-12
-1.03763e-11
1.87945e-11
-2.79965e-11
3.06955e-11
-2.73136e-11
2.47411e-11
-2.58162e-11
2.54759e-11
-2.11639e-11
1.86681e-11
-2.24319e-11
2.55832e-11
-1.94789e-11
8.23753e-12
-4.33036e-12
1.02447e-11
-1.66308e-11
1.86525e-11
-2.28385e-11
3.18647e-11
-3.51245e-11
2.28865e-11
-2.81166e-12
-9.43742e-12
1.00431e-11
-6.90716e-12
2.06723e-12
1.07983e-11
-3.04293e-11
4.189e-11
-3.4104e-11
1.35643e-11
5.6473e-12
-1.87815e-11
2.77569e-11
-2.89624e-11
1.50543e-11
1.05775e-11
-3.24768e-11
3.81743e-11
-2.86623e-11
1.10451e-11
1.04105e-11
-3.20506e-11
4.50918e-11
-4.08988e-11
2.03298e-11
5.72942e-12
-2.56267e-11
3.29166e-11
-2.60919e-11
6.83869e-12
1.88734e-11
-4.17448e-11
5.26535e-11
-4.70565e-11
2.68674e-11
-7.36524e-13
-1.98281e-11
2.66634e-11
-1.9064e-11
8.26921e-13
2.31798e-11
-4.61329e-11
5.76469e-11
-5.04924e-11
2.87085e-11
-5.2216e-12
-1.04861e-11
1.69073e-11
-1.37332e-11
-2.17327e-12
2.81831e-11
-5.08294e-11
5.65684e-11
-4.60646e-11
3.00001e-11
-1.44897e-11
-1.22213e-12
1.27895e-11
-9.53195e-12
-1.08514e-11
3.45994e-11
-4.70335e-11
4.77885e-11
-4.43509e-11
3.64448e-11
-1.94854e-11
-4.10528e-13
7.63489e-12
3.03862e-12
-1.98427e-11
3.08395e-11
-3.78129e-11
4.5407e-11
-4.74764e-11
3.53441e-11
-1.53361e-11
3.8321e-12
-6.44063e-12
1.33332e-11
-1.76404e-11
2.45891e-11
-3.7685e-11
4.67816e-11
-4.12253e-11
2.65021e-11
-1.71325e-11
1.62398e-11
-1.53878e-11
1.22559e-11
-1.56175e-11
2.84303e-11
-3.94239e-11
3.81185e-11
-2.98911e-11
2.58728e-11
-2.58097e-11
2.14264e-11
-1.38353e-11
1.3514e-11
-2.31266e-11
3.16915e-11
-3.1133e-11
2.72515e-11
-2.83287e-11
3.07028e-11
-2.63308e-11
1.79992e-11
-1.63867e-11
2.28472e-11
-2.75508e-11
2.5257e-11
-2.2999e-11
2.66895e-11
-3.07049e-11
2.74022e-11
-2.07943e-11
2.02251e-11
-2.53708e-11
2.70374e-11
-2.28496e-11
2.059e-11
-2.46859e-11
2.83672e-11
-2.54389e-11
2.07514e-11
-2.22702e-11
2.74977e-11
-2.78961e-11
2.29679e-11
-2.09536e-11
2.45467e-11
-2.67268e-11
2.29017e-11
-1.92395e-11
2.22112e-11
-2.77667e-11
2.77427e-11
-2.33819e-11
2.25125e-11
-2.61819e-11
2.68523e-11
-2.18627e-11
1.83692e-11
-2.18626e-11
2.68524e-11
-2.61822e-11
2.25129e-11
-2.3382e-11
2.77427e-11
-2.77666e-11
2.22111e-11
-1.92393e-11
2.29013e-11
-2.67263e-11
2.45464e-11
-2.09535e-11
2.2968e-11
-2.78961e-11
2.74978e-11
-2.22705e-11
2.07519e-11
-2.54395e-11
2.83676e-11
-2.46861e-11
2.05901e-11
-2.28497e-11
2.70372e-11
-2.53704e-11
2.02245e-11
-2.07939e-11
2.74019e-11
-3.07046e-11
2.66892e-11
-2.2999e-11
2.52573e-11
-2.75512e-11
2.28476e-11
-1.63871e-11
1.79995e-11
-2.63311e-11
3.07029e-11
-2.83286e-11
2.72513e-11
-3.11328e-11
3.16914e-11
-2.31264e-11
1.35139e-11
-1.38354e-11
2.14266e-11
-2.58099e-11
2.58729e-11
-2.98911e-11
3.81185e-11
-3.94239e-11
2.84301e-11
-1.56172e-11
1.22556e-11
-1.53877e-11
1.62398e-11
-1.71325e-11
2.65022e-11
-4.12255e-11
4.67818e-11
-3.76852e-11
2.45893e-11
-1.76405e-11
1.33332e-11
-6.44053e-12
3.83203e-12
-1.53361e-11
3.53442e-11
-4.74763e-11
4.54069e-11
-3.78129e-11
3.08396e-11
-1.98428e-11
3.03848e-12
7.63508e-12
-4.10551e-13
-1.94855e-11
3.64449e-11
-4.43508e-11
4.77884e-11
-4.70336e-11
3.45995e-11
-1.08514e-11
-9.5322e-12
1.27898e-11
-1.22215e-12
-1.44898e-11
3.00002e-11
-4.60647e-11
5.65687e-11
-5.08298e-11
2.81836e-11
-2.17365e-12
-1.3733e-11
1.69074e-11
-1.04864e-11
-5.22123e-12
2.8708e-11
-5.04918e-11
5.76462e-11
-4.61324e-11
2.31796e-11
8.26758e-13
-1.90638e-11
2.66631e-11
-1.98275e-11
-7.37292e-13
2.68681e-11
-4.70568e-11
5.26535e-11
-4.17448e-11
1.88733e-11
6.83905e-12
-2.60926e-11
3.29173e-11
-2.5627e-11
5.72957e-12
2.03296e-11
-4.08986e-11
4.50919e-11
-3.20511e-11
1.0411e-11
1.10449e-11
-2.86622e-11
3.8174e-11
-3.24765e-11
1.05774e-11
1.50539e-11
-2.8962e-11
2.77568e-11
-1.87816e-11
5.6472e-12
1.35646e-11
-3.41042e-11
4.18898e-11
-3.0429e-11
1.07981e-11
2.06715e-12
-6.90704e-12
1.00431e-11
-9.43755e-12
-2.81166e-12
2.28866e-11
-3.51246e-11
3.18645e-11
-2.28383e-11
1.86523e-11
-1.66307e-11
1.02447e-11
-4.33045e-12
8.23768e-12
-1.94792e-11
2.55836e-11
-2.24323e-11
1.86683e-11
-2.11639e-11
2.54757e-11
-2.58159e-11
2.47407e-11
-2.73131e-11
3.0695e-11
-2.79961e-11
1.87943e-11
-1.03763e-11
8.64154e-12
-1.36819e-11
2.26924e-11
-3.33729e-11
4.2837e-11
-4.74166e-11
4.39473e-11
-3.16962e-11
1.3575e-11
2.42453e-12
-7.0123e-12
-2.73616e-12
2.02588e-11
-3.73608e-11
5.08294e-11
-5.8542e-11
5.35026e-11
-3.14816e-11
2.04443e-12
1.67129e-11
-1.69334e-11
5.51695e-12
1.01197e-11
-3.06335e-11
5.30638e-11
-6.29943e-11
4.87705e-11
-1.87949e-11
-7.24166e-12
2.00203e-11
-2.36927e-11
1.96242e-11
-2.60318e-12
-2.46607e-11
4.5309e-11
-4.53589e-11
2.8454e-11
-8.02213e-12
-9.19465e-12
2.30552e-11
-3.034e-11
2.48998e-11
-8.0983e-12
-9.60781e-12
1.81892e-11
-1.58326e-11
6.466e-12
4.87943e-12
-1.44997e-11
2.04972e-11
-2.29727e-11
2.1816e-11
-1.69453e-11
1.14203e-11
-1.13849e-11
1.77994e-11
-2.28113e-11
1.92437e-11
-1.15419e-11
9.18466e-12
-1.28719e-11
1.57101e-11
-1.78914e-11
2.73044e-11
-4.35287e-11
5.21185e-11
-4.2797e-11
2.33737e-11
-8.3978e-12
1.00148e-12
3.02361e-12
-7.22046e-13
-1.57781e-11
4.25958e-11
-6.28233e-11
6.38267e-11
-4.85593e-11
2.6867e-11
-5.12931e-12
-1.25306e-11
1.93518e-11
-1.00724e-11
-1.28026e-11
3.89996e-11
-5.65241e-11
5.71445e-11
-4.11925e-11
1.75461e-11
3.18789e-12
-1.66599e-11
2.23065e-11
-1.71206e-11
-9.4414e-13
2.28132e-11
-3.26949e-11
2.54646e-11
-1.21936e-11
3.26143e-12
3.73274e-12
-1.3662e-11
2.0456e-11
-1.60929e-11
6.0198e-12
-3.91177e-12
1.20154e-11
-1.91204e-11
1.73415e-11
-1.12498e-11
7.44033e-12
-5.77218e-12
4.31087e-12
-6.46819e-12
1.66682e-11
-3.33285e-11
4.85813e-11
-5.3888e-11
4.47202e-11
-2.45284e-11
3.74545e-12
7.82745e-12
-8.42172e-12
1.67525e-13
1.76106e-11
-4.39717e-11
6.65883e-11
-6.88472e-11
4.86036e-11
-2.15238e-11
1.74739e-12
9.9845e-12
-1.58049e-11
9.66122e-12
1.21325e-11
-3.80979e-11
5.02328e-11
-4.36586e-11
2.8003e-11
-1.29746e-11
6.11693e-13
8.55153e-12
-1.17554e-11
7.70334e-12
1.02198e-13
-6.08744e-12
5.75992e-12
1.00455e-12
-8.19401e-12
7.74697e-12
8.22629e-14
-5.54168e-12
1.58834e-12
7.40989e-12
-1.5507e-11
2.54205e-11
-4.04749e-11
5.12173e-11
-4.38298e-11
1.98163e-11
3.30789e-12
-1.252e-11
9.0828e-12
1.96187e-12
-2.08589e-11
4.55911e-11
-6.53094e-11
6.77595e-11
-5.10137e-11
2.39184e-11
6.22823e-13
-1.26434e-11
9.57149e-12
2.91077e-12
-1.77387e-11
3.20829e-11
-4.35673e-11
4.45894e-11
-3.04218e-11
1.01565e-11
2.5627e-13
2.20804e-12
-5.81682e-12
2.44916e-12
2.56486e-12
-3.47193e-12
4.31963e-12
-9.88574e-12
1.43739e-11
-8.96665e-12
-5.01341e-12
1.64501e-11
-1.59434e-11
1.87782e-12
2.01995e-11
-4.11128e-11
5.28775e-11
-5.35115e-11
4.43213e-11
-2.54259e-11
-3.64583e-13
1.99705e-11
-1.81238e-11
-4.91285e-12
3.17789e-11
-4.82111e-11
5.45721e-11
-5.49788e-11
4.60481e-11
-2.5819e-11
4.19604e-12
4.92287e-12
6.91438e-13
-1.16135e-11
1.82191e-11
-1.78574e-11
1.32179e-11
-9.40037e-12
9.51682e-12
-1.18302e-11
1.29259e-11
-1.38382e-11
1.59738e-11
-1.30346e-11
-3.85777e-12
2.99402e-11
-4.70612e-11
4.37226e-11
-2.69246e-11
9.01386e-12
6.05084e-12
-1.77236e-11
1.90505e-11
-3.08263e-12
-2.56896e-11
5.26156e-11
-6.48681e-11
5.86208e-11
-3.97815e-11
1.98132e-11
-7.80854e-12
3.7695e-12
-3.74395e-12
8.36958e-12
-1.96657e-11
3.04294e-11
-2.93279e-11
1.74789e-11
-9.80777e-12
1.51147e-11
-2.54521e-11
2.85432e-11
-2.23098e-11
1.10532e-11
3.23048e-12
-1.98611e-11
3.39567e-11
-3.82781e-11
2.80862e-11
-5.22345e-12
-1.97038e-11
3.06041e-11
-1.94237e-11
-5.28389e-12
2.83216e-11
-4.42036e-11
5.48739e-11
-5.7044e-11
4.397e-11
-2.05943e-11
3.40114e-12
-2.73156e-12
1.27044e-11
-2.15543e-11
2.35358e-11
-2.02111e-11
1.59737e-11
-1.50876e-11
1.80657e-11
-2.20959e-11
2.61164e-11
-3.17203e-11
3.45466e-11
-2.36195e-11
-3.86397e-12
3.25874e-11
-4.39648e-11
3.54088e-11
-1.80283e-11
2.93066e-13
1.51827e-11
-2.39412e-11
1.89847e-11
6.46821e-13
-2.70971e-11
4.81451e-11
-5.3989e-11
4.36461e-11
-2.81178e-11
2.06307e-11
-2.25412e-11
2.4224e-11
-2.11559e-11
1.83895e-11
-1.81356e-11
1.38515e-11
-3.20981e-12
-3.88738e-12
-3.49697e-12
2.31399e-11
-4.22029e-11
4.8173e-11
-3.63378e-11
1.14748e-11
1.47818e-11
-3.31844e-11
4.2122e-11
-4.18886e-11
2.90142e-11
-5.21347e-12
-1.48746e-11
1.55716e-11
1.16907e-12
-1.92937e-11
2.77866e-11
-2.86556e-11
2.76977e-11
-2.76582e-11
2.90693e-11
-3.19137e-11
3.52807e-11
-3.86702e-11
3.97484e-11
-3.16692e-11
9.57465e-12
1.71187e-11
-2.92925e-11
1.84764e-11
4.2802e-12
-2.37122e-11
3.42343e-11
-3.60586e-11
2.71018e-11
-6.80824e-12
-1.85463e-11
3.83615e-11
-4.44121e-11
3.53685e-11
-2.02419e-11
1.32899e-11
-1.98362e-11
2.92879e-11
-2.92886e-11
2.07849e-11
-1.27888e-11
7.8606e-12
-3.67465e-12
3.18454e-12
-1.33168e-11
3.35799e-11
-5.35841e-11
6.01617e-11
-4.60472e-11
1.55906e-11
1.507e-11
-3.04975e-11
2.95427e-11
-2.21134e-11
1.3514e-11
-2.47464e-12
-7.63427e-12
7.42416e-12
4.80054e-12
-1.85018e-11
2.24952e-11
-1.62215e-11
8.25027e-12
-9.37585e-12
2.41228e-11
-4.50754e-11
5.76841e-11
-5.513e-11
4.25537e-11
-2.57649e-11
4.45203e-12
1.78083e-11
-2.8401e-11
1.81269e-11
6.08399e-12
-2.75626e-11
3.39175e-11
-2.40779e-11
6.66718e-12
6.29174e-12
-1.01639e-11
1.09231e-11
-1.50598e-11
2.04284e-11
-2.39267e-11
2.99502e-11
-4.25219e-11
5.34285e-11
-4.93036e-11
2.74778e-11
4.42835e-13
-1.8838e-11
1.78794e-11
3.78944e-13
-2.31567e-11
3.75561e-11
-4.15057e-11
3.89124e-11
-2.9279e-11
1.07413e-11
8.94649e-12
-1.73419e-11
1.26602e-11
-6.49307e-12
1.01779e-11
-2.48062e-11
4.13552e-11
-4.72709e-11
3.60413e-11
-1.4854e-11
-2.3188e-12
8.8942e-12
-7.44451e-12
-1.69443e-12
2.11768e-11
-4.56034e-11
5.99358e-11
-5.40708e-11
3.22114e-11
-8.12796e-12
-5.44161e-12
4.7176e-12
1.49078e-12
-2.06853e-13
-1.12912e-11
2.34997e-11
-2.91465e-11
2.9828e-11
-2.71342e-11
1.71306e-11
2.74303e-13
-1.5367e-11
1.58423e-11
2.52326e-12
-3.25051e-11
5.76531e-11
-6.29084e-11
4.80901e-11
-2.81981e-11
1.57253e-11
-9.83918e-12
4.927e-12
-1.08637e-12
-4.50913e-13
3.1669e-12
-1.1287e-11
2.32331e-11
-3.2096e-11
2.89891e-11
-1.02401e-11
-1.45213e-11
2.56697e-11
-1.28222e-11
-1.44183e-11
3.85396e-11
-5.12369e-11
5.33526e-11
-4.7376e-11
3.57121e-11
-2.23479e-11
1.1283e-11
-6.24052e-12
8.56333e-12
-1.20671e-11
4.80374e-12
1.5699e-11
-3.50609e-11
3.63942e-11
-1.8666e-11
-4.94515e-12
2.01221e-11
-1.98752e-11
5.79478e-12
1.39163e-11
-3.18728e-11
4.5694e-11
-5.31029e-11
4.8462e-11
-3.22938e-11
1.6933e-11
-1.45588e-11
2.23827e-11
-2.66392e-11
1.67425e-11
6.17302e-12
-3.01878e-11
4.00341e-11
-3.03898e-11
1.08595e-11
5.30604e-12
-1.3905e-11
1.55618e-11
-7.7735e-12
-1.09098e-11
3.29672e-11
-4.65754e-11
4.53522e-11
-3.29178e-11
2.09072e-11
-2.14003e-11
3.37527e-11
-4.22478e-11
3.24287e-11
-7.26404e-12
-1.87975e-11
3.4849e-11
-3.82623e-11
3.06185e-11
-1.6318e-11
8.62104e-13
1.0759e-11
-1.30704e-11
1.20215e-12
2.0063e-11
-3.51757e-11
3.30374e-11
-2.04323e-11
1.34653e-11
-2.08697e-11
3.7706e-11
-5.08089e-11
4.77228e-11
-2.71735e-11
1.76102e-13
2.15027e-11
-3.51328e-11
4.09842e-11
-3.62477e-11
2.09357e-11
-4.41629e-12
-1.91452e-12
-5.5247e-12
1.98305e-11
-2.82494e-11
2.12807e-11
-4.30276e-12
-4.92444e-12
-5.30984e-12
2.78285e-11
-4.65438e-11
5.12264e-11
-4.11562e-11
2.10415e-11
1.68202e-12
-2.1297e-11
3.49778e-11
-3.9662e-11
3.27253e-11
-2.04542e-11
1.61758e-11
-2.53798e-11
3.76453e-11
-3.81592e-11
2.16765e-11
3.32227e-12
-2.03497e-11
1.66214e-11
4.47386e-12
-2.64767e-11
3.65924e-11
-3.47208e-11
2.5365e-11
-1.10087e-11
-5.3372e-12
1.83952e-11
-2.4458e-11
2.35608e-11
-2.06768e-11
2.50178e-11
-4.12415e-11
5.91291e-11
-6.04996e-11
3.87663e-11
-5.9353e-12
-1.925e-11
2.52977e-11
-1.38866e-11
-2.11715e-12
9.77659e-12
-7.45487e-12
2.19816e-12
2.18234e-12
-6.44541e-12
9.09487e-12
-6.88138e-12
1.9178e-12
-1.51715e-12
1.25733e-11
-3.56509e-11
6.07542e-11
-7.00136e-11
5.37187e-11
-2.21615e-11
-3.77648e-12
1.25735e-11
-8.19579e-12
2.82151e-12
-6.61279e-12
2.00855e-11
-3.35405e-11
3.78072e-11
-3.28381e-11
2.27671e-11
-9.0134e-12
-5.82497e-12
1.3693e-11
-7.38684e-12
-1.21e-11
3.47562e-11
-4.64561e-11
3.80609e-11
-1.65476e-11
5.14451e-13
-1.55109e-12
1.21274e-11
-1.62677e-11
3.76394e-12
2.22968e-11
-4.90978e-11
6.20978e-11
-5.81939e-11
4.43142e-11
-2.82483e-11
1.21441e-11
-6.10791e-14
-3.73633e-12
-9.79663e-13
6.6413e-12
-5.84864e-12
-5.66401e-12
2.1245e-11
-2.71275e-11
1.3028e-11
1.14443e-11
-2.66695e-11
1.90709e-11
6.27058e-12
-3.44125e-11
4.85489e-11
-4.5109e-11
3.3163e-11
-2.599e-11
2.5011e-11
-2.58279e-11
2.3753e-11
-1.7881e-11
5.51703e-12
1.27691e-11
-3.4453e-11
5.2559e-11
-5.84369e-11
4.50149e-11
-1.93748e-11
-6.88088e-13
1.88779e-12
1.13957e-11
-2.37908e-11
2.1569e-11
-3.75591e-12
-1.54258e-11
1.89404e-11
-3.51489e-12
-1.71016e-11
2.86672e-11
-2.49563e-11
9.87463e-12
9.99599e-12
-2.60841e-11
3.67848e-11
-4.08085e-11
3.89707e-11
-3.12647e-11
2.71817e-11
-3.06192e-11
3.87644e-11
-3.70724e-11
1.94379e-11
1.37523e-11
-4.41947e-11
5.60132e-11
-4.17675e-11
1.9734e-11
-6.37084e-12
1.14848e-11
-2.3311e-11
3.08762e-11
-2.1898e-11
4.44946e-12
1.12272e-11
-1.27432e-11
5.51868e-12
7.98093e-12
-1.94587e-11
2.72835e-11
-2.40321e-11
1.23292e-11
7.47142e-12
-2.49159e-11
3.28784e-11
-2.63166e-11
1.83113e-11
-2.10556e-11
3.85356e-11
-5.7092e-11
6.06749e-11
-3.96143e-11
2.99503e-12
2.74534e-11
-3.68938e-11
2.8283e-11
-1.8478e-11
1.74844e-11
-2.85158e-11
3.93041e-11
-4.18462e-11
2.92924e-11
-1.32465e-11
-3.8097e-12
1.24588e-11
-1.63788e-11
7.17771e-12
4.19389e-12
-1.84793e-11
1.9242e-11
-1.1785e-11
-8.43663e-12
1.70301e-11
-1.55759e-11
-8.41437e-13
3.79769e-12
5.6582e-12
-3.68384e-11
5.90305e-11
-6.65658e-11
4.23877e-11
-1.6352e-11
-6.84167e-12
6.86208e-12
-5.88644e-12
2.75625e-12
-1.93816e-11
3.66665e-11
-5.58487e-11
5.55571e-11
-4.98494e-11
3.02333e-11
-1.37991e-11
-4.97838e-12
1.08702e-11
-1.28663e-11
4.59874e-12
-1.33788e-12
4.65305e-12
-1.99225e-11
3.06452e-11
-2.74969e-11
8.27393e-12
1.43423e-11
-2.11785e-11
6.81326e-12
2.32331e-11
-4.03381e-11
4.04359e-11
-1.89635e-11
5.57193e-12
9.05931e-13
1.55967e-11
-2.12418e-11
2.18621e-11
6.55669e-12
-2.69942e-11
5.41118e-11
-5.22203e-11
5.44341e-11
-3.43684e-11
3.35143e-11
-1.57869e-11
2.0021e-11
-5.05564e-12
9.6668e-12
1.51728e-11
-2.40217e-11
5.57735e-11
-5.23194e-11
5.4731e-11
-1.81956e-11
8.44919e-12
9.2751e-12
1.40277e-11
-1.3827e-11
2.36152e-11
8.4784e-12
-2.14875e-11
4.14679e-11
-1.57796e-11
2.99342e-14
2.63572e-11
-1.32222e-11
1.34004e-12
2.61139e-11
-2.49175e-11
2.1947e-11
-6.94334e-12
9.10718e-12
-1.5325e-11
2.86826e-11
-3.51856e-11
2.86923e-11
-1.65743e-11
-7.22065e-12
2.08519e-11
-4.24936e-11
3.82415e-11
-4.45004e-11
2.5822e-11
-3.78223e-11
2.76331e-11
-5.12363e-11
2.77813e-11
-2.49679e-11
-3.12234e-11
3.4417e-11
-6.57219e-11
2.51928e-11
-3.54688e-11
1.62651e-12
-4.56678e-11
2.83782e-11
-5.98714e-11
1.59663e-12
-3.8007e-12
-5.44063e-11
1.57892e-11
-3.47841e-11
-1.93255e-11
-1.80012e-11
-7.87634e-12
-4.32896e-11
6.69679e-12
-3.18325e-11
-2.10943e-11
-7.07513e-12
-2.39407e-11
-2.15687e-11
1.49787e-12
-3.85888e-11
7.34003e-12
-2.53879e-11
-1.05951e-11
-1.78898e-12
-2.1545e-11
2.43907e-12
-1.37062e-11
9.14775e-12
-3.1701e-11
4.69197e-11
-5.49799e-11
4.79755e-11
-1.25318e-11
-1.03163e-12
2.85608e-11
-2.16352e-12
2.0249e-11
3.67482e-12
5.53239e-11
-4.30623e-11
9.59019e-11
-2.94827e-11
4.93121e-11
3.61975e-11
1.83123e-11
3.95036e-11
3.7235e-11
4.84184e-11
4.90489e-12
1.00289e-10
-1.91471e-11
9.05101e-11
2.81426e-11
4.73369e-11
5.31717e-11
5.05162e-11
4.71132e-11
4.73418e-11
6.96933e-11
1.99416e-11
8.59695e-11
2.32436e-11
6.50398e-11
4.72083e-11
4.38405e-11
5.02221e-11
4.83263e-11
3.41163e-11
5.20881e-11
3.44959e-11
3.0109e-11
4.54143e-11
2.30123e-11
2.09688e-11
3.97315e-11
5.2741e-12
1.04251e-11
3.87041e-11
-3.29096e-11
3.31167e-11
-1.67295e-11
-7.1597e-12
-2.0077e-11
4.84324e-12
-5.809e-11
-8.24929e-12
-2.54893e-11
-8.27813e-11
8.01648e-12
-9.55431e-11
-3.4615e-11
-7.7778e-11
-4.40351e-11
-1.15114e-10
-3.47222e-11
-1.07487e-10
-1.02192e-10
-4.92991e-11
-1.50883e-10
-5.89607e-11
-1.34424e-10
-8.23441e-11
-1.49244e-10
-6.5964e-11
-1.61211e-10
-9.68962e-11
-1.1038e-10
-1.54523e-10
-7.86948e-11
-1.58931e-10
-8.85227e-11
-1.50941e-10
-7.96424e-11
-1.56759e-10
-7.45166e-11
-1.3076e-10
-1.0381e-10
-8.09322e-11
-1.25404e-10
-5.52301e-11
-1.1236e-10
-5.06057e-11
-9.21943e-11
-3.32593e-11
-8.11966e-11
-1.72605e-11
-4.53338e-11
-3.18264e-11
1.11167e-11
-3.11782e-11
2.76984e-11
1.21018e-11
3.33165e-11
3.14665e-11
7.84393e-11
3.76348e-11
9.44265e-11
9.59094e-11
7.99011e-11
1.34028e-10
1.241e-10
1.20878e-10
1.66209e-10
1.58684e-10
1.50155e-10
2.06514e-10
1.78285e-10
1.88397e-10
2.27906e-10
2.08585e-10
2.03698e-10
2.66492e-10
2.03093e-10
2.47781e-10
2.57681e-10
2.30564e-10
2.48711e-10
2.67298e-10
2.33855e-10
2.41279e-10
2.83787e-10
1.93461e-10
2.77742e-10
2.20077e-10
2.23454e-10
2.20605e-10
2.24704e-10
1.7839e-10
1.9905e-10
1.97103e-10
1.17178e-10
2.04615e-10
9.40201e-11
1.38432e-10
9.16353e-11
9.84851e-11
3.9681e-11
6.90667e-11
2.13474e-11
-2.18734e-11
3.19759e-11
-9.17082e-11
-1.8958e-11
-1.10729e-10
-8.26932e-11
-1.56031e-10
-1.19241e-10
-1.96694e-10
-1.94558e-10
-1.91804e-10
-2.84693e-10
-2.10968e-10
-3.24087e-10
-2.65795e-10
-3.52769e-10
-3.03163e-10
-3.89604e-10
-3.47595e-10
-3.88752e-10
-4.21004e-10
-3.7238e-10
-4.69266e-10
-3.87239e-10
-4.79037e-10
-4.0795e-10
-4.87172e-10
-4.16438e-10
-4.78731e-10
-4.43832e-10
-4.32636e-10
-4.77936e-10
-3.91476e-10
-4.71703e-10
-3.76049e-10
-4.40182e-10
-3.50472e-10
-4.09358e-10
-3.2231e-10
-3.45302e-10
-3.2112e-10
-2.53674e-10
-3.02935e-10
-1.91495e-10
-2.40438e-10
-1.39818e-10
-1.80686e-10
-6.81088e-11
-1.11898e-10
-2.48436e-11
3.83807e-12
-4.87556e-13
1.06341e-10
6.93893e-11
1.71624e-10
1.48091e-10
2.57724e-10
2.07833e-10
3.31066e-10
3.10957e-10
3.52957e-10
4.27936e-10
3.99948e-10
4.91321e-10
4.73354e-10
5.57232e-10
5.09367e-10
6.32256e-10
5.65156e-10
6.41746e-10
6.60301e-10
6.39911e-10
7.04279e-10
6.7745e-10
7.23035e-10
6.77854e-10
7.6691e-10
6.64143e-10
7.54247e-10
7.03898e-10
6.92963e-10
7.14804e-10
6.70556e-10
6.75284e-10
6.29458e-10
6.65343e-10
5.45478e-10
6.26471e-10
5.1167e-10
5.14311e-10
4.84823e-10
4.2708e-10
3.97153e-10
3.48947e-10
3.30311e-10
2.15452e-10
2.71582e-10
1.14816e-10
1.36268e-10
5.74641e-11
5.54295e-13
-4.79739e-11
-8.96277e-11
-9.56933e-11
-5.84339e-11
-1.84823e-11
-2.77478e-12
0
