0
4.37194e-11
1.66309e-10
-3.7554e-09
-3.93932e-08
-1.48093e-07
-3.073e-07
-4.52357e-07
-5.56244e-07
-6.30809e-07
-6.9522e-07
-7.58884e-07
-8.2147e-07
-8.82986e-07
-9.42983e-07
-1.00101e-06
-1.05706e-06
-1.11036e-06
-1.161e-06
-1.20834e-06
-1.25212e-06
-1.29217e-06
-1.32781e-06
-1.35917e-06
-1.38552e-06
-1.40683e-06
-1.42276e-06
-1.43285e-06
-1.4372e-06
-1.43514e-06
-1.42685e-06
-1.41188e-06
-1.39007e-06
-1.36148e-06
-1.32561e-06
-1.2828e-06
-1.2326e-06
-1.17521e-06
-1.1106e-06
-1.03859e-06
-9.59611e-07
-8.73341e-07
-7.80274e-07
-6.8038e-07
-5.7385e-07
-4.61146e-07
-3.42186e-07
-2.17692e-07
-8.76907e-08
4.72536e-08
1.8668e-07
3.30352e-07
4.77421e-07
6.27729e-07
7.80412e-07
9.35015e-07
1.09096e-06
1.24739e-06
1.40395e-06
1.5596e-06
1.71389e-06
1.86595e-06
2.015e-06
2.16047e-06
2.3013e-06
2.43702e-06
2.56663e-06
2.68944e-06
2.80474e-06
2.9116e-06
3.00952e-06
3.09753e-06
3.17508e-06
3.24144e-06
3.29589e-06
3.33796e-06
3.36689e-06
3.38229e-06
3.38354e-06
3.37025e-06
3.34202e-06
3.29845e-06
3.23935e-06
3.16438e-06
3.07346e-06
2.96645e-06
2.84333e-06
2.70416e-06
2.54904e-06
2.37819e-06
2.19183e-06
1.99037e-06
1.77416e-06
1.5438e-06
1.29978e-06
1.04281e-06
7.73635e-07
4.9299e-07
2.01917e-07
-9.88058e-08
-4.07971e-07
-7.24593e-07
-1.0475e-06
-1.37535e-06
-1.70707e-06
-2.04105e-06
-2.37615e-06
-2.71079e-06
-3.04352e-06
-3.37297e-06
-3.69732e-06
-4.01539e-06
-4.32527e-06
-4.62561e-06
-4.91481e-06
-5.19111e-06
-5.45331e-06
-5.69946e-06
-5.92842e-06
-6.13851e-06
-6.32832e-06
-6.49668e-06
-6.64189e-06
-6.76316e-06
-6.85892e-06
-6.92831e-06
-6.97033e-06
-6.98384e-06
-6.96842e-06
-6.92292e-06
-6.84715e-06
-6.74044e-06
-6.60242e-06
-6.4331e-06
-6.23204e-06
-5.99971e-06
-5.73597e-06
-5.44135e-06
-5.11634e-06
-4.7614e-06
-4.37758e-06
-3.96552e-06
-3.52653e-06
-3.06171e-06
-2.57242e-06
-2.06025e-06
-1.52671e-06
-9.73719e-07
-4.0306e-07
1.83165e-07
7.82859e-07
1.39375e-06
2.01349e-06
2.63962e-06
3.26961e-06
3.90089e-06
4.53069e-06
5.15643e-06
5.77515e-06
6.3842e-06
6.98068e-06
7.56172e-06
8.12464e-06
8.66636e-06
9.1844e-06
9.67574e-06
1.01378e-05
1.05681e-05
1.09638e-05
1.13228e-05
1.16424e-05
1.19208e-05
1.21555e-05
1.23448e-05
1.2487e-05
1.25801e-05
1.26232e-05
1.26147e-05
1.25536e-05
1.24392e-05
1.22707e-05
1.20479e-05
1.17704e-05
1.14385e-05
1.10523e-05
1.06124e-05
1.01197e-05
9.57506e-06
8.97995e-06
8.33572e-06
7.64423e-06
6.90746e-06
6.12762e-06
5.30726e-06
4.44899e-06
3.55578e-06
2.63067e-06
1.67706e-06
6.98355e-07
-3.0166e-07
-1.31928e-06
-2.35046e-06
-3.39106e-06
-4.43702e-06
-5.48373e-06
-6.52713e-06
-7.56247e-06
-8.58539e-06
-9.59138e-06
-1.05757e-05
-1.15341e-05
-1.24618e-05
-1.33547e-05
-1.42081e-05
-1.50179e-05
-1.578e-05
-1.64902e-05
-1.71449e-05
-1.77402e-05
-1.82727e-05
-1.87391e-05
-1.91363e-05
-1.94618e-05
-1.97127e-05
-1.98869e-05
-1.99825e-05
-1.99978e-05
-1.99316e-05
-1.97827e-05
-1.95505e-05
-1.92348e-05
-1.88356e-05
-1.83532e-05
-1.77885e-05
-1.71426e-05
-1.64171e-05
-1.56136e-05
-1.47346e-05
-1.37826e-05
-1.27603e-05
-1.16714e-05
-1.05192e-05
-9.30769e-06
-8.04123e-06
-6.72409e-06
-5.36146e-06
-3.95797e-06
-2.51934e-06
-1.05086e-06
4.41719e-07
1.9523e-06
3.47514e-06
5.00365e-06
6.53186e-06
8.05319e-06
9.56126e-06
1.10497e-05
1.25119e-05
1.39415e-05
1.53322e-05
1.66777e-05
1.79719e-05
1.92087e-05
2.03822e-05
2.1487e-05
2.25175e-05
2.34687e-05
2.43357e-05
2.51138e-05
2.5799e-05
2.63871e-05
2.6875e-05
2.72593e-05
2.75372e-05
2.77068e-05
2.77658e-05
2.77132e-05
2.75477e-05
2.72691e-05
2.68774e-05
2.63728e-05
2.57567e-05
2.50302e-05
2.41954e-05
2.32547e-05
2.22111e-05
2.10678e-05
1.98287e-05
1.8498e-05
1.70805e-05
1.55812e-05
1.40056e-05
1.23597e-05
1.06494e-05
8.88151e-06
7.0628e-06
5.20027e-06
3.30153e-06
1.37375e-06
-5.7489e-07
-2.53682e-06
-4.50388e-06
-6.46791e-06
-8.42102e-06
-1.03547e-05
-1.22611e-05
-1.4132e-05
-1.59594e-05
-1.77355e-05
-1.94526e-05
-2.11031e-05
-2.26799e-05
-2.41759e-05
-2.55844e-05
-2.6899e-05
-2.81137e-05
-2.92229e-05
-3.02213e-05
-3.11042e-05
-3.18673e-05
-3.25065e-05
-3.30189e-05
-3.34012e-05
-3.36516e-05
-3.3768e-05
-3.37492e-05
-3.35949e-05
-3.33048e-05
-3.28796e-05
-3.23201e-05
-3.16283e-05
-3.08063e-05
-2.98569e-05
-2.87835e-05
-2.759e-05
-2.62807e-05
-2.48607e-05
-2.33353e-05
-2.17103e-05
-1.99922e-05
-1.81875e-05
-1.63037e-05
-1.43479e-05
-1.23281e-05
-1.02525e-05
-8.1291e-06
-5.96699e-06
-3.77459e-06
-1.56095e-06
6.64768e-07
2.89368e-06
5.11631e-06
7.3238e-06
9.50684e-06
1.16565e-05
1.37638e-05
1.582e-05
1.78166e-05
1.97452e-05
2.15979e-05
2.33668e-05
2.50447e-05
2.66242e-05
2.80993e-05
2.94632e-05
3.07106e-05
3.18361e-05
3.28349e-05
3.37032e-05
3.44367e-05
3.50329e-05
3.54891e-05
3.58033e-05
3.59743e-05
3.60014e-05
3.58844e-05
3.56238e-05
3.52209e-05
3.46771e-05
3.39951e-05
3.31773e-05
3.22276e-05
3.11497e-05
2.99483e-05
2.86285e-05
2.71955e-05
2.56559e-05
2.40157e-05
2.22819e-05
2.04618e-05
1.8563e-05
1.65935e-05
1.45614e-05
1.24752e-05
1.03436e-05
8.17545e-06
5.97968e-06
3.7655e-06
1.54185e-06
-6.81923e-07
-2.89678e-06
-5.09376e-06
-7.26361e-06
-9.3979e-06
-1.14876e-05
-1.35245e-05
-1.55004e-05
-1.74072e-05
-1.92377e-05
-2.09842e-05
-2.26402e-05
-2.41992e-05
-2.5655e-05
-2.70022e-05
-2.82358e-05
-2.93509e-05
-3.03439e-05
-3.12108e-05
-3.19489e-05
-3.25558e-05
-3.30294e-05
-3.33688e-05
-3.35728e-05
-3.36417e-05
-3.35756e-05
-3.33756e-05
-3.30434e-05
-3.25807e-05
-3.19906e-05
-3.1276e-05
-3.04405e-05
-2.94884e-05
-2.84243e-05
-2.72532e-05
-2.59807e-05
-2.46125e-05
-2.31548e-05
-2.16145e-05
-1.9998e-05
-1.8313e-05
-1.65664e-05
-1.47661e-05
-1.29198e-05
-1.10354e-05
-9.12092e-06
-7.18439e-06
-5.23406e-06
-3.27794e-06
-1.3242e-06
6.19325e-07
2.54448e-06
4.44373e-06
6.30935e-06
8.13396e-06
9.91058e-06
1.1632e-05
1.32919e-05
1.48838e-05
1.64019e-05
1.78406e-05
1.91945e-05
2.04591e-05
2.16299e-05
2.27029e-05
2.36746e-05
2.45421e-05
2.53026e-05
2.59544e-05
2.64955e-05
2.6925e-05
2.72421e-05
2.74468e-05
2.75394e-05
2.75204e-05
2.73914e-05
2.71539e-05
2.68101e-05
2.63625e-05
2.58142e-05
2.51684e-05
2.4429e-05
2.35999e-05
2.26856e-05
2.16911e-05
2.06209e-05
1.94808e-05
1.82759e-05
1.70122e-05
1.56956e-05
1.4332e-05
1.29277e-05
1.14889e-05
1.00221e-05
8.53358e-06
7.0298e-06
5.51703e-06
4.00186e-06
2.49031e-06
9.88782e-07
-4.96784e-07
-1.96054e-06
-3.39643e-06
-4.79933e-06
-6.16351e-06
-7.48415e-06
-8.75622e-06
-9.97519e-06
-1.11368e-05
-1.2237e-05
-1.32722e-05
-1.42389e-05
-1.51343e-05
-1.59555e-05
-1.67004e-05
-1.73668e-05
-1.79533e-05
-1.84586e-05
-1.88818e-05
-1.92225e-05
-1.94803e-05
-1.96556e-05
-1.97489e-05
-1.97611e-05
-1.96933e-05
-1.95473e-05
-1.93245e-05
-1.90275e-05
-1.86584e-05
-1.822e-05
-1.77154e-05
-1.71474e-05
-1.65197e-05
-1.58357e-05
-1.50993e-05
-1.43144e-05
-1.34851e-05
-1.26154e-05
-1.17099e-05
-1.07727e-05
-9.80834e-06
-8.82133e-06
-7.81598e-06
-6.79715e-06
-5.76884e-06
-4.73587e-06
-3.7024e-06
-2.67281e-06
-1.65132e-06
-6.41937e-07
3.51292e-07
1.32453e-06
2.2741e-06
3.19663e-06
4.08852e-06
4.94698e-06
5.76869e-06
6.55128e-06
7.29206e-06
7.9887e-06
8.63933e-06
9.24195e-06
9.79515e-06
1.02975e-05
1.07479e-05
1.11455e-05
1.14899e-05
1.17803e-05
1.20171e-05
1.22e-05
1.23294e-05
1.24061e-05
1.24305e-05
1.24039e-05
1.23273e-05
1.22021e-05
1.20297e-05
1.18122e-05
1.1551e-05
1.12485e-05
1.09066e-05
1.05276e-05
1.01141e-05
9.66824e-06
9.19295e-06
8.69053e-06
8.16394e-06
7.61578e-06
7.04887e-06
6.46592e-06
5.86991e-06
5.26343e-06
4.64939e-06
4.03051e-06
3.40936e-06
2.78892e-06
2.17137e-06
1.55955e-06
9.55724e-07
3.62332e-07
-2.18452e-07
-7.84422e-07
-1.33365e-06
-1.86407e-06
-2.37402e-06
-2.86191e-06
-3.32596e-06
-3.76515e-06
-4.17787e-06
-4.56335e-06
-4.92045e-06
-5.24839e-06
-5.54652e-06
-5.81439e-06
-6.05151e-06
-6.25772e-06
-6.43295e-06
-6.5771e-06
-6.69065e-06
-6.77347e-06
-6.82639e-06
-6.84972e-06
-6.84422e-06
-6.81061e-06
-6.7498e-06
-6.66271e-06
-6.55047e-06
-6.41414e-06
-6.25486e-06
-6.07421e-06
-5.8731e-06
-5.65332e-06
-5.41599e-06
-5.16279e-06
-4.89515e-06
-4.61458e-06
-4.32258e-06
-4.02084e-06
-3.71079e-06
-3.39394e-06
-3.072e-06
-2.74619e-06
-2.41839e-06
-2.08964e-06
-1.76162e-06
-1.43563e-06
-1.11303e-06
-7.94997e-07
-4.82885e-07
-1.77743e-07
1.1926e-07
4.07063e-07
6.84933e-07
9.51575e-07
1.20658e-06
1.44893e-06
1.67812e-06
1.89345e-06
2.09448e-06
2.28071e-06
2.45192e-06
2.60765e-06
2.74774e-06
2.87225e-06
2.98078e-06
3.0737e-06
3.15077e-06
3.21238e-06
3.25862e-06
3.28982e-06
3.30616e-06
3.3083e-06
3.29641e-06
3.27108e-06
3.23289e-06
3.18224e-06
3.12e-06
3.04649e-06
2.96262e-06
2.86896e-06
2.76632e-06
2.65522e-06
2.53671e-06
2.41124e-06
2.2798e-06
2.14304e-06
2.00164e-06
1.8566e-06
1.70841e-06
1.55796e-06
1.4059e-06
1.25304e-06
1.09988e-06
9.47346e-07
7.95754e-07
6.46075e-07
4.98658e-07
3.54073e-07
2.12993e-07
7.57794e-08
-5.70465e-08
-1.85103e-07
-3.07921e-07
-4.25277e-07
-5.36607e-07
-6.42026e-07
-7.40851e-07
-8.33165e-07
-9.18703e-07
-9.97334e-07
-1.06894e-06
-1.13349e-06
-1.1909e-06
-1.24123e-06
-1.28453e-06
-1.32065e-06
-1.35007e-06
-1.3725e-06
-1.38837e-06
-1.39768e-06
-1.40075e-06
-1.39767e-06
-1.38882e-06
-1.37423e-06
-1.35442e-06
-1.32955e-06
-1.29978e-06
-1.26571e-06
-1.22737e-06
-1.18528e-06
-1.13961e-06
-1.09083e-06
-1.03912e-06
-9.85053e-07
-9.28585e-07
-8.70432e-07
-8.10702e-07
-7.49717e-07
-6.87888e-07
-6.25421e-07
-5.627e-07
-4.99943e-07
-4.37465e-07
-3.75444e-07
-3.14394e-07
-2.54123e-07
-1.95277e-07
-1.37807e-07
-8.20327e-08
-2.80544e-08
2.38842e-08
7.37186e-08
1.2118e-07
1.66302e-07
2.08951e-07
2.48832e-07
2.86226e-07
3.20757e-07
3.52585e-07
3.81528e-07
4.07728e-07
4.31001e-07
4.51601e-07
4.69213e-07
4.84206e-07
4.9647e-07
5.05988e-07
5.12983e-07
5.17435e-07
5.1946e-07
5.19102e-07
5.16553e-07
5.1175e-07
5.05102e-07
4.96298e-07
4.85853e-07
4.73678e-07
4.59954e-07
4.44738e-07
4.28321e-07
4.10633e-07
3.91961e-07
3.72344e-07
3.51875e-07
3.30891e-07
3.09188e-07
2.8715e-07
2.64782e-07
2.42268e-07
2.19529e-07
1.96992e-07
1.744e-07
1.52174e-07
1.30145e-07
1.08531e-07
8.74355e-08
6.68604e-08
4.68419e-08
2.75772e-08
9.06061e-09
-8.79227e-09
-2.56509e-08
-4.17946e-08
-5.68892e-08
-7.11654e-08
-8.44254e-08
-9.67591e-08
-1.07988e-07
-1.18426e-07
-1.27691e-07
-1.36024e-07
-1.43407e-07
-1.49769e-07
-1.55199e-07
-1.59667e-07
-1.63235e-07
-1.659e-07
-1.67759e-07
-1.68621e-07
-1.6892e-07
-1.68273e-07
-1.66975e-07
-1.6496e-07
-1.62379e-07
-1.59067e-07
-1.55328e-07
-1.50955e-07
-1.462e-07
-1.40999e-07
-1.3533e-07
-1.29437e-07
-1.23198e-07
-1.16679e-07
-1.0994e-07
-1.03143e-07
-9.60249e-08
-8.89962e-08
-8.17569e-08
-7.46225e-08
-6.74163e-08
-6.0295e-08
-5.3189e-08
-4.63274e-08
-3.94217e-08
-3.27609e-08
-2.63232e-08
-1.99873e-08
-1.39316e-08
-8.09251e-09
-2.53092e-09
2.8136e-09
7.80723e-09
1.26463e-08
1.6985e-08
2.12348e-08
2.50623e-08
2.86054e-08
3.18027e-08
3.48213e-08
3.73572e-08
3.97196e-08
4.17295e-08
4.34502e-08
4.4918e-08
4.60402e-08
4.69485e-08
4.75987e-08
4.79766e-08
4.80503e-08
4.80862e-08
4.76836e-08
4.72223e-08
4.65058e-08
4.56756e-08
4.45738e-08
4.34539e-08
4.20544e-08
4.06807e-08
3.90745e-08
3.73985e-08
3.56984e-08
3.38759e-08
3.19518e-08
3.00615e-08
2.8131e-08
2.60603e-08
2.41369e-08
2.20721e-08
2.01189e-08
1.8084e-08
1.61541e-08
1.41744e-08
1.23655e-08
1.03941e-08
8.68069e-09
6.92579e-09
5.22404e-09
3.59425e-09
2.11666e-09
5.89052e-10
-7.87357e-10
-2.07682e-09
-3.34011e-09
-4.43886e-09
-5.55668e-09
-6.49794e-09
-7.3949e-09
-8.18933e-09
-8.99362e-09
-9.50744e-09
-1.01754e-08
-1.06219e-08
-1.10353e-08
-1.13295e-08
-1.16671e-08
-1.17782e-08
-1.19614e-08
-1.19804e-08
-1.20037e-08
-1.19614e-08
-1.18193e-08
-1.16667e-08
-1.15011e-08
-1.12237e-08
-1.0896e-08
-1.06775e-08
-1.02335e-08
-9.88687e-09
-9.4692e-09
-9.07991e-09
-8.55996e-09
-8.1822e-09
-7.6258e-09
-7.22763e-09
-6.67208e-09
-6.20516e-09
-5.71136e-09
-5.25373e-09
-4.67888e-09
-4.28339e-09
-3.7942e-09
-3.28109e-09
-2.87391e-09
-2.43794e-09
-1.98885e-09
-1.57686e-09
-1.22294e-09
-7.92422e-10
-5.01969e-10
-8.53604e-11
1.61626e-10
4.94459e-10
7.58492e-10
1.06693e-09
1.19011e-09
1.53169e-09
1.66485e-09
1.84134e-09
1.99453e-09
2.18836e-09
2.22344e-09
2.38334e-09
2.44754e-09
2.51313e-09
2.57214e-09
2.58611e-09
2.62608e-09
2.63626e-09
2.61003e-09
2.57241e-09
2.62689e-09
2.4763e-09
2.48504e-09
2.42396e-09
2.36411e-09
2.21546e-09
2.2516e-09
2.06511e-09
2.02661e-09
1.89586e-09
1.83978e-09
1.68618e-09
1.63543e-09
1.46563e-09
1.43226e-09
1.27965e-09
1.16447e-09
1.09536e-09
9.93613e-10
8.3485e-10
7.85935e-10
7.10814e-10
5.33481e-10
5.13463e-10
4.0903e-10
3.1961e-10
2.13184e-10
2.0444e-10
5.2083e-11
5.86733e-11
-7.64828e-11
-7.11927e-11
-1.6942e-10
-1.88707e-10
-2.94353e-10
-2.30075e-10
-3.77694e-10
-3.61222e-10
-3.80671e-10
-4.06785e-10
-4.93278e-10
-4.12051e-10
-4.85148e-10
-5.07941e-10
-4.80676e-10
-4.9192e-10
-5.18077e-10
-4.99923e-10
-4.90037e-10
-5.0917e-10
-4.64687e-10
-5.11669e-10
-4.36482e-10
-4.64207e-10
-4.4184e-10
-4.45883e-10
-3.50157e-10
-4.56716e-10
-3.4218e-10
-3.4964e-10
-3.30372e-10
-3.60702e-10
-2.26141e-10
-3.22501e-10
-2.42913e-10
-2.3639e-10
-1.94446e-10
-2.31587e-10
-1.42413e-10
-1.79133e-10
-1.22085e-10
-1.31709e-10
-1.05088e-10
-7.86762e-11
-6.67217e-11
-8.05045e-11
-2.29922e-11
-1.13136e-11
-6.16192e-11
2.91351e-11
1.42325e-11
-3.10071e-12
1.54221e-11
9.06425e-11
-1.49379e-11
7.61398e-11
5.87e-11
7.27905e-11
2.78189e-11
1.25371e-10
3.35917e-11
1.06288e-10
5.5322e-11
1.10047e-10
5.77463e-11
1.11991e-10
4.4754e-11
1.31497e-10
5.13988e-11
8.53226e-11
8.60532e-11
1.00786e-10
2.53358e-11
1.17818e-10
7.28661e-11
3.94328e-11
7.84542e-11
9.2486e-11
2.13052e-11
6.25403e-11
8.70244e-11
1.61016e-11
5.33851e-11
5.63169e-11
4.03023e-11
1.35821e-11
6.74884e-11
2.96205e-12
5.04562e-11
1.1359e-12
4.38543e-11
5.36062e-13
4.04362e-11
-2.92119e-11
6.42097e-11
-2.8555e-11
1.55154e-11
-9.94327e-13
3.87298e-11
-6.6943e-11
5.67801e-11
-1.85927e-11
-1.34231e-11
-1.91977e-11
4.93331e-11
-7.3033e-11
2.10552e-11
-1.57555e-12
-1.57019e-11
-3.92502e-11
3.79186e-11
-4.50105e-11
-9.40418e-12
-3.62226e-12
-8.08104e-12
-3.05429e-11
4.03784e-12
-1.85139e-11
-1.22109e-11
-9.00182e-12
-2.1064e-11
2.93423e-12
-1.9014e-11
-1.60541e-11
-6.10363e-12
9.08851e-12
-5.15333e-11
2.63862e-11
-1.28804e-11
-2.04174e-11
-1.92249e-11
4.49485e-11
-6.79339e-11
2.10332e-11
2.8255e-12
-5.72595e-12
-4.8059e-11
6.6795e-11
-5.43548e-11
4.99285e-12
9.28337e-13
2.41285e-11
-6.38481e-11
5.84278e-11
-2.96273e-11
4.31238e-12
-1.69489e-11
4.14845e-11
-5.17479e-11
3.72669e-11
-2.01307e-11
1.83489e-11
-2.54737e-11
3.15065e-11
-2.841e-11
2.91411e-11
-2.68539e-11
2.34296e-11
-9.90467e-12
9.56744e-12
-1.92664e-11
3.66138e-11
-2.75445e-11
4.62011e-12
1.6121e-11
1.00942e-12
-2.82584e-11
3.90892e-11
-6.17049e-12
-2.61024e-11
2.78726e-11
1.1985e-11
-3.5951e-11
1.96699e-11
2.81073e-11
-4.41665e-11
1.73077e-11
2.52169e-11
-2.37939e-11
-1.52811e-11
5.19707e-11
-3.88418e-11
-4.2893e-13
2.13275e-11
5.68288e-12
-4.38294e-11
5.26408e-11
-2.20265e-11
-5.25057e-12
-6.81408e-13
3.31312e-11
-5.12149e-11
3.87513e-11
-1.33506e-11
7.45465e-12
-2.43559e-11
4.28081e-11
-4.24876e-11
2.89126e-11
-2.02416e-11
2.45863e-11
-3.35546e-11
3.6582e-11
-3.45681e-11
3.2769e-11
-3.28321e-11
3.02539e-11
-2.73532e-11
2.94772e-11
-3.87092e-11
4.34384e-11
-3.5761e-11
2.1048e-11
-1.88368e-11
3.39666e-11
-5.08694e-11
4.61489e-11
-2.33298e-11
7.9838e-12
-2.16453e-11
4.88367e-11
-5.70829e-11
3.27351e-11
-4.21058e-12
5.60934e-12
-3.7773e-11
6.12725e-11
-4.67109e-11
8.79535e-12
6.517e-12
1.94407e-11
-5.6479e-11
5.83107e-11
-2.15286e-11
-1.10776e-11
-3.81287e-13
4.19131e-11
-6.33301e-11
3.71989e-11
5.71651e-12
-1.44249e-11
-2.1726e-11
5.84915e-11
-5.0963e-11
7.17783e-12
2.05086e-11
6.71668e-13
-4.47693e-11
5.78956e-11
-2.37563e-11
-1.70506e-11
1.58579e-11
2.51382e-11
-5.58906e-11
3.89157e-11
5.58587e-12
-2.44395e-11
-4.28996e-12
4.52136e-11
-4.85717e-11
1.02406e-11
2.38522e-11
-1.32501e-11
-2.8388e-11
5.03866e-11
-2.61205e-11
-1.51556e-11
2.41602e-11
9.21594e-12
-4.40831e-11
3.82872e-11
1.13527e-12
-2.68193e-11
8.41147e-12
3.12853e-11
-4.41327e-11
1.47219e-11
2.1499e-11
-2.11942e-11
-1.47557e-11
4.2688e-11
-2.89198e-11
-9.88839e-12
2.70607e-11
-2.21043e-12
-3.44524e-11
3.86374e-11
-5.35969e-12
-2.5282e-11
1.64172e-11
2.11432e-11
-4.20917e-11
2.11435e-11
1.64166e-11
-2.52814e-11
-5.35966e-12
3.86367e-11
-3.44514e-11
-2.21061e-12
2.70601e-11
-9.88744e-12
-2.89201e-11
4.26879e-11
-1.47553e-11
-2.11942e-11
2.14993e-11
1.47216e-11
-4.41321e-11
3.12857e-11
8.41083e-12
-2.68181e-11
1.13542e-12
3.82869e-11
-4.4082e-11
9.21591e-12
2.41608e-11
-1.51551e-11
-2.61202e-11
5.03877e-11
-2.8388e-11
-1.32492e-11
2.38533e-11
1.02406e-11
-4.85704e-11
4.52145e-11
-4.28942e-12
-2.44382e-11
5.5866e-12
3.89168e-11
-5.58896e-11
2.51391e-11
1.58593e-11
-1.70497e-11
-2.3755e-11
5.7897e-11
-4.47684e-11
6.73122e-13
2.05097e-11
7.17882e-12
-5.09614e-11
5.84923e-11
-2.17251e-11
-1.44232e-11
5.71696e-12
3.71999e-11
-6.33287e-11
4.19132e-11
-3.80338e-13
-1.10768e-11
-2.15286e-11
5.83113e-11
-5.6479e-11
1.94405e-11
6.51683e-12
8.7947e-12
-4.67114e-11
6.12714e-11
-3.77741e-11
5.60786e-12
-4.21242e-12
3.2733e-11
-5.70856e-11
4.88342e-11
-2.16486e-11
7.98013e-12
-2.33333e-11
4.61441e-11
-5.08739e-11
3.39618e-11
-1.88427e-11
2.10423e-11
-3.57672e-11
4.34315e-11
-3.87164e-11
2.94698e-11
-2.73614e-11
3.02455e-11
-3.28406e-11
3.27595e-11
-3.45773e-11
3.65722e-11
-3.35649e-11
2.45767e-11
-2.02525e-11
2.8902e-11
-4.24978e-11
4.27971e-11
-2.43665e-11
7.44416e-12
-1.3361e-11
3.87412e-11
-5.12249e-11
3.31221e-11
-6.90245e-13
-5.25914e-12
-2.20337e-11
5.26342e-11
-4.38355e-11
5.67855e-12
2.13241e-11
-4.31492e-13
-3.88422e-11
5.19714e-11
-1.52788e-11
-2.37894e-11
2.52231e-11
1.73161e-11
-4.41559e-11
2.81202e-11
1.96855e-11
-3.59331e-11
1.20057e-11
2.78966e-11
-2.60764e-11
-6.14088e-12
3.91224e-11
-2.82232e-11
1.04884e-12
1.61637e-11
4.6653e-12
-2.74949e-11
3.66659e-11
-1.92108e-11
9.6266e-12
-9.84287e-12
2.34949e-11
-2.6786e-11
2.92121e-11
-2.83364e-11
3.1582e-11
-2.53951e-11
1.84288e-11
-2.00498e-11
3.73502e-11
-5.16644e-11
4.15679e-11
-1.68644e-11
4.39589e-12
-2.95454e-11
5.85089e-11
-6.37694e-11
2.42036e-11
1.00068e-12
5.06103e-12
-5.42928e-11
6.68524e-11
-4.80083e-11
-5.68398e-12
2.86096e-12
2.10586e-11
-6.79193e-11
4.49538e-11
-1.92329e-11
-2.04379e-11
-1.29141e-11
2.63368e-11
-5.15976e-11
9.00763e-12
-6.202e-12
-1.61706e-11
-1.91495e-11
2.77903e-12
-2.124e-11
-9.19831e-12
-1.24294e-11
-1.87548e-11
3.77505e-12
-3.08288e-11
-8.39041e-12
-3.95431e-12
-9.75892e-12
-4.53889e-11
3.75179e-11
-3.96722e-11
-1.61461e-11
-2.04026e-12
2.05716e-11
-7.35354e-11
4.88135e-11
-1.97318e-11
-1.39712e-11
-1.91526e-11
5.62121e-11
-6.75188e-11
3.81503e-11
-1.57395e-12
1.49365e-11
-2.91275e-11
6.36466e-11
-2.97628e-11
3.99034e-11
2.43584e-14
4.33682e-11
6.81461e-13
5.00368e-11
2.583e-12
6.71564e-11
1.33005e-11
4.00774e-11
5.61551e-11
5.32906e-11
1.60813e-11
8.70832e-11
6.2684e-11
2.15405e-11
9.28165e-11
7.88869e-11
3.99729e-11
7.35173e-11
1.18586e-10
2.62258e-11
1.01801e-10
8.71983e-11
8.66001e-11
5.28113e-11
1.33048e-10
4.64442e-11
1.13821e-10
5.97185e-11
1.12159e-10
5.75744e-11
1.08678e-10
3.61153e-11
1.28026e-10
3.05983e-11
7.56898e-11
6.17129e-11
7.92561e-11
-1.17266e-11
9.39391e-11
1.87909e-11
3.27557e-13
1.77068e-11
3.26393e-11
-5.81025e-11
-7.80134e-12
-1.95044e-11
-7.7062e-11
-6.33451e-11
-7.53904e-11
-1.01915e-10
-1.28675e-10
-1.19218e-10
-1.76457e-10
-1.39959e-10
-2.29382e-10
-1.9252e-10
-2.34774e-10
-2.41635e-10
-3.21593e-10
-2.25636e-10
-3.60628e-10
-3.30761e-10
-3.50523e-10
-3.43585e-10
-4.58674e-10
-3.52695e-10
-4.49028e-10
-4.45617e-10
-4.68641e-10
-4.41594e-10
-5.17478e-10
-4.71212e-10
-5.16425e-10
-4.98033e-10
-5.0867e-10
-5.2758e-10
-5.02181e-10
-4.9169e-10
-5.19704e-10
-4.97648e-10
-4.25272e-10
-5.07201e-10
-4.21383e-10
-3.95914e-10
-3.77072e-10
-3.94109e-10
-2.47008e-10
-3.11749e-10
-2.06507e-10
-1.87557e-10
-8.95954e-11
-9.50723e-11
3.99816e-11
3.33798e-11
1.85822e-10
1.94754e-10
3.01476e-10
3.91305e-10
4.96269e-10
5.1694e-10
6.95055e-10
7.71091e-10
8.21059e-10
9.81014e-10
1.0841e-09
1.15469e-09
1.27149e-09
1.42588e-09
1.46118e-09
1.63304e-09
1.68601e-09
1.84197e-09
1.90055e-09
2.03395e-09
2.07521e-09
2.2646e-09
2.23147e-09
2.38325e-09
2.44632e-09
2.51072e-09
2.50537e-09
2.65942e-09
2.60846e-09
2.64963e-09
2.67943e-09
2.67283e-09
2.63643e-09
2.626e-09
2.57046e-09
2.50828e-09
2.4474e-09
2.29068e-09
2.25865e-09
2.0677e-09
1.9172e-09
1.74318e-09
1.61226e-09
1.27263e-09
1.15112e-09
8.44018e-10
5.80973e-10
2.48757e-10
1.98377e-12
-4.14839e-10
-7.05954e-10
-1.13761e-09
-1.49317e-09
-1.90732e-09
-2.3591e-09
-2.79831e-09
-3.20932e-09
-3.72685e-09
-4.22105e-09
-4.62216e-09
-5.20326e-09
-5.66775e-09
-6.16905e-09
-6.64408e-09
-7.20837e-09
-7.61589e-09
-8.18223e-09
-8.57053e-09
-9.10158e-09
-9.50252e-09
-9.93234e-09
-1.02916e-08
-1.07487e-08
-1.09807e-08
-1.13223e-08
-1.16139e-08
-1.17939e-08
-1.19612e-08
-1.21181e-08
-1.21752e-08
-1.21668e-08
-1.21627e-08
-1.19942e-08
-1.18975e-08
-1.15741e-08
-1.12937e-08
-1.08936e-08
-1.04597e-08
-9.80377e-09
-9.30119e-09
-8.50727e-09
-7.72224e-09
-6.83361e-09
-5.89951e-09
-4.78757e-09
-3.69332e-09
-2.43308e-09
-1.14509e-09
2.31503e-10
1.76105e-09
3.2424e-09
4.87787e-09
6.5873e-09
8.35192e-09
1.00772e-08
1.20627e-08
1.38879e-08
1.58861e-08
1.78368e-08
1.98949e-08
2.18735e-08
2.39662e-08
2.59198e-08
2.80229e-08
2.99881e-08
3.19154e-08
3.38785e-08
3.57421e-08
3.74853e-08
3.92063e-08
4.08592e-08
4.22812e-08
4.37306e-08
4.49015e-08
4.60555e-08
4.69389e-08
4.77092e-08
4.82248e-08
4.8682e-08
4.87006e-08
4.86811e-08
4.8357e-08
4.77597e-08
4.69031e-08
4.58313e-08
4.4412e-08
4.27378e-08
4.07719e-08
3.84508e-08
3.59532e-08
3.29694e-08
2.98032e-08
2.6287e-08
2.2482e-08
1.82499e-08
1.39239e-08
9.09221e-09
4.10019e-09
-1.24868e-09
-6.82089e-09
-1.26771e-08
-1.87566e-08
-2.51234e-08
-3.15991e-08
-3.83051e-08
-4.52636e-08
-5.21854e-08
-5.93594e-08
-6.65563e-08
-7.38459e-08
-8.10713e-08
-8.84091e-08
-9.5544e-08
-1.02775e-07
-1.09693e-07
-1.16559e-07
-1.23213e-07
-1.29593e-07
-1.35632e-07
-1.41452e-07
-1.46811e-07
-1.51728e-07
-1.56266e-07
-1.60174e-07
-1.63658e-07
-1.66413e-07
-1.68604e-07
-1.70077e-07
-1.70901e-07
-1.70777e-07
-1.70088e-07
-1.68399e-07
-1.659e-07
-1.62494e-07
-1.58183e-07
-1.52902e-07
-1.46683e-07
-1.39433e-07
-1.31224e-07
-1.22072e-07
-1.11736e-07
-1.00596e-07
-8.83378e-08
-7.51388e-08
-6.0908e-08
-4.58424e-08
-2.97105e-08
-1.28457e-08
5.03222e-09
2.35933e-08
4.29227e-08
6.30265e-08
8.37082e-08
1.04931e-07
1.26696e-07
1.48897e-07
1.71318e-07
1.94127e-07
2.16904e-07
2.39905e-07
2.62702e-07
2.85375e-07
3.0774e-07
3.2979e-07
3.51141e-07
3.71994e-07
3.92015e-07
4.11107e-07
4.2923e-07
4.46097e-07
4.61774e-07
4.75972e-07
4.8863e-07
4.99565e-07
5.08864e-07
5.16011e-07
5.21315e-07
5.24364e-07
5.25217e-07
5.23683e-07
5.19714e-07
5.13191e-07
5.04132e-07
4.92311e-07
4.77743e-07
4.60534e-07
4.40314e-07
4.17394e-07
3.91518e-07
3.62868e-07
3.31298e-07
2.96988e-07
2.59776e-07
2.20035e-07
1.77483e-07
1.32411e-07
8.49519e-08
3.50702e-08
-1.69674e-08
-7.10976e-08
-1.27079e-07
-1.8481e-07
-2.43974e-07
-3.0462e-07
-3.66104e-07
-4.28616e-07
-4.91642e-07
-5.55004e-07
-6.18388e-07
-6.81573e-07
-7.44175e-07
-8.05987e-07
-8.66594e-07
-9.25675e-07
-9.83117e-07
-1.03821e-06
-1.09097e-06
-1.14085e-06
-1.18766e-06
-1.2309e-06
-1.27044e-06
-1.30572e-06
-1.33672e-06
-1.36283e-06
-1.3839e-06
-1.39974e-06
-1.40984e-06
-1.41415e-06
-1.41231e-06
-1.40421e-06
-1.38951e-06
-1.36822e-06
-1.33991e-06
-1.30485e-06
-1.26257e-06
-1.21318e-06
-1.15666e-06
-1.09292e-06
-1.02206e-06
-9.44082e-07
-8.59113e-07
-7.67274e-07
-6.68825e-07
-5.63679e-07
-4.52514e-07
-3.3521e-07
-2.12326e-07
-8.40846e-08
4.90496e-08
1.86698e-07
3.2834e-07
4.73617e-07
6.21857e-07
7.7249e-07
9.25169e-07
1.07892e-06
1.23343e-06
1.38776e-06
1.54142e-06
1.6936e-06
1.84363e-06
1.99062e-06
2.13408e-06
2.27302e-06
2.40672e-06
2.53454e-06
2.6555e-06
2.76911e-06
2.87432e-06
2.97062e-06
3.05718e-06
3.1334e-06
3.19838e-06
3.2518e-06
3.29274e-06
3.32082e-06
3.33545e-06
3.336e-06
3.32231e-06
3.2937e-06
3.24998e-06
3.19079e-06
3.11605e-06
3.02535e-06
2.91891e-06
2.79636e-06
2.65807e-06
2.50399e-06
2.33424e-06
2.1493e-06
1.94935e-06
1.7349e-06
1.50638e-06
1.26447e-06
1.00967e-06
7.42989e-07
4.64837e-07
1.76498e-07
-1.21297e-07
-4.27492e-07
-7.40921e-07
-1.06053e-06
-1.38499e-06
-1.71308e-06
-2.04347e-06
-2.37485e-06
-2.70555e-06
-3.03449e-06
-3.3598e-06
-3.68026e-06
-3.99415e-06
-4.29993e-06
-4.59617e-06
-4.88118e-06
-5.15343e-06
-5.4114e-06
-5.65363e-06
-5.87845e-06
-6.08469e-06
-6.27057e-06
-6.43514e-06
-6.5768e-06
-6.6944e-06
-6.78685e-06
-6.853e-06
-6.89191e-06
-6.90263e-06
-6.88442e-06
-6.83651e-06
-6.75855e-06
-6.64971e-06
-6.51007e-06
-6.33914e-06
-6.13699e-06
-5.90367e-06
-5.63931e-06
-5.34439e-06
-5.01934e-06
-4.66478e-06
-4.28148e-06
-3.87056e-06
-3.43276e-06
-2.9697e-06
-2.48236e-06
-1.97254e-06
-1.44179e-06
-8.91777e-07
-3.2456e-07
2.5794e-07
8.53519e-07
1.46001e-06
2.07495e-06
2.69611e-06
3.32061e-06
3.94627e-06
4.57011e-06
5.18955e-06
5.80185e-06
6.40408e-06
6.99364e-06
7.56752e-06
8.123e-06
8.65723e-06
9.16758e-06
9.65107e-06
1.01054e-05
1.05275e-05
1.09153e-05
1.12662e-05
1.15777e-05
1.18481e-05
1.20748e-05
1.22563e-05
1.23906e-05
1.24763e-05
1.25118e-05
1.24961e-05
1.2428e-05
1.23068e-05
1.21319e-05
1.19029e-05
1.16198e-05
1.12823e-05
1.08912e-05
1.04468e-05
9.95001e-06
9.4018e-06
8.8036e-06
8.1568e-06
7.46336e-06
6.72515e-06
5.94446e-06
5.12396e-06
4.266e-06
3.3739e-06
2.45043e-06
1.49917e-06
5.23517e-07
-4.72877e-07
-1.48616e-06
-2.5123e-06
-3.54727e-06
-4.58685e-06
-5.62662e-06
-6.66242e-06
-7.68943e-06
-8.70358e-06
-9.70002e-06
-1.06744e-05
-1.16222e-05
-1.25388e-05
-1.342e-05
-1.42614e-05
-1.50587e-05
-1.58079e-05
-1.65049e-05
-1.71459e-05
-1.77274e-05
-1.82458e-05
-1.86979e-05
-1.90808e-05
-1.93916e-05
-1.96281e-05
-1.97877e-05
-1.98689e-05
-1.98698e-05
-1.97893e-05
-1.96264e-05
-1.93806e-05
-1.90515e-05
-1.86393e-05
-1.81445e-05
-1.75677e-05
-1.69104e-05
-1.61738e-05
-1.53602e-05
-1.44716e-05
-1.35108e-05
-1.24807e-05
-1.13845e-05
-1.02261e-05
-9.00928e-06
-7.73838e-06
-6.4179e-06
-5.05285e-06
-3.64806e-06
-2.20922e-06
-7.41492e-07
7.49081e-07
2.25664e-06
3.77523e-06
5.29843e-06
6.8202e-06
8.33392e-06
9.83331e-06
1.13118e-05
1.27632e-05
1.41808e-05
1.55586e-05
1.689e-05
1.81691e-05
1.939e-05
2.05466e-05
2.16338e-05
2.26457e-05
2.35777e-05
2.44248e-05
2.51823e-05
2.58464e-05
2.64131e-05
2.68789e-05
2.72408e-05
2.74963e-05
2.7643e-05
2.76793e-05
2.76036e-05
2.74155e-05
2.71142e-05
2.66999e-05
2.61734e-05
2.55354e-05
2.47878e-05
2.39324e-05
2.29718e-05
2.1909e-05
2.07473e-05
1.94908e-05
1.81437e-05
1.67107e-05
1.51972e-05
1.36086e-05
1.19507e-05
1.02301e-05
8.45297e-06
6.6266e-06
4.75794e-06
2.85437e-06
9.23641e-07
-1.02671e-06
-2.98851e-06
-4.95389e-06
-6.91465e-06
-8.86274e-06
-1.07898e-05
-1.2688e-05
-1.4549e-05
-1.63649e-05
-1.8128e-05
-1.98304e-05
-2.1465e-05
-2.3024e-05
-2.45011e-05
-2.58892e-05
-2.71821e-05
-2.8374e-05
-2.94591e-05
-3.04324e-05
-3.12891e-05
-3.20251e-05
-3.26366e-05
-3.31203e-05
-3.34735e-05
-3.36941e-05
-3.37804e-05
-3.37312e-05
-3.35463e-05
-3.32254e-05
-3.27696e-05
-3.21796e-05
-3.14576e-05
-3.06058e-05
-2.9627e-05
-2.85248e-05
-2.73032e-05
-2.59668e-05
-2.45205e-05
-2.29698e-05
-2.13208e-05
-1.95799e-05
-1.77537e-05
-1.58498e-05
-1.38755e-05
-1.18387e-05
-9.74783e-06
-7.6109e-06
-5.43703e-06
-3.23467e-06
-1.01309e-06
1.21873e-06
3.45172e-06
5.6765e-06
7.88406e-06
1.00651e-05
1.22108e-05
1.43121e-05
1.63603e-05
1.83468e-05
2.02635e-05
2.21022e-05
2.38553e-05
2.55156e-05
2.70757e-05
2.85296e-05
2.98707e-05
3.10938e-05
3.21935e-05
3.31651e-05
3.40048e-05
3.47087e-05
3.52742e-05
3.56985e-05
3.59802e-05
3.61179e-05
3.6111e-05
3.59596e-05
3.56643e-05
3.52263e-05
3.46475e-05
3.39304e-05
3.30777e-05
3.20934e-05
3.09813e-05
2.97463e-05
2.83936e-05
2.69285e-05
2.53577e-05
2.36873e-05
2.19246e-05
2.00768e-05
1.81516e-05
1.61572e-05
1.41018e-05
1.1994e-05
9.84254e-06
7.65632e-06
5.44436e-06
3.21597e-06
9.80055e-07
-1.25388e-06
-3.47692e-06
-5.67985e-06
-7.85358e-06
-9.9896e-06
-1.20788e-05
-1.41132e-05
-1.60843e-05
-1.79844e-05
-1.98059e-05
-2.15415e-05
-2.31846e-05
-2.47286e-05
-2.61676e-05
-2.74962e-05
-2.87093e-05
-2.98024e-05
-3.07716e-05
-3.16134e-05
-3.23249e-05
-3.2904e-05
-3.33485e-05
-3.36577e-05
-3.38307e-05
-3.38676e-05
-3.37689e-05
-3.35356e-05
-3.31696e-05
-3.26729e-05
-3.20486e-05
-3.12995e-05
-3.04298e-05
-2.94436e-05
-2.83456e-05
-2.71412e-05
-2.58357e-05
-2.44353e-05
-2.29463e-05
-2.13755e-05
-1.97296e-05
-1.80162e-05
-1.62425e-05
-1.44164e-05
-1.25457e-05
-1.06384e-05
-8.70262e-06
-6.74633e-06
-4.77805e-06
-2.8057e-06
-8.3746e-07
1.11847e-06
3.05448e-06
4.96234e-06
6.83484e-06
8.66432e-06
1.04437e-05
1.21662e-05
1.3825e-05
1.54141e-05
1.69272e-05
1.83592e-05
1.97046e-05
2.09588e-05
2.21175e-05
2.31767e-05
2.41331e-05
2.49836e-05
2.57258e-05
2.63576e-05
2.68778e-05
2.72848e-05
2.75786e-05
2.77588e-05
2.78259e-05
2.77809e-05
2.76248e-05
2.73599e-05
2.6988e-05
2.6512e-05
2.5935e-05
2.52603e-05
2.4492e-05
2.3634e-05
2.2691e-05
2.16679e-05
2.05697e-05
1.94019e-05
1.817e-05
1.68799e-05
1.55376e-05
1.41492e-05
1.2721e-05
1.12594e-05
9.77076e-06
8.26161e-06
6.73838e-06
5.20749e-06
3.67551e-06
2.14847e-06
6.3296e-07
-8.65232e-07
-2.33998e-06
-3.7855e-06
-5.19646e-06
-6.56709e-06
-7.89274e-06
-9.16816e-06
-1.0389e-05
-1.1551e-05
-1.265e-05
-1.36826e-05
-1.46451e-05
-1.55349e-05
-1.63493e-05
-1.70858e-05
-1.77427e-05
-1.83184e-05
-1.88117e-05
-1.92218e-05
-1.95482e-05
-1.97909e-05
-1.99501e-05
-2.00265e-05
-2.0021e-05
-1.99348e-05
-1.97696e-05
-1.95274e-05
-1.92102e-05
-1.88208e-05
-1.83617e-05
-1.78361e-05
-1.72472e-05
-1.65982e-05
-1.58934e-05
-1.51359e-05
-1.43303e-05
-1.34804e-05
-1.25906e-05
-1.16653e-05
-1.07087e-05
-9.72568e-06
-8.7204e-06
-7.69764e-06
-6.66191e-06
-5.61759e-06
-4.56943e-06
-3.52153e-06
-2.4785e-06
-1.44442e-06
-4.23462e-07
5.80316e-07
1.56318e-06
2.52132e-06
3.4513e-06
4.34971e-06
5.21347e-06
6.03957e-06
6.82539e-06
7.56834e-06
8.26618e-06
8.91691e-06
9.51862e-06
1.007e-05
1.05694e-05
1.10161e-05
1.1409e-05
1.17476e-05
1.20318e-05
1.22612e-05
1.24362e-05
1.25569e-05
1.26242e-05
1.26387e-05
1.26014e-05
1.25139e-05
1.2377e-05
1.21928e-05
1.19629e-05
1.16891e-05
1.13737e-05
1.10186e-05
1.06265e-05
1.01995e-05
9.74036e-06
9.25164e-06
8.73588e-06
8.19611e-06
7.63479e-06
7.05502e-06
6.45948e-06
5.85103e-06
5.23259e-06
4.60682e-06
3.97668e-06
3.34475e-06
2.71384e-06
2.08649e-06
1.46528e-06
8.52657e-07
2.50993e-07
-3.37427e-07
-9.10492e-07
-1.46608e-06
-2.00241e-06
-2.51751e-06
-3.0099e-06
-3.47793e-06
-3.92025e-06
-4.33573e-06
-4.72306e-06
-5.08157e-06
-5.41019e-06
-5.70846e-06
-5.97584e-06
-6.21183e-06
-6.41652e-06
-6.58944e-06
-6.73102e-06
-6.84123e-06
-6.92042e-06
-6.96925e-06
-6.98791e-06
-6.97753e-06
-6.93852e-06
-6.87201e-06
-6.779e-06
-6.66034e-06
-6.51758e-06
-6.35152e-06
-6.16384e-06
-5.95572e-06
-5.72855e-06
-5.48403e-06
-5.22328e-06
-4.94826e-06
-4.66016e-06
-4.36075e-06
-4.05162e-06
-3.73413e-06
-3.41019e-06
-3.08098e-06
-2.74834e-06
-2.41363e-06
-2.07829e-06
-1.74394e-06
-1.41171e-06
-1.08321e-06
-7.59523e-07
-4.42004e-07
-1.31828e-07
1.7001e-07
4.62296e-07
7.44242e-07
1.0148e-06
1.27322e-06
1.51876e-06
1.7507e-06
1.96854e-06
2.17165e-06
2.35971e-06
2.53227e-06
2.68911e-06
2.83002e-06
2.95487e-06
3.06361e-06
3.15623e-06
3.23289e-06
3.29365e-06
3.33885e-06
3.36866e-06
3.38349e-06
3.38372e-06
3.36974e-06
3.34219e-06
3.30143e-06
3.24821e-06
3.18303e-06
3.10657e-06
3.01958e-06
2.92261e-06
2.81661e-06
2.7021e-06
2.57999e-06
2.45101e-06
2.31584e-06
2.17546e-06
2.03038e-06
1.88165e-06
1.72981e-06
1.57568e-06
1.42011e-06
1.26357e-06
1.10708e-06
9.51011e-07
7.96224e-07
6.43297e-07
4.92687e-07
3.45263e-07
2.01186e-07
6.13085e-08
-7.413e-08
-2.04664e-07
-3.29727e-07
-4.49288e-07
-5.62621e-07
-6.69804e-07
-7.70371e-07
-8.64128e-07
-9.51102e-07
-1.03079e-06
-1.10352e-06
-1.16885e-06
-1.22697e-06
-1.27789e-06
-1.32141e-06
-1.35799e-06
-1.38727e-06
-1.40975e-06
-1.42539e-06
-1.43432e-06
-1.437e-06
-1.43324e-06
-1.42372e-06
-1.40834e-06
-1.38755e-06
-1.36169e-06
-1.33079e-06
-1.29558e-06
-1.25593e-06
-1.21251e-06
-1.1655e-06
-1.11517e-06
-1.06214e-06
-1.00632e-06
-9.48496e-07
-8.88672e-07
-8.27297e-07
-7.64821e-07
-7.01238e-07
-6.36874e-07
-5.62239e-07
-4.57918e-07
-3.11773e-07
-1.50843e-07
-4.04858e-08
-3.99524e-09
1.34172e-10
0
