0
2.44381e-16
3.51949e-15
2.14228e-14
4.38001e-14
4.64363e-13
-2.53725e-12
6.50724e-12
-6.09148e-12
-7.25931e-13
3.72662e-12
4.80709e-12
-2.01943e-11
3.05565e-11
-3.0521e-11
2.48839e-11
-2.00721e-11
1.5182e-11
-6.15182e-12
-5.02178e-12
9.80295e-12
-4.1759e-12
-4.60825e-12
5.25172e-12
4.6197e-12
-1.68257e-11
2.3496e-11
-2.55346e-11
2.78371e-11
-2.95842e-11
2.45591e-11
-1.12585e-11
-1.91286e-12
5.29553e-12
5.70365e-13
-5.62123e-12
2.67404e-12
5.28786e-12
-1.132e-11
1.48966e-11
-2.10756e-11
3.07525e-11
-3.6351e-11
3.07721e-11
-1.72258e-11
6.60344e-12
-4.73861e-12
6.73639e-12
-4.85689e-12
-1.01155e-12
4.96579e-12
-5.19869e-12
7.77938e-12
-1.79256e-11
3.1247e-11
-3.7604e-11
3.31836e-11
-2.46295e-11
1.99001e-11
-1.854e-11
1.42057e-11
-5.26578e-12
-2.16492e-12
2.8256e-12
-6.28227e-13
4.14852e-12
-1.55744e-11
2.75239e-11
-3.26339e-11
3.20416e-11
-3.22618e-11
3.46157e-11
-3.32526e-11
2.35898e-11
-1.02171e-11
1.8424e-12
-9.95297e-13
1.11748e-12
4.0578e-12
-1.30911e-11
1.97861e-11
-2.29721e-11
2.76074e-11
-3.70282e-11
4.5958e-11
-4.60263e-11
3.53859e-11
-2.14052e-11
1.15621e-11
-6.2786e-12
8.6488e-13
5.84043e-12
-1.03248e-11
1.05182e-11
-1.13998e-11
1.96764e-11
-3.53846e-11
4.98267e-11
-5.44673e-11
4.83563e-11
-3.72476e-11
2.55461e-11
-1.35997e-11
1.29968e-12
7.43262e-12
-8.35121e-12
3.11968e-12
-5.22315e-13
8.29905e-12
-2.58264e-11
4.45409e-11
-5.62797e-11
5.8526e-11
-5.3091e-11
4.12544e-11
-2.39299e-11
4.99251e-12
7.6927e-12
-8.37005e-12
-3.24745e-13
7.85457e-12
-4.61719e-12
-1.06272e-11
3.11015e-11
-4.91009e-11
6.04375e-11
-6.33351e-11
5.55536e-11
-3.65778e-11
1.20462e-11
6.46882e-12
-9.88059e-12
-1.79395e-13
1.21426e-11
-1.46723e-11
4.92248e-12
1.24038e-11
-3.20238e-11
5.06715e-11
-6.38848e-11
6.41886e-11
-4.72873e-11
1.95446e-11
3.69653e-12
-1.04428e-11
1.85251e-12
1.06291e-11
-1.70987e-11
1.53926e-11
-7.06418e-12
-8.44852e-12
3.10042e-11
-5.32408e-11
6.18066e-11
-4.93488e-11
2.33096e-11
-4.56345e-13
-8.2289e-12
4.65144e-12
3.00642e-12
-1.05278e-11
1.75677e-11
-2.08641e-11
1.29978e-11
8.19323e-12
-3.27613e-11
4.49422e-11
-3.80393e-11
1.98577e-11
-3.59296e-12
-4.89867e-12
7.85886e-12
-7.50817e-12
1.52441e-12
1.06958e-11
-2.21631e-11
2.24498e-11
-9.3109e-12
-7.87215e-12
1.69151e-11
-1.45934e-11
6.90115e-12
-3.23065e-13
-4.84683e-12
1.06611e-11
-1.53533e-11
1.35048e-11
-3.55559e-12
-8.78766e-12
1.54415e-11
-1.4499e-11
1.11052e-11
-1.10255e-11
1.40006e-11
-1.56234e-11
1.35579e-11
-1.10173e-11
1.23692e-11
-1.76029e-11
2.1537e-11
-1.96733e-11
1.24817e-11
-4.03788e-12
-3.85937e-12
1.32667e-11
-2.59573e-11
3.80028e-11
-4.19988e-11
3.47214e-11
-2.22619e-11
1.47144e-11
-1.67508e-11
2.38312e-11
-2.8827e-11
2.91336e-11
-2.62618e-11
1.9157e-11
-3.31609e-12
-2.20732e-11
4.7594e-11
-5.94058e-11
5.20425e-11
-3.43481e-11
2.03265e-11
-1.66078e-11
1.98342e-11
-2.52541e-11
3.21718e-11
-3.98614e-11
4.11214e-11
-2.65603e-11
-4.05846e-12
3.71332e-11
-5.58539e-11
5.43316e-11
-4.06553e-11
2.63382e-11
-1.68074e-11
1.19543e-11
-1.2733e-11
2.13806e-11
-3.54299e-11
4.45529e-11
-3.80587e-11
1.51526e-11
1.29469e-11
-3.25889e-11
3.7875e-11
-3.25612e-11
2.32503e-11
-1.38227e-11
5.52701e-12
-7.53996e-13
2.86572e-12
-1.22482e-11
2.29957e-11
-2.6541e-11
1.89274e-11
-5.12813e-12
-5.7069e-12
8.60708e-12
-6.6113e-12
5.17792e-12
-5.13355e-12
2.16572e-12
5.81349e-12
-1.4283e-11
1.63511e-11
-1.13185e-11
5.17134e-12
-2.69229e-12
8.43769e-13
6.29186e-12
-1.79872e-11
2.51772e-11
-2.10086e-11
9.79085e-12
-3.46042e-12
8.68163e-12
-2.11331e-11
3.2017e-11
-3.78852e-11
4.028e-11
-3.85947e-11
2.73921e-11
-4.22895e-12
-2.32254e-11
4.07179e-11
-4.01566e-11
2.66629e-11
-1.34364e-11
9.97015e-12
-1.69095e-11
2.93962e-11
-4.30434e-11
5.44428e-11
-5.89154e-11
5.04582e-11
-2.72165e-11
-4.0715e-12
2.99143e-11
-3.94113e-11
3.22515e-11
-1.86893e-11
1.02877e-11
-1.13995e-11
1.84134e-11
-2.66971e-11
3.49008e-11
-4.25557e-11
4.50695e-11
-3.61689e-11
1.58265e-11
5.92831e-12
-1.72721e-11
1.57513e-11
-9.91488e-12
8.36458e-12
-1.05831e-11
9.70619e-12
-3.48108e-12
-2.31238e-12
1.27511e-12
5.00974e-12
-9.5152e-12
8.74719e-12
-6.72718e-12
8.14344e-12
-1.12343e-11
9.45956e-12
-8.33363e-13
-7.87064e-12
6.69765e-12
7.35353e-12
-2.73965e-11
4.23694e-11
-4.57429e-11
3.81068e-11
-2.40074e-11
7.20573e-12
9.51627e-12
-2.21632e-11
2.50187e-11
-1.58653e-11
1.06827e-12
6.05134e-12
4.16641e-12
-2.86735e-11
5.33667e-11
-6.54386e-11
6.24888e-11
-5.03671e-11
3.38989e-11
-1.41162e-11
-6.60067e-12
2.0395e-11
-2.02233e-11
8.98494e-12
4.23589e-13
2.74823e-12
-1.71073e-11
3.17172e-11
-3.83061e-11
3.77141e-11
-3.54991e-11
3.33289e-11
-2.80355e-11
1.7264e-11
-4.23052e-12
-5.2575e-12
8.50152e-12
-8.24642e-12
8.2928e-12
-8.64461e-12
5.16366e-12
4.50654e-12
-1.61159e-11
2.03891e-11
-1.18099e-11
-5.01819e-12
1.81424e-11
-1.91823e-11
9.96904e-12
1.03879e-12
-8.08436e-12
1.06631e-11
-8.51401e-12
-2.48912e-12
2.47314e-11
-5.11108e-11
6.64504e-11
-6.04593e-11
3.75278e-11
-1.29659e-11
-9.74461e-13
3.22647e-12
-3.31895e-13
-2.57592e-12
4.23859e-12
-3.73738e-12
-2.48837e-12
1.71177e-11
-3.71712e-11
5.36464e-11
-5.81997e-11
4.98299e-11
-3.5872e-11
2.50158e-11
-1.98164e-11
1.52568e-11
-6.01419e-12
-6.39053e-12
1.42164e-11
-1.25146e-11
4.86705e-12
4.37578e-13
1.83476e-13
-3.41114e-12
5.44567e-12
-8.27641e-12
1.55929e-11
-2.46577e-11
2.55611e-11
-1.18111e-11
-1.0748e-11
2.69644e-11
-2.55642e-11
7.65381e-12
1.61373e-11
-3.5573e-11
4.61488e-11
-4.79117e-11
4.15369e-11
-2.82005e-11
1.17e-11
4.57939e-13
-1.42196e-12
-8.879e-12
2.12065e-11
-2.34436e-11
1.05851e-11
1.05055e-11
-2.82161e-11
3.7055e-11
-4.10921e-11
4.58021e-11
-5.01011e-11
4.78524e-11
-3.70592e-11
2.32397e-11
-1.32901e-11
7.49194e-12
-1.28522e-12
-6.80547e-12
1.13863e-11
-6.82611e-12
-4.71298e-12
1.29603e-11
-8.78483e-12
-7.42166e-12
2.54009e-11
-3.34659e-11
2.68751e-11
-1.0372e-11
-7.16846e-12
1.92048e-11
-2.38362e-11
2.02392e-11
-6.75548e-12
-1.59787e-11
3.99569e-11
-5.26644e-11
4.72402e-11
-3.03252e-11
1.6386e-11
-1.43626e-11
2.03217e-11
-2.44417e-11
2.1984e-11
-1.64218e-11
1.22253e-11
-8.7385e-12
1.57972e-12
1.07173e-11
-2.45879e-11
3.50067e-11
-4.06639e-11
4.38855e-11
-4.66055e-11
4.61285e-11
-3.69533e-11
1.71937e-11
5.80344e-12
-1.90234e-11
1.42535e-11
3.53934e-12
-2.0335e-11
2.51918e-11
-1.84764e-11
7.4094e-12
2.71432e-12
-1.12139e-11
1.65617e-11
-1.38235e-11
-3.83063e-13
2.06215e-11
-3.44246e-11
3.20267e-11
-1.49158e-11
-6.38937e-12
2.14774e-11
-2.8031e-11
3.11166e-11
-3.65147e-11
4.39097e-11
-4.75271e-11
4.2532e-11
-3.11397e-11
2.04958e-11
-1.54551e-11
1.40505e-11
-1.20577e-11
9.27989e-12
-9.16813e-12
1.1168e-11
-7.95016e-12
-7.54354e-12
3.18207e-11
-5.10825e-11
5.22272e-11
-3.43388e-11
8.46757e-12
1.16852e-11
-1.93083e-11
1.58687e-11
-6.79452e-12
-4.00574e-12
1.49943e-11
-2.46942e-11
2.94846e-11
-2.65154e-11
1.81505e-11
-1.24047e-11
1.5525e-11
-2.49334e-11
3.08663e-11
-2.72979e-11
1.86872e-11
-1.48235e-11
1.87501e-11
-2.29085e-11
1.67538e-11
2.29717e-12
-2.69848e-11
4.67701e-11
-5.56906e-11
5.36797e-11
-4.37367e-11
2.86613e-11
-1.1425e-11
-3.25576e-12
8.63063e-12
-6.7507e-13
-1.64373e-11
3.02796e-11
-2.96578e-11
1.4723e-11
2.42724e-12
-9.40087e-12
4.3829e-12
4.40461e-12
-9.57488e-12
1.14399e-11
-1.49418e-11
2.1607e-11
-2.75088e-11
2.74464e-11
-2.02366e-11
8.50648e-12
4.73643e-12
-1.91263e-11
3.52227e-11
-5.08513e-11
5.9058e-11
-5.27595e-11
3.25408e-11
-1.01553e-11
3.76827e-13
-8.3947e-12
2.48969e-11
-3.53406e-11
3.25115e-11
-2.04461e-11
6.88658e-12
4.22607e-12
-1.31391e-11
1.91806e-11
-1.93582e-11
1.14644e-11
1.92154e-12
-1.44041e-11
2.02217e-11
-1.92188e-11
1.6349e-11
-1.61148e-11
1.61345e-11
-8.53957e-12
-1.13429e-11
3.68797e-11
-5.37883e-11
5.24963e-11
-3.71818e-11
2.09061e-11
-1.39049e-11
1.6753e-11
-2.41413e-11
3.11846e-11
-3.59109e-11
3.66468e-11
-3.06965e-11
1.60929e-11
4.48151e-12
-2.3209e-11
3.10368e-11
-2.49532e-11
1.12033e-11
-6.35875e-13
-1.80507e-12
1.39623e-12
-6.88756e-12
1.89386e-11
-2.8072e-11
2.3768e-11
-5.35251e-12
-1.77518e-11
3.44282e-11
-4.01638e-11
3.72501e-11
-3.05699e-11
2.35985e-11
-1.83843e-11
1.68375e-11
-2.15647e-11
3.29578e-11
-4.58293e-11
4.99859e-11
-3.82464e-11
1.41302e-11
9.10528e-12
-1.99734e-11
1.84218e-11
-1.40671e-11
1.44405e-11
-1.761e-11
1.55553e-11
-3.90997e-12
-1.34064e-11
2.70309e-11
-2.96155e-11
2.04148e-11
-4.79746e-12
-1.10748e-11
2.39867e-11
-3.32654e-11
3.70642e-11
-3.25687e-11
2.06965e-11
-9.94622e-12
1.08625e-11
-2.57839e-11
4.46211e-11
-5.34544e-11
4.63372e-11
-2.94376e-11
1.37438e-11
-5.49257e-12
2.06551e-12
3.17892e-12
-1.33881e-11
2.39805e-11
-2.65944e-11
1.68293e-11
9.20734e-13
-1.77473e-11
2.77705e-11
-3.09331e-11
2.81036e-11
-1.78057e-11
-7.9757e-13
2.22459e-11
-3.62611e-11
3.56508e-11
-2.3559e-11
1.13859e-11
-9.97647e-12
2.08739e-11
-3.57701e-11
4.34464e-11
-3.96566e-11
3.02468e-11
-2.48085e-11
2.59568e-11
-2.69601e-11
1.95376e-11
-3.48513e-12
-1.33983e-11
2.2689e-11
-2.18409e-11
1.30604e-11
6.48869e-13
-1.73661e-11
3.39359e-11
-4.47524e-11
4.34592e-11
-2.79476e-11
3.76639e-12
1.71621e-11
-2.50007e-11
2.02909e-11
-1.38579e-11
1.58473e-11
-2.59188e-11
3.42532e-11
-3.2771e-11
2.32391e-11
-1.52039e-11
1.61849e-11
-2.53168e-11
3.44796e-11
-3.5438e-11
2.57302e-11
-1.01319e-11
-4.08908e-12
1.249e-11
-1.46913e-11
1.02972e-11
2.50727e-12
-2.3174e-11
4.42324e-11
-5.47824e-11
4.92274e-11
-3.28151e-11
1.65913e-11
-7.72274e-12
3.90867e-12
2.43447e-12
-1.58963e-11
3.22077e-11
-4.09215e-11
3.42618e-11
-1.57236e-11
-1.67136e-12
6.13142e-12
2.87074e-12
-1.62542e-11
2.45527e-11
-2.51286e-11
2.0604e-11
-1.40975e-11
6.75309e-12
1.15081e-13
-3.53084e-12
-2.41988e-13
1.21345e-11
-2.83054e-11
4.12288e-11
-4.54983e-11
4.27262e-11
-4.01316e-11
4.15599e-11
-4.17919e-11
3.10678e-11
-6.63591e-12
-2.22002e-11
4.01282e-11
-3.8017e-11
1.93147e-11
3.05457e-12
-1.67942e-11
1.81115e-11
-1.26511e-11
8.29398e-12
-7.61497e-12
6.61954e-12
-1.49403e-12
-6.29925e-12
1.20072e-11
-1.39289e-11
1.45321e-11
-1.66131e-11
1.95391e-11
-2.09836e-11
2.056e-11
-2.17874e-11
2.89273e-11
-4.20056e-11
5.3661e-11
-5.31427e-11
3.50481e-11
-6.42984e-12
-1.70349e-11
2.32162e-11
-1.34088e-11
-1.05452e-12
1.01509e-11
-1.33533e-11
1.71026e-11
-2.70053e-11
4.12643e-11
-5.1421e-11
4.88247e-11
-3.24537e-11
9.78855e-12
9.26529e-12
-1.99989e-11
2.35641e-11
-2.25367e-11
1.73204e-11
-8.66868e-12
6.24126e-13
9.65518e-13
5.69587e-12
-1.60289e-11
2.20845e-11
-1.90644e-11
9.25849e-12
-1.09124e-12
1.68267e-12
-9.73346e-12
1.58134e-11
-1.23824e-11
2.51767e-12
1.60055e-12
9.63737e-12
-3.40178e-11
5.83961e-11
-6.9094e-11
6.12548e-11
-4.11638e-11
2.0055e-11
-5.83457e-12
-1.7149e-12
7.25619e-12
-1.28424e-11
1.48939e-11
-9.39686e-12
-2.85323e-12
1.67108e-11
-2.7918e-11
3.5179e-11
-3.85829e-11
3.68384e-11
-2.78733e-11
1.14263e-11
7.8501e-12
-2.14462e-11
2.21976e-11
-1.129e-11
-1.03404e-12
3.00207e-12
7.79174e-12
-2.22588e-11
2.84332e-11
-2.28873e-11
1.26503e-11
-8.01541e-12
1.29112e-11
-2.16928e-11
2.36086e-11
-1.29141e-11
-4.92092e-12
1.66738e-11
-1.28657e-11
-5.01743e-12
2.71192e-11
-4.43041e-11
5.32831e-11
-5.55449e-11
5.28159e-11
-4.54003e-11
3.30936e-11
-1.75272e-11
2.38303e-12
8.09604e-12
-1.24389e-11
1.2524e-11
-1.04816e-11
4.46258e-12
9.14826e-12
-2.92867e-11
4.7011e-11
-5.16514e-11
3.95046e-11
-1.76696e-11
-1.03615e-12
7.09854e-12
-1.69393e-12
-4.86552e-12
2.39934e-12
9.15402e-12
-1.99332e-11
1.98604e-11
-9.10601e-12
-2.17657e-12
3.21671e-12
7.58594e-12
-2.20722e-11
2.90465e-11
-2.30643e-11
7.97771e-12
6.16817e-12
-1.16067e-11
7.96867e-12
-4.7168e-14
-8.97147e-12
1.93028e-11
-3.14444e-11
4.29854e-11
-5.02525e-11
5.10166e-11
-4.60323e-11
3.75213e-11
-2.7142e-11
1.43724e-11
1.4159e-12
-1.74036e-11
2.5727e-11
-1.86904e-11
-3.65864e-12
3.06838e-11
-4.85633e-11
5.07056e-11
-4.21243e-11
3.32763e-11
-3.08123e-11
3.20537e-11
-2.81345e-11
1.27087e-11
9.76968e-12
-2.59863e-11
2.48747e-11
-8.1042e-12
-1.16891e-11
2.1462e-11
-1.75743e-11
6.44267e-12
1.69481e-12
-1.41946e-12
-4.43425e-12
8.278e-12
-5.77391e-12
-5.90554e-13
4.76591e-12
-4.05397e-12
1.16405e-12
-9.17459e-13
5.35498e-12
-1.33214e-11
2.24166e-11
-3.09095e-11
3.7262e-11
-3.97477e-11
3.58794e-11
-2.39128e-11
5.64851e-12
1.14284e-11
-1.84197e-11
1.22785e-11
1.1446e-12
-1.31648e-11
1.99159e-11
-2.49698e-11
3.44317e-11
-5.00613e-11
6.49367e-11
-6.73145e-11
5.02414e-11
-1.96702e-11
-8.64588e-12
2.07691e-11
-1.5131e-11
1.6606e-12
7.8604e-12
-9.91221e-12
1.03958e-11
-1.78891e-11
3.42733e-11
-5.16254e-11
5.75569e-11
-4.61249e-11
2.33177e-11
-2.30778e-12
-7.60999e-12
6.46397e-12
-9.12442e-13
-2.67697e-12
2.31624e-12
-9.38277e-13
2.45779e-12
-7.42206e-12
1.19699e-11
-1.25072e-11
9.29064e-12
-5.41827e-12
2.71597e-12
-1.01779e-12
-2.40763e-13
3.49637e-13
1.57075e-12
-5.05854e-12
6.93115e-12
-2.86163e-12
-9.16038e-12
2.51066e-11
-3.64464e-11
3.62677e-11
-2.5771e-11
1.32566e-11
-6.79153e-12
6.81224e-12
-6.89268e-12
5.416e-13
1.14433e-11
-2.01603e-11
1.45741e-11
8.29221e-12
-3.87013e-11
6.01942e-11
-6.28632e-11
5.01583e-11
-3.42474e-11
2.48005e-11
-2.22588e-11
1.88585e-11
-7.1435e-12
-1.15002e-11
2.54535e-11
-2.2498e-11
7.83634e-13
2.88348e-11
-5.16558e-11
5.92596e-11
-5.38507e-11
4.39829e-11
-3.69225e-11
3.27581e-11
-2.61582e-11
1.30473e-11
3.59267e-12
-1.56084e-11
1.6196e-11
-5.44903e-12
-1.07579e-11
2.53516e-11
-3.44e-11
3.74928e-11
-3.63963e-11
3.25954e-11
-2.65528e-11
1.84369e-11
-1.01896e-11
4.55291e-12
-2.41238e-12
1.59732e-12
-2.47363e-13
-7.4562e-13
-1.24933e-12
6.96812e-12
-1.40063e-11
1.75265e-11
-1.3724e-11
3.67098e-12
5.32926e-12
-5.53564e-12
-3.8506e-12
1.50516e-11
-1.87864e-11
1.18055e-11
6.05055e-13
-9.32989e-12
8.80556e-12
-2.6296e-12
6.36063e-13
-9.58651e-12
2.52568e-11
-3.53155e-11
2.96449e-11
-9.51079e-12
-1.31914e-11
2.46525e-11
-1.97809e-11
5.26743e-12
6.5844e-12
-9.15557e-12
6.89919e-12
-1.06058e-11
2.58345e-11
-4.64918e-11
5.87694e-11
-5.26297e-11
2.96714e-11
-2.33881e-12
-1.53331e-11
1.73697e-11
-9.39881e-12
1.76914e-12
5.77077e-13
-2.31932e-12
1.13633e-11
-3.0222e-11
5.24174e-11
-6.67713e-11
6.47328e-11
-4.69968e-11
2.31014e-11
-4.26122e-12
-5.07992e-12
7.72365e-12
-8.21333e-12
7.55468e-12
-3.38251e-12
-7.44363e-12
2.50038e-11
-4.45736e-11
5.83464e-11
-6.11792e-11
5.35953e-11
-4.00148e-11
2.45453e-11
-1.00169e-11
-1.6096e-12
8.60733e-12
-9.92293e-12
5.02038e-12
5.08375e-12
-1.76517e-11
2.93152e-11
-3.85175e-11
4.50897e-11
-4.83806e-11
4.60722e-11
-3.64989e-11
2.10241e-11
-4.86025e-12
-5.68769e-12
6.85243e-12
-3.63705e-13
-8.04244e-12
1.30455e-11
-1.44688e-11
1.66907e-11
-2.37877e-11
3.40903e-11
-4.07478e-11
3.71526e-11
-2.32672e-11
6.35999e-12
3.59809e-12
-1.71511e-12
-7.9068e-12
1.52388e-11
-1.35969e-11
5.52018e-12
-2.59986e-13
4.6511e-12
-1.70544e-11
2.8118e-11
-2.83757e-11
1.62232e-11
-6.89747e-13
-5.88992e-12
-1.32278e-12
1.50573e-11
-2.29737e-11
1.80455e-11
-4.14472e-12
-7.59901e-12
7.60648e-12
3.38633e-12
-1.45451e-11
1.45446e-11
-2.71444e-12
-1.05578e-11
1.30638e-11
-1.31762e-12
-1.68901e-11
2.79776e-11
-2.34796e-11
7.21298e-12
7.6111e-12
-1.06879e-11
3.32192e-12
3.78037e-12
-1.13356e-12
-1.14646e-11
2.41389e-11
-2.48152e-11
9.50779e-12
1.27621e-11
-2.7194e-11
2.54007e-11
-1.17508e-11
-2.07598e-12
6.99377e-12
-3.60288e-12
7.24265e-13
-7.30677e-12
2.28965e-11
-3.68443e-11
3.70705e-11
-2.10222e-11
-2.40618e-12
1.97263e-11
-2.29405e-11
1.43795e-11
-4.02367e-12
8.51112e-14
-1.82856e-12
7.36839e-13
1.00905e-11
-2.86726e-11
4.46385e-11
-4.73266e-11
3.37104e-11
-1.1265e-11
-7.68834e-12
1.50346e-11
-1.2528e-11
8.0568e-12
-7.51961e-12
9.20135e-12
-6.17864e-12
-6.96464e-12
2.78699e-11
-4.68687e-11
5.33588e-11
-4.40932e-11
2.52046e-11
-7.25233e-12
-3.03321e-12
6.28513e-12
-8.01404e-12
1.19274e-11
-1.59622e-11
1.35434e-11
-9.19209e-14
-2.19334e-11
4.31882e-11
-5.39215e-11
5.03982e-11
-3.70507e-11
2.19857e-11
-1.09474e-11
3.75548e-12
3.22437e-12
-1.2159e-11
1.99772e-11
-2.03077e-11
8.70346e-12
1.24514e-11
-3.48363e-11
4.92698e-11
-5.17269e-11
4.46773e-11
-3.42261e-11
2.46957e-11
-1.60872e-11
5.51867e-12
7.82464e-12
-2.01296e-11
2.45918e-11
-1.68297e-11
-1.63647e-12
2.35574e-11
-4.05772e-11
4.79823e-11
-4.70633e-11
4.21939e-11
-3.63891e-11
2.87289e-11
-1.68121e-11
4.53025e-13
1.59749e-11
-2.55474e-11
2.28736e-11
-8.4247e-12
-1.15831e-11
2.91312e-11
-3.9823e-11
4.41348e-11
-4.50861e-11
4.41348e-11
-3.9823e-11
2.91315e-11
-1.15837e-11
-8.42395e-12
2.28729e-11
-2.5547e-11
1.59748e-11
4.52983e-13
-1.68121e-11
2.8729e-11
-3.63892e-11
4.21938e-11
-4.7063e-11
4.79817e-11
-4.05766e-11
2.3557e-11
-1.6363e-12
-1.68297e-11
2.45918e-11
-2.01296e-11
7.82478e-12
5.51855e-12
-1.60872e-11
2.46959e-11
-3.42264e-11
4.46777e-11
-5.17272e-11
4.92699e-11
-3.48363e-11
1.24515e-11
8.70334e-12
-2.03075e-11
1.9977e-11
-1.21587e-11
3.22423e-12
3.75548e-12
-1.09472e-11
2.19855e-11
-3.70504e-11
5.03981e-11
-5.39214e-11
4.3188e-11
-2.1933e-11
-9.2381e-14
1.35439e-11
-1.59626e-11
1.19276e-11
-8.01405e-12
6.28492e-12
-3.03289e-12
-7.25268e-12
2.52049e-11
-4.40935e-11
5.33592e-11
-4.68693e-11
2.78706e-11
-6.96518e-12
-6.17831e-12
9.20129e-12
-7.51978e-12
8.05712e-12
-1.25283e-11
1.5035e-11
-7.68876e-12
-1.12646e-11
3.37099e-11
-4.73261e-11
4.46381e-11
-2.86723e-11
1.00904e-11
7.36779e-13
-1.82836e-12
8.48203e-14
-4.02332e-12
1.43792e-11
-2.29402e-11
1.9726e-11
-2.40596e-12
-2.10224e-11
3.70706e-11
-3.68444e-11
2.28965e-11
-7.30668e-12
7.24079e-13
-3.60264e-12
6.99354e-12
-2.07581e-12
-1.17509e-11
2.54007e-11
-2.71941e-11
1.27622e-11
9.50774e-12
-2.48152e-11
2.4139e-11
-1.14647e-11
-1.13339e-12
3.78026e-12
3.32197e-12
-1.06879e-11
7.61117e-12
7.21286e-12
-2.34795e-11
2.79775e-11
-1.68902e-11
-1.31743e-12
1.30635e-11
-1.05576e-11
-2.7145e-12
1.45446e-11
-1.45451e-11
3.38641e-12
7.60634e-12
-7.59887e-12
-4.14478e-12
1.80455e-11
-2.29735e-11
1.50571e-11
-1.32269e-12
-5.88991e-12
-6.89818e-13
1.62232e-11
-2.83758e-11
2.8118e-11
-1.70544e-11
4.65106e-12
-2.59951e-13
5.52013e-12
-1.35968e-11
1.52386e-11
-7.90656e-12
-1.71536e-12
3.59835e-12
6.35975e-12
-2.3267e-11
3.71524e-11
-4.07477e-11
3.40904e-11
-2.37879e-11
1.6691e-11
-1.44693e-11
1.3046e-11
-8.0429e-12
-3.63279e-13
6.85206e-12
-5.68739e-12
-4.86047e-12
2.10243e-11
-3.64989e-11
4.60721e-11
-4.83804e-11
4.50894e-11
-3.85171e-11
2.93148e-11
-1.76513e-11
5.08348e-12
5.0205e-12
-9.92296e-12
8.60738e-12
-1.60975e-12
-1.00167e-11
2.45451e-11
-4.00147e-11
5.35954e-11
-6.11793e-11
5.83466e-11
-4.45736e-11
2.50037e-11
-7.44342e-12
-3.38261e-12
7.55456e-12
-8.21297e-12
7.72315e-12
-5.07945e-12
-4.26152e-12
2.31015e-11
-4.69968e-11
6.47328e-11
-6.67714e-11
5.24176e-11
-3.02222e-11
1.13634e-11
-2.31924e-12
5.76871e-13
1.7694e-12
-9.39902e-12
1.73698e-11
-1.5333e-11
-2.33899e-12
2.96716e-11
-5.26298e-11
5.87694e-11
-4.64916e-11
2.58341e-11
-1.06054e-11
6.8989e-12
-9.15537e-12
6.58425e-12
5.26765e-12
-1.97813e-11
2.4653e-11
-1.31918e-11
-9.51061e-12
2.96451e-11
-3.5316e-11
2.52574e-11
-9.58712e-12
6.365e-13
-2.62985e-12
8.80572e-12
-9.33009e-12
6.05317e-13
1.18052e-11
-1.87863e-11
1.50516e-11
-3.85082e-12
-5.53529e-12
5.3289e-12
3.67123e-12
-1.3724e-11
1.75264e-11
-1.40061e-11
6.96792e-12
-1.24915e-12
-7.457e-13
-2.47421e-13
1.59748e-12
-2.41255e-12
4.553e-12
-1.01896e-11
1.84369e-11
-2.65529e-11
3.25957e-11
-3.63969e-11
3.74933e-11
-3.44004e-11
2.53516e-11
-1.07577e-11
-5.44926e-12
1.61961e-11
-1.56082e-11
3.59248e-12
1.30474e-11
-2.6158e-11
3.27576e-11
-3.69219e-11
4.39824e-11
-5.38504e-11
5.92593e-11
-5.16555e-11
2.88343e-11
7.84121e-13
-2.24984e-11
2.54538e-11
-1.15004e-11
-7.14351e-12
1.88586e-11
-2.22591e-11
2.4801e-11
-3.42481e-11
5.01591e-11
-6.2864e-11
6.01949e-11
-3.87019e-11
8.29274e-12
1.45737e-11
-2.01599e-11
1.1443e-11
5.41758e-13
-6.89267e-12
6.81203e-12
-6.79111e-12
1.3256e-11
-2.57703e-11
3.6267e-11
-3.64459e-11
2.51062e-11
-9.16002e-12
-2.86205e-12
6.93171e-12
-5.05916e-12
1.57126e-12
3.49406e-13
-2.40834e-13
-1.01754e-12
2.71572e-12
-5.41814e-12
9.29065e-12
-1.25072e-11
1.19697e-11
-7.42168e-12
2.4573e-12
-9.37847e-13
2.31599e-12
-2.67688e-12
-9.12478e-13
6.4641e-12
-7.61031e-12
-2.3073e-12
2.33173e-11
-4.61245e-11
5.75568e-11
-5.16254e-11
3.42733e-11
-1.78888e-11
1.03955e-11
-9.91195e-12
7.86039e-12
1.66028e-12
-1.51304e-11
2.07685e-11
-8.64552e-12
-1.96703e-11
5.02414e-11
-6.73145e-11
6.4937e-11
-5.00617e-11
3.44321e-11
-2.497e-11
1.99159e-11
-1.31646e-11
1.14446e-12
1.22784e-11
-1.84194e-11
1.14279e-11
5.64894e-12
-2.39131e-11
3.58795e-11
-3.97478e-11
3.72621e-11
-3.09096e-11
2.24166e-11
-1.33213e-11
5.35456e-12
-9.1687e-13
1.16346e-12
-4.05349e-12
4.76555e-12
-5.90228e-13
-5.7743e-12
8.27846e-12
-4.43465e-12
-1.41929e-12
1.69498e-12
6.44225e-12
-1.75738e-11
2.14617e-11
-1.1689e-11
-8.10419e-12
2.48747e-11
-2.59865e-11
9.77004e-12
1.27083e-11
-2.81343e-11
3.20538e-11
-3.08126e-11
3.32766e-11
-4.21245e-11
5.07057e-11
-4.85633e-11
3.06836e-11
-3.65859e-12
-1.86904e-11
2.57269e-11
-1.74035e-11
1.41601e-12
1.43721e-11
-2.71415e-11
3.75209e-11
-4.60319e-11
5.10165e-11
-5.02526e-11
4.29855e-11
-3.14445e-11
1.93028e-11
-8.97148e-12
-4.70632e-14
7.96842e-12
-1.16063e-11
6.16769e-12
7.97814e-12
-2.30645e-11
2.90466e-11
-2.20721e-11
7.58581e-12
3.21681e-12
-2.17659e-12
-9.106e-12
1.98603e-11
-1.99329e-11
9.1536e-12
2.39979e-12
-4.86584e-12
-1.69379e-12
7.09851e-12
-1.03617e-12
-1.76696e-11
3.95044e-11
-5.16512e-11
4.70108e-11
-2.92866e-11
9.14817e-12
4.46264e-12
-1.04818e-11
1.25244e-11
-1.24394e-11
8.09647e-12
2.38289e-12
-1.75274e-11
3.30939e-11
-4.54005e-11
5.28158e-11
-5.55446e-11
5.32827e-11
-4.4304e-11
2.71194e-11
-5.01786e-12
-1.28653e-11
1.66737e-11
-4.9211e-12
-1.29139e-11
2.36085e-11
-2.16929e-11
1.29114e-11
-8.01556e-12
1.26504e-11
-2.28874e-11
2.84334e-11
-2.22591e-11
7.79197e-12
3.00187e-12
-1.03387e-12
-1.12902e-11
2.21979e-11
-2.14464e-11
7.8503e-12
1.14262e-11
-2.78734e-11
3.68386e-11
-3.85832e-11
3.51792e-11
-2.79183e-11
1.6711e-11
-2.85352e-12
-9.39662e-12
1.48937e-11
-1.28423e-11
7.25614e-12
-1.71487e-12
-5.8346e-12
2.00551e-11
-4.11638e-11
6.12548e-11
-6.90939e-11
5.8396e-11
-3.40178e-11
9.63742e-12
1.60052e-12
2.5177e-12
-1.23825e-11
1.58134e-11
-9.7335e-12
1.6827e-12
-1.09128e-12
9.25857e-12
-1.90645e-11
2.20846e-11
-1.60289e-11
5.69577e-12
9.65716e-13
6.23853e-13
-8.66837e-12
1.73201e-11
-2.25364e-11
2.35637e-11
-1.99984e-11
9.26491e-12
9.78877e-12
-3.24537e-11
4.88245e-11
-5.14207e-11
4.1264e-11
-2.70049e-11
1.71021e-11
-1.33529e-11
1.01506e-11
-1.05432e-12
-1.34088e-11
2.3216e-11
-1.70347e-11
-6.42995e-12
3.50481e-11
-5.31427e-11
5.3661e-11
-4.20056e-11
2.89272e-11
-2.17873e-11
2.05598e-11
-2.09832e-11
1.95388e-11
-1.66128e-11
1.45321e-11
-1.3929e-11
1.20074e-11
-6.29962e-12
-1.49365e-12
6.61927e-12
-7.61484e-12
8.29396e-12
-1.26511e-11
1.81115e-11
-1.67943e-11
3.05469e-12
1.93146e-11
-3.8017e-11
4.01283e-11
-2.22004e-11
-6.63574e-12
3.10677e-11
-4.17918e-11
4.15598e-11
-4.01314e-11
4.2726e-11
-4.54981e-11
4.12288e-11
-2.83056e-11
1.21349e-11
-2.42148e-13
-3.53099e-12
1.15441e-13
6.75275e-12
-1.40973e-11
2.06039e-11
-2.51284e-11
2.45524e-11
-1.6254e-11
2.87073e-12
6.13115e-12
-1.67087e-12
-1.57241e-11
3.42622e-11
-4.09218e-11
3.22079e-11
-1.58965e-11
2.43472e-12
3.90852e-12
-7.72274e-12
1.65914e-11
-3.28151e-11
4.92273e-11
-5.47823e-11
4.42324e-11
-2.31741e-11
2.50737e-12
1.02972e-11
-1.46914e-11
1.24901e-11
-4.08903e-12
-1.01321e-11
2.57305e-11
-3.54383e-11
3.44797e-11
-2.53167e-11
1.61846e-11
-1.52036e-11
2.32389e-11
-3.2771e-11
3.42532e-11
-2.59189e-11
1.58474e-11
-1.3858e-11
2.02912e-11
-2.50011e-11
1.71626e-11
3.76583e-12
-2.79471e-11
4.34589e-11
-4.47523e-11
3.3936e-11
-1.73663e-11
6.4906e-13
1.30602e-11
-2.18407e-11
2.26888e-11
-1.33983e-11
-3.48498e-12
1.95374e-11
-2.696e-11
2.59567e-11
-2.48084e-11
3.02468e-11
-3.96566e-11
4.34466e-11
-3.57705e-11
2.08744e-11
-9.97709e-12
1.13865e-11
-2.35595e-11
3.56512e-11
-3.62615e-11
2.22463e-11
-7.97942e-13
-1.78055e-11
2.81036e-11
-3.09334e-11
2.77709e-11
-1.77477e-11
9.21035e-13
1.68292e-11
-2.65945e-11
2.39806e-11
-1.33881e-11
3.17871e-12
2.06595e-12
-5.49309e-12
1.37442e-11
-2.94377e-11
4.63372e-11
-5.34543e-11
4.4621e-11
-2.57841e-11
1.08628e-11
-9.94662e-12
2.06969e-11
-3.25689e-11
3.70642e-11
-3.32652e-11
2.39863e-11
-1.10744e-11
-4.79776e-12
2.04149e-11
-2.96155e-11
2.70308e-11
-1.34064e-11
-3.90987e-12
1.5555e-11
-1.76097e-11
1.44403e-11
-1.4067e-11
1.84218e-11
-1.99735e-11
9.10548e-12
1.413e-11
-3.82462e-11
4.99856e-11
-4.5829e-11
3.29574e-11
-2.15643e-11
1.68372e-11
-1.8384e-11
2.35981e-11
-3.05695e-11
3.72497e-11
-4.01635e-11
3.44282e-11
-1.77519e-11
-5.35227e-12
2.37679e-11
-2.80719e-11
1.89386e-11
-6.88755e-12
1.39635e-12
-1.80534e-12
-6.35558e-13
1.12031e-11
-2.49532e-11
3.10371e-11
-2.32094e-11
4.482e-12
1.60924e-11
-3.0696e-11
3.66463e-11
-3.59104e-11
3.11841e-11
-2.4141e-11
1.67529e-11
-1.3905e-11
2.09063e-11
-3.7182e-11
5.24966e-11
-5.37886e-11
3.68799e-11
-1.1343e-11
-8.53968e-12
1.61347e-11
-1.6115e-11
1.63492e-11
-1.9219e-11
2.0222e-11
-1.44044e-11
1.9218e-12
1.14642e-11
-1.93582e-11
1.91807e-11
-1.31393e-11
4.22626e-12
6.88645e-12
-2.0446e-11
3.25116e-11
-3.53409e-11
2.48973e-11
-8.3952e-12
3.77245e-13
-1.01555e-11
3.25408e-11
-5.27594e-11
5.9058e-11
-5.08512e-11
3.52226e-11
-1.91261e-11
4.73624e-12
8.50668e-12
-2.02368e-11
2.74468e-11
-2.75092e-11
2.16074e-11
-1.4942e-11
1.14398e-11
-9.57464e-12
4.40439e-12
4.38298e-12
-9.40076e-12
2.42699e-12
1.47233e-11
-2.96582e-11
3.02799e-11
-1.64374e-11
-6.75215e-13
8.63098e-12
-3.25614e-12
-1.14248e-11
2.86612e-11
-4.37368e-11
5.36799e-11
-5.56907e-11
4.677e-11
-2.69847e-11
2.29709e-12
1.67538e-11
-2.29085e-11
1.875e-11
-1.48234e-11
1.86869e-11
-2.72975e-11
3.08659e-11
-2.49332e-11
1.5525e-11
-1.24045e-11
1.81502e-11
-2.65149e-11
2.94842e-11
-2.4694e-11
1.49943e-11
-4.00572e-12
-6.79462e-12
1.58689e-11
-1.93085e-11
1.16854e-11
8.46733e-12
-3.43385e-11
5.22267e-11
-5.10821e-11
3.18205e-11
-7.54369e-12
-7.94977e-12
1.11675e-11
-9.16778e-12
9.27963e-12
-1.20574e-11
1.40502e-11
-1.54548e-11
2.04957e-11
-3.11396e-11
4.2532e-11
-4.75271e-11
4.39096e-11
-3.65145e-11
3.11164e-11
-2.8031e-11
2.14774e-11
-6.3893e-12
-1.49161e-11
3.20272e-11
-3.44252e-11
2.0622e-11
-3.83441e-13
-1.38233e-11
1.65616e-11
-1.12139e-11
2.71443e-12
7.40913e-12
-1.84759e-11
2.51914e-11
-2.03348e-11
3.53944e-12
1.42532e-11
-1.90232e-11
5.80332e-12
1.71938e-11
-3.69535e-11
4.61288e-11
-4.66059e-11
4.38858e-11
-4.06639e-11
3.50066e-11
-2.45878e-11
1.07172e-11
1.57993e-12
-8.73884e-12
1.22257e-11
-1.6422e-11
2.19839e-11
-2.44414e-11
2.03212e-11
-1.4362e-11
1.63854e-11
-3.03246e-11
4.72398e-11
-5.26642e-11
3.99568e-11
-1.59788e-11
-6.75527e-12
2.02389e-11
-2.3836e-11
1.92047e-11
-7.16857e-12
-1.03718e-11
2.68747e-11
-3.34655e-11
2.54005e-11
-7.42129e-12
-8.78505e-12
1.29604e-11
-4.7131e-12
-6.82595e-12
1.13863e-11
-6.80567e-12
-1.28486e-12
7.49167e-12
-1.32901e-11
2.32399e-11
-3.70594e-11
4.78524e-11
-5.01011e-11
4.58023e-11
-4.10924e-11
3.70554e-11
-2.82162e-11
1.05053e-11
1.05854e-11
-2.34438e-11
2.12065e-11
-8.87888e-12
-1.42185e-12
4.57571e-13
1.17004e-11
-2.82007e-11
4.15369e-11
-4.79116e-11
4.6149e-11
-3.55734e-11
1.61376e-11
7.65358e-12
-2.55641e-11
2.69642e-11
-1.07476e-11
-1.18118e-11
2.55617e-11
-2.46581e-11
1.55931e-11
-8.27667e-12
5.44616e-12
-3.41176e-12
1.84013e-13
4.3728e-13
4.8672e-12
-1.25148e-11
1.42167e-11
-6.39073e-12
-6.01411e-12
1.52568e-11
-1.98163e-11
2.50157e-11
-3.58718e-11
4.98299e-11
-5.81998e-11
5.36466e-11
-3.71714e-11
1.71179e-11
-2.48849e-12
-3.73727e-12
4.23843e-12
-2.57569e-12
-3.32135e-13
3.22674e-12
-9.74774e-13
-1.29655e-11
3.75275e-11
-6.04591e-11
6.64503e-11
-5.11108e-11
2.47316e-11
-2.48929e-12
-8.51382e-12
1.0663e-11
-8.08424e-12
1.03877e-12
9.96897e-12
-1.91822e-11
1.81424e-11
-5.0183e-12
-1.18097e-11
2.03889e-11
-1.61156e-11
4.50611e-12
5.16415e-12
-8.64505e-12
8.2931e-12
-8.24659e-12
8.50171e-12
-5.25781e-12
-4.23008e-12
1.72636e-11
-2.80352e-11
3.33288e-11
-3.54989e-11
3.7714e-11
-3.8306e-11
3.17172e-11
-1.71073e-11
2.7481e-12
4.2403e-13
8.9843e-12
-2.02227e-11
2.03946e-11
-6.60055e-12
-1.41161e-11
3.38989e-11
-5.03671e-11
6.24887e-11
-6.54386e-11
5.33667e-11
-2.86736e-11
4.16662e-12
6.05109e-12
1.06846e-12
-1.58653e-11
2.50187e-11
-2.21632e-11
9.51647e-12
7.2054e-12
-2.40071e-11
3.81068e-11
-4.57431e-11
4.23697e-11
-2.73967e-11
7.35379e-12
6.69735e-12
-7.87033e-12
-8.33545e-13
9.45956e-12
-1.12341e-11
8.14328e-12
-6.72717e-12
8.74738e-12
-9.51548e-12
5.01e-12
1.27494e-12
-2.31222e-12
-3.48132e-12
9.70655e-12
-1.05835e-11
8.36491e-12
-9.91515e-12
1.57516e-11
-1.72724e-11
5.92857e-12
1.58265e-11
-3.61691e-11
4.50697e-11
-4.25558e-11
3.49007e-11
-2.66968e-11
1.84131e-11
-1.13991e-11
1.02872e-11
-1.86889e-11
3.22512e-11
-3.94111e-11
2.99143e-11
-4.07162e-12
-2.72163e-11
5.04581e-11
-5.89153e-11
5.44428e-11
-4.30434e-11
2.93964e-11
-1.69097e-11
9.97051e-12
-1.34368e-11
2.66633e-11
-4.01568e-11
4.07179e-11
-2.32252e-11
-4.22934e-12
2.73925e-11
-3.8595e-11
4.02802e-11
-3.78851e-11
3.20168e-11
-2.11326e-11
8.68113e-12
-3.46004e-12
9.79079e-12
-2.10089e-11
2.51777e-11
-1.79877e-11
6.29229e-12
8.4345e-13
-2.69211e-12
5.17134e-12
-1.13187e-11
1.63514e-11
-1.42833e-11
5.81356e-12
2.16584e-12
-5.13382e-12
5.1783e-12
-6.61175e-12
8.60752e-12
-5.70725e-12
-5.1279e-12
1.89273e-11
-2.65409e-11
2.29957e-11
-1.22483e-11
2.86586e-12
-7.54005e-13
5.52683e-12
-1.38224e-11
2.325e-11
-3.25609e-11
3.78747e-11
-3.25886e-11
1.29466e-11
1.51527e-11
-3.80587e-11
4.45528e-11
-3.54299e-11
2.13807e-11
-1.27331e-11
1.19543e-11
-1.68073e-11
2.63382e-11
-4.06554e-11
5.43318e-11
-5.5854e-11
3.71333e-11
-4.05859e-12
-2.65601e-11
4.11212e-11
-3.98613e-11
3.2172e-11
-2.52544e-11
1.98345e-11
-1.6608e-11
2.03266e-11
-3.43482e-11
5.20425e-11
-5.94057e-11
4.75938e-11
-2.2073e-11
-3.31613e-12
1.91568e-11
-2.62615e-11
2.91333e-11
-2.88267e-11
2.38309e-11
-1.67505e-11
1.47141e-11
-2.22618e-11
3.47215e-11
-4.1999e-11
3.80029e-11
-2.59573e-11
1.32665e-11
-3.85905e-12
-4.03818e-12
1.2482e-11
-1.96737e-11
2.15375e-11
-1.76033e-11
1.23693e-11
-1.10171e-11
1.35576e-11
-1.56232e-11
1.40006e-11
-1.10257e-11
1.11053e-11
-1.44991e-11
1.54418e-11
-8.78815e-12
-3.55514e-12
1.35045e-11
-1.53534e-11
1.06613e-11
-4.84699e-12
-3.22998e-13
6.90098e-12
-1.45933e-11
1.6915e-11
-7.87226e-12
-9.31064e-12
2.24494e-11
-2.21629e-11
1.06956e-11
1.52452e-12
-7.5083e-12
7.85881e-12
-4.89852e-12
-3.59326e-12
1.98579e-11
-3.80395e-11
4.49422e-11
-3.27613e-11
8.19309e-12
1.29979e-11
-2.08645e-11
1.75679e-11
-1.0528e-11
3.00654e-12
4.65135e-12
-8.22895e-12
-4.56239e-13
2.33094e-11
-4.93486e-11
6.18064e-11
-5.32408e-11
3.10042e-11
-8.44871e-12
-7.06383e-12
1.53921e-11
-1.70984e-11
1.06288e-11
1.8527e-12
-1.04429e-11
3.69648e-12
1.95449e-11
-4.72876e-11
6.41889e-11
-6.38847e-11
5.06713e-11
-3.20235e-11
1.24035e-11
4.92291e-12
-1.46726e-11
1.2143e-11
-1.79414e-13
-9.88063e-12
6.469e-12
1.20463e-11
-3.65778e-11
5.55537e-11
-6.33351e-11
6.04378e-11
-4.91011e-11
3.11019e-11
-1.06274e-11
-4.61701e-12
7.85456e-12
-3.24495e-13
-8.3702e-12
7.69302e-12
4.99235e-12
-2.39296e-11
4.12542e-11
-5.30907e-11
5.85259e-11
-5.62795e-11
4.4541e-11
-2.58264e-11
8.29897e-12
-5.21993e-13
3.11934e-12
-8.35069e-12
7.43212e-12
1.30025e-12
-1.36001e-11
2.55463e-11
-3.72476e-11
4.83561e-11
-5.44671e-11
4.98267e-11
-3.53849e-11
1.96768e-11
-1.14003e-11
1.05187e-11
-1.03255e-11
5.84094e-12
8.64528e-13
-6.27868e-12
1.15623e-11
-2.14055e-11
3.53859e-11
-4.60262e-11
4.59576e-11
-3.70279e-11
2.76068e-11
-2.29717e-11
1.97857e-11
-1.30911e-11
4.0577e-12
1.11727e-12
-9.95408e-13
1.8424e-12
-1.02176e-11
2.35902e-11
-3.32533e-11
3.46159e-11
-3.22621e-11
3.20414e-11
-3.26339e-11
2.75238e-11
-1.55746e-11
4.14852e-12
-6.28639e-13
2.82601e-12
-2.16571e-12
-5.26533e-12
1.42054e-11
-1.85403e-11
1.99002e-11
-2.46297e-11
3.31834e-11
-3.76039e-11
3.12467e-11
-1.79252e-11
7.77867e-12
-5.19794e-12
4.96524e-12
-1.01141e-12
-4.85676e-12
6.73635e-12
-4.73871e-12
6.60373e-12
-1.7226e-11
3.07725e-11
-3.63514e-11
3.07532e-11
-2.10762e-11
1.48972e-11
-1.13201e-11
5.2881e-12
2.674e-12
-5.62076e-12
5.70196e-13
5.29601e-12
-1.91297e-12
-1.12579e-11
2.45588e-11
-2.95835e-11
2.7837e-11
-2.55341e-11
2.34959e-11
-1.68252e-11
4.6196e-12
5.25228e-12
-4.60828e-12
-4.17546e-12
9.80299e-12
-5.02131e-12
-6.15184e-12
1.51825e-11
-2.0072e-11
2.48843e-11
-3.05209e-11
3.05569e-11
-2.01942e-11
4.80733e-12
3.7268e-12
-7.25751e-13
-6.09106e-12
6.50872e-12
-2.53333e-12
4.71632e-13
4.97155e-14
2.40073e-14
3.9972e-15
0
