0
2.52315e-16
3.60413e-15
2.39076e-14
3.60888e-14
3.07643e-13
-3.47141e-13
-2.39791e-12
1.20974e-11
-2.50731e-11
3.28528e-11
-3.15336e-11
2.14816e-11
-6.0128e-12
-9.64836e-12
1.98827e-11
-2.18425e-11
1.66236e-11
-7.84664e-12
-1.83253e-12
1.14763e-11
-2.04325e-11
2.63787e-11
-2.64656e-11
1.91777e-11
-5.70592e-12
-1.07989e-11
2.56337e-11
-3.38001e-11
3.18219e-11
-2.05821e-11
5.17601e-12
8.02034e-12
-1.5486e-11
1.70779e-11
-1.4253e-11
7.88785e-12
1.219e-12
-1.17204e-11
2.13929e-11
-2.79611e-11
2.88763e-11
-2.20376e-11
7.29727e-12
1.1348e-11
-2.70168e-11
3.36935e-11
-3.01933e-11
1.97668e-11
-7.37447e-12
-3.25144e-12
9.90191e-12
-1.1934e-11
9.83022e-12
-4.91787e-12
-2.20344e-12
1.16348e-11
-2.26837e-11
3.16474e-11
-3.32659e-11
2.44221e-11
-7.40837e-12
-1.15281e-11
2.5745e-11
-3.15622e-11
2.86762e-11
-1.98901e-11
9.62081e-12
-2.05628e-12
-1.54137e-12
2.73015e-12
-3.37961e-12
2.46572e-12
2.89443e-12
-1.3888e-11
2.70722e-11
-3.62715e-11
3.62988e-11
-2.60749e-11
8.56256e-12
1.02173e-11
-2.37425e-11
2.79098e-11
-2.39638e-11
1.72737e-11
-1.30105e-11
1.1724e-11
-1.03773e-11
6.58497e-12
-2.08831e-12
1.07899e-12
-6.7054e-12
1.83036e-11
-3.17549e-11
4.07229e-11
-3.96364e-11
2.6979e-11
-7.77113e-12
-9.20552e-12
1.74466e-11
-1.76321e-11
1.55278e-11
-1.62016e-11
1.96651e-11
-2.24396e-11
2.11998e-11
-1.57462e-11
9.01089e-12
-6.13707e-12
1.13845e-11
-2.45544e-11
3.88856e-11
-4.50626e-11
3.82331e-11
-2.24121e-11
6.64421e-12
2.27548e-12
-4.4137e-12
4.49221e-12
-7.50878e-12
1.51476e-11
-2.52119e-11
3.2373e-11
-3.18037e-11
2.34584e-11
-1.40781e-11
1.23012e-11
-2.12193e-11
3.48519e-11
-4.34209e-11
4.11753e-11
-3.02904e-11
1.75793e-11
-9.44773e-12
8.01962e-12
-1.05194e-11
1.04668e-11
-2.25066e-12
-1.39655e-11
3.06597e-11
-3.87953e-11
3.55086e-11
-2.68687e-11
2.19003e-11
-2.50715e-11
3.33478e-11
-4.00522e-11
3.97662e-11
-3.17614e-11
2.01315e-11
-1.20034e-11
1.25374e-11
-2.03657e-11
2.70678e-11
-2.37691e-11
8.5063e-12
1.1885e-11
-2.80356e-11
3.50303e-11
-3.48581e-11
3.27783e-11
-3.31321e-11
3.65427e-11
-4.0076e-11
3.8864e-11
-3.02487e-11
1.69938e-11
-6.95069e-12
6.98443e-12
-1.71141e-11
2.97058e-11
-3.55915e-11
3.02779e-11
-1.60149e-11
-1.5519e-12
1.70407e-11
-2.77935e-11
3.38806e-11
-3.74834e-11
4.04299e-11
-4.21514e-11
3.93129e-11
-2.94485e-11
1.45097e-11
-1.22177e-12
-3.72018e-12
-1.79043e-12
1.4077e-11
-2.70102e-11
3.50848e-11
-3.52028e-11
2.66616e-11
-1.1714e-11
-5.31276e-12
1.99571e-11
-3.0304e-11
3.65724e-11
-3.90664e-11
3.64878e-11
-2.78328e-11
1.44882e-11
-5.06767e-13
-1.00544e-11
1.44724e-11
-1.14144e-11
5.68643e-13
1.54596e-11
-3.05504e-11
3.74251e-11
-3.27599e-11
1.902e-11
-2.22078e-12
-1.24501e-11
2.20286e-11
-2.55685e-11
2.34905e-11
-1.79136e-11
1.09666e-11
-2.91797e-12
-7.81425e-12
2.06708e-11
-3.05891e-11
3.04705e-11
-1.78038e-11
-2.44164e-12
2.07563e-11
-2.95876e-11
2.67432e-11
-1.55517e-11
2.41543e-12
5.87716e-12
-6.17066e-12
9.67722e-13
3.46703e-12
-3.49581e-12
1.87867e-12
-5.31308e-12
1.69409e-11
-3.25302e-11
4.31399e-11
-4.21896e-11
2.95681e-11
-1.14436e-11
-3.8258e-12
9.93244e-12
-6.50049e-12
-6.19951e-13
2.92763e-12
3.84872e-12
-1.62366e-11
2.57034e-11
-2.64922e-11
2.03218e-11
-1.46425e-11
1.56954e-11
-2.39895e-11
3.45014e-11
-4.11054e-11
4.02089e-11
-3.2792e-11
2.34245e-11
-1.77148e-11
1.78712e-11
-2.04962e-11
1.84219e-11
-7.04241e-12
-1.14456e-11
2.92727e-11
-3.95335e-11
4.04812e-11
-3.52413e-11
2.79631e-11
-2.18858e-11
1.88721e-11
-1.96112e-11
2.27396e-11
-2.59369e-11
2.79852e-11
-3.01401e-11
3.35895e-11
-3.68191e-11
3.57081e-11
-2.74196e-11
1.25107e-11
5.88676e-12
-2.4536e-11
3.98892e-11
-4.76682e-11
4.42379e-11
-3.05317e-11
1.28315e-11
6.5421e-13
-5.31058e-12
1.60812e-12
6.7669e-12
-1.60776e-11
2.34846e-11
-2.77442e-11
2.92043e-11
-2.93006e-11
2.78508e-11
-2.1936e-11
8.05281e-12
1.25974e-11
-3.23468e-11
4.09775e-11
-3.34794e-11
1.37176e-11
8.08611e-12
-2.23887e-11
2.5156e-11
-1.8922e-11
9.75143e-12
-3.54477e-12
2.22313e-12
-2.87534e-12
1.3866e-13
8.11431e-12
-1.77223e-11
2.07308e-11
-1.29844e-11
-1.44577e-12
1.2764e-11
-1.34438e-11
3.14211e-12
1.21126e-11
-2.50849e-11
3.10259e-11
-2.95785e-11
2.43287e-11
-2.11299e-11
2.3719e-11
-3.04606e-11
3.49919e-11
-3.2071e-11
2.19571e-11
-9.6857e-12
-3.39452e-13
7.2348e-12
-1.25573e-11
1.71395e-11
-2.08655e-11
2.36201e-11
-2.58116e-11
2.69226e-11
-2.57773e-11
2.21654e-11
-1.86203e-11
1.87486e-11
-2.4538e-11
3.45317e-11
-4.51405e-11
5.20149e-11
-5.12585e-11
4.01043e-11
-1.93345e-11
-5.45413e-12
2.54697e-11
-3.44264e-11
3.26091e-11
-2.60867e-11
2.0705e-11
-1.7776e-11
1.44571e-11
-8.47812e-12
1.03684e-12
3.46466e-12
-6.33168e-13
-1.13554e-11
2.94811e-11
-4.5924e-11
5.08982e-11
-3.93524e-11
1.56194e-11
8.31319e-12
-2.1647e-11
2.19407e-11
-1.51078e-11
8.3882e-12
-4.81261e-12
2.55956e-12
1.37516e-12
-8.56273e-12
1.77889e-11
-2.5552e-11
2.72449e-11
-2.06208e-11
8.31728e-12
2.72688e-12
-6.59782e-12
2.8524e-12
3.36671e-12
-6.3965e-12
4.06615e-12
1.84554e-12
-8.69402e-12
1.45656e-11
-1.82942e-11
1.87029e-11
-1.60709e-11
1.31263e-11
-1.41864e-11
2.14437e-11
-3.30475e-11
4.41113e-11
-5.03167e-11
4.95943e-11
-4.22979e-11
3.03073e-11
-1.7036e-11
5.74678e-12
2.71815e-12
-1.10353e-11
2.17012e-11
-3.26894e-11
3.71428e-11
-2.97769e-11
1.28588e-11
3.76865e-12
-9.80204e-12
1.1068e-12
1.82169e-11
-3.93358e-11
5.31497e-11
-5.46198e-11
4.46604e-11
-2.95927e-11
1.64629e-11
-8.16694e-12
1.78845e-12
6.90453e-12
-1.80673e-11
2.62276e-11
-2.52917e-11
1.40953e-11
2.02792e-12
-1.56299e-11
2.17799e-11
-2.00244e-11
1.26493e-11
-3.33509e-12
-3.9661e-12
5.98799e-12
-2.5261e-12
-3.22461e-12
6.74212e-12
-5.89158e-12
1.53325e-12
4.05047e-12
-9.1272e-12
1.19448e-11
-1.0899e-11
6.14373e-12
-1.73473e-12
3.31107e-12
-1.32147e-11
2.73002e-11
-3.84503e-11
4.25402e-11
-4.16222e-11
4.0529e-11
-4.1853e-11
4.32464e-11
-3.9735e-11
2.73815e-11
-6.67564e-12
-1.69477e-11
3.46114e-11
-3.86728e-11
2.75843e-11
-8.41637e-12
-7.17058e-12
1.04453e-11
-1.53541e-12
-1.24747e-11
2.4147e-11
-3.1256e-11
3.56072e-11
-3.89391e-11
4.02954e-11
-3.78422e-11
3.07597e-11
-1.97701e-11
6.11955e-12
7.7909e-12
-1.8239e-11
2.13668e-11
-1.63495e-11
6.08266e-12
4.7225e-12
-1.27726e-11
1.66197e-11
-1.60821e-11
1.19332e-11
-7.28309e-12
6.67271e-12
-1.27639e-11
2.24184e-11
-2.80053e-11
2.30987e-11
-8.59205e-12
-7.74457e-12
1.70731e-11
-1.62132e-11
8.61777e-12
-8.98231e-13
-2.10062e-12
-8.97021e-13
7.67798e-12
-1.4584e-11
1.88583e-11
-2.15559e-11
2.70809e-11
-3.91592e-11
5.53375e-11
-6.70849e-11
6.56695e-11
-4.9465e-11
2.47448e-11
-8.45631e-13
-1.58582e-11
2.32219e-11
-2.19774e-11
1.41337e-11
-3.48132e-12
-5.09532e-12
7.60972e-12
-3.79065e-12
-3.24605e-12
9.4049e-12
-1.2697e-11
1.34265e-11
-1.3168e-11
1.32208e-11
-1.44131e-11
1.61567e-11
-1.61497e-11
1.12858e-11
-1.40236e-12
-8.77114e-12
1.2106e-11
-5.88441e-12
-4.97998e-12
1.1614e-11
-9.5412e-12
2.48009e-12
8.60259e-13
5.77207e-12
-2.21751e-11
4.22268e-11
-5.79206e-11
6.2782e-11
-5.47941e-11
3.70882e-11
-1.67682e-11
7.26924e-13
7.85265e-12
-1.04643e-11
1.00929e-11
-8.32515e-12
4.88123e-12
-3.77494e-13
-2.66799e-12
1.49654e-12
3.80379e-12
-1.09471e-11
1.83489e-11
-2.70456e-11
3.773e-11
-4.74184e-11
4.97903e-11
-4.07709e-11
2.26924e-11
-3.58146e-12
-8.53185e-12
1.01483e-11
-3.77809e-12
-4.4384e-12
7.94937e-12
-3.7959e-12
-5.36051e-12
1.19904e-11
-8.97581e-12
-4.96021e-12
2.34189e-11
-3.72724e-11
4.12695e-11
-3.72191e-11
3.02408e-11
-2.35878e-11
1.66843e-11
-8.44755e-12
-1.09099e-14
5.87881e-12
-7.90781e-12
6.9833e-12
-4.49178e-12
5.35504e-13
4.50337e-12
-8.271e-12
6.58128e-12
3.34402e-12
-2.07222e-11
4.09223e-11
-5.76079e-11
6.46393e-11
-5.87306e-11
4.14716e-11
-2.02352e-11
4.61755e-12
-5.20338e-13
5.3817e-12
-1.04669e-11
8.1166e-12
1.48963e-12
-1.13968e-11
1.44138e-11
-9.25685e-12
-1.71597e-13
9.17166e-12
-1.58417e-11
2.01975e-11
-2.2586e-11
2.29725e-11
-2.18516e-11
1.96562e-11
-1.61359e-11
1.02832e-11
-2.29946e-12
-5.68341e-12
1.03982e-11
-9.91348e-12
4.3282e-12
4.49726e-12
-1.38235e-11
1.93516e-11
-1.58363e-11
-2.22372e-13
2.59244e-11
-5.14022e-11
6.50371e-11
-6.20795e-11
4.77746e-11
-3.27252e-11
2.40637e-11
-2.16227e-11
2.04533e-11
-1.65495e-11
9.22157e-12
-5.34702e-13
-6.89168e-12
1.07232e-11
-9.96083e-12
5.30608e-12
7.45554e-13
-5.88697e-12
9.51276e-12
-1.29883e-11
1.7293e-11
-2.16063e-11
2.36808e-11
-2.23718e-11
1.81657e-11
-1.1959e-11
3.45678e-12
6.87854e-12
-1.53232e-11
1.53584e-11
-3.61283e-12
-1.5242e-11
2.97071e-11
-2.97503e-11
1.38363e-11
1.04242e-11
-3.26503e-11
4.59336e-11
-4.94594e-11
4.63439e-11
-4.09059e-11
3.6247e-11
-3.35526e-11
3.15685e-11
-2.78662e-11
2.06723e-11
-1.09555e-11
1.55068e-12
5.07501e-12
-8.76044e-12
1.01742e-11
-9.09326e-12
4.38763e-12
3.27961e-12
-1.10015e-11
1.60793e-11
-1.94454e-11
2.43041e-11
-3.16281e-11
3.68312e-11
-3.31766e-11
1.83011e-11
1.7407e-12
-1.62612e-11
1.73984e-11
-5.6869e-12
-1.14521e-11
2.48817e-11
-2.88098e-11
2.19484e-11
-7.11686e-12
-1.04211e-11
2.4737e-11
-3.23945e-11
3.38668e-11
-3.26012e-11
3.15639e-11
-3.16996e-11
3.23775e-11
-3.30518e-11
3.26982e-11
-2.91991e-11
2.00447e-11
-5.71264e-12
-8.96695e-12
1.72389e-11
-1.62094e-11
9.25291e-12
-2.85672e-12
-2.56439e-13
3.53449e-12
-1.26278e-11
2.82912e-11
-4.46212e-11
5.32905e-11
-5.00942e-11
3.6911e-11
-1.97002e-11
4.68407e-12
3.45514e-12
-2.86953e-12
-5.05489e-12
1.55295e-11
-2.26654e-11
2.22932e-11
-1.43321e-11
2.01486e-12
9.97276e-12
-1.77777e-11
1.90927e-11
-1.43479e-11
7.30225e-12
-4.44686e-12
1.05522e-11
-2.41295e-11
3.67757e-11
-3.94887e-11
2.97311e-11
-1.33608e-11
-1.26727e-12
9.87428e-12
-1.40979e-11
1.6954e-11
-1.8647e-11
1.62405e-11
-7.6117e-12
-6.16631e-12
2.15156e-11
-3.54989e-11
4.65763e-11
-5.35692e-11
5.43768e-11
-4.77955e-11
3.5538e-11
-2.25273e-11
1.37596e-11
-1.16168e-11
1.46355e-11
-1.88217e-11
1.91788e-11
-1.24306e-11
-6.6066e-13
1.40196e-11
-1.94222e-11
1.20644e-11
4.69444e-12
-2.1097e-11
2.7563e-11
-2.16037e-11
8.136e-12
5.40345e-12
-1.46635e-11
1.86121e-11
-1.69968e-11
8.89068e-12
4.59496e-12
-1.85043e-11
2.60031e-11
-2.39678e-11
1.53826e-11
-6.65546e-12
1.51538e-12
1.54505e-12
-7.05625e-12
1.73245e-11
-3.03235e-11
4.12592e-11
-4.65492e-11
4.55512e-11
-4.04197e-11
3.42053e-11
-2.95533e-11
2.68814e-11
-2.39442e-11
1.69537e-11
-4.36076e-12
-1.09119e-11
2.24707e-11
-2.50847e-11
1.7645e-11
-3.02293e-12
-1.48974e-11
3.23567e-11
-4.53535e-11
4.91136e-11
-4.11095e-11
2.46441e-11
-9.26802e-12
4.46914e-12
-1.23147e-11
2.5247e-11
-3.26204e-11
2.89551e-11
-1.73418e-11
4.98279e-12
2.65566e-12
-4.59593e-12
2.25163e-12
2.5684e-12
-8.11867e-12
1.14718e-11
-9.43289e-12
7.19086e-13
1.19196e-11
-2.3276e-11
2.88519e-11
-2.76362e-11
2.1395e-11
-1.2984e-11
4.55048e-12
2.68727e-12
-8.92389e-12
1.50071e-11
-2.11248e-11
2.48076e-11
-2.18984e-11
9.80225e-12
8.71876e-12
-2.64288e-11
3.63899e-11
-3.75474e-11
3.47776e-11
-3.42181e-11
3.76318e-11
-4.22007e-11
4.41378e-11
-4.22312e-11
3.66269e-11
-2.65404e-11
1.04188e-11
9.84397e-12
-2.69493e-11
3.14912e-11
-1.9563e-11
-3.38011e-12
2.549e-11
-3.69561e-11
3.56878e-11
-2.70121e-11
1.80423e-11
-1.34036e-11
1.40558e-11
-1.8922e-11
2.54513e-11
-3.0227e-11
2.98506e-11
-2.33617e-11
1.30184e-11
-3.35807e-12
-1.73297e-12
6.50727e-13
5.26278e-12
-1.27534e-11
1.75254e-11
-1.62415e-11
8.2224e-12
3.26485e-12
-1.30063e-11
1.74196e-11
-1.76407e-11
1.76401e-11
-1.96654e-11
2.09272e-11
-1.64829e-11
4.59001e-12
1.04037e-11
-2.1711e-11
2.53914e-11
-2.27319e-11
1.69766e-11
-9.7152e-12
3.14894e-13
1.06163e-11
-1.97571e-11
2.35784e-11
-2.32365e-11
2.46535e-11
-3.33292e-11
4.78419e-11
-5.98637e-11
6.01181e-11
-4.57318e-11
2.17107e-11
2.74281e-12
-1.99794e-11
2.63322e-11
-2.20828e-11
9.93961e-12
5.30794e-12
-1.80314e-11
2.37617e-11
-2.21621e-11
1.71896e-11
-1.47638e-11
1.87167e-11
-2.89801e-11
4.15321e-11
-5.04966e-11
5.04295e-11
-3.95513e-11
2.12758e-11
-3.39143e-12
-6.55749e-12
5.74646e-12
2.18312e-12
-1.07583e-11
1.55222e-11
-1.65772e-11
1.59372e-11
-1.43297e-11
1.05796e-11
-4.80503e-12
-1.53238e-13
7.86076e-13
2.75456e-12
-6.39054e-12
6.04489e-12
-2.57645e-12
1.06691e-12
-5.65059e-12
1.43972e-11
-2.09131e-11
2.03451e-11
-1.43653e-11
8.89692e-12
-8.10178e-12
1.02369e-11
-1.02619e-11
4.70743e-12
5.59827e-12
-1.77775e-11
2.95045e-11
-3.96243e-11
4.59146e-11
-4.47002e-11
3.31564e-11
-1.33535e-11
-7.53175e-12
2.1036e-11
-2.31483e-11
1.61165e-11
-6.3747e-12
-7.79169e-14
5.21012e-13
3.33108e-12
-6.7716e-12
4.24926e-12
7.32316e-12
-2.66861e-11
4.79903e-11
-6.37768e-11
6.83762e-11
-6.05642e-11
4.3084e-11
-2.13164e-11
1.44131e-12
1.05905e-11
-1.15434e-11
3.12282e-12
7.55075e-12
-1.23899e-11
8.12267e-12
6.84169e-13
-5.5408e-12
6.62304e-13
1.26313e-11
-2.82742e-11
4.05634e-11
-4.76182e-11
4.95464e-11
-4.58572e-11
3.54649e-11
-2.03521e-11
6.66773e-12
-1.22228e-12
5.27251e-12
-1.32159e-11
1.72229e-11
-1.44224e-11
8.61134e-12
-5.92489e-12
8.28493e-12
-1.23827e-11
1.38166e-11
-1.21585e-11
1.04241e-11
-1.11123e-11
1.30184e-11
-1.32956e-11
1.10079e-11
-8.63584e-12
8.93191e-12
-1.18151e-11
1.41391e-11
-1.3579e-11
1.12948e-11
-1.11184e-11
1.50964e-11
-2.10578e-11
2.37879e-11
-1.94305e-11
7.99158e-12
6.76617e-12
-2.00338e-11
2.78104e-11
-2.82869e-11
2.18847e-11
-1.14542e-11
1.07049e-12
5.44921e-12
-6.78784e-12
4.54856e-12
-2.44499e-12
3.81504e-12
-1.01535e-11
2.00141e-11
-2.9312e-11
3.20355e-11
-2.33029e-11
2.7172e-12
2.35823e-11
-4.57586e-11
5.56496e-11
-5.17698e-11
3.9077e-11
-2.50033e-11
1.44275e-11
-8.60359e-12
6.62839e-12
-7.32268e-12
8.32211e-12
-5.71209e-12
-4.04149e-12
1.94905e-11
-3.28834e-11
3.41226e-11
-1.8682e-11
-8.4067e-12
3.55021e-11
-5.2765e-11
5.75397e-11
-5.35419e-11
4.53111e-11
-3.53537e-11
2.51337e-11
-1.76064e-11
1.56916e-11
-1.86744e-11
2.04712e-11
-1.42564e-11
-1.04876e-12
1.80602e-11
-2.63642e-11
2.04487e-11
-3.73186e-12
-1.55699e-11
3.09511e-11
-4.09599e-11
4.64331e-11
-4.7347e-11
4.26631e-11
-3.36845e-11
2.49613e-11
-2.14135e-11
2.33228e-11
-2.57153e-11
2.25349e-11
-1.26916e-11
9.66974e-13
6.09768e-12
-5.87379e-12
4.26308e-13
6.4936e-12
-1.31948e-11
1.98517e-11
-2.64848e-11
3.12652e-11
-3.21995e-11
2.9267e-11
-2.51568e-11
2.2557e-11
-2.18536e-11
2.09417e-11
-1.81393e-11
1.39296e-11
-1.06845e-11
1.00599e-11
-1.17576e-11
1.37114e-11
-1.41968e-11
1.28601e-11
-1.08917e-11
9.62054e-12
-9.97216e-12
1.19447e-11
-1.4909e-11
1.73549e-11
-1.77697e-11
1.53642e-11
-1.1038e-11
6.69316e-12
-4.50902e-12
5.73701e-12
-1.06109e-11
1.79063e-11
-2.52219e-11
2.90908e-11
-2.67375e-11
1.79003e-11
-6.22502e-12
-2.7156e-12
4.88551e-12
-9.22203e-13
-4.8754e-12
7.78657e-12
-6.12661e-12
1.19772e-12
4.36388e-12
-8.48181e-12
9.16005e-12
-4.28236e-12
-7.44554e-12
2.35747e-11
-3.74641e-11
4.14022e-11
-3.25694e-11
1.54895e-11
7.95259e-13
-9.52836e-12
1.00327e-11
-6.62139e-12
3.73463e-12
-3.37767e-12
5.58327e-12
-1.06014e-11
1.81497e-11
-2.53087e-11
2.57936e-11
-1.43914e-11
-7.6599e-12
3.11303e-11
-4.47265e-11
4.27811e-11
-2.89039e-11
1.17694e-11
1.47466e-12
-9.03829e-12
1.22853e-11
-1.25795e-11
1.05383e-11
-8.63368e-12
1.13288e-11
-2.15124e-11
3.55085e-11
-4.38079e-11
3.75112e-11
-1.61807e-11
-1.12217e-11
3.24658e-11
-4.06495e-11
3.6762e-11
-2.61678e-11
1.31336e-11
-1.4187e-14
-1.07989e-11
1.57921e-11
-1.36735e-11
8.45187e-12
-8.35158e-12
1.88784e-11
-3.70602e-11
5.20626e-11
-5.34722e-11
3.89021e-11
-1.51105e-11
-8.37163e-12
2.52272e-11
-3.3846e-11
3.4192e-11
-2.63198e-11
1.1755e-11
3.94982e-12
-1.33115e-11
1.25016e-11
-6.00905e-12
3.65711e-12
-1.26641e-11
3.10469e-11
-4.94316e-11
5.81676e-11
-5.38969e-11
3.94257e-11
-1.98022e-11
-1.19317e-12
2.00499e-11
-3.20265e-11
3.22958e-11
-2.08109e-11
4.35673e-12
7.05349e-12
-8.13684e-12
2.36189e-12
9.5381e-13
5.19957e-12
-2.04913e-11
3.83723e-11
-5.20687e-11
5.80965e-11
-5.57762e-11
4.4595e-11
-2.49404e-11
6.18442e-13
2.00943e-11
-2.89526e-11
2.37014e-11
-1.0687e-11
-8.30134e-14
2.48627e-12
1.3674e-12
-4.53501e-12
1.39698e-12
8.55167e-12
-2.26415e-11
3.79158e-11
-5.20855e-11
6.1485e-11
-6.10416e-11
4.73119e-11
-2.3248e-11
-1.77903e-12
1.73328e-11
-1.94715e-11
1.26301e-11
-5.22694e-12
2.52327e-12
-4.12516e-12
6.22439e-12
-5.91976e-12
2.10491e-12
5.86649e-12
-1.93718e-11
3.79657e-11
-5.67388e-11
6.69493e-11
-6.20563e-11
4.30861e-11
-1.89173e-11
-1.6117e-13
8.9828e-12
-9.6326e-12
7.28898e-12
-5.62104e-12
5.14086e-12
-5.62107e-12
7.28905e-12
-9.63271e-12
8.98297e-12
-1.61389e-13
-1.8917e-11
4.30858e-11
-6.2056e-11
6.69491e-11
-5.67385e-11
3.79654e-11
-1.93714e-11
5.86614e-12
2.10522e-12
-5.92004e-12
6.22465e-12
-4.12539e-12
2.52344e-12
-5.22701e-12
1.26301e-11
-1.94714e-11
1.73327e-11
-1.77896e-12
-2.32481e-11
4.73121e-11
-6.10419e-11
6.14854e-11
-5.20859e-11
3.79163e-11
-2.26419e-11
8.55212e-12
1.39654e-12
-4.53461e-12
1.36711e-12
2.48642e-12
-8.30752e-14
-1.06869e-11
2.37013e-11
-2.89525e-11
2.00943e-11
6.18319e-13
-2.49401e-11
4.45947e-11
-5.57758e-11
5.80961e-11
-5.20682e-11
3.83718e-11
-2.04908e-11
5.19911e-12
9.54086e-13
2.36177e-12
-8.13676e-12
7.05337e-12
4.35686e-12
-2.08109e-11
3.22957e-11
-3.20264e-11
2.00497e-11
-1.19307e-12
-1.98023e-11
3.9426e-11
-5.38973e-11
5.81681e-11
-4.94321e-11
3.10473e-11
-1.26643e-11
3.65719e-12
-6.00907e-12
1.25016e-11
-1.33113e-11
3.94957e-12
1.17552e-11
-2.63199e-11
3.4192e-11
-3.3846e-11
2.52273e-11
-8.3719e-12
-1.51101e-11
3.89016e-11
-5.34718e-11
5.20623e-11
-3.706e-11
1.88784e-11
-8.3518e-12
8.45225e-12
-1.36738e-11
1.57923e-11
-1.0799e-11
-1.41838e-14
1.31336e-11
-2.61677e-11
3.67618e-11
-4.06492e-11
3.24655e-11
-1.12214e-11
-1.61811e-11
3.75115e-11
-4.38079e-11
3.55083e-11
-2.15121e-11
1.13285e-11
-8.63359e-12
1.05383e-11
-1.25794e-11
1.22852e-11
-9.03814e-12
1.4745e-12
1.17696e-11
-2.89042e-11
4.27816e-11
-4.47269e-11
3.11306e-11
-7.65997e-12
-1.43914e-11
2.57936e-11
-2.53087e-11
1.81496e-11
-1.06012e-11
5.58318e-12
-3.37765e-12
3.73467e-12
-6.62148e-12
1.00329e-11
-9.5287e-12
7.95702e-13
1.54891e-11
-3.25691e-11
4.14021e-11
-3.7464e-11
2.35747e-11
-7.44544e-12
-4.28251e-12
9.16024e-12
-8.48201e-12
4.36406e-12
1.1976e-12
-6.12659e-12
7.78667e-12
-4.87563e-12
-9.21887e-13
4.88518e-12
-2.71531e-12
-6.22523e-12
1.79004e-11
-2.67375e-11
2.90908e-11
-2.52219e-11
1.79063e-11
-1.0611e-11
5.7371e-12
-4.50906e-12
6.69313e-12
-1.10379e-11
1.53641e-11
-1.77696e-11
1.73548e-11
-1.49089e-11
1.19447e-11
-9.97219e-12
9.62064e-12
-1.08918e-11
1.28601e-11
-1.41968e-11
1.37114e-11
-1.17577e-11
1.00601e-11
-1.06847e-11
1.39298e-11
-1.81394e-11
2.09418e-11
-2.18537e-11
2.25571e-11
-2.51567e-11
2.92668e-11
-3.21993e-11
3.1265e-11
-2.64848e-11
1.98517e-11
-1.31948e-11
6.49354e-12
4.26417e-13
-5.87386e-12
6.09769e-12
9.66972e-13
-1.26915e-11
2.25348e-11
-2.57153e-11
2.33229e-11
-2.14136e-11
2.49614e-11
-3.36845e-11
4.26631e-11
-4.7347e-11
4.64331e-11
-4.09599e-11
3.09509e-11
-1.55696e-11
-3.73228e-12
2.0449e-11
-2.63644e-11
1.80603e-11
-1.04872e-12
-1.42565e-11
2.04713e-11
-1.86745e-11
1.56917e-11
-1.76064e-11
2.51336e-11
-3.53535e-11
4.5311e-11
-5.35422e-11
5.75403e-11
-5.27657e-11
3.55028e-11
-8.40723e-12
-1.86816e-11
3.41224e-11
-3.28835e-11
1.94907e-11
-4.04168e-12
-5.71198e-12
8.32215e-12
-7.32283e-12
6.62855e-12
-8.60359e-12
1.44273e-11
-2.50028e-11
3.90764e-11
-5.17692e-11
5.5649e-11
-4.57581e-11
2.3582e-11
2.7173e-12
-2.33029e-11
3.20355e-11
-2.93121e-11
2.00143e-11
-1.01536e-11
3.81509e-12
-2.4449e-12
4.54833e-12
-6.78749e-12
5.4488e-12
1.07092e-12
-1.14546e-11
2.1885e-11
-2.82871e-11
2.78105e-11
-2.00339e-11
6.76625e-12
7.99145e-12
-1.94304e-11
2.37878e-11
-2.10579e-11
1.50965e-11
-1.11186e-11
1.12949e-11
-1.35792e-11
1.41394e-11
-1.18154e-11
8.93212e-12
-8.63595e-12
1.10079e-11
-1.32956e-11
1.30183e-11
-1.11122e-11
1.0424e-11
-1.21584e-11
1.38165e-11
-1.23827e-11
8.28494e-12
-5.92491e-12
8.61132e-12
-1.44223e-11
1.72227e-11
-1.32157e-11
5.27229e-12
-1.22215e-12
6.66771e-12
-2.03522e-11
3.5465e-11
-4.58574e-11
4.95466e-11
-4.76184e-11
4.05635e-11
-2.82741e-11
1.26312e-11
6.62352e-13
-5.54071e-12
6.83937e-13
8.12299e-12
-1.23902e-11
7.55105e-12
3.12258e-12
-1.15432e-11
1.05904e-11
1.44137e-12
-2.13164e-11
4.3084e-11
-6.05642e-11
6.83763e-11
-6.37769e-11
4.79903e-11
-2.66859e-11
7.32279e-12
4.24972e-12
-6.77207e-12
3.33152e-12
5.20601e-13
-7.75268e-14
-6.37503e-12
1.61168e-11
-2.31485e-11
2.10362e-11
-7.53194e-12
-1.33533e-11
3.31562e-11
-4.47002e-11
4.59147e-11
-3.96246e-11
2.95049e-11
-1.7778e-11
5.59871e-12
4.70699e-12
-1.02615e-11
1.02366e-11
-8.10154e-12
8.89677e-12
-1.43651e-11
2.03449e-11
-2.09128e-11
1.43967e-11
-5.65015e-12
1.06659e-12
-2.57628e-12
6.04488e-12
-6.39066e-12
2.75478e-12
7.85807e-13
-1.5297e-13
-4.80525e-12
1.05798e-11
-1.43298e-11
1.59373e-11
-1.65774e-11
1.55225e-11
-1.07587e-11
2.18359e-12
5.74596e-12
-6.55705e-12
-3.39173e-12
2.12759e-11
-3.95514e-11
5.04296e-11
-5.04967e-11
4.15321e-11
-2.89799e-11
1.87165e-11
-1.47636e-11
1.71894e-11
-2.21621e-11
2.37616e-11
-1.80313e-11
5.30782e-12
9.93976e-12
-2.2083e-11
2.63324e-11
-1.99797e-11
2.74309e-12
2.17105e-11
-4.57317e-11
6.01182e-11
-5.9864e-11
4.78422e-11
-3.33294e-11
2.46536e-11
-2.32365e-11
2.35783e-11
-1.97569e-11
1.06163e-11
3.14848e-13
-9.71502e-12
1.69763e-11
-2.27317e-11
2.53913e-11
-2.1711e-11
1.04039e-11
4.58978e-12
-1.64826e-11
2.09269e-11
-1.96651e-11
1.76399e-11
-1.76406e-11
1.74197e-11
-1.30063e-11
3.26478e-12
8.22258e-12
-1.62417e-11
1.75255e-11
-1.27533e-11
5.26257e-12
6.50986e-13
-1.73324e-12
-3.35774e-12
1.30181e-11
-2.33614e-11
2.98504e-11
-3.0227e-11
2.54514e-11
-1.89222e-11
1.40558e-11
-1.34036e-11
1.80423e-11
-2.70121e-11
3.56878e-11
-3.69562e-11
2.54902e-11
-3.38037e-12
-1.95627e-11
3.1491e-11
-2.69493e-11
9.84412e-12
1.04185e-11
-2.654e-11
3.66265e-11
-4.22309e-11
4.41376e-11
-4.22007e-11
3.76319e-11
-3.42182e-11
3.47777e-11
-3.75475e-11
3.63901e-11
-2.6429e-11
8.71907e-12
9.80191e-12
-2.18981e-11
2.48074e-11
-2.11246e-11
1.5007e-11
-8.92389e-12
2.6874e-12
4.5503e-12
-1.29838e-11
2.13949e-11
-2.76361e-11
2.88517e-11
-2.32757e-11
1.19191e-11
7.19514e-13
-9.43324e-12
1.1472e-11
-8.11865e-12
2.56815e-12
2.25208e-12
-4.59647e-12
2.65618e-12
4.98238e-12
-1.73415e-11
2.89549e-11
-3.26204e-11
2.5247e-11
-1.23147e-11
4.46913e-12
-9.26797e-12
2.46441e-11
-4.11095e-11
4.91137e-11
-4.53537e-11
3.23569e-11
-1.48976e-11
-3.02275e-12
1.76449e-11
-2.50846e-11
2.24707e-11
-1.09121e-11
-4.36058e-12
1.69536e-11
-2.39441e-11
2.68814e-11
-2.95533e-11
3.42053e-11
-4.04197e-11
4.55512e-11
-4.65493e-11
4.12595e-11
-3.03238e-11
1.73248e-11
-7.05647e-12
1.54526e-12
1.51514e-12
-6.65518e-12
1.53823e-11
-2.39677e-11
2.6003e-11
-1.85041e-11
4.59478e-12
8.89089e-12
-1.69969e-11
1.86122e-11
-1.46636e-11
5.40353e-12
8.13589e-12
-2.16035e-11
2.75629e-11
-2.1097e-11
4.69459e-12
1.2064e-11
-1.94217e-11
1.4019e-11
-6.60106e-13
-1.2431e-11
1.9179e-11
-1.88218e-11
1.46357e-11
-1.16172e-11
1.37601e-11
-2.25277e-11
3.55383e-11
-4.77956e-11
5.43767e-11
-5.3569e-11
4.65758e-11
-3.54983e-11
2.15151e-11
-6.16601e-12
-7.61167e-12
1.62402e-11
-1.86467e-11
1.69538e-11
-1.40978e-11
9.8743e-12
-1.2673e-12
-1.33609e-11
2.97313e-11
-3.9489e-11
3.67761e-11
-2.41298e-11
1.05525e-11
-4.44692e-12
7.30209e-12
-1.43476e-11
1.90923e-11
-1.77773e-11
9.97235e-12
2.01525e-12
-1.43324e-11
2.22934e-11
-2.26655e-11
1.55294e-11
-5.05465e-12
-2.86992e-12
3.45569e-12
4.68342e-12
-1.96995e-11
3.69106e-11
-5.0094e-11
5.32906e-11
-4.46215e-11
2.82915e-11
-1.26279e-11
3.53451e-12
-2.56362e-13
-2.85681e-12
9.25294e-12
-1.62094e-11
1.72387e-11
-8.96663e-12
-5.7131e-12
2.00452e-11
-2.91996e-11
3.26985e-11
-3.30519e-11
3.23774e-11
-3.16994e-11
3.15637e-11
-3.2601e-11
3.38667e-11
-3.23945e-11
2.47371e-11
-1.04213e-11
-7.11655e-12
2.19481e-11
-2.88094e-11
2.48813e-11
-1.14519e-11
-5.68698e-12
1.73983e-11
-1.6261e-11
1.74058e-12
1.83012e-11
-3.31767e-11
3.68314e-11
-3.16282e-11
2.43042e-11
-1.94453e-11
1.60791e-11
-1.10011e-11
3.2793e-12
4.38788e-12
-9.09343e-12
1.01744e-11
-8.76052e-12
5.07507e-12
1.55062e-12
-1.09555e-11
2.06723e-11
-2.78663e-11
3.15686e-11
-3.35528e-11
3.62471e-11
-4.09059e-11
4.63439e-11
-4.94594e-11
4.59336e-11
-3.26504e-11
1.04245e-11
1.38359e-11
-2.97498e-11
2.97065e-11
-1.52415e-11
-3.61308e-12
1.53585e-11
-1.53231e-11
6.87841e-12
3.45693e-12
-1.19591e-11
1.81655e-11
-2.23714e-11
2.36803e-11
-2.16057e-11
1.72925e-11
-1.2988e-11
9.51248e-12
-5.88672e-12
7.45352e-13
5.30619e-12
-9.96079e-12
1.0723e-11
-6.8915e-12
-5.34873e-13
9.22171e-12
-1.65496e-11
2.04534e-11
-2.16227e-11
2.40637e-11
-3.27253e-11
4.77749e-11
-6.20801e-11
6.50377e-11
-5.14028e-11
2.59249e-11
-2.22672e-13
-1.58362e-11
1.93518e-11
-1.38239e-11
4.49774e-12
4.32778e-12
-9.91322e-12
1.03981e-11
-5.68338e-12
-2.29942e-12
1.0283e-11
-1.61357e-11
1.96559e-11
-2.18514e-11
2.29724e-11
-2.25859e-11
2.01973e-11
-1.58416e-11
9.17165e-12
-1.71791e-13
-9.25647e-12
1.44134e-11
-1.13965e-11
1.4894e-12
8.1168e-12
-1.04671e-11
5.38203e-12
-5.20717e-13
4.61793e-12
-2.02355e-11
4.14717e-11
-5.87305e-11
6.4639e-11
-5.76075e-11
4.09219e-11
-2.07218e-11
3.34356e-12
6.58178e-12
-8.27147e-12
4.50372e-12
5.35394e-13
-4.49192e-12
6.9836e-12
-7.90811e-12
5.87898e-12
-1.09224e-14
-8.44766e-12
1.66845e-11
-2.35881e-11
3.02412e-11
-3.72196e-11
4.12701e-11
-3.72729e-11
2.34193e-11
-4.96058e-12
-8.97548e-12
1.19901e-11
-5.36025e-12
-3.79613e-12
7.94958e-12
-4.43859e-12
-3.77792e-12
1.01482e-11
-8.5317e-12
-3.58164e-12
2.26926e-11
-4.0771e-11
4.97902e-11
-4.74181e-11
3.77297e-11
-2.70454e-11
1.83489e-11
-1.09472e-11
3.80398e-12
1.49639e-12
-2.66792e-12
-3.77457e-13
4.88112e-12
-8.32502e-12
1.00928e-11
-1.04643e-11
7.85254e-12
7.27157e-13
-1.67686e-11
3.70887e-11
-5.47945e-11
6.27823e-11
-5.79208e-11
4.22269e-11
-2.21753e-11
5.7723e-12
8.59898e-13
2.48057e-12
-9.5417e-12
1.16144e-11
-4.98025e-12
-5.88423e-12
1.21059e-11
-8.77092e-12
-1.4026e-12
1.1286e-11
-1.61498e-11
1.61567e-11
-1.4413e-11
1.32206e-11
-1.31679e-11
1.34265e-11
-1.26971e-11
9.40514e-12
-3.24629e-12
-3.79044e-12
7.60952e-12
-5.09509e-12
-3.48156e-12
1.41339e-11
-2.19774e-11
2.32219e-11
-1.58581e-11
-8.45668e-13
2.47448e-11
-4.9465e-11
6.56696e-11
-6.70851e-11
5.53378e-11
-3.91594e-11
2.7081e-11
-2.15559e-11
1.88584e-11
-1.45841e-11
7.67815e-12
-8.97222e-13
-2.10045e-12
-8.98268e-13
8.61766e-12
-1.62129e-11
1.70729e-11
-7.74438e-12
-8.59218e-12
2.30989e-11
-2.80055e-11
2.24186e-11
-1.2764e-11
6.67263e-12
-7.28282e-12
1.19329e-11
-1.60819e-11
1.66196e-11
-1.27726e-11
4.72252e-12
6.08267e-12
-1.63496e-11
2.13669e-11
-1.8239e-11
7.79069e-12
6.11996e-12
-1.97706e-11
3.07602e-11
-3.78425e-11
4.02954e-11
-3.89391e-11
3.56071e-11
-3.1256e-11
2.41471e-11
-1.24749e-11
-1.53528e-12
1.04453e-11
-7.17066e-12
-8.4162e-12
2.75842e-11
-3.86727e-11
3.46115e-11
-1.69479e-11
-6.6754e-12
2.73813e-11
-3.97349e-11
4.32465e-11
-4.18531e-11
4.05291e-11
-4.16222e-11
4.25402e-11
-3.84502e-11
2.73002e-11
-1.32148e-11
3.31125e-12
-1.73491e-12
6.14385e-12
-1.08991e-11
1.19448e-11
-9.12724e-12
4.05053e-12
1.53318e-12
-5.89148e-12
6.74202e-12
-3.2245e-12
-2.5262e-12
5.98813e-12
-3.96631e-12
-3.33481e-12
1.2649e-11
-2.00241e-11
2.17797e-11
-1.56297e-11
2.02767e-12
1.40957e-11
-2.52921e-11
2.62279e-11
-1.80674e-11
6.90458e-12
1.78849e-12
-8.16701e-12
1.6463e-11
-2.95927e-11
4.46602e-11
-5.46195e-11
5.31493e-11
-3.93354e-11
1.82165e-11
1.10717e-12
-9.80245e-12
3.76908e-12
1.28585e-11
-2.97766e-11
3.71426e-11
-3.26893e-11
2.17013e-11
-1.10354e-11
2.71822e-12
5.7469e-12
-1.70363e-11
3.03078e-11
-4.22984e-11
4.95947e-11
-5.03169e-11
4.41115e-11
-3.30476e-11
2.14438e-11
-1.41864e-11
1.31263e-11
-1.60709e-11
1.87029e-11
-1.82941e-11
1.45656e-11
-8.69424e-12
1.84599e-12
4.0656e-12
-6.39601e-12
3.36639e-12
2.85257e-12
-6.59786e-12
2.72683e-12
8.31746e-12
-2.0621e-11
2.72452e-11
-2.55524e-11
1.77893e-11
-8.56312e-12
1.37552e-12
2.55931e-12
-4.81252e-12
8.38829e-12
-1.5108e-11
2.19409e-11
-2.16473e-11
8.31345e-12
1.56192e-11
-3.93523e-11
5.08983e-11
-4.59243e-11
2.94814e-11
-1.13557e-11
-6.32755e-13
3.46415e-12
1.03743e-12
-8.47871e-12
1.44576e-11
-1.77764e-11
2.07053e-11
-2.60868e-11
3.2609e-11
-3.44261e-11
2.54694e-11
-5.45393e-12
-1.93346e-11
4.01043e-11
-5.12584e-11
5.20148e-11
-4.51404e-11
3.45317e-11
-2.45378e-11
1.87483e-11
-1.86198e-11
2.21648e-11
-2.57769e-11
2.69225e-11
-2.58117e-11
2.36203e-11
-2.08658e-11
1.71397e-11
-1.25574e-11
7.23481e-12
-3.39526e-13
-9.6855e-12
2.19568e-11
-3.20707e-11
3.49917e-11
-3.04606e-11
2.37191e-11
-2.11301e-11
2.43289e-11
-2.95785e-11
3.10258e-11
-2.50847e-11
1.21123e-11
3.14233e-12
-1.34439e-11
1.2764e-11
-1.44574e-12
-1.29844e-11
2.07307e-11
-1.7722e-11
8.11404e-12
1.38865e-13
-2.87543e-12
2.22314e-12
-3.54479e-12
9.75158e-12
-1.89223e-11
2.51564e-11
-2.23891e-11
8.0864e-12
1.37175e-11
-3.34795e-11
4.09777e-11
-3.23469e-11
1.25974e-11
8.05284e-12
-2.1936e-11
2.78507e-11
-2.93006e-11
2.92043e-11
-2.77444e-11
2.3485e-11
-1.6078e-11
6.76731e-12
1.60782e-12
-5.31042e-12
6.54197e-13
1.28314e-11
-3.05316e-11
4.42379e-11
-4.76681e-11
3.98891e-11
-2.45358e-11
5.88656e-12
1.25109e-11
-2.74196e-11
3.5708e-11
-3.6819e-11
3.35893e-11
-3.01399e-11
2.79851e-11
-2.5937e-11
2.27397e-11
-1.96113e-11
1.88722e-11
-2.18858e-11
2.79631e-11
-3.52413e-11
4.04813e-11
-3.95336e-11
2.92728e-11
-1.14456e-11
-7.04244e-12
1.8422e-11
-2.04963e-11
1.78712e-11
-1.77146e-11
2.34243e-11
-3.27916e-11
4.02086e-11
-4.11051e-11
3.45013e-11
-2.39895e-11
1.56954e-11
-1.46426e-11
2.03219e-11
-2.64923e-11
2.57035e-11
-1.62368e-11
3.84891e-12
2.92752e-12
-6.19956e-13
-6.50033e-12
9.93213e-12
-3.82537e-12
-1.1444e-11
2.95685e-11
-4.21899e-11
4.314e-11
-3.25303e-11
1.69409e-11
-5.313e-12
1.87853e-12
-3.49563e-12
3.46684e-12
9.67905e-13
-6.17083e-12
5.87732e-12
2.41533e-12
-1.55517e-11
2.67433e-11
-2.95878e-11
2.07565e-11
-2.44185e-12
-1.78036e-11
3.04704e-11
-3.05891e-11
2.06708e-11
-7.81432e-12
-2.91796e-12
1.09667e-11
-1.79136e-11
2.34904e-11
-2.55682e-11
2.20282e-11
-1.24497e-11
-2.22113e-12
1.90202e-11
-3.27599e-11
3.74249e-11
-3.05502e-11
1.54596e-11
5.68599e-13
-1.14143e-11
1.44725e-11
-1.00547e-11
-5.06464e-13
1.4488e-11
-2.78327e-11
3.6488e-11
-3.90668e-11
3.65729e-11
-3.03044e-11
1.99572e-11
-5.31267e-12
-1.17142e-11
2.66618e-11
-3.52029e-11
3.50848e-11
-2.70102e-11
1.40772e-11
-1.79067e-12
-3.7199e-12
-1.222e-12
1.45099e-11
-2.94484e-11
3.93127e-11
-4.21512e-11
4.04298e-11
-3.74835e-11
3.38809e-11
-2.7794e-11
1.70412e-11
-1.55223e-12
-1.60147e-11
3.02778e-11
-3.55916e-11
2.97058e-11
-1.71141e-11
6.98428e-12
-6.95054e-12
1.69938e-11
-3.02488e-11
3.88641e-11
-4.00761e-11
3.65425e-11
-3.31318e-11
3.27778e-11
-3.48576e-11
3.50299e-11
-2.80355e-11
1.1885e-11
8.50614e-12
-2.3769e-11
2.70677e-11
-2.03657e-11
1.25374e-11
-1.20033e-11
2.01313e-11
-3.17612e-11
3.97661e-11
-4.00522e-11
3.3348e-11
-2.50718e-11
2.19006e-11
-2.6869e-11
3.55088e-11
-3.87953e-11
3.06597e-11
-1.39654e-11
-2.25081e-12
1.0467e-11
-1.05195e-11
8.01971e-12
-9.44783e-12
1.75794e-11
-3.02905e-11
4.11755e-11
-4.34209e-11
3.48517e-11
-2.12189e-11
1.23008e-11
-1.40777e-11
2.34582e-11
-3.18036e-11
3.23731e-11
-2.52121e-11
1.51477e-11
-7.50872e-12
4.4921e-12
-4.41361e-12
2.27546e-12
6.64421e-12
-2.24121e-11
3.82333e-11
-4.5063e-11
3.88861e-11
-2.4555e-11
1.1385e-11
-6.13726e-12
9.01085e-12
-1.5746e-11
2.11998e-11
-2.24398e-11
1.96654e-11
-1.6202e-11
1.55281e-11
-1.76325e-11
1.7447e-11
-9.20592e-12
-7.77059e-12
2.69784e-11
-3.96357e-11
4.07224e-11
-3.17547e-11
1.83036e-11
-6.70545e-12
1.07896e-12
-2.08809e-12
6.58459e-12
-1.03768e-11
1.17234e-11
-1.30099e-11
1.72731e-11
-2.39631e-11
2.7909e-11
-2.37417e-11
1.02167e-11
8.56301e-12
-2.60751e-11
3.62988e-11
-3.62714e-11
2.70722e-11
-1.38882e-11
2.89473e-12
2.46537e-12
-3.37917e-12
2.72961e-12
-1.54071e-12
-2.05702e-12
9.6216e-12
-1.98909e-11
2.86768e-11
-3.15626e-11
2.57451e-11
-1.15281e-11
-7.40842e-12
2.44221e-11
-3.32658e-11
3.16473e-11
-2.26835e-11
1.16345e-11
-2.20304e-12
-4.91837e-12
9.83079e-12
-1.19345e-11
9.90247e-12
-3.25189e-12
-7.37418e-12
1.97666e-11
-3.01933e-11
3.36934e-11
-2.70166e-11
1.1348e-11
7.2973e-12
-2.20377e-11
2.88765e-11
-2.79614e-11
2.13933e-11
-1.17208e-11
1.21927e-12
7.8877e-12
-1.4253e-11
1.70779e-11
-1.54859e-11
8.02018e-12
5.17623e-12
-2.05823e-11
3.1822e-11
-3.38001e-11
2.56337e-11
-1.07991e-11
-5.70556e-12
1.91773e-11
-2.64653e-11
2.63787e-11
-2.04327e-11
1.14766e-11
-1.8328e-12
-7.84651e-12
1.66237e-11
-2.18427e-11
1.98829e-11
-9.64841e-12
-6.01282e-12
2.14816e-11
-3.15333e-11
3.28524e-11
-2.50726e-11
1.20974e-11
-2.39648e-12
-3.43332e-13
3.14862e-13
4.19902e-14
2.64919e-14
4.08174e-15
0
