0
2.53495e-16
3.25878e-15
2.91506e-14
1.05598e-13
-1.18541e-12
6.80239e-12
-1.14679e-11
2.15022e-12
1.01326e-11
-1.24416e-12
-1.91669e-11
2.09515e-11
-2.83903e-12
-5.48472e-12
-6.95105e-12
1.46567e-11
1.07216e-12
-1.96973e-11
1.48841e-11
2.30233e-12
-2.01697e-12
-1.43482e-11
1.66865e-11
3.21129e-12
-1.699e-11
6.18223e-12
7.59079e-12
1.13885e-12
-1.89241e-11
1.55753e-11
5.36721e-12
-1.18758e-11
-3.86373e-12
1.26111e-11
3.11388e-12
-1.96066e-11
1.08949e-11
7.97065e-12
-5.65786e-12
-1.3603e-11
1.66675e-11
3.48657e-12
-1.59286e-11
2.63015e-12
1.14633e-11
9.2866e-14
-2.11515e-11
1.88275e-11
2.34065e-12
-8.19411e-12
-8.60808e-12
1.60987e-11
3.7536e-12
-2.46505e-11
1.8124e-11
2.39897e-13
2.42134e-12
-2.1488e-11
2.18272e-11
3.93072e-12
-2.26733e-11
1.38341e-11
-1.81236e-12
1.38639e-11
-3.40359e-11
2.82628e-11
-1.88864e-13
-1.46972e-11
5.73671e-12
-2.46957e-12
2.34479e-11
-4.39791e-11
3.47007e-11
-8.43486e-12
-1.49907e-12
-5.75124e-12
-2.50307e-13
2.84093e-11
-4.92699e-11
4.01337e-11
-1.93561e-11
1.4751e-11
-1.9604e-11
6.07267e-12
2.67142e-11
-4.86471e-11
4.32769e-11
-3.02315e-11
3.08358e-11
-3.43423e-11
1.69036e-11
1.79045e-11
-4.20118e-11
4.26546e-11
-3.7577e-11
4.32776e-11
-4.8204e-11
3.12228e-11
3.61628e-12
-3.04832e-11
3.69294e-11
-3.82105e-11
4.93378e-11
-5.92482e-11
4.6284e-11
-1.25864e-11
-1.61257e-11
2.55257e-11
-3.0581e-11
4.78514e-11
-6.54566e-11
5.79976e-11
-2.61765e-11
-1.54308e-12
9.458e-12
-1.58235e-11
3.95364e-11
-6.50155e-11
6.21854e-11
-3.31668e-11
1.04637e-11
-8.10454e-12
2.13265e-12
2.66899e-11
-5.70089e-11
5.64317e-11
-3.15188e-11
1.71277e-11
-2.21368e-11
1.77109e-11
1.25171e-11
-4.24348e-11
4.16928e-11
-2.17985e-11
1.60749e-11
-2.7319e-11
2.57885e-11
4.74022e-13
-2.49668e-11
2.26221e-11
-6.82911e-12
6.16174e-12
-2.05213e-11
2.37463e-11
-6.15105e-12
-1.05845e-11
6.03815e-12
9.32367e-12
-1.12736e-11
-2.97549e-12
1.24246e-11
-4.76273e-12
-5.45055e-12
-1.96444e-12
2.23455e-11
-3.15093e-11
1.94042e-11
-4.43838e-12
5.48334e-12
-1.26217e-11
1.23216e-12
2.83678e-11
-4.72024e-11
3.83251e-11
-2.17073e-11
2.21702e-11
-2.94521e-11
1.37469e-11
2.47188e-11
-5.14456e-11
4.70692e-11
-3.42745e-11
3.88931e-11
-4.78718e-11
3.03182e-11
1.13435e-11
-4.19763e-11
4.37337e-11
-3.8e-11
4.69783e-11
-5.81194e-11
4.44824e-11
-7.52841e-12
-2.36549e-11
3.17553e-11
-3.08144e-11
4.00015e-11
-5.3914e-11
5.0377e-11
-2.33423e-11
-6.63859e-12
1.77514e-11
-1.45593e-11
1.87112e-11
-3.56521e-11
4.39845e-11
-2.67259e-11
-6.00731e-13
8.60411e-12
3.6309e-12
-7.80727e-12
-9.60173e-12
2.4783e-11
-1.36753e-11
-8.85216e-12
9.42576e-12
1.31346e-11
-2.68624e-11
1.55884e-11
-2.12012e-12
1.00877e-11
-2.66778e-11
2.20047e-11
6.0434e-12
-3.00517e-11
3.22107e-11
-2.59589e-11
3.13722e-11
-4.45629e-11
4.26372e-11
-1.58146e-11
-1.82487e-11
3.55361e-11
-3.53816e-11
3.80872e-11
-5.30218e-11
6.08694e-11
-3.97731e-11
-7.8205e-14
2.59303e-11
-2.70511e-11
2.74972e-11
-4.59157e-11
6.31707e-11
-5.01857e-11
1.37376e-11
1.10054e-11
-1.02677e-11
7.32822e-12
-2.27702e-11
4.23635e-11
-3.95442e-11
1.52041e-11
3.78428e-12
-1.09602e-12
-1.01484e-11
8.71585e-12
5.7107e-12
-1.31707e-11
1.82474e-12
1.37212e-11
-9.44533e-12
-1.49344e-11
3.3259e-11
-2.80969e-11
1.57629e-11
-2.08328e-11
3.6307e-11
-3.09584e-11
-3.25866e-12
3.66017e-11
-4.2876e-11
3.4554e-11
-3.86575e-11
5.33606e-11
-5.08882e-11
1.96528e-11
1.84381e-11
-3.69693e-11
3.62995e-11
-3.66943e-11
4.75614e-11
-5.44593e-11
3.85812e-11
-4.32788e-12
-2.19239e-11
2.2959e-11
-1.33503e-11
1.78784e-11
-3.45388e-11
3.56975e-11
-1.15394e-11
-1.17118e-11
6.98936e-12
1.39604e-11
-1.98259e-11
4.43119e-12
6.6687e-12
1.90206e-12
-1.40118e-11
4.9312e-12
2.29845e-11
-4.54252e-11
4.47532e-11
-3.06869e-11
2.30645e-11
-2.64078e-11
2.09255e-11
8.00428e-12
-4.64893e-11
6.27041e-11
-5.02112e-11
3.39854e-11
-3.50505e-11
3.71741e-11
-1.55376e-11
-2.41681e-11
4.79428e-11
-4.15724e-11
2.46049e-11
-2.19565e-11
2.92398e-11
-2.60338e-11
4.67823e-12
1.645e-11
-1.7053e-11
-1.71664e-12
1.5366e-11
-7.03975e-12
-1.17681e-11
1.5844e-11
-4.41294e-12
3.48732e-12
-2.71972e-11
5.26044e-11
-4.94296e-11
2.18e-11
6.31684e-13
-4.54418e-12
8.5024e-12
-2.96348e-11
5.87373e-11
-6.90426e-11
5.12783e-11
-2.06892e-11
2.41811e-12
9.80833e-13
-6.3522e-12
2.8839e-11
-5.1259e-11
4.89456e-11
-2.02234e-11
-1.44058e-12
-1.86123e-12
1.59607e-11
-1.17227e-11
-5.03332e-12
1.16213e-11
4.68711e-12
-2.08162e-11
1.66873e-11
9.81963e-12
-3.28255e-11
3.83057e-11
-2.96419e-11
3.07537e-11
-4.25885e-11
4.63734e-11
-1.89504e-11
-2.23682e-11
4.71579e-11
-4.2554e-11
3.51776e-11
-4.1474e-11
5.12364e-11
-3.82308e-11
5.43097e-12
2.36561e-11
-2.75286e-11
1.41844e-11
-5.11956e-12
1.27054e-11
-2.35567e-11
1.76933e-11
1.42532e-12
-8.01942e-12
-1.34064e-11
3.96502e-11
-4.26764e-11
2.04426e-11
-3.32672e-12
8.79374e-13
-1.41999e-12
-1.90612e-11
4.91101e-11
-6.99144e-11
5.85322e-11
-3.21578e-11
7.85187e-12
-5.43714e-12
4.39763e-13
1.65333e-11
-4.67527e-11
5.05251e-11
-3.02962e-11
4.76827e-13
4.78894e-14
1.07944e-11
-2.09732e-11
8.00156e-12
-6.80062e-13
2.47544e-12
-2.35494e-11
2.73822e-11
-1.15866e-11
-2.6743e-11
4.4768e-11
-4.47534e-11
3.24743e-11
-4.17258e-11
4.91333e-11
-4.06273e-11
7.73942e-13
3.24217e-11
-4.55795e-11
3.27215e-11
-2.46571e-11
2.59796e-11
-3.4056e-11
2.46049e-11
-9.19438e-13
-1.69704e-11
6.66786e-12
1.99091e-11
-2.98976e-11
1.53797e-11
6.90851e-12
-9.5859e-12
8.01346e-12
-1.32643e-11
4.23702e-11
-6.20525e-11
6.57266e-11
-3.30322e-11
6.62036e-12
1.32327e-11
-5.61336e-12
2.01991e-11
-3.52339e-11
5.87811e-11
-3.68708e-11
1.5124e-11
1.29439e-11
3.81719e-12
-1.02964e-11
2.65545e-11
-5.7138e-12
7.91118e-12
-2.38267e-12
2.76624e-11
-1.10447e-11
-8.76596e-12
5.69735e-11
-5.51898e-11
5.29071e-11
-2.60384e-11
3.66978e-11
-2.45524e-11
1.89202e-11
2.45363e-11
-3.97761e-11
4.94137e-11
-1.66403e-11
6.50479e-12
-1.829e-12
2.39027e-11
-1.81807e-11
9.97341e-12
5.16202e-13
1.93537e-11
-3.93925e-11
4.38413e-11
-1.95758e-11
-1.5802e-11
3.35323e-11
-3.78413e-11
2.97591e-11
-4.75106e-11
5.3071e-11
-5.53993e-11
9.85713e-12
1.02884e-11
-3.31914e-11
2.40863e-12
-7.77135e-12
-9.08474e-12
-2.44819e-11
4.26489e-12
-1.71856e-11
-1.80455e-11
-2.4369e-11
2.78861e-11
-7.83008e-11
3.53389e-11
-3.98436e-11
-1.37492e-11
-1.61711e-11
-2.44211e-11
6.06148e-12
-6.79274e-11
4.05944e-11
-5.98877e-11
-1.04751e-11
-1.07168e-11
-1.65397e-11
-3.74107e-11
1.56869e-12
-2.53764e-11
-1.41281e-11
-2.99717e-11
9.01802e-12
-3.11279e-11
-3.03619e-11
3.90866e-11
-7.55266e-11
3.79897e-11
-3.92877e-11
1.90562e-11
-3.51228e-11
1.167e-11
8.91322e-12
-3.51028e-11
3.25637e-11
-5.30685e-12
-8.25292e-12
1.72466e-11
2.10149e-11
-1.77666e-11
4.07385e-11
-5.61703e-12
4.81598e-11
-2.88545e-11
7.70453e-11
-7.43591e-12
2.01985e-11
6.60114e-11
-8.90281e-12
6.02326e-11
1.59679e-11
6.54629e-11
5.62567e-12
6.21152e-11
4.4781e-11
3.50226e-11
3.76664e-11
8.30675e-11
8.92939e-14
8.23412e-11
4.51414e-11
3.73615e-11
6.52965e-11
3.30557e-11
8.78523e-11
-9.1512e-12
1.11334e-10
1.29467e-11
5.07954e-11
6.05047e-11
4.04807e-11
2.98675e-11
5.93392e-11
3.31521e-11
3.32355e-11
2.97695e-11
4.42258e-11
2.27736e-11
-3.36343e-12
7.93704e-11
-5.35572e-11
6.20467e-11
-1.5201e-11
1.06064e-11
-1.27878e-11
1.66796e-12
-4.99251e-12
-4.35282e-11
1.86986e-12
-3.2117e-11
-5.20833e-11
-2.24024e-11
-3.56291e-11
-9.15974e-11
-3.98039e-12
-1.04113e-10
-3.48443e-11
-1.06886e-10
-3.95826e-11
-1.06716e-10
-9.45284e-11
-5.48393e-11
-1.38916e-10
-7.85556e-11
-9.99651e-11
-1.16019e-10
-1.18691e-10
-8.85001e-11
-1.41211e-10
-9.706e-11
-1.43408e-10
-7.7485e-11
-1.76555e-10
-7.31513e-11
-1.3072e-10
-1.45216e-10
-7.64534e-11
-1.42736e-10
-9.85773e-11
-1.2089e-10
-8.32414e-11
-1.23679e-10
-8.233e-11
-8.92347e-11
-7.78213e-11
-1.09081e-10
-1.00327e-11
-1.19688e-10
-2.34561e-11
-4.07621e-11
-5.51195e-11
-5.91503e-12
-3.25126e-11
2.07824e-11
-3.29263e-11
5.41923e-11
1.33246e-11
3.12182e-11
5.98487e-11
8.06315e-11
2.8563e-11
1.43076e-10
5.87927e-11
1.26841e-10
1.19383e-10
1.36543e-10
1.49036e-10
1.31244e-10
2.14478e-10
1.27216e-10
2.14251e-10
1.97882e-10
1.91986e-10
2.08265e-10
2.52689e-10
1.80418e-10
2.70674e-10
2.1211e-10
2.63711e-10
2.19616e-10
2.64891e-10
2.55796e-10
2.08196e-10
3.02901e-10
2.06142e-10
2.51555e-10
2.47056e-10
2.33697e-10
2.0609e-10
2.54006e-10
1.7898e-10
2.27023e-10
1.61949e-10
2.19862e-10
1.23896e-10
1.69782e-10
1.5786e-10
7.48373e-11
1.47469e-10
6.79023e-11
6.60284e-11
5.12294e-11
4.33233e-11
-1.74102e-11
1.15233e-11
-5.30925e-11
-2.85321e-11
-1.24096e-10
-4.25167e-11
-1.67271e-10
-1.37482e-10
-1.39991e-10
-2.27357e-10
-1.91478e-10
-2.33855e-10
-2.59096e-10
-2.81778e-10
-2.77877e-10
-3.31674e-10
-3.21227e-10
-3.66683e-10
-3.2611e-10
-4.44756e-10
-3.31034e-10
-4.42892e-10
-4.20221e-10
-4.04615e-10
-4.53236e-10
-4.4401e-10
-4.34485e-10
-4.54117e-10
-4.57308e-10
-4.4146e-10
-4.48606e-10
-4.38829e-10
-4.59124e-10
-3.73047e-10
-4.87739e-10
-3.46731e-10
-4.12018e-10
-3.80144e-10
-3.44789e-10
-3.30322e-10
-3.33931e-10
-2.69129e-10
-2.74724e-10
-2.34427e-10
-2.1863e-10
-1.6659e-10
-1.4837e-10
-1.48249e-10
-2.27433e-11
-1.1346e-10
2.6945e-11
1.50898e-11
5.1429e-11
9.24698e-11
1.57558e-10
1.36447e-10
2.37504e-10
2.24833e-10
3.02678e-10
2.91741e-10
3.78747e-10
3.89189e-10
3.89311e-10
5.10073e-10
4.43353e-10
5.32744e-10
5.55813e-10
5.63961e-10
5.83885e-10
6.57461e-10
5.97886e-10
6.95739e-10
6.44159e-10
7.23476e-10
6.60278e-10
7.37121e-10
7.11162e-10
6.88084e-10
7.48937e-10
6.98623e-10
6.8877e-10
7.25019e-10
6.70147e-10
6.50502e-10
6.91478e-10
5.84638e-10
6.40714e-10
5.45347e-10
5.8566e-10
4.75772e-10
5.09018e-10
4.38875e-10
3.90501e-10
3.67278e-10
3.39972e-10
2.23373e-10
2.70979e-10
1.54516e-10
1.0706e-10
1.07946e-10
-1.50978e-11
-1.4276e-11
-1.06523e-10
-1.21665e-10
-2.26214e-10
-2.34033e-10
-3.14638e-10
-3.60127e-10
-4.35237e-10
-4.17259e-10
-5.86323e-10
-5.11463e-10
-6.36482e-10
-6.73798e-10
-6.80751e-10
-7.55985e-10
-7.94232e-10
-8.04886e-10
-8.6026e-10
-8.88212e-10
-9.03255e-10
-9.38046e-10
-9.44741e-10
-9.98975e-10
-9.27393e-10
-1.05483e-09
-9.49949e-10
-1.0078e-09
-1.00522e-09
-9.76844e-10
-9.5506e-10
-1.00433e-09
-8.87285e-10
-9.50554e-10
-8.73337e-10
-8.59193e-10
-8.19302e-10
-7.81786e-10
-7.52702e-10
-6.6536e-10
-6.76899e-10
-5.78169e-10
-5.29128e-10
-4.98533e-10
-4.2132e-10
-3.20439e-10
-3.60525e-10
-1.61365e-10
-2.02045e-10
-7.86207e-11
-2.31531e-11
5.59942e-11
9.85347e-11
2.12781e-10
2.43517e-10
3.42527e-10
3.80587e-10
4.95779e-10
5.08267e-10
6.02049e-10
6.93588e-10
6.71174e-10
8.25545e-10
8.23647e-10
8.76747e-10
9.55451e-10
9.93117e-10
9.89264e-10
1.12037e-09
1.05185e-09
1.16523e-09
1.13047e-09
1.20436e-09
1.16737e-09
1.22404e-09
1.21261e-09
1.20862e-09
1.20908e-09
1.23477e-09
1.14803e-09
1.21251e-09
1.15296e-09
1.09137e-09
1.14767e-09
1.02291e-09
1.02983e-09
9.83043e-10
9.22961e-10
8.5845e-10
8.48716e-10
7.22959e-10
7.25629e-10
5.95611e-10
6.00229e-10
4.40443e-10
4.5263e-10
3.24782e-10
2.51065e-10
1.96591e-10
1.12019e-10
-1.61312e-11
-2.19497e-12
-1.76223e-10
-2.1477e-10
-2.66853e-10
-4.12951e-10
-4.2775e-10
-5.31742e-10
-6.03541e-10
-6.7633e-10
-7.24147e-10
-8.26006e-10
-8.50539e-10
-9.47666e-10
-9.50241e-10
-1.08601e-09
-1.0247e-09
-1.1677e-09
-1.15365e-09
-1.18657e-09
-1.23797e-09
-1.27119e-09
-1.22181e-09
-1.34836e-09
-1.25354e-09
-1.30856e-09
-1.31688e-09
-1.27116e-09
-1.28969e-09
-1.27019e-09
-1.23626e-09
-1.21532e-09
-1.19293e-09
-1.14172e-09
-1.11254e-09
-1.0522e-09
-1.04387e-09
-9.08671e-10
-9.59678e-10
-8.04628e-10
-7.85368e-10
-7.24375e-10
-6.37422e-10
-5.41746e-10
-5.55259e-10
-3.50794e-10
-3.89815e-10
-2.47356e-10
-1.75716e-10
-1.09806e-10
-3.03354e-11
7.97227e-11
1.15367e-10
2.3164e-10
2.88008e-10
3.79102e-10
4.38042e-10
5.2047e-10
6.08551e-10
6.20187e-10
7.64987e-10
7.61317e-10
8.39467e-10
9.17515e-10
9.44257e-10
9.676e-10
1.10213e-09
1.00827e-09
1.16137e-09
1.12683e-09
1.16174e-09
1.18816e-09
1.22279e-09
1.17185e-09
1.26331e-09
1.18313e-09
1.23747e-09
1.18703e-09
1.20926e-09
1.1571e-09
1.15342e-09
1.13085e-09
1.07735e-09
1.0521e-09
1.03544e-09
9.37296e-10
9.39107e-10
8.87668e-10
7.68162e-10
8.15445e-10
6.66167e-10
6.38204e-10
5.93671e-10
4.97337e-10
4.20038e-10
4.21921e-10
2.41383e-10
2.78778e-10
1.3471e-10
1.0163e-10
5.01526e-12
-2.90617e-11
-1.49467e-10
-1.6298e-10
-2.80028e-10
-2.96215e-10
-4.21308e-10
-4.07331e-10
-5.37991e-10
-5.55917e-10
-6.02333e-10
-6.89362e-10
-7.14884e-10
-7.33243e-10
-8.47378e-10
-8.061e-10
-8.72232e-10
-9.41104e-10
-8.79283e-10
-9.854e-10
-9.6757e-10
-9.64324e-10
-1.00958e-09
-1.00836e-09
-9.65465e-10
-1.04688e-09
-9.50942e-10
-1.01019e-09
-9.49885e-10
-9.70633e-10
-9.04559e-10
-9.30744e-10
-8.54295e-10
-8.65058e-10
-7.83922e-10
-8.14611e-10
-6.82081e-10
-7.36296e-10
-6.243e-10
-5.95607e-10
-5.64853e-10
-5.03093e-10
-4.15763e-10
-4.53154e-10
-2.90094e-10
-3.10175e-10
-2.49718e-10
-1.42932e-10
-1.48134e-10
-7.39784e-11
1.77829e-11
5.15669e-12
1.05499e-10
1.6161e-10
1.59518e-10
2.78029e-10
2.72313e-10
3.43083e-10
3.76603e-10
4.33624e-10
4.41761e-10
5.20178e-10
5.11069e-10
5.87396e-10
5.6001e-10
6.61439e-10
5.98329e-10
6.92542e-10
6.68978e-10
6.92698e-10
6.9659e-10
7.47914e-10
6.57859e-10
7.86344e-10
6.76268e-10
7.24552e-10
7.26328e-10
6.88563e-10
6.71851e-10
7.25243e-10
5.9427e-10
6.8446e-10
6.06044e-10
5.74879e-10
5.90619e-10
5.36274e-10
4.87921e-10
5.16259e-10
4.18977e-10
4.21411e-10
3.92065e-10
3.25052e-10
3.2126e-10
2.66074e-10
2.35447e-10
1.90795e-10
1.67842e-10
1.11082e-10
9.00801e-11
3.76558e-11
2.76641e-11
-5.96797e-11
-1.99289e-11
-1.31888e-10
-1.12951e-10
-1.59372e-10
-1.96914e-10
-2.37066e-10
-2.04444e-10
-3.41897e-10
-2.41548e-10
-3.55086e-10
-3.47535e-10
-3.51143e-10
-3.79631e-10
-4.37559e-10
-3.44969e-10
-4.93533e-10
-3.91904e-10
-4.48636e-10
-4.62396e-10
-4.45926e-10
-4.31903e-10
-5.05236e-10
-3.94544e-10
-4.91435e-10
-4.30322e-10
-4.31301e-10
-4.35887e-10
-4.26796e-10
-3.82106e-10
-4.26096e-10
-3.54596e-10
-3.76768e-10
-3.44859e-10
-3.30485e-10
-3.08635e-10
-2.9479e-10
-2.71266e-10
-2.47186e-10
-2.30581e-10
-2.1163e-10
-1.74605e-10
-1.68478e-10
-1.47338e-10
-9.10041e-11
-1.27735e-10
-4.63514e-11
-5.29637e-11
-4.12971e-11
8.49033e-12
2.34427e-11
-2.09246e-12
1.12674e-10
2.59072e-11
1.14182e-10
1.20661e-10
1.09471e-10
1.42309e-10
1.96215e-10
1.06621e-10
2.50974e-10
1.58128e-10
2.10142e-10
2.32503e-10
2.20628e-10
2.03251e-10
2.99168e-10
1.73345e-10
2.97359e-10
2.32297e-10
2.44985e-10
2.56508e-10
2.70083e-10
2.02234e-10
3.07738e-10
1.92173e-10
2.6649e-10
2.27619e-10
2.28789e-10
2.07535e-10
2.4482e-10
1.61742e-10
2.36665e-10
1.57962e-10
1.92246e-10
1.55156e-10
1.68868e-10
1.23867e-10
1.55533e-10
9.84764e-11
1.27963e-10
7.82241e-11
1.0398e-10
5.29101e-11
7.52628e-11
4.12834e-11
3.73102e-11
2.24126e-11
2.52338e-11
-2.10694e-11
1.76312e-11
-3.5788e-11
-3.15552e-11
-2.17626e-11
-6.64172e-11
-5.51048e-11
-4.6173e-11
-1.04176e-10
-5.89638e-11
-8.37202e-11
-1.22572e-10
-6.25141e-11
-1.24739e-10
-1.1708e-10
-8.27018e-11
-1.42672e-10
-1.17941e-10
-8.76949e-11
-1.71892e-10
-8.39717e-11
-1.30824e-10
-1.45754e-10
-9.34301e-11
-1.2844e-10
-1.49623e-10
-6.19072e-11
-1.69099e-10
-8.74494e-11
-9.90228e-11
-1.32091e-10
-8.87461e-11
-7.46474e-11
-1.47495e-10
-2.50919e-11
-1.23419e-10
-7.22461e-11
-5.2644e-11
-8.1731e-11
-7.46891e-11
-6.17231e-12
-1.14047e-10
9.23511e-12
-5.76908e-11
-3.97921e-11
-1.15601e-11
-1.2945e-11
-5.39178e-11
5.31632e-11
-6.19203e-11
3.54298e-11
3.04158e-12
3.09761e-12
1.40613e-11
5.1688e-11
-2.93394e-11
8.93051e-11
-9.21124e-12
5.29808e-11
4.1466e-11
4.50599e-11
2.31698e-11
9.45639e-11
-6.17363e-12
9.9771e-11
2.79109e-11
6.25795e-11
5.21216e-11
7.45063e-11
1.95655e-11
1.08526e-10
9.11332e-12
9.01452e-11
4.101e-11
6.41095e-11
3.95833e-11
8.44158e-11
7.80172e-12
9.68615e-11
1.177e-11
6.89145e-11
3.10097e-11
5.71556e-11
1.34686e-11
7.48133e-11
-8.66676e-12
6.93253e-11
1.28335e-12
4.36731e-11
5.79772e-12
4.2673e-11
-1.64232e-11
5.19475e-11
-2.71757e-11
3.70871e-11
-1.81805e-11
1.98271e-11
-2.41694e-11
2.40798e-11
-4.28139e-11
2.50971e-11
-4.47566e-11
9.07699e-12
-3.95406e-11
1.12555e-12
-4.98335e-11
6.79048e-12
-6.12904e-11
2.89517e-12
-5.76468e-11
-9.31352e-12
-5.56882e-11
-9.38636e-12
-6.56025e-11
-3.61726e-12
-6.93576e-11
-9.17286e-12
-6.20337e-11
-1.56533e-11
-6.20337e-11
-9.17277e-12
-6.93577e-11
-3.6172e-12
-6.56025e-11
-9.38639e-12
-5.56882e-11
-9.31357e-12
-5.76468e-11
2.89519e-12
-6.12904e-11
6.7905e-12
-4.98334e-11
1.12547e-12
-3.95405e-11
9.0769e-12
-4.47566e-11
2.50972e-11
-4.28141e-11
2.40801e-11
-2.41696e-11
1.98271e-11
-1.81804e-11
3.70868e-11
-2.71753e-11
5.19471e-11
-1.6423e-11
4.2673e-11
5.79742e-12
4.36735e-11
1.28288e-12
6.93257e-11
-8.66689e-12
7.48132e-11
1.34689e-11
5.71551e-11
3.10101e-11
6.89143e-11
1.17701e-11
9.68617e-11
7.80136e-12
8.44162e-11
3.95831e-11
6.41095e-11
4.10101e-11
9.0145e-11
9.11332e-12
1.08526e-10
1.95652e-11
7.45066e-11
5.21216e-11
6.25791e-11
2.79115e-11
9.97703e-11
-6.17322e-12
9.45639e-11
2.31694e-11
4.50606e-11
4.14653e-11
5.29813e-11
-9.21134e-12
8.93049e-11
-2.9339e-11
5.16875e-11
1.40616e-11
3.09738e-12
3.04168e-12
3.54298e-11
-6.19204e-11
5.31633e-11
-5.39181e-11
-1.29447e-11
-1.15604e-11
-3.97919e-11
-5.76907e-11
9.23476e-12
-1.14047e-10
-6.1727e-12
-7.46889e-11
-8.17308e-11
-5.26444e-11
-7.22457e-11
-1.23419e-10
-2.50919e-11
-1.47494e-10
-7.46477e-11
-8.87459e-11
-1.32091e-10
-9.90229e-11
-8.74493e-11
-1.69099e-10
-6.19074e-11
-1.49623e-10
-1.2844e-10
-9.34302e-11
-1.45754e-10
-1.30824e-10
-8.39715e-11
-1.71892e-10
-8.76951e-11
-1.17941e-10
-1.42672e-10
-8.27016e-11
-1.1708e-10
-1.24739e-10
-6.25137e-11
-1.22572e-10
-8.372e-11
-5.89639e-11
-1.04176e-10
-4.61726e-11
-5.51053e-11
-6.64168e-11
-2.17628e-11
-3.15552e-11
-3.57878e-11
1.76309e-11
-2.10691e-11
2.52335e-11
2.24128e-11
3.73101e-11
4.12836e-11
7.52626e-11
5.29101e-11
1.0398e-10
7.82237e-11
1.27964e-10
9.84757e-11
1.55533e-10
1.23867e-10
1.68868e-10
1.55157e-10
1.92246e-10
1.57962e-10
2.36664e-10
1.61743e-10
2.4482e-10
2.07535e-10
2.2879e-10
2.27619e-10
2.6649e-10
1.92173e-10
3.07738e-10
2.02234e-10
2.70083e-10
2.56508e-10
2.44985e-10
2.32297e-10
2.97358e-10
1.73345e-10
2.99168e-10
2.03251e-10
2.20628e-10
2.32503e-10
2.10142e-10
1.58128e-10
2.50975e-10
1.06621e-10
1.96215e-10
1.42309e-10
1.09471e-10
1.20661e-10
1.14182e-10
2.59072e-11
1.12674e-10
-2.09261e-12
2.34429e-11
8.49017e-12
-4.1297e-11
-5.29637e-11
-4.63516e-11
-1.27735e-10
-9.10045e-11
-1.47338e-10
-1.68478e-10
-1.74605e-10
-2.1163e-10
-2.30581e-10
-2.47186e-10
-2.71266e-10
-2.9479e-10
-3.08635e-10
-3.30486e-10
-3.44858e-10
-3.76768e-10
-3.54596e-10
-4.26096e-10
-3.82106e-10
-4.26795e-10
-4.35887e-10
-4.31301e-10
-4.30323e-10
-4.91435e-10
-3.94544e-10
-5.05236e-10
-4.31903e-10
-4.45927e-10
-4.62396e-10
-4.48636e-10
-3.91904e-10
-4.93532e-10
-3.44969e-10
-4.37559e-10
-3.79631e-10
-3.51143e-10
-3.47535e-10
-3.55085e-10
-2.41548e-10
-3.41897e-10
-2.04443e-10
-2.37067e-10
-1.96914e-10
-1.59372e-10
-1.12952e-10
-1.31888e-10
-1.99285e-11
-5.96804e-11
2.76648e-11
3.76555e-11
9.00797e-11
1.11083e-10
1.67841e-10
1.90795e-10
2.35447e-10
2.66073e-10
3.2126e-10
3.25051e-10
3.92066e-10
4.21411e-10
4.18977e-10
5.16259e-10
4.8792e-10
5.36274e-10
5.90619e-10
5.7488e-10
6.06044e-10
6.8446e-10
5.9427e-10
7.25243e-10
6.71851e-10
6.88563e-10
7.26328e-10
7.24552e-10
6.76268e-10
7.86344e-10
6.57859e-10
7.47913e-10
6.96591e-10
6.92698e-10
6.68978e-10
6.92543e-10
5.98329e-10
6.61439e-10
5.60009e-10
5.87396e-10
5.11069e-10
5.20178e-10
4.41761e-10
4.33624e-10
3.76603e-10
3.43083e-10
2.72314e-10
2.78029e-10
1.59518e-10
1.6161e-10
1.055e-10
5.15695e-12
1.77824e-11
-7.39779e-11
-1.48134e-10
-1.42931e-10
-2.49718e-10
-3.10175e-10
-2.90094e-10
-4.53154e-10
-4.15763e-10
-5.03093e-10
-5.64853e-10
-5.95607e-10
-6.243e-10
-7.36296e-10
-6.8208e-10
-8.14612e-10
-7.83922e-10
-8.65057e-10
-8.54295e-10
-9.30744e-10
-9.04559e-10
-9.70633e-10
-9.49885e-10
-1.0102e-09
-9.50942e-10
-1.04688e-09
-9.65466e-10
-1.00836e-09
-1.00958e-09
-9.64324e-10
-9.6757e-10
-9.854e-10
-8.79282e-10
-9.41104e-10
-8.72232e-10
-8.06101e-10
-8.47378e-10
-7.33243e-10
-7.14885e-10
-6.89362e-10
-6.02334e-10
-5.55916e-10
-5.37991e-10
-4.07331e-10
-4.21307e-10
-2.96215e-10
-2.80027e-10
-1.6298e-10
-1.49468e-10
-2.90616e-11
5.0152e-12
1.0163e-10
1.3471e-10
2.78778e-10
2.41383e-10
4.21921e-10
4.20039e-10
4.97337e-10
5.93671e-10
6.38203e-10
6.66167e-10
8.15445e-10
7.68162e-10
8.87669e-10
9.39107e-10
9.37297e-10
1.03544e-09
1.0521e-09
1.07735e-09
1.13085e-09
1.15342e-09
1.1571e-09
1.20926e-09
1.18703e-09
1.23747e-09
1.18313e-09
1.26331e-09
1.17185e-09
1.22279e-09
1.18816e-09
1.16174e-09
1.12683e-09
1.16136e-09
1.00827e-09
1.10213e-09
9.676e-10
9.44257e-10
9.17515e-10
8.39467e-10
7.61317e-10
7.64987e-10
6.20187e-10
6.08551e-10
5.2047e-10
4.38042e-10
3.79102e-10
2.88008e-10
2.3164e-10
1.15367e-10
7.97227e-11
-3.03351e-11
-1.09807e-10
-1.75715e-10
-2.47356e-10
-3.89815e-10
-3.50793e-10
-5.5526e-10
-5.41745e-10
-6.37422e-10
-7.24374e-10
-7.85368e-10
-8.04628e-10
-9.59678e-10
-9.08671e-10
-1.04387e-09
-1.0522e-09
-1.11254e-09
-1.14172e-09
-1.19293e-09
-1.21532e-09
-1.23626e-09
-1.27019e-09
-1.28969e-09
-1.27116e-09
-1.31688e-09
-1.30856e-09
-1.25354e-09
-1.34835e-09
-1.22181e-09
-1.27119e-09
-1.23797e-09
-1.18657e-09
-1.15365e-09
-1.1677e-09
-1.0247e-09
-1.08601e-09
-9.5024e-10
-9.47666e-10
-8.50539e-10
-8.26006e-10
-7.24148e-10
-6.7633e-10
-6.03541e-10
-5.31742e-10
-4.2775e-10
-4.12952e-10
-2.66853e-10
-2.14771e-10
-1.76223e-10
-2.19508e-12
-1.61311e-11
1.12018e-10
1.96591e-10
2.51065e-10
3.24782e-10
4.5263e-10
4.40443e-10
6.0023e-10
5.95611e-10
7.25629e-10
7.22959e-10
8.48715e-10
8.5845e-10
9.2296e-10
9.83043e-10
1.02983e-09
1.02291e-09
1.14767e-09
1.09137e-09
1.15296e-09
1.21251e-09
1.14803e-09
1.23477e-09
1.20908e-09
1.20862e-09
1.21261e-09
1.22404e-09
1.16737e-09
1.20436e-09
1.13047e-09
1.16523e-09
1.05185e-09
1.12037e-09
9.89264e-10
9.93117e-10
9.55451e-10
8.76747e-10
8.23647e-10
8.25545e-10
6.71174e-10
6.93588e-10
6.02049e-10
5.08268e-10
4.95779e-10
3.80587e-10
3.42527e-10
2.43517e-10
2.12781e-10
9.85347e-11
5.59938e-11
-2.31526e-11
-7.86211e-11
-2.02045e-10
-1.61365e-10
-3.60525e-10
-3.20439e-10
-4.2132e-10
-4.98533e-10
-5.29128e-10
-5.78169e-10
-6.769e-10
-6.6536e-10
-7.52702e-10
-7.81786e-10
-8.19302e-10
-8.59194e-10
-8.73337e-10
-9.50554e-10
-8.87285e-10
-1.00433e-09
-9.5506e-10
-9.76844e-10
-1.00522e-09
-1.0078e-09
-9.49949e-10
-1.05483e-09
-9.27393e-10
-9.98975e-10
-9.44741e-10
-9.38046e-10
-9.03256e-10
-8.88212e-10
-8.60259e-10
-8.04887e-10
-7.94232e-10
-7.55985e-10
-6.80751e-10
-6.73798e-10
-6.36482e-10
-5.11463e-10
-5.86322e-10
-4.17259e-10
-4.35238e-10
-3.60126e-10
-3.14639e-10
-2.34032e-10
-2.26214e-10
-1.21665e-10
-1.06523e-10
-1.42762e-11
-1.50976e-11
1.07946e-10
1.0706e-10
1.54516e-10
2.70979e-10
2.23373e-10
3.39972e-10
3.67277e-10
3.90502e-10
4.38875e-10
5.09018e-10
4.75773e-10
5.85659e-10
5.45348e-10
6.40714e-10
5.84637e-10
6.91478e-10
6.50502e-10
6.70146e-10
7.2502e-10
6.88769e-10
6.98623e-10
7.48937e-10
6.88083e-10
7.11162e-10
7.37121e-10
6.60278e-10
7.23476e-10
6.44159e-10
6.95739e-10
5.97887e-10
6.57461e-10
5.83885e-10
5.63961e-10
5.55813e-10
5.32744e-10
4.43353e-10
5.10073e-10
3.89311e-10
3.89189e-10
3.78747e-10
2.91741e-10
3.02678e-10
2.24833e-10
2.37505e-10
1.36447e-10
1.57558e-10
9.24698e-11
5.14291e-11
1.50896e-11
2.69452e-11
-1.1346e-10
-2.27437e-11
-1.48249e-10
-1.48371e-10
-1.6659e-10
-2.1863e-10
-2.34427e-10
-2.74725e-10
-2.69129e-10
-3.33931e-10
-3.30323e-10
-3.44789e-10
-3.80143e-10
-4.12019e-10
-3.46731e-10
-4.8774e-10
-3.73047e-10
-4.59124e-10
-4.38829e-10
-4.48606e-10
-4.4146e-10
-4.57307e-10
-4.54117e-10
-4.34484e-10
-4.44011e-10
-4.53236e-10
-4.04615e-10
-4.20221e-10
-4.42892e-10
-3.31034e-10
-4.44756e-10
-3.2611e-10
-3.66683e-10
-3.21227e-10
-3.31675e-10
-2.77877e-10
-2.81777e-10
-2.59096e-10
-2.33855e-10
-1.91477e-10
-2.27357e-10
-1.39991e-10
-1.37481e-10
-1.67272e-10
-4.25164e-11
-1.24096e-10
-2.85324e-11
-5.30922e-11
1.15232e-11
-1.74102e-11
4.33232e-11
5.12296e-11
6.60281e-11
6.79026e-11
1.47469e-10
7.48371e-11
1.5786e-10
1.69782e-10
1.23896e-10
2.19862e-10
1.61949e-10
2.27023e-10
1.7898e-10
2.54006e-10
2.0609e-10
2.33697e-10
2.47056e-10
2.51554e-10
2.06142e-10
3.02901e-10
2.08196e-10
2.55795e-10
2.64892e-10
2.19616e-10
2.63711e-10
2.1211e-10
2.70673e-10
1.80419e-10
2.52689e-10
2.08265e-10
1.91985e-10
1.97882e-10
2.14251e-10
1.27217e-10
2.14478e-10
1.31244e-10
1.49036e-10
1.36543e-10
1.19383e-10
1.26841e-10
5.87924e-11
1.43076e-10
2.85626e-11
8.06316e-11
5.98488e-11
3.12181e-11
1.33246e-11
5.41925e-11
-3.29265e-11
2.07826e-11
-3.25127e-11
-5.91508e-12
-5.51194e-11
-4.07622e-11
-2.3456e-11
-1.19688e-10
-1.00327e-11
-1.09081e-10
-7.78209e-11
-8.92352e-11
-8.23295e-11
-1.2368e-10
-8.32408e-11
-1.20891e-10
-9.85766e-11
-1.42737e-10
-7.64533e-11
-1.45216e-10
-1.3072e-10
-7.31515e-11
-1.76555e-10
-7.7485e-11
-1.43409e-10
-9.70588e-11
-1.41212e-10
-8.84995e-11
-1.18691e-10
-1.16019e-10
-9.99656e-11
-7.85547e-11
-1.38917e-10
-5.48388e-11
-9.45282e-11
-1.06717e-10
-3.95822e-11
-1.06886e-10
-3.48441e-11
-1.04113e-10
-3.98005e-12
-9.15979e-11
-3.56285e-11
-2.24029e-11
-5.20831e-11
-3.2117e-11
1.86973e-12
-4.3528e-11
-4.99253e-12
1.66777e-12
-1.27875e-11
1.06062e-11
-1.5201e-11
6.20469e-11
-5.35572e-11
7.93701e-11
-3.36288e-12
2.27732e-11
4.4226e-11
2.97696e-11
3.32354e-11
3.31521e-11
5.93392e-11
2.98677e-11
4.04803e-11
6.05053e-11
5.07949e-11
1.29472e-11
1.11334e-10
-9.15061e-12
8.78517e-11
3.30561e-11
6.52964e-11
3.73613e-11
4.51416e-11
8.23412e-11
8.92869e-14
8.30673e-11
3.7667e-11
3.5022e-11
4.47813e-11
6.21153e-11
5.62555e-12
6.54627e-11
1.59682e-11
6.02323e-11
-8.90284e-12
6.60116e-11
2.01983e-11
-7.43601e-12
7.70458e-11
-2.8855e-11
4.816e-11
-5.61685e-12
4.07382e-11
-1.77665e-11
2.1015e-11
1.72465e-11
-8.25319e-12
-5.30624e-12
3.2563e-11
-3.51022e-11
8.91284e-12
1.16704e-11
-3.51232e-11
1.90565e-11
-3.92877e-11
3.79895e-11
-7.55263e-11
3.90864e-11
-3.03617e-11
-3.1128e-11
9.0183e-12
-2.99721e-11
-1.41275e-11
-2.53769e-11
1.56886e-12
-3.74106e-11
-1.65397e-11
-1.0717e-11
-1.04745e-11
-5.98883e-11
4.05947e-11
-6.79273e-11
6.06119e-12
-2.44209e-11
-1.61712e-11
-1.37492e-11
-3.98436e-11
3.5339e-11
-7.83012e-11
2.78869e-11
-2.43699e-11
-1.8045e-11
-1.71853e-11
4.26433e-12
-2.44817e-11
-9.08437e-12
-7.77193e-12
2.4088e-12
-3.3191e-11
1.02878e-11
9.85745e-12
-5.53992e-11
5.30708e-11
-4.75105e-11
2.9759e-11
-3.78412e-11
3.35324e-11
-1.58026e-11
-1.95751e-11
4.3841e-11
-3.93926e-11
1.93537e-11
5.16685e-13
9.97254e-12
-1.81799e-11
2.39023e-11
-1.82907e-12
6.50506e-12
-1.66404e-11
4.94137e-11
-3.97761e-11
2.45364e-11
1.89199e-11
-2.45521e-11
3.66975e-11
-2.60382e-11
5.2907e-11
-5.51897e-11
5.69735e-11
-8.76597e-12
-1.10446e-11
2.76623e-11
-2.38259e-12
7.9114e-12
-5.71425e-12
2.65548e-11
-1.02963e-11
3.81703e-12
1.29436e-11
1.51247e-11
-3.68715e-11
5.87815e-11
-3.52339e-11
2.01993e-11
-5.61393e-12
1.32335e-11
6.6198e-12
-3.30319e-11
6.57263e-11
-6.20521e-11
4.23698e-11
-1.3264e-11
8.01349e-12
-9.58625e-12
6.90894e-12
1.53795e-11
-2.98975e-11
1.99088e-11
6.66861e-12
-1.69714e-11
-9.18697e-13
2.46048e-11
-3.40564e-11
2.59799e-11
-2.4657e-11
3.27211e-11
-4.55794e-11
3.24223e-11
7.72926e-13
-4.06265e-11
4.91334e-11
-4.17264e-11
3.24747e-11
-4.47531e-11
4.47675e-11
-2.67432e-11
-1.15858e-11
2.73812e-11
-2.35489e-11
2.47552e-12
-6.80122e-13
8.00124e-12
-2.09727e-11
1.07942e-11
4.77417e-14
4.77158e-13
-3.02964e-11
5.0525e-11
-4.67524e-11
1.65332e-11
4.39815e-13
-5.43726e-12
7.85214e-12
-3.21582e-11
5.85327e-11
-6.99149e-11
4.91105e-11
-1.90613e-11
-1.41994e-12
8.79127e-13
-3.32633e-12
2.04424e-11
-4.26765e-11
3.96505e-11
-1.34065e-11
-8.01967e-12
1.4257e-12
1.76931e-11
-2.35567e-11
1.27052e-11
-5.11905e-12
1.41838e-11
-2.75282e-11
2.36558e-11
5.43139e-12
-3.82312e-11
5.12368e-11
-4.14743e-11
3.51777e-11
-4.25539e-11
4.71579e-11
-2.23682e-11
-1.89504e-11
4.63734e-11
-4.25885e-11
3.07539e-11
-2.96419e-11
3.83056e-11
-3.28252e-11
9.81936e-12
1.66875e-11
-2.08163e-11
4.68721e-12
1.16212e-11
-5.03311e-12
-1.17227e-11
1.59606e-11
-1.86112e-12
-1.44062e-12
-2.02233e-11
4.89453e-11
-5.12584e-11
2.88387e-11
-6.35221e-12
9.80952e-13
2.41829e-12
-2.06897e-11
5.12787e-11
-6.90426e-11
5.8737e-11
-2.96345e-11
8.50228e-12
-4.54418e-12
6.31698e-13
2.18001e-11
-4.94298e-11
5.26047e-11
-2.71974e-11
3.48735e-12
-4.41274e-12
1.58438e-11
-1.17681e-11
-7.03974e-12
1.53661e-11
-1.71674e-12
-1.70529e-11
1.64498e-11
4.67848e-12
-2.6034e-11
2.92399e-11
-2.19564e-11
2.46048e-11
-4.15726e-11
4.79431e-11
-2.41684e-11
-1.55376e-11
3.71741e-11
-3.50504e-11
3.39852e-11
-5.02108e-11
6.27036e-11
-4.64889e-11
8.00422e-12
2.09254e-11
-2.6408e-11
2.30651e-11
-3.06875e-11
4.47532e-11
-4.5425e-11
2.29844e-11
4.93084e-12
-1.40113e-11
1.90186e-12
6.66833e-12
4.43174e-12
-1.9826e-11
1.39599e-11
6.98977e-12
-1.17117e-11
-1.154e-11
3.56979e-11
-3.45387e-11
1.78781e-11
-1.33502e-11
2.29593e-11
-2.19242e-11
-4.32776e-12
3.85813e-11
-5.44593e-11
4.75614e-11
-3.66944e-11
3.62997e-11
-3.69694e-11
1.8438e-11
1.96529e-11
-5.08878e-11
5.33599e-11
-3.8657e-11
3.4554e-11
-4.28762e-11
3.66017e-11
-3.25812e-12
-3.09591e-11
3.63073e-11
-2.08325e-11
1.57623e-11
-2.80967e-11
3.32594e-11
-1.49348e-11
-9.44549e-12
1.3722e-11
1.82406e-12
-1.31706e-11
5.71094e-12
8.71581e-12
-1.01488e-11
-1.09545e-12
3.78388e-12
1.52042e-11
-3.95441e-11
4.23634e-11
-2.27704e-11
7.32871e-12
-1.02681e-11
1.10055e-11
1.37378e-11
-5.01857e-11
6.31703e-11
-4.59152e-11
2.74968e-11
-2.70511e-11
2.59305e-11
-7.82023e-14
-3.97733e-11
6.08697e-11
-5.30217e-11
3.80869e-11
-3.53812e-11
3.55361e-11
-1.82487e-11
-1.58149e-11
4.26377e-11
-4.45633e-11
3.13724e-11
-2.59591e-11
3.2211e-11
-3.00521e-11
6.04372e-12
2.20045e-11
-2.66777e-11
1.00877e-11
-2.12006e-12
1.55884e-11
-2.68623e-11
1.31346e-11
9.42568e-12
-8.85197e-12
-1.36754e-11
2.47831e-11
-9.60168e-12
-7.80728e-12
3.63078e-12
8.60433e-12
-6.00925e-13
-2.67259e-11
4.39847e-11
-3.56522e-11
1.8711e-11
-1.45589e-11
1.77513e-11
-6.63874e-12
-2.33423e-11
5.03772e-11
-5.39142e-11
4.00016e-11
-3.08145e-11
3.17556e-11
-2.36552e-11
-7.52822e-12
4.44822e-11
-5.8119e-11
4.69778e-11
-3.79996e-11
4.37332e-11
-4.19757e-11
1.1343e-11
3.03186e-11
-4.78723e-11
3.88939e-11
-3.42753e-11
4.70695e-11
-5.14457e-11
2.47192e-11
1.37461e-11
-2.94516e-11
2.21704e-11
-2.17075e-11
3.8325e-11
-4.72023e-11
2.83681e-11
1.23161e-12
-1.26214e-11
5.48313e-12
-4.4379e-12
1.94034e-11
-3.15086e-11
2.23451e-11
-1.96405e-12
-5.45117e-12
-4.76206e-12
1.24242e-11
-2.97523e-12
-1.12739e-11
9.32414e-12
6.03775e-12
-1.05843e-11
-6.15112e-12
2.37466e-11
-2.05218e-11
6.16206e-12
-6.82913e-12
2.2622e-11
-2.49671e-11
4.7463e-13
2.5788e-11
-2.73188e-11
1.6075e-11
-2.17983e-11
4.16921e-11
-4.24339e-11
1.25168e-11
1.77106e-11
-2.21368e-11
1.71286e-11
-3.15199e-11
5.6432e-11
-5.70085e-11
2.66898e-11
2.13184e-12
-8.10357e-12
1.04635e-11
-3.31672e-11
6.21855e-11
-6.5015e-11
3.95358e-11
-1.58232e-11
9.45811e-12
-1.54318e-12
-2.61766e-11
5.79979e-11
-6.54571e-11
4.78517e-11
-3.05808e-11
2.55253e-11
-1.61257e-11
-1.25856e-11
4.62835e-11
-5.92486e-11
4.93385e-11
-3.82103e-11
3.69285e-11
-3.04828e-11
3.61666e-12
3.12224e-11
-4.82043e-11
4.32783e-11
-3.75773e-11
4.26546e-11
-4.2012e-11
1.79051e-11
1.69031e-11
-3.4342e-11
3.08357e-11
-3.02311e-11
4.32763e-11
-4.86466e-11
2.67141e-11
6.07279e-12
-1.96044e-11
1.47516e-11
-1.93564e-11
4.01337e-11
-4.92699e-11
2.84097e-11
-2.50685e-13
-5.75112e-12
-1.49897e-12
-8.43488e-12
3.47005e-11
-4.39788e-11
2.34478e-11
-2.4697e-12
5.73674e-12
-1.46971e-11
-1.89167e-13
2.82629e-11
-3.4036e-11
1.38638e-11
-1.81251e-12
1.38343e-11
-2.26736e-11
3.93082e-12
2.18271e-11
-2.14882e-11
2.42118e-12
2.40232e-13
1.81235e-11
-2.46507e-11
3.75385e-12
1.60987e-11
-8.60884e-12
-8.19374e-12
2.34076e-12
1.88271e-11
-2.11519e-11
9.34448e-14
1.14629e-11
2.6299e-12
-1.59289e-11
3.48708e-12
1.66668e-11
-1.3603e-11
-5.65809e-12
7.97096e-12
1.08941e-11
-1.9606e-11
3.11348e-12
1.26111e-11
-3.86408e-12
-1.18752e-11
5.36642e-12
1.55756e-11
-1.89241e-11
1.13895e-12
7.59029e-12
6.18296e-12
-1.69901e-11
3.21121e-12
1.66868e-11
-1.43478e-11
-2.01715e-12
2.30278e-12
1.48846e-11
-1.96973e-11
1.07271e-12
1.46573e-11
-6.95082e-12
-5.48434e-12
-2.83805e-12
2.09518e-11
-1.91664e-11
-1.24324e-12
1.01335e-11
2.15103e-12
-1.14656e-11
6.80689e-12
-1.17774e-12
1.11701e-13
3.17811e-14
3.74167e-15
0
