0
0.000110055
0.00238649
0.0246642
0.124465
0.336564
0.57691
0.747173
0.833642
0.870901
0.891638
0.908386
0.921576
0.931134
0.937002
0.939136
0.937508
0.932105
0.922931
0.910005
0.893364
0.873057
0.849153
0.821734
0.790897
0.756756
0.719437
0.679082
0.635844
0.589892
0.541403
0.49057
0.437592
0.382681
0.326057
0.267947
0.208587
0.148215
0.0870795
0.0254283
-0.0364858
-0.0984088
-0.160086
-0.221263
-0.281687
-0.341108
-0.399279
-0.45596
-0.510913
-0.563911
-0.614732
-0.663165
-0.709006
-0.752064
-0.792159
-0.829124
-0.862802
-0.893053
-0.919751
-0.942783
-0.962052
-0.977479
-0.988998
-0.996562
-1.00014
-0.999712
-0.995288
-0.986882
-0.974532
-0.95829
-0.938225
-0.914421
-0.886979
-0.856015
-0.821659
-0.784056
-0.743365
-0.699756
-0.653412
-0.604528
-0.553309
-0.499968
-0.444728
-0.387821
-0.329482
-0.269955
-0.209486
-0.148326
-0.0867269
-0.0249435
0.0367704
0.0981618
0.15898
0.218976
0.277907
0.335534
0.391626
0.445956
0.498309
0.548476
0.59626
0.641474
0.683942
0.723501
0.76
0.793303
0.823288
0.849844
0.87288
0.892317
0.908092
0.920158
0.928485
0.933057
0.933874
0.930954
0.924328
0.914043
0.900163
0.882765
0.861941
0.837796
0.810449
0.780033
0.746691
0.710579
0.671862
0.630718
0.58733
0.541892
0.494604
0.445674
0.395315
0.343742
0.291177
0.237843
0.183965
0.129768
0.0754765
0.0213152
-0.0324948
-0.0857354
-0.138193
-0.189657
-0.239926
-0.288802
-0.336098
-0.381631
-0.425231
-0.466736
-0.505993
-0.542862
-0.577212
-0.608927
-0.6379
-0.664038
-0.687262
-0.707503
-0.724707
-0.738835
-0.749858
-0.757762
-0.762548
-0.764227
-0.762824
-0.758379
-0.750941
-0.740574
-0.727351
-0.711358
-0.692692
-0.671459
-0.647776
-0.621768
-0.593568
-0.563318
-0.531167
-0.497269
-0.461785
-0.424879
-0.386721
-0.347484
-0.307342
-0.266472
-0.225052
-0.183259
-0.14127
-0.0992601
-0.0574039
-0.0158715
0.0251701
0.0655581
0.105135
0.143747
0.18125
0.217503
0.252375
0.285739
0.31748
0.347489
0.375667
0.401924
0.426179
0.44836
0.468407
0.486268
0.501901
0.515275
0.526369
0.535171
0.54168
0.545904
0.54786
0.547576
0.545088
0.540441
0.533688
0.524891
0.514119
0.501449
0.486963
0.470752
0.45291
0.43354
0.412746
0.390638
0.367331
0.342941
0.317589
0.291394
0.264482
0.236975
0.208998
0.180676
0.152133
0.123489
0.0948676
0.0663855
0.0381588
0.0103002
-0.0170815
-0.0438813
-0.0699986
-0.0953377
-0.119808
-0.143323
-0.165805
-0.187179
-0.207377
-0.226338
-0.244008
-0.260337
-0.275284
-0.288814
-0.300899
-0.311517
-0.320653
-0.328299
-0.334453
-0.339119
-0.34231
-0.34404
-0.344335
-0.343221
-0.340733
-0.33691
-0.331796
-0.325439
-0.317894
-0.309215
-0.299465
-0.288706
-0.277006
-0.264434
-0.251061
-0.236962
-0.22221
-0.206883
-0.191057
-0.17481
-0.158218
-0.14136
-0.124312
-0.10715
-0.0899476
-0.0727787
-0.0557143
-0.0388235
-0.0221731
-0.00582732
0.0101524
0.0257076
0.040783
0.0553269
0.0692907
0.0826298
0.0953032
0.107274
0.118508
0.128977
0.138656
0.147522
0.15556
0.162755
0.169099
0.174585
0.179213
0.182985
0.185906
0.187985
0.189237
0.189676
0.189321
0.188195
0.186322
0.183731
0.180449
0.17651
0.171948
0.166798
0.161098
0.154886
0.148203
0.14109
0.133587
0.125738
0.117586
0.109172
0.10054
0.0917328
0.0827921
0.0737596
0.0646762
0.0555819
0.0465156
0.0375151
0.0286166
0.0198551
0.0112639
0.00287474
-0.00528254
-0.0131799
-0.0207913
-0.0280925
-0.0350615
-0.0416783
-0.0479251
-0.053786
-0.0592475
-0.0642981
-0.0689285
-0.0731313
-0.0769015
-0.0802359
-0.0831334
-0.0855949
-0.0876229
-0.089222
-0.0903985
-0.0911602
-0.0915166
-0.0914787
-0.0910589
-0.0902707
-0.0891291
-0.0876499
-0.08585
-0.0837473
-0.0813603
-0.0787083
-0.075811
-0.0726887
-0.0693619
-0.0658516
-0.0621788
-0.0583643
-0.0544293
-0.0503946
-0.0462808
-0.0421082
-0.0378966
-0.0336655
-0.0294338
-0.0252198
-0.021041
-0.0169142
-0.0128557
-0.00888052
-0.00500313
-0.00123696
0.00240546
0.00591258
0.00927383
0.0124796
0.0155214
0.0183917
0.0210839
0.0235925
0.0259129
0.0280418
0.0299764
0.0317151
0.0332574
0.0346033
0.035754
0.0367113
0.0374779
0.0380573
0.0384536
0.0386717
0.0387169
0.0385953
0.0383134
0.0378782
0.0372972
0.0365783
0.0357295
0.0347594
0.0336766
0.0324899
0.0312084
0.0298413
0.0283976
0.0268865
0.0253171
0.0236985
0.0220397
0.0203493
0.018636
0.0169082
0.0151739
0.0134412
0.0117174
0.0100098
0.0083254
0.00667059
0.00505155
0.00347401
0.00194332
0.000464389
-0.000958275
-0.0023206
-0.00361893
-0.00485007
-0.0060112
-0.00709998
-0.00811444
-0.00905305
-0.00991468
-0.0106986
-0.0114044
-0.0120321
-0.012582
-0.0130549
-0.0134518
-0.013774
-0.014023
-0.0142007
-0.0143093
-0.0143511
-0.0143287
-0.0142447
-0.0141021
-0.0139039
-0.0136533
-0.0133536
-0.0130082
-0.0126205
-0.0121939
-0.0117322
-0.0112386
-0.0107169
-0.0101705
-0.00960287
-0.00901749
-0.00841771
-0.00780683
-0.00718805
-0.00656449
-0.00593913
-0.00531486
-0.00469442
-0.00408044
-0.00347539
-0.0028816
-0.00230123
-0.00173633
-0.00118874
-0.000660173
-0.000152173
0.000333879
0.000796763
0.00123542
0.00164894
0.00203657
0.00239773
0.00273196
0.00303895
0.00331854
0.00357069
0.0037955
0.00399319
0.00416408
0.00430861
0.00442733
0.00452087
0.00458996
0.0046354
0.00465806
0.00465889
0.00463889
0.00459911
0.00454065
0.00446463
0.00437221
0.00426458
0.00414294
0.0040085
0.00386246
0.00370604
0.00354044
0.00336685
0.00318644
0.00300035
0.0028097
0.00261559
0.00241907
0.00222115
0.0020228
0.00182496
0.00162851
0.00143427
0.00124305
0.00105557
0.000872501
0.000694483
0.000522086
0.000355829
0.000196178
4.35439e-05
-0.000101712
-0.000239284
-0.000368915
-0.000490398
-0.000603575
-0.000708335
-0.000804611
-0.000892379
-0.000971658
-0.0010425
-0.00110501
-0.00115931
-0.00120556
-0.00124394
-0.00127469
-0.00129804
-0.00131426
-0.00132363
-0.00132646
-0.00132307
-0.00131379
-0.00129897
-0.00127896
-0.00125412
-0.00122481
-0.0011914
-0.00115427
-0.00111376
-0.00107026
-0.00102411
-0.000975681
-0.000925305
-0.000873325
-0.000820067
-0.000765849
-0.000710976
-0.000655739
-0.000600418
-0.000545276
-0.000490564
-0.000436516
-0.000383351
-0.000331273
-0.000280469
-0.000231111
-0.000183353
-0.000137336
-9.31827e-05
-5.10019e-05
-1.08866e-05
2.70852e-05
6.285e-05
9.63579e-05
0.000127573
0.000156472
0.000183045
0.000207292
0.000229226
0.000248869
0.000266254
0.000281422
0.000294424
0.000305317
0.000314167
0.000321044
0.000326025
0.000329193
0.000330632
0.000330433
0.000328688
0.000325492
0.000320943
0.000315137
0.000308174
0.000300153
0.000291171
0.000281326
0.000270715
0.000259431
0.000247569
0.000235216
0.000222462
0.000209391
0.000196083
0.000182616
0.000169065
0.0001555
0.000141986
0.000128588
0.000115361
0.000102361
8.96371e-05
7.72348e-05
6.51957e-05
5.35566e-05
4.23508e-05
3.16071e-05
2.13504e-05
1.16023e-05
2.37968e-06
-6.30322e-06
-1.44363e-05
-2.20125e-05
-2.90278e-05
-3.54816e-05
-4.13756e-05
-4.67147e-05
-5.15058e-05
-5.57583e-05
-5.94838e-05
-6.26956e-05
-6.5409e-05
-6.76407e-05
-6.94087e-05
-7.07327e-05
-7.16327e-05
-7.21304e-05
-7.22474e-05
-7.20066e-05
-7.14309e-05
-7.05434e-05
-6.9368e-05
-6.79276e-05
-6.62459e-05
-6.4346e-05
-6.22505e-05
-5.99822e-05
-5.75625e-05
-5.50131e-05
-5.23545e-05
-4.96067e-05
-4.67889e-05
-4.39192e-05
-4.10154e-05
-3.80938e-05
-3.51701e-05
-3.2259e-05
-2.93741e-05
-2.65282e-05
-2.37329e-05
-2.09991e-05
-1.83365e-05
-1.57536e-05
-1.32587e-05
-1.08583e-05
-8.55863e-06
-6.36462e-06
-4.28052e-06
-2.30993e-06
-4.55135e-07
1.28162e-06
2.8995e-06
4.39786e-06
5.77685e-06
7.03743e-06
8.18059e-06
9.20853e-06
1.01232e-05
1.09276e-05
1.16247e-05
1.22179e-05
1.27113e-05
1.31085e-05
1.3414e-05
1.36323e-05
1.37678e-05
1.38256e-05
1.38101e-05
1.37266e-05
1.35797e-05
1.33744e-05
1.31158e-05
1.28085e-05
1.24575e-05
1.20672e-05
1.16426e-05
1.11878e-05
1.07073e-05
1.02053e-05
9.68558e-06
9.15233e-06
8.60885e-06
8.05883e-06
7.50546e-06
6.95169e-06
6.40064e-06
5.8546e-06
5.31639e-06
4.78797e-06
4.27151e-06
3.76891e-06
3.28159e-06
2.81134e-06
2.35906e-06
1.92616e-06
1.51335e-06
1.12141e-06
7.51076e-07
4.02486e-07
7.6303e-08
-2.27673e-07
-5.09165e-07
-7.68353e-07
-1.00553e-06
-1.22076e-06
-1.41478e-06
-1.5877e-06
-1.7404e-06
-1.87332e-06
-1.98715e-06
-2.08281e-06
-2.16078e-06
-2.22224e-06
-2.26771e-06
-2.29831e-06
-2.31483e-06
-2.31812e-06
-2.30931e-06
-2.28897e-06
-2.2584e-06
-2.21817e-06
-2.16937e-06
-2.11282e-06
-2.04926e-06
-1.97978e-06
-1.90482e-06
-1.82553e-06
-1.74234e-06
-1.65613e-06
-1.56758e-06
-1.47716e-06
-1.38577e-06
-1.2936e-06
-1.20156e-06
-1.10983e-06
-1.01905e-06
-9.29612e-07
-8.41743e-07
-7.56082e-07
-6.72565e-07
-5.91831e-07
-5.13829e-07
-4.38921e-07
-3.6729e-07
-2.98909e-07
-2.34196e-07
-1.72867e-07
-1.15355e-07
-6.14039e-08
-1.1193e-08
3.52839e-08
7.82123e-08
1.17342e-07
1.53101e-07
1.85189e-07
2.14003e-07
2.39455e-07
2.61685e-07
2.80944e-07
2.97091e-07
3.10615e-07
3.21277e-07
3.29551e-07
3.3536e-07
3.38928e-07
3.4049e-07
3.39965e-07
3.37837e-07
3.33874e-07
3.28577e-07
3.2182e-07
3.13879e-07
3.04909e-07
2.94868e-07
2.8418e-07
2.72597e-07
2.60611e-07
2.48015e-07
2.35119e-07
2.21963e-07
2.08543e-07
1.95181e-07
1.81622e-07
1.6832e-07
1.54983e-07
1.41955e-07
1.29137e-07
1.16583e-07
1.04486e-07
9.2612e-08
8.13516e-08
7.03538e-08
5.99868e-08
5.00195e-08
4.05871e-08
3.17327e-08
2.32877e-08
1.55503e-08
8.15683e-09
1.484e-09
-4.80691e-09
-1.04858e-08
-1.56672e-08
-2.04068e-08
-2.45329e-08
-2.83593e-08
-3.15367e-08
-3.44619e-08
-3.68193e-08
-3.88694e-08
-4.05218e-08
-4.17629e-08
-4.27889e-08
-4.33324e-08
-4.37759e-08
-4.37605e-08
-4.36527e-08
-4.32135e-08
-4.26014e-08
-4.18402e-08
-4.08055e-08
-3.97802e-08
-3.84361e-08
-3.71713e-08
-3.56411e-08
-3.41541e-08
-3.25419e-08
-3.08683e-08
-2.92379e-08
-2.74442e-08
-2.58158e-08
-2.39916e-08
-2.23586e-08
-2.05939e-08
-1.89488e-08
-1.73084e-08
-1.56651e-08
-1.41736e-08
-1.25753e-08
-1.12187e-08
-9.72758e-09
-8.47227e-09
-7.14759e-09
-5.96468e-09
-4.84034e-09
-3.72507e-09
-2.79803e-09
-1.77465e-09
-1.00945e-09
-1.20233e-10
5.3296e-10
1.24837e-09
1.8309e-09
2.35555e-09
2.88337e-09
3.23288e-09
3.69279e-09
3.9108e-09
4.2709e-09
4.41246e-09
4.64114e-09
4.75206e-09
4.8366e-09
4.93774e-09
4.89403e-09
4.97737e-09
4.84681e-09
4.88414e-09
4.71948e-09
4.67949e-09
4.52617e-09
4.39201e-09
4.273e-09
4.05293e-09
3.9633e-09
3.69007e-09
3.60313e-09
3.32298e-09
3.20478e-09
2.96087e-09
2.78686e-09
2.60432e-09
2.37123e-09
2.24958e-09
1.97808e-09
1.89377e-09
1.62123e-09
1.53894e-09
1.30559e-09
1.19334e-09
1.02763e-09
8.69816e-10
7.78522e-10
5.81987e-10
5.48718e-10
3.39952e-10
3.32171e-10
1.47108e-10
1.28717e-10
-7.05568e-13
-5.60808e-11
-1.1353e-10
-2.13412e-10
-2.03791e-10
-3.34902e-10
-2.82289e-10
-4.16126e-10
-3.5509e-10
-4.58657e-10
-4.22295e-10
-4.70017e-10
-4.79003e-10
-4.61638e-10
-5.17932e-10
-4.45622e-10
-5.3273e-10
-4.31442e-10
-5.2079e-10
-4.23646e-10
-4.84673e-10
-4.21286e-10
-4.31721e-10
-4.19068e-10
-3.72145e-10
-4.09808e-10
-3.16215e-10
-3.87286e-10
-2.71546e-10
-3.48603e-10
-2.41291e-10
-2.95318e-10
-2.23731e-10
-2.33139e-10
-2.13304e-10
-1.70315e-10
-2.02682e-10
-1.15315e-10
-1.85194e-10
-7.4526e-11
-1.569e-10
-5.06426e-11
-1.17707e-10
-4.2145e-11
-7.13191e-11
-4.39845e-11
-2.40685e-11
-4.91636e-11
1.69035e-11
-5.07565e-11
4.56449e-11
-4.37694e-11
5.89486e-11
-2.6362e-11
5.71062e-11
-1.50694e-13
4.37217e-11
3.0408e-11
2.46769e-11
5.93375e-11
6.57541e-12
8.07884e-11
-4.89606e-12
9.05377e-11
-6.27144e-12
8.70159e-11
2.98727e-12
7.16066e-11
2.05611e-11
4.82357e-11
4.2001e-11
2.23644e-11
6.19293e-11
-3.19388e-13
7.53551e-11
-1.51774e-11
7.88432e-11
-1.95909e-11
7.1231e-11
-1.3415e-11
5.38137e-11
1.13311e-12
2.99522e-11
2.00945e-11
4.27114e-12
3.87143e-11
-1.83795e-11
5.25076e-11
-3.39248e-11
5.8177e-11
-3.98747e-11
5.42443e-11
-3.57285e-11
4.1255e-11
-2.2977e-11
2.15659e-11
-4.69638e-12
-1.20294e-12
1.51264e-11
-2.29316e-11
3.24107e-11
-3.98198e-11
4.375e-11
-4.90654e-11
4.69985e-11
-4.93414e-11
4.16103e-11
-4.0954e-11
2.8625e-11
-2.56976e-11
1.04092e-11
-6.47216e-12
-9.83603e-12
1.32884e-11
-2.86718e-11
3.0215e-11
-4.30168e-11
4.15622e-11
-5.0645e-11
4.56269e-11
-5.04921e-11
4.19508e-11
-4.27679e-11
3.13253e-11
-2.88468e-11
1.55934e-11
-1.09982e-11
-2.70005e-12
8.02114e-12
-2.07316e-11
2.54008e-11
-3.58376e-11
3.8694e-11
-4.58989e-11
4.61445e-11
-4.95943e-11
4.68974e-11
-4.65603e-11
4.10607e-11
-3.73669e-11
2.9627e-11
-2.33931e-11
1.42891e-11
-6.58036e-12
-2.8334e-12
1.08487e-11
-1.94869e-11
2.66913e-11
-3.35907e-11
3.9049e-11
-4.34782e-11
4.65333e-11
-4.80687e-11
4.84067e-11
-4.69722e-11
4.46267e-11
-4.04751e-11
3.57996e-11
-2.94718e-11
2.30742e-11
-1.53148e-11
7.96746e-12
3.67312e-13
-7.82106e-12
1.58591e-11
-2.26051e-11
2.95556e-11
-3.48912e-11
4.01183e-11
-4.35209e-11
4.65922e-11
-4.77606e-11
4.84794e-11
-4.73439e-11
4.57494e-11
-4.24643e-11
3.88064e-11
-3.37209e-11
2.84284e-11
-2.20354e-11
1.56546e-11
-8.53986e-12
1.68134e-12
5.53865e-12
-1.2263e-11
1.89954e-11
-2.50179e-11
3.07417e-11
-3.55886e-11
3.98955e-11
-4.32186e-11
4.58329e-11
-4.74224e-11
4.82169e-11
-4.80105e-11
4.69982e-11
-4.5075e-11
4.2401e-11
-3.89596e-11
3.48793e-11
-3.0214e-11
2.50663e-11
-1.95372e-11
1.37086e-11
-7.7154e-12
1.61198e-12
4.44265e-12
-1.04211e-11
1.61562e-11
-2.16459e-11
2.67243e-11
-3.14166e-11
3.55671e-11
-3.92213e-11
4.22428e-11
-4.46974e-11
4.64661e-11
-4.76375e-11
4.81149e-11
-4.79963e-11
4.7211e-11
-4.58673e-11
4.39149e-11
-4.14709e-11
3.85012e-11
-3.5127e-11
3.13275e-11
-2.72267e-11
2.28153e-11
-1.82099e-11
1.34165e-11
-8.53897e-12
3.58803e-12
1.33739e-12
-6.22601e-12
1.09924e-11
-1.56214e-11
2.00424e-11
-2.42432e-11
2.81633e-11
-3.17932e-11
3.50911e-11
-3.80482e-11
4.06344e-11
-4.28476e-11
4.46693e-11
-4.61039e-11
4.71421e-11
-4.77911e-11
4.80546e-11
-4.79451e-11
4.74679e-11
-4.66431e-11
4.54859e-11
-4.40143e-11
4.22501e-11
-4.0212e-11
3.79264e-11
-3.54134e-11
3.27008e-11
-2.98093e-11
2.67679e-11
-2.35973e-11
2.03249e-11
-1.69692e-11
1.35594e-11
-1.01105e-11
6.65179e-12
-3.19683e-12
-2.30369e-13
3.61646e-12
-6.94302e-12
1.01948e-11
-1.33569e-11
1.64208e-11
-1.93694e-11
2.21984e-11
-2.48939e-11
2.74542e-11
-2.98683e-11
3.21363e-11
-3.42502e-11
3.62085e-11
-3.80115e-11
3.96578e-11
-4.11455e-11
4.24773e-11
-4.36567e-11
4.46856e-11
-4.55648e-11
4.62996e-11
-4.68945e-11
4.73539e-11
-4.76833e-11
4.78887e-11
-4.79727e-11
4.79446e-11
-4.78101e-11
4.75744e-11
-4.72426e-11
4.68243e-11
-4.63216e-11
4.57433e-11
-4.50952e-11
4.43849e-11
-4.36151e-11
4.27951e-11
-4.19279e-11
4.10212e-11
-4.00767e-11
3.91042e-11
-3.8107e-11
3.70875e-11
-3.60537e-11
3.50066e-11
-3.39542e-11
3.28965e-11
-3.18387e-11
3.07857e-11
-2.97383e-11
2.87011e-11
-2.7676e-11
2.66672e-11
-2.56754e-11
2.47043e-11
-2.37544e-11
2.28283e-11
-2.19289e-11
2.10579e-11
-2.02136e-11
1.94002e-11
-1.86182e-11
1.78709e-11
-1.71564e-11
1.64755e-11
-1.58309e-11
1.52223e-11
-1.46499e-11
1.41159e-11
-1.36195e-11
1.31614e-11
-1.27397e-11
1.23606e-11
-1.20198e-11
1.17184e-11
-1.14562e-11
1.12345e-11
-1.10533e-11
1.0911e-11
-1.081e-11
1.07484e-11
-1.07284e-11
1.07484e-11
-1.081e-11
1.0911e-11
-1.10533e-11
1.12345e-11
-1.14562e-11
1.17184e-11
-1.20198e-11
1.23606e-11
-1.27397e-11
1.31614e-11
-1.36195e-11
1.41159e-11
-1.46499e-11
1.52223e-11
-1.58309e-11
1.64755e-11
-1.71564e-11
1.78709e-11
-1.86182e-11
1.94002e-11
-2.02136e-11
2.10579e-11
-2.19289e-11
2.28283e-11
-2.37544e-11
2.47043e-11
-2.56754e-11
2.66672e-11
-2.7676e-11
2.87011e-11
-2.97383e-11
3.07857e-11
-3.18387e-11
3.28965e-11
-3.39542e-11
3.50066e-11
-3.60537e-11
3.70875e-11
-3.8107e-11
3.91042e-11
-4.00767e-11
4.10212e-11
-4.19279e-11
4.27951e-11
-4.36151e-11
4.43849e-11
-4.50952e-11
4.57433e-11
-4.63216e-11
4.68243e-11
-4.72426e-11
4.75744e-11
-4.78101e-11
4.79446e-11
-4.79727e-11
4.78887e-11
-4.76833e-11
4.73539e-11
-4.68945e-11
4.62996e-11
-4.55648e-11
4.46856e-11
-4.36567e-11
4.24773e-11
-4.11455e-11
3.96578e-11
-3.80115e-11
3.62085e-11
-3.42502e-11
3.21363e-11
-2.98683e-11
2.74542e-11
-2.48939e-11
2.21984e-11
-1.93694e-11
1.64208e-11
-1.33569e-11
1.01948e-11
-6.94302e-12
3.61646e-12
-2.30369e-13
-3.19683e-12
6.65179e-12
-1.01105e-11
1.35594e-11
-1.69692e-11
2.03249e-11
-2.35973e-11
2.67679e-11
-2.98093e-11
3.27008e-11
-3.54134e-11
3.79264e-11
-4.0212e-11
4.22501e-11
-4.40143e-11
4.54859e-11
-4.66431e-11
4.74679e-11
-4.79451e-11
4.80546e-11
-4.77911e-11
4.71421e-11
-4.61039e-11
4.46693e-11
-4.28476e-11
4.06344e-11
-3.80482e-11
3.50911e-11
-3.17932e-11
2.81633e-11
-2.42432e-11
2.00424e-11
-1.56214e-11
1.09924e-11
-6.22601e-12
1.33739e-12
3.58803e-12
-8.53897e-12
1.34165e-11
-1.82099e-11
2.28153e-11
-2.72267e-11
3.13275e-11
-3.5127e-11
3.85012e-11
-4.14709e-11
4.39149e-11
-4.58673e-11
4.7211e-11
-4.79963e-11
4.81149e-11
-4.76375e-11
4.64661e-11
-4.46974e-11
4.22428e-11
-3.92213e-11
3.55671e-11
-3.14166e-11
2.67243e-11
-2.16459e-11
1.61562e-11
-1.04211e-11
4.44265e-12
1.61198e-12
-7.7154e-12
1.37086e-11
-1.95372e-11
2.50663e-11
-3.0214e-11
3.48793e-11
-3.89596e-11
4.2401e-11
-4.5075e-11
4.69982e-11
-4.80105e-11
4.82169e-11
-4.74224e-11
4.58329e-11
-4.32186e-11
3.98955e-11
-3.55886e-11
3.07417e-11
-2.50179e-11
1.89954e-11
-1.2263e-11
5.53865e-12
1.68134e-12
-8.53986e-12
1.56546e-11
-2.20354e-11
2.84284e-11
-3.37209e-11
3.88064e-11
-4.24643e-11
4.57494e-11
-4.73439e-11
4.84794e-11
-4.77606e-11
4.65922e-11
-4.35209e-11
4.01183e-11
-3.48912e-11
2.95556e-11
-2.26051e-11
1.58591e-11
-7.82106e-12
3.67312e-13
7.96746e-12
-1.53148e-11
2.30742e-11
-2.94718e-11
3.57996e-11
-4.04751e-11
4.46267e-11
-4.69722e-11
4.84067e-11
-4.80687e-11
4.65333e-11
-4.34782e-11
3.9049e-11
-3.35907e-11
2.66913e-11
-1.94869e-11
1.08487e-11
-2.8334e-12
-6.58036e-12
1.42891e-11
-2.33931e-11
2.9627e-11
-3.73669e-11
4.10607e-11
-4.65603e-11
4.68974e-11
-4.95943e-11
4.61445e-11
-4.58989e-11
3.8694e-11
-3.58376e-11
2.54008e-11
-2.07316e-11
8.02114e-12
-2.70005e-12
-1.09982e-11
1.55934e-11
-2.88468e-11
3.13253e-11
-4.27679e-11
4.19508e-11
-5.04921e-11
4.56269e-11
-5.0645e-11
4.15622e-11
-4.30168e-11
3.0215e-11
-2.86718e-11
1.32884e-11
-9.83603e-12
-6.47216e-12
1.04092e-11
-2.56976e-11
2.8625e-11
-4.0954e-11
4.16103e-11
-4.93414e-11
4.69985e-11
-4.90654e-11
4.375e-11
-3.98198e-11
3.24107e-11
-2.29316e-11
1.51264e-11
-1.20294e-12
-4.69638e-12
2.15659e-11
-2.2977e-11
4.1255e-11
-3.57285e-11
5.42443e-11
-3.98747e-11
5.8177e-11
-3.39248e-11
5.25076e-11
-1.83795e-11
3.87143e-11
4.27114e-12
2.00945e-11
2.99522e-11
1.13311e-12
5.38137e-11
-1.3415e-11
7.1231e-11
-1.95909e-11
7.88432e-11
-1.51774e-11
7.53551e-11
-3.19388e-13
6.19293e-11
2.23644e-11
4.2001e-11
4.82357e-11
2.05611e-11
7.16066e-11
2.98727e-12
8.70159e-11
-6.27144e-12
9.05377e-11
-4.89606e-12
8.07884e-11
6.57541e-12
5.93375e-11
2.46769e-11
3.0408e-11
4.37217e-11
-1.50694e-13
5.71062e-11
-2.6362e-11
5.89486e-11
-4.37694e-11
4.56449e-11
-5.07565e-11
1.69035e-11
-4.91636e-11
-2.40685e-11
-4.39845e-11
-7.13191e-11
-4.2145e-11
-1.17707e-10
-5.06426e-11
-1.569e-10
-7.4526e-11
-1.85194e-10
-1.15315e-10
-2.02682e-10
-1.70315e-10
-2.13304e-10
-2.33139e-10
-2.23731e-10
-2.95318e-10
-2.41291e-10
-3.48603e-10
-2.71546e-10
-3.87286e-10
-3.16215e-10
-4.09808e-10
-3.72145e-10
-4.19068e-10
-4.31721e-10
-4.21286e-10
-4.84673e-10
-4.23646e-10
-5.2079e-10
-4.31442e-10
-5.3273e-10
-4.45622e-10
-5.17932e-10
-4.61638e-10
-4.79003e-10
-4.70017e-10
-4.22295e-10
-4.58657e-10
-3.5509e-10
-4.16126e-10
-2.82289e-10
-3.34902e-10
-2.03791e-10
-2.13412e-10
-1.1353e-10
-5.60808e-11
-7.05568e-13
1.28717e-10
1.47108e-10
3.32171e-10
3.39952e-10
5.48718e-10
5.81987e-10
7.78522e-10
8.69816e-10
1.02763e-09
1.19334e-09
1.30559e-09
1.53894e-09
1.62123e-09
1.89377e-09
1.97808e-09
2.24958e-09
2.37123e-09
2.60432e-09
2.78686e-09
2.96087e-09
3.20478e-09
3.32298e-09
3.60313e-09
3.69007e-09
3.9633e-09
4.05293e-09
4.273e-09
4.39201e-09
4.52617e-09
4.67949e-09
4.71948e-09
4.88414e-09
4.84681e-09
4.97737e-09
4.89403e-09
4.93774e-09
4.8366e-09
4.75206e-09
4.64114e-09
4.41246e-09
4.2709e-09
3.9108e-09
3.69279e-09
3.23288e-09
2.88337e-09
2.35555e-09
1.8309e-09
1.24837e-09
5.3296e-10
-1.20233e-10
-1.00945e-09
-1.77465e-09
-2.79803e-09
-3.72507e-09
-4.84034e-09
-5.96468e-09
-7.14759e-09
-8.47227e-09
-9.72758e-09
-1.12187e-08
-1.25753e-08
-1.41736e-08
-1.56651e-08
-1.73084e-08
-1.89488e-08
-2.05939e-08
-2.23586e-08
-2.39916e-08
-2.58158e-08
-2.74442e-08
-2.92379e-08
-3.08683e-08
-3.25419e-08
-3.41541e-08
-3.56411e-08
-3.71713e-08
-3.84361e-08
-3.97802e-08
-4.08055e-08
-4.18402e-08
-4.26014e-08
-4.32135e-08
-4.36527e-08
-4.37605e-08
-4.37759e-08
-4.33324e-08
-4.27889e-08
-4.17629e-08
-4.05218e-08
-3.88694e-08
-3.68193e-08
-3.44619e-08
-3.15367e-08
-2.83593e-08
-2.45329e-08
-2.04068e-08
-1.56672e-08
-1.04858e-08
-4.80691e-09
1.484e-09
8.15683e-09
1.55503e-08
2.32877e-08
3.17327e-08
4.05871e-08
5.00195e-08
5.99868e-08
7.03538e-08
8.13516e-08
9.2612e-08
1.04486e-07
1.16583e-07
1.29137e-07
1.41955e-07
1.54983e-07
1.6832e-07
1.81622e-07
1.95181e-07
2.08543e-07
2.21963e-07
2.35119e-07
2.48015e-07
2.60611e-07
2.72597e-07
2.8418e-07
2.94868e-07
3.04909e-07
3.13879e-07
3.2182e-07
3.28577e-07
3.33874e-07
3.37837e-07
3.39965e-07
3.4049e-07
3.38928e-07
3.3536e-07
3.29551e-07
3.21277e-07
3.10615e-07
2.97091e-07
2.80944e-07
2.61685e-07
2.39455e-07
2.14003e-07
1.85189e-07
1.53101e-07
1.17342e-07
7.82123e-08
3.52839e-08
-1.1193e-08
-6.14039e-08
-1.15355e-07
-1.72867e-07
-2.34196e-07
-2.98909e-07
-3.6729e-07
-4.38921e-07
-5.13829e-07
-5.91831e-07
-6.72565e-07
-7.56082e-07
-8.41743e-07
-9.29612e-07
-1.01905e-06
-1.10983e-06
-1.20156e-06
-1.2936e-06
-1.38577e-06
-1.47716e-06
-1.56758e-06
-1.65613e-06
-1.74234e-06
-1.82553e-06
-1.90482e-06
-1.97978e-06
-2.04926e-06
-2.11282e-06
-2.16937e-06
-2.21817e-06
-2.2584e-06
-2.28897e-06
-2.30931e-06
-2.31812e-06
-2.31483e-06
-2.29831e-06
-2.26771e-06
-2.22224e-06
-2.16078e-06
-2.08281e-06
-1.98715e-06
-1.87332e-06
-1.7404e-06
-1.5877e-06
-1.41478e-06
-1.22076e-06
-1.00553e-06
-7.68353e-07
-5.09165e-07
-2.27673e-07
7.6303e-08
4.02486e-07
7.51076e-07
1.12141e-06
1.51335e-06
1.92616e-06
2.35906e-06
2.81134e-06
3.28159e-06
3.76891e-06
4.27151e-06
4.78797e-06
5.31639e-06
5.8546e-06
6.40064e-06
6.95169e-06
7.50546e-06
8.05883e-06
8.60885e-06
9.15233e-06
9.68558e-06
1.02053e-05
1.07073e-05
1.11878e-05
1.16426e-05
1.20672e-05
1.24575e-05
1.28085e-05
1.31158e-05
1.33744e-05
1.35797e-05
1.37266e-05
1.38101e-05
1.38256e-05
1.37678e-05
1.36323e-05
1.3414e-05
1.31085e-05
1.27113e-05
1.22179e-05
1.16247e-05
1.09276e-05
1.01232e-05
9.20853e-06
8.18059e-06
7.03743e-06
5.77685e-06
4.39786e-06
2.8995e-06
1.28162e-06
-4.55135e-07
-2.30993e-06
-4.28052e-06
-6.36462e-06
-8.55863e-06
-1.08583e-05
-1.32587e-05
-1.57536e-05
-1.83365e-05
-2.09991e-05
-2.37329e-05
-2.65282e-05
-2.93741e-05
-3.2259e-05
-3.51701e-05
-3.80938e-05
-4.10154e-05
-4.39192e-05
-4.67889e-05
-4.96067e-05
-5.23545e-05
-5.50131e-05
-5.75625e-05
-5.99822e-05
-6.22505e-05
-6.4346e-05
-6.62459e-05
-6.79276e-05
-6.9368e-05
-7.05434e-05
-7.14309e-05
-7.20066e-05
-7.22474e-05
-7.21304e-05
-7.16327e-05
-7.07327e-05
-6.94087e-05
-6.76407e-05
-6.5409e-05
-6.26956e-05
-5.94838e-05
-5.57583e-05
-5.15058e-05
-4.67147e-05
-4.13756e-05
-3.54816e-05
-2.90278e-05
-2.20125e-05
-1.44363e-05
-6.30322e-06
2.37969e-06
1.16023e-05
2.13504e-05
3.16071e-05
4.23508e-05
5.35566e-05
6.51957e-05
7.72348e-05
8.96371e-05
0.000102361
0.000115361
0.000128588
0.000141986
0.0001555
0.000169065
0.000182616
0.000196083
0.000209391
0.000222462
0.000235216
0.000247569
0.000259431
0.000270715
0.000281326
0.000291171
0.000300153
0.000308174
0.000315137
0.000320943
0.000325492
0.000328688
0.000330433
0.000330632
0.000329193
0.000326025
0.000321044
0.000314167
0.000305317
0.000294424
0.000281422
0.000266254
0.000248869
0.000229226
0.000207292
0.000183045
0.000156472
0.000127573
9.63579e-05
6.285e-05
2.70852e-05
-1.08866e-05
-5.10019e-05
-9.31827e-05
-0.000137336
-0.000183353
-0.000231111
-0.000280469
-0.000331273
-0.000383351
-0.000436516
-0.000490564
-0.000545276
-0.000600418
-0.000655739
-0.000710976
-0.000765849
-0.000820067
-0.000873325
-0.000925305
-0.000975681
-0.00102411
-0.00107026
-0.00111376
-0.00115427
-0.0011914
-0.00122481
-0.00125412
-0.00127896
-0.00129897
-0.00131379
-0.00132307
-0.00132646
-0.00132363
-0.00131426
-0.00129804
-0.00127469
-0.00124394
-0.00120556
-0.00115931
-0.00110501
-0.0010425
-0.000971658
-0.000892379
-0.000804611
-0.000708335
-0.000603575
-0.000490398
-0.000368915
-0.000239284
-0.000101712
4.35439e-05
0.000196178
0.000355829
0.000522086
0.000694483
0.000872501
0.00105557
0.00124305
0.00143427
0.00162851
0.00182496
0.0020228
0.00222115
0.00241907
0.00261559
0.0028097
0.00300035
0.00318644
0.00336685
0.00354044
0.00370604
0.00386246
0.0040085
0.00414294
0.00426458
0.00437221
0.00446463
0.00454065
0.00459911
0.0046389
0.00465889
0.00465806
0.0046354
0.00458996
0.00452087
0.00442733
0.00430861
0.00416408
0.00399319
0.0037955
0.00357069
0.00331854
0.00303895
0.00273196
0.00239773
0.00203657
0.00164894
0.00123542
0.000796763
0.000333879
-0.000152173
-0.000660173
-0.00118874
-0.00173633
-0.00230123
-0.0028816
-0.00347539
-0.00408044
-0.00469442
-0.00531486
-0.00593913
-0.00656449
-0.00718805
-0.00780683
-0.00841771
-0.00901749
-0.00960287
-0.0101705
-0.0107169
-0.0112386
-0.0117322
-0.0121939
-0.0126205
-0.0130082
-0.0133536
-0.0136533
-0.0139039
-0.0141021
-0.0142447
-0.0143287
-0.0143511
-0.0143093
-0.0142007
-0.014023
-0.013774
-0.0134518
-0.0130549
-0.012582
-0.0120321
-0.0114044
-0.0106986
-0.00991468
-0.00905305
-0.00811444
-0.00709998
-0.0060112
-0.00485007
-0.00361893
-0.0023206
-0.000958275
0.000464389
0.00194332
0.00347401
0.00505155
0.00667059
0.0083254
0.0100098
0.0117174
0.0134412
0.0151739
0.0169082
0.018636
0.0203493
0.0220397
0.0236985
0.0253171
0.0268865
0.0283976
0.0298413
0.0312085
0.0324899
0.0336766
0.0347594
0.0357295
0.0365783
0.0372972
0.0378782
0.0383134
0.0385953
0.0387169
0.0386717
0.0384536
0.0380573
0.0374779
0.0367113
0.035754
0.0346033
0.0332574
0.0317151
0.0299764
0.0280418
0.0259129
0.0235925
0.0210839
0.0183917
0.0155214
0.0124796
0.00927383
0.00591258
0.00240546
-0.00123697
-0.00500313
-0.00888053
-0.0128557
-0.0169142
-0.021041
-0.0252198
-0.0294338
-0.0336655
-0.0378966
-0.0421082
-0.0462808
-0.0503946
-0.0544293
-0.0583643
-0.0621788
-0.0658516
-0.0693619
-0.0726887
-0.075811
-0.0787083
-0.0813603
-0.0837473
-0.08585
-0.0876499
-0.0891291
-0.0902707
-0.0910589
-0.0914787
-0.0915166
-0.0911602
-0.0903985
-0.089222
-0.0876229
-0.0855949
-0.0831334
-0.0802359
-0.0769015
-0.0731313
-0.0689285
-0.0642981
-0.0592475
-0.053786
-0.0479251
-0.0416783
-0.0350615
-0.0280925
-0.0207913
-0.0131799
-0.00528253
0.00287475
0.0112639
0.0198551
0.0286166
0.0375151
0.0465156
0.0555819
0.0646762
0.0737596
0.0827921
0.0917329
0.10054
0.109172
0.117586
0.125738
0.133587
0.14109
0.148203
0.154886
0.161098
0.166798
0.171948
0.17651
0.180449
0.183731
0.186322
0.188195
0.189321
0.189676
0.189237
0.187985
0.185906
0.182985
0.179213
0.174585
0.169099
0.162755
0.15556
0.147522
0.138656
0.128977
0.118508
0.107274
0.0953032
0.0826298
0.0692907
0.0553269
0.040783
0.0257076
0.0101524
-0.00582733
-0.0221731
-0.0388235
-0.0557143
-0.0727787
-0.0899476
-0.10715
-0.124312
-0.14136
-0.158218
-0.17481
-0.191057
-0.206883
-0.22221
-0.236962
-0.251061
-0.264434
-0.277006
-0.288706
-0.299465
-0.309215
-0.317894
-0.325439
-0.331796
-0.33691
-0.340733
-0.343221
-0.344335
-0.344041
-0.34231
-0.339119
-0.334453
-0.328299
-0.320653
-0.311517
-0.300899
-0.288814
-0.275284
-0.260337
-0.244008
-0.226338
-0.207377
-0.187179
-0.165805
-0.143323
-0.119808
-0.0953377
-0.0699986
-0.0438813
-0.0170815
0.0103002
0.0381589
0.0663855
0.0948676
0.123489
0.152133
0.180676
0.208998
0.236975
0.264482
0.291394
0.317589
0.342941
0.367331
0.390638
0.412746
0.43354
0.45291
0.470752
0.486963
0.501449
0.514119
0.524891
0.533688
0.540441
0.545088
0.547576
0.54786
0.545904
0.54168
0.535171
0.526369
0.515275
0.501901
0.486268
0.468407
0.44836
0.426179
0.401924
0.375667
0.347489
0.31748
0.285739
0.252375
0.217503
0.18125
0.143747
0.105135
0.0655581
0.02517
-0.0158716
-0.057404
-0.0992602
-0.14127
-0.183259
-0.225052
-0.266472
-0.307342
-0.347484
-0.386721
-0.424879
-0.461785
-0.497269
-0.531167
-0.563318
-0.593568
-0.621768
-0.647776
-0.671459
-0.692692
-0.711358
-0.727351
-0.740574
-0.750941
-0.758379
-0.762824
-0.764227
-0.762548
-0.757762
-0.749858
-0.738835
-0.724707
-0.707503
-0.687262
-0.664038
-0.6379
-0.608927
-0.577212
-0.542862
-0.505993
-0.466736
-0.425231
-0.381631
-0.336098
-0.288802
-0.239926
-0.189657
-0.138192
-0.0857354
-0.0324948
0.0213153
0.0754766
0.129768
0.183965
0.237843
0.291177
0.343742
0.395315
0.445674
0.494604
0.541892
0.58733
0.630718
0.671863
0.710579
0.746691
0.780033
0.810449
0.837796
0.861941
0.882765
0.900163
0.914043
0.924328
0.930954
0.933874
0.933057
0.928485
0.920158
0.908092
0.892317
0.87288
0.849844
0.823288
0.793303
0.76
0.723501
0.683942
0.641474
0.59626
0.548476
0.498309
0.445956
0.391626
0.335534
0.277907
0.218976
0.158979
0.0981617
0.0367703
-0.0249436
-0.0867271
-0.148326
-0.209486
-0.269955
-0.329482
-0.387821
-0.444729
-0.499968
-0.553309
-0.604528
-0.653412
-0.699756
-0.743365
-0.784056
-0.821659
-0.856015
-0.886979
-0.914421
-0.938225
-0.95829
-0.974532
-0.986882
-0.995288
-0.999713
-1.00014
-0.996562
-0.988998
-0.977479
-0.962053
-0.942783
-0.919751
-0.893053
-0.862802
-0.829124
-0.792159
-0.752064
-0.709006
-0.663165
-0.614732
-0.563911
-0.510913
-0.455959
-0.399279
-0.341108
-0.281687
-0.221263
-0.160086
-0.0984086
-0.0364856
0.0254285
0.0870797
0.148216
0.208587
0.267948
0.326057
0.382681
0.437592
0.49057
0.541403
0.589892
0.635844
0.679082
0.719437
0.756756
0.790898
0.821734
0.849153
0.873057
0.893364
0.910006
0.922931
0.932105
0.937508
0.939137
0.937003
0.931134
0.921576
0.908386
0.891638
0.870901
0.833642
0.747173
0.57691
0.336564
0.124465
0.0246637
0.00238047
0
