0
2.56746e-16
3.76325e-15
2.17903e-14
6.69227e-14
4.06975e-13
-3.04172e-12
1.25254e-11
-2.80599e-11
4.15809e-11
-4.65467e-11
4.25127e-11
-3.09253e-11
1.77638e-11
-1.38959e-11
2.52373e-11
-4.44134e-11
5.59288e-11
-5.05594e-11
3.13086e-11
-6.75389e-12
-1.747e-11
3.72725e-11
-4.65238e-11
4.04039e-11
-2.43443e-11
1.26221e-11
-1.61957e-11
3.18652e-11
-4.76267e-11
5.42831e-11
-5.06622e-11
3.73154e-11
-1.43103e-11
-1.44558e-11
3.69926e-11
-4.23644e-11
3.15378e-11
-1.8119e-11
1.41188e-11
-2.10253e-11
3.25175e-11
-4.44215e-11
5.41566e-11
-5.63808e-11
4.32607e-11
-1.55239e-11
-1.43336e-11
3.10935e-11
-3.16136e-11
2.43023e-11
-1.86999e-11
1.69709e-11
-1.92514e-11
2.78506e-11
-4.38071e-11
5.86782e-11
-5.95134e-11
4.14341e-11
-1.43857e-11
-7.7097e-12
1.91597e-11
-2.35085e-11
2.36251e-11
-1.9249e-11
1.2962e-11
-1.36771e-11
2.7195e-11
-4.69535e-11
5.82686e-11
-5.33379e-11
3.73104e-11
-1.95985e-11
3.6381e-12
1.10874e-11
-2.1301e-11
2.13449e-11
-1.2794e-11
7.06667e-12
-1.37677e-11
2.98817e-11
-4.35006e-11
4.76868e-11
-4.47088e-11
3.84004e-11
-2.70641e-11
9.44017e-12
8.29019e-12
-1.59575e-11
1.21596e-11
-6.35345e-12
8.34875e-12
-1.7132e-11
2.55586e-11
-3.04325e-11
3.50169e-11
-3.96366e-11
3.85119e-11
-2.68901e-11
1.01381e-11
1.58226e-12
-4.43969e-12
4.58018e-12
-7.87339e-12
1.28089e-11
-1.4433e-11
1.38185e-11
-1.66793e-11
2.45712e-11
-3.09002e-11
2.92847e-11
-2.13885e-11
1.40279e-11
-9.55508e-12
4.09892e-12
4.69409e-12
-1.23702e-11
1.2967e-11
-7.56595e-12
3.3079e-12
-4.92598e-12
9.69387e-12
-1.30747e-11
1.4665e-11
-1.72607e-11
1.96458e-11
-1.67005e-11
5.64698e-12
7.77145e-12
-1.48405e-11
1.17585e-11
-3.27247e-12
-4.66226e-12
9.35549e-12
-1.13998e-11
8.97442e-12
-2.06839e-13
-1.28087e-11
2.1083e-11
-1.74498e-11
3.13416e-12
1.14015e-11
-1.73389e-11
1.27146e-11
-1.95077e-12
-1.17359e-11
2.53745e-11
-3.42779e-11
3.09901e-11
-1.45165e-11
-6.18992e-12
1.68426e-11
-1.18543e-11
-2.63295e-12
1.51589e-11
-2.00526e-11
1.64149e-11
-4.13682e-12
-1.72565e-11
4.11938e-11
-5.46232e-11
4.7718e-11
-2.56302e-11
4.03677e-12
4.75177e-12
-1.17528e-12
-7.86669e-12
1.748e-11
-2.49686e-11
2.39659e-11
-7.18396e-12
-2.32354e-11
5.21398e-11
-6.32706e-11
5.40671e-11
-3.56721e-11
2.01165e-11
-1.09988e-11
7.74845e-12
-1.13977e-11
2.21684e-11
-3.19659e-11
2.81737e-11
-5.75867e-12
-2.50459e-11
4.85397e-11
-5.67634e-11
5.35984e-11
-4.51273e-11
3.41882e-11
-2.22666e-11
1.50355e-11
-1.73494e-11
2.65309e-11
-3.13319e-11
2.32818e-11
-4.00189e-12
-1.66747e-11
3.17623e-11
-4.0593e-11
4.55486e-11
-4.58047e-11
3.98924e-11
-2.98138e-11
2.20761e-11
-2.04669e-11
2.21003e-11
-2.01774e-11
1.25057e-11
-3.13659e-12
-3.23798e-12
7.97556e-12
-1.58482e-11
2.75222e-11
-3.68408e-11
3.7686e-11
-3.10736e-11
2.29693e-11
-1.64008e-11
9.03389e-12
-2.09178e-13
-4.67916e-12
-3.50867e-13
1.16467e-11
-1.76315e-11
1.03122e-11
5.4857e-12
-1.90803e-11
2.45138e-11
-2.37268e-11
1.7859e-11
-5.24494e-12
-1.3011e-11
2.61773e-11
-2.27859e-11
2.45014e-12
2.06864e-11
-3.24066e-11
2.91038e-11
-1.78752e-11
5.09125e-12
5.69606e-12
-1.11146e-11
4.7391e-12
1.42409e-11
-3.64509e-11
4.59247e-11
-3.50309e-11
9.59415e-12
1.60545e-11
-3.22902e-11
3.71185e-11
-3.36911e-11
2.45329e-11
-1.387e-11
8.20594e-12
-1.43382e-11
3.09709e-11
-4.77812e-11
5.18815e-11
-3.9636e-11
1.81432e-11
2.0482e-12
-1.68079e-11
2.74781e-11
-3.48092e-11
3.60277e-11
-3.0992e-11
2.5936e-11
-2.82087e-11
3.66863e-11
-4.22533e-11
3.8534e-11
-2.92563e-11
2.20897e-11
-1.75924e-11
9.09588e-12
6.93907e-12
-2.43782e-11
3.46459e-11
-3.62526e-11
3.45749e-11
-3.22537e-11
2.65196e-11
-1.58095e-11
6.65518e-12
-7.55205e-12
1.87114e-11
-2.92764e-11
2.82594e-11
-1.40651e-11
-5.23659e-12
2.12024e-11
-2.96152e-11
2.95582e-11
-1.97106e-11
1.24015e-12
1.88322e-11
-2.83863e-11
1.9914e-11
2.18081e-12
-2.32279e-11
3.07163e-11
-2.32421e-11
9.25994e-12
2.81629e-12
-9.28636e-12
8.55518e-12
2.33943e-12
-2.3103e-11
4.46274e-11
-5.27565e-11
4.13147e-11
-1.88041e-11
-1.6922e-13
8.9626e-12
-1.18778e-11
1.44817e-11
-1.6516e-11
1.57647e-11
-1.54821e-11
2.17592e-11
-3.4923e-11
4.65931e-11
-4.89266e-11
4.26367e-11
-3.5119e-11
2.98657e-11
-2.31129e-11
9.36219e-12
9.66681e-12
-2.62247e-11
3.3399e-11
-3.19489e-11
2.71105e-11
-2.32983e-11
2.06193e-11
-1.94441e-11
2.23129e-11
-3.16033e-11
4.2091e-11
-4.27707e-11
2.6018e-11
1.97238e-12
-2.59094e-11
3.39079e-11
-2.70457e-11
1.32169e-11
1.29767e-12
-1.41721e-11
2.05458e-11
-1.41342e-11
-5.12101e-12
2.50803e-11
-3.09971e-11
1.88623e-11
4.42132e-13
-1.31031e-11
1.34926e-11
-5.3058e-12
-6.91424e-12
2.12089e-11
-3.56633e-11
4.46929e-11
-4.29525e-11
3.1123e-11
-1.71545e-11
8.85902e-12
-6.78988e-12
4.41719e-12
3.3369e-12
-1.39139e-11
2.02097e-11
-2.00171e-11
1.93428e-11
-2.5294e-11
3.71912e-11
-4.76017e-11
5.12691e-11
-4.93443e-11
4.37879e-11
-3.16565e-11
9.76389e-12
1.63007e-11
-3.27004e-11
3.017e-11
-1.39479e-11
-8.77515e-13
3.4416e-12
5.82587e-12
-1.97916e-11
3.2591e-11
-4.08377e-11
4.08359e-11
-2.87794e-11
6.2391e-12
1.68891e-11
-2.73952e-11
1.93359e-11
5.82329e-13
-1.85549e-11
2.56445e-11
-2.36195e-11
1.95312e-11
-1.64193e-11
1.19912e-11
-5.38615e-12
9.89332e-13
-2.78227e-12
7.30809e-12
-6.64634e-12
-1.66812e-12
1.12897e-11
-1.59164e-11
1.81182e-11
-2.62262e-11
4.24739e-11
-5.83644e-11
6.23504e-11
-5.10549e-11
3.07726e-11
-1.06243e-11
-4.41214e-12
1.30259e-11
-1.46084e-11
8.62651e-12
1.22866e-12
-5.96219e-12
-3.49462e-12
2.63871e-11
-5.00202e-11
5.86957e-11
-4.76306e-11
2.56024e-11
-5.52175e-12
-7.02418e-12
1.30407e-11
-1.32724e-11
5.58308e-12
8.33712e-12
-2.01978e-11
2.14638e-11
-1.33737e-11
5.44966e-12
-5.23009e-12
1.00629e-11
-1.20429e-11
7.53813e-12
-1.44753e-12
4.30773e-13
-5.26269e-12
9.20948e-12
-5.22827e-12
-7.80291e-12
2.47893e-11
-4.07553e-11
5.37588e-11
-6.22116e-11
6.07227e-11
-4.45023e-11
1.76935e-11
5.02521e-12
-1.04579e-11
-6.99216e-13
1.44628e-11
-1.76427e-11
8.06811e-12
7.72234e-12
-2.37849e-11
3.75616e-11
-4.63706e-11
4.52465e-11
-3.18777e-11
1.15204e-11
4.84704e-12
-9.43462e-12
3.94728e-12
2.80071e-12
-4.5611e-12
3.75586e-12
-7.6727e-12
1.82934e-11
-2.86014e-11
2.98664e-11
-2.16852e-11
1.17381e-11
-6.70879e-12
6.21805e-12
-7.19521e-12
9.8811e-12
-1.5964e-11
2.13174e-11
-1.6018e-11
-5.97154e-12
3.78413e-11
-6.34593e-11
6.99735e-11
-5.75355e-11
3.70444e-11
-2.02251e-11
1.15087e-11
-8.79747e-12
9.14707e-12
-1.20199e-11
1.60601e-11
-1.62409e-11
7.40809e-12
8.11592e-12
-2.05214e-11
2.20088e-11
-1.55717e-11
1.07162e-11
-1.16856e-11
1.23695e-11
-4.94103e-12
-9.71281e-12
2.15412e-11
-2.12593e-11
8.00601e-12
1.14517e-11
-2.96944e-11
4.26109e-11
-4.86315e-11
4.58565e-11
-3.35589e-11
1.62002e-11
-4.57261e-12
7.90873e-12
-2.40999e-11
3.87571e-11
-3.7795e-11
1.98748e-11
3.84678e-12
-2.23406e-11
3.32172e-11
-3.98613e-11
4.30995e-11
-4.03159e-11
3.06486e-11
-1.86065e-11
9.85949e-12
-5.85017e-12
3.10013e-12
8.91674e-13
-3.33883e-12
-1.80311e-12
1.54911e-11
-2.93712e-11
3.14054e-11
-1.83592e-11
3.23899e-13
7.9647e-12
-9.49665e-13
-1.4869e-11
2.9254e-11
-3.70176e-11
3.70078e-11
-2.77372e-11
7.62525e-12
1.93314e-11
-4.26959e-11
5.22133e-11
-4.67607e-11
3.51041e-11
-2.80998e-11
2.86698e-11
-3.04427e-11
2.56827e-11
-1.5044e-11
7.02319e-12
-8.21654e-12
1.51302e-11
-1.84297e-11
1.30934e-11
-2.62787e-12
-7.17089e-12
1.40309e-11
-1.78879e-11
1.58101e-11
-3.47124e-12
-1.80763e-11
3.84189e-11
-4.39976e-11
2.88641e-11
-7.49603e-13
-2.4772e-11
3.64874e-11
-3.57577e-11
3.20302e-11
-3.19397e-11
3.35872e-11
-3.23799e-11
2.85197e-11
-2.6594e-11
2.8073e-11
-2.89401e-11
2.50767e-11
-1.8111e-11
1.2578e-11
-9.16172e-12
2.59699e-12
1.15615e-11
-2.96637e-11
3.99461e-11
-3.21888e-11
7.72478e-12
1.94158e-11
-3.35995e-11
2.9693e-11
-1.49677e-11
-7.49994e-13
1.33518e-11
-2.34681e-11
3.01078e-11
-3.04722e-11
2.5106e-11
-2.04009e-11
2.25408e-11
-3.07976e-11
3.76771e-11
-3.69631e-11
3.00486e-11
-2.46035e-11
2.55298e-11
-2.84148e-11
2.24988e-11
-2.48191e-12
-2.41415e-11
4.22436e-11
-4.26495e-11
2.84535e-11
-9.52781e-12
-6.98387e-12
1.83501e-11
-2.26431e-11
1.71075e-11
-2.39705e-12
-1.47529e-11
2.47982e-11
-2.35154e-11
1.59537e-11
-1.24531e-11
1.85288e-11
-2.94033e-11
3.48703e-11
-3.11262e-11
2.51689e-11
-2.68281e-11
3.66302e-11
-4.47234e-11
4.07053e-11
-2.34548e-11
1.80967e-13
2.06146e-11
-3.42942e-11
3.89421e-11
-3.34284e-11
1.78084e-11
3.26526e-12
-2.01331e-11
2.31883e-11
-1.15977e-11
-4.65378e-12
1.30652e-11
-1.08896e-11
6.76732e-12
-1.03346e-11
2.10118e-11
-2.96521e-11
2.91601e-11
-2.22584e-11
1.78805e-11
-2.24164e-11
3.39743e-11
-4.50649e-11
4.89255e-11
-4.3903e-11
3.14618e-11
-1.29423e-11
-1.01133e-11
3.14982e-11
-4.08774e-11
3.17922e-11
-1.0037e-11
-9.78746e-12
1.66319e-11
-1.21261e-11
6.29247e-12
-6.36593e-12
9.68276e-12
-7.89163e-12
-3.61369e-12
1.97675e-11
-3.03603e-11
2.96494e-11
-2.18572e-11
1.58261e-11
-1.65019e-11
2.23558e-11
-3.06556e-11
4.0497e-11
-5.01279e-11
5.32998e-11
-4.30389e-11
1.91746e-11
8.26532e-12
-2.56407e-11
2.59227e-11
-1.42676e-11
2.49192e-12
1.99764e-12
-2.90057e-12
8.8961e-12
-2.20991e-11
3.36954e-11
-3.2889e-11
1.77078e-11
3.3357e-12
-1.98669e-11
2.71721e-11
-2.70093e-11
2.29888e-11
-1.78634e-11
1.37776e-11
-1.41911e-11
2.23549e-11
-3.70965e-11
4.98857e-11
-5.02714e-11
3.56007e-11
-1.51629e-11
1.56602e-12
1.02605e-12
3.82083e-13
2.58051e-12
-9.7195e-12
1.19075e-11
-8.58639e-13
-2.1978e-11
4.48035e-11
-5.47261e-11
4.74909e-11
-2.94747e-11
9.91511e-12
6.20097e-12
-1.81824e-11
2.47532e-11
-2.38851e-11
1.68636e-11
-1.03622e-11
1.09737e-11
-1.87681e-11
2.65741e-11
-2.71373e-11
2.02156e-11
-1.34407e-11
1.42797e-11
-2.13838e-11
2.42684e-11
-1.44702e-11
-4.13378e-12
1.69705e-11
-1.21946e-11
-9.1604e-12
3.49579e-11
-5.28888e-11
5.81966e-11
-5.36904e-11
4.387e-11
-3.09377e-11
1.51648e-11
1.18089e-12
-1.33544e-11
1.80649e-11
-1.75341e-11
1.62781e-11
-1.49608e-11
9.19932e-12
3.24811e-12
-1.67454e-11
2.06343e-11
-9.56658e-12
-1.02243e-11
2.45056e-11
-2.29603e-11
8.16871e-12
6.0205e-12
-7.10974e-12
-5.4359e-12
2.14231e-11
-3.16444e-11
3.55772e-11
-3.87001e-11
4.39138e-11
-4.82352e-11
4.60912e-11
-3.52794e-11
1.86283e-11
-1.58218e-12
-1.20112e-11
2.03446e-11
-2.1362e-11
1.14987e-11
9.579e-12
-3.42043e-11
4.92113e-11
-4.67338e-11
3.11954e-11
-1.53781e-11
8.50003e-12
-8.97539e-12
7.33648e-12
2.94036e-12
-1.80888e-11
2.67958e-11
-2.19466e-11
8.49902e-12
4.48578e-13
3.55201e-12
-1.72515e-11
2.99513e-11
-3.36587e-11
2.76975e-11
-1.66469e-11
5.16315e-12
4.10312e-12
-9.62578e-12
8.76047e-12
7.52724e-13
-1.7217e-11
3.36889e-11
-4.3577e-11
4.66254e-11
-4.82726e-11
5.1359e-11
-5.11039e-11
3.92204e-11
-1.40959e-11
-1.4666e-11
3.15362e-11
-2.73288e-11
7.01215e-12
1.38424e-11
-2.2729e-11
1.9898e-11
-1.53672e-11
1.66039e-11
-2.15531e-11
2.22732e-11
-1.43691e-11
1.17231e-12
9.41945e-12
-1.23071e-11
8.83032e-12
-4.74312e-12
4.23776e-12
-7.61915e-12
1.36369e-11
-2.25861e-11
3.39015e-11
-4.28268e-11
4.18961e-11
-2.82387e-11
7.70904e-12
8.32382e-12
-1.20228e-11
4.97342e-12
3.78738e-12
-7.50189e-12
8.92738e-12
-1.76172e-11
3.7965e-11
-6.17155e-11
7.31043e-11
-6.28887e-11
3.6214e-11
-8.29546e-12
-7.93426e-12
1.02037e-11
-6.01964e-12
3.33119e-12
-3.05529e-12
-1.91385e-15
8.94251e-12
-2.04439e-11
2.79413e-11
-2.81765e-11
2.26042e-11
-1.46227e-11
6.25671e-12
1.4203e-12
-6.80611e-12
7.19107e-12
-1.75783e-12
-5.43412e-12
6.11025e-12
4.93912e-12
-2.34082e-11
3.72916e-11
-3.77377e-11
2.68494e-11
-1.51953e-11
1.10674e-11
-1.308e-11
1.19669e-11
-1.13185e-12
-1.48154e-11
2.19114e-11
-9.64959e-12
-1.86537e-11
4.77097e-11
-6.3172e-11
6.17179e-11
-5.07405e-11
3.92482e-11
-3.04863e-11
2.12762e-11
-8.31957e-12
-6.31719e-12
1.56e-11
-1.43455e-11
3.58631e-12
1.12597e-11
-2.56667e-11
3.71202e-11
-4.34933e-11
4.20325e-11
-3.19202e-11
1.65735e-11
-3.47955e-12
-8.67979e-13
-3.45729e-12
8.71819e-12
-6.8037e-12
-2.50919e-12
1.06794e-11
-9.67891e-12
7.51995e-13
5.9485e-12
-1.52932e-12
-1.25945e-11
2.44213e-11
-2.17614e-11
3.66374e-12
1.71891e-11
-2.55121e-11
1.64038e-11
1.70918e-12
-1.68133e-11
2.38063e-11
-2.71033e-11
3.36423e-11
-4.46416e-11
5.29719e-11
-4.97947e-11
3.30265e-11
-9.91113e-12
-9.34885e-12
1.85895e-11
-1.76411e-11
8.77211e-12
5.68771e-12
-2.33326e-11
4.01845e-11
-5.15744e-11
5.43418e-11
-4.955e-11
4.1455e-11
-3.33809e-11
2.3935e-11
-1.0094e-11
-6.56727e-12
1.77702e-11
-1.51854e-11
-1.55042e-12
2.24957e-11
-3.44767e-11
3.13609e-11
-1.96003e-11
1.19039e-11
-1.50967e-11
2.33741e-11
-2.50213e-11
1.45938e-11
1.00974e-12
-9.23424e-12
3.56133e-12
9.77714e-12
-1.71949e-11
9.70675e-12
8.47166e-12
-2.40537e-11
2.66032e-11
-1.7143e-11
4.78347e-12
2.43262e-12
-3.88461e-12
4.39791e-12
-8.11258e-12
1.31328e-11
-1.31318e-11
3.52995e-12
1.35931e-11
-3.18483e-11
4.54241e-11
-5.17407e-11
4.99782e-11
-4.02118e-11
2.37429e-11
-4.65064e-12
-1.08565e-11
1.71118e-11
-1.32249e-11
3.53619e-12
6.45506e-12
-1.5895e-11
2.82751e-11
-4.54972e-11
6.21209e-11
-6.7894e-11
5.59849e-11
-3.0345e-11
4.24468e-12
8.91182e-12
-6.37579e-12
-2.77283e-12
7.19018e-12
-4.99407e-12
4.50122e-12
-1.47158e-11
3.46792e-11
-5.26931e-11
5.53194e-11
-3.9678e-11
1.66745e-11
-2.04913e-12
2.48998e-12
-1.13527e-11
1.63793e-11
-1.17762e-11
2.41363e-12
1.65913e-12
4.40104e-12
-1.55912e-11
2.15811e-11
-1.69302e-11
5.88071e-12
1.85584e-12
-3.81599e-13
-8.24623e-12
1.68489e-11
-1.97489e-11
1.6136e-11
-9.30535e-12
2.38907e-12
4.0765e-12
-1.12007e-11
1.82651e-11
-2.266e-11
2.23698e-11
-1.79661e-11
1.09005e-11
-2.05369e-12
-8.33109e-12
1.86593e-11
-2.49629e-11
2.16942e-11
-6.47894e-12
-1.60344e-11
3.56985e-11
-4.47269e-11
4.31878e-11
-3.76085e-11
3.35392e-11
-3.01975e-11
2.13157e-11
-3.0523e-12
-1.92595e-11
3.23806e-11
-2.59083e-11
1.68996e-12
2.66051e-11
-4.46457e-11
4.81043e-11
-4.43839e-11
4.34222e-11
-4.72727e-11
4.74667e-11
-3.42124e-11
7.88413e-12
1.81714e-11
-2.81072e-11
1.64693e-11
7.51879e-12
-2.84055e-11
3.67835e-11
-3.593e-11
3.61593e-11
-4.3168e-11
5.12574e-11
-4.94681e-11
3.29169e-11
-8.6696e-12
-9.69337e-12
1.24045e-11
-1.12405e-12
-1.35463e-11
2.16538e-11
-2.23149e-11
2.19104e-11
-2.61209e-11
3.37442e-11
-3.84256e-11
3.45619e-11
-2.29442e-11
1.02801e-11
-3.77478e-12
5.01045e-12
-1.00547e-11
1.38444e-11
-1.45751e-11
1.35016e-11
-1.27607e-11
1.29287e-11
-1.32257e-11
1.27378e-11
-1.19861e-11
1.20011e-11
-1.29914e-11
1.37552e-11
-1.36345e-11
1.33608e-11
-1.40782e-11
1.48335e-11
-1.2845e-11
5.84607e-12
4.69548e-12
-1.35782e-11
1.49316e-11
-7.55526e-12
-3.56535e-12
1.12063e-11
-1.27517e-11
1.17303e-11
-1.35097e-11
1.87895e-11
-2.19721e-11
1.53262e-11
2.82146e-12
-2.44826e-11
3.70442e-11
-3.40124e-11
1.98932e-11
-5.71018e-12
-9.77692e-13
1.72674e-12
-4.75284e-12
1.50951e-11
-2.75937e-11
2.98865e-11
-1.43802e-11
-1.37563e-11
3.94433e-11
-4.94776e-11
4.21615e-11
-2.77902e-11
1.82567e-11
-1.61085e-11
1.30983e-11
-6.87323e-13
-1.94931e-11
3.47898e-11
-3.19736e-11
8.77633e-12
2.26652e-11
-4.52024e-11
5.00545e-11
-4.27281e-11
3.52503e-11
-3.39392e-11
3.36512e-11
-2.43348e-11
2.3939e-12
2.29635e-11
-3.59306e-11
2.69165e-11
-1.16251e-12
-2.59139e-11
4.11869e-11
-4.35351e-11
4.15948e-11
-4.35745e-11
4.81473e-11
-4.59593e-11
2.93685e-11
-2.02297e-12
-2.22293e-11
2.96499e-11
-1.76776e-11
-4.17247e-12
2.27675e-11
-3.20573e-11
3.58027e-11
-4.1554e-11
5.0977e-11
-5.70884e-11
5.0511e-11
-2.95009e-11
2.83132e-12
1.60642e-11
-1.91605e-11
8.7442e-12
5.59635e-12
-1.60994e-11
2.26169e-11
-3.05211e-11
4.26362e-11
-5.4913e-11
5.88849e-11
-4.91183e-11
2.82622e-11
-6.32509e-12
-6.83058e-12
8.29602e-12
-2.74669e-12
-3.84029e-12
9.4119e-12
-1.65256e-11
2.80331e-11
-4.27739e-11
5.42771e-11
-5.55622e-11
4.49619e-11
-2.78721e-11
1.20563e-11
-2.61271e-12
-4.04208e-13
-5.72293e-14
1.57846e-12
-5.2324e-12
1.36486e-11
-2.70256e-11
4.10586e-11
-4.99076e-11
4.98027e-11
-4.14367e-11
2.90637e-11
-1.77656e-11
9.76548e-12
-4.46632e-12
9.48578e-13
-2.28948e-13
4.00854e-12
-1.3019e-11
2.54855e-11
-3.74617e-11
4.44424e-11
-4.45859e-11
3.92273e-11
-3.11603e-11
2.23358e-11
-1.39927e-11
6.84298e-12
-1.85708e-12
4.36025e-13
-4.14422e-12
1.26429e-11
-2.34364e-11
3.31609e-11
-3.95134e-11
4.12847e-11
-3.86906e-11
3.28553e-11
-2.51849e-11
1.65697e-11
-8.45562e-12
2.8269e-12
-1.4144e-12
4.53106e-12
-1.15617e-11
2.07665e-11
-2.97684e-11
3.63188e-11
-3.94781e-11
3.8861e-11
-3.45243e-11
2.71498e-11
-1.84497e-11
1.01469e-11
-4.04455e-12
1.72533e-12
-4.04476e-12
1.01473e-11
-1.84504e-11
2.71505e-11
-3.45251e-11
3.88617e-11
-3.94787e-11
3.63192e-11
-2.97687e-11
2.07666e-11
-1.15616e-11
4.53079e-12
-1.41389e-12
2.82622e-12
-8.45493e-12
1.65692e-11
-2.51845e-11
3.28551e-11
-3.86905e-11
4.12846e-11
-3.95133e-11
3.31609e-11
-2.34367e-11
1.26433e-11
-4.14472e-12
4.36396e-13
-1.85726e-12
6.84302e-12
-1.39927e-11
2.23359e-11
-3.11605e-11
3.92274e-11
-4.45859e-11
4.44421e-11
-3.74613e-11
2.54853e-11
-1.3019e-11
4.00862e-12
-2.28979e-13
9.48456e-13
-4.46609e-12
9.7653e-12
-1.77656e-11
2.90638e-11
-4.14369e-11
4.98028e-11
-4.99075e-11
4.10584e-11
-2.70256e-11
1.36487e-11
-5.23269e-12
1.57868e-12
-5.72297e-14
-4.04408e-13
-2.61248e-12
1.20562e-11
-2.78722e-11
4.49621e-11
-5.55623e-11
5.4277e-11
-4.27736e-11
2.80329e-11
-1.65257e-11
9.41212e-12
-3.84056e-12
-2.74654e-12
8.29606e-12
-6.83073e-12
-6.32497e-12
2.82622e-11
-4.91183e-11
5.8885e-11
-5.49129e-11
4.26361e-11
-3.05209e-11
2.26167e-11
-1.60994e-11
5.59639e-12
8.74408e-12
-1.91603e-11
1.6064e-11
2.83149e-12
-2.95011e-11
5.05112e-11
-5.70885e-11
5.09771e-11
-4.15542e-11
3.58027e-11
-3.20572e-11
2.27673e-11
-4.17217e-12
-1.76779e-11
2.96501e-11
-2.22295e-11
-2.02287e-12
2.93684e-11
-4.59592e-11
4.81471e-11
-4.35744e-11
4.15949e-11
-4.35353e-11
4.11871e-11
-2.59141e-11
-1.16243e-12
2.69165e-11
-3.59305e-11
2.29633e-11
2.39417e-12
-2.43351e-11
3.36513e-11
-3.39393e-11
3.52503e-11
-4.27281e-11
5.00544e-11
-4.52023e-11
2.26651e-11
8.7766e-12
-3.1974e-11
3.47903e-11
-1.94936e-11
-6.86987e-13
1.30981e-11
-1.61084e-11
1.82567e-11
-2.77902e-11
4.21617e-11
-4.94779e-11
3.94438e-11
-1.3757e-11
-1.43796e-11
2.98861e-11
-2.75936e-11
1.50951e-11
-4.75293e-12
1.72686e-12
-9.77878e-13
-5.70984e-12
1.98927e-11
-3.40117e-11
3.70436e-11
-2.44822e-11
2.82145e-12
1.5326e-11
-2.19717e-11
1.87892e-11
-1.35094e-11
1.173e-11
-1.27513e-11
1.12057e-11
-3.56482e-12
-7.55558e-12
1.49315e-11
-1.35778e-11
4.69496e-12
5.84657e-12
-1.28454e-11
1.48338e-11
-1.40786e-11
1.33612e-11
-1.36351e-11
1.37556e-11
-1.29916e-11
1.2001e-11
-1.19858e-11
1.27375e-11
-1.32256e-11
1.29286e-11
-1.27604e-11
1.35012e-11
-1.45746e-11
1.3844e-11
-1.00544e-11
5.01031e-12
-3.77471e-12
1.028e-11
-2.2944e-11
3.45618e-11
-3.84256e-11
3.37443e-11
-2.61212e-11
2.19107e-11
-2.23152e-11
2.1654e-11
-1.35464e-11
-1.1239e-12
1.24043e-11
-9.69306e-12
-8.66987e-12
3.29171e-11
-4.9468e-11
5.12572e-11
-4.31679e-11
3.61592e-11
-3.59301e-11
3.67836e-11
-2.84056e-11
7.51877e-12
1.64694e-11
-2.81073e-11
1.81715e-11
7.88418e-12
-3.42124e-11
4.74667e-11
-4.72726e-11
4.34221e-11
-4.43837e-11
4.81041e-11
-4.46455e-11
2.66049e-11
1.69017e-12
-2.59084e-11
3.23806e-11
-1.92595e-11
-3.05218e-12
2.13155e-11
-3.01972e-11
3.35391e-11
-3.76086e-11
4.31881e-11
-4.47272e-11
3.56987e-11
-1.60345e-11
-6.47884e-12
2.16939e-11
-2.49624e-11
1.86587e-11
-8.33058e-12
-2.05393e-12
1.09005e-11
-1.7966e-11
2.23697e-11
-2.266e-11
1.8265e-11
-1.12005e-11
4.07605e-12
2.38954e-12
-9.3057e-12
1.61362e-11
-1.97489e-11
1.6849e-11
-8.24642e-12
-3.81409e-13
1.8558e-12
5.88058e-12
-1.693e-11
2.1581e-11
-1.55913e-11
4.40125e-12
1.65892e-12
2.41372e-12
-1.17762e-11
1.63792e-11
-1.13526e-11
2.49001e-12
-2.04913e-12
1.66744e-11
-3.96777e-11
5.5319e-11
-5.26927e-11
3.46789e-11
-1.47157e-11
4.50109e-12
-4.99395e-12
7.19007e-12
-2.77278e-12
-6.37574e-12
8.91167e-12
4.24489e-12
-3.03452e-11
5.59851e-11
-6.78942e-11
6.21209e-11
-4.54972e-11
2.82752e-11
-1.58951e-11
6.4552e-12
3.53607e-12
-1.32248e-11
1.71118e-11
-1.08565e-11
-4.65076e-12
2.37431e-11
-4.02121e-11
4.99784e-11
-5.17409e-11
4.54242e-11
-3.18483e-11
1.35931e-11
3.52997e-12
-1.3132e-11
1.3133e-11
-8.11294e-12
4.39832e-12
-3.88501e-12
2.43306e-12
4.78292e-12
-1.71423e-11
2.66025e-11
-2.40531e-11
8.47132e-12
9.70681e-12
-1.71948e-11
9.77697e-12
3.56149e-12
-9.23444e-12
1.01012e-12
1.45932e-11
-2.50204e-11
2.33731e-11
-1.50957e-11
1.19031e-11
-1.95997e-11
3.13606e-11
-3.44765e-11
2.24955e-11
-1.55022e-12
-1.51856e-11
1.77702e-11
-6.56697e-12
-1.00946e-11
2.39358e-11
-3.33817e-11
4.14556e-11
-4.95504e-11
5.43421e-11
-5.15748e-11
4.0185e-11
-2.33331e-11
5.68812e-12
8.77186e-12
-1.7641e-11
1.85895e-11
-9.3489e-12
-9.91099e-12
3.30263e-11
-4.97946e-11
5.29718e-11
-4.46417e-11
3.36424e-11
-2.71032e-11
2.38059e-11
-1.68127e-11
1.70874e-12
1.64039e-11
-2.5512e-11
1.71889e-11
3.66366e-12
-2.1761e-11
2.44208e-11
-1.25941e-11
-1.52946e-12
5.94849e-12
7.5198e-13
-9.67876e-12
1.06792e-11
-2.50894e-12
-6.80386e-12
8.71827e-12
-3.45731e-12
-8.68027e-13
-3.47938e-12
1.65731e-11
-3.19197e-11
4.2032e-11
-4.34929e-11
3.712e-11
-2.56666e-11
1.12596e-11
3.58653e-12
-1.43459e-11
1.56004e-11
-6.31737e-12
-8.3196e-12
2.12764e-11
-3.04866e-11
3.92482e-11
-5.07404e-11
6.17177e-11
-6.31718e-11
4.77096e-11
-1.86538e-11
-9.64926e-12
2.19111e-11
-1.48152e-11
-1.13194e-12
1.19669e-11
-1.30799e-11
1.10673e-11
-1.51953e-11
2.68495e-11
-3.77379e-11
3.72918e-11
-2.34082e-11
4.93903e-12
6.11037e-12
-5.43412e-12
-1.75804e-12
7.19148e-12
-6.80653e-12
1.42054e-12
6.25677e-12
-1.4623e-11
2.26046e-11
-2.81768e-11
2.79416e-11
-2.04441e-11
8.94273e-12
-2.12111e-15
-3.05517e-12
3.33122e-12
-6.01984e-12
1.02041e-11
-7.93462e-12
-8.29513e-12
3.62138e-11
-6.28885e-11
7.31041e-11
-6.17155e-11
3.79651e-11
-1.76175e-11
8.92779e-12
-7.50232e-12
3.7877e-12
4.97332e-12
-1.2023e-11
8.32411e-12
7.70873e-12
-2.82385e-11
4.18959e-11
-4.28267e-11
3.39014e-11
-2.2586e-11
1.36368e-11
-7.61921e-12
4.23798e-12
-4.74345e-12
8.83069e-12
-1.23074e-11
9.41959e-12
1.17232e-12
-1.43691e-11
2.22732e-11
-2.1553e-11
1.66037e-11
-1.5367e-11
1.98979e-11
-2.27289e-11
1.38424e-11
7.01228e-12
-2.7329e-11
3.15362e-11
-1.46658e-11
-1.40964e-11
3.9221e-11
-5.11045e-11
5.13595e-11
-4.82729e-11
4.66256e-11
-4.35771e-11
3.36889e-11
-1.7217e-11
7.5266e-13
8.76057e-12
-9.62589e-12
4.10326e-12
5.16297e-12
-1.66467e-11
2.76974e-11
-3.36588e-11
2.99515e-11
-1.72517e-11
3.55204e-12
4.48774e-13
8.49867e-12
-2.19462e-11
2.67956e-11
-1.80887e-11
2.94035e-12
7.33652e-12
-8.97546e-12
8.50005e-12
-1.53781e-11
3.11953e-11
-4.67338e-11
4.92114e-11
-3.42045e-11
9.57924e-12
1.14985e-11
-2.13619e-11
2.03445e-11
-1.20112e-11
-1.58222e-12
1.86282e-11
-3.52791e-11
4.60908e-11
-4.82347e-11
4.39133e-11
-3.86997e-11
3.55769e-11
-3.16443e-11
2.14232e-11
-5.43619e-12
-7.10946e-12
6.02035e-12
8.16874e-12
-2.29603e-11
2.45057e-11
-1.02244e-11
-9.56654e-12
2.06345e-11
-1.67457e-11
3.24854e-12
9.19896e-12
-1.49606e-11
1.62781e-11
-1.75342e-11
1.80651e-11
-1.33548e-11
1.18128e-12
1.51645e-11
-3.09375e-11
4.38698e-11
-5.369e-11
5.81962e-11
-5.28884e-11
3.49577e-11
-9.16051e-12
-1.21942e-11
1.69701e-11
-4.13355e-12
-1.44702e-11
2.42683e-11
-2.13838e-11
1.42799e-11
-1.34408e-11
2.02158e-11
-2.71374e-11
2.65742e-11
-1.87681e-11
1.09736e-11
-1.03619e-11
1.68634e-11
-2.38852e-11
2.47536e-11
-1.81828e-11
6.20132e-12
9.91505e-12
-2.94749e-11
4.74912e-11
-5.47262e-11
4.48034e-11
-2.19779e-11
-8.58685e-13
1.19075e-11
-9.71961e-12
2.58066e-12
3.82008e-13
1.02601e-12
1.56608e-12
-1.51628e-11
3.56005e-11
-5.0271e-11
4.98855e-11
-3.70965e-11
2.23552e-11
-1.41914e-11
1.37778e-11
-1.78634e-11
2.29887e-11
-2.70092e-11
2.71721e-11
-1.9867e-11
3.33586e-12
1.77076e-11
-3.28888e-11
3.36951e-11
-2.20987e-11
8.89565e-12
-2.90014e-12
1.99733e-12
2.49211e-12
-1.42677e-11
2.59228e-11
-2.56406e-11
8.26506e-12
1.91751e-11
-4.30395e-11
5.33003e-11
-5.01281e-11
4.0497e-11
-3.06555e-11
2.23557e-11
-1.65019e-11
1.5826e-11
-2.18569e-11
2.96491e-11
-3.036e-11
1.97676e-11
-3.61398e-12
-7.89123e-12
9.68242e-12
-6.36565e-12
6.29218e-12
-1.21257e-11
1.66315e-11
-9.78712e-12
-1.00371e-11
3.1792e-11
-4.08772e-11
3.1498e-11
-1.01132e-11
-1.29424e-11
3.14619e-11
-4.39031e-11
4.89254e-11
-4.50647e-11
3.3974e-11
-2.24161e-11
1.78804e-11
-2.22584e-11
2.91602e-11
-2.96522e-11
2.1012e-11
-1.0335e-11
6.76794e-12
-1.08904e-11
1.30659e-11
-4.65431e-12
-1.15973e-11
2.3188e-11
-2.0133e-11
3.2653e-12
1.78083e-11
-3.34283e-11
3.89422e-11
-3.42943e-11
2.06146e-11
1.81049e-13
-2.3455e-11
4.07054e-11
-4.47235e-11
3.66303e-11
-2.68283e-11
2.51693e-11
-3.11265e-11
3.48704e-11
-2.94033e-11
1.85288e-11
-1.24534e-11
1.59541e-11
-2.35157e-11
2.47982e-11
-1.47527e-11
-2.39729e-12
1.71075e-11
-2.2643e-11
1.835e-11
-6.98402e-12
-9.52746e-12
2.84531e-11
-4.26493e-11
4.22435e-11
-2.41413e-11
-2.48229e-12
2.24992e-11
-2.84149e-11
2.55296e-11
-2.46031e-11
3.00484e-11
-3.69632e-11
3.76772e-11
-3.07976e-11
2.25406e-11
-2.04006e-11
2.51058e-11
-3.04721e-11
3.01077e-11
-2.34678e-11
1.33514e-11
-7.49438e-13
-1.49682e-11
2.96934e-11
-3.35999e-11
1.94162e-11
7.72434e-12
-3.21884e-11
3.99459e-11
-2.96637e-11
1.15615e-11
2.59692e-12
-9.16156e-12
1.25777e-11
-1.81107e-11
2.50764e-11
-2.894e-11
2.80729e-11
-2.6594e-11
2.85197e-11
-3.23799e-11
3.35872e-11
-3.19397e-11
3.20301e-11
-3.57576e-11
3.64873e-11
-2.47719e-11
-7.49873e-13
2.88645e-11
-4.39981e-11
3.84194e-11
-1.80765e-11
-3.47128e-12
1.58104e-11
-1.78883e-11
1.40312e-11
-7.17115e-12
-2.62759e-12
1.30932e-11
-1.84296e-11
1.51302e-11
-8.21666e-12
7.02341e-12
-1.50443e-11
2.56832e-11
-3.04433e-11
2.86705e-11
-2.81003e-11
3.51044e-11
-4.67606e-11
5.22131e-11
-4.26957e-11
1.93313e-11
7.62539e-12
-2.77373e-11
3.70079e-11
-3.70174e-11
2.92536e-11
-1.48683e-11
-9.50239e-13
7.96509e-12
3.23771e-13
-1.83593e-11
3.14056e-11
-2.93715e-11
1.54915e-11
-1.80348e-12
-3.3385e-12
8.91456e-13
3.1002e-12
-5.85026e-12
9.85969e-12
-1.86068e-11
3.06487e-11
-4.03157e-11
4.30989e-11
-3.98607e-11
3.32168e-11
-2.23406e-11
3.847e-12
1.98745e-11
-3.77948e-11
3.8757e-11
-2.41e-11
7.90889e-12
-4.57293e-12
1.62005e-11
-3.35592e-11
4.58565e-11
-4.86313e-11
4.26106e-11
-2.96943e-11
1.14518e-11
8.00577e-12
-2.12593e-11
2.15414e-11
-9.71323e-12
-4.9406e-12
1.2369e-11
-1.16851e-11
1.07157e-11
-1.55713e-11
2.20085e-11
-2.05211e-11
8.11566e-12
7.4083e-12
-1.62412e-11
1.60604e-11
-1.20202e-11
9.14737e-12
-8.79776e-12
1.15089e-11
-2.02253e-11
3.70446e-11
-5.75356e-11
6.99735e-11
-6.34592e-11
3.78412e-11
-5.97153e-12
-1.60178e-11
2.13173e-11
-1.5964e-11
9.88125e-12
-7.19537e-12
6.21833e-12
-6.70896e-12
1.17384e-11
-2.16853e-11
2.98666e-11
-2.86014e-11
1.82934e-11
-7.67252e-12
3.75581e-12
-4.56096e-12
2.80076e-12
3.94735e-12
-9.4345e-12
4.84702e-12
1.15207e-11
-3.18778e-11
4.52467e-11
-4.63706e-11
3.75615e-11
-2.37846e-11
7.72215e-12
8.06841e-12
-1.76428e-11
1.44629e-11
-6.99098e-13
-1.04578e-11
5.02521e-12
1.76937e-11
-4.45023e-11
6.07228e-11
-6.22116e-11
5.37589e-11
-4.07551e-11
2.47891e-11
-7.80252e-12
-5.22846e-12
9.20942e-12
-5.26237e-12
4.30471e-13
-1.44736e-12
7.53809e-12
-1.20429e-11
1.0063e-11
-5.2305e-12
5.45018e-12
-1.33743e-11
2.14642e-11
-2.0198e-11
8.33708e-12
5.58292e-12
-1.32723e-11
1.30404e-11
-7.02402e-12
-5.52204e-12
2.56024e-11
-4.76309e-11
5.86958e-11
-5.00205e-11
2.63871e-11
-3.49501e-12
-5.96187e-12
1.22796e-12
8.62692e-12
-1.46089e-11
1.30259e-11
-4.41232e-12
-1.06244e-11
3.07724e-11
-5.10549e-11
6.235e-11
-5.83644e-11
4.24736e-11
-2.62261e-11
1.8118e-11
-1.59165e-11
1.12896e-11
-1.66812e-12
-6.64692e-12
7.30871e-12
-2.78302e-12
9.8962e-13
-5.38628e-12
1.19909e-11
-1.64191e-11
1.95307e-11
-2.3619e-11
2.5644e-11
-1.85547e-11
5.82508e-13
1.93355e-11
-2.73949e-11
1.6889e-11
6.2391e-12
-2.87793e-11
4.08357e-11
-4.08373e-11
3.25905e-11
-1.97907e-11
5.82535e-12
3.44219e-12
-8.77665e-13
-1.39477e-11
3.01701e-11
-3.27003e-11
1.63011e-11
9.7639e-12
-3.16562e-11
4.3788e-11
-4.93442e-11
5.12696e-11
-4.76018e-11
3.71915e-11
-2.52937e-11
1.93428e-11
-2.00166e-11
2.02095e-11
-1.3913e-11
3.3364e-12
4.41802e-12
-6.79001e-12
8.85942e-12
-1.71544e-11
3.11233e-11
-4.29523e-11
4.46931e-11
-3.56633e-11
2.12096e-11
-6.91471e-12
-5.30507e-12
1.34924e-11
-1.31028e-11
4.42154e-13
1.88624e-11
-3.09968e-11
2.50801e-11
-5.12065e-12
-1.41342e-11
2.05457e-11
-1.4172e-11
1.2977e-12
1.32168e-11
-2.70456e-11
3.39078e-11
-2.59094e-11
1.97201e-12
2.60182e-11
-4.27711e-11
4.2091e-11
-3.16036e-11
2.2313e-11
-1.94446e-11
2.06194e-11
-2.32988e-11
2.71105e-11
-3.19494e-11
3.33989e-11
-2.6225e-11
9.66646e-12
9.36198e-12
-2.31132e-11
2.98653e-11
-3.51191e-11
4.26359e-11
-4.89264e-11
4.65923e-11
-3.49229e-11
2.17586e-11
-1.54823e-11
1.57644e-11
-1.65165e-11
1.44815e-11
-1.18781e-11
8.96212e-12
-1.69215e-13
-1.88047e-11
4.13148e-11
-5.27572e-11
4.46276e-11
-2.31035e-11
2.33931e-12
8.55509e-12
-9.28665e-12
2.81621e-12
9.25975e-12
-2.32421e-11
3.07161e-11
-2.3228e-11
2.18097e-12
1.99137e-11
-2.83861e-11
1.88321e-11
1.2402e-12
-1.97104e-11
2.95581e-11
-2.96148e-11
2.12022e-11
-5.23615e-12
-1.40651e-11
2.82598e-11
-2.92762e-11
1.87116e-11
-7.5517e-12
6.65545e-12
-1.58092e-11
2.652e-11
-3.22535e-11
3.45753e-11
-3.62524e-11
3.46466e-11
-2.43784e-11
6.93993e-12
9.09607e-12
-1.7592e-11
2.20902e-11
-2.9256e-11
3.85346e-11
-4.22531e-11
3.66869e-11
-2.82082e-11
2.59359e-11
-3.09908e-11
3.60275e-11
-3.48085e-11
2.74783e-11
-1.68074e-11
2.04847e-12
1.81433e-11
-3.96353e-11
5.18814e-11
-4.77808e-11
3.09714e-11
-1.43384e-11
8.20656e-12
-1.38702e-11
2.45334e-11
-3.36914e-11
3.71189e-11
-3.22902e-11
1.60543e-11
9.59448e-12
-3.50312e-11
4.59248e-11
-3.6451e-11
1.42408e-11
4.73906e-12
-1.1115e-11
5.69612e-12
5.09078e-12
-1.78752e-11
2.91035e-11
-3.24069e-11
2.06862e-11
2.44963e-12
-2.27861e-11
2.61767e-11
-1.30111e-11
-5.24562e-12
1.78588e-11
-2.37272e-11
2.45132e-11
-1.90806e-11
5.48517e-12
1.03117e-11
-1.76319e-11
1.1646e-11
-3.50982e-13
-4.68003e-12
-2.09285e-13
9.03331e-12
-1.64013e-11
2.29689e-11
-3.10739e-11
3.76855e-11
-3.6841e-11
2.75216e-11
-1.58482e-11
7.97496e-12
-3.23819e-12
-3.13678e-12
1.25053e-11
-2.01775e-11
2.21001e-11
-2.04674e-11
2.20762e-11
-2.98144e-11
3.98928e-11
-4.58051e-11
4.55487e-11
-4.05928e-11
3.17619e-11
-1.66744e-11
-4.00194e-12
2.32818e-11
-3.13317e-11
2.65308e-11
-1.7349e-11
1.50355e-11
-2.22661e-11
3.41884e-11
-4.51273e-11
5.35989e-11
-5.67633e-11
4.854e-11
-2.50456e-11
-5.75817e-12
2.81739e-11
-3.19654e-11
2.21688e-11
-1.13972e-11
7.74881e-12
-1.09983e-11
2.01169e-11
-3.56717e-11
5.40677e-11
-6.32701e-11
5.21401e-11
-2.32346e-11
-7.18381e-12
2.39665e-11
-2.49683e-11
1.74805e-11
-7.8664e-12
-1.17487e-12
4.75224e-12
4.03699e-12
-2.56298e-11
4.77185e-11
-5.4623e-11
4.11941e-11
-1.72562e-11
-4.1366e-12
1.64149e-11
-2.00522e-11
1.5159e-11
-2.63284e-12
-1.18541e-11
1.68426e-11
-6.18979e-12
-1.45166e-11
3.09904e-11
-3.42782e-11
2.53746e-11
-1.17358e-11
-1.9511e-12
1.27146e-11
-1.7339e-11
1.14012e-11
3.13412e-12
-1.74502e-11
2.10831e-11
-1.28093e-11
-2.06873e-13
8.97413e-12
-1.14002e-11
9.35527e-12
-4.66256e-12
-3.27289e-12
1.17583e-11
-1.48411e-11
7.77138e-12
5.64633e-12
-1.67006e-11
1.96454e-11
-1.7261e-11
1.46646e-11
-1.30749e-11
9.69339e-12
-4.92616e-12
3.30728e-12
-7.56595e-12
1.29664e-11
-1.23704e-11
4.69372e-12
4.0987e-12
-9.55552e-12
1.40278e-11
-2.13889e-11
2.92847e-11
-3.09008e-11
2.45715e-11
-1.66799e-11
1.38186e-11
-1.44332e-11
1.28088e-11
-7.87357e-12
4.58022e-12
-4.43986e-12
1.58237e-12
1.01377e-11
-2.68895e-11
3.85114e-11
-3.96362e-11
3.50169e-11
-3.04326e-11
2.55587e-11
-1.71319e-11
8.34885e-12
-6.35318e-12
1.21594e-11
-1.59568e-11
8.28971e-12
9.44084e-12
-2.70639e-11
3.84004e-11
-4.47084e-11
4.76869e-11
-4.35003e-11
2.98821e-11
-1.37677e-11
7.06752e-12
-1.27944e-11
2.13457e-11
-2.13009e-11
1.10875e-11
3.63866e-12
-1.95985e-11
3.73108e-11
-5.33376e-11
5.82685e-11
-4.69527e-11
2.71946e-11
-1.36763e-11
1.2962e-11
-1.92489e-11
2.36254e-11
-2.35085e-11
1.916e-11
-7.7095e-12
-1.43858e-11
4.14348e-11
-5.95139e-11
5.86788e-11
-4.38073e-11
2.78509e-11
-1.92514e-11
1.6971e-11
-1.86998e-11
2.43024e-11
-3.16139e-11
3.10941e-11
-1.43343e-11
-1.55233e-11
4.32602e-11
-5.63805e-11
5.41562e-11
-4.44213e-11
3.25173e-11
-2.10252e-11
1.41184e-11
-1.81185e-11
3.1537e-11
-4.23638e-11
3.6992e-11
-1.44555e-11
-1.43109e-11
3.73156e-11
-5.06627e-11
5.42832e-11
-4.76271e-11
3.18654e-11
-1.61964e-11
1.26226e-11
-2.4345e-11
4.04042e-11
-4.65243e-11
3.72726e-11
-1.74705e-11
-6.75388e-12
3.13083e-11
-5.05594e-11
5.59283e-11
-4.44131e-11
2.52368e-11
-1.38958e-11
1.77635e-11
-3.09253e-11
4.25125e-11
-4.65468e-11
4.1581e-11
-2.80599e-11
1.25267e-11
-3.03795e-12
4.1417e-13
7.2818e-14
2.4372e-14
4.23983e-15
0
