0
1.31488e-10
5.35139e-10
-8.37334e-09
-8.50428e-08
-3.00396e-07
-5.89565e-07
-8.28261e-07
-9.77763e-07
-1.06706e-06
-1.13311e-06
-1.19115e-06
-1.24224e-06
-1.28606e-06
-1.32296e-06
-1.35288e-06
-1.37587e-06
-1.39231e-06
-1.40205e-06
-1.40565e-06
-1.40294e-06
-1.39442e-06
-1.38028e-06
-1.36067e-06
-1.3361e-06
-1.30653e-06
-1.27266e-06
-1.23447e-06
-1.19247e-06
-1.14692e-06
-1.09808e-06
-1.04653e-06
-9.92234e-07
-9.35885e-07
-8.77527e-07
-8.17691e-07
-7.56622e-07
-6.94522e-07
-6.31958e-07
-5.68919e-07
-5.06009e-07
-4.43207e-07
-3.80978e-07
-3.19554e-07
-2.59047e-07
-1.99898e-07
-1.42038e-07
-8.5991e-08
-3.16692e-08
2.06259e-08
7.07491e-08
1.18651e-07
1.6401e-07
2.07014e-07
2.47287e-07
2.84951e-07
3.1983e-07
3.51914e-07
3.81262e-07
4.07648e-07
4.31305e-07
4.52039e-07
4.70048e-07
4.85237e-07
4.97664e-07
5.07489e-07
5.1463e-07
5.19313e-07
5.21446e-07
5.21288e-07
5.18853e-07
5.14234e-07
5.07585e-07
4.98955e-07
4.88583e-07
4.76446e-07
4.6276e-07
4.47615e-07
4.31175e-07
4.13546e-07
3.94816e-07
3.75186e-07
3.54746e-07
3.33642e-07
3.11935e-07
2.89824e-07
2.6739e-07
2.44769e-07
2.22015e-07
1.99281e-07
1.76694e-07
1.54282e-07
1.32198e-07
1.1044e-07
8.92387e-08
6.85219e-08
4.8429e-08
2.90124e-08
1.03107e-08
-7.52636e-09
-2.4659e-08
-4.0809e-08
-5.61289e-08
-7.04519e-08
-8.38447e-08
-9.63185e-08
-1.07674e-07
-1.18177e-07
-1.27548e-07
-1.36058e-07
-1.43478e-07
-1.49926e-07
-1.555e-07
-1.59995e-07
-1.63729e-07
-1.66373e-07
-1.6833e-07
-1.69357e-07
-1.69568e-07
-1.69093e-07
-1.67749e-07
-1.65924e-07
-1.63216e-07
-1.60072e-07
-1.56287e-07
-1.51986e-07
-1.47278e-07
-1.41964e-07
-1.36501e-07
-1.30477e-07
-1.243e-07
-1.17768e-07
-1.11042e-07
-1.04235e-07
-9.71014e-08
-9.00728e-08
-8.28077e-08
-7.56751e-08
-6.84457e-08
-6.12538e-08
-5.42421e-08
-4.71901e-08
-4.04137e-08
-3.36291e-08
-2.71681e-08
-2.08407e-08
-1.47081e-08
-8.87028e-09
-3.20854e-09
2.0789e-09
7.21704e-09
1.1987e-08
1.64855e-08
2.06795e-08
2.4574e-08
2.81878e-08
3.14346e-08
3.44146e-08
3.70822e-08
3.94633e-08
4.14956e-08
4.32801e-08
4.47562e-08
4.599e-08
4.68904e-08
4.75636e-08
4.8019e-08
4.81696e-08
4.81629e-08
4.78334e-08
4.74478e-08
4.67483e-08
4.59129e-08
4.49322e-08
4.37405e-08
4.25351e-08
4.10054e-08
3.9569e-08
3.78941e-08
3.62006e-08
3.44223e-08
3.25075e-08
3.07255e-08
2.86698e-08
2.67913e-08
2.47481e-08
2.27989e-08
2.08325e-08
1.87754e-08
1.69322e-08
1.49178e-08
1.31121e-08
1.11942e-08
9.43197e-09
7.72663e-09
5.97974e-09
4.4267e-09
2.81874e-09
1.41828e-09
-3.66439e-11
-1.3519e-09
-2.57211e-09
-3.74984e-09
-4.81764e-09
-5.84887e-09
-6.72766e-09
-7.57521e-09
-8.33364e-09
-9.02355e-09
-9.58201e-09
-1.01282e-08
-1.05618e-08
-1.09537e-08
-1.12288e-08
-1.14547e-08
-1.16809e-08
-1.17191e-08
-1.18288e-08
-1.17546e-08
-1.17713e-08
-1.1628e-08
-1.14454e-08
-1.13214e-08
-1.10093e-08
-1.08366e-08
-1.04231e-08
-1.01851e-08
-9.80753e-09
-9.39881e-09
-9.06104e-09
-8.57158e-09
-8.25941e-09
-7.70951e-09
-7.33507e-09
-6.87697e-09
-6.41334e-09
-5.99107e-09
-5.47726e-09
-5.12172e-09
-4.61354e-09
-4.20454e-09
-3.76724e-09
-3.36877e-09
-2.96465e-09
-2.54417e-09
-2.188e-09
-1.82831e-09
-1.46878e-09
-1.11314e-09
-8.30832e-10
-4.97808e-10
-2.42492e-10
8.80874e-11
2.75852e-10
5.4015e-10
7.85381e-10
9.47732e-10
1.19443e-09
1.27513e-09
1.55285e-09
1.60771e-09
1.76601e-09
1.89406e-09
1.96108e-09
2.12748e-09
2.0842e-09
2.27056e-09
2.25374e-09
2.32531e-09
2.35355e-09
2.35913e-09
2.44378e-09
2.36085e-09
2.42869e-09
2.39472e-09
2.40617e-09
2.36276e-09
2.34247e-09
2.33933e-09
2.29425e-09
2.24115e-09
2.21653e-09
2.19086e-09
2.11006e-09
2.09198e-09
1.99927e-09
2.02221e-09
1.88222e-09
1.86975e-09
1.82006e-09
1.72786e-09
1.72015e-09
1.56333e-09
1.62956e-09
1.46074e-09
1.44337e-09
1.37432e-09
1.29146e-09
1.28097e-09
1.11186e-09
1.15639e-09
1.01829e-09
9.79016e-10
8.93627e-10
8.32348e-10
7.89251e-10
6.67468e-10
6.31487e-10
5.60933e-10
4.91855e-10
3.92155e-10
3.56997e-10
2.62223e-10
2.23412e-10
8.95843e-11
8.25472e-11
-6.45781e-12
-1.10264e-10
-1.26643e-10
-2.63342e-10
-2.32815e-10
-4.22376e-10
-4.01416e-10
-4.87824e-10
-5.78807e-10
-5.98416e-10
-7.30969e-10
-6.83965e-10
-8.4903e-10
-8.46854e-10
-9.0962e-10
-9.63606e-10
-1.00915e-09
-1.07909e-09
-1.0756e-09
-1.14504e-09
-1.18568e-09
-1.2134e-09
-1.21124e-09
-1.28947e-09
-1.26612e-09
-1.3257e-09
-1.27765e-09
-1.34624e-09
-1.34258e-09
-1.28607e-09
-1.36831e-09
-1.27313e-09
-1.35637e-09
-1.23286e-09
-1.28572e-09
-1.25829e-09
-1.17385e-09
-1.20372e-09
-1.10343e-09
-1.13773e-09
-1.01161e-09
-1.00452e-09
-9.56802e-10
-8.85599e-10
-8.15638e-10
-7.72349e-10
-7.06052e-10
-6.30614e-10
-5.52348e-10
-4.85849e-10
-4.53042e-10
-2.86307e-10
-3.06834e-10
-1.58352e-10
-1.35456e-10
-1.31473e-11
6.43407e-11
7.12376e-11
2.63847e-10
2.36166e-10
3.85066e-10
3.96241e-10
5.17494e-10
5.83072e-10
6.03112e-10
7.22681e-10
7.61364e-10
8.2528e-10
8.60774e-10
9.45264e-10
9.73217e-10
1.03287e-09
1.02518e-09
1.14666e-09
1.10235e-09
1.15553e-09
1.19187e-09
1.17864e-09
1.25185e-09
1.15177e-09
1.28631e-09
1.1906e-09
1.21792e-09
1.20884e-09
1.18154e-09
1.19846e-09
1.10237e-09
1.14672e-09
1.08237e-09
1.04426e-09
9.93104e-10
9.8705e-10
8.98461e-10
8.74888e-10
7.84709e-10
7.84147e-10
6.8403e-10
5.99164e-10
6.16463e-10
4.54942e-10
4.75988e-10
3.13987e-10
3.3697e-10
2.17988e-10
1.2365e-10
1.2016e-10
-1.02251e-11
-3.80201e-11
-1.54842e-10
-1.70182e-10
-2.64132e-10
-3.34013e-10
-4.01703e-10
-4.15941e-10
-5.43972e-10
-5.54682e-10
-6.20434e-10
-6.72493e-10
-7.03237e-10
-8.13282e-10
-7.3327e-10
-8.98033e-10
-8.50451e-10
-9.13711e-10
-9.26534e-10
-9.42927e-10
-1.00733e-09
-9.41487e-10
-1.01618e-09
-1.00327e-09
-1.00388e-09
-9.8034e-10
-1.01832e-09
-9.68635e-10
-9.88143e-10
-9.17119e-10
-9.67944e-10
-9.00345e-10
-8.44816e-10
-8.95019e-10
-7.69887e-10
-8.18801e-10
-6.83825e-10
-7.34279e-10
-6.43182e-10
-5.76459e-10
-5.77998e-10
-4.96517e-10
-4.54479e-10
-3.84324e-10
-3.61566e-10
-2.87871e-10
-2.37562e-10
-1.53719e-10
-1.80433e-10
-1.84785e-11
-4.19137e-11
4.22542e-11
9.16981e-11
1.27617e-10
2.37856e-10
1.76681e-10
3.40869e-10
3.16983e-10
3.80802e-10
4.12894e-10
4.70585e-10
4.98733e-10
5.21509e-10
5.57596e-10
6.15162e-10
6.05499e-10
6.1883e-10
7.09866e-10
6.32118e-10
7.33371e-10
6.61599e-10
7.57921e-10
7.00546e-10
6.98462e-10
7.64592e-10
6.85836e-10
7.2565e-10
6.86907e-10
7.14062e-10
6.60185e-10
6.6025e-10
6.35115e-10
6.52018e-10
5.44077e-10
6.05771e-10
5.38272e-10
4.989e-10
5.01146e-10
4.18354e-10
4.7311e-10
3.18023e-10
3.85271e-10
3.07736e-10
2.64708e-10
2.33478e-10
2.07787e-10
1.61693e-10
1.16224e-10
8.02818e-11
6.45711e-11
1.35617e-11
-6.46877e-11
2.96758e-12
-1.47473e-10
-9.32477e-11
-1.87331e-10
-1.67313e-10
-2.2091e-10
-2.81513e-10
-2.30393e-10
-3.23981e-10
-3.24133e-10
-3.44593e-10
-3.4713e-10
-4.07436e-10
-3.79168e-10
-4.34288e-10
-3.81981e-10
-4.87894e-10
-4.11427e-10
-4.36741e-10
-4.90815e-10
-4.17856e-10
-4.8612e-10
-4.16475e-10
-4.92038e-10
-4.21536e-10
-4.34061e-10
-4.40335e-10
-4.33658e-10
-3.7152e-10
-4.28552e-10
-3.70727e-10
-3.63179e-10
-3.54288e-10
-3.13042e-10
-3.62191e-10
-2.23525e-10
-3.28433e-10
-2.32911e-10
-2.2805e-10
-2.07288e-10
-1.95152e-10
-1.63033e-10
-1.32252e-10
-1.1817e-10
-1.14003e-10
-5.85925e-11
-3.09826e-11
-8.35408e-11
5.35459e-11
-2.93759e-11
6.58936e-11
2.44282e-11
9.38781e-11
1.01301e-10
7.64276e-11
1.54091e-10
1.43723e-10
1.41744e-10
1.71925e-10
2.07562e-10
1.64605e-10
2.35558e-10
1.78446e-10
2.79998e-10
1.77204e-10
2.58946e-10
2.62972e-10
2.12174e-10
2.70846e-10
2.4218e-10
2.65801e-10
2.29951e-10
2.62651e-10
2.46666e-10
2.54781e-10
1.962e-10
2.99172e-10
1.77096e-10
2.37834e-10
2.2049e-10
1.95195e-10
2.11925e-10
1.54959e-10
2.20689e-10
1.38788e-10
1.55045e-10
1.54744e-10
1.47321e-10
7.81349e-11
1.5943e-10
6.32974e-11
1.09147e-10
5.13603e-11
7.40548e-11
6.86901e-11
-1.23532e-11
7.74624e-11
-7.9123e-12
2.43702e-12
-9.78858e-12
4.29143e-12
-5.74763e-11
-1.33588e-11
-7.22482e-11
-1.48477e-11
-1.10092e-10
-5.11029e-11
-5.56108e-11
-1.34163e-10
-5.19857e-11
-1.16529e-10
-8.84486e-11
-1.28718e-10
-8.9216e-11
-1.23099e-10
-1.09827e-10
-1.48091e-10
-6.4292e-11
-1.75684e-10
-1.02363e-10
-1.04711e-10
-1.50383e-10
-9.72313e-11
-1.42089e-10
-8.37e-11
-1.46905e-10
-9.96898e-11
-1.02006e-10
-1.00915e-10
-1.39304e-10
-3.60573e-11
-1.42412e-10
-6.76512e-11
-8.39681e-11
-8.09759e-11
-6.18251e-11
-9.83047e-11
-1.77185e-11
-8.6057e-11
-5.11138e-11
-3.29076e-11
-2.93383e-11
-7.69347e-11
2.67215e-11
-6.47829e-11
1.04566e-11
-3.6887e-11
1.26172e-11
2.84566e-12
-3.19461e-11
4.96975e-11
-4.9409e-12
5.47904e-12
3.16195e-11
4.01771e-11
-1.16657e-11
7.41043e-11
-2.24773e-12
7.75559e-11
-6.78603e-12
7.62398e-11
4.58657e-11
1.45846e-11
7.6304e-11
4.8997e-11
3.05924e-11
6.04929e-11
6.59585e-11
2.38272e-11
7.99419e-11
1.74126e-11
1.03241e-10
-1.01213e-11
8.97878e-11
4.83498e-11
2.58977e-11
5.61322e-11
6.28034e-11
1.61023e-11
5.47911e-11
4.46442e-11
2.83897e-11
4.88538e-11
2.82685e-12
8.94257e-11
-3.4377e-11
6.46812e-11
2.43249e-11
1.17705e-11
1.1663e-11
5.10572e-11
-2.00135e-11
3.52184e-11
-6.715e-13
2.07707e-11
3.45289e-12
-1.95516e-11
5.6396e-11
-5.45639e-11
2.45908e-11
1.41548e-12
-9.62216e-12
-2.71357e-11
3.4667e-11
-5.21021e-11
2.13665e-11
-4.17421e-11
1.87674e-11
-3.34656e-11
-2.83888e-11
2.43567e-11
-5.27992e-11
-1.23556e-11
-1.68911e-13
-2.67617e-11
-4.10004e-11
2.44865e-11
-6.28208e-11
1.83906e-11
-6.01143e-11
2.57498e-11
-4.93035e-11
-1.9971e-11
4.03577e-12
-2.8571e-11
-3.92394e-11
2.18861e-11
-3.81092e-11
-2.85322e-11
1.90334e-11
-4.91613e-11
1.7773e-11
-5.09114e-11
3.13745e-11
-4.21711e-11
-6.11133e-12
-2.10637e-12
3.42287e-12
-5.51937e-11
5.36844e-11
-4.52935e-11
-3.21317e-12
1.32661e-11
-2.03091e-11
8.43602e-12
-2.00631e-11
2.29495e-11
-1.73248e-11
-2.14413e-12
4.73095e-12
2.38371e-11
-5.84795e-11
7.45079e-11
-4.54765e-11
1.49969e-11
8.2622e-12
7.8323e-12
-1.14112e-11
1.91535e-11
-1.72101e-12
1.44661e-11
-1.34265e-11
2.04665e-11
2.13254e-11
-4.6098e-11
6.8943e-11
-3.17468e-11
1.01879e-11
1.22357e-11
1.95048e-11
-3.09734e-11
4.94034e-11
-2.92558e-11
3.69396e-11
-2.87663e-11
3.5133e-11
8.24744e-13
-2.03442e-11
3.7311e-11
-2.63154e-12
-1.88016e-11
3.06367e-11
7.891e-12
-3.57944e-11
5.60297e-11
-3.88483e-11
3.31538e-11
-2.69317e-11
3.37374e-11
-1.85809e-11
6.16148e-12
-1.61821e-12
2.84085e-11
-5.27194e-11
5.38153e-11
-1.69533e-11
-2.29318e-11
3.77569e-11
-2.05708e-11
-1.41701e-12
4.3376e-12
7.61595e-12
-1.87334e-11
1.7294e-11
-2.18661e-11
3.72024e-11
-6.03996e-11
5.75401e-11
-3.06378e-11
-7.4288e-12
1.22177e-11
1.06598e-11
-4.64137e-11
4.97095e-11
-3.02416e-11
-1.86605e-12
1.05824e-11
-1.2762e-11
1.09192e-11
-2.43416e-11
2.47786e-11
-1.48783e-11
-7.6939e-12
3.26462e-12
2.38606e-11
-6.39484e-11
7.04144e-11
-4.67502e-11
6.75453e-12
5.15296e-12
6.77295e-12
-3.08939e-11
3.45354e-11
-2.74093e-11
1.72136e-11
-1.92043e-11
1.39003e-11
4.14017e-12
-3.24157e-11
4.00837e-11
-2.02119e-11
-1.26349e-11
2.05872e-11
5.81118e-12
-4.7022e-11
6.5848e-11
-5.23962e-11
2.51184e-11
-1.15661e-11
1.65254e-11
-2.43661e-11
2.28906e-11
-1.79907e-11
2.44551e-11
-3.87975e-11
4.22057e-11
-1.7767e-11
-1.95353e-11
4.02771e-11
-2.37547e-11
-1.04811e-11
2.96546e-11
-1.19487e-11
-2.35181e-11
4.86739e-11
-4.58771e-11
3.17664e-11
-2.3132e-11
2.68482e-11
-2.66545e-11
1.87115e-11
-1.07125e-11
2.19585e-11
-4.61187e-11
6.16336e-11
-4.40803e-11
4.68553e-12
2.62759e-11
-2.04247e-11
-1.11695e-11
3.74845e-11
-3.14332e-11
2.3389e-12
2.47098e-11
-3.04006e-11
2.37698e-11
-2.01667e-11
2.52732e-11
-2.61451e-11
1.61284e-11
-4.79844e-12
1.22802e-11
-4.02811e-11
6.6586e-11
-6.32391e-11
2.89741e-11
7.54045e-12
-1.38562e-11
-1.32526e-11
4.56718e-11
-5.2836e-11
3.07439e-11
-2.19749e-12
-1.07166e-11
6.95579e-12
-2.5625e-12
6.36096e-12
-1.14425e-11
5.9973e-12
5.19418e-12
-4.47823e-12
-1.95056e-11
5.1549e-11
-6.35442e-11
4.11488e-11
-4.13549e-12
-1.33039e-11
-6.52504e-12
4.46558e-11
-6.72401e-11
5.60234e-11
-2.61451e-11
4.78486e-12
-5.70103e-12
1.72201e-11
-2.27701e-11
1.83769e-11
-1.55645e-11
2.02826e-11
-2.38781e-11
1.10891e-11
1.64056e-11
-3.76847e-11
3.08658e-11
-2.65272e-13
-2.51145e-11
1.72169e-11
2.09811e-11
-5.81695e-11
6.34109e-11
-3.65047e-11
5.25261e-12
2.15264e-12
1.61288e-11
-3.91291e-11
4.68664e-11
-3.96458e-11
3.14383e-11
-3.05001e-11
2.99391e-11
-2.0047e-11
4.6054e-12
-2.30416e-13
1.66182e-11
-4.09933e-11
4.68864e-11
-2.11569e-11
-1.91961e-11
4.05986e-11
-2.49869e-11
-1.14994e-11
3.34273e-11
-1.9552e-11
-1.784e-11
4.68691e-11
-4.69711e-11
2.61304e-11
-8.40475e-12
8.61556e-12
-2.05616e-11
2.93383e-11
-2.98505e-11
3.04381e-11
-3.83485e-11
4.71986e-11
-4.26155e-11
2.12746e-11
2.17964e-13
6.78148e-13
-2.77182e-11
5.78596e-11
-6.09852e-11
2.97128e-11
1.13408e-11
-2.75487e-11
6.85697e-12
2.90737e-11
-4.59553e-11
2.88417e-11
5.97303e-12
-2.92462e-11
2.67241e-11
-9.32984e-12
-2.20511e-12
-1.17154e-12
1.12963e-11
-1.67467e-11
1.71515e-11
-2.16982e-11
3.41232e-11
-4.45016e-11
3.87555e-11
-1.71576e-11
-1.14225e-12
-5.12549e-12
3.58747e-11
-6.59401e-11
6.6778e-11
-3.48463e-11
-3.10817e-12
1.35481e-11
1.22366e-11
-5.01939e-11
6.57652e-11
-4.59312e-11
9.27138e-12
1.29829e-11
-6.30161e-12
-1.68845e-11
3.22818e-11
-2.78592e-11
1.16175e-11
7.01394e-13
-3.27539e-12
2.89208e-12
-7.25936e-12
1.34456e-11
-1.19529e-11
4.24522e-13
9.1011e-12
-1.28676e-12
-2.45904e-11
4.90487e-11
-4.92668e-11
2.22759e-11
8.41507e-12
-1.30365e-11
-1.63448e-11
5.61931e-11
-7.21651e-11
5.03833e-11
-1.07832e-11
-1.13784e-11
-2.63691e-12
3.87054e-11
-6.45211e-11
5.92223e-11
-3.08217e-11
5.62153e-12
-3.01575e-12
1.95147e-11
-3.63226e-11
3.90151e-11
-2.95975e-11
1.98269e-11
-1.67716e-11
1.63895e-11
-1.18265e-11
4.16365e-12
-2.6724e-12
1.26497e-11
-2.59932e-11
2.63167e-11
-6.36516e-12
-2.13054e-11
3.29068e-11
-1.62529e-11
-1.51657e-11
3.16777e-11
-1.46108e-11
-2.50528e-11
5.45219e-11
-4.86744e-11
1.32698e-11
1.92504e-11
-1.90185e-11
-1.46834e-11
5.29904e-11
-6.40865e-11
4.11005e-11
-6.96278e-12
-7.8593e-12
-7.81651e-12
3.79067e-11
-5.62487e-11
5.01702e-11
-2.95417e-11
1.42254e-11
-1.52303e-11
2.68943e-11
-3.62584e-11
3.67363e-11
-3.26698e-11
3.10113e-11
-3.21756e-11
3.00487e-11
-2.15494e-11
1.28533e-11
-1.45183e-11
2.86979e-11
-4.36522e-11
4.27344e-11
-2.16544e-11
-4.44773e-12
1.24589e-11
6.68718e-12
-3.73673e-11
5.10122e-11
-3.21488e-11
-6.12036e-12
3.1849e-11
-2.27325e-11
-1.32446e-11
4.35588e-11
-3.99731e-11
3.71143e-12
3.5018e-11
-4.39693e-11
1.71044e-11
2.02103e-11
-3.43439e-11
1.2745e-11
2.57138e-11
-4.87688e-11
3.90953e-11
-8.48826e-12
-1.45952e-11
1.04845e-11
1.55164e-11
-4.04184e-11
4.48118e-11
-2.90627e-11
1.00247e-11
-4.49208e-12
1.48015e-11
-2.98106e-11
3.70193e-11
-3.38622e-11
2.71444e-11
-2.43108e-11
2.58636e-11
-2.7274e-11
2.58924e-11
-2.50028e-11
2.92279e-11
-3.76206e-11
4.22283e-11
-3.6062e-11
2.1759e-11
-1.18705e-11
1.75689e-11
-3.68244e-11
5.34895e-11
-5.11408e-11
2.88962e-11
-4.75842e-12
5.89433e-13
-2.21606e-11
5.1839e-11
-6.30536e-11
4.38022e-11
-8.99301e-12
-1.15953e-11
-8.19939e-13
3.62308e-11
-6.37307e-11
5.80863e-11
-2.27242e-11
-1.26645e-11
1.75178e-11
1.23249e-11
-5.07155e-11
6.35417e-11
-3.88584e-11
-2.73085e-12
2.57383e-11
-1.10176e-11
-2.78473e-11
5.63189e-11
-4.93365e-11
1.26847e-11
2.22331e-11
-2.62339e-11
-2.75154e-12
3.82861e-11
-4.91569e-11
2.60916e-11
1.07271e-11
-3.01911e-11
1.70473e-11
1.54412e-11
-3.82389e-11
3.1749e-11
-2.30293e-12
-2.47359e-11
2.7264e-11
-5.25363e-12
-2.07203e-11
2.78901e-11
-1.09196e-11
-1.49656e-11
2.79873e-11
-1.8865e-11
-2.54193e-12
1.67723e-11
-1.21107e-11
-6.4808e-12
2.27567e-11
-2.40468e-11
1.12596e-11
3.01355e-12
-6.45219e-12
-3.00547e-12
1.6412e-11
-2.28093e-11
1.8341e-11
-8.70604e-12
2.84518e-12
-5.28208e-12
1.28825e-11
-1.89967e-11
1.9395e-11
-1.55022e-11
1.17639e-11
-1.14091e-11
1.38176e-11
-1.63625e-11
1.72201e-11
-1.70452e-11
1.72475e-11
-1.8156e-11
1.84048e-11
-1.70866e-11
1.51684e-11
-1.51774e-11
1.82459e-11
-2.25445e-11
2.41995e-11
-2.12112e-11
1.56819e-11
-1.2752e-11
1.57713e-11
-2.30256e-11
2.84274e-11
-2.70093e-11
1.94582e-11
-1.23033e-11
1.21586e-11
-1.99054e-11
2.91958e-11
-3.19775e-11
2.54276e-11
-1.50538e-11
9.9313e-12
-1.49912e-11
2.61831e-11
-3.39805e-11
3.1407e-11
-2.05539e-11
1.07367e-11
-1.06956e-11
2.06299e-11
-3.21123e-11
3.51108e-11
-2.70132e-11
1.47409e-11
-9.00895e-12
1.47408e-11
-2.7013e-11
3.51109e-11
-3.21127e-11
2.06304e-11
-1.06958e-11
1.07366e-11
-2.05534e-11
3.14064e-11
-3.39801e-11
2.6183e-11
-1.49916e-11
9.93182e-12
-1.50542e-11
2.54278e-11
-3.19774e-11
2.91955e-11
-1.99051e-11
1.21583e-11
-1.23032e-11
1.94583e-11
-2.70096e-11
2.84277e-11
-2.30258e-11
1.57713e-11
-1.27517e-11
1.56816e-11
-2.12111e-11
2.41995e-11
-2.25447e-11
1.82461e-11
-1.51774e-11
1.51682e-11
-1.70863e-11
1.84046e-11
-1.81561e-11
1.72479e-11
-1.70456e-11
1.72203e-11
-1.63623e-11
1.38172e-11
-1.14087e-11
1.17638e-11
-1.55024e-11
1.93953e-11
-1.8997e-11
1.28825e-11
-5.28196e-12
2.84508e-12
-8.70606e-12
1.83411e-11
-2.28094e-11
1.6412e-11
-3.00532e-12
-6.4524e-12
3.01372e-12
1.12596e-11
-2.40468e-11
2.27568e-11
-6.48097e-12
-1.21105e-11
1.67721e-11
-2.54189e-12
-1.8865e-11
2.79871e-11
-1.49654e-11
-1.09196e-11
2.78901e-11
-2.07203e-11
-5.2537e-12
2.7264e-11
-2.47358e-11
-2.30312e-12
3.17491e-11
-3.82389e-11
1.54411e-11
1.70476e-11
-3.01915e-11
1.07273e-11
2.60915e-11
-4.91571e-11
3.82864e-11
-2.75193e-12
-2.62336e-11
2.22329e-11
1.26847e-11
-4.93364e-11
5.63187e-11
-2.7847e-11
-1.10179e-11
2.57386e-11
-2.73093e-12
-3.88585e-11
6.35419e-11
-5.07157e-11
1.2325e-11
1.75178e-11
-1.26645e-11
-2.27244e-11
5.80865e-11
-6.37307e-11
3.62305e-11
-8.19503e-13
-1.15956e-11
-8.99294e-12
4.38024e-11
-6.30539e-11
5.18391e-11
-2.21604e-11
5.89161e-13
-4.75829e-12
2.88964e-11
-5.11413e-11
5.349e-11
-3.68246e-11
1.75688e-11
-1.18701e-11
2.17585e-11
-3.60616e-11
4.22283e-11
-3.76208e-11
2.92281e-11
-2.5003e-11
2.58925e-11
-2.7274e-11
2.58635e-11
-2.43107e-11
2.71443e-11
-3.38622e-11
3.70194e-11
-2.98106e-11
1.48016e-11
-4.49214e-12
1.00247e-11
-2.90626e-11
4.48116e-11
-4.04182e-11
1.55162e-11
1.04845e-11
-1.45949e-11
-8.48868e-12
3.90957e-11
-4.87689e-11
2.57136e-11
1.27455e-11
-3.43445e-11
2.02106e-11
1.71045e-11
-4.39697e-11
3.50185e-11
3.71102e-12
-3.99728e-11
4.35587e-11
-1.32447e-11
-2.27322e-11
3.18485e-11
-6.1198e-12
-3.21493e-11
5.10124e-11
-3.73671e-11
6.68667e-12
1.24595e-11
-4.44821e-12
-2.16542e-11
4.27346e-11
-4.36526e-11
2.86982e-11
-1.45185e-11
1.28532e-11
-2.15492e-11
3.00486e-11
-3.21756e-11
3.10115e-11
-3.26699e-11
3.67364e-11
-3.62584e-11
2.68943e-11
-1.52303e-11
1.42253e-11
-2.95416e-11
5.01701e-11
-5.62486e-11
3.79066e-11
-7.81642e-12
-7.8593e-12
-6.96293e-12
4.11008e-11
-6.40869e-11
5.29907e-11
-1.46835e-11
-1.90187e-11
1.92508e-11
1.32694e-11
-4.86742e-11
5.4522e-11
-2.5053e-11
-1.46106e-11
3.16777e-11
-1.51658e-11
-1.62528e-11
3.2907e-11
-2.13058e-11
-6.36487e-12
2.63168e-11
-2.59937e-11
1.26503e-11
-2.67271e-12
4.16352e-12
-1.18261e-11
1.63891e-11
-1.67715e-11
1.98271e-11
-2.95976e-11
3.90151e-11
-3.63224e-11
1.95145e-11
-3.01567e-12
5.62162e-12
-3.08219e-11
5.92225e-11
-6.45212e-11
3.87055e-11
-2.63699e-12
-1.13783e-11
-1.07833e-11
5.03833e-11
-7.21649e-11
5.61927e-11
-1.63445e-11
-1.30366e-11
8.41502e-12
2.2276e-11
-4.92668e-11
4.90486e-11
-2.45903e-11
-1.28655e-12
9.1007e-12
4.24854e-13
-1.19529e-11
1.34452e-11
-7.25887e-12
2.8918e-12
-3.27555e-12
7.01951e-13
1.16169e-11
-2.78587e-11
3.22819e-11
-1.6885e-11
-6.30083e-12
1.29821e-11
9.27196e-12
-4.59314e-11
6.57649e-11
-5.01932e-11
1.22358e-11
1.35487e-11
-3.10845e-12
-3.48462e-11
6.67781e-11
-6.59402e-11
3.58747e-11
-5.12573e-12
-1.14181e-12
-1.71581e-11
3.87558e-11
-4.45018e-11
3.41233e-11
-2.16982e-11
1.71513e-11
-1.67462e-11
1.12956e-11
-1.17091e-12
-2.20528e-12
-9.33019e-12
2.67247e-11
-2.92465e-11
5.97291e-12
2.88419e-11
-4.59553e-11
2.90732e-11
6.85781e-12
-2.75493e-11
1.13406e-11
2.97136e-11
-6.09862e-11
5.78603e-11
-2.77184e-11
6.77902e-13
2.18468e-13
2.12741e-11
-4.2615e-11
4.71984e-11
-3.83485e-11
3.04382e-11
-2.98508e-11
2.93385e-11
-2.05615e-11
8.61536e-12
-8.4046e-12
2.61306e-11
-4.69715e-11
4.68697e-11
-1.78402e-11
-1.95523e-11
3.3428e-11
-1.15001e-11
-2.49866e-11
4.05989e-11
-1.91968e-11
-2.11562e-11
4.68859e-11
-4.09933e-11
1.66185e-11
-2.31011e-13
4.60608e-12
-2.00475e-11
2.99392e-11
-3.04998e-11
3.14377e-11
-3.96452e-11
4.68662e-11
-3.91292e-11
1.61291e-11
2.15237e-12
5.25273e-12
-3.65047e-11
6.34109e-11
-5.81695e-11
2.09812e-11
1.72169e-11
-2.51146e-11
-2.65238e-13
3.08659e-11
-3.76847e-11
1.64055e-11
1.10894e-11
-2.38786e-11
2.0283e-11
-1.55647e-11
1.83767e-11
-2.27694e-11
1.72192e-11
-5.70024e-12
4.78453e-12
-2.61453e-11
5.60239e-11
-6.72406e-11
4.46561e-11
-6.52524e-12
-1.33036e-11
-4.1359e-12
4.11492e-11
-6.35444e-11
5.15488e-11
-1.95052e-11
-4.47875e-12
5.1947e-12
5.99686e-12
-1.14422e-11
6.36088e-12
-2.56259e-12
6.95593e-12
-1.07166e-11
-2.19742e-12
3.07437e-11
-5.28357e-11
4.56713e-11
-1.32521e-11
-1.38565e-11
7.5405e-12
2.89742e-11
-6.32392e-11
6.65863e-11
-4.02816e-11
1.2281e-11
-4.79926e-12
1.61288e-11
-2.61449e-11
2.52726e-11
-2.01661e-11
2.37694e-11
-3.04003e-11
2.47095e-11
2.33921e-12
-3.14334e-11
3.74844e-11
-1.11691e-11
-2.04251e-11
2.6276e-11
4.68585e-12
-4.40806e-11
6.16335e-11
-4.61181e-11
2.19577e-11
-1.0712e-11
1.87115e-11
-2.66546e-11
2.68482e-11
-2.3132e-11
3.17666e-11
-4.58776e-11
4.86746e-11
-2.35187e-11
-1.19485e-11
2.96548e-11
-1.04816e-11
-2.37541e-11
4.02767e-11
-1.95352e-11
-1.77668e-11
4.22054e-11
-3.87972e-11
2.4455e-11
-1.79909e-11
2.2891e-11
-2.43665e-11
1.65258e-11
-1.15664e-11
2.51186e-11
-5.23964e-11
6.58481e-11
-4.70217e-11
5.81051e-12
2.05879e-11
-1.26351e-11
-2.02121e-11
4.00841e-11
-3.24155e-11
4.13954e-12
1.39009e-11
-1.92043e-11
1.72129e-11
-2.74085e-11
3.45349e-11
-3.08939e-11
6.77312e-12
5.15283e-12
6.75451e-12
-4.675e-11
7.04141e-11
-6.39483e-11
2.38607e-11
3.2643e-12
-7.69359e-12
-1.48784e-11
2.47785e-11
-2.43415e-11
1.09193e-11
-1.27621e-11
1.05824e-11
-1.86626e-12
-3.02411e-11
4.97089e-11
-4.64136e-11
1.06605e-11
1.22166e-11
-7.4281e-12
-3.06378e-11
5.75398e-11
-6.03996e-11
3.72027e-11
-2.18663e-11
1.72938e-11
-1.87329e-11
7.61552e-12
4.33775e-12
-1.41706e-12
-2.05707e-11
3.77568e-11
-2.29319e-11
-1.69532e-11
5.38153e-11
-5.27195e-11
2.84085e-11
-1.61797e-12
6.16124e-12
-1.85809e-11
3.37377e-11
-2.69319e-11
3.31537e-11
-3.88479e-11
5.60292e-11
-3.57941e-11
7.89089e-12
3.06367e-11
-1.88016e-11
-2.6317e-12
3.73113e-11
-2.03446e-11
8.25139e-13
3.51327e-11
-2.87663e-11
3.69399e-11
-2.9256e-11
4.94034e-11
-3.09731e-11
1.95044e-11
1.22358e-11
1.01881e-11
-3.17472e-11
6.89432e-11
-4.60981e-11
2.13257e-11
2.04661e-11
-1.34261e-11
1.44662e-11
-1.72156e-12
1.91542e-11
-1.14116e-11
7.83239e-12
8.26229e-12
1.49968e-11
-4.54762e-11
7.45075e-11
-5.84791e-11
2.38369e-11
4.73101e-12
-2.14418e-12
-1.73247e-11
2.29495e-11
-2.00635e-11
8.43673e-12
-2.03098e-11
1.32664e-11
-3.21299e-12
-4.52941e-11
5.36849e-11
-5.51938e-11
3.42256e-12
-2.10602e-12
-6.11127e-12
-4.21717e-11
3.13752e-11
-5.09115e-11
1.77725e-11
-4.91606e-11
1.90331e-11
-2.85325e-11
-3.81085e-11
2.18858e-11
-3.92396e-11
-2.85706e-11
4.03561e-12
-1.99712e-11
-4.93033e-11
2.57498e-11
-6.01143e-11
1.83901e-11
-6.28202e-11
2.44863e-11
-4.10009e-11
-2.67609e-11
-1.69352e-13
-1.23557e-11
-5.2799e-11
2.43569e-11
-2.83894e-11
-3.34651e-11
1.87676e-11
-4.17429e-11
2.13674e-11
-5.21026e-11
3.46668e-11
-2.71352e-11
-9.62259e-12
1.41557e-12
2.45909e-11
-5.45639e-11
5.63957e-11
-1.95513e-11
3.45295e-12
2.07702e-11
-6.71015e-13
3.52183e-11
-2.00138e-11
5.10574e-11
1.16633e-11
1.177e-11
2.43251e-11
6.46816e-11
-3.43776e-11
8.9426e-11
2.82698e-12
4.88535e-11
2.83897e-11
4.46446e-11
5.47904e-11
1.61027e-11
6.28035e-11
5.61316e-11
2.58984e-11
4.83495e-11
8.97877e-11
-1.01213e-11
1.03241e-10
1.74122e-11
7.99423e-11
2.3827e-11
6.59585e-11
6.04929e-11
3.05925e-11
4.89969e-11
7.63039e-11
1.4585e-11
4.58653e-11
7.62402e-11
-6.78638e-12
7.75565e-11
-2.24852e-12
7.41049e-11
-1.16658e-11
4.01768e-11
3.16198e-11
5.47886e-12
-4.9407e-12
4.96971e-11
-3.19455e-11
2.84522e-12
1.26174e-11
-3.68871e-11
1.04567e-11
-6.4783e-11
2.67214e-11
-7.69345e-11
-2.93385e-11
-3.29075e-11
-5.11139e-11
-8.60569e-11
-1.77186e-11
-9.83046e-11
-6.18252e-11
-8.0976e-11
-8.39678e-11
-6.76515e-11
-1.42412e-10
-3.60575e-11
-1.39304e-10
-1.00916e-10
-1.02006e-10
-9.96899e-11
-1.46905e-10
-8.36999e-11
-1.42089e-10
-9.7231e-11
-1.50383e-10
-1.04711e-10
-1.02363e-10
-1.75684e-10
-6.42925e-11
-1.48091e-10
-1.09827e-10
-1.23099e-10
-8.92164e-11
-1.28717e-10
-8.84486e-11
-1.16529e-10
-5.19854e-11
-1.34163e-10
-5.56108e-11
-5.11031e-11
-1.10092e-10
-1.48484e-11
-7.22478e-11
-1.33588e-11
-5.74763e-11
4.29125e-12
-9.78838e-12
2.43701e-12
-7.91258e-12
7.74626e-11
-1.23533e-11
6.86899e-11
7.40548e-11
5.13606e-11
1.09146e-10
6.32973e-11
1.59431e-10
7.81346e-11
1.47321e-10
1.54745e-10
1.55044e-10
1.38788e-10
2.2069e-10
1.54959e-10
2.11925e-10
1.95196e-10
2.2049e-10
2.37834e-10
1.77097e-10
2.99172e-10
1.962e-10
2.5478e-10
2.46666e-10
2.62651e-10
2.29951e-10
2.65801e-10
2.4218e-10
2.70846e-10
2.12174e-10
2.62973e-10
2.58946e-10
1.77204e-10
2.79998e-10
1.78446e-10
2.35558e-10
1.64605e-10
2.07562e-10
1.71925e-10
1.41744e-10
1.43723e-10
1.5409e-10
7.64282e-11
1.013e-10
9.38783e-11
2.44283e-11
6.58939e-11
-2.93763e-11
5.35465e-11
-8.35404e-11
-3.09832e-11
-5.85916e-11
-1.14003e-10
-1.1817e-10
-1.32252e-10
-1.63032e-10
-1.95152e-10
-2.07287e-10
-2.28049e-10
-2.32911e-10
-3.28433e-10
-2.23524e-10
-3.62191e-10
-3.1304e-10
-3.54288e-10
-3.63179e-10
-3.70726e-10
-4.28551e-10
-3.7152e-10
-4.33656e-10
-4.40333e-10
-4.34061e-10
-4.21534e-10
-4.92037e-10
-4.16474e-10
-4.86119e-10
-4.17855e-10
-4.90815e-10
-4.3674e-10
-4.11427e-10
-4.87893e-10
-3.8198e-10
-4.34286e-10
-3.79168e-10
-4.07434e-10
-3.47129e-10
-3.44592e-10
-3.24133e-10
-3.2398e-10
-2.30393e-10
-2.81514e-10
-2.20909e-10
-1.67314e-10
-1.87331e-10
-9.32491e-11
-1.47473e-10
2.96581e-12
-6.46889e-11
1.35597e-11
6.45691e-11
8.02792e-11
1.16222e-10
1.61689e-10
2.07784e-10
2.33474e-10
2.64704e-10
3.07731e-10
3.85266e-10
3.18018e-10
4.73103e-10
4.18348e-10
5.01139e-10
4.98893e-10
5.38263e-10
6.05763e-10
5.44068e-10
6.5201e-10
6.35106e-10
6.6024e-10
6.60176e-10
7.14051e-10
6.86896e-10
7.2564e-10
6.85826e-10
7.64581e-10
6.98451e-10
7.00536e-10
7.5791e-10
6.61588e-10
7.3336e-10
6.32109e-10
7.09856e-10
6.1882e-10
6.05491e-10
6.15154e-10
5.57589e-10
5.21504e-10
4.98729e-10
4.70581e-10
4.12892e-10
3.80801e-10
3.16984e-10
3.40872e-10
1.76685e-10
2.37863e-10
1.27625e-10
9.17092e-11
4.22665e-11
-4.18973e-11
-1.84607e-11
-1.80412e-10
-1.53696e-10
-2.37535e-10
-2.87842e-10
-3.61533e-10
-3.84287e-10
-4.5444e-10
-4.96474e-10
-5.77951e-10
-5.76409e-10
-6.4313e-10
-7.34223e-10
-6.83765e-10
-8.18739e-10
-7.69822e-10
-8.94949e-10
-8.44745e-10
-9.00272e-10
-9.67866e-10
-9.1704e-10
-9.88063e-10
-9.68552e-10
-1.01823e-09
-9.80256e-10
-1.00379e-09
-1.00318e-09
-1.0161e-09
-9.41404e-10
-1.00725e-09
-9.42848e-10
-9.26457e-10
-9.13639e-10
-8.50382e-10
-8.9797e-10
-7.33211e-10
-8.13232e-10
-7.03193e-10
-6.72458e-10
-6.20408e-10
-5.54667e-10
-5.43967e-10
-4.15948e-10
-4.01724e-10
-3.34047e-10
-2.64182e-10
-1.70246e-10
-1.54924e-10
-3.81186e-11
-1.03428e-11
1.20024e-10
1.23493e-10
2.17811e-10
3.36771e-10
3.13767e-10
4.75745e-10
4.54677e-10
6.16174e-10
5.98853e-10
6.83695e-10
7.83789e-10
7.84327e-10
8.74484e-10
8.98034e-10
9.86602e-10
9.92635e-10
1.04377e-09
1.08186e-09
1.14619e-09
1.10183e-09
1.19791e-09
1.18098e-09
1.20826e-09
1.21734e-09
1.19002e-09
1.28573e-09
1.15119e-09
1.25127e-09
1.17807e-09
1.19131e-09
1.15499e-09
1.10183e-09
1.14617e-09
1.02472e-09
1.03245e-09
9.72836e-10
9.44929e-10
8.6049e-10
8.25053e-10
7.61201e-10
7.22586e-10
6.03091e-10
5.83132e-10
5.17639e-10
3.96477e-10
3.854e-10
2.36603e-10
2.64392e-10
7.1895e-11
6.51167e-11
-1.22497e-11
-1.34431e-10
-1.57197e-10
-3.05545e-10
-2.84882e-10
-4.51477e-10
-4.84143e-10
-5.50501e-10
-6.28625e-10
-7.03921e-10
-7.70077e-10
-8.13228e-10
-8.83053e-10
-9.54125e-10
-1.00172e-09
-1.00869e-09
-1.1347e-09
-1.10029e-09
-1.20048e-09
-1.17053e-09
-1.25489e-09
-1.28226e-09
-1.22936e-09
-1.35284e-09
-1.26958e-09
-1.36477e-09
-1.28256e-09
-1.33911e-09
-1.34283e-09
-1.27434e-09
-1.32251e-09
-1.26306e-09
-1.28658e-09
-1.20855e-09
-1.21093e-09
-1.18346e-09
-1.1431e-09
-1.07397e-09
-1.07781e-09
-1.00824e-09
-9.63102e-10
-9.09552e-10
-8.47254e-10
-8.49926e-10
-6.8539e-10
-7.32951e-10
-6.00982e-10
-5.81985e-10
-4.9164e-10
-4.05894e-10
-4.27537e-10
-2.3868e-10
-2.69927e-10
-1.33965e-10
-1.18333e-10
-1.52832e-11
7.29605e-11
7.92346e-11
2.12303e-10
2.5036e-10
3.44391e-10
3.78823e-10
4.77817e-10
5.46216e-10
6.16122e-10
6.51492e-10
7.72706e-10
8.15283e-10
8.76098e-10
9.61081e-10
1.00002e-09
1.13785e-09
1.09314e-09
1.26215e-09
1.27262e-09
1.35557e-09
1.42481e-09
1.44249e-09
1.61172e-09
1.54603e-09
1.70352e-09
1.71201e-09
1.80513e-09
1.85589e-09
1.86956e-09
2.01091e-09
1.98946e-09
2.08381e-09
2.10369e-09
2.18642e-09
2.21419e-09
2.24104e-09
2.29652e-09
2.34413e-09
2.34993e-09
2.373e-09
2.41933e-09
2.41092e-09
2.44804e-09
2.38345e-09
2.46972e-09
2.3885e-09
2.3864e-09
2.3617e-09
2.2937e-09
2.31412e-09
2.13137e-09
2.17824e-09
2.01539e-09
1.95187e-09
1.82725e-09
1.67228e-09
1.62062e-09
1.34597e-09
1.26816e-09
1.02416e-09
8.6429e-10
6.21293e-10
3.58957e-10
1.72854e-10
-1.5639e-10
-4.10722e-10
-7.4314e-10
-1.02525e-09
-1.38112e-09
-1.74133e-09
-2.10219e-09
-2.46003e-09
-2.88269e-09
-3.28954e-09
-3.6913e-09
-4.13247e-09
-4.54593e-09
-5.05918e-09
-5.42041e-09
-5.94052e-09
-6.36972e-09
-6.84091e-09
-7.3072e-09
-7.69046e-09
-8.24979e-09
-8.572e-09
-9.07208e-09
-9.42104e-09
-9.84149e-09
-1.02313e-08
-1.0482e-08
-1.09087e-08
-1.1095e-08
-1.14211e-08
-1.15594e-08
-1.17566e-08
-1.19146e-08
-1.19128e-08
-1.2002e-08
-1.19073e-08
-1.18839e-08
-1.16725e-08
-1.14611e-08
-1.12003e-08
-1.08221e-08
-1.04019e-08
-9.86844e-09
-9.32203e-09
-8.6434e-09
-7.89536e-09
-7.05721e-09
-6.18674e-09
-5.16266e-09
-4.10071e-09
-2.92745e-09
-1.71023e-09
-3.96383e-10
1.0588e-09
2.46129e-09
4.07312e-09
5.63196e-09
7.38667e-09
9.10189e-09
1.08761e-08
1.28083e-08
1.46305e-08
1.66636e-08
1.85278e-08
2.06084e-08
2.26005e-08
2.45778e-08
2.66514e-08
2.85627e-08
3.06534e-08
3.24726e-08
3.44267e-08
3.62465e-08
3.79835e-08
3.97037e-08
4.11871e-08
4.27654e-08
4.4021e-08
4.52641e-08
4.62973e-08
4.71861e-08
4.79398e-08
4.838e-08
4.87643e-08
4.88258e-08
4.87298e-08
4.83283e-08
4.77083e-08
4.68597e-08
4.56764e-08
4.4249e-08
4.25111e-08
4.05229e-08
3.81832e-08
3.55539e-08
3.26087e-08
2.93928e-08
2.58059e-08
2.19338e-08
1.77574e-08
1.32714e-08
8.50848e-09
3.37164e-09
-1.92051e-09
-7.59327e-09
-1.34487e-08
-1.96056e-08
-2.59643e-08
-3.24639e-08
-3.92944e-08
-4.61242e-08
-5.32372e-08
-6.03177e-08
-6.7586e-08
-7.48995e-08
-8.2124e-08
-8.94886e-08
-9.66241e-08
-1.03872e-07
-1.108e-07
-1.17655e-07
-1.24322e-07
-1.3064e-07
-1.36812e-07
-1.42429e-07
-1.47901e-07
-1.52771e-07
-1.57239e-07
-1.61194e-07
-1.6451e-07
-1.67393e-07
-1.69395e-07
-1.70916e-07
-1.71567e-07
-1.71532e-07
-1.70678e-07
-1.68893e-07
-1.66415e-07
-1.62844e-07
-1.58506e-07
-1.53081e-07
-1.46776e-07
-1.3949e-07
-1.31103e-07
-1.21845e-07
-1.11444e-07
-1.00177e-07
-8.77778e-08
-7.44452e-08
-6.01668e-08
-4.4875e-08
-2.87358e-08
-1.15958e-08
6.26763e-09
2.50153e-08
4.4498e-08
6.46779e-08
8.55031e-08
1.06834e-07
1.28745e-07
1.51003e-07
1.73612e-07
1.96419e-07
2.19394e-07
2.42412e-07
2.6532e-07
2.88062e-07
3.10502e-07
3.32558e-07
3.54031e-07
3.7486e-07
3.94896e-07
4.14048e-07
4.32116e-07
4.49008e-07
4.64617e-07
4.78779e-07
4.91401e-07
5.02265e-07
5.11393e-07
5.18543e-07
5.23665e-07
5.26601e-07
5.27258e-07
5.25617e-07
5.21417e-07
5.1475e-07
5.05384e-07
4.934e-07
4.78637e-07
4.61031e-07
4.40676e-07
4.17372e-07
3.9131e-07
3.62253e-07
3.30425e-07
2.95766e-07
2.58281e-07
2.18146e-07
1.75236e-07
1.29924e-07
8.20213e-08
3.18469e-08
-2.05511e-08
-7.50291e-08
-1.31287e-07
-1.89414e-07
-2.48886e-07
-3.09774e-07
-3.71636e-07
-4.34362e-07
-4.97718e-07
-5.6124e-07
-6.24947e-07
-6.88236e-07
-7.51116e-07
-8.13018e-07
-8.73738e-07
-9.3303e-07
-9.9036e-07
-1.04568e-06
-1.0983e-06
-1.14824e-06
-1.19493e-06
-1.2381e-06
-1.27749e-06
-1.31258e-06
-1.34338e-06
-1.3692e-06
-1.39006e-06
-1.40546e-06
-1.41523e-06
-1.41918e-06
-1.41681e-06
-1.40828e-06
-1.39302e-06
-1.37118e-06
-1.34236e-06
-1.30652e-06
-1.26371e-06
-1.21357e-06
-1.15641e-06
-1.09116e-06
-1.00223e-06
-8.51627e-07
-6.08996e-07
-3.12841e-07
-9.02393e-08
-9.5765e-09
3.77278e-10
0
