0
2.52443e-16
3.62648e-15
2.26135e-14
5.09856e-14
4.3499e-13
-3.0389e-12
1.22201e-11
-2.65132e-11
3.68406e-11
-3.77658e-11
3.27303e-11
-2.7323e-11
2.39537e-11
-2.22259e-11
2.07457e-11
-1.87259e-11
1.59481e-11
-1.36555e-11
1.46587e-11
-2.19339e-11
3.46939e-11
-4.69035e-11
5.0143e-11
-4.01186e-11
1.98316e-11
2.60956e-12
-2.00278e-11
2.95015e-11
-3.2203e-11
3.07941e-11
-2.82045e-11
2.64725e-11
-2.59325e-11
2.44253e-11
-1.95933e-11
1.21286e-11
-7.28423e-12
1.09276e-11
-2.41974e-11
4.11442e-11
-5.28181e-11
5.29612e-11
-4.13849e-11
2.23738e-11
-1.95917e-12
-1.46737e-11
2.43566e-11
-2.74923e-11
2.76106e-11
-2.88514e-11
3.17689e-11
-3.27355e-11
2.7444e-11
-1.63601e-11
5.54103e-12
-2.65733e-12
1.09847e-11
-2.75554e-11
4.51348e-11
-5.64122e-11
5.65376e-11
-4.496e-11
2.55771e-11
-5.565e-12
-8.84774e-12
1.61396e-11
-2.02216e-11
2.58401e-11
-3.37179e-11
3.93006e-11
-3.73006e-11
2.65893e-11
-1.19761e-11
9.75993e-13
1.94311e-13
1.02068e-11
-2.89777e-11
4.86274e-11
-6.05612e-11
5.91948e-11
-4.57632e-11
2.72866e-11
-1.16521e-11
1.69967e-12
5.50191e-12
-1.47489e-11
2.71538e-11
-3.89445e-11
4.41343e-11
-3.92132e-11
2.5327e-11
-8.32699e-12
-3.7816e-12
4.02354e-12
9.37571e-12
-3.12503e-11
5.1328e-11
-6.05365e-11
5.63908e-11
-4.40121e-11
3.09297e-11
-2.1319e-11
1.35944e-11
-3.6683e-12
-1.07703e-11
2.75993e-11
-4.15275e-11
4.66195e-11
-3.97492e-11
2.27396e-11
-3.1754e-12
-8.80526e-12
5.99506e-12
1.05864e-11
-3.22479e-11
4.8286e-11
-5.32892e-11
4.91479e-11
-4.17985e-11
3.54323e-11
-3.01529e-11
2.2964e-11
-1.10571e-11
-6.17521e-12
2.57054e-11
-4.13945e-11
4.60939e-11
-3.65356e-11
1.68106e-11
2.39247e-12
-1.05782e-11
4.18419e-12
1.149e-11
-2.74994e-11
3.7495e-11
-4.07289e-11
3.97847e-11
-3.76498e-11
3.56559e-11
-3.33593e-11
2.82095e-11
-1.69935e-11
-1.36412e-12
2.24216e-11
-3.74428e-11
3.89057e-11
-2.6925e-11
9.36283e-12
3.76533e-12
-7.24601e-12
2.10033e-12
7.19855e-12
-1.66191e-11
2.34698e-11
-2.66437e-11
2.67369e-11
-2.64054e-11
2.78568e-11
-2.9973e-11
2.78457e-11
-1.74994e-11
4.7977e-13
1.59583e-11
-2.46199e-11
2.33576e-11
-1.56138e-11
6.26154e-12
1.21952e-12
-5.13844e-12
4.44885e-12
2.80582e-13
-6.25775e-12
9.6824e-12
-9.44272e-12
8.08103e-12
-9.17654e-12
1.2953e-11
-1.61139e-11
1.51624e-11
-1.00997e-11
3.5545e-12
1.99894e-12
-6.04032e-12
8.33354e-12
-7.91027e-12
3.91405e-12
2.02336e-12
-6.46726e-12
6.95389e-12
-4.63944e-12
2.76858e-12
-3.66385e-12
6.75807e-12
-1.02426e-11
1.27002e-11
-1.35345e-11
1.16888e-11
-6.29689e-12
-1.78468e-12
8.92245e-12
-1.12817e-11
8.02708e-12
-2.63648e-12
-2.86681e-13
-1.33494e-12
5.53226e-12
-8.90846e-12
9.46275e-12
-8.08215e-12
7.22189e-12
-9.60534e-12
1.67097e-11
-2.80446e-11
3.99648e-11
-4.65532e-11
4.24236e-11
-2.72169e-11
6.82641e-12
9.66991e-12
-1.64313e-11
1.4268e-11
-9.18222e-12
6.73421e-12
-8.3839e-12
1.14766e-11
-1.27175e-11
1.06007e-11
-6.53701e-12
4.08858e-12
-8.02011e-12
2.13596e-11
-4.22675e-11
6.24803e-11
-7.1406e-11
6.30437e-11
-4.10249e-11
1.58577e-11
2.44937e-12
-1.07534e-11
1.22122e-11
-1.19041e-11
1.25919e-11
-1.4421e-11
1.5765e-11
-1.45616e-11
9.28412e-12
-1.5078e-12
-3.13865e-12
-2.5641e-12
2.09998e-11
-4.61184e-11
6.61664e-11
-7.20144e-11
6.26635e-11
-4.44526e-11
2.5038e-11
-9.27246e-12
-1.50297e-12
7.58179e-12
-1.04141e-11
1.2016e-11
-1.39028e-11
1.5025e-11
-1.26815e-11
5.66891e-12
2.58532e-12
-5.85813e-12
-1.6439e-13
1.39239e-11
-2.95221e-11
4.08967e-11
-4.53832e-11
4.31516e-11
-3.56237e-11
2.44113e-11
-1.21798e-11
2.17854e-12
3.19034e-12
-4.3604e-12
3.81981e-12
-4.03005e-12
5.20308e-12
-6.0282e-12
5.29036e-12
-3.29306e-12
8.6352e-13
1.41713e-12
-3.36285e-12
3.90277e-12
-1.57628e-12
-3.83567e-12
9.42907e-12
-1.09283e-11
6.33942e-12
1.16973e-12
-5.63673e-12
3.16483e-12
4.45092e-12
-1.16394e-11
1.32814e-11
-8.18209e-12
-1.319e-12
1.07152e-11
-1.50783e-11
1.03547e-11
3.68916e-12
-2.19144e-11
3.56529e-11
-3.90689e-11
3.36117e-11
-2.66768e-11
2.43499e-11
-2.62439e-11
2.63558e-11
-1.94241e-11
5.35174e-12
1.0759e-11
-2.24668e-11
2.48729e-11
-1.66346e-11
7.30362e-13
1.5191e-11
-2.19957e-11
1.42725e-11
5.26245e-12
-2.7633e-11
4.3809e-11
-5.08838e-11
5.1974e-11
-5.17337e-11
5.14119e-11
-4.87631e-11
4.08318e-11
-2.72191e-11
1.02739e-11
5.91665e-12
-1.73193e-11
2.07443e-11
-1.53815e-11
3.70101e-12
8.41321e-12
-1.45757e-11
1.13183e-11
-2.42145e-13
-1.40317e-11
2.71385e-11
-3.72849e-11
4.39567e-11
-4.63746e-11
4.3334e-11
-3.55857e-11
2.63783e-11
-1.94035e-11
1.51242e-11
-1.08314e-11
3.8762e-12
4.6055e-12
-1.06392e-11
1.09825e-11
-6.22524e-12
-4.07062e-13
5.4695e-12
-7.02165e-12
4.1216e-12
2.55212e-12
-9.82949e-12
1.23058e-11
-6.57988e-12
-4.82821e-12
1.37055e-11
-1.26103e-11
1.03545e-12
1.36255e-11
-2.21109e-11
1.97026e-11
-8.7631e-12
-4.4167e-12
1.36456e-11
-1.58055e-11
1.11066e-11
-2.73325e-12
-5.1574e-12
9.75934e-12
-1.21361e-11
1.64699e-11
-2.66853e-11
4.17606e-11
-5.50576e-11
5.81126e-11
-4.72124e-11
2.62276e-11
-4.2652e-12
-1.06332e-11
1.53967e-11
-1.19276e-11
3.75707e-12
5.73346e-12
-1.35615e-11
1.65978e-11
-1.31856e-11
4.32408e-12
6.80506e-12
-1.79037e-11
2.87687e-11
-4.00094e-11
5.01844e-11
-5.61448e-11
5.55419e-11
-4.92082e-11
3.95301e-11
-2.79808e-11
1.45271e-11
-6.39741e-13
-9.34605e-12
1.05374e-11
-2.62056e-12
-8.73858e-12
1.53237e-11
-1.25952e-11
2.23138e-12
9.64212e-12
-1.71933e-11
1.77131e-11
-1.2496e-11
5.44059e-12
-1.52809e-12
4.06471e-12
-1.25948e-11
2.20651e-11
-2.58834e-11
2.0424e-11
-8.53563e-12
-2.4182e-12
6.05821e-12
-2.4737e-12
-2.36189e-12
1.91616e-12
4.79477e-12
-1.27686e-11
1.50965e-11
-8.26317e-12
-6.62938e-12
2.52479e-11
-4.23865e-11
5.27148e-11
-5.24463e-11
4.13719e-11
-2.43395e-11
8.4952e-12
1.10654e-12
-4.34433e-12
3.76774e-12
-1.21067e-12
-3.56571e-12
1.02471e-11
-1.62254e-11
1.76436e-11
-1.30978e-11
4.59372e-12
4.64438e-12
-1.38383e-11
2.4631e-11
-3.83156e-11
5.25175e-11
-6.18751e-11
6.13244e-11
-5.01137e-11
3.23128e-11
-1.4751e-11
3.24993e-12
-5.84603e-13
5.46543e-12
-1.33464e-11
1.78401e-11
-1.42655e-11
2.87179e-12
1.00029e-11
-1.6134e-11
1.15996e-11
-6.08988e-13
-8.05319e-12
8.10697e-12
-7.16635e-13
-7.98614e-12
1.2586e-11
-1.23765e-11
9.86552e-12
-7.81827e-12
7.27914e-12
-8.23486e-12
9.67448e-12
-9.57764e-12
5.13629e-12
4.5812e-12
-1.67275e-11
2.51848e-11
-2.47271e-11
1.42035e-11
3.04977e-12
-2.22959e-11
3.96256e-11
-5.25006e-11
5.83359e-11
-5.49021e-11
4.2167e-11
-2.46091e-11
9.65928e-12
-3.36333e-12
5.7829e-12
-1.15589e-11
1.44518e-11
-1.26494e-11
9.04623e-12
-7.7307e-12
9.6458e-12
-1.23234e-11
1.19229e-11
-5.84171e-12
-6.68388e-12
2.36965e-11
-4.02746e-11
4.95008e-11
-4.69275e-11
3.4504e-11
-2.0619e-11
1.39704e-11
-1.71471e-11
2.47317e-11
-2.84771e-11
2.36091e-11
-1.17851e-11
-1.76961e-12
1.21989e-11
-1.7419e-11
1.71063e-11
-1.16494e-11
1.74576e-12
1.03841e-11
-2.12345e-11
2.7402e-11
-2.79978e-11
2.45778e-11
-1.95454e-11
1.39806e-11
-8.11557e-12
2.4538e-12
1.5342e-12
-2.99164e-12
2.262e-12
-2.43211e-14
-4.77882e-12
1.37977e-11
-2.59422e-11
3.48131e-11
-3.21515e-11
1.43632e-11
1.30587e-11
-3.88091e-11
5.30832e-11
-5.36845e-11
4.55331e-11
-3.62047e-11
3.07361e-11
-3.00976e-11
3.1941e-11
-3.29588e-11
3.0293e-11
-2.30935e-11
1.28946e-11
-3.4177e-12
-1.80715e-12
1.69371e-12
1.19548e-12
-3.0331e-12
1.9586e-12
7.90411e-14
3.66303e-14
-3.11665e-12
6.44038e-12
-7.08663e-12
4.84787e-12
-2.02348e-12
-3.37581e-13
3.87779e-12
-1.0696e-11
1.89851e-11
-2.28418e-11
1.6368e-11
6.79591e-13
-2.19531e-11
3.79614e-11
-4.17421e-11
3.17114e-11
-1.18228e-11
-1.10658e-11
2.98612e-11
-4.02156e-11
4.18447e-11
-3.8656e-11
3.59935e-11
-3.7148e-11
4.04877e-11
-4.10543e-11
3.49608e-11
-2.37629e-11
1.33943e-11
-9.2732e-12
1.1355e-11
-1.49752e-11
1.541e-11
-1.21001e-11
7.50957e-12
-3.72829e-12
3.53786e-13
3.38195e-12
-6.54007e-12
6.67126e-12
-3.05772e-12
-1.73367e-12
2.96266e-12
2.48547e-12
-1.386e-11
2.64409e-11
-3.42795e-11
3.27037e-11
-2.05058e-11
3.51792e-13
2.12934e-11
-3.6414e-11
3.87538e-11
-2.78796e-11
9.75313e-12
6.70478e-12
-1.6167e-11
2.01031e-11
-2.44039e-11
3.25924e-11
-4.23257e-11
4.76449e-11
-4.51496e-11
3.66615e-11
-2.72189e-11
2.04461e-11
-1.70207e-11
1.5798e-11
-1.61286e-11
1.76876e-11
-1.95309e-11
1.93509e-11
-1.5235e-11
7.3402e-12
1.37269e-12
-7.16693e-12
7.64929e-12
-3.37355e-12
-2.92879e-12
7.37804e-12
-6.45933e-12
-2.14266e-12
1.75005e-11
-3.42607e-11
4.36008e-11
-3.86609e-11
1.98826e-11
3.97831e-12
-2.2032e-11
2.85362e-11
-2.58421e-11
2.00197e-11
-1.50319e-11
1.00236e-11
-2.26433e-12
-9.1827e-12
2.19454e-11
-3.27191e-11
3.95086e-11
-4.24805e-11
4.23306e-11
-3.9413e-11
3.37794e-11
-2.67458e-11
2.08479e-11
-1.85387e-11
1.98144e-11
-2.2324e-11
2.2999e-11
-2.02966e-11
1.40938e-11
-5.39247e-12
-3.71862e-12
9.19488e-12
-6.85836e-12
-4.05614e-12
1.78619e-11
-2.50077e-11
1.84701e-11
2.24398e-13
-2.18286e-11
3.55684e-11
-3.64113e-11
2.66897e-11
-1.27696e-11
-4.02856e-13
1.11956e-11
-1.99504e-11
2.59618e-11
-2.73732e-11
2.30611e-11
-1.47827e-11
5.72542e-12
2.16012e-12
-9.75327e-12
1.85951e-11
-2.8604e-11
3.74374e-11
-4.27441e-11
4.35843e-11
-4.0726e-11
3.54659e-11
-2.96637e-11
2.54788e-11
-2.46941e-11
2.64196e-11
-2.66804e-11
2.05971e-11
-7.16558e-12
-8.57367e-12
1.76803e-11
-1.38353e-11
-1.77448e-12
2.04344e-11
-3.21353e-11
3.1991e-11
-2.24768e-11
9.3264e-12
3.05246e-12
-1.30562e-11
1.92545e-11
-1.9186e-11
1.0909e-11
3.63179e-12
-1.86638e-11
2.77874e-11
-2.85109e-11
2.31628e-11
-1.67076e-11
1.2706e-11
-1.16142e-11
1.10506e-11
-8.09674e-12
8.03765e-13
1.05904e-11
-2.39403e-11
3.5571e-11
-4.20895e-11
4.21726e-11
-3.82409e-11
3.48588e-11
-3.50833e-11
3.68168e-11
-3.43034e-11
2.32305e-11
-5.60973e-12
-1.14369e-11
2.08028e-11
-2.03592e-11
1.259e-11
-1.3332e-12
-1.13227e-11
2.41362e-11
-3.46384e-11
3.83484e-11
-3.21126e-11
1.77486e-11
-2.91769e-12
-3.62443e-12
-2.02327e-12
1.57916e-11
-2.90702e-11
3.46506e-11
-3.11557e-11
2.20712e-11
-1.26259e-11
6.74875e-12
-6.43841e-12
1.11421e-11
-1.79259e-11
2.21968e-11
-2.05072e-11
1.24313e-11
-7.71658e-13
-1.10307e-11
2.08959e-11
-2.87797e-11
3.47655e-11
-3.7772e-11
3.56551e-11
-2.78099e-11
1.64555e-11
-5.56577e-12
-2.82421e-12
9.955e-12
-1.82273e-11
2.66332e-11
-2.99599e-11
2.27036e-11
-5.26863e-12
-1.4939e-11
2.83001e-11
-3.04403e-11
2.4747e-11
-1.91903e-11
1.98119e-11
-2.72763e-11
3.74291e-11
-4.53149e-11
4.78648e-11
-4.44793e-11
3.53704e-11
-2.14855e-11
5.40663e-12
7.73758e-12
-1.26413e-11
7.0413e-12
6.23047e-12
-2.11552e-11
3.14949e-11
-3.3542e-11
2.66215e-11
-1.33585e-11
-1.17269e-12
1.08303e-11
-1.17414e-11
4.63979e-12
5.05464e-12
-1.12362e-11
1.13353e-11
-8.24849e-12
7.24499e-12
-1.14159e-11
1.87006e-11
-2.42153e-11
2.4726e-11
-2.16748e-11
1.86463e-11
-1.7067e-11
1.42288e-11
-6.81649e-12
-5.1115e-12
1.74107e-11
-2.60485e-11
3.06366e-11
-3.44739e-11
4.01349e-11
-4.59569e-11
4.61228e-11
-3.5698e-11
1.53325e-11
7.73717e-12
-2.44298e-11
2.92443e-11
-2.30143e-11
1.06472e-11
2.19154e-12
-1.16565e-11
1.58212e-11
-1.49616e-11
1.14432e-11
-9.47186e-12
1.26731e-11
-2.19526e-11
3.45136e-11
-4.58128e-11
5.16177e-11
-4.97311e-11
3.9976e-11
-2.44859e-11
7.37416e-12
5.53079e-12
-8.92422e-12
8.38934e-13
1.466e-11
-2.89638e-11
3.39119e-11
-2.78304e-11
1.61444e-11
-6.67632e-12
3.06308e-12
-3.3023e-12
3.11421e-12
-1.02174e-12
-8.56635e-13
-4.09148e-13
4.63912e-12
-8.67919e-12
9.5706e-12
-8.27427e-12
8.83583e-12
-1.44163e-11
2.3246e-11
-2.98222e-11
2.95393e-11
-2.31495e-11
1.55961e-11
-1.13338e-11
9.91244e-12
-6.95799e-12
-1.78247e-12
1.64037e-11
-3.29574e-11
4.57613e-11
-5.06395e-11
4.61248e-11
-3.37041e-11
1.6611e-11
7.94333e-13
-1.41985e-11
2.0298e-11
-1.86894e-11
1.20761e-11
-4.96152e-12
6.49351e-13
-1.06438e-13
2.14436e-12
-4.65932e-12
4.50452e-12
1.80631e-12
-1.64312e-11
3.71346e-11
-5.68747e-11
6.66251e-11
-6.12203e-11
4.29427e-11
-2.07377e-11
4.22709e-12
1.91734e-12
1.55455e-13
-5.34857e-12
1.01086e-11
-1.42021e-11
1.78959e-11
-1.95896e-11
1.64583e-11
-8.61877e-12
8.65953e-13
3.22252e-14
8.50026e-12
-2.21276e-11
3.22581e-11
-3.28755e-11
2.47114e-11
-1.43787e-11
8.49661e-12
-9.00098e-12
1.26474e-11
-1.55544e-11
1.68576e-11
-1.87467e-11
2.2636e-11
-2.71447e-11
2.90973e-11
-2.68514e-11
2.12911e-11
-1.47545e-11
8.47356e-12
-2.03397e-12
-5.73197e-12
1.44106e-11
-2.15328e-11
2.37129e-11
-1.94553e-11
1.00898e-11
8.65283e-13
-9.98094e-12
1.49987e-11
-1.5673e-11
1.36077e-11
-1.21708e-11
1.45497e-11
-2.1546e-11
2.97877e-11
-3.3431e-11
2.76067e-11
-1.20331e-11
-9.09082e-12
2.9578e-11
-4.4793e-11
5.25259e-11
-5.23593e-11
4.42583e-11
-2.94077e-11
1.15263e-11
2.71502e-12
-7.32095e-12
1.59157e-12
7.79384e-12
-1.13595e-11
3.92015e-12
1.10163e-11
-2.43223e-11
2.78111e-11
-1.96125e-11
3.59514e-12
1.4522e-11
-3.12754e-11
4.52942e-11
-5.49531e-11
5.66552e-11
-4.77451e-11
3.05013e-11
-1.31477e-11
4.51019e-12
-7.62795e-12
1.72469e-11
-2.44194e-11
2.30915e-11
-1.42348e-11
3.72022e-12
2.56718e-12
-2.92666e-12
-8.33075e-13
6.34523e-12
-1.32013e-11
2.1577e-11
-3.00756e-11
3.50405e-11
-3.35312e-11
2.60388e-11
-1.69596e-11
1.12347e-11
-1.11471e-11
1.49909e-11
-1.93277e-11
2.15303e-11
-2.15014e-11
2.0649e-11
-2.04868e-11
2.11712e-11
-2.19145e-11
2.15267e-11
-1.93939e-11
1.53017e-11
-9.79786e-12
4.09998e-12
-1.90745e-13
-6.63296e-13
-1.16431e-12
3.59462e-12
-4.9356e-12
5.03358e-12
-5.24824e-12
6.66275e-12
-9.53686e-12
1.34527e-11
-1.8547e-11
2.52887e-11
-3.35424e-11
4.06263e-11
-4.17262e-11
3.26485e-11
-1.42403e-11
-6.90087e-12
2.20862e-11
-2.67429e-11
2.27176e-11
-1.59698e-11
1.13013e-11
-9.77839e-12
9.41815e-12
-8.5615e-12
7.25383e-12
-6.13345e-12
3.4699e-12
4.53106e-12
-2.00711e-11
3.91151e-11
-5.22112e-11
5.038e-11
-3.23007e-11
5.4667e-12
1.87068e-11
-3.26065e-11
3.58131e-11
-3.31702e-11
2.92561e-11
-2.56025e-11
2.16847e-11
-1.83357e-11
1.79379e-11
-2.15594e-11
2.54578e-11
-2.26348e-11
8.24043e-12
1.48512e-11
-3.67508e-11
4.65762e-11
-3.99565e-11
2.10097e-11
1.25065e-12
-1.9433e-11
3.08404e-11
-3.6569e-11
3.79414e-11
-3.53669e-11
2.95312e-11
-2.36023e-11
2.19346e-11
-2.65633e-11
3.4013e-11
-3.71801e-11
3.02719e-11
-1.36379e-11
-6.45281e-12
2.16126e-11
-2.65804e-11
2.12058e-11
-9.37949e-12
-4.51243e-12
1.74116e-11
-2.76634e-11
3.36319e-11
-3.42908e-11
3.0409e-11
-2.53407e-11
2.291e-11
-2.50408e-11
3.01778e-11
-3.4583e-11
3.43884e-11
-2.81804e-11
1.75387e-11
-6.25425e-12
-2.12571e-12
5.48384e-12
-3.60565e-12
-2.51996e-12
1.06382e-11
-1.81072e-11
2.28243e-11
-2.454e-11
2.42512e-11
-2.33426e-11
2.25147e-11
-2.21708e-11
2.23841e-11
-2.32121e-11
2.42122e-11
-2.46436e-11
2.33634e-11
-1.99337e-11
1.52817e-11
-1.1885e-11
1.16509e-11
-1.4272e-11
1.70684e-11
-1.76991e-11
1.60826e-11
-1.45351e-11
1.51548e-11
-1.79525e-11
2.04639e-11
-2.01979e-11
1.68056e-11
-1.28162e-11
1.10562e-11
-1.21984e-11
1.41714e-11
-1.50388e-11
1.51842e-11
-1.71295e-11
2.21527e-11
-2.82701e-11
3.10036e-11
-2.74855e-11
1.91946e-11
-1.15205e-11
9.20101e-12
-1.25733e-11
1.71939e-11
-1.81934e-11
1.42298e-11
-8.26885e-12
3.87995e-12
-2.10425e-12
1.19309e-12
-7.97845e-14
5.51491e-13
-6.25355e-12
1.82053e-11
-3.23349e-11
4.11442e-11
-3.96235e-11
2.92575e-11
-1.72735e-11
1.06308e-11
-1.10547e-11
1.44529e-11
-1.57219e-11
1.30219e-11
-8.47063e-12
4.35679e-12
-4.51706e-13
-5.34324e-12
1.28692e-11
-1.78368e-11
1.40486e-11
7.20975e-13
-2.15912e-11
3.87055e-11
-4.44003e-11
3.83729e-11
-2.73109e-11
1.86203e-11
-1.5183e-11
1.46428e-11
-1.37543e-11
1.17148e-11
-1.01014e-11
9.237e-12
-6.47788e-12
-1.94574e-12
1.58922e-11
-2.92127e-11
3.27602e-11
-2.17286e-11
-1.29374e-13
2.25542e-11
-3.63789e-11
3.90058e-11
-3.4497e-11
2.83474e-11
-2.32998e-11
1.87026e-11
-1.39034e-11
1.03732e-11
-1.06626e-11
1.41725e-11
-1.57116e-11
8.71729e-12
8.13149e-12
-2.8308e-11
4.09734e-11
-3.8891e-11
2.30584e-11
-1.53326e-12
-1.69628e-11
2.81139e-11
-3.29358e-11
3.38507e-11
-3.15871e-11
2.53775e-11
-1.65979e-11
9.84254e-12
-9.95394e-12
1.66097e-11
-2.32165e-11
2.10439e-11
-6.42412e-12
-1.60021e-11
3.57908e-11
-4.40316e-11
3.86224e-11
-2.43813e-11
7.69906e-12
7.70596e-12
-2.11071e-11
3.1323e-11
-3.55325e-11
3.13971e-11
-2.10312e-11
1.10905e-11
-8.81071e-12
1.58689e-11
-2.63791e-11
3.04035e-11
-2.16695e-11
2.11471e-12
1.96508e-11
-3.51786e-11
4.09134e-11
-3.8229e-11
2.945e-11
-1.58063e-11
-1.75579e-12
1.97403e-11
-3.21804e-11
3.38344e-11
-2.52132e-11
1.34867e-11
-8.1637e-12
1.34867e-11
-2.52132e-11
3.38343e-11
-3.21803e-11
1.97401e-11
-1.75553e-12
-1.58067e-11
2.94504e-11
-3.82294e-11
4.09138e-11
-3.51789e-11
1.9651e-11
2.11459e-12
-2.16694e-11
3.04034e-11
-2.6379e-11
1.58689e-11
-8.81069e-12
1.10905e-11
-2.10311e-11
3.13971e-11
-3.55325e-11
3.13231e-11
-2.11072e-11
7.70612e-12
7.69892e-12
-2.43812e-11
3.86223e-11
-4.40315e-11
3.57906e-11
-1.60019e-11
-6.42429e-12
2.1044e-11
-2.32166e-11
1.66098e-11
-9.95403e-12
9.84268e-12
-1.6598e-11
2.53777e-11
-3.15873e-11
3.38509e-11
-3.2936e-11
2.81141e-11
-1.6963e-11
-1.53312e-12
2.30584e-11
-3.88911e-11
4.09735e-11
-2.83082e-11
8.13161e-12
8.7172e-12
-1.57115e-11
1.41724e-11
-1.06625e-11
1.0373e-11
-1.39031e-11
1.87023e-11
-2.32994e-11
2.83469e-11
-3.44966e-11
3.90055e-11
-3.63786e-11
2.25541e-11
-1.2945e-13
-2.17285e-11
3.27601e-11
-2.92127e-11
1.58922e-11
-1.94573e-12
-6.47792e-12
9.23706e-12
-1.01015e-11
1.17149e-11
-1.37545e-11
1.46431e-11
-1.51834e-11
1.86207e-11
-2.73113e-11
3.8373e-11
-4.44003e-11
3.87055e-11
-2.15912e-11
7.21028e-13
1.40486e-11
-1.78368e-11
1.28692e-11
-5.34327e-12
-4.51735e-13
4.3569e-12
-8.47073e-12
1.30219e-11
-1.57218e-11
1.44527e-11
-1.10545e-11
1.06306e-11
-1.72734e-11
2.92574e-11
-3.96233e-11
4.11441e-11
-3.23348e-11
1.82053e-11
-6.25362e-12
5.51616e-13
-7.98629e-14
1.19307e-12
-2.10416e-12
3.87985e-12
-8.26878e-12
1.42298e-11
-1.81934e-11
1.7194e-11
-1.25735e-11
9.20127e-12
-1.15209e-11
1.91949e-11
-2.74858e-11
3.10037e-11
-2.827e-11
2.21525e-11
-1.71293e-11
1.51839e-11
-1.50386e-11
1.41714e-11
-1.21985e-11
1.10563e-11
-1.28162e-11
1.68055e-11
-2.01976e-11
2.04635e-11
-1.7952e-11
1.51543e-11
-1.45348e-11
1.60824e-11
-1.7699e-11
1.70685e-11
-1.42723e-11
1.16513e-11
-1.18853e-11
1.52819e-11
-1.99337e-11
2.33633e-11
-2.46437e-11
2.42124e-11
-2.32125e-11
2.23847e-11
-2.21714e-11
2.25152e-11
-2.3343e-11
2.42515e-11
-2.45402e-11
2.28243e-11
-1.8107e-11
1.06381e-11
-2.51987e-12
-3.60559e-12
5.48373e-12
-2.1257e-12
-6.25405e-12
1.75383e-11
-2.81798e-11
3.43878e-11
-3.45824e-11
3.01773e-11
-2.50404e-11
2.29097e-11
-2.53405e-11
3.0409e-11
-3.42908e-11
3.36318e-11
-2.76631e-11
1.74112e-11
-4.51212e-12
-9.37957e-12
2.12056e-11
-2.65799e-11
2.1612e-11
-6.45219e-12
-1.36385e-11
3.02723e-11
-3.71804e-11
3.40132e-11
-2.65633e-11
2.19346e-11
-2.36024e-11
2.95314e-11
-3.53673e-11
3.79419e-11
-3.65694e-11
3.08406e-11
-1.9433e-11
1.25031e-12
2.10102e-11
-3.99571e-11
4.65767e-11
-3.67512e-11
1.48514e-11
8.24039e-12
-2.26348e-11
2.54578e-11
-2.15593e-11
1.79377e-11
-1.83354e-11
2.16845e-11
-2.56023e-11
2.9256e-11
-3.31701e-11
3.58132e-11
-3.26068e-11
1.87072e-11
5.4663e-12
-3.23003e-11
5.03797e-11
-5.2211e-11
3.91151e-11
-2.00711e-11
4.53102e-12
3.46995e-12
-6.13348e-12
7.25383e-12
-8.56146e-12
9.4181e-12
-9.77833e-12
1.13012e-11
-1.59697e-11
2.27174e-11
-2.67426e-11
2.20859e-11
-6.90048e-12
-1.42406e-11
3.26488e-11
-4.17263e-11
4.06263e-11
-3.35424e-11
2.52887e-11
-1.8547e-11
1.34526e-11
-9.53667e-12
6.66252e-12
-5.24799e-12
5.03329e-12
-4.93523e-12
3.59418e-12
-1.16382e-12
-6.6376e-13
-1.90381e-13
4.09975e-12
-9.79771e-12
1.53016e-11
-1.93938e-11
2.15266e-11
-2.19145e-11
2.11713e-11
-2.0487e-11
2.06492e-11
-2.15017e-11
2.15308e-11
-1.93284e-11
1.49915e-11
-1.11477e-11
1.12351e-11
-1.69599e-11
2.6039e-11
-3.35313e-11
3.50406e-11
-3.00757e-11
2.15771e-11
-1.32014e-11
6.34523e-12
-8.33029e-13
-2.92677e-12
2.5674e-12
3.71988e-12
-1.42344e-11
2.3091e-11
-2.44189e-11
1.72465e-11
-7.6277e-12
4.51006e-12
-1.31476e-11
3.05013e-11
-4.77451e-11
5.66551e-11
-5.4953e-11
4.52941e-11
-3.12754e-11
1.4522e-11
3.59522e-12
-1.96126e-11
2.78113e-11
-2.43223e-11
1.10162e-11
3.92033e-12
-1.13597e-11
7.79389e-12
1.59167e-12
-7.32111e-12
2.71512e-12
1.15264e-11
-2.94078e-11
4.42585e-11
-5.23595e-11
5.25261e-11
-4.47933e-11
2.95785e-11
-9.09132e-12
-1.20327e-11
2.76065e-11
-3.34311e-11
2.97879e-11
-2.15461e-11
1.45497e-11
-1.21706e-11
1.36074e-11
-1.56728e-11
1.49986e-11
-9.98098e-12
8.65455e-13
1.00895e-11
-1.94549e-11
2.37125e-11
-2.15323e-11
1.44102e-11
-5.73182e-12
-2.0339e-12
8.47331e-12
-1.47542e-11
2.12908e-11
-2.68511e-11
2.90972e-11
-2.71447e-11
2.26361e-11
-1.87468e-11
1.68577e-11
-1.55544e-11
1.26473e-11
-9.00074e-12
8.49635e-12
-1.43785e-11
2.47113e-11
-3.28755e-11
3.22581e-11
-2.21277e-11
8.50055e-12
3.18085e-14
8.66437e-13
-8.61919e-12
1.64586e-11
-1.95896e-11
1.78958e-11
-1.4202e-11
1.01086e-11
-5.34861e-12
1.55501e-13
1.91735e-12
4.22699e-12
-2.07375e-11
4.29426e-11
-6.12202e-11
6.66251e-11
-5.68747e-11
3.71344e-11
-1.64309e-11
1.80606e-12
4.50473e-12
-4.65948e-12
2.1445e-12
-1.06578e-13
6.4951e-13
-4.96165e-12
1.20761e-11
-1.86893e-11
2.02977e-11
-1.41981e-11
7.93982e-13
1.66113e-11
-3.37042e-11
4.61247e-11
-5.06394e-11
4.57612e-11
-3.29573e-11
1.64036e-11
-1.78248e-12
-6.95794e-12
9.91239e-12
-1.13337e-11
1.5596e-11
-2.31493e-11
2.9539e-11
-2.98221e-11
2.32461e-11
-1.44165e-11
8.83621e-12
-8.27457e-12
9.57071e-12
-8.67914e-12
4.63903e-12
-4.09116e-13
-8.56622e-13
-1.02169e-12
3.11403e-12
-3.30205e-12
3.06292e-12
-6.67639e-12
1.61447e-11
-2.78309e-11
3.39123e-11
-2.8964e-11
1.46601e-11
8.38945e-13
-8.92431e-12
5.53097e-12
7.37388e-12
-2.44855e-11
3.99756e-11
-4.97307e-11
5.16174e-11
-4.58126e-11
3.45136e-11
-2.19527e-11
1.26733e-11
-9.47196e-12
1.14432e-11
-1.49614e-11
1.58209e-11
-1.16562e-11
2.19128e-12
1.06473e-11
-2.30143e-11
2.92443e-11
-2.44295e-11
7.73684e-12
1.53329e-11
-3.56984e-11
4.61232e-11
-4.59571e-11
4.01349e-11
-3.44739e-11
3.06365e-11
-2.60484e-11
1.74107e-11
-5.11157e-12
-6.81629e-12
1.42285e-11
-1.70666e-11
1.86459e-11
-2.16745e-11
2.47258e-11
-2.42151e-11
1.87004e-11
-1.14158e-11
7.24499e-12
-8.2486e-12
1.13354e-11
-1.12364e-11
5.0547e-12
4.6398e-12
-1.17414e-11
1.08303e-11
-1.17266e-12
-1.33585e-11
2.66216e-11
-3.35422e-11
3.14951e-11
-2.11556e-11
6.23081e-12
7.041e-12
-1.26411e-11
7.73747e-12
5.40666e-12
-2.14855e-11
3.53703e-11
-4.44792e-11
4.78648e-11
-4.5315e-11
3.74294e-11
-2.72767e-11
1.98122e-11
-1.91905e-11
2.47471e-11
-3.04403e-11
2.83e-11
-1.49389e-11
-5.26882e-12
2.27037e-11
-2.99599e-11
2.66331e-11
-1.82272e-11
9.95491e-12
-2.82424e-12
-5.56561e-12
1.64552e-11
-2.78097e-11
3.56551e-11
-3.7772e-11
3.47655e-11
-2.87797e-11
2.08959e-11
-1.10307e-11
-7.71614e-13
1.24313e-11
-2.05071e-11
2.21967e-11
-1.79257e-11
1.11418e-11
-6.43796e-12
6.74833e-12
-1.26257e-11
2.20712e-11
-3.11559e-11
3.46509e-11
-2.90704e-11
1.57918e-11
-2.02327e-12
-3.62453e-12
-2.91754e-12
1.77485e-11
-3.21125e-11
3.83486e-11
-3.46387e-11
2.41367e-11
-1.13232e-11
-1.33283e-12
1.25898e-11
-2.03591e-11
2.08027e-11
-1.14368e-11
-5.60979e-12
2.32305e-11
-3.43032e-11
3.68166e-11
-3.50831e-11
3.48586e-11
-3.82407e-11
4.21724e-11
-4.20894e-11
3.55709e-11
-2.39404e-11
1.05906e-11
8.0345e-13
-8.09647e-12
1.10504e-11
-1.1614e-11
1.27058e-11
-1.67074e-11
2.31627e-11
-2.85107e-11
2.77872e-11
-1.86636e-11
3.63156e-12
1.09091e-11
-1.9186e-11
1.92544e-11
-1.3056e-11
3.05245e-12
9.32632e-12
-2.24767e-11
3.19911e-11
-3.21355e-11
2.04346e-11
-1.77451e-12
-1.38354e-11
1.76806e-11
-8.574e-12
-7.16526e-12
2.05968e-11
-2.66801e-11
2.64194e-11
-2.46941e-11
2.5479e-11
-2.96641e-11
3.54664e-11
-4.07264e-11
4.35848e-11
-4.27446e-11
3.74379e-11
-2.86045e-11
1.85957e-11
-9.75384e-12
2.16067e-12
5.72495e-12
-1.47824e-11
2.3061e-11
-2.73733e-11
2.59619e-11
-1.99505e-11
1.11957e-11
-4.02924e-13
-1.27695e-11
2.66896e-11
-3.64111e-11
3.55683e-11
-2.18285e-11
2.24341e-13
1.84701e-11
-2.50077e-11
1.78617e-11
-4.05587e-12
-6.85868e-12
9.19516e-12
-3.71877e-12
-5.39246e-12
1.40939e-11
-2.02968e-11
2.29993e-11
-2.23243e-11
1.98148e-11
-1.8539e-11
2.08483e-11
-2.67461e-11
3.37797e-11
-3.94132e-11
4.23308e-11
-4.24807e-11
3.95087e-11
-3.27192e-11
2.19455e-11
-9.18277e-12
-2.26436e-12
1.00237e-11
-1.50321e-11
2.00197e-11
-2.58421e-11
2.85362e-11
-2.20321e-11
3.97843e-12
1.98825e-11
-3.86608e-11
4.36006e-11
-3.42605e-11
1.75003e-11
-2.14244e-12
-6.45948e-12
7.37812e-12
-2.92884e-12
-3.37351e-12
7.64927e-12
-7.16698e-12
1.37285e-12
7.33995e-12
-1.52347e-11
1.93507e-11
-1.95308e-11
1.76874e-11
-1.61285e-11
1.57979e-11
-1.70206e-11
2.04461e-11
-2.72188e-11
3.66614e-11
-4.51495e-11
4.76447e-11
-4.23256e-11
3.25925e-11
-2.44041e-11
2.01033e-11
-1.61671e-11
6.70487e-12
9.75312e-12
-2.78797e-11
3.87541e-11
-3.64147e-11
2.12942e-11
3.51016e-13
-2.05051e-11
3.27032e-11
-3.42791e-11
2.64405e-11
-1.38597e-11
2.4853e-12
2.96266e-12
-1.73349e-12
-3.05805e-12
6.6717e-12
-6.54057e-12
3.38246e-12
3.53394e-13
-3.72813e-12
7.50968e-12
-1.21004e-11
1.54103e-11
-1.49754e-11
1.1355e-11
-9.27314e-12
1.33943e-11
-2.37628e-11
3.49607e-11
-4.10542e-11
4.04876e-11
-3.71479e-11
3.59934e-11
-3.86558e-11
4.18444e-11
-4.02151e-11
2.98606e-11
-1.10651e-11
-1.18234e-11
3.17119e-11
-4.17425e-11
3.79616e-11
-2.19532e-11
6.79688e-13
1.63678e-11
-2.28415e-11
1.89848e-11
-1.06957e-11
3.87773e-12
-3.37648e-13
-2.02338e-12
4.84785e-12
-7.08676e-12
6.44064e-12
-3.11697e-12
3.69722e-14
7.8732e-14
1.95888e-12
-3.03334e-12
1.19567e-12
1.69362e-12
-1.80717e-12
-3.41754e-12
1.28944e-11
-2.30933e-11
3.02928e-11
-3.29587e-11
3.1941e-11
-3.00976e-11
3.0736e-11
-3.62045e-11
4.55328e-11
-5.36843e-11
5.30832e-11
-3.88093e-11
1.3059e-11
1.4363e-11
-3.21514e-11
3.48131e-11
-2.59424e-11
1.37981e-11
-4.77919e-12
-2.39962e-14
2.26175e-12
-2.99143e-12
1.53402e-12
2.45398e-12
-8.11576e-12
1.39808e-11
-1.95456e-11
2.4578e-11
-2.79979e-11
2.74019e-11
-2.12343e-11
1.03838e-11
1.74606e-12
-1.16497e-11
1.71064e-11
-1.7419e-11
1.21988e-11
-1.7694e-12
-1.17853e-11
2.36093e-11
-2.84773e-11
2.47319e-11
-1.71473e-11
1.39705e-11
-2.06191e-11
3.45041e-11
-4.69275e-11
4.95006e-11
-4.02744e-11
2.36963e-11
-6.68371e-12
-5.8418e-12
1.1923e-11
-1.23234e-11
9.64578e-12
-7.73067e-12
9.04622e-12
-1.26494e-11
1.44519e-11
-1.1559e-11
5.78298e-12
-3.36334e-12
9.65923e-12
-2.4609e-11
4.21669e-11
-5.4902e-11
5.83358e-11
-5.25003e-11
3.96252e-11
-2.22955e-11
3.04942e-12
1.42038e-11
-2.47272e-11
2.51848e-11
-1.67273e-11
4.58089e-12
5.13666e-12
-9.57796e-12
9.67467e-12
-8.23486e-12
7.27899e-12
-7.818e-12
9.86519e-12
-1.23761e-11
1.25856e-11
-7.98562e-12
-7.17167e-13
8.10748e-12
-8.05363e-12
-6.08612e-13
1.15993e-11
-1.61339e-11
1.0003e-11
2.87145e-12
-1.42651e-11
1.78398e-11
-1.33463e-11
5.46547e-12
-5.84819e-13
3.25027e-12
-1.47514e-11
3.23132e-11
-5.01139e-11
6.13245e-11
-6.18752e-11
5.25177e-11
-3.83159e-11
2.46314e-11
-1.38387e-11
4.64467e-12
4.59361e-12
-1.30978e-11
1.76436e-11
-1.62254e-11
1.02471e-11
-3.56569e-12
-1.21072e-12
3.76777e-12
-4.34429e-12
1.10639e-12
8.49547e-12
-2.43398e-11
4.13721e-11
-5.24463e-11
5.27147e-11
-4.23862e-11
2.52474e-11
-6.62885e-12
-8.26363e-12
1.50968e-11
-1.27687e-11
4.79461e-12
1.91646e-12
-2.36221e-12
-2.47343e-12
6.05797e-12
-2.41789e-12
-8.53608e-12
2.04246e-11
-2.5884e-11
2.20655e-11
-1.25951e-11
4.06472e-12
-1.52793e-12
5.44037e-12
-1.24958e-11
1.77131e-11
-1.71934e-11
9.64244e-12
2.23103e-12
-1.25949e-11
1.53235e-11
-8.73836e-12
-2.62084e-12
1.05378e-11
-9.34642e-12
-6.39385e-13
1.45268e-11
-2.79805e-11
3.95298e-11
-4.92079e-11
5.55416e-11
-5.61446e-11
5.01843e-11
-4.00092e-11
2.87684e-11
-1.79034e-11
6.80476e-12
4.32435e-12
-1.31858e-11
1.6598e-11
-1.35616e-11
5.7336e-12
3.75699e-12
-1.19275e-11
1.53967e-11
-1.06332e-11
-4.26514e-12
2.62274e-11
-4.72122e-11
5.81124e-11
-5.50576e-11
4.17607e-11
-2.66855e-11
1.64701e-11
-1.21363e-11
9.75969e-12
-5.15778e-12
-2.73291e-12
1.11064e-11
-1.58055e-11
1.36458e-11
-4.41705e-12
-8.76265e-12
1.97021e-11
-2.21104e-11
1.36252e-11
1.03578e-12
-1.26106e-11
1.37057e-11
-4.82842e-12
-6.57983e-12
1.23059e-11
-9.82983e-12
2.55252e-12
4.12129e-12
-7.02153e-12
5.4696e-12
-4.07329e-13
-6.22489e-12
1.09821e-11
-1.0639e-11
4.60538e-12
3.8763e-12
-1.08316e-11
1.51244e-11
-1.94038e-11
2.63786e-11
-3.55858e-11
4.3334e-11
-4.63745e-11
4.39567e-11
-3.72848e-11
2.71385e-11
-1.40318e-11
-2.42018e-13
1.13181e-11
-1.45755e-11
8.41311e-12
3.70102e-12
-1.53814e-11
2.07442e-11
-1.73192e-11
5.91651e-12
1.02741e-11
-2.72192e-11
4.08318e-11
-4.8763e-11
5.14119e-11
-5.17337e-11
5.19741e-11
-5.08838e-11
4.38089e-11
-2.76327e-11
5.26215e-12
1.42727e-11
-2.19958e-11
1.51909e-11
7.30611e-13
-1.66349e-11
2.48733e-11
-2.24672e-11
1.07593e-11
5.35158e-12
-1.94241e-11
2.63558e-11
-2.6244e-11
2.435e-11
-2.66769e-11
3.36119e-11
-3.9069e-11
3.5653e-11
-2.19143e-11
3.68898e-12
1.0355e-11
-1.50786e-11
1.07156e-11
-1.31945e-12
-8.18168e-12
1.32812e-11
-1.16394e-11
4.4512e-12
3.16445e-12
-5.63639e-12
1.16951e-12
6.33952e-12
-1.09283e-11
9.42896e-12
-3.83543e-12
-1.57663e-12
3.90321e-12
-3.36331e-12
1.4176e-12
8.63107e-13
-3.29276e-12
5.29029e-12
-6.0284e-12
5.20349e-12
-4.03051e-12
3.82018e-12
-4.36063e-12
3.19048e-12
2.17845e-12
-1.21798e-11
2.44114e-11
-3.56238e-11
4.31519e-11
-4.53835e-11
4.08971e-11
-2.95223e-11
1.3924e-11
-1.64231e-13
-5.85843e-12
2.58567e-12
5.66863e-12
-1.26814e-11
1.50249e-11
-1.39028e-11
1.2016e-11
-1.04141e-11
7.58171e-12
-1.50289e-12
-9.27248e-12
2.5038e-11
-4.44526e-11
6.26637e-11
-7.20146e-11
6.61667e-11
-4.61188e-11
2.10001e-11
-2.56427e-12
-3.1386e-12
-1.50771e-12
9.28394e-12
-1.45614e-11
1.57649e-11
-1.44209e-11
1.25919e-11
-1.1904e-11
1.22122e-11
-1.07534e-11
2.44943e-12
1.58575e-11
-4.10247e-11
6.30434e-11
-7.14057e-11
6.248e-11
-4.22674e-11
2.13596e-11
-8.02021e-12
4.08874e-12
-6.53716e-12
1.06009e-11
-1.27177e-11
1.14768e-11
-8.38422e-12
6.73464e-12
-9.18268e-12
1.42684e-11
-1.64315e-11
9.66993e-12
6.82658e-12
-2.72171e-11
4.24238e-11
-4.65534e-11
3.99649e-11
-2.80447e-11
1.67098e-11
-9.6055e-12
7.22202e-12
-8.08214e-12
9.4625e-12
-8.90795e-12
5.53158e-12
-1.33425e-12
-2.87214e-13
-2.63619e-12
8.02705e-12
-1.12818e-11
8.92267e-12
-1.78491e-12
-6.29666e-12
1.16885e-11
-1.35342e-11
1.26998e-11
-1.02422e-11
6.75777e-12
-3.66377e-12
2.76876e-12
-4.63977e-12
6.95427e-12
-6.46757e-12
2.02356e-12
3.91398e-12
-7.9103e-12
8.33362e-12
-6.04038e-12
1.999e-12
3.55439e-12
-1.00994e-11
1.5162e-11
-1.61135e-11
1.29527e-11
-9.17637e-12
8.08098e-12
-9.44268e-12
9.68234e-12
-6.25764e-12
2.8044e-13
4.44903e-12
-5.13859e-12
1.21956e-12
6.26168e-12
-1.5614e-11
2.33579e-11
-2.462e-11
1.59582e-11
4.799e-13
-1.74995e-11
2.78456e-11
-2.9973e-11
2.78568e-11
-2.64055e-11
2.6737e-11
-2.6644e-11
2.34702e-11
-1.66194e-11
7.19874e-12
2.10047e-12
-7.2464e-12
3.76581e-12
9.36246e-12
-2.69248e-11
3.89056e-11
-3.74427e-11
2.24215e-11
-1.36391e-12
-1.69937e-11
2.82096e-11
-3.33593e-11
3.56558e-11
-3.76494e-11
3.97843e-11
-4.07287e-11
3.7495e-11
-2.74997e-11
1.14905e-11
4.18379e-12
-1.05779e-11
2.39231e-12
1.68107e-11
-3.65357e-11
4.6094e-11
-4.13947e-11
2.57055e-11
-6.17527e-12
-1.10571e-11
2.29642e-11
-3.01531e-11
3.54325e-11
-4.17985e-11
4.91478e-11
-5.3289e-11
4.82857e-11
-3.22477e-11
1.05863e-11
5.99509e-12
-8.80521e-12
-3.1755e-12
2.27398e-11
-3.97494e-11
4.66197e-11
-4.15276e-11
2.75995e-11
-1.07705e-11
-3.66813e-12
1.35943e-11
-2.1319e-11
3.09298e-11
-4.40122e-11
5.63909e-11
-6.05366e-11
5.1328e-11
-3.12502e-11
9.37549e-12
4.02387e-12
-3.78201e-12
-8.32655e-12
2.53265e-11
-3.92128e-11
4.4134e-11
-3.89442e-11
2.71536e-11
-1.47487e-11
5.50182e-12
1.69968e-12
-1.16521e-11
2.72866e-11
-4.57632e-11
5.91949e-11
-6.05613e-11
4.86277e-11
-2.89781e-11
1.02072e-11
1.93956e-13
9.76288e-13
-1.19764e-11
2.65896e-11
-3.7301e-11
3.93009e-11
-3.37182e-11
2.58403e-11
-2.02217e-11
1.61397e-11
-8.84779e-12
-5.56492e-12
2.55769e-11
-4.49597e-11
5.65373e-11
-5.6412e-11
4.51347e-11
-2.75553e-11
1.09846e-11
-2.65716e-12
5.54079e-12
-1.63597e-11
2.74437e-11
-3.27351e-11
3.17686e-11
-2.88512e-11
2.76104e-11
-2.74921e-11
2.43564e-11
-1.46735e-11
-1.95932e-12
2.23738e-11
-4.13849e-11
5.29612e-11
-5.2818e-11
4.11441e-11
-2.41974e-11
1.09277e-11
-7.28445e-12
1.21289e-11
-1.95936e-11
2.44256e-11
-2.59328e-11
2.64728e-11
-2.82047e-11
3.07942e-11
-3.2203e-11
2.95016e-11
-2.00278e-11
2.6096e-12
1.98316e-11
-4.01187e-11
5.01431e-11
-4.69036e-11
3.4694e-11
-2.19338e-11
1.46585e-11
-1.36552e-11
1.59479e-11
-1.87257e-11
2.07456e-11
-2.22259e-11
2.39538e-11
-2.7323e-11
3.27302e-11
-3.77657e-11
3.68405e-11
-2.65128e-11
1.22214e-11
-3.03508e-12
4.42208e-13
5.68865e-14
2.51981e-14
4.10423e-15
0
