0
2.52896e-16
3.61861e-15
2.17643e-14
9.51805e-14
-2.45187e-13
1.36999e-12
-1.97599e-12
1.43463e-13
1.91176e-12
3.9288e-13
-7.06732e-12
1.46712e-11
-2.03646e-11
2.33505e-11
-2.45486e-11
2.47396e-11
-2.42962e-11
2.34643e-11
-2.32539e-11
2.46905e-11
-2.78602e-11
3.06999e-11
-3.00564e-11
2.37779e-11
-1.32458e-11
2.77073e-12
3.15002e-12
-3.39299e-12
4.29852e-13
1.76097e-12
-8.75535e-13
-3.05005e-12
8.3763e-12
-1.37254e-11
1.83555e-11
-2.20878e-11
2.43396e-11
-2.45308e-11
2.27941e-11
-2.10597e-11
2.18244e-11
-2.61274e-11
3.17424e-11
-3.47123e-11
3.21346e-11
-2.46325e-11
1.54524e-11
-8.2488e-12
4.52476e-12
-3.48132e-12
2.94943e-12
-1.44029e-12
-1.34646e-12
4.82165e-12
-8.90974e-12
1.38223e-11
-1.92947e-11
2.36035e-11
-2.49352e-11
2.30226e-11
-2.01431e-11
1.93075e-11
-2.22103e-11
2.77117e-11
-3.29222e-11
3.49177e-11
-3.28673e-11
2.80495e-11
-2.27823e-11
1.82561e-11
-1.4264e-11
9.97166e-12
-5.48578e-12
1.42614e-12
1.92585e-12
-5.49748e-12
1.02708e-11
-1.62953e-11
2.19935e-11
-2.5377e-11
2.52245e-11
-2.24251e-11
1.93988e-11
-1.87866e-11
2.13107e-11
-2.569e-11
2.97433e-11
-3.24232e-11
3.37917e-11
-3.42369e-11
3.32438e-11
-3.00202e-11
2.42073e-11
-1.6776e-11
9.32195e-12
-3.30127e-12
-1.29969e-12
5.72667e-12
-1.15267e-11
1.85606e-11
-2.49007e-11
2.80279e-11
-2.71957e-11
2.37103e-11
-1.99993e-11
1.76892e-11
-1.7385e-11
1.89159e-11
-2.23328e-11
2.7636e-11
-3.44275e-11
4.08594e-11
-4.41231e-11
4.17181e-11
-3.37618e-11
2.30956e-11
-1.35765e-11
6.92721e-12
-2.03185e-12
-3.72836e-12
1.15816e-11
-2.04918e-11
2.77673e-11
-3.12917e-11
3.05187e-11
-2.66475e-11
2.11538e-11
-1.52437e-11
9.93166e-12
-7.34494e-12
1.01921e-11
-1.99135e-11
3.40639e-11
-4.69128e-11
5.2525e-11
-4.89368e-11
3.89101e-11
-2.77475e-11
1.91348e-11
-1.32962e-11
7.59036e-12
3.224e-13
-1.05465e-11
2.08124e-11
-2.88202e-11
3.34599e-11
-3.46272e-11
3.15212e-11
-2.31198e-11
1.01128e-11
2.92774e-12
-9.21148e-12
3.76696e-12
1.23243e-11
-3.2204e-11
4.70928e-11
-5.19077e-11
4.74754e-11
-3.89354e-11
3.09739e-11
-2.49709e-11
1.91692e-11
-1.18549e-11
2.94322e-12
6.47539e-12
-1.61593e-11
2.63108e-11
-3.58154e-11
4.06457e-11
-3.61066e-11
2.0741e-11
5.29188e-13
-1.82652e-11
2.36399e-11
-1.42901e-11
-4.55702e-12
2.36097e-11
-3.58779e-11
3.98224e-11
-3.83246e-11
3.45157e-11
-2.97876e-11
2.42122e-11
-1.84634e-11
1.33916e-11
-8.69777e-12
1.94918e-12
9.20966e-12
-2.41694e-11
3.75818e-11
-4.19832e-11
3.25785e-11
-1.17393e-11
-1.17093e-11
2.74312e-11
-3.00844e-11
2.13276e-11
-7.35495e-12
-6.07657e-12
1.58816e-11
-2.14683e-11
2.2957e-11
-2.10348e-11
1.70956e-11
-1.35366e-11
1.21899e-11
-1.28638e-11
1.24353e-11
-6.97975e-12
-5.03061e-12
1.99951e-11
-3.07916e-11
3.10607e-11
-1.98285e-11
1.75883e-12
1.57907e-11
-2.72105e-11
3.04796e-11
-2.70847e-11
1.99701e-11
-1.21721e-11
5.6497e-12
-1.57449e-12
2.41603e-13
-1.2583e-12
2.97723e-12
-3.32241e-12
1.00067e-12
2.86958e-12
-5.48966e-12
4.19695e-12
1.11341e-12
-7.9056e-12
1.21919e-11
-1.11251e-11
4.36518e-12
5.49213e-12
-1.48368e-11
2.10632e-11
-2.4155e-11
2.5555e-11
-2.65156e-11
2.67522e-11
-2.55995e-11
2.32322e-11
-2.13275e-11
2.14372e-11
-2.36063e-11
2.56249e-11
-2.46825e-11
1.92295e-11
-1.05832e-11
1.81504e-12
4.34309e-12
-7.69029e-12
9.74175e-12
-1.17324e-11
1.28646e-11
-1.18371e-11
9.04019e-12
-7.57462e-12
1.06138e-11
-1.85021e-11
2.76012e-11
-3.31868e-11
3.30465e-11
-2.97053e-11
2.82649e-11
-3.2397e-11
4.07671e-11
-4.803e-11
4.86217e-11
-4.08838e-11
2.7015e-11
-1.06469e-11
-5.75821e-12
2.02565e-11
-3.02211e-11
3.22536e-11
-2.50807e-11
1.16979e-11
8.78975e-13
-5.83183e-12
8.02174e-13
1.01517e-11
-1.97945e-11
2.29347e-11
-2.04846e-11
1.79791e-11
-2.09562e-11
3.03686e-11
-4.26255e-11
5.22944e-11
-5.54261e-11
5.01781e-11
-3.66789e-11
1.65393e-11
6.41399e-12
-2.65577e-11
3.78033e-11
-3.67432e-11
2.46911e-11
-7.94541e-12
-5.62123e-12
1.07554e-11
-7.9099e-12
1.8546e-12
2.0052e-12
-1.6377e-12
-1.10847e-12
2.19552e-12
1.42442e-12
-1.02338e-11
2.16225e-11
-3.14732e-11
3.58901e-11
-3.31811e-11
2.38996e-11
-1.03442e-11
-4.63532e-12
1.76165e-11
-2.52283e-11
2.50168e-11
-1.73497e-11
5.5444e-12
5.41837e-12
-1.1943e-11
1.34708e-11
-1.26323e-11
1.27362e-11
-1.53433e-11
1.87983e-11
-2.01445e-11
1.79187e-11
-1.4032e-11
1.16742e-11
-1.22022e-11
1.34362e-11
-1.21923e-11
7.47701e-12
-1.95254e-12
-6.78176e-13
-1.19167e-12
5.33907e-12
-7.77173e-12
5.71414e-12
7.65023e-14
-6.59207e-12
1.11865e-11
-1.38602e-11
1.60412e-11
-1.83822e-11
1.95218e-11
-1.84372e-11
1.67986e-11
-1.90518e-11
2.84163e-11
-4.33596e-11
5.71084e-11
-6.1973e-11
5.41308e-11
-3.63112e-11
1.56434e-11
4.92026e-13
-8.66603e-12
9.96889e-12
-8.18159e-12
6.50639e-12
-6.43606e-12
7.87581e-12
-1.02993e-11
1.25257e-11
-1.29241e-11
9.96782e-12
-4.19704e-12
-1.29078e-12
1.74121e-12
6.31087e-12
-2.29485e-11
4.37197e-11
-6.12384e-11
6.80933e-11
-6.09938e-11
4.25465e-11
-2.01397e-11
1.41743e-12
9.42738e-12
-1.31101e-11
1.29962e-11
-1.23383e-11
1.20068e-11
-1.10045e-11
7.94753e-12
-3.05447e-12
-2.18622e-12
6.31585e-12
-9.48184e-12
1.23473e-11
-1.43941e-11
1.30552e-11
-6.23781e-12
-5.03684e-12
1.59688e-11
-2.14001e-11
1.93458e-11
-1.23803e-11
4.8352e-12
4.83602e-13
-4.10458e-12
7.89574e-12
-1.23399e-11
1.48904e-11
-1.2219e-11
3.53328e-12
7.34666e-12
-1.45739e-11
1.45857e-11
-9.21945e-12
3.87645e-12
-3.61744e-12
9.75764e-12
-2.02622e-11
3.15336e-11
-4.0563e-11
4.52594e-11
-4.47637e-11
3.91759e-11
-2.99998e-11
1.97427e-11
-1.15736e-11
7.63871e-12
-7.81688e-12
8.98177e-12
-7.01987e-12
-4.07796e-13
1.14201e-11
-2.08621e-11
2.30897e-11
-1.58407e-11
1.84018e-12
1.17411e-11
-1.70667e-11
9.74531e-12
8.24183e-12
-3.00915e-11
4.81787e-11
-5.83764e-11
6.05128e-11
-5.65198e-11
4.78989e-11
-3.58737e-11
2.22582e-11
-1.00677e-11
1.7234e-12
2.50588e-12
-5.00495e-12
8.44242e-12
-1.33484e-11
1.68498e-11
-1.50642e-11
6.51336e-12
5.49476e-12
-1.50599e-11
1.7868e-11
-1.44858e-11
8.7382e-12
-3.97278e-12
1.62449e-13
4.59553e-12
-1.11834e-11
1.73994e-11
-1.95395e-11
1.50168e-11
-4.80926e-12
-6.99992e-12
1.51626e-11
-1.64808e-11
1.11854e-11
-2.69198e-12
-4.90416e-12
8.6269e-12
-7.76193e-12
3.28001e-12
2.39571e-12
-6.27349e-12
5.37969e-12
1.73092e-12
-1.44157e-11
2.96155e-11
-4.29996e-11
5.01633e-11
-4.89716e-11
4.09963e-11
-3.16248e-11
2.66108e-11
-2.79931e-11
3.18332e-11
-3.12643e-11
2.16977e-11
-4.86779e-12
-1.25077e-11
2.30513e-11
-2.34754e-11
1.54838e-11
-3.92151e-12
-6.80594e-12
1.41718e-11
-1.72116e-11
1.47382e-11
-5.63237e-12
-9.63767e-12
2.72421e-11
-4.15736e-11
4.84167e-11
-4.77631e-11
4.26426e-11
-3.62841e-11
2.95502e-11
-2.17242e-11
1.22866e-11
-2.57688e-12
-5.03664e-12
8.52977e-12
-7.97417e-12
5.38966e-12
-3.7079e-12
4.31308e-12
-5.96705e-12
5.25718e-12
4.04948e-13
-1.05263e-11
2.09459e-11
-2.65428e-11
2.43246e-11
-1.58618e-11
6.39652e-12
-2.03479e-12
5.57967e-12
-1.49244e-11
2.4349e-11
-2.87424e-11
2.62187e-11
-1.82422e-11
7.18701e-12
4.58361e-12
-1.44238e-11
1.85875e-11
-1.41715e-11
1.746e-12
1.31449e-11
-2.27744e-11
2.16147e-11
-1.00015e-11
-6.69553e-12
2.16563e-11
-3.1246e-11
3.6327e-11
-4.05136e-11
4.60447e-11
-5.18343e-11
5.42724e-11
-5.07221e-11
4.14089e-11
-2.92225e-11
1.7208e-11
-7.19524e-12
-6.75822e-13
6.83749e-12
-1.16539e-11
1.43997e-11
-1.35524e-11
7.64717e-12
2.55351e-12
-1.35937e-11
2.06176e-11
-2.06714e-11
1.4171e-11
-4.35267e-12
-5.35041e-12
1.24785e-11
-1.56933e-11
1.38431e-11
-6.64933e-12
-4.31088e-12
1.46413e-11
-1.8907e-11
1.36863e-11
-9.29521e-13
-1.24048e-11
1.80816e-11
-1.24795e-11
-9.82267e-13
1.41032e-11
-2.00482e-11
1.72577e-11
-9.28186e-12
6.55186e-13
6.12518e-12
-1.14857e-11
1.699e-11
-2.40071e-11
3.25485e-11
-4.15055e-11
4.88905e-11
-5.31242e-11
5.34559e-11
-5.01135e-11
4.3218e-11
-3.28012e-11
1.92246e-11
-4.46326e-12
-8.26829e-12
1.5599e-11
-1.60461e-11
1.0472e-11
-1.70701e-12
-7.3308e-12
1.45844e-11
-1.91836e-11
2.00773e-11
-1.56982e-11
4.86001e-12
1.0438e-11
-2.43521e-11
2.96894e-11
-2.34049e-11
9.34416e-12
3.73014e-12
-8.48031e-12
3.48829e-12
6.39196e-12
-1.4314e-11
1.55702e-11
-9.96196e-12
6.72057e-13
7.87503e-12
-1.27576e-11
1.3377e-11
-1.12009e-11
7.89436e-12
-4.41454e-12
6.03955e-13
3.84509e-12
-9.21357e-12
1.54898e-11
-2.28915e-11
3.14711e-11
-4.10181e-11
5.02572e-11
-5.69482e-11
5.81242e-11
-5.19518e-11
3.91484e-11
-2.34859e-11
9.31954e-12
9.45283e-13
-7.83281e-12
1.222e-11
-1.31325e-11
7.92753e-12
3.9565e-12
-1.8567e-11
2.83865e-11
-2.73621e-11
1.49437e-11
3.0395e-12
-1.81612e-11
2.4015e-11
-1.97833e-11
9.79092e-12
-7.04005e-13
-2.76674e-12
-9.81231e-14
6.23428e-12
-1.16346e-11
1.35092e-11
-1.15393e-11
6.98216e-12
-1.75482e-12
-2.93798e-12
6.68113e-12
-9.69603e-12
1.1666e-11
-1.18344e-11
9.61587e-12
-5.91637e-12
2.29887e-12
6.76937e-13
-4.94679e-12
1.31359e-11
-2.5821e-11
3.98645e-11
-5.07729e-11
5.58528e-11
-5.59001e-11
5.29937e-11
-4.79465e-11
3.92549e-11
-2.54788e-11
7.71402e-12
9.20404e-12
-1.89778e-11
1.7218e-11
-4.82147e-12
-1.20555e-11
2.47571e-11
-2.71624e-11
1.87096e-11
-4.54537e-12
-8.08006e-12
1.36138e-11
-1.10568e-11
3.49693e-12
4.0505e-12
-8.1447e-12
8.38335e-12
-6.82843e-12
5.1029e-12
-3.04808e-12
-5.94326e-13
5.47278e-12
-9.12213e-12
8.66158e-12
-3.83552e-12
-2.91705e-12
8.5099e-12
-1.19485e-11
1.40088e-11
-1.55733e-11
1.58827e-11
-1.3425e-11
7.28284e-12
1.63725e-12
-1.14785e-11
2.04885e-11
-2.84013e-11
3.61338e-11
-4.48943e-11
5.41048e-11
-6.07803e-11
6.03299e-11
-4.9797e-11
3.03717e-11
-8.18777e-12
-8.6072e-12
1.38996e-11
-7.42354e-12
-5.19548e-12
1.54641e-11
-1.7501e-11
1.1224e-11
-1.8357e-12
-4.93031e-12
6.6638e-12
-4.95999e-12
2.02818e-12
1.82768e-12
-8.18935e-12
1.75664e-11
-2.79404e-11
3.53492e-11
-3.66107e-11
3.07509e-11
-1.9532e-11
6.39172e-12
4.40022e-12
-9.55147e-12
7.89097e-12
-1.105e-12
-7.69973e-12
1.54664e-11
-2.04763e-11
2.18295e-11
-1.9353e-11
1.35338e-11
-6.2522e-12
-4.80103e-14
3.67485e-12
-5.50524e-12
8.5323e-12
-1.6012e-11
2.82434e-11
-4.1481e-11
4.93342e-11
-4.72484e-11
3.58081e-11
-2.09684e-11
9.67897e-12
-5.39946e-12
6.20349e-12
-7.65334e-12
6.43753e-12
-2.57882e-12
-1.92765e-12
5.03066e-12
-6.33778e-12
6.80473e-12
-8.02675e-12
1.03227e-11
-1.16628e-11
7.67118e-12
5.21652e-12
-2.63166e-11
4.91429e-11
-6.48495e-11
6.73605e-11
-5.71165e-11
3.97201e-11
-2.22196e-11
9.28922e-12
-2.62523e-12
1.65878e-12
-5.04047e-12
1.07457e-11
-1.64386e-11
1.95525e-11
-1.85077e-11
1.33298e-11
-6.15657e-12
-6.78705e-14
3.02574e-12
-2.58868e-12
2.5146e-13
2.0111e-12
-3.34956e-12
3.85265e-12
-4.08007e-12
4.00044e-12
-3.11735e-12
5.00857e-13
4.12975e-12
-9.74798e-12
1.33948e-11
-1.18958e-11
4.33098e-12
5.90336e-12
-1.31194e-11
1.3554e-11
-9.06755e-12
5.55336e-12
-8.10523e-12
1.62602e-11
-2.43705e-11
2.54157e-11
-1.58842e-11
-2.62495e-12
2.43003e-11
-4.24051e-11
5.21056e-11
-5.27471e-11
4.72883e-11
-4.01295e-11
3.37907e-11
-2.81197e-11
2.16372e-11
-1.44644e-11
8.81443e-12
-7.39207e-12
1.0291e-11
-1.43283e-11
1.45905e-11
-8.0733e-12
-4.28287e-12
1.75582e-11
-2.58378e-11
2.50908e-11
-1.51001e-11
-1.48449e-12
2.05763e-11
-3.82089e-11
5.06097e-11
-5.49817e-11
5.03644e-11
-3.89681e-11
2.53177e-11
-1.43629e-11
8.88328e-12
-9.00539e-12
1.26079e-11
-1.6846e-11
1.89802e-11
-1.78432e-11
1.42972e-11
-1.08729e-11
9.24154e-12
-8.70965e-12
6.71872e-12
-2.20451e-12
-2.65962e-12
3.7137e-12
8.71612e-13
-8.46133e-12
1.33478e-11
-1.14284e-11
3.05868e-12
7.06688e-12
-1.34451e-11
1.29087e-11
-6.6219e-12
-9.95146e-13
4.75937e-12
-2.48448e-12
-3.45574e-12
7.21388e-12
-3.87317e-12
-7.03916e-12
2.06983e-11
-3.04618e-11
3.18995e-11
-2.53589e-11
1.44667e-11
-3.19254e-12
-7.04271e-12
1.70652e-11
-2.80116e-11
3.86963e-11
-4.57905e-11
4.58878e-11
-3.86955e-11
2.75404e-11
-1.77295e-11
1.3186e-11
-1.48404e-11
2.0328e-11
-2.55727e-11
2.6197e-11
-1.96709e-11
6.42649e-12
9.80722e-12
-2.40899e-11
3.2332e-11
-3.27523e-11
2.50805e-11
-1.02215e-11
-9.60443e-12
2.98605e-11
-4.50525e-11
5.13576e-11
-4.92706e-11
4.25575e-11
-3.53899e-11
2.9538e-11
-2.49512e-11
2.13769e-11
-1.96784e-11
2.06217e-11
-2.37353e-11
2.66681e-11
-2.65053e-11
2.09204e-11
-9.77458e-12
-4.35622e-12
1.61389e-11
-1.99819e-11
1.32414e-11
1.12279e-12
-1.61137e-11
2.48575e-11
-2.52551e-11
2.04649e-11
-1.60527e-11
1.5329e-11
-1.75186e-11
1.88232e-11
-1.61953e-11
9.7894e-12
-3.29049e-12
9.22746e-13
-4.45215e-12
1.14916e-11
-1.74523e-11
1.86269e-11
-1.50554e-11
1.00743e-11
-8.02528e-12
1.07608e-11
-1.63281e-11
1.97238e-11
-1.65152e-11
6.02953e-12
7.29689e-12
-1.6907e-11
1.84907e-11
-1.32674e-11
6.45146e-12
-3.33827e-12
5.50088e-12
-1.09663e-11
1.63355e-11
-1.93467e-11
1.90506e-11
-1.55295e-11
9.16222e-12
-8.1825e-13
-8.75226e-12
1.88301e-11
-2.84705e-11
3.52034e-11
-3.55665e-11
2.70094e-11
-1.07431e-11
-8.4174e-12
2.45411e-11
-3.41884e-11
3.70772e-11
-3.49621e-11
2.97663e-11
-2.37844e-11
1.9774e-11
-2.0452e-11
2.6257e-11
-3.46077e-11
4.07639e-11
-4.06568e-11
3.24854e-11
-1.74284e-11
-1.25532e-12
1.88712e-11
-3.0976e-11
3.47731e-11
-3.04811e-11
2.03796e-11
-7.21333e-12
-7.45275e-12
2.24089e-11
-3.56419e-11
4.37266e-11
-4.39691e-11
3.66566e-11
-2.62414e-11
1.90522e-11
-1.98867e-11
2.86918e-11
-4.06094e-11
4.84128e-11
-4.69348e-11
3.5679e-11
-1.90506e-11
3.14807e-12
7.53893e-12
-1.23332e-11
1.3222e-11
-1.26199e-11
1.08686e-11
-6.34229e-12
-2.92708e-12
1.62832e-11
-2.96353e-11
3.70328e-11
-3.50292e-11
2.55067e-11
-1.52742e-11
1.12439e-11
-1.58571e-11
2.53942e-11
-3.32946e-11
3.4527e-11
-2.87013e-11
1.9256e-11
-1.10971e-11
7.39372e-12
-8.18042e-12
1.0289e-11
-9.99031e-12
5.8786e-12
-7.11951e-13
-8.72601e-13
-3.71474e-12
1.20287e-11
-1.85578e-11
1.90352e-11
-1.40461e-11
7.824e-12
-4.7672e-12
6.0541e-12
-9.76025e-12
1.24532e-11
-1.1637e-11
6.84449e-12
-4.52308e-13
-3.47873e-12
1.3681e-12
6.75549e-12
-1.69443e-11
2.37361e-11
-2.4428e-11
2.03726e-11
-1.52281e-11
1.12852e-11
-8.46609e-12
5.45874e-12
-2.01461e-12
-1.01896e-12
2.51161e-12
-2.33684e-12
1.1022e-12
-1.42559e-13
1.00054e-12
-5.18027e-12
1.25813e-11
-2.08251e-11
2.56943e-11
-2.39046e-11
1.49824e-11
-1.5985e-12
-1.26127e-11
2.45062e-11
-3.2107e-11
3.39186e-11
-2.94259e-11
1.96112e-11
-7.52352e-12
-3.15643e-12
9.61622e-12
-1.13369e-11
9.5921e-12
-6.82011e-12
5.38397e-12
-7.17485e-12
1.2715e-11
-2.11884e-11
3.04556e-11
-3.81505e-11
4.20126e-11
-4.03837e-11
3.20143e-11
-1.6986e-11
-2.66611e-12
2.23501e-11
-3.64392e-11
4.04255e-11
-3.35674e-11
1.92189e-11
-3.50315e-12
-8.05581e-12
1.28825e-11
-1.23461e-11
9.90106e-12
-8.90561e-12
1.06817e-11
-1.49623e-11
2.08402e-11
-2.80604e-11
3.65385e-11
-4.56311e-11
5.29145e-11
-5.46687e-11
4.7155e-11
-2.93847e-11
4.67599e-12
1.94519e-11
-3.48534e-11
3.69069e-11
-2.73923e-11
1.27897e-11
-2.4085e-13
-6.74594e-12
8.86665e-12
-9.22206e-12
1.02262e-11
-1.25953e-11
1.55305e-11
-1.83951e-11
2.15476e-11
-2.68112e-11
3.59034e-11
-4.84683e-11
6.01694e-11
-6.41954e-11
5.51412e-11
-3.36924e-11
7.03543e-12
1.48791e-11
-2.54717e-11
2.43862e-11
-1.64571e-11
7.44537e-12
-1.04233e-12
-2.40383e-12
4.56268e-12
-7.55823e-12
1.18873e-11
-1.60933e-11
1.78012e-11
-1.67755e-11
1.62391e-11
-2.13449e-11
3.43069e-11
-5.14122e-11
6.41578e-11
-6.50468e-11
5.23475e-11
-3.11558e-11
9.55224e-12
5.68627e-12
-1.209e-11
1.12456e-11
-7.33278e-12
4.15266e-12
-3.02609e-12
1.93358e-12
1.93993e-12
-9.05526e-12
1.59109e-11
-1.80896e-11
1.45086e-11
-9.61252e-12
1.00545e-11
-1.96257e-11
3.58709e-11
-5.19154e-11
6.04788e-11
-5.79682e-11
4.55261e-11
-2.83698e-11
1.28927e-11
-3.66226e-12
7.24276e-13
-4.4267e-13
-1.22692e-12
4.64085e-12
-6.45484e-12
3.00359e-12
5.25827e-12
-1.37002e-11
1.70226e-11
-1.39214e-11
7.84873e-12
-4.69704e-12
8.70395e-12
-2.03575e-11
3.58402e-11
-4.89746e-11
5.39503e-11
-4.89561e-11
3.7265e-11
-2.5314e-11
1.77202e-11
-1.43785e-11
1.13791e-11
-5.76758e-12
-1.50275e-12
6.21359e-12
-5.09261e-12
-1.51478e-12
9.6441e-12
-1.47593e-11
1.42307e-11
-9.02445e-12
3.11365e-12
-1.88959e-12
8.67264e-12
-2.22329e-11
3.65757e-11
-4.50275e-11
4.47044e-11
-3.84624e-11
3.16056e-11
-2.74951e-11
2.51417e-11
-2.14717e-11
1.45552e-11
-5.71122e-12
-1.7546e-12
4.51067e-12
-1.44597e-12
-5.74113e-12
1.26912e-11
-1.4877e-11
1.05293e-11
-2.89108e-12
-1.75148e-12
-1.58867e-12
1.24032e-11
-2.54061e-11
3.45263e-11
-3.74568e-11
3.60085e-11
-3.37263e-11
3.25141e-11
-3.19104e-11
2.97577e-11
-2.42365e-11
1.50989e-11
-4.82615e-12
-2.34584e-12
2.70884e-12
3.48095e-12
-1.1542e-11
1.51571e-11
-1.15421e-11
3.48106e-12
2.70872e-12
-2.34577e-12
-4.82611e-12
1.50987e-11
-2.42362e-11
2.97573e-11
-3.191e-11
3.25138e-11
-3.37261e-11
3.60083e-11
-3.74567e-11
3.45263e-11
-2.54062e-11
1.24034e-11
-1.589e-12
-1.75105e-12
-2.89153e-12
1.05297e-11
-1.48772e-11
1.26914e-11
-5.74122e-12
-1.44581e-12
4.51038e-12
-1.75419e-12
-5.71166e-12
1.45556e-11
-2.14719e-11
2.51418e-11
-2.74951e-11
3.16057e-11
-3.84625e-11
4.47045e-11
-4.50274e-11
3.65754e-11
-2.22324e-11
8.67202e-12
-1.88898e-12
3.11315e-12
-9.02408e-12
1.42304e-11
-1.4759e-11
9.64364e-12
-1.51429e-12
-5.09304e-12
6.21386e-12
-1.50285e-12
-5.76759e-12
1.13791e-11
-1.43785e-11
1.77202e-11
-2.53139e-11
3.7265e-11
-4.89563e-11
5.39507e-11
-4.89751e-11
3.58407e-11
-2.03579e-11
8.70439e-12
-4.69749e-12
7.84921e-12
-1.39219e-11
1.7023e-11
-1.37006e-11
5.25849e-12
3.00351e-12
-6.45485e-12
4.64087e-12
-1.22691e-12
-4.42719e-13
7.24314e-13
-3.66223e-12
1.28926e-11
-2.83696e-11
4.55259e-11
-5.7968e-11
6.04785e-11
-5.1915e-11
3.58705e-11
-1.96253e-11
1.00541e-11
-9.6122e-12
1.45083e-11
-1.80895e-11
1.59108e-11
-9.05519e-12
1.93985e-12
1.93366e-12
-3.02613e-12
4.15267e-12
-7.33278e-12
1.12456e-11
-1.20901e-11
5.68631e-12
9.55228e-12
-3.11559e-11
5.23477e-11
-6.5047e-11
6.4158e-11
-5.14123e-11
3.4307e-11
-2.1345e-11
1.62392e-11
-1.67756e-11
1.78014e-11
-1.60935e-11
1.18874e-11
-7.55826e-12
4.56269e-12
-2.4039e-12
-1.04219e-12
7.44518e-12
-1.6457e-11
2.43861e-11
-2.54717e-11
1.48791e-11
7.03541e-12
-3.36924e-11
5.51413e-11
-6.41956e-11
6.01695e-11
-4.84683e-11
3.59034e-11
-2.6811e-11
2.15474e-11
-1.8395e-11
1.55304e-11
-1.25953e-11
1.02261e-11
-9.22185e-12
8.86645e-12
-6.74584e-12
-2.40825e-13
1.27896e-11
-2.73921e-11
3.69069e-11
-3.48535e-11
1.94522e-11
4.67562e-12
-2.93843e-11
4.71546e-11
-5.46684e-11
5.29144e-11
-4.56312e-11
3.65386e-11
-2.80605e-11
2.08404e-11
-1.49626e-11
1.06819e-11
-8.90575e-12
9.90109e-12
-1.2346e-11
1.28823e-11
-8.05552e-12
-3.50344e-12
1.92191e-11
-3.35674e-11
4.04253e-11
-3.64388e-11
2.23495e-11
-2.66555e-12
-1.69865e-11
3.20146e-11
-4.03838e-11
4.20125e-11
-3.81503e-11
3.04554e-11
-2.11883e-11
1.2715e-11
-7.1749e-12
5.38411e-12
-6.82034e-12
9.59243e-12
-1.13373e-11
9.61668e-12
-3.15683e-12
-7.52328e-12
1.96113e-11
-2.94262e-11
3.39191e-11
-3.21077e-11
2.45067e-11
-1.2613e-11
-1.59838e-12
1.49824e-11
-2.39046e-11
2.56942e-11
-2.0825e-11
1.25811e-11
-5.18003e-12
1.00028e-12
-1.42273e-13
1.10186e-12
-2.33642e-12
2.51113e-12
-1.01851e-12
-2.0149e-12
5.45878e-12
-8.46587e-12
1.12848e-11
-1.52277e-11
2.03722e-11
-2.44277e-11
2.37359e-11
-1.69442e-11
6.75536e-12
1.36829e-12
-3.47901e-12
-4.51968e-13
6.84413e-12
-1.16366e-11
1.24528e-11
-9.75991e-12
6.05379e-12
-4.76693e-12
7.82381e-12
-1.4046e-11
1.90352e-11
-1.8558e-11
1.20291e-11
-3.71514e-12
-8.72212e-13
-7.12261e-13
5.87881e-12
-9.99043e-12
1.02891e-11
-8.18054e-12
7.39391e-12
-1.10973e-11
1.92564e-11
-2.87017e-11
3.45273e-11
-3.32949e-11
2.53944e-11
-1.58572e-11
1.12439e-11
-1.52742e-11
2.55066e-11
-3.5029e-11
3.70325e-11
-2.9635e-11
1.62828e-11
-2.9267e-12
-6.34262e-12
1.08689e-11
-1.262e-11
1.3222e-11
-1.23333e-11
7.53902e-12
3.14791e-12
-1.90504e-11
3.56787e-11
-4.69345e-11
4.84126e-11
-4.06092e-11
2.86917e-11
-1.98867e-11
1.90521e-11
-2.62414e-11
3.66567e-11
-4.39694e-11
4.3727e-11
-3.56425e-11
2.24095e-11
-7.45332e-12
-7.21292e-12
2.03794e-11
-3.04811e-11
3.47731e-11
-3.09759e-11
1.8871e-11
-1.25502e-12
-1.74287e-11
3.24856e-11
-4.0657e-11
4.0764e-11
-3.46079e-11
2.62572e-11
-2.04522e-11
1.97741e-11
-2.37843e-11
2.97659e-11
-3.49615e-11
3.70765e-11
-3.41877e-11
2.45406e-11
-8.41707e-12
-1.07433e-11
2.70098e-11
-3.55669e-11
3.52038e-11
-2.84708e-11
1.88303e-11
-8.75225e-12
-8.18384e-13
9.16237e-12
-1.55296e-11
1.90506e-11
-1.93466e-11
1.63355e-11
-1.09664e-11
5.50107e-12
-3.33852e-12
6.45174e-12
-1.32676e-11
1.8491e-11
-1.69074e-11
7.29738e-12
6.02892e-12
-1.65146e-11
1.97234e-11
-1.6328e-11
1.07609e-11
-8.02563e-12
1.00748e-11
-1.50558e-11
1.86272e-11
-1.74526e-11
1.14918e-11
-4.45222e-12
9.22704e-13
-3.29038e-12
9.78927e-12
-1.61952e-11
1.88232e-11
-1.75187e-11
1.53292e-11
-1.6053e-11
2.04652e-11
-2.52552e-11
2.48574e-11
-1.61135e-11
1.12249e-12
1.32418e-11
-1.99823e-11
1.61392e-11
-4.3565e-12
-9.7744e-12
2.09203e-11
-2.65052e-11
2.66681e-11
-2.37352e-11
2.06215e-11
-1.96782e-11
2.13768e-11
-2.49511e-11
2.9538e-11
-3.53901e-11
4.25577e-11
-4.92709e-11
5.13579e-11
-4.50528e-11
2.98608e-11
-9.60461e-12
-1.02214e-11
2.50805e-11
-3.27523e-11
3.2332e-11
-2.40898e-11
9.80695e-12
6.42693e-12
-1.96714e-11
2.61975e-11
-2.55732e-11
2.03283e-11
-1.48405e-11
1.3186e-11
-1.77294e-11
2.75402e-11
-3.86953e-11
4.58875e-11
-4.57903e-11
3.86961e-11
-2.80114e-11
1.70651e-11
-7.0425e-12
-3.19278e-12
1.44669e-11
-2.53591e-11
3.18997e-11
-3.0462e-11
2.06985e-11
-7.03942e-12
-3.87291e-12
7.21369e-12
-3.45566e-12
-2.48442e-12
4.7592e-12
-9.94939e-13
-6.62208e-12
1.29089e-11
-1.34453e-11
7.06711e-12
3.05834e-12
-1.14279e-11
1.33473e-11
-8.46081e-12
8.7126e-13
3.71382e-12
-2.65952e-12
-2.20473e-12
6.71894e-12
-8.70982e-12
9.24168e-12
-1.08731e-11
1.42975e-11
-1.78435e-11
1.89806e-11
-1.68464e-11
1.26082e-11
-9.00553e-12
8.88334e-12
-1.4363e-11
2.53178e-11
-3.89682e-11
5.03646e-11
-5.49819e-11
5.06098e-11
-3.82089e-11
2.05762e-11
-1.48436e-12
-1.51002e-11
2.50908e-11
-2.58378e-11
1.75583e-11
-4.28311e-12
-8.07295e-12
1.45902e-11
-1.4328e-11
1.02907e-11
-7.392e-12
8.81455e-12
-1.44647e-11
2.16376e-11
-2.81201e-11
3.37911e-11
-4.01298e-11
4.72886e-11
-5.27474e-11
5.21059e-11
-4.24054e-11
2.43004e-11
-2.62498e-12
-1.58843e-11
2.54157e-11
-2.43706e-11
1.62603e-11
-8.10531e-12
5.55343e-12
-9.06762e-12
1.35541e-11
-1.31195e-11
5.90347e-12
4.33082e-12
-1.18956e-11
1.33944e-11
-9.74737e-12
4.12896e-12
5.01771e-13
-3.11826e-12
4.00125e-12
-4.0807e-12
3.85309e-12
-3.34983e-12
2.0112e-12
2.51541e-13
-2.58894e-12
3.02614e-12
-6.82913e-14
-6.15625e-12
1.33297e-11
-1.85078e-11
1.95528e-11
-1.64389e-11
1.07459e-11
-5.04043e-12
1.65853e-12
-2.62482e-12
9.28874e-12
-2.22191e-11
3.97196e-11
-5.7116e-11
6.73601e-11
-6.48491e-11
4.91426e-11
-2.63165e-11
5.21659e-12
7.67098e-12
-1.16625e-11
1.03224e-11
-8.02654e-12
6.8046e-12
-6.33773e-12
5.03071e-12
-1.92781e-12
-2.57855e-12
6.43719e-12
-7.65299e-12
6.20318e-12
-5.39922e-12
9.67881e-12
-2.09683e-11
3.58081e-11
-4.72485e-11
4.93343e-11
-4.14811e-11
2.82434e-11
-1.6012e-11
8.53211e-12
-5.50498e-12
3.67459e-12
-4.78279e-14
-6.25224e-12
1.35337e-11
-1.93529e-11
2.18293e-11
-2.04761e-11
1.54663e-11
-7.6996e-12
-1.10516e-12
7.89116e-12
-9.55164e-12
4.40036e-12
6.39161e-12
-1.95319e-11
3.07508e-11
-3.66107e-11
3.53492e-11
-2.79404e-11
1.75664e-11
-8.18945e-12
1.82781e-12
2.02805e-12
-4.95989e-12
6.66375e-12
-4.9303e-12
-1.83568e-12
1.1224e-11
-1.7501e-11
1.54642e-11
-5.19568e-12
-7.42325e-12
1.38994e-11
-8.60699e-12
-8.18784e-12
3.03717e-11
-4.97969e-11
6.03298e-11
-6.07802e-11
5.41048e-11
-4.48945e-11
3.61341e-11
-2.84016e-11
2.04888e-11
-1.14787e-11
1.63738e-12
7.28281e-12
-1.3425e-11
1.58829e-11
-1.55735e-11
1.4009e-11
-1.19487e-11
8.51004e-12
-2.91713e-12
-3.83548e-12
8.66154e-12
-9.12203e-12
5.47257e-12
-5.9399e-13
-3.04851e-12
5.10338e-12
-6.8289e-12
8.38377e-12
-8.14502e-12
4.05072e-12
3.4968e-12
-1.10567e-11
1.36138e-11
-8.08006e-12
-4.54533e-12
1.87095e-11
-2.71623e-11
2.47571e-11
-1.20556e-11
-4.82132e-12
1.72179e-11
-1.89777e-11
9.204e-12
7.71408e-12
-2.54789e-11
3.92552e-11
-4.79469e-11
5.29941e-11
-5.59005e-11
5.5853e-11
-5.07729e-11
3.98645e-11
-2.5821e-11
1.31361e-11
-4.94695e-12
6.77093e-13
2.2988e-12
-5.91641e-12
9.61605e-12
-1.18347e-11
1.16664e-11
-9.69644e-12
6.68157e-12
-2.93843e-12
-1.75435e-12
6.98169e-12
-1.15389e-11
1.35088e-11
-1.16343e-11
6.23402e-12
-9.78844e-14
-2.76693e-12
-7.03896e-13
9.7909e-12
-1.97833e-11
2.40151e-11
-1.81612e-11
3.03945e-12
1.49438e-11
-2.73622e-11
2.83865e-11
-1.85671e-11
3.95667e-12
7.92727e-12
-1.31322e-11
1.22196e-11
-7.83236e-12
9.44904e-13
9.31979e-12
-2.3486e-11
3.91485e-11
-5.19519e-11
5.81243e-11
-5.69484e-11
5.02574e-11
-4.10183e-11
3.14711e-11
-2.28914e-11
1.54897e-11
-9.21341e-12
3.84494e-12
6.04133e-13
-4.41475e-12
7.89459e-12
-1.12011e-11
1.33771e-11
-1.27575e-11
7.87493e-12
6.7218e-13
-9.96202e-12
1.55701e-11
-1.43138e-11
6.39169e-12
3.48853e-12
-8.48047e-12
3.73024e-12
9.34407e-12
-2.34048e-11
2.96893e-11
-2.4352e-11
1.0438e-11
4.85991e-12
-1.56981e-11
2.00773e-11
-1.91838e-11
1.45846e-11
-7.33099e-12
-1.70691e-12
1.0472e-11
-1.60461e-11
1.55989e-11
-8.26807e-12
-4.46349e-12
1.92248e-11
-3.28012e-11
4.32179e-11
-5.01133e-11
5.34558e-11
-5.31241e-11
4.88905e-11
-4.15055e-11
3.25484e-11
-2.4007e-11
1.69899e-11
-1.14857e-11
6.12535e-12
6.5489e-13
-9.28152e-12
1.72574e-11
-2.0048e-11
1.4103e-11
-9.82149e-13
-1.24797e-11
1.80817e-11
-1.24048e-11
-9.29685e-13
1.36866e-11
-1.89073e-11
1.46416e-11
-4.31105e-12
-6.64925e-12
1.38431e-11
-1.56934e-11
1.24787e-11
-5.35065e-12
-4.35239e-12
1.41708e-11
-2.06713e-11
2.06176e-11
-1.35938e-11
2.55364e-12
7.64707e-12
-1.35524e-11
1.43998e-11
-1.16541e-11
6.83768e-12
-6.7598e-13
-7.19514e-12
1.7208e-11
-2.92225e-11
4.14089e-11
-5.07219e-11
5.42722e-11
-5.18341e-11
4.60445e-11
-4.05134e-11
3.63269e-11
-3.12459e-11
2.16563e-11
-6.69559e-12
-1.00014e-11
2.16145e-11
-2.27742e-11
1.31447e-11
1.74605e-12
-1.41713e-11
1.85872e-11
-1.44234e-11
4.58322e-12
7.18732e-12
-1.82424e-11
2.62188e-11
-2.87426e-11
2.43491e-11
-1.49246e-11
5.57989e-12
-2.03498e-12
6.39665e-12
-1.58619e-11
2.43246e-11
-2.65427e-11
2.09458e-11
-1.05262e-11
4.04849e-13
5.2572e-12
-5.96695e-12
4.3129e-12
-3.70767e-12
5.38945e-12
-7.97404e-12
8.52976e-12
-5.03672e-12
-2.57678e-12
1.22866e-11
-2.17243e-11
2.95502e-11
-3.6284e-11
4.26424e-11
-4.77628e-11
4.84164e-11
-4.15734e-11
2.7242e-11
-9.63759e-12
-5.63243e-12
1.47382e-11
-1.72117e-11
1.41718e-11
-6.80588e-12
-3.92156e-12
1.54837e-11
-2.34752e-11
2.3051e-11
-1.25074e-11
-4.86811e-12
2.1698e-11
-3.12647e-11
3.18336e-11
-2.79935e-11
2.66112e-11
-3.1625e-11
4.09966e-11
-4.89719e-11
5.01637e-11
-4.3e-11
2.96159e-11
-1.44161e-11
1.73127e-12
5.37946e-12
-6.27338e-12
2.39568e-12
3.28004e-12
-7.76199e-12
8.62703e-12
-4.90435e-12
-2.69175e-12
1.11852e-11
-1.64806e-11
1.51625e-11
-6.99975e-12
-4.80941e-12
1.5017e-11
-1.95396e-11
1.73996e-11
-1.11838e-11
4.59592e-12
1.62068e-13
-3.97249e-12
8.73806e-12
-1.44858e-11
1.78681e-11
-1.50601e-11
5.49495e-12
6.5132e-12
-1.50641e-11
1.68498e-11
-1.33484e-11
8.44256e-12
-5.00505e-12
2.50586e-12
1.72356e-12
-1.0068e-11
2.22584e-11
-3.58738e-11
4.78988e-11
-5.65197e-11
6.05128e-11
-5.83765e-11
4.81789e-11
-3.00917e-11
8.24201e-12
9.74517e-12
-1.70666e-11
1.1741e-11
1.84017e-12
-1.58407e-11
2.30897e-11
-2.08621e-11
1.14203e-11
-4.08128e-13
-7.01945e-12
8.98137e-12
-7.81657e-12
7.63852e-12
-1.15735e-11
1.97427e-11
-2.99997e-11
3.91759e-11
-4.47637e-11
4.52594e-11
-4.0563e-11
3.15336e-11
-2.02622e-11
9.75766e-12
-3.61742e-12
3.87643e-12
-9.21944e-12
1.45857e-11
-1.45739e-11
7.34662e-12
3.53346e-12
-1.22193e-11
1.48909e-11
-1.23404e-11
7.8961e-12
-4.1048e-12
4.83699e-13
4.8352e-12
-1.23804e-11
1.93458e-11
-2.14002e-11
1.59688e-11
-5.03674e-12
-6.23793e-12
1.30552e-11
-1.43939e-11
1.23469e-11
-9.48123e-12
6.31521e-12
-2.18571e-12
-3.0547e-12
7.94748e-12
-1.10042e-11
1.20064e-11
-1.23378e-11
1.29958e-11
-1.31098e-11
9.42731e-12
1.41737e-12
-2.01396e-11
4.25464e-11
-6.09939e-11
6.80934e-11
-6.12385e-11
4.37196e-11
-2.29482e-11
6.31035e-12
1.74189e-12
-1.29149e-12
-4.19641e-12
9.96739e-12
-1.29239e-11
1.25258e-11
-1.02994e-11
7.87594e-12
-6.43611e-12
6.50635e-12
-8.18149e-12
9.96879e-12
-8.66598e-12
4.92077e-13
1.56432e-11
-3.6311e-11
5.41305e-11
-6.19729e-11
5.71084e-11
-4.33597e-11
2.84165e-11
-1.9052e-11
1.67988e-11
-1.84373e-11
1.95219e-11
-1.83823e-11
1.60414e-11
-1.38604e-11
1.11867e-11
-6.59225e-12
7.66179e-14
5.71412e-12
-7.77181e-12
5.33922e-12
-1.19185e-12
-6.77967e-13
-1.95276e-12
7.47725e-12
-1.21926e-11
1.34365e-11
-1.22024e-11
1.16744e-11
-1.40322e-11
1.79189e-11
-2.01446e-11
1.87983e-11
-1.53433e-11
1.27362e-11
-1.26322e-11
1.34708e-11
-1.19431e-11
5.41849e-12
5.54436e-12
-1.73498e-11
2.50169e-11
-2.52284e-11
1.76165e-11
-4.63525e-12
-1.03443e-11
2.38996e-11
-3.31811e-11
3.58901e-11
-3.14733e-11
2.16227e-11
-1.02341e-11
1.42465e-12
2.19539e-12
-1.10841e-12
-1.63773e-12
2.00525e-12
1.85458e-12
-7.90996e-12
1.07556e-11
-5.62148e-12
-7.94515e-12
2.46909e-11
-3.6743e-11
3.78032e-11
-2.65575e-11
6.41373e-12
1.65396e-11
-3.6679e-11
5.01781e-11
-5.54261e-11
5.22943e-11
-4.26255e-11
3.03686e-11
-2.09563e-11
1.79792e-11
-2.04847e-11
2.29348e-11
-1.97945e-11
1.01517e-11
8.02242e-13
-5.83192e-12
8.79077e-13
1.16979e-11
-2.50807e-11
3.22537e-11
-3.02213e-11
2.02568e-11
-5.75845e-12
-1.06467e-11
2.70148e-11
-4.08836e-11
4.86215e-11
-4.80299e-11
4.0767e-11
-3.2397e-11
2.8265e-11
-2.97056e-11
3.30469e-11
-3.31873e-11
2.76017e-11
-1.85025e-11
1.06141e-11
-7.5748e-12
9.04025e-12
-1.18371e-11
1.28644e-11
-1.17321e-11
9.74146e-12
-7.68998e-12
4.34283e-12
1.81524e-12
-1.05834e-11
1.92295e-11
-2.46824e-11
2.56246e-11
-2.36059e-11
2.14367e-11
-2.13269e-11
2.32316e-11
-2.55991e-11
2.6752e-11
-2.65155e-11
2.55551e-11
-2.41552e-11
2.10635e-11
-1.48371e-11
5.49238e-12
4.36499e-12
-1.1125e-11
1.21918e-11
-7.90551e-12
1.11333e-12
4.197e-12
-5.48957e-12
2.86933e-12
1.00109e-12
-3.32289e-12
2.97766e-12
-1.25858e-12
2.417e-13
-1.57438e-12
5.64944e-12
-1.21717e-11
1.99696e-11
-2.70843e-11
3.04793e-11
-2.72104e-11
1.57907e-11
1.75878e-12
-1.98285e-11
3.10608e-11
-3.07917e-11
1.99952e-11
-5.0306e-12
-6.9799e-12
1.24356e-11
-1.28641e-11
1.21901e-11
-1.35367e-11
1.70956e-11
-2.10347e-11
2.29567e-11
-2.14679e-11
1.58812e-11
-6.07615e-12
-7.3552e-12
2.13277e-11
-3.00844e-11
2.74313e-11
-1.17094e-11
-1.17392e-11
3.25784e-11
-4.19831e-11
3.75819e-11
-2.41695e-11
9.20994e-12
1.94884e-12
-8.69738e-12
1.33912e-11
-1.84632e-11
2.42121e-11
-2.97876e-11
3.45158e-11
-3.83248e-11
3.98226e-11
-3.58781e-11
2.36099e-11
-4.55718e-12
-1.429e-11
2.36398e-11
-1.82652e-11
5.29254e-13
2.07408e-11
-3.61064e-11
4.06453e-11
-3.5815e-11
2.63102e-11
-1.61587e-11
6.4749e-12
2.94362e-12
-1.18552e-11
1.91693e-11
-2.4971e-11
3.09739e-11
-3.89352e-11
4.74751e-11
-5.19075e-11
4.70927e-11
-3.22039e-11
1.23243e-11
3.76685e-12
-9.21129e-12
2.92746e-12
1.01132e-11
-2.31203e-11
3.15218e-11
-3.46278e-11
3.34605e-11
-2.88207e-11
2.08129e-11
-1.05468e-11
3.22606e-13
7.59031e-12
-1.32963e-11
1.9135e-11
-2.77477e-11
3.89102e-11
-4.89368e-11
5.2525e-11
-4.69127e-11
3.40638e-11
-1.99133e-11
1.01919e-11
-7.3446e-12
9.93121e-12
-1.52432e-11
2.11534e-11
-2.6647e-11
3.05183e-11
-3.12913e-11
2.7767e-11
-2.04916e-11
1.15815e-11
-3.72836e-12
-2.03182e-12
6.92722e-12
-1.35765e-11
2.30956e-11
-3.37617e-11
4.1718e-11
-4.41229e-11
4.08594e-11
-3.44276e-11
2.76362e-11
-2.2333e-11
1.89161e-11
-1.73852e-11
1.76894e-11
-1.99996e-11
2.37106e-11
-2.7196e-11
2.80281e-11
-2.49009e-11
1.85608e-11
-1.15269e-11
5.72679e-12
-1.29969e-12
-3.30139e-12
9.32216e-12
-1.67762e-11
2.42075e-11
-3.00202e-11
3.32438e-11
-3.42369e-11
3.37918e-11
-3.24234e-11
2.97434e-11
-2.56899e-11
2.13106e-11
-1.87864e-11
1.93985e-11
-2.24247e-11
2.52241e-11
-2.53766e-11
2.19932e-11
-1.62952e-11
1.02709e-11
-5.49762e-12
1.92597e-12
1.4261e-12
-5.48578e-12
9.97167e-12
-1.42639e-11
1.82559e-11
-2.2782e-11
2.80491e-11
-3.2867e-11
3.49175e-11
-3.29221e-11
2.77118e-11
-2.22107e-11
1.93079e-11
-2.01435e-11
2.30229e-11
-2.49353e-11
2.36035e-11
-1.92947e-11
1.38223e-11
-8.90981e-12
4.82177e-12
-1.34658e-12
-1.4402e-12
2.94944e-12
-3.48147e-12
4.52507e-12
-8.24919e-12
1.54528e-11
-2.46328e-11
3.21347e-11
-3.47123e-11
3.17423e-11
-2.61273e-11
2.18242e-11
-2.10595e-11
2.2794e-11
-2.45307e-11
2.43396e-11
-2.20878e-11
1.83553e-11
-1.37252e-11
8.37609e-12
-3.04986e-12
-8.7562e-13
1.76095e-12
4.29978e-13
-3.39315e-12
3.1502e-12
2.77054e-12
-1.32456e-11
2.37777e-11
-3.00563e-11
3.06999e-11
-2.78602e-11
2.46906e-11
-2.32539e-11
2.34643e-11
-2.42962e-11
2.47396e-11
-2.45487e-11
2.33506e-11
-2.03647e-11
1.46713e-11
-7.06749e-12
3.93081e-13
1.91159e-12
1.43874e-13
-1.9747e-12
1.37382e-12
-2.37974e-13
1.0108e-13
2.43496e-14
4.09672e-15
0
