0
5.89395e-18
4.72891e-16
1.40986e-15
4.77167e-14
-4.928e-13
2.03274e-12
-1.73226e-12
-7.91136e-12
2.44401e-11
-3.59775e-11
3.91269e-11
-3.55923e-11
3.14112e-11
-2.91179e-11
3.09331e-11
-2.91899e-11
2.10807e-11
-4.45056e-12
-1.30563e-11
2.87006e-11
-3.46709e-11
3.44235e-11
-3.03811e-11
3.09211e-11
-3.21204e-11
3.38173e-11
-2.84159e-11
1.66671e-11
2.49614e-12
-1.83392e-11
2.87304e-11
-3.04573e-11
2.98898e-11
-2.80328e-11
3.10936e-11
-3.43426e-11
3.44579e-11
-2.50788e-11
1.04185e-11
7.46247e-12
-2.06725e-11
2.69443e-11
-2.56753e-11
2.47704e-11
-2.64531e-11
3.14181e-11
-3.48063e-11
3.2948e-11
-2.13041e-11
3.88434e-12
1.22614e-11
-2.09874e-11
2.25782e-11
-1.9854e-11
1.89184e-11
-2.38761e-11
3.20442e-11
-3.56423e-11
2.96282e-11
-1.5018e-11
-3.17492e-12
1.63683e-11
-1.9191e-11
1.41077e-11
-1.04704e-11
1.35078e-11
-2.32899e-11
3.32511e-11
-3.52746e-11
2.35565e-11
-4.28926e-12
-1.17976e-11
1.63751e-11
-1.08944e-11
1.77031e-12
-2.30583e-13
1.04762e-11
-2.65187e-11
3.46866e-11
-2.87084e-11
1.05656e-11
8.58959e-12
-1.70427e-11
9.20844e-12
5.23665e-12
-1.23906e-11
4.48692e-12
1.32869e-11
-2.92615e-11
3.00083e-11
-1.34726e-11
-8.56361e-12
1.8872e-11
-1.13925e-11
-7.36456e-12
2.23801e-11
-2.09426e-11
2.10513e-12
1.89972e-11
-2.53853e-11
1.23713e-11
9.55568e-12
-2.39769e-11
1.8406e-11
4.61623e-12
-2.76485e-11
3.28934e-11
-1.80761e-11
-4.08939e-12
1.63319e-11
-8.51128e-12
-1.3815e-11
3.13786e-11
-2.77505e-11
3.98787e-12
2.40731e-11
-3.86819e-11
3.17072e-11
-1.08505e-11
-4.47083e-12
1.89751e-13
1.96797e-11
-3.79345e-11
3.89071e-11
-1.8294e-11
-1.31156e-11
3.57712e-11
-3.7144e-11
2.29152e-11
-9.55642e-12
9.86825e-12
-2.48621e-11
4.3514e-11
-4.90581e-11
3.31436e-11
-4.01929e-12
-2.16562e-11
3.29478e-11
-2.96935e-11
2.09302e-11
-1.92434e-11
3.01125e-11
-4.56663e-11
5.28012e-11
-4.49863e-11
2.45302e-11
4.02393e-13
-1.93659e-11
2.6726e-11
-2.68367e-11
2.78784e-11
-3.33065e-11
4.15298e-11
-4.89222e-11
4.98245e-11
-4.0234e-11
2.2463e-11
-2.73914e-12
-1.47719e-11
2.72509e-11
-3.26108e-11
3.27155e-11
-3.32519e-11
3.70002e-11
-4.22318e-11
4.52537e-11
-4.12798e-11
2.57899e-11
-1.55846e-12
-2.08491e-11
3.19311e-11
-3.06505e-11
2.2648e-11
-1.74794e-11
2.30625e-11
-3.73982e-11
4.71456e-11
-4.04989e-11
1.76907e-11
1.01072e-11
-2.84976e-11
2.75829e-11
-1.13316e-11
-3.35292e-12
1.49639e-12
1.59607e-11
-3.53625e-11
4.11843e-11
-2.62212e-11
-1.98054e-12
2.35141e-11
-2.31472e-11
3.86448e-12
1.73945e-11
-2.47263e-11
1.26761e-11
9.88303e-12
-2.4777e-11
1.93806e-11
7.08347e-13
-1.81963e-11
1.94988e-11
-3.17096e-12
-2.11066e-11
3.74602e-11
-3.57154e-11
2.06058e-11
-6.40416e-12
2.37165e-12
-7.9247e-12
1.60651e-11
-1.75831e-11
6.40009e-12
1.36536e-11
-3.23003e-11
4.27912e-11
-4.48759e-11
4.00355e-11
-3.12197e-11
2.32208e-11
-1.84699e-11
1.47004e-11
-9.56779e-12
1.71049e-12
1.15999e-11
-3.12979e-11
5.07966e-11
-6.04434e-11
5.60153e-11
-4.05206e-11
2.15555e-11
-9.38022e-12
9.5925e-12
-1.53455e-11
1.23456e-11
6.33983e-12
-3.45319e-11
5.83987e-11
-6.44712e-11
4.81908e-11
-2.08781e-11
2.49305e-12
-3.49737e-12
1.6495e-11
-2.54997e-11
1.81638e-11
6.4745e-12
-3.52218e-11
4.84579e-11
-3.78341e-11
1.38308e-11
5.43806e-12
-8.97522e-12
-2.65664e-12
1.86678e-11
-2.46257e-11
1.46081e-11
2.4357e-12
-1.28602e-11
1.08349e-11
5.34918e-13
-1.43031e-11
2.19931e-11
-1.86079e-11
7.25211e-12
4.83853e-12
-1.45485e-11
2.1509e-11
-2.40796e-11
2.19759e-11
-1.97746e-11
2.1673e-11
-2.7681e-11
3.49455e-11
-3.84078e-11
3.00192e-11
-6.76904e-12
-2.22733e-11
4.20378e-11
-4.5193e-11
3.55137e-11
-2.4097e-11
2.3024e-11
-3.66103e-11
5.33785e-11
-5.47637e-11
3.28931e-11
2.29697e-12
-3.32876e-11
4.59411e-11
-3.76403e-11
2.02067e-11
-1.24382e-11
2.1929e-11
-3.88822e-11
4.74191e-11
-3.95339e-11
1.73506e-11
8.3235e-12
-2.37907e-11
2.26787e-11
-1.20729e-11
2.95955e-12
2.87897e-14
1.93642e-12
-7.19751e-12
1.24075e-11
-1.36288e-11
1.04282e-11
-5.66081e-12
5.73149e-13
2.81927e-12
1.1082e-12
-1.54202e-11
3.29411e-11
-4.18744e-11
3.58092e-11
-1.68394e-11
-6.05745e-12
1.96184e-11
-1.63436e-11
4.38102e-12
-1.37503e-12
1.65429e-11
-4.31521e-11
6.56261e-11
-6.94296e-11
4.96384e-11
-1.71217e-11
-7.82029e-12
1.38305e-11
-7.41926e-12
2.90548e-12
-9.23232e-12
2.65448e-11
-4.67461e-11
5.72455e-11
-5.0992e-11
3.35589e-11
-1.55061e-11
1.97646e-12
6.57237e-12
-9.15451e-12
6.46231e-12
-2.67156e-12
1.44068e-12
-3.6881e-12
1.01604e-11
-1.89501e-11
2.19801e-11
-1.20813e-11
-5.84269e-12
1.77479e-11
-1.34403e-11
-6.61913e-12
3.2544e-11
-4.87363e-11
4.36301e-11
-2.20232e-11
2.58706e-12
4.80922e-13
1.02796e-11
-2.15705e-11
2.02242e-11
-6.49264e-13
-3.04426e-11
5.58935e-11
-6.27417e-11
5.31433e-11
-3.85178e-11
2.63533e-11
-1.86741e-11
1.48852e-11
-1.20847e-11
5.6416e-12
4.74885e-12
-1.63531e-11
2.82851e-11
-4.05967e-11
4.69239e-11
-3.95637e-11
1.96558e-11
1.24668e-12
-1.19659e-11
7.22402e-12
9.2339e-12
-2.48322e-11
2.4559e-11
-7.31462e-12
-1.16711e-11
1.54397e-11
-1.59034e-12
-1.97365e-11
3.34248e-11
-2.83353e-11
4.43036e-12
2.372e-11
-4.02732e-11
4.1821e-11
-3.67325e-11
3.1939e-11
-2.98587e-11
3.05769e-11
-3.23701e-11
3.04535e-11
-2.27414e-11
1.05274e-11
5.96744e-12
-2.77804e-11
4.86131e-11
-5.64816e-11
4.61026e-11
-2.55952e-11
8.19775e-12
-3.41756e-12
1.25939e-11
-2.63915e-11
2.8603e-11
-1.15295e-11
-1.37683e-11
2.81181e-11
-2.24994e-11
2.60311e-12
1.8899e-11
-2.91755e-11
2.21378e-11
-3.79555e-12
-1.24906e-11
2.02811e-11
-2.31675e-11
2.54723e-11
-2.64903e-11
2.67109e-11
-2.92067e-11
3.49849e-11
-4.06299e-11
4.22516e-11
-3.46122e-11
1.30141e-11
1.89741e-11
-4.52015e-11
5.10854e-11
-3.77708e-11
2.00587e-11
-1.16301e-11
1.76338e-11
-3.22805e-11
4.14534e-11
-3.24307e-11
8.28167e-12
1.43798e-11
-2.20976e-11
1.53057e-11
-1.39808e-12
-1.26363e-11
2.12108e-11
-2.11483e-11
1.46915e-11
-5.56385e-12
-5.82037e-12
1.82151e-11
-2.49356e-11
2.15086e-11
-1.50643e-11
1.76641e-11
-3.27711e-11
5.20474e-11
-6.30136e-11
5.50904e-11
-2.69389e-11
-8.59486e-12
3.09281e-11
-3.14015e-11
1.97068e-11
-1.15973e-11
1.3307e-11
-2.24816e-11
3.22793e-11
-3.5451e-11
2.78042e-11
-1.43959e-11
2.85528e-12
4.27914e-12
-8.90293e-12
7.25014e-12
5.41216e-12
-2.55991e-11
4.03476e-11
-4.04593e-11
2.52539e-11
-2.63883e-12
-1.53748e-11
1.75536e-11
-6.67432e-12
-9.27109e-13
-9.34915e-12
3.35864e-11
-5.66054e-11
6.57055e-11
-5.80569e-11
3.74303e-11
-1.39775e-11
-2.37958e-12
9.15344e-12
-1.17369e-11
1.21386e-11
-8.03197e-12
1.0852e-12
8.37412e-14
8.19306e-12
-1.91408e-11
2.25978e-11
-1.44253e-11
-2.25612e-12
1.69409e-11
-1.55134e-11
-7.51736e-12
3.93059e-11
-5.88314e-11
5.70395e-11
-4.13436e-11
2.37512e-11
-1.12599e-11
6.07485e-12
-5.2287e-12
2.23456e-12
6.56637e-12
-1.72588e-11
2.6351e-11
-3.58068e-11
4.65235e-11
-4.99646e-11
3.76168e-11
-1.27228e-11
-1.04873e-11
1.97816e-11
-1.06611e-11
-1.1072e-11
3.11643e-11
-3.45747e-11
2.119e-11
-5.881e-12
2.44753e-12
-9.27539e-12
1.68884e-11
-1.86125e-11
1.2852e-11
8.60389e-13
-1.94652e-11
3.77326e-11
-5.20731e-11
6.07805e-11
-5.82411e-11
3.98974e-11
-1.29414e-11
-5.13106e-12
4.4438e-12
7.9862e-12
-1.74815e-11
1.50179e-11
-8.8292e-13
-1.63686e-11
2.35409e-11
-1.35671e-11
-5.82032e-12
1.92458e-11
-2.02391e-11
1.29561e-11
-1.27342e-12
-1.60221e-11
3.6621e-11
-5.26107e-11
5.66963e-11
-4.82947e-11
3.13129e-11
-1.48962e-11
9.65284e-12
-1.83059e-11
2.74409e-11
-2.1056e-11
-2.15553e-12
2.6909e-11
-3.93986e-11
3.58686e-11
-2.11501e-11
2.58574e-12
1.04254e-11
-1.3472e-11
8.7029e-12
-2.0024e-13
-1.36257e-11
3.17951e-11
-4.50754e-11
4.28932e-11
-2.91001e-11
1.7817e-11
-1.91037e-11
2.96132e-11
-3.93091e-11
3.69962e-11
-1.74427e-11
-1.33666e-11
3.83338e-11
-4.52209e-11
3.70261e-11
-2.51614e-11
1.40492e-11
-2.624e-12
-6.46419e-12
6.31421e-12
4.2426e-12
-1.90174e-11
2.99508e-11
-3.15273e-11
2.26154e-11
-1.10153e-11
1.06277e-11
-2.67467e-11
4.65456e-11
-5.13519e-11
3.6072e-11
-1.04241e-11
-1.42152e-11
3.22581e-11
-4.08546e-11
3.95046e-11
-3.11672e-11
1.98381e-11
-7.25343e-12
-2.21767e-12
7.36057e-13
1.35016e-11
-2.79574e-11
2.81126e-11
-1.43232e-11
1.67291e-12
-2.31951e-12
1.66039e-11
-3.61225e-11
5.04766e-11
-5.05144e-11
3.52726e-11
-1.31192e-11
-6.63583e-12
2.31351e-11
-3.74085e-11
4.36469e-11
-3.44534e-11
1.50641e-11
-9.69577e-13
2.09761e-12
-1.39708e-11
2.54144e-11
-2.75051e-11
1.78359e-11
-2.67785e-12
-4.66642e-12
-4.33168e-12
2.34834e-11
-3.91522e-11
4.57867e-11
-4.69656e-11
4.29222e-11
-2.79696e-11
1.66921e-12
2.51011e-11
-3.97531e-11
3.7639e-11
-2.32659e-11
6.692e-12
-2.48433e-13
8.74433e-12
-2.29169e-11
2.72485e-11
-1.83997e-11
6.97046e-12
-2.88923e-12
4.76548e-12
-8.94423e-12
1.70501e-11
-3.1905e-11
4.87002e-11
-5.856e-11
5.42187e-11
-3.39115e-11
2.53639e-12
2.52698e-11
-3.44135e-11
2.36204e-11
-8.55866e-12
3.10463e-12
-6.49922e-12
9.72057e-12
-1.05575e-11
1.2027e-11
-1.43553e-11
1.354e-11
-8.953e-12
3.80487e-12
-3.08243e-12
1.17357e-11
-3.26361e-11
5.79989e-11
-7.04194e-11
5.81593e-11
-2.94872e-11
3.09203e-12
1.10234e-11
-1.62312e-11
1.67458e-11
-1.19981e-11
2.27617e-12
7.06823e-12
-1.0736e-11
6.91956e-12
3.03072e-12
-1.38622e-11
1.62753e-11
-6.2033e-12
-6.01219e-12
3.57988e-12
1.71791e-11
-4.23506e-11
5.70362e-11
-5.8837e-11
5.2409e-11
-3.93276e-11
1.97959e-11
1.35734e-12
-1.62105e-11
1.92942e-11
-8.89867e-12
-1.14462e-11
3.03647e-11
-3.38979e-11
2.01275e-11
-3.25134e-12
-2.24195e-12
-2.11313e-12
4.66944e-12
-2.13007e-13
-7.03014e-12
1.43487e-11
-2.44171e-11
3.81594e-11
-5.03366e-11
5.40139e-11
-4.48016e-11
2.26033e-11
4.9209e-12
-2.20262e-11
1.66892e-11
5.80491e-12
-2.76872e-11
3.80833e-11
-4.06938e-11
4.11446e-11
-3.66728e-11
2.33229e-11
-6.43338e-12
-3.93065e-12
4.14472e-12
6.07452e-13
-2.6703e-12
-3.83899e-12
1.9477e-11
-3.60179e-11
3.9845e-11
-2.61115e-11
5.46277e-12
7.55e-12
-1.03244e-11
8.53373e-12
-2.33229e-12
-1.47286e-11
4.11748e-11
-6.32137e-11
6.71333e-11
-5.23542e-11
2.8631e-11
-7.66512e-12
-2.60205e-12
4.85853e-13
6.90852e-12
-1.00913e-11
7.30525e-12
-5.45204e-12
7.2869e-12
-6.77078e-12
1.13333e-13
4.14834e-12
3.68212e-12
-1.88536e-11
2.47751e-11
-1.21127e-11
-1.32127e-11
3.83744e-11
-5.44409e-11
5.73835e-11
-4.77886e-11
3.0842e-11
-1.34859e-11
-1.24026e-12
1.16056e-11
-1.17203e-11
-4.46604e-12
3.0352e-11
-4.77945e-11
4.54477e-11
-3.15254e-11
2.16468e-11
-2.0439e-11
2.081e-11
-1.79266e-11
1.39582e-11
-1.09347e-11
6.09762e-12
3.13251e-12
-1.54472e-11
2.66225e-11
-3.07873e-11
2.14315e-11
1.25998e-12
-2.44359e-11
3.08479e-11
-1.65342e-11
-6.25201e-12
2.52213e-11
-4.01949e-11
5.41715e-11
-6.1117e-11
5.1584e-11
-2.808e-11
5.50786e-12
3.5289e-12
1.31498e-12
-1.25498e-11
2.22499e-11
-2.53536e-11
2.16276e-11
-1.68689e-11
1.70032e-11
-2.05953e-11
2.16029e-11
-2.02072e-11
2.27116e-11
-2.85592e-11
2.53389e-11
-4.33827e-12
-2.4858e-11
4.26576e-11
-4.04922e-11
2.57853e-11
-8.93515e-12
-6.45775e-12
1.87864e-11
-2.31773e-11
1.49205e-11
4.80784e-12
-2.98185e-11
5.12948e-11
-5.9814e-11
5.05589e-11
-3.0782e-11
1.57062e-11
-1.33152e-11
1.65179e-11
-1.57312e-11
1.27336e-11
-1.55487e-11
2.25391e-11
-2.30583e-11
1.3711e-11
-5.61446e-12
1.02441e-11
-2.54201e-11
3.87314e-11
-4.10958e-11
3.13759e-11
-1.31783e-11
-7.97874e-12
2.51813e-11
-3.39998e-11
3.41242e-11
-2.5797e-11
7.31279e-12
1.75902e-11
-3.47354e-11
2.9747e-11
-5.18069e-12
-2.11551e-11
3.5813e-11
-4.15195e-11
4.5409e-11
-4.53005e-11
3.45725e-11
-1.68879e-11
5.25386e-12
-7.30668e-12
1.73536e-11
-2.50874e-11
2.55574e-11
-2.04723e-11
1.42874e-11
-1.24325e-11
1.78278e-11
-2.73702e-11
3.4264e-11
-3.64559e-11
3.71035e-11
-3.55004e-11
2.34389e-11
2.02272e-12
-2.79071e-11
3.54512e-11
-2.11763e-11
-8.41696e-13
1.70438e-11
-2.69306e-11
3.37551e-11
-3.2818e-11
1.64729e-11
1.19801e-11
-3.82241e-11
4.98119e-11
-4.53063e-11
3.09263e-11
-1.47504e-11
3.57181e-12
-6.53823e-13
3.50072e-12
-7.93443e-12
1.38826e-11
-2.36118e-11
3.32136e-11
-3.38662e-11
2.44487e-11
-1.7268e-11
2.35259e-11
-3.7846e-11
4.4288e-11
-3.69037e-11
2.47175e-11
-1.64838e-11
9.25347e-12
1.95341e-12
-1.1441e-11
7.375e-12
1.23319e-11
-3.63976e-11
5.11781e-11
-5.10266e-11
3.74978e-11
-1.56248e-11
-7.7543e-12
2.55589e-11
-3.41811e-11
3.28923e-11
-2.07915e-11
-1.55617e-12
2.51452e-11
-3.48886e-11
2.37832e-11
-2.03947e-12
-1.47843e-11
2.30273e-11
-3.01858e-11
3.80066e-11
-3.7647e-11
2.4311e-11
-8.79671e-12
5.66656e-12
-1.51693e-11
2.40198e-11
-2.34941e-11
1.7882e-11
-1.52346e-11
1.64543e-11
-1.82286e-11
2.03861e-11
-2.5999e-11
3.53551e-11
-4.46488e-11
4.85068e-11
-4.25426e-11
2.53032e-11
-2.55377e-12
-1.35665e-11
1.39107e-11
-1.49729e-12
-1.38592e-11
2.78618e-11
-4.30118e-11
5.60811e-11
-5.4453e-11
3.07601e-11
3.11909e-12
-2.61455e-11
2.97524e-11
-2.26688e-11
1.38041e-11
-1.25413e-12
-1.81076e-11
3.54605e-11
-3.66687e-11
1.91169e-11
4.66516e-12
-2.14267e-11
2.82289e-11
-2.9083e-11
2.6208e-11
-1.97137e-11
1.1361e-11
-4.99702e-12
3.20331e-12
-6.67514e-12
1.41117e-11
-2.13381e-11
2.23971e-11
-1.65744e-11
1.16468e-11
-1.60659e-11
2.75108e-11
-3.56919e-11
3.60954e-11
-3.50297e-11
3.68843e-11
-3.45595e-11
1.94194e-11
1.94262e-12
-1.1552e-11
8.51456e-13
1.96143e-11
-3.54644e-11
4.46609e-11
-5.27835e-11
5.71398e-11
-4.72214e-11
2.07794e-11
8.26085e-12
-2.30979e-11
1.94251e-11
-4.78491e-12
-1.34189e-11
3.21171e-11
-4.77755e-11
5.35716e-11
-4.48648e-11
2.37995e-11
1.70732e-12
-2.23763e-11
3.04222e-11
-2.34006e-11
6.66862e-12
9.76877e-12
-2.00993e-11
2.52928e-11
-2.64085e-11
1.9074e-11
-8.48358e-13
-1.97273e-11
2.84321e-11
-2.20969e-11
1.23423e-11
-1.01353e-11
1.19775e-11
-8.56409e-12
1.34511e-12
-1.63969e-12
1.23473e-11
-2.15093e-11
1.81382e-11
-8.23054e-12
6.39712e-12
-1.62345e-11
2.69323e-11
-3.00457e-11
2.95677e-11
-3.24028e-11
3.51524e-11
-2.87627e-11
1.27168e-11
1.76539e-12
-4.30359e-12
-5.1312e-12
1.97087e-11
-3.45164e-11
4.73758e-11
-5.51756e-11
5.33984e-11
-4.05681e-11
2.00958e-11
9.62728e-13
-1.44531e-11
1.35202e-11
2.49703e-12
-2.59721e-11
4.58933e-11
-5.66914e-11
5.88782e-11
-5.23234e-11
3.37216e-11
-5.3698e-12
-1.92128e-11
2.48241e-11
-1.06161e-11
-1.02214e-11
2.66094e-11
-3.95191e-11
5.15403e-11
-5.51153e-11
3.96433e-11
-9.47799e-12
-1.59754e-11
2.2445e-11
-1.48978e-11
5.89702e-12
2.36211e-12
-1.65208e-11
3.45948e-11
-4.23621e-11
3.03605e-11
-7.73347e-12
-8.52084e-12
1.28643e-11
-1.3228e-11
1.48841e-11
-1.26509e-11
1.32767e-12
1.25583e-11
-1.71777e-11
9.83976e-12
5.01053e-13
-5.80166e-12
7.13038e-12
-9.53135e-12
1.29596e-11
-1.35223e-11
1.03688e-11
-7.68005e-12
8.79818e-12
-1.25325e-11
1.51121e-11
-1.44644e-11
1.0863e-11
-6.36915e-12
3.85141e-12
-5.77411e-12
1.15821e-11
-1.83748e-11
2.41944e-11
-2.97307e-11
3.41822e-11
-3.28588e-11
2.19768e-11
-6.28962e-12
-3.53104e-12
1.78027e-12
6.79878e-12
-1.56688e-11
2.53627e-11
-3.93251e-11
5.24059e-11
-5.24612e-11
3.51482e-11
-1.20422e-11
-1.88929e-12
3.98453e-12
-1.81603e-12
-2.68356e-12
1.65298e-11
-4.12695e-11
6.27981e-11
-6.44998e-11
4.64226e-11
-2.43424e-11
9.52627e-12
7.60114e-13
-1.0733e-11
1.25146e-11
4.66872e-12
-3.59615e-11
6.09329e-11
-6.53261e-11
5.41507e-11
-4.01041e-11
2.55745e-11
-5.63982e-12
-1.55833e-11
2.22336e-11
-5.29034e-12
-2.45296e-11
4.77929e-11
-5.68829e-11
5.7539e-11
-5.36191e-11
3.9668e-11
-1.33471e-11
-1.34692e-11
2.3267e-11
-1.16845e-11
-9.81986e-12
2.88817e-11
-4.36326e-11
5.56956e-11
-5.98737e-11
4.77688e-11
-2.1398e-11
-4.83466e-12
1.72428e-11
-1.4668e-11
3.95979e-12
1.06955e-11
-2.93766e-11
4.81845e-11
-5.72626e-11
4.94469e-11
-2.88658e-11
6.86441e-12
8.09222e-12
-1.45703e-11
1.30235e-11
-2.53297e-12
-1.60996e-11
3.60516e-11
-4.7864e-11
4.64533e-11
-3.42963e-11
1.73265e-11
-8.07282e-13
-1.14705e-11
1.57709e-11
-9.90801e-12
-4.56683e-12
2.19468e-11
-3.5599e-11
4.07621e-11
-3.61675e-11
2.36996e-11
-7.96747e-12
-5.72687e-12
1.3228e-11
-1.28448e-11
4.68585e-12
9.08378e-12
-2.39264e-11
3.3555e-11
-3.38497e-11
2.55964e-11
-1.34749e-11
1.56943e-12
8.00298e-12
-1.32635e-11
1.09629e-11
-1.93758e-13
-1.44981e-11
2.53201e-11
-2.81202e-11
2.45327e-11
-1.79096e-11
8.77744e-12
2.64667e-12
-1.23106e-11
1.37085e-11
-5.28258e-12
-7.19764e-12
1.64506e-11
-2.08358e-11
2.25461e-11
-2.15129e-11
1.44266e-11
-1.58088e-12
-1.00839e-11
1.29657e-11
-7.17139e-12
-1.08928e-12
7.65136e-12
-1.39873e-11
2.09287e-11
-2.4002e-11
1.79111e-11
-4.96956e-12
-6.13035e-12
9.51601e-12
-7.51703e-12
4.52636e-12
-1.35952e-13
-8.73698e-12
1.9703e-11
-2.49063e-11
1.97027e-11
-8.73668e-12
-1.36126e-13
4.52638e-12
-7.51702e-12
9.51603e-12
-6.13027e-12
-4.9699e-12
1.79117e-11
-2.40026e-11
2.09291e-11
-1.39874e-11
7.65138e-12
-1.08921e-12
-7.17164e-12
1.29662e-11
-1.00846e-11
-1.58018e-12
1.4426e-11
-2.15125e-11
2.25459e-11
-2.08359e-11
1.64508e-11
-7.19796e-12
-5.28214e-12
1.37079e-11
-1.23101e-11
2.64633e-12
8.77755e-12
-1.79096e-11
2.45327e-11
-2.81202e-11
2.53199e-11
-1.44979e-11
-1.93998e-13
1.0963e-11
-1.32635e-11
8.00302e-12
1.56929e-12
-1.34748e-11
2.55963e-11
-3.38496e-11
3.35548e-11
-2.39262e-11
9.08358e-12
4.68589e-12
-1.28448e-11
1.32279e-11
-5.72678e-12
-7.96766e-12
2.37e-11
-3.61679e-11
4.07624e-11
-3.55992e-11
2.19468e-11
-4.56681e-12
-9.90805e-12
1.57711e-11
-1.14709e-11
-8.06696e-13
1.7326e-11
-3.4296e-11
4.64533e-11
-4.78641e-11
3.60516e-11
-1.60997e-11
-2.53258e-12
1.30229e-11
-1.45698e-11
8.09205e-12
6.86432e-12
-2.88657e-11
4.94469e-11
-5.72625e-11
4.81841e-11
-2.9376e-11
1.06952e-11
3.95975e-12
-1.46678e-11
1.72426e-11
-4.8346e-12
-2.13981e-11
4.77692e-11
-5.98741e-11
5.56957e-11
-4.36324e-11
2.88814e-11
-9.81969e-12
-1.16847e-11
2.32673e-11
-1.34695e-11
-1.3347e-11
3.96681e-11
-5.36193e-11
5.75392e-11
-5.68831e-11
4.77932e-11
-2.45299e-11
-5.29008e-12
2.22335e-11
-1.55833e-11
-5.63984e-12
2.55745e-11
-4.01039e-11
5.41504e-11
-6.53259e-11
6.09326e-11
-3.59613e-11
4.66854e-12
1.25148e-11
-1.0733e-11
7.6001e-13
9.52645e-12
-2.43426e-11
4.64228e-11
-6.45e-11
6.27983e-11
-4.12696e-11
1.65299e-11
-2.68345e-12
-1.81619e-12
3.98464e-12
-1.88931e-12
-1.20422e-11
3.51482e-11
-5.24612e-11
5.2406e-11
-3.93252e-11
2.53629e-11
-1.56689e-11
6.79868e-12
1.78046e-12
-3.53119e-12
-6.28953e-12
2.19767e-11
-3.28586e-11
3.4182e-11
-2.97307e-11
2.41946e-11
-1.8375e-11
1.15822e-11
-5.77429e-12
3.85163e-12
-6.36927e-12
1.0863e-11
-1.44643e-11
1.51121e-11
-1.25325e-11
8.7979e-12
-7.67963e-12
1.03685e-11
-1.35224e-11
1.29598e-11
-9.53137e-12
7.13035e-12
-5.80189e-12
5.01533e-13
9.8394e-12
-1.71776e-11
1.25585e-11
1.32763e-12
-1.26509e-11
1.48839e-11
-1.32277e-11
1.2864e-11
-8.52078e-12
-7.73336e-12
3.03604e-11
-4.2362e-11
3.45947e-11
-1.65206e-11
2.36188e-12
5.89709e-12
-1.48976e-11
2.24448e-11
-1.59751e-11
-9.47818e-12
3.96435e-11
-5.51156e-11
5.15405e-11
-3.95192e-11
2.66093e-11
-1.02211e-11
-1.06164e-11
2.48243e-11
-1.92131e-11
-5.36925e-12
3.37211e-11
-5.23231e-11
5.88781e-11
-5.66914e-11
4.58933e-11
-2.59722e-11
2.49753e-12
1.35195e-11
-1.44524e-11
9.62193e-13
2.00962e-11
-4.05684e-11
5.33986e-11
-5.51755e-11
4.73755e-11
-3.45159e-11
1.97082e-11
-5.13069e-12
-4.30399e-12
1.76568e-12
1.27166e-11
-2.87626e-11
3.51523e-11
-3.24028e-11
2.95679e-11
-3.00459e-11
2.69323e-11
-1.62345e-11
6.39715e-12
-8.23074e-12
1.81384e-11
-2.15094e-11
1.23473e-11
-1.63964e-12
1.34526e-12
-8.56433e-12
1.19776e-11
-1.01351e-11
1.23421e-11
-2.20969e-11
2.84323e-11
-1.97274e-11
-8.48441e-13
1.90741e-11
-2.64085e-11
2.52927e-11
-2.00992e-11
9.76886e-12
6.66836e-12
-2.34004e-11
3.0422e-11
-2.23762e-11
1.70725e-12
2.37997e-11
-4.4865e-11
5.35716e-11
-4.77753e-11
3.21169e-11
-1.34187e-11
-4.78511e-12
1.94253e-11
-2.30982e-11
8.26108e-12
2.07792e-11
-4.72213e-11
5.71399e-11
-5.27838e-11
4.46613e-11
-3.54648e-11
1.96146e-11
8.51269e-13
-1.15517e-11
1.94243e-12
1.94193e-11
-3.45592e-11
3.68838e-11
-3.50292e-11
3.60952e-11
-3.56917e-11
2.75107e-11
-1.60658e-11
1.16469e-11
-1.65747e-11
2.23976e-11
-2.13384e-11
1.41119e-11
-6.67521e-12
3.20333e-12
-4.99689e-12
1.13607e-11
-1.97134e-11
2.62079e-11
-2.90829e-11
2.82288e-11
-2.14266e-11
4.66512e-12
1.91167e-11
-3.66684e-11
3.54603e-11
-1.81076e-11
-1.25412e-12
1.38043e-11
-2.2669e-11
2.97526e-11
-2.61454e-11
3.11895e-12
3.07601e-11
-5.44529e-11
5.60813e-11
-4.30121e-11
2.78622e-11
-1.38593e-11
-1.49725e-12
1.39107e-11
-1.35665e-11
-2.55366e-12
2.5303e-11
-4.25425e-11
4.85068e-11
-4.46487e-11
3.53549e-11
-2.59988e-11
2.03861e-11
-1.82287e-11
1.64541e-11
-1.5234e-11
1.78815e-11
-2.34941e-11
2.402e-11
-1.51695e-11
5.66668e-12
-8.79702e-12
2.43117e-11
-3.76479e-11
3.80073e-11
-3.01861e-11
2.30273e-11
-1.47842e-11
-2.03967e-12
2.37835e-11
-3.48889e-11
2.51456e-11
-1.55657e-12
-2.07911e-11
3.28919e-11
-3.41808e-11
2.55586e-11
-7.75393e-12
-1.56253e-11
3.74983e-11
-5.10269e-11
5.1178e-11
-3.63972e-11
1.23312e-11
7.37576e-12
-1.14416e-11
1.95397e-12
9.25296e-12
-1.64833e-11
2.47174e-11
-3.69041e-11
4.42886e-11
-3.78465e-11
2.35261e-11
-1.7268e-11
2.44487e-11
-3.38662e-11
3.32135e-11
-2.36116e-11
1.38825e-11
-7.9345e-12
3.50082e-12
-6.53858e-13
3.57186e-12
-1.47505e-11
3.09264e-11
-4.53062e-11
4.98116e-11
-3.82238e-11
1.19801e-11
1.64726e-11
-3.28175e-11
3.37548e-11
-2.69304e-11
1.70436e-11
-8.41362e-13
-2.11767e-11
3.54513e-11
-2.79068e-11
2.0222e-12
2.34393e-11
-3.55005e-11
3.71035e-11
-3.6456e-11
3.42642e-11
-2.73703e-11
1.78277e-11
-1.24325e-11
1.42875e-11
-2.04724e-11
2.55576e-11
-2.50878e-11
1.73541e-11
-7.30708e-12
5.25403e-12
-1.68879e-11
3.45726e-11
-4.53006e-11
4.54089e-11
-4.15191e-11
3.58125e-11
-2.11547e-11
-5.1809e-12
2.97471e-11
-3.47356e-11
1.75905e-11
7.31264e-12
-2.57971e-11
3.41243e-11
-3.39997e-11
2.5181e-11
-7.97852e-12
-1.31784e-11
3.1376e-11
-4.1096e-11
3.87316e-11
-2.54202e-11
1.02439e-11
-5.61399e-12
1.37104e-11
-2.30579e-11
2.25387e-11
-1.55483e-11
1.27332e-11
-1.57309e-11
1.65177e-11
-1.33154e-11
1.57066e-11
-3.07825e-11
5.05592e-11
-5.9814e-11
5.12948e-11
-2.98186e-11
4.80808e-12
1.49204e-11
-2.31775e-11
1.87866e-11
-6.4576e-12
-8.93569e-12
2.57859e-11
-4.04927e-11
4.26577e-11
-2.48581e-11
-4.33829e-12
2.53389e-11
-2.85593e-11
2.2712e-11
-2.02078e-11
2.16034e-11
-2.05956e-11
1.70033e-11
-1.6869e-11
2.16277e-11
-2.53537e-11
2.22499e-11
-1.25496e-11
1.31463e-12
3.52923e-12
5.50775e-12
-2.80801e-11
5.15843e-11
-6.11172e-11
5.41718e-11
-4.01953e-11
2.52218e-11
-6.25245e-12
-1.6534e-11
3.08482e-11
-2.44364e-11
1.26063e-12
2.14309e-11
-3.07867e-11
2.66219e-11
-1.54467e-11
3.13219e-12
6.09792e-12
-1.09349e-11
1.39585e-11
-1.79269e-11
2.08104e-11
-2.04393e-11
2.1647e-11
-3.15252e-11
4.54473e-11
-4.77938e-11
3.03512e-11
-4.46502e-12
-1.17211e-11
1.16063e-11
-1.24063e-12
-1.34857e-11
3.08422e-11
-4.7789e-11
5.73839e-11
-5.4441e-11
3.83745e-11
-1.32125e-11
-1.21129e-11
2.47756e-11
-1.88541e-11
3.68269e-12
4.14796e-12
1.13513e-13
-6.77058e-12
7.28646e-12
-5.45143e-12
7.30467e-12
-1.00907e-11
6.90808e-12
4.86235e-13
-2.60245e-12
-7.66468e-12
2.86306e-11
-5.23539e-11
6.71329e-11
-6.32132e-11
4.1174e-11
-1.4728e-11
-2.33257e-12
8.53353e-12
-1.03241e-11
7.54954e-12
5.46329e-12
-2.61123e-11
3.98456e-11
-3.60184e-11
1.94774e-11
-3.8397e-12
-2.66973e-12
6.0692e-13
4.14494e-12
-3.93107e-12
-6.43322e-12
2.33229e-11
-3.66732e-11
4.11448e-11
-4.06941e-11
3.80834e-11
-2.76875e-11
5.80489e-12
1.66892e-11
-2.20264e-11
4.92073e-12
2.26037e-11
-4.48024e-11
5.40146e-11
-5.03373e-11
3.81597e-11
-2.44172e-11
1.43485e-11
-7.02989e-12
-2.1355e-13
4.66991e-12
-2.11349e-12
-2.24198e-12
-3.25116e-12
2.01272e-11
-3.38978e-11
3.03648e-11
-1.14465e-11
-8.89824e-12
1.92939e-11
-1.62102e-11
1.35711e-12
1.97961e-11
-3.93275e-11
5.24088e-11
-5.88365e-11
5.70359e-11
-4.23504e-11
1.71792e-11
3.58008e-12
-6.01241e-12
-6.20275e-12
1.62751e-11
-1.38619e-11
3.03074e-12
6.91972e-12
-1.07357e-11
7.06797e-12
2.27681e-12
-1.19983e-11
1.67462e-11
-1.6231e-11
1.10234e-11
3.09248e-12
-2.94872e-11
5.81597e-11
-7.04194e-11
5.79993e-11
-3.26359e-11
1.17357e-11
-3.08205e-12
3.80488e-12
-8.95282e-12
1.35404e-11
-1.43555e-11
1.20272e-11
-1.05572e-11
9.72038e-12
-6.49891e-12
3.10464e-12
-8.55842e-12
2.36202e-11
-3.44132e-11
2.52697e-11
2.53656e-12
-3.39115e-11
5.42187e-11
-5.85598e-11
4.87002e-11
-3.19053e-11
1.70503e-11
-8.94414e-12
4.76496e-12
-2.88874e-12
6.96985e-12
-1.83993e-11
2.72481e-11
-2.29169e-11
8.74426e-12
-2.48848e-13
6.69212e-12
-2.32663e-11
3.76389e-11
-3.97533e-11
2.51007e-11
1.66942e-12
-2.79703e-11
4.29222e-11
-4.69657e-11
4.57862e-11
-3.91521e-11
2.34828e-11
-4.33148e-12
-4.66705e-12
-2.67791e-12
1.78355e-11
-2.75052e-11
2.54141e-11
-1.39712e-11
2.09742e-12
-9.69645e-13
1.50635e-11
-3.44534e-11
4.36466e-11
-3.74087e-11
2.31349e-11
-6.63599e-12
-1.31195e-11
3.52725e-11
-5.05144e-11
5.04762e-11
-3.61223e-11
1.66036e-11
-2.31948e-12
1.67281e-12
-1.43231e-11
2.81124e-11
-2.7957e-11
1.35013e-11
7.36218e-13
-2.21761e-12
-7.2534e-12
1.98382e-11
-3.1167e-11
3.95046e-11
-4.08542e-11
3.22581e-11
-1.42149e-11
-1.0424e-11
3.60722e-11
-5.13515e-11
4.65456e-11
-2.67461e-11
1.06276e-11
-1.10146e-11
2.26154e-11
-3.15269e-11
2.99511e-11
-1.90171e-11
4.24297e-12
6.3147e-12
-6.46411e-12
-2.62325e-12
1.40492e-11
-2.51608e-11
3.70266e-11
-4.52209e-11
3.83345e-11
-1.33664e-11
-1.74424e-11
3.69966e-11
-3.93088e-11
2.96135e-11
-1.91032e-11
1.78171e-11
-2.91e-11
4.28937e-11
-4.50753e-11
3.17951e-11
-1.36252e-11
-2.00298e-13
8.70319e-12
-1.34719e-11
1.04254e-11
2.58585e-12
-2.11498e-11
3.58682e-11
-3.93982e-11
2.69088e-11
-2.15542e-12
-2.10563e-11
2.74411e-11
-1.83062e-11
9.65295e-12
-1.48965e-11
3.13129e-11
-4.82949e-11
5.6696e-11
-5.26108e-11
3.66207e-11
-1.60224e-11
-1.27368e-12
1.29557e-11
-2.02395e-11
1.92456e-11
-5.82102e-12
-1.35672e-11
2.35404e-11
-1.63691e-11
-8.83179e-13
1.50174e-11
-1.74819e-11
7.98585e-12
4.44315e-12
-5.13115e-12
-1.29422e-11
3.98972e-11
-5.82417e-11
6.07802e-11
-5.20736e-11
3.77322e-11
-1.94657e-11
8.60243e-13
1.28514e-11
-1.86125e-11
1.68877e-11
-9.27519e-12
2.4467e-12
-5.88089e-12
2.11898e-11
-3.45753e-11
3.11645e-11
-1.10724e-11
-1.06615e-11
1.97819e-11
-1.04879e-11
-1.27227e-11
3.76171e-11
-4.99651e-11
4.65239e-11
-3.58068e-11
2.6351e-11
-1.72587e-11
6.56668e-12
2.23449e-12
-5.2282e-12
6.07486e-12
-1.12596e-11
2.37516e-11
-4.13434e-11
5.70398e-11
-5.8831e-11
3.93063e-11
-7.51711e-12
-1.55129e-11
1.69414e-11
-2.25591e-12
-1.44247e-11
2.25982e-11
-1.91405e-11
8.19381e-12
8.38327e-14
1.08592e-12
-8.03153e-12
1.21389e-11
-1.17361e-11
9.15361e-12
-2.37888e-12
-1.39772e-11
3.74309e-11
-5.80565e-11
6.5706e-11
-5.66052e-11
3.3587e-11
-9.34911e-12
-9.26453e-13
-6.67432e-12
1.75541e-11
-1.53747e-11
-2.63839e-12
2.52539e-11
-4.04589e-11
4.03476e-11
-2.55988e-11
5.4121e-12
7.25046e-12
-8.90311e-12
4.27931e-12
2.85522e-12
-1.43959e-11
2.78041e-11
-3.54509e-11
3.22789e-11
-2.24815e-11
1.33067e-11
-1.15974e-11
1.97067e-11
-3.14018e-11
3.0928e-11
-8.59529e-12
-2.6939e-11
5.50899e-11
-6.30136e-11
5.20468e-11
-3.27713e-11
1.76636e-11
-1.50645e-11
2.1508e-11
-2.49357e-11
1.82143e-11
-5.82034e-12
-5.56466e-12
1.46913e-11
-2.11488e-11
2.12103e-11
-1.26365e-11
-1.39869e-12
1.53054e-11
-2.2098e-11
1.43794e-11
8.28123e-12
-3.24308e-11
4.14526e-11
-3.22804e-11
1.76332e-11
-1.16303e-11
2.00585e-11
-3.77712e-11
5.10853e-11
-4.52018e-11
1.89739e-11
1.3014e-11
-3.46122e-11
4.22512e-11
-4.06296e-11
3.49843e-11
-2.92062e-11
2.67103e-11
-2.64897e-11
2.54718e-11
-2.31671e-11
2.0281e-11
-1.24904e-11
-3.79551e-12
2.2138e-11
-2.91756e-11
1.88996e-11
2.60278e-12
-2.24987e-11
2.81181e-11
-1.3768e-11
-1.1529e-11
2.86028e-11
-2.63909e-11
1.2594e-11
-3.41718e-12
8.19807e-12
-2.5595e-11
4.61031e-11
-5.64815e-11
4.86135e-11
-2.77801e-11
5.96761e-12
1.05281e-11
-2.27413e-11
3.04539e-11
-3.23696e-11
3.05769e-11
-2.9858e-11
3.19391e-11
-3.67321e-11
4.18213e-11
-4.0273e-11
2.37203e-11
4.43069e-12
-2.83351e-11
3.3425e-11
-1.97363e-11
-1.59018e-12
1.54399e-11
-1.16709e-11
-7.31454e-12
2.45591e-11
-2.48318e-11
9.23369e-12
7.22428e-12
-1.1966e-11
1.24679e-12
1.96557e-11
-3.95635e-11
4.69236e-11
-4.05965e-11
2.82849e-11
-1.63532e-11
4.74892e-12
5.64144e-12
-1.2085e-11
1.48853e-11
-1.86743e-11
2.63531e-11
-3.85178e-11
5.31429e-11
-6.27417e-11
5.58933e-11
-3.04429e-11
-6.49444e-13
2.02241e-11
-2.15708e-11
1.02794e-11
4.80594e-13
2.58692e-12
-2.20234e-11
4.36297e-11
-4.87363e-11
3.25434e-11
-6.61889e-12
-1.34409e-11
1.77479e-11
-5.84303e-12
-1.20813e-11
2.19795e-11
-1.89496e-11
1.01596e-11
-3.6877e-12
1.44014e-12
-2.67149e-12
6.46201e-12
-9.15437e-12
6.57179e-12
1.97686e-12
-1.55065e-11
3.35589e-11
-5.0992e-11
5.72452e-11
-4.6746e-11
2.65448e-11
-9.23245e-12
2.90556e-12
-7.41921e-12
1.38303e-11
-7.81998e-12
-1.7122e-11
4.96388e-11
-6.94298e-11
6.56263e-11
-4.31522e-11
1.65432e-11
-1.37508e-12
4.3812e-12
-1.63436e-11
1.96186e-11
-6.05741e-12
-1.68391e-11
3.58091e-11
-4.18741e-11
3.29412e-11
-1.54202e-11
1.10867e-12
2.81911e-12
5.73407e-13
-5.66055e-12
1.04281e-11
-1.36284e-11
1.24076e-11
-7.19757e-12
1.93695e-12
2.8496e-14
2.95998e-12
-1.20728e-11
2.26786e-11
-2.37902e-11
8.32334e-12
1.73508e-11
-3.95335e-11
4.74187e-11
-3.88815e-11
2.19287e-11
-1.2438e-11
2.0207e-11
-3.76406e-11
4.59413e-11
-3.32874e-11
2.29659e-12
3.28937e-11
-5.47642e-11
5.3379e-11
-3.66104e-11
2.30241e-11
-2.40971e-11
3.55138e-11
-4.51931e-11
4.2038e-11
-2.22734e-11
-6.76892e-12
3.00189e-11
-3.84075e-11
3.49452e-11
-2.7681e-11
2.16729e-11
-1.97749e-11
2.19762e-11
-2.408e-11
2.15091e-11
-1.45485e-11
4.83834e-12
7.25218e-12
-1.86079e-11
2.19928e-11
-1.43026e-11
5.3421e-13
1.08354e-11
-1.28607e-11
2.43583e-12
1.46079e-11
-2.46257e-11
1.86675e-11
-2.65624e-12
-8.9759e-12
5.43863e-12
1.38303e-11
-3.78338e-11
4.84577e-11
-3.52217e-11
6.47427e-12
1.81641e-11
-2.55002e-11
1.64955e-11
-3.49783e-12
2.49331e-12
-2.08782e-11
4.81907e-11
-6.44711e-11
5.83986e-11
-3.4532e-11
6.34002e-12
1.23453e-11
-1.53454e-11
9.59252e-12
-9.38048e-12
2.15559e-11
-4.05211e-11
5.60157e-11
-6.04435e-11
5.07966e-11
-3.12978e-11
1.15999e-11
1.71035e-12
-9.5674e-12
1.47e-11
-1.84695e-11
2.32206e-11
-3.12195e-11
4.00355e-11
-4.48759e-11
4.27913e-11
-3.23003e-11
1.36536e-11
6.40019e-12
-1.75831e-11
1.60653e-11
-7.92474e-12
2.37165e-12
-6.40399e-12
2.06056e-11
-3.57152e-11
3.74602e-11
-2.11067e-11
-3.17074e-12
1.94987e-11
-1.81963e-11
7.08521e-13
1.93805e-11
-2.4777e-11
9.8833e-12
1.26757e-11
-2.4726e-11
1.73944e-11
3.86441e-12
-2.3147e-11
2.35141e-11
-1.98071e-12
-2.62208e-11
4.11839e-11
-3.53621e-11
1.59606e-11
1.49629e-12
-3.35278e-12
-1.13316e-11
2.75828e-11
-2.84976e-11
1.01071e-11
1.76906e-11
-4.04988e-11
4.71455e-11
-3.73982e-11
2.30625e-11
-1.74793e-11
2.26478e-11
-3.06502e-11
3.19307e-11
-2.08488e-11
-1.55866e-12
2.57899e-11
-4.12797e-11
4.52536e-11
-4.22318e-11
3.70004e-11
-3.32523e-11
3.27159e-11
-3.26112e-11
2.72512e-11
-1.47719e-11
-2.73939e-12
2.24632e-11
-4.02342e-11
4.98245e-11
-4.89219e-11
4.15293e-11
-3.3306e-11
2.78781e-11
-2.68366e-11
2.67262e-11
-1.93663e-11
4.02668e-13
2.45302e-11
-4.49866e-11
5.28018e-11
-4.56669e-11
3.0113e-11
-1.92435e-11
2.093e-11
-2.96932e-11
3.29476e-11
-2.16563e-11
-4.01896e-12
3.31431e-11
-4.90576e-11
4.35136e-11
-2.4862e-11
9.86835e-12
-9.55655e-12
2.29152e-11
-3.71439e-11
3.5771e-11
-1.31153e-11
-1.82942e-11
3.89072e-11
-3.79345e-11
1.96798e-11
1.89666e-13
-4.47074e-12
-1.08506e-11
3.17073e-11
-3.86819e-11
2.40732e-11
3.98775e-12
-2.77503e-11
3.13785e-11
-1.38149e-11
-8.51128e-12
1.63319e-11
-4.08939e-12
-1.8076e-11
3.28932e-11
-2.76484e-11
4.61623e-12
1.8406e-11
-2.39769e-11
9.55571e-12
1.23712e-11
-2.5385e-11
1.8997e-11
2.10515e-12
-2.09425e-11
2.23799e-11
-7.36444e-12
-1.13925e-11
1.88718e-11
-8.56341e-12
-1.34727e-11
3.00082e-11
-2.92613e-11
1.32867e-11
4.48705e-12
-1.23906e-11
5.2366e-12
9.20844e-12
-1.70426e-11
8.58937e-12
1.05658e-11
-2.87086e-11
3.46866e-11
-2.65186e-11
1.04762e-11
-2.30773e-13
1.77069e-12
-1.08949e-11
1.63755e-11
-1.17977e-11
-4.2894e-12
2.35568e-11
-3.52746e-11
3.32509e-11
-2.32894e-11
1.35072e-11
-1.04699e-11
1.41075e-11
-1.91912e-11
1.63686e-11
-3.17507e-12
-1.50182e-11
2.96287e-11
-3.5643e-11
3.20448e-11
-2.38763e-11
1.89183e-11
-1.98538e-11
2.2578e-11
-2.09875e-11
1.22618e-11
3.88376e-12
-2.13036e-11
3.29478e-11
-3.48062e-11
3.14182e-11
-2.64531e-11
2.47703e-11
-2.5675e-11
2.6944e-11
-2.06722e-11
7.46228e-12
1.04186e-11
-2.50789e-11
3.4458e-11
-3.43427e-11
3.10937e-11
-2.80329e-11
2.989e-11
-3.04574e-11
2.87305e-11
-1.83392e-11
2.49618e-12
1.66671e-11
-2.8416e-11
3.38173e-11
-3.21203e-11
3.0921e-11
-3.0381e-11
3.44235e-11
-3.4671e-11
2.87008e-11
-1.30564e-11
-4.45061e-12
2.10809e-11
-2.91901e-11
3.09332e-11
-2.91179e-11
3.14109e-11
-3.5592e-11
3.91267e-11
-3.59776e-11
2.44404e-11
-7.9114e-12
-1.7307e-12
2.03651e-12
-4.85561e-13
5.36224e-14
3.99626e-15
9.73632e-16
0
