0
2.52475e-16
3.62776e-15
2.19643e-14
8.08703e-14
-6.86321e-14
6.93075e-13
-1.86103e-12
5.00923e-12
-1.18384e-11
2.12027e-11
-2.83144e-11
2.74661e-11
-1.65755e-11
1.08224e-13
1.21935e-11
-1.22989e-11
2.82632e-14
1.66148e-11
-2.82319e-11
3.04126e-11
-2.54361e-11
1.84125e-11
-1.31471e-11
9.46577e-12
-4.1286e-12
-6.1066e-12
1.99365e-11
-3.07452e-11
3.08363e-11
-1.86362e-11
8.33438e-13
1.20707e-11
-1.35339e-11
4.30629e-12
9.24806e-12
-2.01371e-11
2.44369e-11
-2.32464e-11
2.07429e-11
-2.00869e-11
1.94502e-11
-1.3673e-11
-1.4343e-13
1.78752e-11
-3.07393e-11
3.16525e-11
-2.05102e-11
3.51595e-12
1.06099e-11
-1.55726e-11
1.03495e-11
2.74419e-13
-9.6553e-12
1.43577e-11
-1.65842e-11
2.01844e-11
-2.54084e-11
2.74536e-11
-2.12161e-11
6.05677e-12
1.28517e-11
-2.7723e-11
3.1909e-11
-2.36467e-11
7.30724e-12
8.38522e-12
-1.62771e-11
1.52829e-11
-9.92568e-12
4.57747e-12
2.42966e-13
-6.85663e-12
1.60429e-11
-2.53873e-11
3.02858e-11
-2.67727e-11
1.35521e-11
5.82375e-12
-2.35061e-11
3.11275e-11
-2.58516e-11
1.19776e-11
2.83259e-12
-1.35696e-11
1.92972e-11
-2.1113e-11
1.95136e-11
-1.45579e-11
6.16411e-12
5.24371e-12
-1.80651e-11
2.79312e-11
-2.91935e-11
1.89822e-11
-9.55136e-13
-1.68315e-11
2.71287e-11
-2.74546e-11
1.91561e-11
-5.56457e-12
-9.36244e-12
2.15289e-11
-2.86836e-11
3.08818e-11
-2.90242e-11
2.24936e-11
-1.05387e-11
-4.8999e-12
1.8251e-11
-2.399e-11
1.99335e-11
-7.95789e-12
-7.92604e-12
2.22783e-11
-2.94709e-11
2.59453e-11
-1.3156e-11
-3.58249e-12
1.88753e-11
-3.04181e-11
3.76875e-11
-4.00432e-11
3.64394e-11
-2.72871e-11
1.44403e-11
-5.7168e-13
-1.12077e-11
1.65823e-11
-1.20328e-11
-1.7959e-12
1.83934e-11
-2.93327e-11
2.94758e-11
-1.9487e-11
3.51197e-12
1.3459e-11
-2.75722e-11
3.67642e-11
-4.15698e-11
4.35009e-11
-4.25996e-11
3.63408e-11
-2.32033e-11
6.37541e-12
6.39915e-12
-8.49353e-12
-8.17477e-13
1.57052e-11
-2.78892e-11
3.07768e-11
-2.26901e-11
7.22944e-12
8.69573e-12
-1.99565e-11
2.66462e-11
-3.30935e-11
4.19242e-11
-5.03069e-11
5.17513e-11
-4.26279e-11
2.58942e-11
-9.77734e-12
2.16267e-12
-6.07565e-12
1.75934e-11
-2.81811e-11
2.96486e-11
-2.01639e-11
5.41207e-12
6.08328e-12
-1.07563e-11
1.24628e-11
-1.81348e-11
3.02882e-11
-4.46507e-11
5.34526e-11
-5.16315e-11
4.0096e-11
-2.56154e-11
1.65838e-11
-1.76302e-11
2.54223e-11
-3.0933e-11
2.66323e-11
-1.3428e-11
-5.55318e-13
7.29835e-12
-5.88789e-12
2.02688e-12
-2.86822e-12
1.15001e-11
-2.55646e-11
3.85703e-11
-4.41754e-11
4.06086e-11
-3.28913e-11
2.85963e-11
-3.09627e-11
3.53387e-11
-3.39878e-11
2.33425e-11
-7.27324e-12
-6.77804e-12
1.29302e-11
-1.0095e-11
1.70976e-12
5.73185e-12
-6.52542e-12
-5.41581e-13
1.10416e-11
-1.93695e-11
2.36668e-11
-2.67033e-11
3.1176e-11
-3.62113e-11
3.78974e-11
-3.31451e-11
2.15153e-11
-5.45123e-12
-1.06335e-11
2.10011e-11
-2.14551e-11
1.21461e-11
1.75986e-12
-1.38318e-11
1.99618e-11
-1.95031e-11
1.33347e-11
-3.15846e-12
-8.49353e-12
1.82947e-11
-2.41655e-11
2.5886e-11
-2.3968e-11
1.75435e-11
-5.52105e-12
-1.07735e-11
2.59708e-11
-3.34089e-11
2.88962e-11
-1.3315e-11
-8.13843e-12
2.76753e-11
-3.81783e-11
3.64742e-11
-2.585e-11
1.36937e-11
-6.05614e-12
3.06527e-12
-9.21057e-13
-2.73181e-12
5.24375e-12
-1.80902e-12
-9.69109e-12
2.57167e-11
-3.87855e-11
4.09222e-11
-2.83258e-11
4.38025e-12
2.05911e-11
-3.57369e-11
3.72469e-11
-3.0976e-11
2.61061e-11
-2.7061e-11
3.06678e-11
-3.11496e-11
2.58332e-11
-1.7435e-11
1.15384e-11
-1.30658e-11
2.23336e-11
-3.37279e-11
3.81197e-11
-2.98897e-11
1.18721e-11
6.28669e-12
-1.64319e-11
1.78973e-11
-1.67427e-11
1.92277e-11
-2.72486e-11
3.77649e-11
-4.58282e-11
4.73288e-11
-4.16196e-11
3.19397e-11
-2.3699e-11
2.00656e-11
-1.96977e-11
1.83072e-11
-1.35496e-11
7.04954e-12
-2.52345e-12
1.68008e-12
-3.28589e-12
4.49436e-12
-2.87767e-12
-3.50784e-12
1.53175e-11
-3.07011e-11
4.44117e-11
-5.05798e-11
4.63179e-11
-3.36156e-11
1.7161e-11
-1.9657e-12
-8.22465e-12
1.12813e-11
-8.09184e-12
2.15206e-12
3.01118e-12
-7.37979e-12
1.3309e-11
-2.11503e-11
2.61265e-11
-2.18879e-11
6.46061e-12
1.46865e-11
-3.20168e-11
3.71725e-11
-2.74353e-11
6.85537e-12
1.50317e-11
-2.84984e-11
2.95377e-11
-2.24672e-11
1.49592e-11
-1.07725e-11
6.63997e-12
2.71079e-12
-1.80176e-11
3.33067e-11
-4.0629e-11
3.58045e-11
-2.15865e-11
5.84554e-12
2.45947e-12
1.35074e-12
-1.48081e-11
2.93492e-11
-3.66002e-11
3.42415e-11
-2.709e-11
2.1423e-11
-1.93474e-11
1.77707e-11
-1.28767e-11
3.57764e-12
8.18093e-12
-1.97997e-11
2.89041e-11
-3.39907e-11
3.50008e-11
-3.42651e-11
3.4586e-11
-3.66208e-11
3.786e-11
-3.55923e-11
2.93472e-11
-2.09992e-11
1.26294e-11
-6.41848e-12
4.90189e-12
-9.90318e-12
1.90699e-11
-2.55844e-11
2.22886e-11
-7.80471e-12
-1.24607e-11
3.02548e-11
-4.01783e-11
4.1542e-11
-3.73379e-11
3.12184e-11
-2.5314e-11
1.86021e-11
-8.40368e-12
-6.06321e-12
1.99524e-11
-2.46299e-11
1.42118e-11
7.81356e-12
-2.98144e-11
3.98232e-11
-3.39851e-11
1.76042e-11
-2.52952e-13
-1.07745e-11
1.31291e-11
-9.25803e-12
3.61248e-12
5.1551e-13
-3.92516e-12
1.01668e-11
-2.11171e-11
3.29292e-11
-3.83946e-11
3.29285e-11
-1.87514e-11
2.25339e-12
1.08532e-11
-1.84199e-11
2.07034e-11
-1.94819e-11
1.76153e-11
-1.85683e-11
2.37472e-11
-3.11785e-11
3.66096e-11
-3.70973e-11
3.25925e-11
-2.56064e-11
1.93433e-11
-1.69066e-11
1.97355e-11
-2.61906e-11
3.1002e-11
-2.88082e-11
1.86077e-11
-5.31867e-12
-5.03224e-12
1.09565e-11
-1.67349e-11
2.68966e-11
-4.08522e-11
5.2155e-11
-5.34534e-11
4.13833e-11
-1.9289e-11
-3.99981e-12
1.77957e-11
-1.59123e-11
9.63547e-13
1.67871e-11
-2.73247e-11
2.77285e-11
-2.25178e-11
1.71016e-11
-1.28034e-11
7.16743e-12
1.45234e-12
-1.15984e-11
1.93652e-11
-2.10865e-11
1.46824e-11
-9.45861e-13
-1.62342e-11
3.05397e-11
-3.66363e-11
3.30922e-11
-2.30706e-11
1.12758e-11
-1.3759e-12
-4.94374e-12
7.1058e-12
-6.41147e-12
6.48185e-12
-1.17323e-11
2.27357e-11
-3.44199e-11
3.9485e-11
-3.5274e-11
2.59988e-11
-1.90449e-11
1.86062e-11
-2.35916e-11
2.94036e-11
-3.18133e-11
2.92566e-11
-2.40867e-11
2.07949e-11
-2.22361e-11
2.5384e-11
-2.2473e-11
7.2046e-12
1.82248e-11
-4.34165e-11
5.67529e-11
-5.36957e-11
3.83284e-11
-1.91527e-11
3.20063e-12
5.95787e-12
-7.94354e-12
4.26855e-12
2.10856e-12
-8.51113e-12
1.37623e-11
-1.82491e-11
2.16275e-11
-2.21795e-11
1.8208e-11
-1.0498e-11
1.61354e-12
5.93549e-12
-1.0641e-11
1.03928e-11
-2.90246e-12
-1.15013e-11
2.7116e-11
-3.58813e-11
3.35901e-11
-2.40382e-11
1.56485e-11
-1.46932e-11
2.03541e-11
-2.62134e-11
2.49141e-11
-1.31976e-11
-6.41097e-12
2.65513e-11
-3.93953e-11
4.13488e-11
-3.5754e-11
2.95971e-11
-2.74508e-11
2.7547e-11
-2.51399e-11
1.8528e-11
-1.18169e-11
1.0677e-11
-1.7176e-11
2.81545e-11
-3.83771e-11
4.30777e-11
-3.91483e-11
2.53907e-11
-4.24054e-12
-1.8152e-11
3.41329e-11
-3.88575e-11
3.2164e-11
-1.80769e-11
2.30453e-12
9.48314e-12
-1.39822e-11
1.18791e-11
-8.10635e-12
7.86544e-12
-1.19e-11
1.49809e-11
-1.11629e-11
5.41194e-14
1.18011e-11
-1.71892e-11
1.46676e-11
-9.58391e-12
8.48924e-12
-1.40216e-11
2.34136e-11
-3.12747e-11
3.27232e-11
-2.66446e-11
1.68516e-11
-1.07582e-11
1.41468e-11
-2.67474e-11
4.18436e-11
-5.14317e-11
5.10074e-11
-4.08917e-11
2.35551e-11
-2.19453e-12
-1.90299e-11
3.44383e-11
-3.97713e-11
3.54525e-11
-2.68767e-11
1.94879e-11
-1.45666e-11
9.3858e-12
-2.07457e-12
-5.48868e-12
8.73891e-12
-4.62095e-12
-6.12897e-12
1.87084e-11
-2.656e-11
2.45037e-11
-1.29243e-11
-1.27401e-12
8.41974e-12
-3.73959e-12
-8.8024e-12
1.96445e-11
-2.19919e-11
1.65535e-11
-9.74386e-12
7.36596e-12
-1.12858e-11
2.00266e-11
-3.13646e-11
4.24221e-11
-4.93949e-11
4.84213e-11
-3.863e-11
2.28739e-11
-5.84601e-12
-9.23517e-12
2.11256e-11
-2.9733e-11
3.48979e-11
-3.65876e-11
3.42486e-11
-2.688e-11
1.42329e-11
1.07003e-13
-8.73471e-12
4.82059e-12
1.10813e-11
-2.98116e-11
3.95257e-11
-3.49287e-11
2.04344e-11
-5.77307e-12
-2.01856e-12
1.98781e-12
2.31239e-12
-6.81124e-12
8.61996e-12
-6.90597e-12
2.99292e-12
-3.42878e-13
2.1624e-12
-9.26985e-12
1.95242e-11
-3.01055e-11
3.87622e-11
-4.38346e-11
4.34865e-11
-3.71672e-11
2.66784e-11
-1.53594e-11
4.52797e-12
7.552e-12
-2.2793e-11
3.82769e-11
-4.6411e-11
4.07395e-11
-2.30444e-11
3.24539e-12
7.33522e-12
-4.00627e-12
-9.65312e-12
2.53568e-11
-3.56099e-11
3.65648e-11
-2.92549e-11
1.8371e-11
-9.72181e-12
6.26905e-12
-6.84618e-12
7.84762e-12
-6.99423e-12
4.35854e-12
-1.20944e-12
-1.82296e-12
3.80974e-12
-2.57417e-12
-4.4762e-12
1.67405e-11
-2.94801e-11
3.70753e-11
-3.85239e-11
3.77709e-11
-3.87654e-11
3.98205e-11
-3.48086e-11
1.91853e-11
4.56089e-12
-2.80832e-11
4.2231e-11
-4.24886e-11
3.0608e-11
-1.36829e-11
4.32453e-13
2.87258e-12
3.97791e-12
-1.56723e-11
2.51121e-11
-2.84421e-11
2.61661e-11
-2.10887e-11
1.5282e-11
-1.02978e-11
8.02716e-12
-1.01039e-11
1.47967e-11
-1.69468e-11
1.20286e-11
-1.57337e-12
-7.43905e-12
8.42146e-12
-1.19603e-12
-8.91215e-12
1.65307e-11
-2.12025e-11
2.63154e-11
-3.49185e-11
4.59363e-11
-5.46889e-11
5.54151e-11
-4.47498e-11
2.36201e-11
1.91956e-12
-2.31723e-11
3.31435e-11
-3.09541e-11
2.14251e-11
-1.12239e-11
4.56414e-12
-2.97216e-12
6.399e-12
-1.35803e-11
2.04803e-11
-2.15538e-11
1.38993e-11
-1.51513e-12
-6.81126e-12
4.38306e-12
7.13948e-12
-1.93791e-11
2.4254e-11
-2.03468e-11
1.2098e-11
-4.99939e-12
1.37076e-12
-8.02233e-13
1.99451e-12
-4.44408e-12
8.37142e-12
-1.49287e-11
2.51875e-11
-3.87683e-11
5.22012e-11
-6.02883e-11
5.89698e-11
-4.81035e-11
3.07287e-11
-1.11579e-11
-6.62849e-12
1.84889e-11
-2.10968e-11
1.44862e-11
-4.56654e-12
5.18671e-14
-5.60648e-12
1.66455e-11
-2.28471e-11
1.67751e-11
-3.36944e-13
-1.76096e-11
2.82138e-11
-2.82256e-11
1.95293e-11
-6.34903e-12
-7.23848e-12
1.74535e-11
-2.16515e-11
1.93458e-11
-1.31202e-11
6.81163e-12
-3.35696e-12
3.4001e-12
-6.3987e-12
1.13445e-11
-1.73282e-11
2.34983e-11
-3.00986e-11
3.78927e-11
-4.63112e-11
5.1355e-11
-4.78721e-11
3.44119e-11
-1.66361e-11
3.66101e-12
-8.13135e-13
4.84591e-12
-7.51708e-12
3.01464e-12
7.18608e-12
-1.69776e-11
2.07801e-11
-1.65549e-11
4.40912e-12
1.41988e-11
-3.56277e-11
5.2841e-11
-5.83638e-11
4.90631e-11
-2.92698e-11
8.04662e-12
6.19404e-12
-1.0465e-11
7.42488e-12
-2.98408e-12
2.31576e-12
-7.3017e-12
1.52773e-11
-2.11513e-11
2.11111e-11
-1.61938e-11
1.11209e-11
-1.00081e-11
1.23993e-11
-1.48462e-11
1.50612e-11
-1.44416e-11
1.5314e-11
-1.76727e-11
1.8863e-11
-1.72779e-11
1.41391e-11
-1.16433e-11
9.06269e-12
-3.30675e-12
-6.61427e-12
1.55159e-11
-1.4978e-11
3.77613e-13
2.4007e-11
-4.78166e-11
6.14305e-11
-6.16172e-11
5.14266e-11
-3.72639e-11
2.51106e-11
-1.85707e-11
1.74329e-11
-1.82149e-11
1.59219e-11
-7.55118e-12
-6.07382e-12
2.0509e-11
-3.04299e-11
3.15431e-11
-2.21187e-11
3.73887e-12
1.75981e-11
-3.33856e-11
3.71825e-11
-2.97077e-11
1.81229e-11
-1.01725e-11
7.61393e-12
-6.38186e-12
2.002e-12
4.97914e-12
-1.02441e-11
1.07325e-11
-8.20798e-12
6.60708e-12
-7.82972e-12
1.03522e-11
-1.25976e-11
1.5136e-11
-1.95017e-11
2.46727e-11
-2.72035e-11
2.4575e-11
-1.88406e-11
1.52606e-11
-1.78938e-11
2.54436e-11
-3.20852e-11
3.1272e-11
-2.02885e-11
1.71038e-12
1.72804e-11
-2.82693e-11
2.54897e-11
-9.53134e-12
-1.29979e-11
3.3221e-11
-4.53851e-11
4.86184e-11
-4.55381e-11
3.93728e-11
-3.34139e-11
3.06889e-11
-3.27745e-11
3.6909e-11
-3.63034e-11
2.46683e-11
-2.86811e-12
-2.01549e-11
3.337e-11
-3.22996e-11
2.10686e-11
-7.46654e-12
-3.9864e-12
1.31321e-11
-2.09058e-11
2.60456e-11
-2.66493e-11
2.29971e-11
-1.82379e-11
1.48752e-11
-1.23224e-11
7.88291e-12
-8.95578e-13
-5.96581e-12
9.02304e-12
-7.72534e-12
5.08628e-12
-5.13985e-12
9.28345e-12
-1.56295e-11
2.02684e-11
-2.01219e-11
1.47052e-11
-7.16871e-12
2.71814e-12
-5.75013e-12
1.61707e-11
-2.89251e-11
3.67495e-11
-3.51654e-11
2.44946e-11
-8.7243e-12
-7.45966e-12
1.93274e-11
-2.23693e-11
1.36639e-11
4.46015e-12
-2.37743e-11
3.44584e-11
-3.29172e-11
2.48269e-11
-2.06727e-11
2.65395e-11
-3.97462e-11
5.19536e-11
-5.65392e-11
5.17695e-11
-3.92186e-11
2.06994e-11
9.91929e-13
-2.04443e-11
3.04099e-11
-2.69897e-11
1.32453e-11
2.28772e-12
-1.24223e-11
1.61262e-11
-1.79032e-11
2.21531e-11
-2.94431e-11
3.67224e-11
-4.08117e-11
4.02011e-11
-3.52378e-11
2.69131e-11
-1.67648e-11
6.39878e-12
2.68605e-12
-9.89967e-12
1.50495e-11
-1.79355e-11
1.78046e-11
-1.43463e-11
8.06662e-12
-3.24787e-13
-7.65904e-12
1.42877e-11
-1.71517e-11
1.34733e-11
-3.30379e-12
-8.64443e-12
1.48346e-11
-1.10338e-11
1.81202e-13
9.32948e-12
-1.07283e-11
3.66765e-12
6.58609e-12
-1.47573e-11
1.87153e-11
-1.86729e-11
1.45158e-11
-6.84296e-12
-5.15982e-13
4.45494e-13
1.1675e-11
-3.24057e-11
5.04757e-11
-5.49186e-11
4.30858e-11
-2.22003e-11
2.67963e-12
8.84955e-12
-1.18238e-11
8.4949e-12
-1.46251e-12
-6.54814e-12
1.17166e-11
-1.12734e-11
6.47948e-12
-3.52438e-12
9.09066e-12
-2.49445e-11
4.5548e-11
-6.18687e-11
6.69266e-11
-5.95612e-11
4.34269e-11
-2.43909e-11
7.61319e-12
3.62481e-12
-8.83819e-12
9.65225e-12
-8.63307e-12
7.23163e-12
-5.42389e-12
2.10825e-12
3.50707e-12
-1.17902e-11
2.24106e-11
-3.43073e-11
4.47569e-11
-5.02095e-11
4.83209e-11
-4.04927e-11
3.07568e-11
-2.23401e-11
1.45635e-11
-4.72579e-12
-7.75985e-12
1.88235e-11
-2.29644e-11
1.81524e-11
-8.01465e-12
-1.95902e-12
8.8955e-12
-1.3654e-11
1.72048e-11
-1.85173e-11
1.61662e-11
-1.2157e-11
1.12556e-11
-1.62027e-11
2.31088e-11
-2.39632e-11
1.37774e-11
3.82047e-12
-1.93865e-11
2.51149e-11
-2.04476e-11
1.02001e-11
2.91713e-13
-8.15356e-12
1.13439e-11
-7.66044e-12
-3.5521e-12
1.79314e-11
-2.71497e-11
2.44573e-11
-1.09949e-11
-4.55386e-12
1.22487e-11
-8.41861e-12
-3.01604e-12
1.44444e-11
-2.00881e-11
1.78411e-11
-8.96694e-12
-3.13372e-12
1.3024e-11
-1.48551e-11
5.13473e-12
1.3908e-11
-3.47178e-11
4.81963e-11
-4.93077e-11
3.93356e-11
-2.465e-11
1.2469e-11
-7.46922e-12
9.59899e-12
-1.48428e-11
1.74105e-11
-1.34511e-11
3.16625e-12
8.97393e-12
-1.70915e-11
1.67427e-11
-6.94254e-12
-1.02851e-11
3.04691e-11
-4.79322e-11
5.71302e-11
-5.5685e-11
4.61039e-11
-3.48549e-11
2.75298e-11
-2.49707e-11
2.30762e-11
-1.74947e-11
7.58776e-12
3.20664e-12
-1.12665e-11
1.5241e-11
-1.54288e-11
1.09401e-11
-7.55564e-14
-1.67982e-11
3.48043e-11
-4.74224e-11
5.14789e-11
-4.97739e-11
4.72381e-11
-4.55921e-11
4.15967e-11
-3.17797e-11
1.71823e-11
-3.36658e-12
-5.18459e-12
8.73652e-12
-1.07807e-11
1.26775e-11
-1.20113e-11
5.68989e-12
5.34428e-12
-1.66711e-11
2.48763e-11
-3.12896e-11
3.92005e-11
-4.85589e-11
5.38891e-11
-4.93674e-11
3.47865e-11
-1.67207e-11
2.71793e-12
4.30868e-12
-6.831e-12
7.92791e-12
-8.07123e-12
6.04372e-12
-2.6001e-12
3.71594e-13
-4.90117e-13
-4.6849e-13
7.66387e-12
-2.24282e-11
3.90105e-11
-4.85299e-11
4.56616e-11
-3.26112e-11
1.61431e-11
-2.43615e-12
-6.02806e-12
9.01052e-12
-7.02674e-12
1.39789e-12
4.17138e-12
-4.97881e-12
-1.13131e-12
1.04659e-11
-1.54935e-11
1.02644e-11
4.46406e-12
-2.18964e-11
3.37358e-11
-3.53939e-11
2.71797e-11
-1.3069e-11
-1.74658e-12
1.19945e-11
-1.40329e-11
7.41883e-12
3.64913e-12
-1.21581e-11
1.21053e-11
-2.8301e-12
-1.05958e-11
2.02987e-11
-2.06499e-11
1.09889e-11
4.13767e-12
-1.77707e-11
2.35642e-11
-1.89067e-11
5.87364e-12
9.33702e-12
-1.95673e-11
1.9982e-11
-1.08209e-11
-3.0411e-12
1.43486e-11
-1.73025e-11
1.00553e-11
3.99808e-12
-1.79211e-11
2.44192e-11
-2.01968e-11
7.79026e-12
5.51056e-12
-1.22241e-11
8.71311e-12
2.87797e-12
-1.66988e-11
2.62176e-11
-2.71858e-11
1.8613e-11
-3.5209e-12
-1.18582e-11
2.00642e-11
-1.66722e-11
3.26396e-12
1.2603e-11
-2.2276e-11
2.13988e-11
-1.25995e-11
2.57736e-12
2.42474e-12
4.70138e-14
-9.04862e-12
2.1253e-11
-3.2041e-11
3.59416e-11
-2.91869e-11
1.26684e-11
6.54567e-12
-1.89421e-11
1.86174e-11
-7.62719e-12
-6.28378e-12
1.53987e-11
-1.70073e-11
1.30912e-11
-7.56526e-12
3.63862e-12
-4.01615e-12
1.06747e-11
-2.34036e-11
3.73416e-11
-4.44811e-11
3.87255e-11
-2.14656e-11
1.12138e-12
1.25067e-11
-1.51083e-11
9.1378e-12
-3.32847e-13
-7.1591e-12
1.16108e-11
-1.24431e-11
9.35413e-12
-4.37268e-12
2.49479e-12
-9.03597e-12
2.4113e-11
-4.08943e-11
4.95059e-11
-4.46927e-11
2.92939e-11
-1.14898e-11
-1.88935e-12
8.50681e-12
-9.34132e-12
5.53911e-12
1.50822e-12
-8.78426e-12
1.16112e-11
-7.71146e-12
5.12087e-13
1.96613e-12
6.0977e-12
-2.30102e-11
4.02029e-11
-4.91914e-11
4.70858e-11
-3.69642e-11
2.3386e-11
-9.61273e-12
-2.10525e-12
8.58681e-12
-7.24048e-12
-7.18473e-13
8.89294e-12
-1.03745e-11
3.79444e-12
4.57615e-12
-6.23687e-12
-2.64827e-12
1.84077e-11
-3.40035e-11
4.42012e-11
-4.76092e-11
4.42012e-11
-3.40036e-11
1.84081e-11
-2.64882e-12
-6.23633e-12
4.57573e-12
3.79479e-12
-1.03749e-11
8.89345e-12
-7.1906e-13
-7.23992e-12
8.58633e-12
-2.10481e-12
-9.61318e-12
2.33865e-11
-3.69645e-11
4.70859e-11
-4.91912e-11
4.02026e-11
-2.30099e-11
6.09744e-12
1.96642e-12
5.11717e-13
-7.71102e-12
1.16107e-11
-8.7838e-12
1.50773e-12
5.53969e-12
-9.34198e-12
8.50744e-12
-1.88983e-12
-1.14895e-11
2.92938e-11
-4.46926e-11
4.95059e-11
-4.08943e-11
2.41131e-11
-9.03617e-12
2.49503e-12
-4.37294e-12
9.35443e-12
-1.24435e-11
1.16113e-11
-7.15966e-12
-3.32285e-13
9.13728e-12
-1.51078e-11
1.25062e-11
1.12178e-12
-2.14659e-11
3.87257e-11
-4.44812e-11
3.73417e-11
-2.34036e-11
1.06747e-11
-4.01607e-12
3.63847e-12
-7.56506e-12
1.3091e-11
-1.7007e-11
1.53982e-11
-6.28318e-12
-7.62782e-12
1.8618e-11
-1.89425e-11
6.54604e-12
1.2668e-11
-2.91866e-11
3.59413e-11
-3.20407e-11
2.12528e-11
-9.04844e-12
4.68631e-14
2.42474e-12
2.57762e-12
-1.26001e-11
2.13995e-11
-2.22766e-11
1.26034e-11
3.2636e-12
-1.66719e-11
2.00638e-11
-1.18578e-11
-3.52126e-12
1.86133e-11
-2.71862e-11
2.6218e-11
-1.6699e-11
2.87795e-12
8.71344e-12
-1.22246e-11
5.5111e-12
7.78985e-12
-2.01966e-11
2.4419e-11
-1.79209e-11
3.99781e-12
1.00556e-11
-1.73028e-11
1.43489e-11
-3.04138e-12
-1.08208e-11
1.9982e-11
-1.95675e-11
9.33747e-12
5.87315e-12
-1.89063e-11
2.3564e-11
-1.77707e-11
4.13762e-12
1.0989e-11
-2.06501e-11
2.02989e-11
-1.05959e-11
-2.82998e-12
1.21053e-11
-1.21582e-11
3.64944e-12
7.41839e-12
-1.40324e-11
1.19941e-11
-1.74642e-12
-1.3069e-11
2.71796e-11
-3.53938e-11
3.37358e-11
-2.18966e-11
4.46424e-12
1.02642e-11
-1.54935e-11
1.0466e-11
-1.13157e-12
-4.97845e-12
4.171e-12
1.3982e-12
-7.0269e-12
9.0105e-12
-6.02787e-12
-2.43642e-12
1.61433e-11
-3.26112e-11
4.56616e-11
-4.85298e-11
3.90105e-11
-2.24282e-11
7.66393e-12
-4.68552e-13
-4.90059e-13
3.71524e-13
-2.60002e-12
6.0437e-12
-8.07133e-12
7.92815e-12
-6.83131e-12
4.30898e-12
2.71769e-12
-1.67205e-11
3.47863e-11
-4.93671e-11
5.3889e-11
-4.85589e-11
3.92006e-11
-3.12898e-11
2.48765e-11
-1.66712e-11
5.34436e-12
5.68978e-12
-1.20112e-11
1.26773e-11
-1.07805e-11
8.73621e-12
-5.18416e-12
-3.36709e-12
1.71828e-11
-3.178e-11
4.15968e-11
-4.55919e-11
4.72379e-11
-4.97736e-11
5.14787e-11
-4.74223e-11
3.48043e-11
-1.67982e-11
-7.55502e-14
1.09402e-11
-1.54291e-11
1.52414e-11
-1.1267e-11
3.20702e-12
7.58754e-12
-1.74947e-11
2.30763e-11
-2.49708e-11
2.75301e-11
-3.48551e-11
4.61041e-11
-5.5685e-11
5.713e-11
-4.79321e-11
3.04691e-11
-1.02853e-11
-6.94225e-12
1.67424e-11
-1.70914e-11
8.97397e-12
3.16612e-12
-1.34509e-11
1.74102e-11
-1.48424e-11
9.59864e-12
-7.46905e-12
1.24691e-11
-2.46503e-11
3.93359e-11
-4.93078e-11
4.81961e-11
-3.47176e-11
1.39079e-11
5.13473e-12
-1.4855e-11
1.30238e-11
-3.1334e-12
-8.96742e-12
1.78417e-11
-2.00885e-11
1.44446e-11
-3.01594e-12
-8.4189e-12
1.2249e-11
-4.55401e-12
-1.09949e-11
2.44575e-11
-2.71499e-11
1.79317e-11
-3.55221e-12
-7.66051e-12
1.13441e-11
-8.15392e-12
2.92104e-13
1.01997e-11
-2.04474e-11
2.51148e-11
-1.93866e-11
3.82061e-12
1.37774e-11
-2.39634e-11
2.31091e-11
-1.62031e-11
1.12559e-11
-1.21572e-11
1.61663e-11
-1.85173e-11
1.72047e-11
-1.3654e-11
8.89546e-12
-1.95899e-12
-8.01468e-12
1.81525e-11
-2.29645e-11
1.88237e-11
-7.76019e-12
-4.72538e-12
1.45631e-11
-2.23398e-11
3.07566e-11
-4.04927e-11
4.83209e-11
-5.02095e-11
4.47569e-11
-3.43072e-11
2.24105e-11
-1.17901e-11
3.50711e-12
2.10814e-12
-5.42375e-12
7.23145e-12
-8.63284e-12
9.65198e-12
-8.83794e-12
3.62467e-12
7.61317e-12
-2.43908e-11
4.34268e-11
-5.95611e-11
6.69266e-11
-6.18686e-11
4.5548e-11
-2.49445e-11
9.0907e-12
-3.52444e-12
6.47951e-12
-1.12733e-11
1.17164e-11
-6.54797e-12
-1.46263e-12
8.49494e-12
-1.18238e-11
8.84957e-12
2.6796e-12
-2.22003e-11
4.30859e-11
-5.49188e-11
5.04759e-11
-3.24058e-11
1.16751e-11
4.45375e-13
-5.15881e-13
-6.84301e-12
1.45158e-11
-1.86729e-11
1.87153e-11
-1.47575e-11
6.58637e-12
3.6674e-12
-1.07281e-11
9.3295e-12
1.81037e-13
-1.10335e-11
1.48342e-11
-8.644e-12
-3.30412e-12
1.34734e-11
-1.71517e-11
1.42877e-11
-7.65913e-12
-3.24546e-13
8.06628e-12
-1.4346e-11
1.78043e-11
-1.79352e-11
1.50494e-11
-9.89968e-12
2.68623e-12
6.3985e-12
-1.67645e-11
2.6913e-11
-3.52378e-11
4.0201e-11
-4.08115e-11
3.6722e-11
-2.94426e-11
2.21526e-11
-1.79026e-11
1.61256e-11
-1.24218e-11
2.28734e-12
1.32455e-11
-2.69898e-11
3.041e-11
-2.04444e-11
9.92071e-13
2.06994e-11
-3.92187e-11
5.17698e-11
-5.65396e-11
5.19542e-11
-3.97469e-11
2.65402e-11
-2.06734e-11
2.48275e-11
-3.29175e-11
3.44586e-11
-2.37744e-11
4.46022e-12
1.36638e-11
-2.23692e-11
1.93274e-11
-7.45971e-12
-8.72421e-12
2.44945e-11
-3.51652e-11
3.67493e-11
-2.89249e-11
1.61706e-11
-5.75003e-12
2.71814e-12
-7.16876e-12
1.47053e-11
-2.01219e-11
2.02685e-11
-1.56296e-11
9.28349e-12
-5.13983e-12
5.08614e-12
-7.72504e-12
9.02262e-12
-5.96535e-12
-8.96005e-13
7.88326e-12
-1.23227e-11
1.48753e-11
-1.82379e-11
2.29971e-11
-2.66493e-11
2.60456e-11
-2.09058e-11
1.3132e-11
-3.98609e-12
-7.46703e-12
2.10692e-11
-3.23002e-11
3.33704e-11
-2.01552e-11
-2.86808e-12
2.46685e-11
-3.63037e-11
3.69093e-11
-3.27747e-11
3.06889e-11
-3.34138e-11
3.93729e-11
-4.55384e-11
4.86189e-11
-4.53857e-11
3.32215e-11
-1.29981e-11
-9.53134e-12
2.549e-11
-2.82698e-11
1.7281e-11
1.70987e-12
-2.02881e-11
3.12719e-11
-3.20852e-11
2.54437e-11
-1.78939e-11
1.52605e-11
-1.88405e-11
2.45747e-11
-2.72033e-11
2.46727e-11
-1.95019e-11
1.51362e-11
-1.25977e-11
1.03524e-11
-7.82982e-12
6.60719e-12
-8.20805e-12
1.07325e-11
-1.02441e-11
4.97917e-12
2.00192e-12
-6.38178e-12
7.61392e-12
-1.01725e-11
1.8123e-11
-2.97077e-11
3.71824e-11
-3.33854e-11
1.75979e-11
3.73895e-12
-2.21187e-11
3.1543e-11
-3.04297e-11
2.05087e-11
-6.0735e-12
-7.55145e-12
1.59221e-11
-1.82149e-11
1.74327e-11
-1.85704e-11
2.51104e-11
-3.72638e-11
5.14265e-11
-6.16171e-11
6.14304e-11
-4.78166e-11
2.40069e-11
3.77783e-13
-1.49782e-11
1.5516e-11
-6.61432e-12
-3.30682e-12
9.0629e-12
-1.16436e-11
1.41396e-11
-1.72784e-11
1.88634e-11
-1.76729e-11
1.5314e-11
-1.44416e-11
1.50611e-11
-1.4846e-11
1.23991e-11
-1.00077e-11
1.11205e-11
-1.61934e-11
2.11108e-11
-2.1151e-11
1.5277e-11
-7.30149e-12
2.31577e-12
-2.98435e-12
7.42532e-12
-1.04654e-11
6.19447e-12
8.04622e-12
-2.92694e-11
4.90626e-11
-5.83633e-11
5.28405e-11
-3.56274e-11
1.41986e-11
4.40912e-12
-1.65547e-11
2.07799e-11
-1.69775e-11
7.18592e-12
3.01477e-12
-7.51717e-12
4.84598e-12
-8.13213e-13
3.66113e-12
-1.66362e-11
3.44121e-11
-4.78721e-11
5.1355e-11
-4.63111e-11
3.78924e-11
-3.00983e-11
2.34981e-11
-1.73283e-11
1.13449e-11
-6.39926e-12
3.40066e-12
-3.35741e-12
6.81197e-12
-1.31204e-11
1.93459e-11
-2.16516e-11
1.74536e-11
-7.23854e-12
-6.34888e-12
1.95291e-11
-2.82253e-11
2.82137e-11
-1.76096e-11
-3.3694e-13
1.6775e-11
-2.2847e-11
1.66454e-11
-5.60643e-12
5.18689e-14
-4.56653e-12
1.44861e-11
-2.10967e-11
1.84888e-11
-6.62847e-12
-1.11578e-11
3.07287e-11
-4.81036e-11
5.89699e-11
-6.02886e-11
5.22016e-11
-3.87686e-11
2.51878e-11
-1.49288e-11
8.3714e-12
-4.44398e-12
1.99437e-12
-8.02075e-13
1.37061e-12
-4.99925e-12
1.20979e-11
-2.03468e-11
2.42539e-11
-1.9379e-11
7.13927e-12
4.38326e-12
-6.81138e-12
-1.51511e-12
1.38993e-11
-2.15538e-11
2.04802e-11
-1.35803e-11
6.3991e-12
-2.97236e-12
4.56439e-12
-1.12241e-11
2.14253e-11
-3.09543e-11
3.31437e-11
-2.31726e-11
1.91983e-12
2.36198e-11
-4.47496e-11
5.5415e-11
-5.46889e-11
4.59363e-11
-3.49186e-11
2.63155e-11
-2.12026e-11
1.65307e-11
-8.91197e-12
-1.1963e-12
8.42177e-12
-7.4393e-12
-1.5732e-12
1.20285e-11
-1.69467e-11
1.47965e-11
-1.01036e-11
8.02679e-12
-1.02975e-11
1.52819e-11
-2.10888e-11
2.61664e-11
-2.84424e-11
2.51125e-11
-1.56726e-11
3.97825e-12
2.87232e-12
4.32631e-13
-1.3683e-11
3.0608e-11
-4.24885e-11
4.22309e-11
-2.80829e-11
4.56052e-12
1.91856e-11
-3.48087e-11
3.98205e-11
-3.87654e-11
3.77709e-11
-3.85239e-11
3.70753e-11
-2.948e-11
1.67403e-11
-4.47584e-12
-2.57473e-12
3.81045e-12
-1.82372e-12
-1.20873e-12
4.35797e-12
-6.99385e-12
7.84748e-12
-6.84626e-12
6.2693e-12
-9.72211e-12
1.83713e-11
-2.92551e-11
3.65649e-11
-3.56098e-11
2.53566e-11
-9.65273e-12
-4.00681e-12
7.33581e-12
3.24491e-12
-2.30441e-11
4.07395e-11
-4.64112e-11
3.82772e-11
-2.27933e-11
7.55215e-12
4.52798e-12
-1.53595e-11
2.66784e-11
-3.71671e-11
4.34863e-11
-4.38343e-11
3.87619e-11
-3.01052e-11
1.95237e-11
-9.26925e-12
2.16184e-12
-3.42491e-13
2.99279e-12
-6.90603e-12
8.62017e-12
-6.81149e-12
2.31261e-12
1.9877e-12
-2.01854e-12
-5.77304e-12
2.04344e-11
-3.49287e-11
3.95257e-11
-2.98116e-11
1.10813e-11
4.8206e-12
-8.73468e-12
1.06957e-13
1.42329e-11
-2.68801e-11
3.42489e-11
-3.65879e-11
3.48982e-11
-2.97331e-11
2.11255e-11
-9.23496e-12
-5.84615e-12
2.28739e-11
-3.86299e-11
4.84212e-11
-4.93948e-11
4.2422e-11
-3.13646e-11
2.00267e-11
-1.12858e-11
7.36586e-12
-9.74368e-12
1.65534e-11
-2.1992e-11
1.96449e-11
-8.80303e-12
-3.73887e-12
8.41904e-12
-1.27338e-12
-1.29248e-11
2.4504e-11
-2.65602e-11
1.87085e-11
-6.12893e-12
-4.62092e-12
8.73879e-12
-5.48846e-12
-2.07487e-12
9.38617e-12
-1.4567e-11
1.94883e-11
-2.68769e-11
3.54526e-11
-3.97712e-11
3.44382e-11
-1.90298e-11
-2.19469e-12
2.35552e-11
-4.08916e-11
5.10071e-11
-5.14313e-11
4.18432e-11
-2.6747e-11
1.41466e-11
-1.0758e-11
1.68515e-11
-2.66447e-11
3.27235e-11
-3.12752e-11
2.34142e-11
-1.40222e-11
8.4898e-12
-9.58426e-12
1.46677e-11
-1.71893e-11
1.18012e-11
5.38374e-14
-1.11625e-11
1.49805e-11
-1.18998e-11
7.86532e-12
-8.10629e-12
1.18791e-11
-1.39821e-11
9.48301e-12
2.30468e-12
-1.80771e-11
3.21642e-11
-3.88577e-11
3.41332e-11
-1.81523e-11
-4.24006e-12
2.53902e-11
-3.91477e-11
4.30773e-11
-3.83768e-11
2.81544e-11
-1.7176e-11
1.06772e-11
-1.18172e-11
1.85282e-11
-2.51401e-11
2.75471e-11
-2.74508e-11
2.95971e-11
-3.57538e-11
4.13486e-11
-3.93951e-11
2.65511e-11
-6.41088e-12
-1.31976e-11
2.49139e-11
-2.62132e-11
2.03537e-11
-1.46928e-11
1.56482e-11
-2.4038e-11
3.35901e-11
-3.58814e-11
2.71162e-11
-1.15015e-11
-2.90229e-12
1.03927e-11
-1.0641e-11
5.93558e-12
1.61346e-12
-1.04979e-11
1.82079e-11
-2.21794e-11
2.16274e-11
-1.82489e-11
1.37621e-11
-8.51107e-12
2.10864e-12
4.26838e-12
-7.94333e-12
5.9577e-12
3.2007e-12
-1.91526e-11
3.83282e-11
-5.36956e-11
5.67529e-11
-4.34167e-11
1.82252e-11
7.20426e-12
-2.24728e-11
2.5384e-11
-2.22362e-11
2.0795e-11
-2.40867e-11
2.92565e-11
-3.1813e-11
2.94033e-11
-2.35915e-11
1.86062e-11
-1.9045e-11
2.59989e-11
-3.52739e-11
3.94849e-11
-3.44197e-11
2.27356e-11
-1.17323e-11
6.48189e-12
-6.41161e-12
7.10603e-12
-4.94395e-12
-1.37583e-12
1.12759e-11
-2.30709e-11
3.30926e-11
-3.66366e-11
3.05398e-11
-1.62341e-11
-9.45984e-13
1.46826e-11
-2.10865e-11
1.93652e-11
-1.15986e-11
1.45275e-12
7.16677e-12
-1.28027e-11
1.7101e-11
-2.25174e-11
2.77285e-11
-2.73249e-11
1.67873e-11
9.63375e-13
-1.59122e-11
1.77956e-11
-3.99971e-12
-1.92891e-11
4.13834e-11
-5.34533e-11
5.21546e-11
-4.08516e-11
2.68959e-11
-1.67342e-11
1.0956e-11
-5.03177e-12
-5.31902e-12
1.8608e-11
-2.88084e-11
3.10022e-11
-2.61907e-11
1.97355e-11
-1.69065e-11
1.93432e-11
-2.56064e-11
3.25926e-11
-3.70975e-11
3.66098e-11
-3.11787e-11
2.37474e-11
-1.85685e-11
1.76155e-11
-1.94822e-11
2.07037e-11
-1.84203e-11
1.08537e-11
2.25303e-12
-1.87511e-11
3.29283e-11
-3.83944e-11
3.2929e-11
-2.11169e-11
1.01667e-11
-3.92512e-12
5.15542e-13
3.61239e-12
-9.25789e-12
1.31289e-11
-1.07744e-11
-2.52997e-13
1.76042e-11
-3.3985e-11
3.9823e-11
-2.98141e-11
7.81321e-12
1.42121e-11
-2.46301e-11
1.99524e-11
-6.06315e-12
-8.40375e-12
1.86021e-11
-2.5314e-11
3.12186e-11
-3.73383e-11
4.15425e-11
-4.01788e-11
3.02552e-11
-1.24609e-11
-7.80476e-12
2.22888e-11
-2.55845e-11
1.90699e-11
-9.90298e-12
4.90166e-12
-6.41833e-12
1.26294e-11
-2.09992e-11
2.93471e-11
-3.5592e-11
3.78595e-11
-3.66204e-11
3.45857e-11
-3.42649e-11
3.50008e-11
-3.39908e-11
2.89042e-11
-1.97996e-11
8.18077e-12
3.57785e-12
-1.28769e-11
1.77709e-11
-1.93476e-11
2.14233e-11
-2.70903e-11
3.42416e-11
-3.66003e-11
2.93492e-11
-1.4808e-11
1.35059e-12
2.45965e-12
5.84536e-12
-2.15863e-11
3.58043e-11
-4.06288e-11
3.33066e-11
-1.80178e-11
2.71116e-12
6.63958e-12
-1.07723e-11
1.49591e-11
-2.24673e-11
2.95379e-11
-2.84987e-11
1.50319e-11
6.85525e-12
-2.74352e-11
3.71724e-11
-3.20165e-11
1.4686e-11
6.46103e-12
-2.18882e-11
2.61266e-11
-2.11502e-11
1.33089e-11
-7.37971e-12
3.01122e-12
2.15188e-12
-8.09158e-12
1.12812e-11
-8.22466e-12
-1.96553e-12
1.71608e-11
-3.36156e-11
4.63181e-11
-5.05802e-11
4.44122e-11
-3.07015e-11
1.53178e-11
-3.50787e-12
-2.87776e-12
4.49442e-12
-3.28579e-12
1.67985e-12
-2.52318e-12
7.04939e-12
-1.35496e-11
1.83074e-11
-1.96978e-11
2.00657e-11
-2.36989e-11
3.19396e-11
-4.16194e-11
4.73287e-11
-4.58282e-11
3.77651e-11
-2.72488e-11
1.92278e-11
-1.67426e-11
1.78971e-11
-1.64316e-11
6.28643e-12
1.18723e-11
-2.98898e-11
3.81198e-11
-3.37278e-11
2.23334e-11
-1.30657e-11
1.15383e-11
-1.74349e-11
2.5833e-11
-3.11493e-11
3.06675e-11
-2.70607e-11
2.61059e-11
-3.0976e-11
3.7247e-11
-3.57372e-11
2.05914e-11
4.37998e-12
-2.83257e-11
4.09222e-11
-3.87856e-11
2.57167e-11
-9.69109e-12
-1.80894e-12
5.24356e-12
-2.73148e-12
-9.21495e-13
3.06578e-12
-6.05662e-12
1.3694e-11
-2.585e-11
3.6474e-11
-3.8178e-11
2.7675e-11
-8.13829e-12
-1.3315e-11
2.88963e-11
-3.34089e-11
2.59708e-11
-1.07735e-11
-5.52116e-12
1.75438e-11
-2.39684e-11
2.58865e-11
-2.41658e-11
1.82949e-11
-8.49345e-12
-3.15867e-12
1.33349e-11
-1.95032e-11
1.99618e-11
-1.38318e-11
1.75986e-12
1.21461e-11
-2.14551e-11
2.10011e-11
-1.06336e-11
-5.45108e-12
2.15151e-11
-3.3145e-11
3.78975e-11
-3.62115e-11
3.11762e-11
-2.67035e-11
2.36669e-11
-1.93696e-11
1.10417e-11
-5.41609e-13
-6.52547e-12
5.73197e-12
1.70964e-12
-1.00949e-11
1.29301e-11
-6.77801e-12
-7.27318e-12
2.33424e-11
-3.39876e-11
3.53384e-11
-3.09624e-11
2.85961e-11
-3.28911e-11
4.06084e-11
-4.41753e-11
3.85704e-11
-2.55647e-11
1.15003e-11
-2.86842e-12
2.02709e-12
-5.88806e-12
7.29844e-12
-5.55325e-13
-1.34281e-11
2.66324e-11
-3.09331e-11
2.54225e-11
-1.76304e-11
1.65839e-11
-2.56155e-11
4.00959e-11
-5.16313e-11
5.34523e-11
-4.46503e-11
3.02879e-11
-1.81346e-11
1.24627e-11
-1.07561e-11
6.08309e-12
5.41225e-12
-2.0164e-11
2.96486e-11
-2.8181e-11
1.75933e-11
-6.07563e-12
2.16284e-12
-9.77766e-12
2.58945e-11
-4.26282e-11
5.17514e-11
-5.03069e-11
4.19242e-11
-3.30936e-11
2.66465e-11
-1.99568e-11
8.69602e-12
7.22933e-12
-2.26902e-11
3.07769e-11
-2.78891e-11
1.57049e-11
-8.1716e-13
-8.49375e-12
6.39919e-12
6.37556e-12
-2.32035e-11
3.63411e-11
-4.25997e-11
4.35008e-11
-4.15696e-11
3.6764e-11
-2.75721e-11
1.3459e-11
3.51203e-12
-1.94871e-11
2.9476e-11
-2.93329e-11
1.83935e-11
-1.79587e-12
-1.2033e-11
1.65826e-11
-1.1208e-11
-5.71533e-13
1.44403e-11
-2.72872e-11
3.64395e-11
-4.00434e-11
3.76877e-11
-3.04183e-11
1.88756e-11
-3.58267e-12
-1.31559e-11
2.59453e-11
-2.94708e-11
2.22783e-11
-7.92605e-12
-7.95788e-12
1.99336e-11
-2.39901e-11
1.82512e-11
-4.90012e-12
-1.05384e-11
2.24932e-11
-2.90239e-11
3.08815e-11
-2.86834e-11
2.15288e-11
-9.36232e-12
-5.56474e-12
1.91563e-11
-2.74549e-11
2.7129e-11
-1.68318e-11
-9.5479e-13
1.89819e-11
-2.9193e-11
2.79306e-11
-1.80645e-11
5.24318e-12
6.16447e-12
-1.45581e-11
1.95137e-11
-2.11131e-11
1.92974e-11
-1.35699e-11
2.83295e-12
1.19772e-11
-2.58512e-11
3.11271e-11
-2.35055e-11
5.82306e-12
1.35529e-11
-2.67735e-11
3.02864e-11
-2.53877e-11
1.60431e-11
-6.85677e-12
2.43059e-13
4.57738e-12
-9.92555e-12
1.52827e-11
-1.62769e-11
8.38495e-12
7.30764e-12
-2.36473e-11
3.19097e-11
-2.77239e-11
1.28525e-11
6.0561e-12
-2.12156e-11
2.74532e-11
-2.54082e-11
2.01844e-11
-1.65843e-11
1.43577e-11
-9.65538e-12
2.74467e-13
1.03496e-11
-1.55728e-11
1.06103e-11
3.51534e-12
-2.05095e-11
3.16518e-11
-3.07386e-11
1.78748e-11
-1.43105e-13
-1.36732e-11
1.94502e-11
-2.00868e-11
2.07427e-11
-2.32462e-11
2.44368e-11
-2.01371e-11
9.2482e-12
4.30599e-12
-1.35335e-11
1.20703e-11
8.33906e-13
-1.86366e-11
3.08366e-11
-3.07454e-11
1.99366e-11
-6.10653e-12
-4.12875e-12
9.46595e-12
-1.31472e-11
1.84126e-11
-2.54361e-11
3.04125e-11
-2.82316e-11
1.66146e-11
2.85244e-14
-1.22991e-11
1.21937e-11
1.08186e-13
-1.65755e-11
2.74662e-11
-2.83146e-11
2.12029e-11
-1.18385e-11
5.00963e-12
-1.85974e-12
6.96915e-13
-6.14146e-14
8.67719e-14
2.45485e-14
4.10533e-15
0
