0
2.52658e-16
3.6145e-15
2.29753e-14
5.8357e-14
1.59774e-13
-5.41748e-13
2.41426e-12
-5.83531e-12
8.69685e-12
-7.37369e-12
6.91922e-15
1.23535e-11
-2.61624e-11
3.63893e-11
-3.9404e-11
3.4895e-11
-2.66376e-11
2.04038e-11
-2.09866e-11
2.88813e-11
-3.99521e-11
4.76142e-11
-4.71803e-11
3.81712e-11
-2.41326e-11
9.7125e-12
1.34053e-12
-7.18669e-12
7.28536e-12
-2.58343e-12
-4.59703e-12
1.04881e-11
-1.13749e-11
5.03426e-12
7.54279e-12
-2.2295e-11
3.33828e-11
-3.65255e-11
3.15012e-11
-2.2901e-11
1.71084e-11
-1.85071e-11
2.66921e-11
-3.75403e-11
4.57926e-11
-4.80058e-11
4.32224e-11
-3.2903e-11
1.9775e-11
-7.29953e-12
-1.49049e-12
4.50515e-12
-1.59747e-12
-5.32605e-12
1.21572e-11
-1.419e-11
8.23807e-12
4.77278e-12
-1.99535e-11
3.08109e-11
-3.34123e-11
2.83213e-11
-2.01111e-11
1.41634e-11
-1.41416e-11
2.03427e-11
-3.03309e-11
4.00302e-11
-4.58004e-11
4.54961e-11
-3.92177e-11
2.8598e-11
-1.64992e-11
6.20413e-12
-9.48636e-13
2.15848e-12
-8.33607e-12
1.48349e-11
-1.64163e-11
1.00787e-11
2.81363e-12
-1.75715e-11
2.84794e-11
-3.19211e-11
2.76961e-11
-1.92039e-11
1.13885e-11
-8.52027e-12
1.19423e-11
-2.01447e-11
2.98013e-11
-3.7757e-11
4.16112e-11
-4.02261e-11
3.36602e-11
-2.3902e-11
1.43564e-11
-8.73691e-12
8.74122e-12
-1.31647e-11
1.80754e-11
-1.90101e-11
1.29614e-11
-3.76261e-13
-1.49451e-11
2.72307e-11
-3.20411e-11
2.84639e-11
-1.96753e-11
1.04917e-11
-4.9178e-12
4.40309e-12
-8.47053e-12
1.53995e-11
-2.31895e-11
2.95498e-11
-3.26669e-11
3.15754e-11
-2.69665e-11
2.08297e-11
-1.60978e-11
1.50632e-11
-1.81082e-11
2.24693e-11
-2.35165e-11
1.73465e-11
-4.03427e-12
-1.21894e-11
2.51965e-11
-3.08855e-11
2.87891e-11
-2.16544e-11
1.29824e-11
-5.5759e-12
6.68846e-13
1.36818e-12
-6.4422e-13
-2.91812e-12
8.88942e-12
-1.58787e-11
2.12056e-11
-2.2723e-11
2.0575e-11
-1.79141e-11
1.82539e-11
-2.24512e-11
2.71931e-11
-2.75486e-11
2.04346e-11
-7.10021e-12
-8.06972e-12
2.00716e-11
-2.61898e-11
2.65399e-11
-2.32913e-11
1.82757e-11
-1.19019e-11
3.43195e-12
6.59919e-12
-1.53649e-11
1.88067e-11
-1.51787e-11
6.64796e-12
1.98999e-12
-7.39993e-12
9.79495e-12
-1.21836e-11
1.68149e-11
-2.30966e-11
2.75792e-11
-2.67356e-11
1.93368e-11
-7.77809e-12
-3.69008e-12
1.16625e-11
-1.6079e-11
1.91862e-11
-2.26565e-11
2.473e-11
-2.14815e-11
1.03724e-11
6.37339e-12
-2.28704e-11
3.31936e-11
-3.52465e-11
3.08758e-11
-2.37796e-11
1.63723e-11
-8.99456e-12
6.60837e-13
8.55515e-12
-1.66047e-11
2.01038e-11
-1.73344e-11
1.00037e-11
-2.67188e-12
-1.14271e-12
1.75781e-12
-3.1439e-12
8.72973e-12
-1.79795e-11
2.58785e-11
-2.66469e-11
1.74691e-11
-4.51498e-13
-1.91534e-11
3.56783e-11
-4.58394e-11
4.90474e-11
-4.65801e-11
3.96582e-11
-2.92139e-11
1.65109e-11
-4.54078e-12
-2.89283e-12
3.35741e-12
1.61716e-12
-7.28732e-12
8.71688e-12
-4.70782e-12
-1.61843e-12
4.97943e-12
-2.00205e-12
-6.77085e-12
1.69254e-11
-2.2879e-11
2.04353e-11
-8.99181e-12
-8.66952e-12
2.76479e-11
-4.34173e-11
5.29387e-11
-5.51337e-11
5.01935e-11
-3.9902e-11
2.75572e-11
-1.76536e-11
1.36235e-11
-1.60511e-11
2.18828e-11
-2.64253e-11
2.56864e-11
-1.86531e-11
7.45381e-12
3.28275e-12
-8.82028e-12
6.61188e-12
1.5938e-12
-1.05995e-11
1.4402e-11
-9.92389e-12
-1.85214e-12
1.67835e-11
-3.03269e-11
3.91033e-11
-4.19104e-11
3.93305e-11
-3.35398e-11
2.71505e-11
-2.26395e-11
2.15629e-11
-2.46964e-11
3.12487e-11
-3.84738e-11
4.17026e-11
-3.70094e-11
2.40518e-11
-7.47153e-12
-5.96991e-12
1.15467e-11
-9.68172e-12
4.71879e-12
-1.74456e-12
3.06773e-12
-7.6338e-12
1.22078e-11
-1.4237e-11
1.33705e-11
-1.16036e-11
1.09533e-11
-1.17484e-11
1.23751e-11
-1.18346e-11
1.14629e-11
-1.45165e-11
2.26306e-11
-3.35294e-11
4.15681e-11
-4.18876e-11
3.36053e-11
-2.03857e-11
7.23539e-12
2.61419e-12
-9.35601e-12
1.48906e-11
-2.04448e-11
2.45474e-11
-2.40854e-11
1.67631e-11
-3.99688e-12
-9.40949e-12
1.79728e-11
-1.95593e-11
1.62867e-11
-1.2481e-11
1.06331e-11
-9.96586e-12
7.63426e-12
-1.9726e-12
-6.27593e-12
1.45014e-11
-2.04453e-11
2.29777e-11
-2.21292e-11
1.79227e-11
-1.02484e-11
-1.0729e-12
1.49904e-11
-2.86287e-11
3.71819e-11
-3.61898e-11
2.41283e-11
-4.38058e-12
-1.63725e-11
3.14435e-11
-3.77425e-11
3.6286e-11
-3.0956e-11
2.58876e-11
-2.39918e-11
2.56178e-11
-2.87222e-11
2.97042e-11
-2.59499e-11
1.73943e-11
-6.81446e-12
-2.28262e-12
7.20876e-12
-6.95734e-12
1.49271e-12
8.05367e-12
-1.92434e-11
2.79802e-11
-3.00489e-11
2.28698e-11
-7.4354e-12
-1.18376e-11
2.8365e-11
-3.66174e-11
3.48766e-11
-2.68598e-11
1.94836e-11
-1.87271e-11
2.54388e-11
-3.54296e-11
4.27453e-11
-4.42374e-11
4.06965e-11
-3.51575e-11
2.95932e-11
-2.40824e-11
1.77577e-11
-1.09834e-11
5.46588e-12
-3.14693e-12
3.97699e-12
-5.58468e-12
4.37507e-12
1.49221e-12
-1.04559e-11
1.78053e-11
-1.91629e-11
1.37093e-11
-5.37029e-12
-3.1569e-13
9.52846e-14
4.78655e-12
-1.08197e-11
1.55134e-11
-1.94702e-11
2.46535e-11
-3.19157e-11
3.9258e-11
-4.30746e-11
4.00696e-11
-2.94976e-11
1.35188e-11
3.33485e-12
-1.65131e-11
2.3292e-11
-2.39215e-11
2.02879e-11
-1.44464e-11
7.45004e-12
-1.37193e-13
-6.54475e-12
1.15296e-11
-1.4794e-11
1.71915e-11
-1.98374e-11
2.27382e-11
-2.48853e-11
2.44708e-11
-1.98613e-11
1.00039e-11
4.18703e-12
-1.91728e-11
2.89819e-11
-2.82417e-11
1.54581e-11
4.95011e-12
-2.48192e-11
3.63189e-11
-3.62104e-11
2.6569e-11
-1.30025e-11
8.7272e-13
7.01884e-12
-1.12363e-11
1.39044e-11
-1.68956e-11
2.04292e-11
-2.40536e-11
2.77794e-11
-3.27181e-11
3.92102e-11
-4.52777e-11
4.66966e-11
-4.04887e-11
2.79449e-11
-1.49915e-11
8.04941e-12
-9.7262e-12
1.69173e-11
-2.35863e-11
2.46602e-11
-1.91319e-11
9.6482e-12
-5.15295e-13
-5.37275e-12
7.72486e-12
-8.53487e-12
9.58148e-12
-1.09121e-11
1.08111e-11
-8.2613e-12
4.4393e-12
-2.56276e-12
5.26047e-12
-1.29475e-11
2.35376e-11
-3.4209e-11
4.23709e-11
-4.63409e-11
4.50377e-11
-3.85463e-11
2.80304e-11
-1.56565e-11
3.43617e-12
6.96511e-12
-1.43742e-11
1.7619e-11
-1.63799e-11
1.17656e-11
-6.59436e-12
3.4815e-12
-3.01157e-12
2.67235e-12
1.24371e-12
-1.10042e-11
2.48991e-11
-3.76265e-11
4.25044e-11
-3.55362e-11
1.79853e-11
3.32943e-12
-1.97949e-11
2.55786e-11
-2.07751e-11
9.81197e-12
2.17314e-12
-1.25615e-11
2.06509e-11
-2.58449e-11
2.64384e-11
-2.14082e-11
1.20992e-11
-2.52543e-12
-3.34703e-12
4.09809e-12
-2.12514e-12
1.78586e-12
-6.77206e-12
1.73328e-11
-3.01495e-11
4.00297e-11
-4.3497e-11
4.07467e-11
-3.54629e-11
3.16326e-11
-3.09859e-11
3.2078e-11
-3.23798e-11
3.02177e-11
-2.59201e-11
2.07278e-11
-1.59122e-11
1.18587e-11
-8.3489e-12
4.41377e-12
8.77717e-13
-7.69137e-12
1.41198e-11
-1.68788e-11
1.3196e-11
-3.58686e-12
-8.05135e-12
1.6392e-11
-1.80442e-11
1.26178e-11
-2.13227e-12
-1.09968e-11
2.44801e-11
-3.62118e-11
4.3577e-11
-4.41325e-11
3.64823e-11
-2.19677e-11
4.86843e-12
8.65302e-12
-1.40851e-11
1.14413e-11
-5.93744e-12
4.14595e-12
-9.19142e-12
1.78884e-11
-2.3312e-11
1.96927e-11
-6.63109e-12
-1.13893e-11
2.80606e-11
-3.90199e-11
4.28233e-11
-4.05163e-11
3.40446e-11
-2.57675e-11
1.77766e-11
-1.19075e-11
9.18131e-12
-1.00439e-11
1.40079e-11
-1.97868e-11
2.49937e-11
-2.71922e-11
2.49065e-11
-1.88123e-11
1.10048e-11
-3.9543e-12
-9.32428e-13
3.23996e-12
-3.54279e-12
2.72186e-12
-1.8357e-12
1.25082e-12
-8.42379e-13
5.71917e-13
-2.00606e-12
7.79231e-12
-1.96184e-11
3.52149e-11
-4.8634e-11
5.34921e-11
-4.78462e-11
3.55379e-11
-2.37099e-11
1.75057e-11
-1.71313e-11
1.82189e-11
-1.57067e-11
7.10199e-12
5.88626e-12
-1.88941e-11
2.71293e-11
-2.79013e-11
2.11183e-11
-8.89432e-12
-6.10826e-12
2.11549e-11
-3.35887e-11
4.02964e-11
-3.89098e-11
2.93209e-11
-1.50247e-11
1.54563e-12
6.20353e-12
-6.59812e-12
1.13293e-12
6.84255e-12
-1.41158e-11
1.82725e-11
-1.86026e-11
1.61518e-11
-1.35011e-11
1.26705e-11
-1.35715e-11
1.36769e-11
-1.0619e-11
4.51771e-12
1.35304e-12
-3.44728e-12
9.63043e-13
2.74057e-12
-2.62956e-12
-4.58535e-12
1.77175e-11
-3.19969e-11
4.1785e-11
-4.42593e-11
4.06558e-11
-3.53788e-11
3.25622e-11
-3.352e-11
3.59228e-11
-3.62172e-11
3.20919e-11
-2.38303e-11
1.2825e-11
-3.70898e-13
-1.25853e-11
2.38293e-11
-2.9794e-11
2.69884e-11
-1.49094e-11
-3.2097e-12
2.14925e-11
-3.43614e-11
3.82903e-11
-3.2963e-11
2.09177e-11
-7.085e-12
-3.30464e-12
6.89872e-12
-4.27183e-12
-9.69174e-13
4.68386e-12
-5.45509e-12
4.97925e-12
-6.34803e-12
1.07983e-11
-1.6651e-11
2.02121e-11
-1.88268e-11
1.27647e-11
-5.6148e-12
1.7647e-12
-3.53137e-12
8.90958e-12
-1.29035e-11
1.07903e-11
-1.85712e-12
-1.05082e-11
2.13978e-11
-2.81728e-11
3.12222e-11
-3.26081e-11
3.36263e-11
-3.4645e-11
3.57296e-11
-3.74972e-11
4.00355e-11
-4.21421e-11
4.11496e-11
-3.47427e-11
2.22457e-11
-5.4549e-12
-1.22182e-11
2.63396e-11
-3.27738e-11
2.87856e-11
-1.50256e-11
-4.06141e-12
2.14306e-11
-3.11616e-11
3.12746e-11
-2.46216e-11
1.62795e-11
-1.04942e-11
8.22016e-12
-7.6551e-12
6.0858e-12
-2.7528e-12
-3.69508e-13
-3.0701e-13
6.51306e-12
-1.61088e-11
2.363e-11
-2.43981e-11
1.78855e-11
-8.3993e-12
1.56217e-12
-6.95301e-13
4.981e-12
-1.12203e-11
1.59699e-11
-1.72353e-11
1.41989e-11
-7.29084e-12
-2.05391e-12
1.12907e-11
-1.81971e-11
2.19851e-11
-2.39459e-11
2.59273e-11
-2.91122e-11
3.33259e-11
-3.80837e-11
4.2758e-11
-4.63308e-11
4.63895e-11
-4.00884e-11
2.59348e-11
-6.03312e-12
-1.4267e-11
2.8386e-11
-3.20745e-11
2.53018e-11
-1.23987e-11
-7.66945e-13
9.87721e-12
-1.45526e-11
1.72798e-11
-2.07043e-11
2.45822e-11
-2.61195e-11
2.25381e-11
-1.45373e-11
6.42528e-12
-3.60598e-12
8.53153e-12
-1.93787e-11
3.11058e-11
-3.85583e-11
3.83528e-11
-3.01674e-11
1.66002e-11
-2.83274e-12
-5.67935e-12
5.83094e-12
9.12104e-13
-9.80775e-12
1.59134e-11
-1.74252e-11
1.55985e-11
-1.27737e-11
9.77068e-12
-5.98177e-12
6.07212e-13
5.71658e-12
-1.15655e-11
1.59035e-11
-1.93853e-11
2.34954e-11
-2.92436e-11
3.55532e-11
-3.96631e-11
3.83297e-11
-3.01779e-11
1.66478e-11
-1.80023e-12
-1.01859e-11
1.7122e-11
-1.98641e-11
2.04417e-11
-2.00006e-11
1.756e-11
-1.15886e-11
1.73741e-12
9.95454e-12
-2.01809e-11
2.56546e-11
-2.48226e-11
1.84997e-11
-1.05407e-11
6.61422e-12
-1.17756e-11
2.66157e-11
-4.59071e-11
6.06084e-11
-6.35247e-11
5.35085e-11
-3.59196e-11
1.81885e-11
-5.35726e-12
-1.96527e-12
5.49485e-12
-6.8121e-12
5.91181e-12
-2.33082e-12
-3.89049e-12
1.14268e-11
-1.83406e-11
2.24278e-11
-2.22499e-11
1.75391e-11
-9.85459e-12
1.76409e-12
4.10709e-12
-6.60987e-12
6.10702e-12
-4.14134e-12
2.1033e-12
-8.69029e-13
4.00639e-13
-3.29612e-13
-2.00237e-14
1.04977e-12
-3.0844e-12
6.17352e-12
-1.05484e-11
1.60176e-11
-2.14915e-11
2.42966e-11
-2.1679e-11
1.29903e-11
-1.63488e-12
-6.66709e-12
7.65348e-12
-2.33178e-12
-3.62227e-12
3.58741e-12
5.23443e-12
-2.06761e-11
3.73482e-11
-5.0231e-11
5.64035e-11
-5.55669e-11
4.90344e-11
-3.92212e-11
2.83466e-11
-1.76166e-11
6.50028e-12
5.72969e-12
-1.80783e-11
2.65557e-11
-2.64921e-11
1.60794e-11
9.2542e-13
-1.69878e-11
2.49468e-11
-2.24593e-11
1.26757e-11
-2.17216e-12
-3.1237e-12
4.06628e-13
9.09687e-12
-2.17921e-11
3.35559e-11
-4.17341e-11
4.53084e-11
-4.46029e-11
4.01088e-11
-3.25064e-11
2.27298e-11
-1.26284e-11
4.29181e-12
5.61371e-13
-1.55226e-12
-8.06264e-13
5.34957e-12
-1.08533e-11
1.56997e-11
-1.84807e-11
1.84632e-11
-1.63555e-11
1.33112e-11
-9.94955e-12
5.68227e-12
-2.36891e-13
-5.24586e-12
8.26745e-12
-7.55334e-12
4.64091e-12
-3.3513e-12
6.15963e-12
-1.17176e-11
1.51357e-11
-1.20246e-11
1.8141e-12
1.14537e-11
-2.21633e-11
2.62025e-11
-2.29759e-11
1.48036e-11
-5.94937e-12
6.67752e-13
-1.58369e-12
7.72258e-12
-1.47977e-11
1.72728e-11
-1.21997e-11
8.93727e-13
1.20465e-11
-2.26113e-11
2.98887e-11
-3.61469e-11
4.36422e-11
-5.20114e-11
5.74463e-11
-5.52598e-11
4.28915e-11
-2.23534e-11
-4.37214e-13
1.79975e-11
-2.51284e-11
2.10983e-11
-9.97922e-12
-2.08237e-12
9.80968e-12
-1.12014e-11
7.27798e-12
-1.06763e-12
-4.2424e-12
6.11235e-12
-3.60141e-12
-2.85962e-12
1.17724e-11
-2.19005e-11
3.25005e-11
-4.3072e-11
5.19068e-11
-5.61572e-11
5.30576e-11
-4.2553e-11
2.78395e-11
-1.3883e-11
4.08542e-12
9.06817e-13
-2.36298e-12
1.03745e-12
3.08712e-12
-9.70245e-12
1.65115e-11
-2.02539e-11
1.87726e-11
-1.30337e-11
6.18786e-12
-1.63137e-12
9.09431e-13
-3.85605e-12
9.02443e-12
-1.44798e-11
1.77034e-11
-1.67799e-11
1.16968e-11
-5.46837e-12
2.28162e-12
-4.55912e-12
1.04819e-11
-1.54799e-11
1.56688e-11
-1.12363e-11
5.90768e-12
-4.12995e-12
7.49118e-12
-1.40959e-11
1.99262e-11
-2.18402e-11
1.91018e-11
-1.38029e-11
9.13491e-12
-7.59109e-12
8.92044e-12
-1.01298e-11
6.81114e-12
3.60649e-12
-1.9775e-11
3.6122e-11
-4.58824e-11
4.45671e-11
-3.27442e-11
1.54533e-11
2.3342e-13
-9.17014e-12
1.03293e-11
-7.01681e-12
3.93064e-12
-4.119e-12
7.00472e-12
-9.87153e-12
1.0422e-11
-9.13704e-12
8.44991e-12
-1.05386e-11
1.47746e-11
-1.79661e-11
1.60098e-11
-6.50318e-12
-1.03603e-11
3.14693e-11
-5.17894e-11
6.53939e-11
-6.79882e-11
5.89491e-11
-4.23532e-11
2.4598e-11
-1.10247e-11
3.13562e-12
4.84871e-13
-1.8266e-12
1.30117e-12
1.30155e-12
-5.21163e-12
7.77234e-12
-6.46142e-12
8.76406e-13
6.48614e-12
-1.23121e-11
1.42345e-11
-1.16203e-11
4.35729e-12
7.3429e-12
-2.25128e-11
3.82658e-11
-5.07467e-11
5.68142e-11
-5.58708e-11
4.92191e-11
-3.88814e-11
2.64607e-11
-1.40143e-11
4.42023e-12
-8.16668e-13
4.01966e-12
-1.13584e-11
1.76162e-11
-1.87158e-11
1.41111e-11
-6.92469e-12
1.0495e-12
1.1427e-12
1.14677e-13
-3.26835e-12
6.56791e-12
-9.28179e-12
1.15898e-11
-1.45807e-11
1.91734e-11
-2.53672e-11
3.12158e-11
-3.36689e-11
3.02091e-11
-2.13312e-11
1.07413e-11
-3.69525e-12
3.43135e-12
-9.29877e-12
1.69112e-11
-2.12261e-11
1.94515e-11
-1.30063e-11
6.28749e-12
-4.05485e-12
8.01624e-12
-1.58889e-11
2.25598e-11
-2.36352e-11
1.79473e-11
-8.40224e-12
-3.12134e-13
4.41862e-12
-3.37671e-12
-5.04325e-13
3.55334e-12
-3.33471e-12
-1.25888e-13
4.00143e-12
-4.62248e-12
-1.9753e-13
8.84118e-12
-1.6581e-11
1.8363e-11
-1.29515e-11
4.11187e-12
1.43748e-12
1.06288e-12
-1.14105e-11
2.44869e-11
-3.39383e-11
3.54578e-11
-2.86344e-11
1.59477e-11
-1.43777e-12
-1.11477e-11
1.93052e-11
-2.29781e-11
2.40701e-11
-2.50058e-11
2.60817e-11
-2.50751e-11
1.90656e-11
-8.11408e-12
-3.73038e-12
1.05452e-11
-9.19812e-12
1.57864e-12
6.45854e-12
-9.31664e-12
4.53477e-12
6.42719e-12
-2.00432e-11
3.20405e-11
-3.86216e-11
3.70106e-11
-2.70111e-11
1.13112e-11
5.49261e-12
-1.98839e-11
3.08499e-11
-3.93124e-11
4.53375e-11
-4.71786e-11
4.24772e-11
-3.14314e-11
1.76635e-11
-6.59775e-12
1.74624e-12
-3.13955e-12
7.8986e-12
-1.27229e-11
1.48884e-11
-1.26087e-11
4.7936e-12
7.75581e-12
-2.19374e-11
3.29292e-11
-3.68847e-11
3.25971e-11
-2.17202e-11
6.68545e-12
1.04307e-11
-2.79865e-11
4.3355e-11
-5.3213e-11
5.49749e-11
-4.90619e-11
3.86581e-11
-2.79841e-11
1.97336e-11
-1.47818e-11
1.28195e-11
-1.35625e-11
1.62219e-11
-1.90999e-11
1.94176e-11
-1.50026e-11
5.48354e-12
7.10268e-12
-1.96595e-11
2.89761e-11
-3.25984e-11
2.86588e-11
-1.67544e-11
-1.40632e-12
2.14921e-11
-3.83368e-11
4.81194e-11
-5.03481e-11
4.71341e-11
-4.15342e-11
3.5454e-11
-2.96341e-11
2.42219e-11
-1.99255e-11
1.76159e-11
-1.78519e-11
1.99162e-11
-2.21258e-11
2.20686e-11
-1.77364e-11
8.18098e-12
5.2664e-12
-1.90582e-11
2.81631e-11
-2.86015e-11
1.93479e-11
-3.3394e-12
-1.42668e-11
2.84605e-11
-3.68942e-11
4.00193e-11
-4.01157e-11
3.90968e-11
-3.7647e-11
3.506e-11
-3.06925e-11
2.48514e-11
-1.94455e-11
1.67933e-11
-1.82926e-11
2.27808e-11
-2.68918e-11
2.64086e-11
-1.89989e-11
5.60633e-12
9.36116e-12
-2.03163e-11
2.29486e-11
-1.66012e-11
4.18471e-12
9.25946e-12
-1.95906e-11
2.53097e-11
-2.80021e-11
3.02361e-11
-3.35012e-11
3.67091e-11
-3.74025e-11
3.37126e-11
-2.65069e-11
1.9005e-11
-1.51326e-11
1.676e-11
-2.26845e-11
2.88411e-11
-3.06347e-11
2.5117e-11
-1.30389e-11
-1.45353e-12
1.2479e-11
-1.58062e-11
1.09331e-11
-1.47684e-12
-7.59298e-12
1.29824e-11
-1.5178e-11
1.70846e-11
-2.14254e-11
2.80735e-11
-3.43337e-11
3.66938e-11
-3.35761e-11
2.61996e-11
-1.82799e-11
1.3838e-11
-1.53298e-11
2.18427e-11
-2.94436e-11
3.27579e-11
-2.83449e-11
1.68417e-11
-3.23282e-12
-6.38672e-12
8.41017e-12
-4.03032e-12
-2.44957e-12
6.79287e-12
-7.9351e-12
7.84711e-12
-9.73549e-12
1.52093e-11
-2.33755e-11
3.10751e-11
-3.48899e-11
3.27462e-11
-2.55716e-11
1.70447e-11
-1.22173e-11
1.42251e-11
-2.21298e-11
3.07328e-11
-3.40407e-11
2.90456e-11
-1.79774e-11
6.32121e-12
7.32502e-13
-1.67265e-12
-1.39821e-12
4.69233e-12
-5.76077e-12
4.53863e-12
-3.24512e-12
4.58157e-12
-1.03127e-11
1.96121e-11
-2.91389e-11
3.4236e-11
-3.2123e-11
2.39854e-11
-1.50788e-11
1.12252e-11
-1.50787e-11
2.39851e-11
-3.21228e-11
3.42358e-11
-2.91389e-11
1.96122e-11
-1.03129e-11
4.58184e-12
-3.24541e-12
4.53893e-12
-5.76108e-12
4.69266e-12
-1.39851e-12
-1.67243e-12
7.32403e-13
6.32117e-12
-1.79773e-11
2.90453e-11
-3.40403e-11
3.07325e-11
-2.21296e-11
1.4225e-11
-1.22174e-11
1.70448e-11
-2.55717e-11
3.27462e-11
-3.48899e-11
3.1075e-11
-2.33753e-11
1.5209e-11
-9.73524e-12
7.84683e-12
-7.93481e-12
6.79261e-12
-2.44937e-12
-4.03041e-12
8.41012e-12
-6.38649e-12
-3.23319e-12
1.68422e-11
-2.83453e-11
3.27582e-11
-2.94438e-11
2.18428e-11
-1.53299e-11
1.3838e-11
-1.82799e-11
2.61996e-11
-3.35762e-11
3.66939e-11
-3.43338e-11
2.80736e-11
-2.14255e-11
1.70847e-11
-1.51781e-11
1.29825e-11
-7.59298e-12
-1.47698e-12
1.09334e-11
-1.58065e-11
1.24794e-11
-1.45387e-12
-1.30386e-11
2.51167e-11
-3.06345e-11
2.88409e-11
-2.26845e-11
1.676e-11
-1.51326e-11
1.9005e-11
-2.65069e-11
3.37127e-11
-3.74026e-11
3.67091e-11
-3.35012e-11
3.02361e-11
-2.80022e-11
2.53098e-11
-1.95909e-11
9.25973e-12
4.18446e-12
-1.6601e-11
2.29484e-11
-2.03161e-11
9.36098e-12
5.60645e-12
-1.8999e-11
2.64086e-11
-2.68918e-11
2.27808e-11
-1.82926e-11
1.67933e-11
-1.94454e-11
2.48512e-11
-3.06923e-11
3.50598e-11
-3.76468e-11
3.90965e-11
-4.01154e-11
4.0019e-11
-3.6894e-11
2.84603e-11
-1.42666e-11
-3.33947e-12
1.93479e-11
-2.86014e-11
2.8163e-11
-1.90581e-11
5.26633e-12
8.18099e-12
-1.77364e-11
2.20686e-11
-2.21258e-11
1.99162e-11
-1.7852e-11
1.7616e-11
-1.99257e-11
2.42222e-11
-2.96344e-11
3.54543e-11
-4.15345e-11
4.71342e-11
-5.03482e-11
4.81194e-11
-3.83367e-11
2.14919e-11
-1.40607e-12
-1.67546e-11
2.8659e-11
-3.25986e-11
2.89762e-11
-1.96596e-11
7.10273e-12
5.48357e-12
-1.50027e-11
1.94177e-11
-1.91e-11
1.62219e-11
-1.35624e-11
1.28194e-11
-1.47817e-11
1.97335e-11
-2.79841e-11
3.86581e-11
-4.90621e-11
5.49751e-11
-5.32131e-11
4.33551e-11
-2.79867e-11
1.0431e-11
6.68508e-12
-2.17198e-11
3.25968e-11
-3.68845e-11
3.29293e-11
-2.19375e-11
7.75598e-12
4.79346e-12
-1.26086e-11
1.48883e-11
-1.27229e-11
7.89859e-12
-3.13947e-12
1.74611e-12
-6.59762e-12
1.76635e-11
-3.14314e-11
4.24773e-11
-4.71787e-11
4.53375e-11
-3.93122e-11
3.08496e-11
-1.98836e-11
5.49235e-12
1.13114e-11
-2.70112e-11
3.70106e-11
-3.86216e-11
3.20406e-11
-2.00432e-11
6.42716e-12
4.53485e-12
-9.31677e-12
6.45871e-12
1.57849e-12
-9.19806e-12
1.05452e-11
-3.73058e-12
-8.11383e-12
1.90653e-11
-2.5075e-11
2.60816e-11
-2.50058e-11
2.40701e-11
-2.29781e-11
1.93053e-11
-1.1148e-11
-1.43745e-12
1.59473e-11
-2.86341e-11
3.54575e-11
-3.39381e-11
2.44868e-11
-1.14105e-11
1.06294e-12
1.43743e-12
4.11187e-12
-1.29514e-11
1.83629e-11
-1.65808e-11
8.84105e-12
-1.9735e-13
-4.62272e-12
4.00174e-12
-1.26217e-13
-3.33443e-12
3.55321e-12
-5.04378e-13
-3.37646e-12
4.41822e-12
-3.11645e-13
-8.40273e-12
1.79477e-11
-2.36355e-11
2.25601e-11
-1.58891e-11
8.01629e-12
-4.05484e-12
6.28744e-12
-1.30062e-11
1.94514e-11
-2.12261e-11
1.69112e-11
-9.29887e-12
3.43162e-12
-3.69565e-12
1.07417e-11
-2.13316e-11
3.02094e-11
-3.3669e-11
3.12156e-11
-2.53669e-11
1.9173e-11
-1.45803e-11
1.15894e-11
-9.28151e-12
6.56774e-12
-3.26825e-12
1.14625e-13
1.14272e-12
1.04952e-12
-6.92479e-12
1.41113e-11
-1.8716e-11
1.76162e-11
-1.13583e-11
4.01946e-12
-8.16359e-13
4.4199e-12
-1.4014e-11
2.64605e-11
-3.88813e-11
4.92191e-11
-5.58708e-11
5.68142e-11
-5.07467e-11
3.82658e-11
-2.25128e-11
7.34296e-12
4.35718e-12
-1.16201e-11
1.42344e-11
-1.2312e-11
6.4862e-12
8.76305e-13
-6.46134e-12
7.77233e-12
-5.21168e-12
1.30162e-12
1.30112e-12
-1.82656e-12
4.84817e-13
3.13575e-12
-1.1025e-11
2.45982e-11
-4.23535e-11
5.89494e-11
-6.79884e-11
6.5394e-11
-5.17894e-11
3.14692e-11
-1.03602e-11
-6.50331e-12
1.60099e-11
-1.79661e-11
1.47746e-11
-1.05386e-11
8.45003e-12
-9.13714e-12
1.0422e-11
-9.87147e-12
7.00464e-12
-4.11897e-12
3.9307e-12
-7.01692e-12
1.03294e-11
-9.1702e-12
2.33427e-13
1.54534e-11
-3.27443e-11
4.45673e-11
-4.58826e-11
3.61221e-11
-1.9775e-11
3.6065e-12
6.81112e-12
-1.01296e-11
8.92026e-12
-7.59091e-12
9.13479e-12
-1.38029e-11
1.91018e-11
-2.18402e-11
1.99262e-11
-1.40959e-11
7.49121e-12
-4.13003e-12
5.90784e-12
-1.12366e-11
1.56691e-11
-1.54803e-11
1.04823e-11
-4.55939e-12
2.28176e-12
-5.46844e-12
1.16969e-11
-1.678e-11
1.77035e-11
-1.448e-11
9.02453e-12
-3.85608e-12
9.09415e-13
-1.63132e-12
6.1878e-12
-1.30337e-11
1.87725e-11
-2.02539e-11
1.65114e-11
-9.70222e-12
3.08677e-12
1.03786e-12
-2.36337e-12
9.07118e-13
4.08525e-12
-1.38829e-11
2.78395e-11
-4.2553e-11
5.30576e-11
-5.61573e-11
5.19068e-11
-4.3072e-11
3.25006e-11
-2.19006e-11
1.17725e-11
-2.85974e-12
-3.60127e-12
6.11219e-12
-4.2422e-12
-1.06786e-12
7.27827e-12
-1.12018e-11
9.81005e-12
-2.08273e-12
-9.9789e-12
2.1098e-11
-2.51283e-11
1.79974e-11
-4.37232e-13
-2.23533e-11
4.28913e-11
-5.52597e-11
5.74462e-11
-5.20114e-11
4.36422e-11
-3.61468e-11
2.98886e-11
-2.26111e-11
1.20462e-11
8.94104e-13
-1.22001e-11
1.72732e-11
-1.47982e-11
7.72303e-12
-1.58409e-12
6.68096e-13
-5.94967e-12
1.48039e-11
-2.29762e-11
2.62028e-11
-2.21636e-11
1.1454e-11
1.8139e-12
-1.20244e-11
1.51355e-11
-1.17174e-11
6.15946e-12
-3.35123e-12
4.64099e-12
-7.55361e-12
8.26788e-12
-5.24638e-12
-2.36363e-13
5.68182e-12
-9.94922e-12
1.3311e-11
-1.63554e-11
1.84632e-11
-1.84806e-11
1.56996e-11
-1.08531e-11
5.34936e-12
-8.06036e-13
-1.55247e-12
5.61581e-13
4.29162e-12
-1.26283e-11
2.27298e-11
-3.25065e-11
4.0109e-11
-4.46032e-11
4.53086e-11
-4.17342e-11
3.35559e-11
-2.17921e-11
9.09677e-12
4.06767e-13
-3.1239e-12
-2.17189e-12
1.26754e-11
-2.2459e-11
2.49465e-11
-1.69876e-11
9.25406e-13
1.60793e-11
-2.6492e-11
2.65558e-11
-1.80786e-11
5.73019e-12
6.49969e-12
-1.76161e-11
2.83462e-11
-3.92211e-11
4.90346e-11
-5.55673e-11
5.64041e-11
-5.02316e-11
3.73487e-11
-2.06766e-11
5.23489e-12
3.58701e-12
-3.62197e-12
-2.33192e-12
7.65345e-12
-6.66694e-12
-1.63505e-12
1.29903e-11
-2.16789e-11
2.42963e-11
-2.14911e-11
1.60171e-11
-1.05479e-11
6.17311e-12
-3.08417e-12
1.04977e-12
-2.02577e-14
-3.29187e-13
4.00125e-13
-8.68535e-13
2.10292e-12
-4.14108e-12
6.10685e-12
-6.60971e-12
4.10693e-12
1.76425e-12
-9.85473e-12
1.75392e-11
-2.225e-11
2.24279e-11
-1.83407e-11
1.14269e-11
-3.89057e-12
-2.33079e-12
5.91182e-12
-6.81215e-12
5.49497e-12
-1.96548e-12
-5.35697e-12
1.81882e-11
-3.59194e-11
5.35083e-11
-6.35246e-11
6.06082e-11
-4.59069e-11
2.66155e-11
-1.17753e-11
6.61384e-12
-1.05402e-11
1.84992e-11
-2.4822e-11
2.56541e-11
-2.01807e-11
9.95457e-12
1.73718e-12
-1.15882e-11
1.75596e-11
-2.00003e-11
2.04415e-11
-1.98639e-11
1.71217e-11
-1.01855e-11
-1.80053e-12
1.66479e-11
-3.01778e-11
3.83295e-11
-3.96628e-11
3.55529e-11
-2.92433e-11
2.34952e-11
-1.93852e-11
1.59034e-11
-1.15654e-11
5.71638e-12
6.07515e-13
-5.98214e-12
9.77104e-12
-1.2774e-11
1.55987e-11
-1.74253e-11
1.59135e-11
-9.80777e-12
9.12077e-13
5.83102e-12
-5.67946e-12
-2.8326e-12
1.66e-11
-3.01671e-11
3.83523e-11
-3.85577e-11
3.11051e-11
-1.9378e-11
8.53082e-12
-3.60534e-12
6.42473e-12
-1.45368e-11
2.25377e-11
-2.6119e-11
2.45818e-11
-2.0704e-11
1.72796e-11
-1.45527e-11
9.87739e-12
-7.6718e-13
-1.23985e-11
2.53017e-11
-3.20744e-11
2.8386e-11
-1.4267e-11
-6.03314e-12
2.59348e-11
-4.00884e-11
4.63896e-11
-4.63309e-11
4.2758e-11
-3.80838e-11
3.3326e-11
-2.91122e-11
2.59272e-11
-2.39458e-11
2.1985e-11
-1.8197e-11
1.12907e-11
-2.05381e-12
-7.29098e-12
1.41991e-11
-1.72355e-11
1.59701e-11
-1.12203e-11
4.98088e-12
-6.9507e-13
1.56189e-12
-8.39904e-12
1.78853e-11
-2.4398e-11
2.36299e-11
-1.61086e-11
6.51282e-12
-3.06699e-13
-3.69866e-13
-2.7524e-12
6.08536e-12
-7.65461e-12
8.21964e-12
-1.04936e-11
1.62791e-11
-2.46213e-11
3.12744e-11
-3.11616e-11
2.14307e-11
-4.06146e-12
-1.50256e-11
2.87857e-11
-3.27738e-11
2.63396e-11
-1.22181e-11
-5.45498e-12
2.22458e-11
-3.47428e-11
4.11497e-11
-4.21422e-11
4.00355e-11
-3.74972e-11
3.57296e-11
-3.4645e-11
3.36262e-11
-3.2608e-11
3.12221e-11
-2.81727e-11
2.13979e-11
-1.05084e-11
-1.85697e-12
1.07902e-11
-1.29036e-11
8.90976e-12
-3.53161e-12
1.76495e-12
-5.61502e-12
1.27649e-11
-1.88269e-11
2.02121e-11
-1.66509e-11
1.0798e-11
-6.34771e-12
4.97894e-12
-5.45486e-12
4.68375e-12
-9.69172e-13
-4.27176e-12
6.89866e-12
-3.30462e-12
-7.08495e-12
2.09176e-11
-3.29628e-11
3.82901e-11
-3.43612e-11
2.14924e-11
-3.20964e-12
-1.49094e-11
2.69884e-11
-2.97939e-11
2.38292e-11
-1.25851e-11
-3.71022e-13
1.2825e-11
-2.38302e-11
3.20917e-11
-3.62169e-11
3.59226e-11
-3.35198e-11
3.25621e-11
-3.53789e-11
4.06559e-11
-4.42594e-11
4.17851e-11
-3.19969e-11
1.77175e-11
-4.5853e-12
-2.62967e-12
2.74071e-12
9.62961e-13
-3.44733e-12
1.35325e-12
4.51739e-12
-1.06187e-11
1.36767e-11
-1.35714e-11
1.26707e-11
-1.35015e-11
1.61522e-11
-1.8603e-11
1.82727e-11
-1.41158e-11
6.84242e-12
1.13314e-12
-6.59832e-12
6.20364e-12
1.54562e-12
-1.50248e-11
2.9321e-11
-3.89099e-11
4.02965e-11
-3.35888e-11
2.1155e-11
-6.10835e-12
-8.89426e-12
2.11183e-11
-2.79013e-11
2.71293e-11
-1.88942e-11
5.88632e-12
7.10191e-12
-1.57066e-11
1.82188e-11
-1.71313e-11
1.75057e-11
-2.371e-11
3.55381e-11
-4.78465e-11
5.34924e-11
-4.86343e-11
3.52153e-11
-1.96187e-11
7.79265e-12
-2.00642e-12
5.72333e-13
-8.42829e-13
1.25127e-12
-1.83605e-12
2.72209e-12
-3.54286e-12
3.23992e-12
-9.32319e-13
-3.95442e-12
1.10049e-11
-1.88124e-11
2.49066e-11
-2.71923e-11
2.49938e-11
-1.97869e-11
1.40079e-11
-1.00439e-11
9.18124e-12
-1.19074e-11
1.77764e-11
-2.57673e-11
3.40443e-11
-4.05159e-11
4.28229e-11
-3.90196e-11
2.80603e-11
-1.13891e-11
-6.63116e-12
1.96927e-11
-2.33119e-11
1.78883e-11
-9.19131e-12
4.14585e-12
-5.93728e-12
1.1441e-11
-1.40848e-11
8.65259e-12
4.86886e-12
-2.1968e-11
3.64825e-11
-4.41325e-11
4.35769e-11
-3.62118e-11
2.44802e-11
-1.09971e-11
-2.13188e-12
1.26174e-11
-1.80438e-11
1.63916e-11
-8.05104e-12
-3.58707e-12
1.31961e-11
-1.68788e-11
1.41197e-11
-7.6913e-12
8.77718e-13
4.41365e-12
-8.34865e-12
1.18584e-11
-1.59118e-11
2.07275e-11
-2.59199e-11
3.02174e-11
-3.23795e-11
3.20776e-11
-3.09854e-11
3.1632e-11
-3.54624e-11
4.07463e-11
-4.34967e-11
4.00296e-11
-3.01495e-11
1.73328e-11
-6.77204e-12
1.78584e-12
-2.12514e-12
4.09815e-12
-3.34711e-12
-2.52539e-12
1.20993e-11
-2.14085e-11
2.64388e-11
-2.58453e-11
2.06512e-11
-1.25617e-11
2.17322e-12
9.81195e-12
-2.07751e-11
2.55786e-11
-1.97949e-11
3.32946e-12
1.79852e-11
-3.55362e-11
4.25045e-11
-3.76266e-11
2.48992e-11
-1.10042e-11
1.24362e-12
2.6725e-12
-3.0117e-12
3.48155e-12
-6.59434e-12
1.17656e-11
-1.638e-11
1.76192e-11
-1.43745e-11
6.96541e-12
3.43596e-12
-1.56564e-11
2.80305e-11
-3.85466e-11
4.5038e-11
-4.63412e-11
4.23711e-11
-3.42091e-11
2.35376e-11
-1.29474e-11
5.26022e-12
-2.56246e-12
4.43901e-12
-8.26103e-12
1.08108e-11
-1.09119e-11
9.58113e-12
-8.53447e-12
7.72447e-12
-5.37239e-12
-5.15559e-13
9.64835e-12
-1.91319e-11
2.466e-11
-2.3586e-11
1.6917e-11
-9.72592e-12
8.04922e-12
-1.49914e-11
2.79449e-11
-4.04889e-11
4.66969e-11
-4.5278e-11
3.92106e-11
-3.27184e-11
2.77797e-11
-2.40537e-11
2.04292e-11
-1.68955e-11
1.39043e-11
-1.12362e-11
7.01878e-12
8.72766e-13
-1.30025e-11
2.6569e-11
-3.62104e-11
3.63189e-11
-2.48192e-11
4.95021e-12
1.54579e-11
-2.82415e-11
2.89818e-11
-1.91727e-11
4.18715e-12
1.00037e-11
-1.98612e-11
2.44708e-11
-2.48854e-11
2.27385e-11
-1.98378e-11
1.71919e-11
-1.47943e-11
1.15299e-11
-6.54499e-12
-1.37015e-13
7.44994e-12
-1.44463e-11
2.02879e-11
-2.39214e-11
2.32919e-11
-1.6513e-11
3.33473e-12
1.35189e-11
-2.94976e-11
4.00695e-11
-4.30744e-11
3.92579e-11
-3.19156e-11
2.46535e-11
-1.94703e-11
1.55136e-11
-1.08198e-11
4.78669e-12
9.51654e-14
-3.15576e-13
-5.37039e-12
1.37094e-11
-1.9163e-11
1.78054e-11
-1.0456e-11
1.49226e-12
4.3751e-12
-5.58479e-12
3.97719e-12
-3.14719e-12
5.46619e-12
-1.09837e-11
1.77579e-11
-2.40825e-11
2.95933e-11
-3.51576e-11
4.06965e-11
-4.42374e-11
4.27452e-11
-3.54296e-11
2.54388e-11
-1.87271e-11
1.94837e-11
-2.68599e-11
3.48767e-11
-3.66175e-11
2.83651e-11
-1.18377e-11
-7.43521e-12
2.28696e-11
-3.00486e-11
2.798e-11
-1.92434e-11
8.0537e-12
1.49262e-12
-6.95723e-12
7.20868e-12
-2.28255e-12
-6.81455e-12
1.73945e-11
-2.59501e-11
2.97044e-11
-2.87224e-11
2.56179e-11
-2.39918e-11
2.58875e-11
-3.09558e-11
3.62857e-11
-3.77422e-11
3.14433e-11
-1.63724e-11
-4.38057e-12
2.41283e-11
-3.61896e-11
3.71816e-11
-2.86284e-11
1.49902e-11
-1.07273e-12
-1.02485e-11
1.79228e-11
-2.21293e-11
2.29779e-11
-2.04455e-11
1.45017e-11
-6.27621e-12
-1.97244e-12
7.63427e-12
-9.96601e-12
1.06334e-11
-1.24813e-11
1.62869e-11
-1.95595e-11
1.79729e-11
-9.40951e-12
-3.99694e-12
1.67633e-11
-2.40855e-11
2.45476e-11
-2.0445e-11
1.48908e-11
-9.3561e-12
2.61423e-12
7.23537e-12
-2.03857e-11
3.36052e-11
-4.18876e-11
4.15681e-11
-3.35295e-11
2.26309e-11
-1.45168e-11
1.14633e-11
-1.1835e-11
1.23754e-11
-1.17487e-11
1.09535e-11
-1.16037e-11
1.33705e-11
-1.42369e-11
1.22076e-11
-7.63361e-12
3.06757e-12
-1.74444e-12
4.7187e-12
-9.68162e-12
1.15466e-11
-5.96984e-12
-7.4715e-12
2.40516e-11
-3.70092e-11
4.17023e-11
-3.84735e-11
3.12484e-11
-2.46962e-11
2.15627e-11
-2.26393e-11
2.71503e-11
-3.35397e-11
3.93305e-11
-4.19104e-11
3.91033e-11
-3.03268e-11
1.67834e-11
-1.85212e-12
-9.92377e-12
1.44017e-11
-1.05992e-11
1.59356e-12
6.61203e-12
-8.82036e-12
3.28281e-12
7.45375e-12
-1.8653e-11
2.56863e-11
-2.64252e-11
2.18828e-11
-1.6051e-11
1.36235e-11
-1.76535e-11
2.75571e-11
-3.99021e-11
5.01938e-11
-5.5134e-11
5.29391e-11
-4.34176e-11
2.7648e-11
-8.66949e-12
-8.99195e-12
2.04355e-11
-2.28794e-11
1.69258e-11
-6.77128e-12
-2.00159e-12
4.97898e-12
-1.61801e-12
-4.70817e-12
8.71717e-12
-7.28754e-12
1.61732e-12
3.35734e-12
-2.89288e-12
-4.54058e-12
1.65106e-11
-2.92135e-11
3.96577e-11
-4.65797e-11
4.9047e-11
-4.58391e-11
3.56782e-11
-1.91534e-11
-4.51303e-13
1.74688e-11
-2.66466e-11
2.58781e-11
-1.79792e-11
8.72941e-12
-3.14358e-12
1.75751e-12
-1.14245e-12
-2.67204e-12
1.00038e-11
-1.73342e-11
2.01036e-11
-1.66044e-11
8.55479e-12
6.61255e-13
-8.99501e-12
1.63727e-11
-2.378e-11
3.0876e-11
-3.52466e-11
3.31937e-11
-2.28705e-11
6.37353e-12
1.03722e-11
-2.14813e-11
2.47299e-11
-2.26566e-11
1.91864e-11
-1.60792e-11
1.16626e-11
-3.69013e-12
-7.77816e-12
1.93369e-11
-2.67359e-11
2.75795e-11
-2.30969e-11
1.68153e-11
-1.21839e-11
9.79525e-12
-7.40016e-12
1.9902e-12
6.64774e-12
-1.51783e-11
1.88062e-11
-1.53643e-11
6.59864e-12
3.43235e-12
-1.1902e-11
1.82757e-11
-2.32912e-11
2.65397e-11
-2.61897e-11
2.00716e-11
-8.06977e-12
-7.10011e-12
2.04345e-11
-2.75485e-11
2.7193e-11
-2.2451e-11
1.82537e-11
-1.79138e-11
2.05748e-11
-2.27227e-11
2.12052e-11
-1.58782e-11
8.88891e-12
-2.91762e-12
-6.44631e-13
1.36846e-12
6.68727e-13
-5.57588e-12
1.29824e-11
-2.16545e-11
2.87891e-11
-3.08855e-11
2.51964e-11
-1.21893e-11
-4.03427e-12
1.73465e-11
-2.35166e-11
2.24694e-11
-1.81083e-11
1.50633e-11
-1.60979e-11
2.08299e-11
-2.69667e-11
3.15757e-11
-3.26672e-11
2.95502e-11
-2.31898e-11
1.53997e-11
-8.4706e-12
4.40311e-12
-4.91782e-12
1.04918e-11
-1.96754e-11
2.8464e-11
-3.20411e-11
2.72306e-11
-1.49449e-11
-3.76377e-13
1.29615e-11
-1.90102e-11
1.80755e-11
-1.31649e-11
8.74135e-12
-8.73692e-12
1.43562e-11
-2.39017e-11
3.36598e-11
-4.02258e-11
4.1611e-11
-3.77569e-11
2.98013e-11
-2.01446e-11
1.19421e-11
-8.52007e-12
1.13883e-11
-1.92038e-11
2.76961e-11
-3.19213e-11
2.84797e-11
-1.75718e-11
2.81397e-12
1.00783e-11
-1.6416e-11
1.48347e-11
-8.33607e-12
2.15875e-12
-9.49069e-13
6.20459e-12
-1.64995e-11
2.85982e-11
-3.92177e-11
4.54961e-11
-4.58004e-11
4.00303e-11
-3.0331e-11
2.03428e-11
-1.41417e-11
1.41633e-11
-2.01108e-11
2.83209e-11
-3.34118e-11
3.08104e-11
-1.9953e-11
4.77246e-12
8.23815e-12
-1.41898e-11
1.21568e-11
-5.32554e-12
-1.59794e-12
4.5055e-12
-1.49065e-12
-7.2995e-12
1.9775e-11
-3.2903e-11
4.32224e-11
-4.80057e-11
4.57926e-11
-3.75403e-11
2.66923e-11
-1.85074e-11
1.71089e-11
-2.29015e-11
3.15017e-11
-3.65258e-11
3.33828e-11
-2.22948e-11
7.54241e-12
5.03475e-12
-1.13754e-11
1.04885e-11
-4.59733e-12
-2.58327e-12
7.28532e-12
-7.18673e-12
1.34062e-12
9.7124e-12
-2.41325e-11
3.81711e-11
-4.71801e-11
4.76139e-11
-3.99517e-11
2.88808e-11
-2.09862e-11
2.04035e-11
-2.66376e-11
3.48952e-11
-3.94044e-11
3.63898e-11
-2.61629e-11
1.23539e-11
6.60288e-15
-7.37345e-12
8.69672e-12
-5.83495e-12
2.41558e-12
-5.3793e-13
1.66985e-13
6.42563e-14
2.5561e-14
4.09277e-15
0
