0
2.52916e-16
3.6155e-15
2.23597e-14
7.84897e-14
-7.69743e-14
6.91563e-13
-7.84392e-13
-1.49956e-12
7.03836e-12
-1.46308e-11
2.3255e-11
-3.17814e-11
3.79951e-11
-3.94635e-11
3.41992e-11
-2.20976e-11
5.55602e-12
1.02539e-11
-1.94572e-11
1.82079e-11
-7.37123e-12
-8.10382e-12
2.18742e-11
-2.9941e-11
3.17208e-11
-2.92514e-11
2.48713e-11
-2.03194e-11
1.63143e-11
-1.31199e-11
1.03224e-11
-7.21374e-12
2.75959e-12
3.74258e-12
-1.2733e-11
2.37201e-11
-3.49642e-11
4.28896e-11
-4.35123e-11
3.4635e-11
-1.8329e-11
3.61165e-13
1.24328e-11
-1.60025e-11
1.04073e-11
8.43487e-13
-1.33598e-11
2.34037e-11
-2.90358e-11
2.99432e-11
-2.74578e-11
2.34609e-11
-1.96642e-11
1.67114e-11
-1.46974e-11
1.3268e-11
-1.17718e-11
8.46459e-12
-1.18922e-12
-1.1209e-11
2.67272e-11
-4.05387e-11
4.71091e-11
-4.36683e-11
3.14538e-11
-1.5145e-11
3.02773e-13
8.4296e-12
-8.96754e-12
2.01491e-12
9.02532e-12
-1.98942e-11
2.72154e-11
-3.00298e-11
2.90908e-11
-2.5895e-11
2.16263e-11
-1.76857e-11
1.55405e-11
-1.6168e-11
1.84133e-11
-1.91502e-11
1.47135e-11
-3.63843e-12
-1.24572e-11
2.92873e-11
-4.20048e-11
4.66562e-11
-4.18646e-11
2.93752e-11
-1.41283e-11
2.04773e-12
2.53552e-12
8.3125e-13
-9.42638e-12
1.92366e-11
-2.72772e-11
3.18085e-11
-3.22442e-11
2.8748e-11
-2.29255e-11
1.73682e-11
-1.47261e-11
1.58686e-11
-1.96504e-11
2.32788e-11
-2.37372e-11
1.84079e-11
-6.34474e-12
-1.09307e-11
2.87462e-11
-4.11426e-11
4.37466e-11
-3.67262e-11
2.44115e-11
-1.28956e-11
6.58434e-12
-7.03251e-12
1.3013e-11
-2.19139e-11
3.04033e-11
-3.5696e-11
3.62495e-11
-3.25722e-11
2.63775e-11
-1.9807e-11
1.45173e-11
-1.21168e-11
1.37355e-11
-1.92259e-11
2.56478e-11
-2.8144e-11
2.24507e-11
-8.33948e-12
-9.94819e-12
2.57737e-11
-3.40811e-11
3.3484e-11
-2.66132e-11
1.81132e-11
-1.27173e-11
1.29941e-11
-1.8667e-11
2.68273e-11
-3.41546e-11
3.85593e-11
-3.99108e-11
3.84849e-11
-3.40841e-11
2.62316e-11
-1.62343e-11
7.62428e-12
-4.72091e-12
9.15514e-12
-1.83549e-11
2.64621e-11
-2.80718e-11
2.10724e-11
-7.90702e-12
-6.23103e-12
1.59596e-11
-1.87882e-11
1.60659e-11
-1.2214e-11
1.14825e-11
-1.54686e-11
2.23e-11
-2.90452e-11
3.40523e-11
-3.7938e-11
4.15063e-11
-4.3916e-11
4.23209e-11
-3.45556e-11
2.1458e-11
-7.57158e-12
-1.55353e-12
2.45373e-12
3.90297e-12
-1.30125e-11
1.92452e-11
-1.93661e-11
1.40114e-11
-7.20755e-12
3.0944e-12
-3.11705e-12
4.80268e-12
-4.16738e-12
-1.17986e-12
9.89423e-12
-1.8527e-11
2.43917e-11
-2.79325e-11
3.1496e-11
-3.67422e-11
4.22212e-11
-4.42875e-11
3.95645e-11
-2.79178e-11
1.26898e-11
8.27739e-13
-8.5887e-12
9.56769e-12
-6.15511e-12
1.92269e-12
7.42121e-13
-2.47309e-12
5.68343e-12
-1.20746e-11
2.00208e-11
-2.53272e-11
2.40197e-11
-1.57986e-11
4.11659e-12
6.20216e-12
-1.26418e-11
1.59267e-11
-1.87892e-11
2.30452e-11
-2.84048e-11
3.253e-11
-3.285e-11
2.77883e-11
-1.79512e-11
5.66362e-12
5.95241e-12
-1.49411e-11
2.0957e-11
-2.4644e-11
2.55701e-11
-2.19636e-11
1.20218e-11
3.29225e-12
-1.97669e-11
3.16464e-11
-3.52245e-11
3.04293e-11
-2.04943e-11
9.54065e-12
-1.03818e-12
-3.43668e-12
4.16488e-12
-3.30641e-12
3.43126e-12
-6.07386e-12
1.02891e-11
-1.35319e-11
1.31816e-11
-8.32244e-12
-5.51805e-13
1.20726e-11
-2.4696e-11
3.60142e-11
-4.29678e-11
4.25853e-11
-3.39167e-11
1.85044e-11
-6.89748e-14
-1.70965e-11
2.8898e-11
-3.26593e-11
2.79287e-11
-1.76634e-11
7.27661e-12
-2.30674e-12
4.89853e-12
-1.27772e-11
2.06266e-11
-2.38388e-11
2.08569e-11
-1.3811e-11
6.58145e-12
-2.96302e-12
4.80495e-12
-1.1789e-11
2.15913e-11
-3.13867e-11
3.87517e-11
-4.24172e-11
4.14843e-11
-3.52228e-11
2.32577e-11
-7.30022e-12
-8.38103e-12
1.80873e-11
-1.83788e-11
1.06271e-11
-1.07833e-12
-3.1051e-12
-1.94619e-12
1.43559e-11
-2.83965e-11
3.80327e-11
-4.0555e-11
3.70996e-11
-3.13366e-11
2.65783e-11
-2.42558e-11
2.34468e-11
-2.2573e-11
2.09124e-11
-1.96592e-11
2.04567e-11
-2.35206e-11
2.62687e-11
-2.51948e-11
1.87555e-11
-9.60467e-12
2.8076e-12
-2.23028e-12
7.16867e-12
-1.30712e-11
1.4605e-11
-9.40286e-12
-1.25061e-12
1.36495e-11
-2.43787e-11
3.1643e-11
-3.58833e-11
3.85647e-11
-4.08717e-11
4.20373e-11
-3.97812e-11
3.1942e-11
-1.91459e-11
5.03776e-12
5.50058e-12
-9.73255e-12
8.14467e-12
-3.48205e-12
-1.93678e-12
7.08978e-12
-1.19566e-11
1.6136e-11
-1.89865e-11
1.99239e-11
-1.90996e-11
1.67919e-11
-1.33295e-11
8.83512e-12
-3.75261e-12
-1.67306e-12
7.5781e-12
-1.47378e-11
2.32303e-11
-3.15446e-11
3.6227e-11
-3.37743e-11
2.25205e-11
-4.23734e-12
-1.65408e-11
3.38438e-11
-4.26832e-11
4.06419e-11
-2.92733e-11
1.33771e-11
8.51164e-13
-9.16957e-12
1.10346e-11
-9.49392e-12
8.2679e-12
-9.35121e-12
1.2014e-11
-1.46665e-11
1.64799e-11
-1.80115e-11
1.94903e-11
-1.98181e-11
1.67523e-11
-9.32809e-12
-6.24099e-13
8.37517e-12
-8.95192e-12
-1.84089e-13
1.69943e-11
-3.55638e-11
4.8378e-11
-5.03643e-11
4.14982e-11
-2.71797e-11
1.46157e-11
-8.52939e-12
8.39098e-12
-1.02571e-11
1.03477e-11
-8.02364e-12
4.83107e-12
-2.13496e-12
-8.97435e-13
6.13339e-12
-1.45558e-11
2.46641e-11
-3.35038e-11
3.82151e-11
-3.78763e-11
3.36242e-11
-2.83214e-11
2.47956e-11
-2.44439e-11
2.5992e-11
-2.66243e-11
2.39542e-11
-1.83233e-11
1.24019e-11
-9.34116e-12
1.01233e-11
-1.33479e-11
1.64244e-11
-1.78453e-11
1.76167e-11
-1.68578e-11
1.6358e-11
-1.6302e-11
1.59355e-11
-1.3981e-11
8.55797e-12
1.70485e-12
-1.66186e-11
3.31541e-11
-4.63777e-11
5.14705e-11
-4.66446e-11
3.37968e-11
-1.74706e-11
2.05606e-12
9.63057e-12
-1.67763e-11
1.94227e-11
-1.81252e-11
1.3578e-11
-7.08363e-12
2.15769e-13
5.1406e-12
-7.63325e-12
6.97205e-12
-5.0131e-12
5.13628e-12
-1.04629e-11
2.06261e-11
-3.08719e-11
3.41238e-11
-2.61558e-11
8.89273e-12
1.00353e-11
-2.22486e-11
2.31824e-11
-1.40744e-11
-2.97287e-13
1.46335e-11
-2.56969e-11
3.23893e-11
-3.52247e-11
3.49402e-11
-3.21574e-11
2.71228e-11
-2.06606e-11
1.44292e-11
-1.08499e-11
1.12655e-11
-1.46867e-11
1.75158e-11
-1.59916e-11
8.62149e-12
2.43099e-12
-1.31933e-11
2.0412e-11
-2.36965e-11
2.47908e-11
-2.59777e-11
2.81521e-11
-3.09061e-11
3.30048e-11
-3.34667e-11
3.15522e-11
-2.72916e-11
2.15668e-11
-1.64657e-11
1.39839e-11
-1.47196e-11
1.68082e-11
-1.74263e-11
1.48926e-11
-1.05459e-11
7.7036e-12
-9.51029e-12
1.63816e-11
-2.58048e-11
3.32565e-11
-3.45238e-11
2.72636e-11
-1.24436e-11
-6.16878e-12
2.34597e-11
-3.57433e-11
4.18094e-11
-4.24267e-11
3.80875e-11
-2.85383e-11
1.38909e-11
3.01121e-12
-1.68947e-11
2.26399e-11
-1.92596e-11
1.07694e-11
-3.90905e-12
3.35608e-12
-9.03443e-12
1.62528e-11
-1.92273e-11
1.43588e-11
-2.39411e-12
-1.24747e-11
2.46367e-11
-3.00914e-11
2.7879e-11
-2.03919e-11
1.14657e-11
-4.53839e-12
9.86472e-13
-6.34969e-13
2.68764e-12
-6.96889e-12
1.33296e-11
-2.09878e-11
2.79151e-11
-3.21172e-11
3.26488e-11
-3.02648e-11
2.62696e-11
-2.19286e-11
1.81251e-11
-1.60919e-11
1.68389e-11
-2.03615e-11
2.46617e-11
-2.70343e-11
2.57843e-11
-2.15978e-11
1.61075e-11
-1.00393e-11
2.05048e-12
9.45893e-12
-2.42163e-11
3.87436e-11
-4.81327e-11
4.86532e-11
-4.04073e-11
2.72853e-11
-1.53079e-11
9.16717e-12
-9.92525e-12
1.4179e-11
-1.64643e-11
1.25822e-11
-2.79906e-12
-8.40143e-12
1.49454e-11
-1.33276e-11
4.22812e-12
8.36705e-12
-2.03957e-11
2.94341e-11
-3.47739e-11
3.56289e-11
-3.08575e-11
1.98515e-11
-4.5368e-12
-1.08155e-11
2.12399e-11
-2.38736e-11
1.87276e-11
-8.31096e-12
-4.02466e-12
1.47905e-11
-2.14511e-11
2.30152e-11
-2.09464e-11
1.82362e-11
-1.78285e-11
2.04303e-11
-2.44678e-11
2.71799e-11
-2.6885e-11
2.37021e-11
-1.94781e-11
1.62052e-11
-1.49913e-11
1.49213e-11
-1.3507e-11
7.75081e-12
3.36205e-12
-1.76343e-11
3.00043e-11
-3.58287e-11
3.38921e-11
-2.77218e-11
2.28815e-11
-2.31815e-11
2.77761e-11
-3.24389e-11
3.28019e-11
-2.77167e-11
1.91271e-11
-1.01612e-11
2.69406e-12
2.53839e-12
-5.04094e-12
3.50081e-12
3.17267e-12
-1.47246e-11
2.85293e-11
-4.05122e-11
4.62854e-11
-4.30157e-11
3.03663e-11
-1.14045e-11
-8.35694e-12
2.27939e-11
-2.82546e-11
2.48933e-11
-1.63461e-11
7.06915e-12
-3.35285e-13
-3.06182e-12
4.15159e-12
-5.13961e-12
7.98387e-12
-1.35787e-11
2.06732e-11
-2.64989e-11
2.81604e-11
-2.51399e-11
1.98742e-11
-1.64804e-11
1.72357e-11
-2.06588e-11
2.21147e-11
-1.77261e-11
7.36011e-12
4.92387e-12
-1.42744e-11
1.82867e-11
-1.84138e-11
1.78381e-11
-1.90931e-11
2.24635e-11
-2.68894e-11
3.09103e-11
-3.36565e-11
3.44897e-11
-3.30945e-11
2.90966e-11
-2.24289e-11
1.32602e-11
-2.87486e-12
-6.11462e-12
9.86635e-12
-5.39442e-12
-7.52435e-12
2.51045e-11
-4.11981e-11
4.98535e-11
-4.82111e-11
3.70714e-11
-2.03156e-11
2.86699e-12
1.0653e-11
-1.75392e-11
1.75991e-11
-1.35511e-11
9.35328e-12
-7.9559e-12
8.87839e-12
-8.81272e-12
4.23117e-12
4.99812e-12
-1.52172e-11
2.14352e-11
-2.15908e-11
1.79008e-11
-1.51518e-11
1.66051e-11
-2.20144e-11
2.804e-11
-3.11215e-11
2.93069e-11
-2.30979e-11
1.43871e-11
-5.60203e-12
-1.61545e-12
6.65322e-12
-1.01533e-11
1.30394e-11
-1.60924e-11
1.93998e-11
-2.30158e-11
2.70436e-11
-3.17663e-11
3.65768e-11
-3.97332e-11
3.85587e-11
-3.13334e-11
1.85436e-11
-3.47169e-12
-9.38353e-12
1.58689e-11
-1.38372e-11
3.35578e-12
1.28827e-11
-3.00935e-11
4.22413e-11
-4.4832e-11
3.73172e-11
-2.41053e-11
1.16517e-11
-4.41445e-12
1.90578e-12
-3.39905e-13
-3.63781e-12
9.52752e-12
-1.36904e-11
1.2274e-11
-4.65679e-12
-6.24862e-12
1.56742e-11
-2.01346e-11
1.88643e-11
-1.40667e-11
9.2357e-12
-7.76452e-12
1.12852e-11
-1.93092e-11
2.91231e-11
-3.72487e-11
4.07807e-11
-3.89163e-11
3.26753e-11
-2.42143e-11
1.53851e-11
-7.51852e-12
1.11712e-12
3.78091e-12
-7.94809e-12
1.24077e-11
-1.80393e-11
2.46106e-11
-3.11728e-11
3.64679e-11
-3.96759e-11
3.97079e-11
-3.50667e-11
2.43046e-11
-8.29311e-12
-8.82048e-12
2.06501e-11
-2.25396e-11
1.44979e-11
-1.57734e-12
-9.79761e-12
1.57053e-11
-1.68225e-11
1.63688e-11
-1.69817e-11
1.83053e-11
-1.80529e-11
1.41606e-11
-6.93912e-12
-1.27571e-12
7.11879e-12
-7.866e-12
2.07114e-12
9.3668e-12
-2.31162e-11
3.38486e-11
-3.68282e-11
3.03739e-11
-1.74916e-11
4.24368e-12
3.15488e-12
-1.68126e-12
-7.70514e-12
2.08446e-11
-3.29882e-11
4.06768e-11
-4.3179e-11
4.18354e-11
-3.88498e-11
3.52794e-11
-3.06943e-11
2.3752e-11
-1.41658e-11
3.32105e-12
6.15525e-12
-1.25938e-11
1.63236e-11
-1.94198e-11
2.32434e-11
-2.70129e-11
2.79792e-11
-2.41456e-11
1.59717e-11
-6.33509e-12
-2.0528e-12
8.19863e-12
-1.29416e-11
1.70218e-11
-2.02883e-11
2.17816e-11
-2.11105e-11
1.84956e-11
-1.44956e-11
9.21586e-12
-3.12957e-12
-2.28777e-12
4.37041e-12
-1.44212e-12
-5.18808e-12
1.04977e-11
-8.63619e-12
-3.31552e-12
2.25095e-11
-4.17375e-11
5.31608e-11
-5.27996e-11
4.18864e-11
-2.57557e-11
1.04826e-11
-4.85922e-13
-3.03509e-12
1.461e-12
2.42429e-12
-6.62243e-12
1.07709e-11
-1.6057e-11
2.3232e-11
-3.14088e-11
3.77337e-11
-3.91947e-11
3.41111e-11
-2.33488e-11
9.71363e-12
2.78553e-12
-1.05465e-11
1.13341e-11
-5.57496e-12
-3.77079e-12
1.20239e-11
-1.5389e-11
1.28707e-11
-7.0699e-12
1.97522e-12
-3.78527e-13
2.09617e-12
-5.42875e-12
9.24754e-12
-1.43688e-11
2.18609e-11
-3.11151e-11
3.90272e-11
-4.23594e-11
4.01529e-11
-3.47824e-11
2.96736e-11
-2.67968e-11
2.51803e-11
-2.24215e-11
1.6507e-11
-7.30859e-12
-4.03501e-12
1.5701e-11
-2.59668e-11
3.29266e-11
-3.51123e-11
3.20814e-11
-2.54559e-11
1.80312e-11
-1.21554e-11
7.66722e-12
-2.44807e-12
-5.55798e-12
1.55845e-11
-2.40535e-11
2.65102e-11
-2.1009e-11
9.48872e-12
2.64632e-12
-9.47733e-12
7.38219e-12
2.63404e-12
-1.54675e-11
2.41069e-11
-2.34728e-11
1.26771e-11
4.50152e-12
-2.21493e-11
3.50292e-11
-4.10156e-11
4.08461e-11
-3.68898e-11
3.1117e-11
-2.46714e-11
1.78174e-11
-1.07957e-11
3.86576e-12
2.07563e-12
-5.46501e-12
3.92095e-12
4.14843e-12
-1.78838e-11
3.27432e-11
-4.24654e-11
4.24246e-11
-3.29619e-11
1.8902e-11
-6.54298e-12
-4.21582e-13
1.90341e-12
-1.19213e-13
-3.18028e-12
7.33998e-12
-1.21421e-11
1.62382e-11
-1.76505e-11
1.50786e-11
-9.57376e-12
3.79194e-12
-3.82607e-13
1.28112e-13
-2.48001e-12
6.64263e-12
-1.26408e-11
2.02963e-11
-2.84824e-11
3.50162e-11
-3.84974e-11
3.92187e-11
-3.89623e-11
3.88219e-11
-3.8125e-11
3.4625e-11
-2.68619e-11
1.56375e-11
-4.19992e-12
-4.13798e-12
8.03621e-12
-9.15826e-12
1.04424e-11
-1.40838e-11
1.97049e-11
-2.47997e-11
2.58601e-11
-2.05696e-11
8.98524e-12
5.7414e-12
-1.87889e-11
2.56921e-11
-2.50026e-11
1.88533e-11
-1.2047e-11
9.17024e-12
-1.2534e-11
2.09195e-11
-3.06239e-11
3.69776e-11
-3.67263e-11
2.92183e-11
-1.69625e-11
3.98682e-12
6.24542e-12
-1.31745e-11
1.8926e-11
-2.64214e-11
3.6053e-11
-4.46181e-11
4.67125e-11
-3.88539e-11
2.2218e-11
-2.77487e-12
-1.23299e-11
1.83376e-11
-1.49481e-11
5.11348e-12
6.64657e-12
-1.60574e-11
1.96382e-11
-1.59411e-11
6.21055e-12
5.36875e-12
-1.38629e-11
1.61104e-11
-1.27099e-11
6.73004e-12
-1.0857e-12
-4.13061e-12
1.09266e-11
-2.08627e-11
3.21759e-11
-4.04405e-11
4.1375e-11
-3.42411e-11
2.19428e-11
-9.11869e-12
-7.08531e-13
5.69991e-12
-5.38207e-12
-2.76867e-13
1.02362e-11
-2.20835e-11
3.20745e-11
-3.70716e-11
3.5992e-11
-3.04795e-11
2.32006e-11
-1.63016e-11
1.04425e-11
-5.97111e-12
3.64253e-12
-4.68594e-12
9.09826e-12
-1.50127e-11
1.91771e-11
-1.93273e-11
1.54364e-11
-9.78061e-12
4.90099e-12
-2.2331e-12
1.40877e-12
-1.4883e-12
1.87833e-12
-3.18779e-12
6.50867e-12
-1.28058e-11
2.17919e-11
-3.19597e-11
4.06595e-11
-4.5375e-11
4.46019e-11
-3.90081e-11
3.10436e-11
-2.40787e-11
2.03404e-11
-1.99293e-11
2.05258e-11
-1.90613e-11
1.32639e-11
-3.28595e-12
-8.43155e-12
1.7838e-11
-2.14193e-11
1.78663e-11
-9.4034e-12
5.39857e-13
4.33587e-12
-4.07607e-12
1.262e-12
-5.83943e-13
5.231e-12
-1.49475e-11
2.60715e-11
-3.43883e-11
3.75701e-11
-3.6502e-11
3.38203e-11
-3.21556e-11
3.24168e-11
-3.38764e-11
3.4261e-11
-3.06777e-11
2.04639e-11
-3.38345e-12
-1.71642e-11
3.44617e-11
-4.20742e-11
3.75794e-11
-2.46242e-11
1.04764e-11
-1.70888e-12
1.22547e-13
-2.80353e-12
4.88949e-12
-3.54688e-12
-9.5164e-13
6.31878e-12
-1.08351e-11
1.40438e-11
-1.65481e-11
1.89626e-11
-2.21404e-11
2.68339e-11
-3.31186e-11
3.87504e-11
-3.94099e-11
3.06695e-11
-1.17916e-11
-1.26919e-11
3.44087e-11
-4.60606e-11
4.53088e-11
-3.57759e-11
2.36488e-11
-1.38781e-11
7.8963e-12
-4.91535e-12
3.70767e-12
-3.90095e-12
5.14912e-12
-6.75713e-12
7.62943e-12
-7.3864e-12
6.17229e-12
-4.05457e-12
-1.04145e-13
7.68016e-12
-1.85977e-11
2.95224e-11
-3.50843e-11
3.07719e-11
-1.64074e-11
-3.63227e-12
2.26695e-11
-3.5645e-11
4.07807e-11
-3.92969e-11
3.32383e-11
-2.45859e-11
1.50384e-11
-6.75998e-12
1.72688e-12
-1.01408e-12
3.89046e-12
-8.71154e-12
1.38087e-11
-1.84048e-11
2.18103e-11
-2.29378e-11
2.00759e-11
-1.24427e-11
1.22953e-12
1.00049e-11
-1.72247e-11
1.77691e-11
-1.18042e-11
1.43344e-12
1.04955e-11
-2.17656e-11
3.05369e-11
-3.53412e-11
3.49419e-11
-2.93518e-11
2.0014e-11
-9.77458e-12
1.53944e-12
2.47794e-12
-1.62361e-12
-3.55526e-12
1.13953e-11
-1.98813e-11
2.67411e-11
-3.02272e-11
2.93837e-11
-2.47662e-11
1.79399e-11
-1.09887e-11
5.35387e-12
-1.87136e-12
7.64524e-13
-2.30637e-12
6.4815e-12
-1.2973e-11
2.05541e-11
-2.73777e-11
3.10477e-11
-2.97624e-11
2.30337e-11
-1.26132e-11
1.80428e-12
5.5639e-12
-7.07325e-12
2.46085e-12
6.10975e-12
-1.54771e-11
2.27618e-11
-2.68198e-11
2.79753e-11
-2.7472e-11
2.62167e-11
-2.47015e-11
2.28008e-11
-2.03413e-11
1.71055e-11
-1.3584e-11
1.09573e-11
-1.10172e-11
1.46778e-11
-2.10726e-11
2.70721e-11
-2.89437e-11
2.42711e-11
-1.39653e-11
1.84118e-12
7.13701e-12
-9.87609e-12
6.31685e-12
8.98903e-13
-8.68441e-12
1.48286e-11
-1.87721e-11
2.09311e-11
-2.24865e-11
2.45389e-11
-2.77201e-11
3.12357e-11
-3.32413e-11
3.16781e-11
-2.62658e-11
1.91246e-11
-1.42057e-11
1.44772e-11
-1.97971e-11
2.62646e-11
-2.88874e-11
2.46544e-11
-1.46751e-11
2.91229e-12
6.15508e-12
-1.00602e-11
8.62401e-12
-3.57316e-12
-2.79468e-12
8.15888e-12
-1.12497e-11
1.21983e-11
-1.2962e-11
1.60281e-11
-2.28072e-11
3.17228e-11
-3.88362e-11
4.01091e-11
-3.48164e-11
2.62347e-11
-1.97572e-11
1.88338e-11
-2.29622e-11
2.8121e-11
-2.99566e-11
2.61316e-11
-1.74514e-11
6.60345e-12
3.06982e-12
-9.03994e-12
9.92464e-12
-6.23817e-12
2.16669e-13
4.66423e-12
-5.97138e-12
4.04889e-12
-2.54025e-12
5.63864e-12
-1.49099e-11
2.73475e-11
-3.74651e-11
4.08414e-11
-3.73136e-11
3.04679e-11
-2.51428e-11
2.40324e-11
-2.67651e-11
3.05593e-11
-3.24244e-11
3.02096e-11
-2.33915e-11
1.29104e-11
-1.56174e-12
-6.93261e-12
9.4546e-12
-6.00812e-12
-8.15987e-15
3.63941e-12
-2.28999e-12
-2.40557e-12
5.42895e-12
-2.38586e-12
-7.45725e-12
2.03984e-11
-3.12014e-11
3.62362e-11
-3.55323e-11
3.16488e-11
-2.78802e-11
2.63543e-11
-2.78802e-11
3.16488e-11
-3.55323e-11
3.62363e-11
-3.12015e-11
2.03985e-11
-7.45727e-12
-2.38594e-12
5.42918e-12
-2.40592e-12
-2.2896e-12
3.63909e-12
-7.96134e-15
-6.0082e-12
9.45461e-12
-6.93262e-12
-1.56171e-12
1.29104e-11
-2.33914e-11
3.02095e-11
-3.24243e-11
3.05591e-11
-2.67649e-11
2.40322e-11
-2.51426e-11
3.04677e-11
-3.73135e-11
4.08413e-11
-3.74651e-11
2.73476e-11
-1.49102e-11
5.63898e-12
-2.5406e-12
4.04918e-12
-5.9716e-12
4.66439e-12
2.16533e-13
-6.23805e-12
9.92453e-12
-9.03984e-12
3.06972e-12
6.60358e-12
-1.74516e-11
2.61319e-11
-2.99569e-11
2.81213e-11
-2.29625e-11
1.88341e-11
-1.97574e-11
2.62348e-11
-3.48163e-11
4.01089e-11
-3.8836e-11
3.17225e-11
-2.2807e-11
1.60278e-11
-1.29618e-11
1.21981e-11
-1.12495e-11
8.15862e-12
-2.79443e-12
-3.57335e-12
8.62415e-12
-1.00604e-11
6.15524e-12
2.91203e-12
-1.46748e-11
2.4654e-11
-2.88871e-11
2.62644e-11
-1.9797e-11
1.44773e-11
-1.42058e-11
1.91248e-11
-2.6266e-11
3.16782e-11
-3.32414e-11
3.12357e-11
-2.77202e-11
2.4539e-11
-2.24868e-11
2.09314e-11
-1.87724e-11
1.48289e-11
-8.68464e-12
8.99111e-13
6.31661e-12
-9.87579e-12
7.13668e-12
1.84148e-12
-1.39655e-11
2.42711e-11
-2.89437e-11
2.70719e-11
-2.10723e-11
1.46775e-11
-1.10169e-11
1.09571e-11
-1.35839e-11
1.71055e-11
-2.03412e-11
2.28007e-11
-2.47013e-11
2.62164e-11
-2.74716e-11
2.7975e-11
-2.68194e-11
2.27615e-11
-1.54768e-11
6.10943e-12
2.46114e-12
-7.07347e-12
5.56403e-12
1.80426e-12
-1.26133e-11
2.3034e-11
-2.97627e-11
3.10481e-11
-2.73781e-11
2.05544e-11
-1.29733e-11
6.48171e-12
-2.30655e-12
7.64707e-13
-1.87156e-12
5.35411e-12
-1.0989e-11
1.79402e-11
-2.47665e-11
2.93841e-11
-3.02275e-11
2.67413e-11
-1.98815e-11
1.13954e-11
-3.55534e-12
-1.6236e-12
2.47802e-12
1.53925e-12
-9.77429e-12
2.00136e-11
-2.93514e-11
3.49414e-11
-3.53407e-11
3.05365e-11
-2.17653e-11
1.04953e-11
1.43363e-12
-1.18044e-11
1.77693e-11
-1.72249e-11
1.00051e-11
1.22938e-12
-1.24426e-11
2.00759e-11
-2.29378e-11
2.18104e-11
-1.84048e-11
1.38087e-11
-8.71152e-12
3.89048e-12
-1.01418e-12
1.72709e-12
-6.76033e-12
1.50388e-11
-2.45864e-11
3.32388e-11
-3.92972e-11
4.07808e-11
-3.56451e-11
2.26695e-11
-3.63227e-12
-1.64074e-11
3.07719e-11
-3.50844e-11
2.95225e-11
-1.85978e-11
7.68032e-12
-1.04247e-13
-4.05456e-12
6.17238e-12
-7.38659e-12
7.62967e-12
-6.75731e-12
5.14915e-12
-3.9008e-12
3.70739e-12
-4.91503e-12
7.89607e-12
-1.3878e-11
2.36489e-11
-3.57761e-11
4.53091e-11
-4.60609e-11
3.4409e-11
-1.26922e-11
-1.17914e-11
3.06694e-11
-3.94097e-11
3.87502e-11
-3.31186e-11
2.6834e-11
-2.21406e-11
1.8963e-11
-1.65485e-11
1.40442e-11
-1.08354e-11
6.31891e-12
-9.51664e-13
-3.54689e-12
4.88944e-12
-2.80337e-12
1.22237e-13
-1.70845e-12
1.04759e-11
-2.46238e-11
3.75791e-11
-4.2074e-11
3.44616e-11
-1.71641e-11
-3.38351e-12
2.04639e-11
-3.06776e-11
3.42608e-11
-3.38762e-11
3.24165e-11
-3.21553e-11
3.38199e-11
-3.65017e-11
3.75698e-11
-3.4388e-11
2.60712e-11
-1.49472e-11
5.23069e-12
-5.83568e-13
1.2616e-12
-4.07571e-12
4.33558e-12
5.40061e-13
-9.40352e-12
1.78663e-11
-2.14192e-11
1.78379e-11
-8.43133e-12
-3.28616e-12
1.32641e-11
-1.90614e-11
2.05259e-11
-1.99293e-11
2.03405e-11
-2.40788e-11
3.10437e-11
-3.90083e-11
4.46021e-11
-4.53752e-11
4.06598e-11
-3.19599e-11
2.17921e-11
-1.2806e-11
6.50886e-12
-3.18795e-12
1.87842e-12
-1.48828e-12
1.40864e-12
-2.23288e-12
4.90077e-12
-9.78044e-12
1.54363e-11
-1.93273e-11
1.91772e-11
-1.50127e-11
9.09839e-12
-4.68609e-12
3.64269e-12
-5.97125e-12
1.04426e-11
-1.63017e-11
2.32007e-11
-3.04795e-11
3.5992e-11
-3.70715e-11
3.20744e-11
-2.20834e-11
1.02361e-11
-2.76798e-13
-5.38214e-12
5.7e-12
-7.08638e-13
-9.11859e-12
2.19428e-11
-3.42411e-11
4.1375e-11
-4.04405e-11
3.21758e-11
-2.08625e-11
1.09264e-11
-4.13048e-12
-1.08579e-12
6.73009e-12
-1.271e-11
1.61104e-11
-1.38629e-11
5.36878e-12
6.21052e-12
-1.59411e-11
1.96382e-11
-1.60576e-11
6.64679e-12
5.1132e-12
-1.49478e-11
1.83374e-11
-1.23297e-11
-2.77511e-12
2.22183e-11
-3.88542e-11
4.67128e-11
-4.46184e-11
3.60531e-11
-2.64214e-11
1.89258e-11
-1.31742e-11
6.24513e-12
3.98704e-12
-1.69626e-11
2.92183e-11
-3.67263e-11
3.69776e-11
-3.0624e-11
2.09196e-11
-1.25341e-11
9.17034e-12
-1.20471e-11
1.88534e-11
-2.50028e-11
2.56924e-11
-1.87895e-11
5.74201e-12
8.9846e-12
-2.0569e-11
2.58597e-11
-2.47995e-11
1.97049e-11
-1.40839e-11
1.04426e-11
-9.15843e-12
8.03628e-12
-4.13796e-12
-4.19997e-12
1.56375e-11
-2.6862e-11
3.4625e-11
-3.81251e-11
3.8822e-11
-3.89624e-11
3.92188e-11
-3.84973e-11
3.5016e-11
-2.84822e-11
2.0296e-11
-1.26404e-11
6.64214e-12
-2.47948e-12
1.27612e-13
-3.82205e-13
3.79167e-12
-9.57357e-12
1.50785e-11
-1.76504e-11
1.62381e-11
-1.21419e-11
7.33978e-12
-3.18006e-12
-1.19427e-13
1.90361e-12
-4.21714e-13
-6.54292e-12
1.8902e-11
-3.29619e-11
4.24247e-11
-4.24654e-11
3.27432e-11
-1.78838e-11
4.14847e-12
3.92088e-12
-5.46491e-12
2.07554e-12
3.86584e-12
-1.07957e-11
1.78175e-11
-2.46715e-11
3.11171e-11
-3.68898e-11
4.08461e-11
-4.10155e-11
3.50291e-11
-2.21493e-11
4.50163e-12
1.2677e-11
-2.34727e-11
2.4107e-11
-1.54677e-11
2.63429e-12
7.38199e-12
-9.47722e-12
2.64634e-12
9.48856e-12
-2.10087e-11
2.65099e-11
-2.40533e-11
1.55843e-11
-5.55786e-12
-2.44818e-12
7.66742e-12
-1.21557e-11
1.80317e-11
-2.54563e-11
3.20818e-11
-3.51126e-11
3.29268e-11
-2.59669e-11
1.5701e-11
-4.0351e-12
-7.30848e-12
1.65069e-11
-2.24215e-11
2.51803e-11
-2.67968e-11
2.96737e-11
-3.47825e-11
4.0153e-11
-4.23595e-11
3.90274e-11
-3.11154e-11
2.18612e-11
-1.43691e-11
9.24778e-12
-5.42893e-12
2.09636e-12
-3.7877e-13
1.97555e-12
-7.07028e-12
1.28711e-11
-1.53893e-11
1.2024e-11
-3.77071e-12
-5.57524e-12
1.13345e-11
-1.05469e-11
2.78585e-12
9.71345e-12
-2.33487e-11
3.4111e-11
-3.91945e-11
3.77334e-11
-3.14085e-11
2.32317e-11
-1.60568e-11
1.07708e-11
-6.62235e-12
2.42423e-12
1.4611e-12
-3.03527e-12
-4.85666e-13
1.04823e-11
-2.57555e-11
4.18864e-11
-5.27997e-11
5.3161e-11
-4.17378e-11
2.25097e-11
-3.31567e-12
-8.63607e-12
1.04976e-11
-5.18797e-12
-1.44221e-12
4.3705e-12
-2.28789e-12
-3.1294e-12
9.21564e-12
-1.44954e-11
1.84954e-11
-2.11103e-11
2.17814e-11
-2.02881e-11
1.70216e-11
-1.29415e-11
8.19857e-12
-2.05277e-12
-6.33507e-12
1.59717e-11
-2.41455e-11
2.79791e-11
-2.70129e-11
2.32434e-11
-1.94199e-11
1.63238e-11
-1.2594e-11
6.15546e-12
3.32088e-12
-1.41657e-11
2.37519e-11
-3.06942e-11
3.52793e-11
-3.88497e-11
4.18353e-11
-4.31788e-11
4.06767e-11
-3.29881e-11
2.08446e-11
-7.70511e-12
-1.68135e-12
3.15511e-12
4.2433e-12
-1.74911e-11
3.03734e-11
-3.68278e-11
3.38484e-11
-2.31162e-11
9.36692e-12
2.07089e-12
-7.86566e-12
7.11843e-12
-1.27534e-12
-6.93948e-12
1.4161e-11
-1.80533e-11
1.83058e-11
-1.69822e-11
1.63693e-11
-1.68229e-11
1.57056e-11
-9.79793e-12
-1.577e-12
1.44975e-11
-2.25392e-11
2.06496e-11
-8.82003e-12
-8.29341e-12
2.43048e-11
-3.50667e-11
3.97078e-11
-3.96758e-11
3.64679e-11
-3.11728e-11
2.46105e-11
-1.80392e-11
1.24076e-11
-7.94801e-12
3.78089e-12
1.1171e-12
-7.51848e-12
1.53851e-11
-2.42144e-11
3.26755e-11
-3.89165e-11
4.07809e-11
-3.72488e-11
2.9123e-11
-1.93089e-11
1.12849e-11
-7.76412e-12
9.23535e-12
-1.40664e-11
1.88641e-11
-2.01344e-11
1.5674e-11
-6.24837e-12
-4.65703e-12
1.22741e-11
-1.36903e-11
9.52724e-12
-3.6374e-12
-3.40312e-13
1.9061e-12
-4.41467e-12
1.16519e-11
-2.41056e-11
3.73176e-11
-4.48324e-11
4.22417e-11
-3.00938e-11
1.28829e-11
3.35571e-12
-1.38372e-11
1.58689e-11
-9.38349e-12
-3.47184e-12
1.85439e-11
-3.13338e-11
3.85591e-11
-3.97336e-11
3.6577e-11
-3.17665e-11
2.70437e-11
-2.30159e-11
1.93999e-11
-1.60923e-11
1.30392e-11
-1.0153e-11
6.65282e-12
-1.61501e-12
-5.60242e-12
1.43874e-11
-2.30981e-11
2.93069e-11
-3.11214e-11
2.804e-11
-2.20143e-11
1.6605e-11
-1.51516e-11
1.79005e-11
-2.15906e-11
2.1435e-11
-1.52171e-11
4.99811e-12
4.23118e-12
-8.81279e-12
8.87858e-12
-7.95619e-12
9.35366e-12
-1.35515e-11
1.75995e-11
-1.75394e-11
1.06531e-11
2.867e-12
-2.03157e-11
3.70715e-11
-4.82112e-11
4.98536e-11
-4.11981e-11
2.51046e-11
-7.52456e-12
-5.39406e-12
9.86586e-12
-6.11406e-12
-2.87538e-12
1.32606e-11
-2.24292e-11
2.90968e-11
-3.30946e-11
3.44899e-11
-3.36567e-11
3.09104e-11
-2.68894e-11
2.24634e-11
-1.90928e-11
1.78377e-11
-1.84134e-11
1.82863e-11
-1.42741e-11
4.92368e-12
7.36026e-12
-1.77262e-11
2.21149e-11
-2.06591e-11
1.7236e-11
-1.64807e-11
1.98745e-11
-2.51402e-11
2.81607e-11
-2.6499e-11
2.06732e-11
-1.35785e-11
7.98343e-12
-5.13895e-12
4.15079e-12
-3.061e-12
-3.35981e-13
7.06961e-12
-1.63463e-11
2.48932e-11
-2.82543e-11
2.27935e-11
-8.35658e-12
-1.14048e-11
3.03665e-11
-4.30158e-11
4.62856e-11
-4.05123e-11
2.85293e-11
-1.47245e-11
3.17261e-12
3.50086e-12
-5.04091e-12
2.53826e-12
2.69426e-12
-1.01614e-11
1.91273e-11
-2.77168e-11
3.28018e-11
-3.24388e-11
2.77759e-11
-2.31812e-11
2.28813e-11
-2.77216e-11
3.38919e-11
-3.58285e-11
3.00042e-11
-1.76341e-11
3.36186e-12
7.75103e-12
-1.35073e-11
1.49217e-11
-1.49918e-11
1.62058e-11
-1.94788e-11
2.37027e-11
-2.68855e-11
2.71802e-11
-2.44678e-11
2.04301e-11
-1.78281e-11
1.82359e-11
-2.09462e-11
2.30151e-11
-2.14512e-11
1.47906e-11
-4.02484e-12
-8.31071e-12
1.87273e-11
-2.38733e-11
2.12397e-11
-1.08154e-11
-4.53687e-12
1.98515e-11
-3.08575e-11
3.5629e-11
-3.4774e-11
2.94343e-11
-2.0396e-11
8.36739e-12
4.2278e-12
-1.33273e-11
1.49453e-11
-8.40143e-12
-2.79893e-12
1.2582e-11
-1.6464e-11
1.41787e-11
-9.92501e-12
9.167e-12
-1.53079e-11
2.72854e-11
-4.04074e-11
4.86534e-11
-4.81328e-11
3.87437e-11
-2.42163e-11
9.45871e-12
2.05087e-12
-1.00397e-11
1.6108e-11
-2.15982e-11
2.57846e-11
-2.70345e-11
2.4662e-11
-2.03618e-11
1.68391e-11
-1.60921e-11
1.81252e-11
-2.19287e-11
2.62697e-11
-3.02648e-11
3.2649e-11
-3.21174e-11
2.79153e-11
-2.09879e-11
1.33297e-11
-6.96898e-12
2.68774e-12
-6.3512e-13
9.86707e-13
-4.5387e-12
1.14661e-11
-2.03924e-11
2.78795e-11
-3.00918e-11
2.4637e-11
-1.24749e-11
-2.39392e-12
1.43587e-11
-1.92272e-11
1.62528e-11
-9.03444e-12
3.35614e-12
-3.9091e-12
1.07694e-11
-1.92596e-11
2.26398e-11
-1.68945e-11
3.01094e-12
1.38912e-11
-2.85386e-11
3.80878e-11
-4.2427e-11
4.18097e-11
-3.57435e-11
2.34599e-11
-6.16889e-12
-1.24435e-11
2.72636e-11
-3.45238e-11
3.32566e-11
-2.58048e-11
1.63817e-11
-9.5104e-12
7.70377e-12
-1.05462e-11
1.48928e-11
-1.74266e-11
1.68084e-11
-1.47198e-11
1.39839e-11
-1.64656e-11
2.15666e-11
-2.72914e-11
3.15521e-11
-3.34666e-11
3.30049e-11
-3.09061e-11
2.81521e-11
-2.59776e-11
2.47908e-11
-2.36965e-11
2.04121e-11
-1.31936e-11
2.4313e-12
8.62118e-12
-1.59913e-11
1.75156e-11
-1.46866e-11
1.12654e-11
-1.08497e-11
1.44291e-11
-2.06605e-11
2.71227e-11
-3.21573e-11
3.49401e-11
-3.52245e-11
3.2389e-11
-2.56965e-11
1.46332e-11
-2.97102e-13
-1.40745e-11
2.31824e-11
-2.22486e-11
1.00354e-11
8.89267e-12
-2.61558e-11
3.41238e-11
-3.0872e-11
2.06263e-11
-1.04632e-11
5.13665e-12
-5.01343e-12
6.97231e-12
-7.63342e-12
5.14071e-12
2.15726e-13
-7.08367e-12
1.35782e-11
-1.81254e-11
1.9423e-11
-1.67766e-11
9.63083e-12
2.05589e-12
-1.74705e-11
3.37969e-11
-4.66447e-11
5.14707e-11
-4.63779e-11
3.31543e-11
-1.66188e-11
1.70505e-12
8.55773e-12
-1.39808e-11
1.59353e-11
-1.63017e-11
1.63576e-11
-1.68575e-11
1.76164e-11
-1.78451e-11
1.64244e-11
-1.33479e-11
1.01234e-11
-9.34126e-12
1.24019e-11
-1.83233e-11
2.39542e-11
-2.66242e-11
2.59919e-11
-2.44438e-11
2.47956e-11
-2.83215e-11
3.36244e-11
-3.78765e-11
3.82154e-11
-3.3504e-11
2.46643e-11
-1.45558e-11
6.13327e-12
-8.97193e-13
-2.13524e-12
4.83133e-12
-8.02381e-12
1.03478e-11
-1.02571e-11
8.39103e-12
-8.52942e-12
1.46157e-11
-2.71795e-11
4.1498e-11
-5.0364e-11
4.83777e-11
-3.55636e-11
1.69941e-11
-1.83895e-13
-8.95215e-12
8.37546e-12
-6.24394e-13
-9.32782e-12
1.67521e-11
-1.9818e-11
1.94903e-11
-1.80117e-11
1.64802e-11
-1.46669e-11
1.20143e-11
-9.35149e-12
8.26807e-12
-9.49392e-12
1.10344e-11
-9.16926e-12
8.50798e-13
1.33774e-11
-2.92735e-11
4.0642e-11
-4.26832e-11
3.38437e-11
-1.65407e-11
-4.23746e-12
2.25205e-11
-3.37743e-11
3.62269e-11
-3.15444e-11
2.32302e-11
-1.47379e-11
7.57838e-12
-1.67345e-12
-3.75219e-12
8.83476e-12
-1.33292e-11
1.67918e-11
-1.90996e-11
1.9924e-11
-1.89866e-11
1.61361e-11
-1.19566e-11
7.08974e-12
-1.93667e-12
-3.48218e-12
8.14481e-12
-9.73264e-12
5.50058e-12
5.03786e-12
-1.9146e-11
3.19422e-11
-3.97813e-11
4.20374e-11
-4.08717e-11
3.85646e-11
-3.58832e-11
3.16429e-11
-2.43786e-11
1.36493e-11
-1.25038e-12
-9.40312e-12
1.46053e-11
-1.30714e-11
7.16881e-12
-2.23032e-12
2.80756e-12
-9.60455e-12
1.87554e-11
-2.51945e-11
2.62685e-11
-2.35204e-11
2.04564e-11
-1.96589e-11
2.09122e-11
-2.25727e-11
2.34465e-11
-2.42555e-11
2.65781e-11
-3.13364e-11
3.70996e-11
-4.05551e-11
3.80329e-11
-2.83968e-11
1.43562e-11
-1.94638e-12
-3.10503e-12
-1.07827e-12
1.06269e-11
-1.83786e-11
1.80872e-11
-8.38086e-12
-7.30038e-12
2.32579e-11
-3.52229e-11
4.14844e-11
-4.24173e-11
3.87519e-11
-3.13869e-11
2.15916e-11
-1.17892e-11
4.80505e-12
-2.96296e-12
6.58126e-12
-1.38107e-11
2.08566e-11
-2.38386e-11
2.06265e-11
-1.27772e-11
4.89861e-12
-2.30677e-12
7.27657e-12
-1.76634e-11
2.79286e-11
-3.26593e-11
2.88981e-11
-1.70965e-11
-6.88808e-14
1.85043e-11
-3.39166e-11
4.25851e-11
-4.29677e-11
3.60143e-11
-2.46962e-11
1.20729e-11
-5.52206e-13
-8.32205e-12
1.31813e-11
-1.35317e-11
1.0289e-11
-6.07384e-12
3.43123e-12
-3.30629e-12
4.16471e-12
-3.43649e-12
-1.03832e-12
9.54071e-12
-2.04942e-11
3.04292e-11
-3.52243e-11
3.16461e-11
-1.97666e-11
3.29202e-12
1.20219e-11
-2.19635e-11
2.55699e-11
-2.46436e-11
2.09565e-11
-1.49406e-11
5.95205e-12
5.66387e-12
-1.79514e-11
2.77884e-11
-3.28501e-11
3.25301e-11
-2.84049e-11
2.30452e-11
-1.87892e-11
1.59266e-11
-1.26416e-11
6.20192e-12
4.11691e-12
-1.5799e-11
2.402e-11
-2.53275e-11
2.00209e-11
-1.20746e-11
5.68329e-12
-2.47283e-12
7.41812e-13
1.923e-12
-6.15534e-12
9.56781e-12
-8.58873e-12
8.27735e-13
1.26898e-11
-2.79178e-11
3.95646e-11
-4.42877e-11
4.22215e-11
-3.67426e-11
3.14964e-11
-2.79329e-11
2.4392e-11
-1.85273e-11
9.89446e-12
-1.18001e-12
-4.16729e-12
4.80266e-12
-3.11707e-12
3.09448e-12
-7.20761e-12
1.40114e-11
-1.93661e-11
1.9245e-11
-1.30123e-11
3.90286e-12
2.45381e-12
-1.55362e-12
-7.57139e-12
2.14577e-11
-3.45552e-11
4.23204e-11
-4.39155e-11
4.15059e-11
-3.79377e-11
3.40521e-11
-2.90451e-11
2.23e-11
-1.54686e-11
1.14825e-11
-1.2214e-11
1.60659e-11
-1.87881e-11
1.59594e-11
-6.23071e-12
-7.90733e-12
2.10726e-11
-2.8072e-11
2.64622e-11
-1.83549e-11
9.15523e-12
-4.72104e-12
7.6245e-12
-1.62346e-11
2.62319e-11
-3.40845e-11
3.84852e-11
-3.9911e-11
3.85595e-11
-3.41546e-11
2.68272e-11
-1.8667e-11
1.29942e-11
-1.27175e-11
1.81136e-11
-2.66136e-11
3.34844e-11
-3.40814e-11
2.57739e-11
-9.94836e-12
-8.33938e-12
2.24507e-11
-2.81441e-11
2.5648e-11
-1.92261e-11
1.37356e-11
-1.21168e-11
1.45172e-11
-1.98069e-11
2.63774e-11
-3.25721e-11
3.62495e-11
-3.56959e-11
3.04031e-11
-2.19136e-11
1.30126e-11
-7.03208e-12
6.58394e-12
-1.28953e-11
2.44112e-11
-3.6726e-11
4.37464e-11
-4.11425e-11
2.87462e-11
-1.09308e-11
-6.34441e-12
1.84075e-11
-2.37368e-11
2.32785e-11
-1.96502e-11
1.58686e-11
-1.47261e-11
1.73683e-11
-2.29255e-11
2.87481e-11
-3.22444e-11
3.18088e-11
-2.72777e-11
1.9237e-11
-9.42678e-12
8.3156e-13
2.53531e-12
2.04788e-12
-1.41284e-11
2.93752e-11
-4.18645e-11
4.66561e-11
-4.20044e-11
2.92869e-11
-1.24568e-11
-3.6388e-12
1.47138e-11
-1.91503e-11
1.84134e-11
-1.61681e-11
1.55406e-11
-1.76857e-11
2.16263e-11
-2.58948e-11
2.90905e-11
-3.00294e-11
2.72151e-11
-1.9894e-11
9.02512e-12
2.01507e-12
-8.96765e-12
8.42967e-12
3.02809e-13
-1.51451e-11
3.14541e-11
-4.36686e-11
4.71095e-11
-4.0539e-11
2.67274e-11
-1.12091e-11
-1.18906e-12
8.46443e-12
-1.17716e-11
1.32678e-11
-1.46973e-11
1.67114e-11
-1.96643e-11
2.3461e-11
-2.7458e-11
2.99434e-11
-2.9036e-11
2.34039e-11
-1.33599e-11
8.43603e-13
1.04073e-11
-1.60025e-11
1.2433e-11
3.60987e-13
-1.83288e-11
3.46349e-11
-4.35121e-11
4.28894e-11
-3.4964e-11
2.37199e-11
-1.27328e-11
3.74239e-12
2.75976e-12
-7.21387e-12
1.03225e-11
-1.31199e-11
1.63143e-11
-2.03193e-11
2.48711e-11
-2.92512e-11
3.17206e-11
-2.99409e-11
2.18741e-11
-8.10376e-12
-7.37123e-12
1.82079e-11
-1.94571e-11
1.02538e-11
5.55611e-12
-2.20977e-11
3.41993e-11
-3.94637e-11
3.79952e-11
-3.17815e-11
2.32552e-11
-1.4631e-11
7.03853e-12
-1.49935e-12
-7.83028e-13
6.95375e-13
-6.97655e-14
8.43887e-14
2.49458e-14
4.09393e-15
0
