0
2.52774e-16
3.61324e-15
2.21251e-14
7.83836e-14
7.88083e-15
-9.76939e-14
1.58355e-12
-3.34596e-12
2.71224e-12
-7.15588e-13
2.41773e-12
-1.24262e-11
3.04893e-11
-5.05001e-11
6.30818e-11
-6.20798e-11
4.90948e-11
-3.22944e-11
1.92323e-11
-1.18509e-11
7.1831e-12
-2.45708e-12
-2.14937e-12
3.96795e-12
-1.24752e-12
-4.13897e-12
6.01039e-12
1.84656e-12
-2.00737e-11
4.15235e-11
-5.65066e-11
5.96561e-11
-5.2881e-11
4.18969e-11
-3.17286e-11
2.37442e-11
-1.6425e-11
7.95463e-12
2.95974e-13
-4.16238e-12
7.74458e-13
6.7833e-12
-1.09176e-11
5.24127e-12
1.0225e-11
-2.97235e-11
4.5616e-11
-5.30975e-11
5.21715e-11
-4.69322e-11
4.12605e-11
-3.5584e-11
2.74085e-11
-1.6053e-11
4.88686e-12
8.91952e-13
7.66618e-13
-7.05809e-12
1.18025e-11
-9.4344e-12
-1.81806e-12
1.82398e-11
-3.33324e-11
4.24206e-11
-4.5828e-11
4.64956e-11
-4.61199e-11
4.34471e-11
-3.67749e-11
2.62228e-11
-1.46522e-11
6.12138e-12
-3.80379e-12
7.0641e-12
-1.12568e-11
1.06056e-11
-3.00664e-12
-9.02444e-12
2.09722e-11
-3.0119e-11
3.61021e-11
-4.00346e-11
4.27743e-11
-4.4167e-11
4.24565e-11
-3.61005e-11
2.59508e-11
-1.59972e-11
1.01281e-11
-9.1228e-12
1.01466e-11
-9.60702e-12
5.21329e-12
2.83459e-12
-1.23446e-11
2.01429e-11
-2.47914e-11
2.76531e-11
-3.14441e-11
3.6621e-11
-4.07716e-11
4.07264e-11
-3.56299e-11
2.71607e-11
-1.86215e-11
1.28737e-11
-1.07322e-11
9.6926e-12
-6.10227e-12
-1.33526e-12
9.62436e-12
-1.46447e-11
1.50606e-11
-1.3683e-11
1.45935e-11
-2.02265e-11
2.93061e-11
-3.7453e-11
3.95888e-11
-3.43285e-11
2.53328e-11
-1.8213e-11
1.48356e-11
-1.22727e-11
6.4623e-12
2.91611e-12
-1.20658e-11
1.57508e-11
-1.16103e-11
2.50496e-12
4.03502e-12
-1.35452e-12
-1.06467e-11
2.46756e-11
-3.26388e-11
3.20721e-11
-2.69758e-11
2.24265e-11
-2.00367e-11
1.689e-11
-8.92973e-12
-4.70398e-12
1.85338e-11
-2.36812e-11
1.51156e-11
2.36151e-12
-1.72397e-11
2.01712e-11
-1.09194e-11
-3.35728e-12
1.44032e-11
-1.8846e-11
1.90379e-11
-1.98081e-11
2.24479e-11
-2.23472e-11
1.29359e-11
5.98224e-12
-2.54478e-11
3.32086e-11
-2.37989e-11
2.42248e-12
1.89766e-11
-3.01811e-11
2.8401e-11
-1.89753e-11
9.75088e-12
-4.40141e-12
-1.0652e-13
8.01755e-12
-1.80429e-11
2.23999e-11
-1.41166e-11
-5.8853e-12
2.78304e-11
-3.96006e-11
3.42412e-11
-1.44875e-11
-9.50499e-12
2.69434e-11
-3.38199e-11
3.36055e-11
-3.17611e-11
2.92813e-11
-2.31106e-11
1.12722e-11
2.67891e-12
-1.13851e-11
8.56355e-12
6.01821e-12
-2.56606e-11
3.96882e-11
-4.0189e-11
2.68948e-11
-6.8054e-12
-1.21374e-11
2.60281e-11
-3.52773e-11
4.08641e-11
-4.25893e-11
3.94625e-11
-3.15018e-11
2.04022e-11
-1.02534e-11
6.08696e-12
-1.08455e-11
2.20766e-11
-3.32449e-11
3.78885e-11
-3.34364e-11
2.10125e-11
-4.27765e-12
-1.21726e-11
2.43243e-11
-3.13388e-11
3.53381e-11
-3.86527e-11
4.07573e-11
-3.95688e-11
3.42996e-11
-2.71416e-11
2.16e-11
-2.0646e-11
2.45444e-11
-2.99738e-11
3.09231e-11
-2.35144e-11
9.88676e-12
2.79679e-12
-9.05104e-12
9.67652e-12
-1.06452e-11
1.70993e-11
-2.91971e-11
4.15891e-11
-4.73789e-11
4.30995e-11
-3.22682e-11
2.27012e-11
-1.98024e-11
2.124e-11
-1.99655e-11
1.1798e-11
-4.24458e-13
-6.13305e-12
2.69898e-12
7.96118e-12
-1.69006e-11
1.4953e-11
7.36397e-14
-2.12473e-11
3.69946e-11
-4.03175e-11
3.34536e-11
-2.43481e-11
1.80521e-11
-1.31699e-11
5.27085e-12
6.5955e-12
-1.78747e-11
2.11051e-11
-1.1724e-11
-7.76054e-12
2.74324e-11
-3.61709e-11
2.93942e-11
-1.23529e-11
-5.17781e-12
1.61486e-11
-1.94373e-11
1.69928e-11
-1.08656e-11
1.92978e-12
9.21673e-12
-2.15326e-11
3.19516e-11
-3.5585e-11
2.81734e-11
-1.03598e-11
-1.17979e-11
3.0131e-11
-3.91052e-11
3.72519e-11
-2.7065e-11
1.38665e-11
-4.33873e-12
2.73494e-12
-8.45456e-12
1.69381e-11
-2.41643e-11
2.90397e-11
-3.26437e-11
3.52337e-11
-3.52522e-11
2.97232e-11
-1.66111e-11
-2.82477e-12
2.23753e-11
-3.39781e-11
3.37197e-11
-2.61823e-11
2.07379e-11
-2.36081e-11
3.25857e-11
-4.01133e-11
3.99331e-11
-3.21787e-11
2.26577e-11
-1.852e-11
2.20763e-11
-2.84244e-11
2.89955e-11
-1.98297e-11
5.39283e-12
5.7108e-12
-9.61118e-12
1.02065e-11
-1.47488e-11
2.63487e-11
-4.12126e-11
5.08928e-11
-4.83769e-11
3.31851e-11
-1.29091e-11
-1.97436e-12
5.43525e-12
2.80705e-13
-8.6474e-12
1.4826e-11
-1.82851e-11
1.99904e-11
-1.98467e-11
1.62386e-11
-7.87608e-12
-5.18347e-12
2.03045e-11
-3.23551e-11
3.52439e-11
-2.60371e-11
7.2712e-12
1.39542e-11
-3.00066e-11
3.54118e-11
-2.86455e-11
1.27069e-11
5.17229e-12
-1.76568e-11
2.1981e-11
-2.12654e-11
1.98014e-11
-1.86238e-11
1.53711e-11
-8.68641e-12
9.1123e-13
2.39081e-12
3.6884e-12
-1.95586e-11
3.86472e-11
-5.0433e-11
4.76012e-11
-3.26339e-11
1.57456e-11
-6.21531e-12
4.6114e-12
-4.18321e-12
-2.00002e-12
1.46413e-11
-2.84827e-11
3.66502e-11
-3.62376e-11
3.03147e-11
-2.5766e-11
2.70568e-11
-3.22613e-11
3.48198e-11
-3.06941e-11
2.24221e-11
-1.66722e-11
1.74899e-11
-2.32961e-11
2.84496e-11
-2.73436e-11
1.68674e-11
1.69532e-12
-2.28494e-11
3.91003e-11
-4.54766e-11
4.15621e-11
-3.05971e-11
1.67274e-11
-4.09086e-12
-4.2076e-12
7.07421e-12
-5.98908e-12
2.40632e-12
4.18931e-12
-1.504e-11
2.76517e-11
-3.50683e-11
3.03249e-11
-1.30699e-11
-9.11738e-12
2.48878e-11
-2.62977e-11
1.32073e-11
6.49006e-12
-2.23724e-11
2.85458e-11
-2.76234e-11
2.64531e-11
-2.84046e-11
2.9526e-11
-2.36582e-11
9.57163e-12
6.84977e-12
-1.78813e-11
1.97473e-11
-1.50859e-11
1.0404e-11
-1.18305e-11
2.04097e-11
-3.12716e-11
3.72439e-11
-3.52873e-11
2.85664e-11
-2.3214e-11
2.28626e-11
-2.72895e-11
3.37377e-11
-3.87329e-11
3.82875e-11
-2.97032e-11
1.37253e-11
4.77324e-12
-2.0293e-11
3.01082e-11
-3.50421e-11
3.66302e-11
-3.52051e-11
2.95371e-11
-1.8681e-11
3.80835e-12
9.79352e-12
-1.42127e-11
4.11021e-12
1.6857e-11
-3.66541e-11
4.30156e-11
-3.30033e-11
1.39676e-11
3.1548e-12
-1.20049e-11
1.29152e-11
-1.02873e-11
7.64291e-12
-4.90834e-12
-1.32067e-12
1.33281e-11
-2.83796e-11
3.89793e-11
-3.90542e-11
2.91057e-11
-1.5787e-11
5.7527e-12
-1.36798e-12
6.59798e-13
-3.86065e-13
-2.50884e-12
9.7159e-12
-2.04833e-11
3.06252e-11
-3.51149e-11
3.18169e-11
-2.36607e-11
1.63781e-11
-1.52444e-11
2.20129e-11
-3.3954e-11
4.44431e-11
-4.72391e-11
4.10637e-11
-3.06414e-11
2.11295e-11
-1.26316e-11
5.31602e-13
1.74767e-11
-3.66243e-11
4.71738e-11
-4.22668e-11
2.3239e-11
5.19215e-13
-1.73267e-11
1.96778e-11
-8.79472e-12
-6.9317e-12
1.80684e-11
-2.10249e-11
1.85535e-11
-1.51095e-11
1.20088e-11
-8.26034e-12
3.47088e-12
8.552e-13
-3.28571e-12
3.0588e-12
4.64627e-13
-8.18956e-12
1.91506e-11
-2.97874e-11
3.57142e-11
-3.54458e-11
3.12792e-11
-2.76549e-11
2.7629e-11
-3.06544e-11
3.16583e-11
-2.39857e-11
4.75914e-12
2.03002e-11
-3.94311e-11
4.33531e-11
-3.30834e-11
1.824e-11
-8.79941e-12
7.90396e-12
-1.25567e-11
1.8261e-11
-2.31055e-11
2.77281e-11
-3.36028e-11
4.01437e-11
-4.36656e-11
3.88423e-11
-2.35273e-11
1.65337e-12
1.83128e-11
-2.91583e-11
2.84256e-11
-1.82714e-11
2.95421e-12
1.1921e-11
-2.07254e-11
2.05253e-11
-1.43773e-11
9.42224e-12
-1.09843e-11
1.74303e-11
-2.20993e-11
1.91226e-11
-8.34954e-12
-5.19951e-12
1.48518e-11
-1.71269e-11
1.396e-11
-1.13697e-11
1.37128e-11
-1.94996e-11
2.27695e-11
-2.02917e-11
1.58476e-11
-1.73028e-11
2.85086e-11
-4.55114e-11
5.93359e-11
-6.24254e-11
5.19736e-11
-3.04785e-11
4.26414e-12
1.82548e-11
-3.03828e-11
3.02373e-11
-2.14764e-11
1.01075e-11
-1.39216e-12
-2.31448e-12
1.75345e-12
-3.64294e-13
1.26718e-12
-4.11992e-12
4.58796e-12
6.44684e-13
-9.22062e-12
1.39839e-11
-1.03717e-11
1.39504e-12
4.64691e-12
-2.19333e-12
-7.09751e-12
1.61834e-11
-1.88987e-11
1.41351e-11
-6.78521e-12
4.46613e-12
-1.27155e-11
3.03876e-11
-5.01157e-11
6.29477e-11
-6.40003e-11
5.34485e-11
-3.47504e-11
1.26233e-11
7.02369e-12
-1.89642e-11
2.16562e-11
-1.88602e-11
1.57508e-11
-1.40479e-11
1.10428e-11
-4.66596e-12
-2.55342e-12
4.67297e-12
1.75604e-12
-1.42547e-11
2.54523e-11
-2.8231e-11
2.0285e-11
-6.45039e-12
-4.30176e-12
5.13525e-12
2.7882e-12
-1.16079e-11
1.35972e-11
-7.85129e-12
-3.36969e-13
4.48097e-12
-1.2695e-12
-9.67694e-12
2.65337e-11
-4.51512e-11
5.87899e-11
-6.16526e-11
5.29096e-11
-3.75416e-11
2.17575e-11
-8.77626e-12
-1.98941e-12
1.17639e-11
-2.00564e-11
2.40125e-11
-2.06769e-11
9.90359e-12
3.04213e-12
-9.54495e-12
3.59254e-12
1.20711e-11
-2.7305e-11
3.2386e-11
-2.59224e-11
1.43596e-11
-5.60244e-12
3.0313e-12
-5.5804e-12
1.00648e-11
-1.30521e-11
1.12378e-11
-3.66344e-12
-6.50703e-12
1.26426e-11
-9.27122e-12
-4.30145e-12
2.34057e-11
-4.12585e-11
5.22746e-11
-5.48238e-11
5.1145e-11
-4.50949e-11
3.79125e-11
-2.72052e-11
1.04185e-11
9.40199e-12
-2.3702e-11
2.49502e-11
-1.41235e-11
5.63247e-14
7.62073e-12
-5.43062e-12
-3.83105e-12
1.45467e-11
-2.18015e-11
2.24575e-11
-1.65487e-11
7.69105e-12
-1.81537e-12
2.92349e-12
-1.02431e-11
1.83618e-11
-2.10269e-11
1.47082e-11
-1.25369e-12
-1.26002e-11
1.8406e-11
-1.20153e-11
-3.31001e-12
1.955e-11
-3.14009e-11
3.97624e-11
-4.83308e-11
5.68169e-11
-6.00117e-11
5.27851e-11
-3.58244e-11
1.51002e-11
2.34397e-12
-1.23068e-11
1.36921e-11
-8.3455e-12
5.44626e-13
4.03167e-12
-1.89612e-12
-5.78078e-12
1.34937e-11
-1.5411e-11
8.93992e-12
3.08459e-12
-1.35767e-11
1.47472e-11
-4.06785e-12
-1.27299e-11
2.45893e-11
-2.38563e-11
1.20374e-11
2.1683e-12
-1.10971e-11
1.28744e-11
-9.75867e-12
3.19767e-12
6.96264e-12
-2.03359e-11
3.43311e-11
-4.61382e-11
5.41602e-11
-5.76382e-11
5.49929e-11
-4.50394e-11
2.91785e-11
-1.24331e-11
5.80372e-13
3.25034e-12
-8.0514e-13
-2.60616e-12
1.19187e-12
6.62788e-12
-1.60075e-11
1.79573e-11
-6.95173e-12
-1.34612e-11
3.21544e-11
-3.91922e-11
3.24819e-11
-1.75288e-11
1.5509e-12
1.01489e-11
-1.46054e-11
1.05467e-11
-2.23833e-13
-1.0273e-11
1.41399e-11
-9.40196e-12
-9.30052e-14
8.65899e-12
-1.42552e-11
1.89679e-11
-2.58523e-11
3.50509e-11
-4.34819e-11
4.66969e-11
-4.24065e-11
3.239e-11
-2.20516e-11
1.60344e-11
-1.42458e-11
1.16158e-11
-3.5727e-12
-9.06831e-12
2.00615e-11
-2.31204e-11
1.57226e-11
7.07452e-13
-2.27956e-11
4.48033e-11
-5.87693e-11
5.77792e-11
-4.22578e-11
2.137e-11
-7.14571e-12
5.10704e-12
-1.12228e-11
1.65053e-11
-1.49025e-11
6.48809e-12
4.05237e-12
-1.15933e-11
1.31918e-11
-9.59416e-12
4.22099e-12
-1.06797e-12
1.8946e-12
-6.07492e-12
1.17973e-11
-1.75919e-11
2.17735e-11
-2.26171e-11
1.93954e-11
-1.38102e-11
8.06046e-12
-2.16023e-12
-6.20761e-12
1.68933e-11
-2.41918e-11
1.99182e-11
-1.66308e-12
-2.36621e-11
4.44446e-11
-5.34045e-11
5.12594e-11
-4.39325e-11
3.69932e-11
-3.34761e-11
3.35986e-11
-3.51458e-11
3.33939e-11
-2.38441e-11
5.98093e-12
1.44566e-11
-2.84843e-11
2.9059e-11
-1.56199e-11
-5.72587e-12
2.50674e-11
-3.43302e-11
3.16865e-11
-2.25355e-11
1.45741e-11
-1.18155e-11
1.21958e-11
-1.17531e-11
9.27185e-12
-6.93345e-12
6.24999e-12
-6.17249e-12
4.89704e-12
-2.89886e-12
1.57887e-12
-4.19974e-13
-3.36334e-12
1.06043e-11
-1.80135e-11
2.10142e-11
-1.95693e-11
1.87535e-11
-2.36215e-11
3.30498e-11
-4.01318e-11
3.74759e-11
-2.30391e-11
1.12307e-12
1.98356e-11
-3.1572e-11
2.94319e-11
-1.48697e-11
-5.62205e-12
2.38662e-11
-3.45222e-11
3.68037e-11
-3.41475e-11
3.1879e-11
-3.48381e-11
4.37613e-11
-5.34617e-11
5.48514e-11
-4.22029e-11
1.87063e-11
4.81815e-12
-1.84757e-11
1.9804e-11
-1.32538e-11
3.97207e-12
5.47867e-12
-1.39904e-11
1.94338e-11
-2.02667e-11
1.78756e-11
-1.6066e-11
1.65561e-11
-1.71546e-11
1.45365e-11
-9.11218e-12
4.91282e-12
-5.40328e-12
9.33252e-12
-1.21239e-11
1.00023e-11
-3.40764e-12
-3.95416e-12
7.81356e-12
-6.58186e-12
2.38086e-12
-3.53918e-13
5.07572e-12
-1.72297e-11
3.22913e-11
-4.34469e-11
4.51289e-11
-3.55186e-11
1.65471e-11
5.92426e-12
-2.33381e-11
2.77972e-11
-1.80147e-11
1.37826e-12
1.08235e-11
-1.28874e-11
8.82544e-12
-7.94547e-12
1.59149e-11
-3.12435e-11
4.80446e-11
-6.08745e-11
6.56206e-11
-5.92978e-11
4.13817e-11
-1.70092e-11
-4.24925e-12
1.42717e-11
-1.26229e-11
5.5878e-12
-2.05467e-14
-2.37429e-12
4.27762e-12
-8.77482e-12
1.60484e-11
-2.41311e-11
3.05694e-11
-3.39646e-11
3.39058e-11
-3.11863e-11
2.70048e-11
-2.23427e-11
1.71449e-11
-1.12541e-11
5.02978e-12
3.39897e-13
-3.80464e-12
4.27315e-12
-7.88862e-13
-6.67045e-12
1.48149e-11
-1.75126e-11
9.91554e-12
5.82895e-12
-2.07908e-11
2.56813e-11
-1.85287e-11
5.06323e-12
6.81736e-12
-1.28992e-11
1.27724e-11
-7.82734e-12
4.82437e-13
4.47669e-12
-2.0462e-12
-7.97468e-12
1.77501e-11
-1.65149e-11
-4.43267e-13
2.68335e-11
-5.03364e-11
6.12581e-11
-5.77847e-11
4.40369e-11
-2.62934e-11
1.02739e-11
-4.44417e-13
-1.87511e-12
-4.50233e-13
1.63332e-12
2.20002e-12
-9.70246e-12
1.47892e-11
-1.14362e-11
-2.3016e-12
2.27682e-11
-4.30809e-11
5.64959e-11
-5.99828e-11
5.49421e-11
-4.55933e-11
3.53071e-11
-2.51632e-11
1.48972e-11
-5.39541e-12
-1.55559e-12
4.90161e-12
-5.50118e-12
4.15665e-12
-3.22122e-13
-6.89308e-12
1.57087e-11
-2.22678e-11
2.43943e-11
-2.4804e-11
2.79464e-11
-3.43221e-11
3.84111e-11
-3.42715e-11
2.17488e-11
-7.15015e-12
-2.7721e-12
5.3933e-12
-2.01967e-12
-5.44449e-12
1.4621e-11
-2.12017e-11
1.95924e-11
-8.29911e-12
-6.74228e-12
1.53389e-11
-1.17597e-11
-6.07816e-13
1.23002e-11
-1.58819e-11
1.03261e-11
-1.24695e-13
-8.78088e-12
1.12498e-11
-4.64724e-12
-9.75973e-12
2.54881e-11
-3.34937e-11
2.74104e-11
-8.50618e-12
-1.4984e-11
3.2726e-11
-3.85954e-11
3.32277e-11
-2.29465e-11
1.52264e-11
-1.43995e-11
1.89236e-11
-2.30525e-11
2.0791e-11
-1.01999e-11
-5.96466e-12
2.18436e-11
-3.13469e-11
2.98224e-11
-1.62492e-11
-5.48331e-12
2.71038e-11
-4.0839e-11
4.44628e-11
-4.24844e-11
4.08311e-11
-4.13436e-11
4.08938e-11
-3.62077e-11
2.72284e-11
-1.6305e-11
4.71906e-12
7.15398e-12
-1.73357e-11
2.11979e-11
-1.56323e-11
2.78671e-12
1.11153e-11
-2.20233e-11
3.09577e-11
-4.0836e-11
5.06096e-11
-5.53002e-11
5.11733e-11
-4.03516e-11
2.83602e-11
-1.89118e-11
1.15779e-11
-5.15494e-12
3.11131e-13
1.41693e-12
-9.76807e-13
1.00131e-12
-2.01612e-12
5.05124e-14
9.35191e-12
-2.56236e-11
4.17557e-11
-4.98068e-11
4.66477e-11
-3.54766e-11
2.20658e-11
-1.14505e-11
6.44155e-12
-7.87061e-12
1.36017e-11
-1.87128e-11
1.77192e-11
-9.18434e-12
-2.48683e-12
9.42112e-12
-6.15776e-12
-6.71484e-12
2.2659e-11
-3.34263e-11
3.3385e-11
-2.27358e-11
7.12622e-12
5.07511e-12
-7.63626e-12
-3.99998e-13
1.4151e-11
-2.60619e-11
2.95768e-11
-2.25743e-11
8.29961e-12
5.55816e-12
-1.11372e-11
5.28623e-12
7.33706e-12
-1.72526e-11
1.66651e-11
-5.24974e-12
-1.05241e-11
2.2185e-11
-2.43941e-11
1.60447e-11
1.0937e-13
-1.82947e-11
3.05076e-11
-3.05739e-11
1.88189e-11
-3.41084e-12
-5.68615e-12
4.48161e-12
2.0927e-12
-5.68481e-12
1.44008e-12
9.39116e-12
-2.2733e-11
3.43551e-11
-4.01939e-11
3.59091e-11
-2.02186e-11
-1.73928e-12
1.96037e-11
-2.55237e-11
2.01741e-11
-1.14041e-11
6.07097e-12
-4.85176e-12
3.81543e-12
-8.24149e-14
-6.55746e-12
1.56449e-11
-2.7693e-11
4.13082e-11
-5.10701e-11
5.01116e-11
-3.6906e-11
1.75472e-11
-1.06261e-12
-8.25763e-12
1.23119e-11
-1.47127e-11
1.58125e-11
-1.38282e-11
8.34379e-12
-1.42579e-12
-5.86139e-12
1.51548e-11
-2.8327e-11
4.29488e-11
-5.2951e-11
5.36353e-11
-4.61354e-11
3.52243e-11
-2.43664e-11
1.3273e-11
-1.15956e-12
-1.02039e-11
1.70738e-11
-1.77811e-11
1.38343e-11
-7.59422e-12
-8.56184e-13
1.24791e-11
-2.63904e-11
3.87677e-11
-4.62306e-11
4.86039e-11
-4.83619e-11
4.66685e-11
-4.19726e-11
3.20256e-11
-1.75326e-11
2.13099e-12
1.00506e-11
-1.70014e-11
1.82037e-11
-1.36286e-11
3.59439e-12
9.60677e-12
-2.21498e-11
3.08431e-11
-3.58106e-11
3.95828e-11
-4.42748e-11
4.88821e-11
-5.02478e-11
4.54267e-11
-3.40229e-11
1.80068e-11
-1.10385e-12
-1.2465e-11
1.878e-11
-1.61678e-11
6.20634e-12
6.47149e-12
-1.70711e-11
2.32139e-11
-2.6232e-11
2.93061e-11
-3.50428e-11
4.31682e-11
-5.06649e-11
5.30192e-11
-4.69942e-11
3.24538e-11
-1.32729e-11
-4.4443e-12
1.489e-11
-1.55091e-11
7.73667e-12
3.67267e-12
-1.3437e-11
1.82597e-11
-1.88773e-11
1.91857e-11
-2.36699e-11
3.3618e-11
-4.59217e-11
5.44696e-11
-5.41243e-11
4.33983e-11
-2.53846e-11
5.95134e-12
8.36653e-12
-1.32141e-11
8.18063e-12
2.3876e-12
-1.19034e-11
1.5464e-11
-1.34886e-11
1.09422e-11
-1.35986e-11
2.34321e-11
-3.765e-11
5.03745e-11
-5.6019e-11
5.12434e-11
-3.65734e-11
1.65711e-11
1.08423e-12
-9.53986e-12
6.77356e-12
2.65473e-12
-1.11853e-11
1.35227e-11
-1.0212e-11
6.01021e-12
-6.27499e-12
1.35832e-11
-2.71631e-11
4.29318e-11
-5.47471e-11
5.63727e-11
-4.54839e-11
2.60009e-11
-6.87772e-12
-3.74496e-12
3.48289e-12
3.3631e-12
-1.01474e-11
1.22619e-11
-9.33709e-12
4.06729e-12
-9.23914e-13
4.26253e-12
-1.63548e-11
3.45467e-11
-5.13852e-11
5.82329e-11
-5.13854e-11
3.4547e-11
-1.63551e-11
4.26274e-12
-9.24114e-13
4.06753e-12
-9.33736e-12
1.22622e-11
-1.01478e-11
3.36357e-12
3.48233e-12
-3.74444e-12
-6.87805e-12
2.6001e-11
-4.54838e-11
5.63727e-11
-5.47471e-11
4.29317e-11
-2.7163e-11
1.35831e-11
-6.27481e-12
6.00991e-12
-1.02115e-11
1.35221e-11
-1.11847e-11
2.65415e-12
6.77404e-12
-9.54021e-12
1.08442e-12
1.6571e-11
-3.65734e-11
5.12434e-11
-5.6019e-11
5.03746e-11
-3.76502e-11
2.34324e-11
-1.35989e-11
1.09426e-11
-1.34891e-11
1.54645e-11
-1.1904e-11
2.38812e-12
8.18026e-12
-1.32139e-11
8.3665e-12
5.95129e-12
-2.53845e-11
4.33982e-11
-5.41242e-11
5.44694e-11
-4.59216e-11
3.36179e-11
-2.36697e-11
1.91853e-11
-1.88767e-11
1.82591e-11
-1.34365e-11
3.67241e-12
7.73675e-12
-1.55091e-11
1.48899e-11
-4.44416e-12
-1.32731e-11
3.24539e-11
-4.69941e-11
5.3019e-11
-5.06648e-11
4.31684e-11
-3.50432e-11
2.93065e-11
-2.62324e-11
2.32141e-11
-1.70712e-11
6.47159e-12
6.20635e-12
-1.61679e-11
1.87802e-11
-1.2465e-11
-1.10407e-12
1.8007e-11
-3.40231e-11
4.54267e-11
-5.02477e-11
4.88819e-11
-4.42747e-11
3.95827e-11
-3.58105e-11
3.08431e-11
-2.21499e-11
9.60686e-12
3.59435e-12
-1.36287e-11
1.82039e-11
-1.70016e-11
1.00508e-11
2.13081e-12
-1.75325e-11
3.20254e-11
-4.19723e-11
4.66683e-11
-4.83617e-11
4.86037e-11
-4.62304e-11
3.87675e-11
-2.63903e-11
1.24792e-11
-8.56392e-13
-7.59397e-12
1.3834e-11
-1.77809e-11
1.70735e-11
-1.02036e-11
-1.15995e-12
1.32734e-11
-2.43669e-11
3.52248e-11
-4.61359e-11
5.36357e-11
-5.29512e-11
4.29488e-11
-2.83269e-11
1.51548e-11
-5.86138e-12
-1.4258e-12
8.34387e-12
-1.38284e-11
1.58128e-11
-1.47131e-11
1.23124e-11
-8.25826e-12
-1.06203e-12
1.75468e-11
-3.69058e-11
5.01116e-11
-5.107e-11
4.1308e-11
-2.76927e-11
1.56446e-11
-6.55719e-12
-8.25724e-14
3.81542e-12
-4.85154e-12
6.07056e-12
-1.14036e-11
2.01737e-11
-2.55236e-11
1.96038e-11
-1.73935e-12
-2.02187e-11
3.59095e-11
-4.01945e-11
3.43558e-11
-2.27336e-11
9.39158e-12
1.43991e-12
-5.68489e-12
2.09295e-12
4.48137e-12
-5.68608e-12
-3.41068e-12
1.88186e-11
-3.05736e-11
3.05075e-11
-1.82949e-11
1.09852e-13
1.60441e-11
-2.43936e-11
2.21846e-11
-1.0524e-11
-5.24965e-12
1.66649e-11
-1.72525e-11
7.33705e-12
5.28607e-12
-1.1137e-11
5.55796e-12
8.29966e-12
-2.25742e-11
2.95765e-11
-2.60616e-11
1.41507e-11
-3.99831e-13
-7.63628e-12
5.07499e-12
7.12641e-12
-2.2736e-11
3.33851e-11
-3.34263e-11
2.26589e-11
-6.71481e-12
-6.15773e-12
9.42105e-12
-2.48677e-12
-9.18437e-12
1.77192e-11
-1.87128e-11
1.36016e-11
-7.87053e-12
6.44145e-12
-1.14504e-11
2.20659e-11
-3.54767e-11
4.66477e-11
-4.98068e-11
4.17556e-11
-2.56235e-11
9.35187e-12
5.05219e-14
-2.01614e-12
1.00133e-12
-9.76781e-13
1.41683e-12
3.11263e-13
-5.155e-12
1.15778e-11
-1.89117e-11
2.836e-11
-4.03515e-11
5.11732e-11
-5.53002e-11
5.06096e-11
-4.08361e-11
3.09578e-11
-2.20233e-11
1.11152e-11
2.78697e-12
-1.56325e-11
2.11982e-11
-1.73358e-11
7.15392e-12
4.7192e-12
-1.63052e-11
2.72285e-11
-3.62078e-11
4.08938e-11
-4.13437e-11
4.08312e-11
-4.24847e-11
4.44631e-11
-4.08394e-11
2.71042e-11
-5.48372e-12
-1.62489e-11
2.98222e-11
-3.13469e-11
2.18436e-11
-5.96473e-12
-1.01998e-11
2.07909e-11
-2.30523e-11
1.89234e-11
-1.43992e-11
1.52261e-11
-2.29462e-11
3.32273e-11
-3.85951e-11
3.27258e-11
-1.4984e-11
-8.50613e-12
2.74104e-11
-3.34936e-11
2.54879e-11
-9.75953e-12
-4.64744e-12
1.125e-11
-8.78104e-12
-1.24548e-13
1.0326e-11
-1.5882e-11
1.23005e-11
-6.08185e-13
-1.17594e-11
1.53387e-11
-6.74211e-12
-8.29925e-12
1.95925e-11
-2.12017e-11
1.46211e-11
-5.44455e-12
-2.01964e-12
5.39339e-12
-2.7724e-12
-7.14963e-12
2.17482e-11
-3.4271e-11
3.84106e-11
-3.43218e-11
2.79462e-11
-2.4804e-11
2.43943e-11
-2.22679e-11
1.57087e-11
-6.89309e-12
-3.22063e-13
4.15647e-12
-5.50088e-12
4.90129e-12
-1.55534e-12
-5.39556e-12
1.48973e-11
-2.51633e-11
3.53071e-11
-4.55933e-11
5.4942e-11
-5.99827e-11
5.64958e-11
-4.30808e-11
2.27681e-11
-2.30156e-12
-1.14361e-11
1.4789e-11
-9.70216e-12
2.1997e-12
1.63359e-12
-4.50447e-13
-1.87495e-12
-4.44508e-13
1.0274e-11
-2.62934e-11
4.4037e-11
-5.77847e-11
6.12579e-11
-5.03362e-11
2.68331e-11
-4.42979e-13
-1.65151e-11
1.77503e-11
-7.97481e-12
-2.04606e-12
4.47656e-12
4.82564e-13
-7.8275e-12
1.27725e-11
-1.28992e-11
6.81726e-12
5.06352e-12
-1.8529e-11
2.56815e-11
-2.07908e-11
5.82878e-12
9.91577e-12
-1.75128e-11
1.4815e-11
-6.67036e-12
-7.89035e-13
4.27339e-12
-3.8049e-12
3.40142e-13
5.0296e-12
-1.12541e-11
1.71449e-11
-2.23427e-11
2.70048e-11
-3.11863e-11
3.39058e-11
-3.39647e-11
3.05696e-11
-2.41313e-11
1.60486e-11
-8.77491e-12
4.27776e-12
-2.37454e-12
-2.02193e-14
5.58754e-12
-1.26228e-11
1.42719e-11
-4.24963e-12
-1.70086e-11
4.13811e-11
-5.92971e-11
6.56201e-11
-6.0874e-11
4.80444e-11
-3.12433e-11
1.59149e-11
-7.94544e-12
8.8255e-12
-1.28876e-11
1.0824e-11
1.37765e-12
-1.80141e-11
2.77966e-11
-2.33376e-11
5.92378e-12
1.65476e-11
-3.5519e-11
4.51292e-11
-4.34471e-11
3.22914e-11
-1.72296e-11
5.07547e-12
-3.5358e-13
2.38052e-12
-6.58159e-12
7.81338e-12
-3.95406e-12
-3.40769e-12
1.00023e-11
-1.2124e-11
9.33261e-12
-5.40335e-12
4.91285e-12
-9.11219e-12
1.45366e-11
-1.71547e-11
1.65563e-11
-1.60663e-11
1.78759e-11
-2.02669e-11
1.94341e-11
-1.39907e-11
5.47903e-12
3.97169e-12
-1.32534e-11
1.98038e-11
-1.84757e-11
4.81834e-12
1.87059e-11
-4.22025e-11
5.48512e-11
-5.34616e-11
4.37613e-11
-3.4838e-11
3.18788e-11
-3.41471e-11
3.68032e-11
-3.45215e-11
2.38656e-11
-5.62157e-12
-1.48699e-11
2.94318e-11
-3.15717e-11
1.98354e-11
1.12308e-12
-2.30389e-11
3.74756e-11
-4.01315e-11
3.30497e-11
-2.36216e-11
1.87537e-11
-1.95696e-11
2.10146e-11
-1.8014e-11
1.06048e-11
-3.36363e-12
-4.19933e-13
1.57901e-12
-2.89898e-12
4.89703e-12
-6.17236e-12
6.24982e-12
-6.93329e-12
9.27171e-12
-1.1753e-11
1.21957e-11
-1.18156e-11
1.45744e-11
-2.25358e-11
3.16867e-11
-3.43303e-11
2.50674e-11
-5.72589e-12
-1.56197e-11
2.90587e-11
-2.84841e-11
1.44565e-11
5.98102e-12
-2.38441e-11
3.33938e-11
-3.51457e-11
3.35985e-11
-3.34758e-11
3.69928e-11
-4.39321e-11
5.12591e-11
-5.34043e-11
4.44444e-11
-2.36619e-11
-1.66315e-12
1.99182e-11
-2.41916e-11
1.68932e-11
-6.20751e-12
-2.16032e-12
8.06068e-12
-1.38106e-11
1.9396e-11
-2.26176e-11
2.17739e-11
-1.75921e-11
1.17972e-11
-6.07462e-12
1.89418e-12
-1.0675e-12
4.22059e-12
-9.59395e-12
1.31919e-11
-1.15935e-11
4.05267e-12
6.48784e-12
-1.49023e-11
1.65052e-11
-1.12227e-11
5.10696e-12
-7.14554e-12
2.13697e-11
-4.22575e-11
5.7779e-11
-5.87693e-11
4.48033e-11
-2.27958e-11
7.07747e-13
1.57222e-11
-2.312e-11
2.00611e-11
-9.06798e-12
-3.57289e-12
1.16159e-11
-1.42458e-11
1.60342e-11
-2.20513e-11
3.23896e-11
-4.24061e-11
4.66965e-11
-4.34817e-11
3.50508e-11
-2.58523e-11
1.89679e-11
-1.42551e-11
8.65888e-12
-9.29655e-14
-9.4018e-12
1.41395e-11
-1.02725e-11
-2.2432e-13
1.05471e-11
-1.46056e-11
1.0149e-11
1.55091e-12
-1.75288e-11
3.24818e-11
-3.9192e-11
3.21541e-11
-1.34609e-11
-6.95181e-12
1.79573e-11
-1.60074e-11
6.62777e-12
1.1919e-12
-2.60608e-12
-8.05308e-13
3.25054e-12
5.80258e-13
-1.24331e-11
2.91786e-11
-4.50395e-11
5.49929e-11
-5.76381e-11
5.416e-11
-4.61381e-11
3.43312e-11
-2.03362e-11
6.96314e-12
3.19723e-12
-9.75843e-12
1.28744e-11
-1.10971e-11
2.16819e-12
1.20377e-11
-2.38567e-11
2.45897e-11
-1.27303e-11
-4.06751e-12
1.47469e-11
-1.35766e-11
3.08468e-12
8.93972e-12
-1.54108e-11
1.34937e-11
-5.78089e-12
-1.89599e-12
4.03168e-12
5.44477e-13
-8.34532e-12
1.36921e-11
-1.23069e-11
2.34408e-12
1.51001e-11
-3.58245e-11
5.27852e-11
-6.00118e-11
5.68169e-11
-4.83308e-11
3.97623e-11
-3.14008e-11
1.955e-11
-3.31007e-12
-1.20153e-11
1.84061e-11
-1.26003e-11
-1.25374e-12
1.47083e-11
-2.1027e-11
1.83618e-11
-1.02431e-11
2.92361e-12
-1.81557e-12
7.6912e-12
-1.65487e-11
2.24573e-11
-2.18012e-11
1.45464e-11
-3.83072e-12
-5.43093e-12
7.62101e-12
5.6109e-14
-1.41233e-11
2.49501e-11
-2.3702e-11
9.40207e-12
1.04182e-11
-2.72049e-11
3.79122e-11
-4.50946e-11
5.11447e-11
-5.48234e-11
5.22741e-11
-4.1258e-11
2.34052e-11
-4.30101e-12
-9.2715e-12
1.26427e-11
-6.50689e-12
-3.66374e-12
1.12381e-11
-1.30523e-11
1.00648e-11
-5.58023e-12
3.03096e-12
-5.60201e-12
1.43592e-11
-2.5922e-11
3.23858e-11
-2.73049e-11
1.2071e-11
3.59265e-12
-9.54503e-12
3.04212e-12
9.9037e-12
-2.0677e-11
2.40126e-11
-2.00564e-11
1.17639e-11
-1.98947e-12
-8.77617e-12
2.17574e-11
-3.75415e-11
5.29094e-11
-6.16525e-11
5.87898e-11
-4.51512e-11
2.65337e-11
-9.677e-12
-1.26944e-12
4.48097e-12
-3.37067e-13
-7.85104e-12
1.35969e-11
-1.16076e-11
2.78799e-12
5.13532e-12
-4.30171e-12
-6.45051e-12
2.02852e-11
-2.8231e-11
2.54522e-11
-1.42544e-11
1.75569e-12
4.67333e-12
-2.55372e-12
-4.66569e-12
1.10425e-11
-1.40475e-11
1.57503e-11
-1.88597e-11
2.16558e-11
-1.89641e-11
7.02381e-12
1.2623e-11
-3.47502e-11
5.34484e-11
-6.40004e-11
6.29478e-11
-5.01158e-11
3.03876e-11
-1.27154e-11
4.46591e-12
-6.78508e-12
1.41351e-11
-1.88988e-11
1.61835e-11
-7.0975e-12
-2.19355e-12
4.64738e-12
1.39442e-12
-1.03711e-11
1.39836e-11
-9.22058e-12
6.4486e-13
4.58773e-12
-4.11974e-12
1.26705e-12
-3.64157e-13
1.75327e-12
-2.31425e-12
-1.3924e-12
1.01077e-11
-2.14765e-11
3.02373e-11
-3.03827e-11
1.82547e-11
4.26421e-12
-3.04785e-11
5.19735e-11
-6.24252e-11
5.93357e-11
-4.55111e-11
2.85084e-11
-1.73026e-11
1.58474e-11
-2.02914e-11
2.27691e-11
-1.9499e-11
1.37122e-11
-1.13693e-11
1.39599e-11
-1.7127e-11
1.48522e-11
-5.20016e-12
-8.34882e-12
1.9122e-11
-2.20989e-11
1.74301e-11
-1.09841e-11
9.42196e-12
-1.43769e-11
2.0525e-11
-2.07251e-11
1.19208e-11
2.95424e-12
-1.82713e-11
2.84257e-11
-2.91585e-11
1.83133e-11
1.65289e-12
-2.3527e-11
3.88422e-11
-4.36655e-11
4.01436e-11
-3.36025e-11
2.77276e-11
-2.31047e-11
1.82603e-11
-1.25562e-11
7.90374e-12
-8.79942e-12
1.824e-11
-3.30834e-11
4.3353e-11
-3.94309e-11
2.03002e-11
4.75899e-12
-2.39854e-11
3.1658e-11
-3.06541e-11
2.76288e-11
-2.76548e-11
3.12793e-11
-3.54459e-11
3.57143e-11
-2.97875e-11
1.91507e-11
-8.18964e-12
4.64668e-13
3.05882e-12
-3.2858e-12
8.55396e-13
3.47056e-12
-8.25989e-12
1.20084e-11
-1.5109e-11
1.85531e-11
-2.10246e-11
1.80681e-11
-6.93146e-12
-8.79486e-12
1.96778e-11
-1.73267e-11
5.19235e-13
2.3239e-11
-4.22667e-11
4.71738e-11
-3.66242e-11
1.74766e-11
5.31733e-13
-1.26319e-11
2.11298e-11
-3.06416e-11
4.10639e-11
-4.72391e-11
4.44429e-11
-3.39537e-11
2.20128e-11
-1.52443e-11
1.63782e-11
-2.36609e-11
3.18171e-11
-3.51152e-11
3.06255e-11
-2.04835e-11
9.71597e-12
-2.50877e-12
-3.86257e-13
6.60134e-13
-1.36845e-12
5.75326e-12
-1.57875e-11
2.91059e-11
-3.90541e-11
3.89789e-11
-2.83791e-11
1.33277e-11
-1.32045e-12
-4.90834e-12
7.64284e-12
-1.02872e-11
1.29152e-11
-1.20049e-11
3.15469e-12
1.39678e-11
-3.30034e-11
4.30155e-11
-3.66537e-11
1.68565e-11
4.1106e-12
-1.42129e-11
9.79343e-12
3.80861e-12
-1.86812e-11
2.95372e-11
-3.5205e-11
3.663e-11
-3.50417e-11
3.01078e-11
-2.02925e-11
4.7728e-12
1.37257e-11
-2.97035e-11
3.82878e-11
-3.87331e-11
3.37379e-11
-2.72896e-11
2.28625e-11
-2.32139e-11
2.85664e-11
-3.52873e-11
3.7244e-11
-3.12719e-11
2.041e-11
-1.18307e-11
1.04042e-11
-1.50861e-11
1.97475e-11
-1.78816e-11
6.85011e-12
9.57131e-12
-2.36579e-11
2.95258e-11
-2.84045e-11
2.64531e-11
-2.76233e-11
2.85457e-11
-2.23724e-11
6.49005e-12
1.32074e-11
-2.62978e-11
2.48879e-11
-9.1174e-12
-1.307e-11
3.03251e-11
-3.50685e-11
2.76518e-11
-1.504e-11
4.18924e-12
2.40652e-12
-5.98933e-12
7.07445e-12
-4.20777e-12
-4.09071e-12
1.67273e-11
-3.0597e-11
4.15623e-11
-4.5477e-11
3.91008e-11
-2.28501e-11
1.69591e-12
1.6867e-11
-2.73435e-11
2.84497e-11
-2.32963e-11
1.74901e-11
-1.66723e-11
2.24221e-11
-3.0694e-11
3.48196e-11
-3.2261e-11
2.70566e-11
-2.57657e-11
3.03145e-11
-3.62374e-11
3.665e-11
-2.84826e-11
1.46412e-11
-1.99995e-12
-4.18329e-12
4.6116e-12
-6.21567e-12
1.57461e-11
-3.26344e-11
4.76017e-11
-5.04333e-11
3.86472e-11
-1.95584e-11
3.6882e-12
2.39093e-12
9.11225e-13
-8.68645e-12
1.53711e-11
-1.86239e-11
1.98016e-11
-2.12658e-11
2.19815e-11
-1.76573e-11
5.17264e-12
1.27068e-11
-2.86455e-11
3.54119e-11
-3.00068e-11
1.39544e-11
7.27112e-12
-2.6037e-11
3.52439e-11
-3.23551e-11
2.03045e-11
-5.18355e-12
-7.87601e-12
1.62385e-11
-1.98468e-11
1.99905e-11
-1.82852e-11
1.48262e-11
-8.64765e-12
2.8091e-13
5.43512e-12
-1.97426e-12
-1.29092e-11
3.31852e-11
-4.83769e-11
5.08929e-11
-4.12126e-11
2.63488e-11
-1.4749e-11
1.02068e-11
-9.61159e-12
5.71123e-12
5.39249e-12
-1.98294e-11
2.89953e-11
-2.84243e-11
2.20761e-11
-1.85198e-11
2.26576e-11
-3.21787e-11
3.99331e-11
-4.01133e-11
3.25856e-11
-2.36078e-11
2.07375e-11
-2.61821e-11
3.37196e-11
-3.39781e-11
2.23753e-11
-2.82471e-12
-1.66112e-11
2.97234e-11
-3.52523e-11
3.52338e-11
-3.26438e-11
2.90399e-11
-2.41645e-11
1.69383e-11
-8.45468e-12
2.73486e-12
-4.33843e-12
1.38661e-11
-2.70646e-11
3.72517e-11
-3.91052e-11
3.0131e-11
-1.17979e-11
-1.03598e-11
2.81733e-11
-3.55848e-11
3.19513e-11
-2.15323e-11
9.21656e-12
1.92971e-12
-1.08653e-11
1.69924e-11
-1.94369e-11
1.61482e-11
-5.17752e-12
-1.23531e-11
2.93944e-11
-3.61711e-11
2.74324e-11
-7.76045e-12
-1.17242e-11
2.11054e-11
-1.7875e-11
6.59567e-12
5.27086e-12
-1.317e-11
1.80524e-11
-2.43484e-11
3.3454e-11
-4.03178e-11
3.69949e-11
-2.12476e-11
7.3858e-14
1.49528e-11
-1.69006e-11
7.96133e-12
2.69873e-12
-6.13278e-12
-4.24621e-13
1.1798e-11
-1.99653e-11
2.12397e-11
-1.98021e-11
2.27011e-11
-3.22682e-11
4.30995e-11
-4.73789e-11
4.1589e-11
-2.9197e-11
1.70993e-11
-1.06453e-11
9.67667e-12
-9.05115e-12
2.79675e-12
9.887e-12
-2.35148e-11
3.09234e-11
-2.99738e-11
2.45443e-11
-2.06457e-11
2.15997e-11
-2.71414e-11
3.42995e-11
-3.95688e-11
4.07572e-11
-3.86526e-11
3.5338e-11
-3.13389e-11
2.43246e-11
-1.2173e-11
-4.27728e-12
2.10123e-11
-3.34364e-11
3.78887e-11
-3.32451e-11
2.20769e-11
-1.08458e-11
6.08727e-12
-1.02538e-11
2.04025e-11
-3.1502e-11
3.94625e-11
-4.25891e-11
4.08639e-11
-3.5277e-11
2.60278e-11
-1.21372e-11
-6.80556e-12
2.68948e-11
-4.01889e-11
3.9688e-11
-2.56603e-11
6.01786e-12
8.56384e-12
-1.13852e-11
2.67899e-12
1.12721e-11
-2.31106e-11
2.92813e-11
-3.17612e-11
3.36058e-11
-3.38201e-11
2.69436e-11
-9.50511e-12
-1.44875e-11
3.42413e-11
-3.96007e-11
2.78304e-11
-5.88526e-12
-1.41167e-11
2.24e-11
-1.80429e-11
8.01759e-12
-1.06588e-13
-4.40127e-12
9.75069e-12
-1.89751e-11
2.84009e-11
-3.0181e-11
1.89767e-11
2.42246e-12
-2.37989e-11
3.32088e-11
-2.54481e-11
5.9825e-12
1.29357e-11
-2.2347e-11
2.24477e-11
-1.98079e-11
1.90378e-11
-1.88459e-11
1.44033e-11
-3.35748e-12
-1.09192e-11
2.01711e-11
-1.72397e-11
2.36163e-12
1.51155e-11
-2.3681e-11
1.85336e-11
-4.70364e-12
-8.9301e-12
1.68903e-11
-2.00368e-11
2.24263e-11
-2.69754e-11
3.20718e-11
-3.26385e-11
2.46754e-11
-1.06465e-11
-1.35461e-12
4.03508e-12
2.505e-12
-1.16105e-11
1.57512e-11
-1.20662e-11
2.91644e-12
6.4622e-12
-1.22729e-11
1.48359e-11
-1.82132e-11
2.5333e-11
-3.43286e-11
3.95889e-11
-3.74531e-11
2.93063e-11
-2.02265e-11
1.45933e-11
-1.36826e-11
1.50602e-11
-1.46444e-11
9.62414e-12
-1.33518e-12
-6.10227e-12
9.69263e-12
-1.07322e-11
1.28738e-11
-1.86215e-11
2.71607e-11
-3.56299e-11
4.07265e-11
-4.07718e-11
3.66213e-11
-3.14445e-11
2.76536e-11
-2.47919e-11
2.01433e-11
-1.2345e-11
2.83494e-12
5.21303e-12
-9.60681e-12
1.01465e-11
-9.12263e-12
1.0128e-11
-1.59972e-11
2.59507e-11
-3.61003e-11
4.24562e-11
-4.41665e-11
4.27736e-11
-4.00339e-11
3.61014e-11
-3.01184e-11
2.09718e-11
-9.0241e-12
-3.00691e-12
1.06058e-11
-1.12569e-11
7.0641e-12
-3.80373e-12
6.12136e-12
-1.46523e-11
2.62232e-11
-3.67755e-11
4.34478e-11
-4.61205e-11
4.64962e-11
-4.58284e-11
4.2421e-11
-3.33327e-11
1.824e-11
-1.81813e-12
-9.43449e-12
1.18028e-11
-7.05827e-12
7.66643e-13
8.92146e-13
4.88652e-12
-1.60526e-11
2.74081e-11
-3.55837e-11
4.12602e-11
-4.69319e-11
5.21712e-11
-5.30973e-11
4.5616e-11
-2.97236e-11
1.02252e-11
5.24108e-12
-1.09175e-11
6.78338e-12
7.74314e-13
-4.16224e-12
2.95876e-13
7.95474e-12
-1.64252e-11
2.37444e-11
-3.17288e-11
4.1897e-11
-5.2881e-11
5.96559e-11
-5.65064e-11
4.15234e-11
-2.00736e-11
1.84663e-12
6.01032e-12
-4.13893e-12
-1.24752e-12
3.96799e-12
-2.14946e-12
-2.45696e-12
7.18304e-12
-1.18509e-11
1.92324e-11
-3.22945e-11
4.90949e-11
-6.20798e-11
6.30817e-11
-5.05e-11
3.04892e-11
-1.24261e-11
2.41765e-12
-7.15468e-13
2.71215e-12
-3.34561e-12
1.58487e-12
-9.3869e-14
1.51022e-14
8.42854e-14
2.4709e-14
4.09071e-15
0
