0
2.52844e-16
3.5709e-15
2.43894e-14
4.22011e-14
1.51029e-13
6.08534e-13
-4.61964e-12
1.3114e-11
-1.90739e-11
1.50342e-11
-2.11001e-12
-1.3687e-11
2.60205e-11
-3.22065e-11
3.44021e-11
-3.7135e-11
4.16265e-11
-4.36592e-11
3.70452e-11
-2.04528e-11
-3.7966e-13
1.61369e-11
-2.03776e-11
1.26829e-11
1.47971e-12
-1.39526e-11
1.76749e-11
-1.09963e-11
-1.56072e-12
1.28505e-11
-1.9514e-11
2.39999e-11
-3.09111e-11
4.08077e-11
-4.90095e-11
4.92028e-11
-3.86912e-11
2.00178e-11
-3.11156e-14
-1.33793e-11
1.49008e-11
-5.67804e-12
-6.93072e-12
1.40793e-11
-1.22509e-11
4.71623e-12
2.72273e-12
-7.79534e-12
1.25988e-11
-2.04579e-11
3.19908e-11
-4.45277e-11
5.29867e-11
-5.23295e-11
4.03503e-11
-2.08151e-11
2.39254e-12
6.59607e-12
-4.56673e-12
-3.05103e-12
8.91359e-12
-9.7122e-12
6.62908e-12
-2.52728e-12
-1.12575e-12
4.56164e-12
-9.65436e-12
1.86971e-11
-3.24074e-11
4.70684e-11
-5.56361e-11
5.26001e-11
-3.92792e-11
2.28296e-11
-1.07709e-11
5.78295e-12
-6.07939e-12
8.15722e-12
-9.2933e-12
7.87084e-12
-4.24453e-12
4.85842e-13
1.38256e-12
-2.64764e-12
7.42337e-12
-1.86358e-11
3.37904e-11
-4.6569e-11
5.16844e-11
-4.85879e-11
4.01026e-11
-2.99866e-11
2.13181e-11
-1.63795e-11
1.51566e-11
-1.49948e-11
1.24495e-11
-7.11691e-12
1.82203e-12
6.79708e-13
-1.37122e-12
3.63864e-12
-9.82289e-12
1.91469e-11
-2.94976e-11
3.87438e-11
-4.49196e-11
4.59114e-11
-4.15498e-11
3.46496e-11
-2.93493e-11
2.70258e-11
-2.55848e-11
2.20997e-11
-1.61635e-11
9.23901e-12
-2.7427e-12
-2.92712e-12
7.11187e-12
-9.34381e-12
1.06485e-11
-1.39586e-11
2.09987e-11
-3.00647e-11
3.70286e-11
-3.95207e-11
3.84603e-11
-3.65064e-11
3.51279e-11
-3.44156e-11
3.35465e-11
-3.11468e-11
2.49455e-11
-1.38394e-11
5.62789e-14
1.09323e-11
-1.48928e-11
1.24107e-11
-8.5211e-12
7.98467e-12
-1.21676e-11
1.89904e-11
-2.55702e-11
2.96959e-11
-3.09844e-11
3.10081e-11
-3.28309e-11
3.78738e-11
-4.34002e-11
4.30892e-11
-3.24508e-11
1.32831e-11
6.53526e-12
-1.8877e-11
2.04651e-11
-1.42551e-11
6.21491e-12
-1.81145e-12
3.10272e-12
-8.30789e-12
1.30437e-11
-1.43103e-11
1.35087e-11
-1.60772e-11
2.59313e-11
-4.05548e-11
5.10956e-11
-4.90579e-11
3.26815e-11
-8.52391e-12
-1.33057e-11
2.47853e-11
-2.38825e-11
1.44569e-11
-3.9085e-12
-1.74783e-12
1.69552e-12
-6.28249e-13
3.28243e-12
-8.86791e-12
1.04539e-11
-1.59264e-12
-1.71525e-11
3.72217e-11
-4.81091e-11
4.37194e-11
-2.55792e-11
1.27358e-12
1.89688e-11
-2.75729e-11
2.36367e-11
-1.34597e-11
4.83823e-12
-5.84799e-13
-3.17595e-12
1.11287e-11
-2.2682e-11
3.1263e-11
-3.01008e-11
1.73245e-11
2.64604e-12
-2.18301e-11
3.18296e-11
-2.78781e-11
1.17453e-11
8.08066e-12
-2.19213e-11
2.53384e-11
-2.13357e-11
1.53693e-11
-9.84725e-12
2.93007e-12
7.4141e-12
-2.04951e-11
3.28645e-11
-4.06711e-11
4.07842e-11
-3.22253e-11
1.74012e-11
-2.66175e-12
-5.14095e-12
3.10539e-12
5.63765e-12
-1.53218e-11
2.17002e-11
-2.37956e-11
2.19045e-11
-1.64555e-11
8.14219e-12
1.21507e-12
-1.00761e-11
1.82848e-11
-2.67828e-11
3.51257e-11
-4.09865e-11
4.1765e-11
-3.73981e-11
3.03079e-11
-2.38006e-11
2.00052e-11
-1.98032e-11
2.2469e-11
-2.55333e-11
2.49684e-11
-1.8208e-11
6.8677e-12
3.34096e-12
-7.51272e-12
5.84117e-12
-3.77351e-12
6.94644e-12
-1.6956e-11
3.05103e-11
-4.24407e-11
4.83536e-11
-4.68396e-11
4.0094e-11
-3.3354e-11
3.08933e-11
-3.19841e-11
3.04245e-11
-2.05801e-11
3.58708e-12
1.20697e-11
-1.75872e-11
1.06578e-11
2.99206e-12
-1.4326e-11
1.60556e-11
-6.13966e-12
-1.17322e-11
2.95268e-11
-3.98051e-11
4.06901e-11
-3.71636e-11
3.54212e-11
-3.64159e-11
3.45644e-11
-2.40424e-11
5.06635e-12
1.50731e-11
-2.73391e-11
2.62681e-11
-1.27396e-11
-7.0577e-12
2.40225e-11
-3.06111e-11
2.47112e-11
-1.10564e-11
-2.81518e-12
1.19906e-11
-1.69518e-11
2.04279e-11
-2.3221e-11
2.27466e-11
-1.62654e-11
3.8372e-12
1.10459e-11
-2.38329e-11
3.04486e-11
-2.83535e-11
1.70376e-11
5.08e-13
-1.83805e-11
3.03531e-11
-3.37309e-11
2.99262e-11
-2.25476e-11
1.46681e-11
-8.75569e-12
6.73158e-12
-9.25727e-12
1.40087e-11
-1.71996e-11
1.70237e-11
-1.59591e-11
1.76167e-11
-2.226e-11
2.54055e-11
-2.20822e-11
1.10329e-11
4.27351e-12
-1.85896e-11
2.74042e-11
-2.90254e-11
2.55012e-11
-2.27162e-11
2.65349e-11
-3.76371e-11
4.91787e-11
-5.19696e-11
4.21705e-11
-2.50362e-11
1.02321e-11
-4.54174e-12
7.57178e-12
-1.38974e-11
1.73427e-11
-1.49003e-11
7.6298e-12
1.52512e-13
-4.34859e-12
4.54034e-12
-5.55006e-12
1.36058e-11
-3.04752e-11
4.99919e-11
-6.19086e-11
5.91475e-11
-4.29835e-11
2.10206e-11
-1.78873e-12
-9.83022e-12
1.27599e-11
-8.66012e-12
5.92808e-13
7.6371e-12
-1.35544e-11
1.69141e-11
-1.87613e-11
1.85193e-11
-1.39091e-11
3.51246e-12
1.02575e-11
-2.25662e-11
2.93646e-11
-2.93685e-11
2.2435e-11
-8.89031e-12
-9.13075e-12
2.56992e-11
-3.36028e-11
2.92106e-11
-1.56994e-11
2.72026e-13
1.07402e-11
-1.53924e-11
1.54467e-11
-1.45996e-11
1.60657e-11
-2.09269e-11
2.65822e-11
-2.8366e-11
2.34105e-11
-1.46282e-11
9.20217e-12
-1.27909e-11
2.36726e-11
-3.37764e-11
3.50701e-11
-2.63418e-11
1.33823e-11
-4.11471e-12
2.53751e-12
-6.95554e-12
1.1377e-11
-9.27086e-12
-3.02777e-12
2.31977e-11
-4.35235e-11
5.52383e-11
-5.50196e-11
4.67109e-11
-3.72646e-11
3.02117e-11
-2.43557e-11
1.72326e-11
-9.31168e-12
3.36566e-12
-1.78774e-12
4.72245e-12
-1.11481e-11
1.91872e-11
-2.57678e-11
2.64039e-11
-1.79362e-11
1.07567e-12
1.91352e-11
-3.63948e-11
4.57017e-11
-4.46926e-11
3.34294e-11
-1.52762e-11
-3.36271e-12
1.52722e-11
-1.72448e-11
1.22039e-11
-6.71123e-12
4.65225e-12
-4.21272e-12
3.27232e-13
9.12722e-12
-2.07689e-11
2.80957e-11
-2.68902e-11
1.77979e-11
-6.00009e-12
-1.73752e-12
1.09045e-13
1.10066e-11
-2.54822e-11
3.3975e-11
-3.12548e-11
2.05764e-11
-1.12132e-11
1.00979e-11
-1.66051e-11
2.40402e-11
-2.60866e-11
2.05514e-11
-9.16815e-12
-5.15619e-12
1.94172e-11
-3.12102e-11
3.90831e-11
-4.34462e-11
4.54521e-11
-4.54513e-11
4.20028e-11
-3.38939e-11
2.21411e-11
-1.0438e-11
2.52338e-12
-3.64583e-13
3.97302e-12
-1.28345e-11
2.50973e-11
-3.60952e-11
3.85327e-11
-2.74476e-11
5.05306e-12
1.91019e-11
-3.47918e-11
3.7644e-11
-3.08163e-11
2.06091e-11
-1.20224e-11
6.47165e-12
-2.59052e-12
-2.49894e-12
1.04196e-11
-1.92779e-11
2.33343e-11
-1.75333e-11
2.6474e-12
1.34798e-11
-2.18489e-11
1.93114e-11
-1.10154e-11
5.30356e-12
-7.23174e-12
1.54886e-11
-2.51788e-11
3.15908e-11
-3.2581e-11
2.81824e-11
-2.05345e-11
1.33246e-11
-1.07263e-11
1.44718e-11
-2.26237e-11
3.07223e-11
-3.51115e-11
3.4012e-11
-2.6987e-11
1.40804e-11
2.71755e-12
-1.91999e-11
3.10618e-11
-3.77316e-11
4.20628e-11
-4.62654e-11
4.77898e-11
-4.14477e-11
2.51723e-11
-4.22616e-12
-1.16416e-11
1.45462e-11
-3.81466e-12
-1.43254e-11
3.04081e-11
-3.68924e-11
3.12802e-11
-1.73712e-11
2.82298e-12
5.27097e-12
-5.32605e-12
1.62327e-12
-1.67065e-13
2.65608e-12
-5.49124e-12
3.82198e-12
3.05876e-12
-1.17124e-11
1.82928e-11
-2.19785e-11
2.36686e-11
-2.36986e-11
2.12791e-11
-1.67375e-11
1.18347e-11
-8.0063e-12
3.95718e-12
3.21234e-12
-1.53214e-11
3.07513e-11
-4.52696e-11
5.37023e-11
-5.22519e-11
4.00435e-11
-2.10503e-11
3.56453e-12
3.26051e-12
4.23931e-12
-2.10702e-11
3.64046e-11
-4.18746e-11
3.70742e-11
-2.82185e-11
2.09096e-11
-1.55655e-11
8.57051e-12
2.44037e-12
-1.60786e-11
2.81009e-11
-3.43853e-11
3.2307e-11
-2.19818e-11
6.67555e-12
7.58003e-12
-1.53975e-11
1.52661e-11
-1.04394e-11
5.54406e-12
-3.33348e-12
3.62833e-12
-5.32708e-12
7.21759e-12
-7.48391e-12
2.81608e-12
9.08051e-12
-2.60616e-11
4.05022e-11
-4.43816e-11
3.56918e-11
-2.08231e-11
9.3145e-12
-6.9616e-12
1.25913e-11
-2.12026e-11
2.81994e-11
-3.19707e-11
3.32484e-11
-3.40614e-11
3.56372e-11
-3.67512e-11
3.29965e-11
-2.00223e-11
-2.03252e-12
2.62893e-11
-4.31458e-11
4.65761e-11
-3.80763e-11
2.40637e-11
-1.08836e-11
1.42106e-12
3.6069e-12
-3.93765e-12
-2.17044e-13
5.97484e-12
-8.47748e-12
4.48051e-12
3.69086e-12
-9.56534e-12
7.54344e-12
2.41359e-12
-1.54861e-11
2.55088e-11
-2.87556e-11
2.49607e-11
-1.73829e-11
1.1015e-11
-9.97828e-12
1.41735e-11
-1.94294e-11
2.11162e-11
-1.92894e-11
1.90106e-11
-2.56881e-11
3.86953e-11
-5.06914e-11
5.27265e-11
-4.13117e-11
2.00414e-11
3.82755e-12
-2.43769e-11
3.80708e-11
-4.29247e-11
3.81434e-11
-2.61761e-11
1.28091e-11
-4.43328e-12
3.55435e-12
-7.80656e-12
1.20995e-11
-1.24474e-11
7.61642e-12
3.65805e-13
-7.31857e-12
8.48638e-12
-1.88633e-12
-9.6756e-12
1.94551e-11
-2.19854e-11
1.75192e-11
-1.21158e-11
1.16509e-11
-1.63249e-11
2.04575e-11
-1.88659e-11
1.21876e-11
-6.61393e-12
7.93629e-12
-1.73147e-11
3.12784e-11
-4.51196e-11
5.44905e-11
-5.58154e-11
4.65365e-11
-2.73314e-11
2.96234e-12
1.90868e-11
-3.26115e-11
3.52674e-11
-2.92564e-11
1.94281e-11
-1.14154e-11
9.10914e-12
-1.28493e-11
1.82553e-11
-1.88184e-11
1.07493e-11
2.70652e-12
-1.32941e-11
1.43202e-11
-6.62596e-12
-3.05292e-12
8.58631e-12
-9.82032e-12
1.07797e-11
-1.4596e-11
2.01182e-11
-2.39716e-11
2.38066e-11
-2.00378e-11
1.43636e-11
-8.73432e-12
5.12295e-12
-6.27709e-12
1.43495e-11
-2.89081e-11
4.55006e-11
-5.76668e-11
5.99146e-11
-5.03844e-11
3.10608e-11
-7.61834e-12
-1.22117e-11
2.15288e-11
-1.90286e-11
1.06054e-11
-5.74875e-12
9.67915e-12
-1.92736e-11
2.59033e-11
-2.33772e-11
1.2417e-11
9.93029e-13
-1.15893e-11
1.78587e-11
-2.08826e-11
2.08182e-11
-1.66065e-11
7.98563e-12
2.56286e-12
-1.17249e-11
1.79569e-11
-2.2343e-11
2.59315e-11
-2.79707e-11
2.63602e-11
-2.04469e-11
1.20745e-11
-5.17238e-12
3.80363e-12
-1.08081e-11
2.5672e-11
-4.35021e-11
5.58421e-11
-5.55242e-11
4.17456e-11
-2.18626e-11
6.31454e-12
-1.25569e-12
4.29244e-12
-8.04556e-12
6.74943e-12
-3.16251e-13
-8.04322e-12
1.54915e-11
-2.0783e-11
2.19036e-11
-1.57345e-11
6.91712e-13
1.95908e-11
-3.73346e-11
4.53417e-11
-4.20612e-11
3.15184e-11
-1.9655e-11
9.77889e-12
-1.77236e-12
-6.25729e-12
1.51832e-11
-2.41312e-11
3.055e-11
-3.16963e-11
2.62105e-11
-1.6425e-11
8.04217e-12
-6.96156e-12
1.4181e-11
-2.47076e-11
3.12351e-11
-3.02451e-11
2.37242e-11
-1.63879e-11
1.11964e-11
-8.7641e-12
9.12398e-12
-1.31757e-11
2.0367e-11
-2.64753e-11
2.46866e-11
-1.16589e-11
-7.96663e-12
2.30504e-11
-2.40548e-11
9.61546e-12
1.30861e-11
-3.44343e-11
4.79101e-11
-5.21705e-11
4.90944e-11
-4.18907e-11
3.34352e-11
-2.57215e-11
1.89283e-11
-1.19808e-11
3.62629e-12
5.81165e-12
-1.47299e-11
2.13533e-11
-2.52057e-11
2.63363e-11
-2.44735e-11
1.8968e-11
-1.08726e-11
3.19727e-12
1.27046e-12
-3.41496e-12
6.89651e-12
-1.37337e-11
2.01691e-11
-1.90721e-11
6.445e-12
1.33674e-11
-3.02283e-11
3.55164e-11
-2.84704e-11
1.52378e-11
-3.55228e-12
-2.26253e-12
1.2143e-12
6.16889e-12
-1.87001e-11
3.28295e-11
-4.29006e-11
4.40397e-11
-3.63904e-11
2.53214e-11
-1.80205e-11
1.839e-11
-2.51115e-11
3.25974e-11
-3.46005e-11
2.72282e-11
-1.12915e-11
-7.97404e-12
2.29137e-11
-2.78139e-11
2.20151e-11
-1.0109e-11
-2.37423e-12
1.29279e-11
-2.2708e-11
3.26754e-11
-4.10224e-11
4.42041e-11
-4.10645e-11
3.39473e-11
-2.62026e-11
1.83231e-11
-8.45363e-12
-4.07548e-12
1.57222e-11
-2.13474e-11
1.9344e-11
-1.44807e-11
1.36866e-11
-1.94918e-11
2.69704e-11
-2.8373e-11
1.97733e-11
-4.34368e-12
-1.08266e-11
1.93649e-11
-1.86817e-11
9.49728e-12
4.96557e-12
-2.00058e-11
3.00221e-11
-3.08814e-11
2.21354e-11
-8.17978e-12
-4.12437e-12
8.79356e-12
-3.73783e-12
-9.01877e-12
2.40862e-11
-3.50292e-11
3.70517e-11
-3.04777e-11
2.11657e-11
-1.71566e-11
2.233e-11
-3.34881e-11
4.27767e-11
-4.42059e-11
3.72702e-11
-2.57804e-11
1.3136e-11
-4.15596e-13
-1.19641e-11
2.11182e-11
-2.28669e-11
1.5695e-11
-3.54418e-12
-7.51503e-12
1.46401e-11
-2.05284e-11
2.90971e-11
-4.02144e-11
4.84132e-11
-4.79838e-11
3.82355e-11
-2.45244e-11
1.33047e-11
-7.28186e-12
4.1872e-12
-3.52412e-13
-6.16956e-12
1.46731e-11
-2.34547e-11
3.0332e-11
-3.28014e-11
2.81953e-11
-1.5826e-11
-1.69129e-12
1.85834e-11
-2.87582e-11
2.83781e-11
-1.78435e-11
1.44845e-12
1.38308e-11
-2.13729e-11
1.79747e-11
-6.61341e-12
-4.70137e-12
7.52833e-12
7.27755e-13
-1.52128e-11
2.74235e-11
-3.1885e-11
2.87109e-11
-2.16428e-11
1.39676e-11
-7.77317e-12
5.23753e-12
-9.49461e-12
2.15663e-11
-3.72401e-11
4.75529e-11
-4.52221e-11
3.06407e-11
-1.2227e-11
-6.81222e-13
4.67204e-12
-3.39449e-12
1.88261e-12
-1.61255e-12
1.61164e-13
4.50772e-12
-1.15714e-11
1.83616e-11
-2.39276e-11
2.96803e-11
-3.7158e-11
4.48361e-11
-4.89503e-11
4.6753e-11
-3.93922e-11
3.03096e-11
-2.20603e-11
1.41347e-11
-4.61373e-12
-7.38781e-12
1.98741e-11
-2.89573e-11
3.06005e-11
-2.29881e-11
7.38871e-12
1.15945e-11
-2.78636e-11
3.63318e-11
-3.59748e-11
3.00088e-11
-2.36499e-11
2.02194e-11
-1.99073e-11
2.07121e-11
-2.06057e-11
1.75512e-11
-9.37185e-12
-5.4447e-12
2.46156e-11
-4.10565e-11
4.58107e-11
-3.4858e-11
1.30521e-11
8.11678e-12
-1.87329e-11
1.66326e-11
-7.29877e-12
-2.36477e-12
8.64919e-12
-1.11888e-11
9.75506e-12
-3.89153e-12
-4.86836e-12
1.09722e-11
-8.05115e-12
-5.44588e-12
2.29053e-11
-3.38493e-11
3.18359e-11
-1.96866e-11
6.29554e-12
4.77128e-13
1.10609e-12
-8.21881e-12
1.73342e-11
-2.66537e-11
3.46032e-11
-3.86316e-11
3.60074e-11
-2.70478e-11
1.59133e-11
-8.18981e-12
6.2651e-12
-7.99205e-12
8.93823e-12
-6.73873e-12
2.47829e-12
5.96954e-13
-7.06865e-14
-4.6236e-12
1.22709e-11
-2.11776e-11
2.96099e-11
-3.65491e-11
4.15755e-11
-4.49407e-11
4.65294e-11
-4.55188e-11
4.03519e-11
-3.04112e-11
1.69203e-11
-2.87422e-12
-8.99045e-12
1.69866e-11
-2.02243e-11
1.74899e-11
-8.41625e-12
-4.90113e-12
1.73629e-11
-2.41661e-11
2.45934e-11
-2.34247e-11
2.67996e-11
-3.67094e-11
4.83945e-11
-5.43321e-11
4.99578e-11
-3.65359e-11
1.83066e-11
9.29778e-13
-1.87542e-11
3.17632e-11
-3.53055e-11
2.64785e-11
-8.7576e-12
-8.46692e-12
1.5878e-11
-1.19415e-11
3.89785e-12
-1.66444e-12
9.39742e-12
-2.33462e-11
3.59721e-11
-4.21339e-11
4.05088e-11
-3.15867e-11
1.55552e-11
5.76893e-12
-2.66593e-11
3.8347e-11
-3.51557e-11
1.9647e-11
-2.09987e-12
-7.10558e-12
4.6336e-12
4.35204e-12
-1.18333e-11
1.2781e-11
-7.32443e-12
-1.86614e-12
1.18585e-11
-2.00207e-11
2.28336e-11
-1.70802e-11
2.5959e-12
1.53286e-11
-2.83971e-11
3.04823e-11
-2.21226e-11
9.4913e-12
-8.96357e-14
-2.03294e-12
-2.71124e-12
1.08025e-11
-1.84178e-11
2.2628e-11
-2.21321e-11
1.71808e-11
-1.01273e-11
4.47168e-12
-3.29335e-12
7.07015e-12
-1.36968e-11
1.95361e-11
-2.15818e-11
1.84947e-11
-1.1449e-11
3.43758e-12
1.72993e-12
-1.58516e-12
-3.87083e-12
1.18863e-11
-1.90981e-11
2.36217e-11
-2.62131e-11
2.84164e-11
-3.06765e-11
3.16529e-11
-3.02649e-11
2.69646e-11
-2.34759e-11
2.04256e-11
-1.66989e-11
1.07108e-11
-3.2311e-12
-2.58278e-12
3.63839e-12
-3.11813e-13
-4.10602e-12
6.81116e-12
-8.99216e-12
1.44072e-11
-2.51801e-11
3.8399e-11
-4.82461e-11
5.06205e-11
-4.63921e-11
3.92074e-11
-3.15953e-11
2.30058e-11
-1.26651e-11
2.46569e-12
3.36197e-12
-2.90583e-12
-7.53393e-13
1.74513e-12
2.25272e-12
-7.13805e-12
5.45259e-12
6.46016e-12
-2.51893e-11
4.29522e-11
-5.4086e-11
5.77815e-11
-5.60011e-11
4.92975e-11
-3.6984e-11
2.03709e-11
-5.10822e-12
-2.40482e-12
6.53639e-13
4.50323e-12
-4.8262e-12
-3.04408e-12
1.40663e-11
-1.94227e-11
1.37076e-11
1.31671e-12
-2.00762e-11
3.7888e-11
-5.26688e-11
6.22085e-11
-6.29222e-11
5.20905e-11
-3.24848e-11
1.26443e-11
-1.77354e-12
2.23935e-12
-7.90929e-12
9.40664e-12
-2.33045e-12
-1.01276e-11
2.07251e-11
-2.42798e-11
1.95695e-11
-7.7251e-12
-1.02144e-11
3.21544e-11
-5.29045e-11
6.43582e-11
-6.07915e-11
4.39563e-11
-2.33221e-11
9.26765e-12
-6.02334e-12
9.49336e-12
-1.21421e-11
8.89276e-12
3.03929e-14
-1.14437e-11
2.19195e-11
-2.87037e-11
2.82698e-11
-1.72094e-11
-4.6681e-12
3.11812e-11
-5.19604e-11
5.84383e-11
-4.98896e-11
3.33394e-11
-1.84512e-11
1.08406e-11
-1.01053e-11
1.2057e-11
-1.28015e-11
9.92101e-12
-2.27023e-12
-1.02555e-11
2.4883e-11
-3.55435e-11
3.50411e-11
-2.02722e-11
-4.68107e-12
2.98049e-11
-4.53911e-11
4.74286e-11
-3.90677e-11
2.68383e-11
-1.65601e-11
1.09716e-11
-1.03763e-11
1.30814e-11
-1.58562e-11
1.41469e-11
-4.58491e-12
-1.21895e-11
2.99433e-11
-3.99086e-11
3.59293e-11
-1.88111e-11
-4.526e-12
2.5117e-11
-3.69142e-11
3.84293e-11
-3.21299e-11
2.21684e-11
-1.32038e-11
8.95646e-12
-1.09905e-11
1.69167e-11
-2.10566e-11
1.72903e-11
-3.65465e-12
-1.58572e-11
3.29424e-11
-4.00244e-11
3.4069e-11
-1.78476e-11
-2.52884e-12
2.04258e-11
-3.11777e-11
3.2751e-11
-2.64886e-11
1.66617e-11
-9.24949e-12
8.58092e-12
-1.47063e-11
2.25843e-11
-2.52373e-11
1.79516e-11
-1.63802e-12
-1.79584e-11
3.32777e-11
-3.88947e-11
3.3094e-11
-1.81424e-11
-1.07866e-12
1.82629e-11
-2.8027e-11
2.79586e-11
-2.04358e-11
1.14671e-11
-7.58443e-12
1.14669e-11
-2.04356e-11
2.79585e-11
-2.8027e-11
1.8263e-11
-1.07878e-12
-1.81423e-11
3.3094e-11
-3.88946e-11
3.32777e-11
-1.79583e-11
-1.63799e-12
1.79516e-11
-2.52373e-11
2.25844e-11
-1.47066e-11
8.58123e-12
-9.24973e-12
1.66618e-11
-2.64885e-11
3.27509e-11
-3.11777e-11
2.04258e-11
-2.52886e-12
-1.78476e-11
3.4069e-11
-4.00244e-11
3.29424e-11
-1.58572e-11
-3.65456e-12
1.72901e-11
-2.10563e-11
1.69164e-11
-1.09904e-11
8.95639e-12
-1.32037e-11
2.21684e-11
-3.21298e-11
3.84292e-11
-3.69143e-11
2.51172e-11
-4.52616e-12
-1.8811e-11
3.59292e-11
-3.99086e-11
2.99432e-11
-1.21895e-11
-4.585e-12
1.4147e-11
-1.58562e-11
1.30815e-11
-1.03764e-11
1.09717e-11
-1.65602e-11
2.68383e-11
-3.90674e-11
4.74282e-11
-4.53907e-11
2.98047e-11
-4.68102e-12
-2.02721e-11
3.5041e-11
-3.55434e-11
2.4883e-11
-1.02555e-11
-2.27026e-12
9.92103e-12
-1.28016e-11
1.20571e-11
-1.01055e-11
1.0841e-11
-1.84517e-11
3.33399e-11
-4.989e-11
5.84386e-11
-5.19604e-11
3.11812e-11
-4.66815e-12
-1.72093e-11
2.82698e-11
-2.87038e-11
2.19196e-11
-1.14438e-11
3.06003e-14
8.89247e-12
-1.21417e-11
9.4928e-12
-6.02276e-12
9.26719e-12
-2.33218e-11
4.39562e-11
-6.07913e-11
6.4358e-11
-5.29042e-11
3.21541e-11
-1.02142e-11
-7.72512e-12
1.95695e-11
-2.42797e-11
2.07249e-11
-1.01272e-11
-2.331e-12
9.40717e-12
-7.90967e-12
2.23956e-12
-1.77365e-12
1.26445e-11
-3.2485e-11
5.20908e-11
-6.29225e-11
6.22088e-11
-5.26691e-11
3.78882e-11
-2.00763e-11
1.31665e-12
1.37079e-11
-1.94231e-11
1.40667e-11
-3.04436e-12
-4.82605e-12
4.50313e-12
6.5375e-13
-2.40497e-12
-5.10805e-12
2.03707e-11
-3.69837e-11
4.92971e-11
-5.60008e-11
5.77812e-11
-5.40859e-11
4.29523e-11
-2.51895e-11
6.46043e-12
5.45237e-12
-7.13788e-12
2.25258e-12
1.74526e-12
-7.53509e-13
-2.90569e-12
3.36178e-12
2.46597e-12
-1.26655e-11
2.30061e-11
-3.15954e-11
3.92074e-11
-4.6392e-11
5.06203e-11
-4.82458e-11
3.83988e-11
-2.51799e-11
1.44071e-11
-8.99205e-12
6.81105e-12
-4.10583e-12
-3.12098e-13
3.63874e-12
-2.58313e-12
-3.23083e-12
1.07106e-11
-1.66989e-11
2.04257e-11
-2.34762e-11
2.6965e-11
-3.02653e-11
3.16531e-11
-3.06767e-11
2.84165e-11
-2.62132e-11
2.36218e-11
-1.90982e-11
1.18865e-11
-3.87108e-12
-1.58487e-12
1.72964e-12
3.43778e-12
-1.1449e-11
1.84945e-11
-2.15815e-11
1.95358e-11
-1.36966e-11
7.07006e-12
-3.29338e-12
4.47178e-12
-1.01274e-11
1.7181e-11
-2.21323e-11
2.2628e-11
-1.84177e-11
1.08022e-11
-2.71093e-12
-2.03317e-12
-8.9514e-14
9.49125e-12
-2.21226e-11
3.04822e-11
-2.83969e-11
1.53284e-11
2.59615e-12
-1.70806e-11
2.2834e-11
-2.0021e-11
1.18587e-11
-1.86622e-12
-7.32446e-12
1.2781e-11
-1.18333e-11
4.35212e-12
4.63342e-12
-7.10529e-12
-2.10021e-12
1.96473e-11
-3.51561e-11
3.83474e-11
-2.66598e-11
5.76936e-12
1.55549e-11
-3.15865e-11
4.05087e-11
-4.21337e-11
3.59718e-11
-2.3346e-11
9.39729e-12
-1.66451e-12
3.89807e-12
-1.19418e-11
1.58784e-11
-8.46734e-12
-8.75711e-12
2.6478e-11
-3.53052e-11
3.1763e-11
-1.87541e-11
9.29674e-13
1.83068e-11
-3.65363e-11
4.99581e-11
-5.43323e-11
4.83944e-11
-3.67092e-11
2.67994e-11
-2.34244e-11
2.45931e-11
-2.41658e-11
1.73627e-11
-4.90102e-12
-8.41628e-12
1.749e-11
-2.02245e-11
1.69869e-11
-8.99075e-12
-2.87405e-12
1.69204e-11
-3.04114e-11
4.03522e-11
-4.55191e-11
4.65297e-11
-4.49409e-11
4.15757e-11
-3.65491e-11
2.96098e-11
-2.11775e-11
1.22709e-11
-4.62378e-12
-7.0447e-14
5.96765e-13
2.47834e-12
-6.73862e-12
8.938e-12
-7.99178e-12
6.26484e-12
-8.1896e-12
1.59131e-11
-2.70477e-11
3.60073e-11
-3.86316e-11
3.46031e-11
-2.66537e-11
1.73341e-11
-8.21867e-12
1.10598e-12
4.77176e-13
6.29556e-12
-1.96867e-11
3.18359e-11
-3.38493e-11
2.29052e-11
-5.44589e-12
-8.05104e-12
1.0972e-11
-4.86814e-12
-3.89174e-12
9.75529e-12
-1.11891e-11
8.64948e-12
-2.36507e-12
-7.29851e-12
1.66324e-11
-1.87327e-11
8.11658e-12
1.30523e-11
-3.48582e-11
4.58108e-11
-4.10565e-11
2.46155e-11
-5.44452e-12
-9.37206e-12
1.75515e-11
-2.0606e-11
2.07125e-11
-1.99078e-11
2.02199e-11
-2.36504e-11
3.00092e-11
-3.59751e-11
3.63321e-11
-2.78639e-11
1.15947e-11
7.38862e-12
-2.29881e-11
3.06005e-11
-2.89573e-11
1.98741e-11
-7.3878e-12
-4.61364e-12
1.41344e-11
-2.20599e-11
3.03091e-11
-3.93917e-11
4.67526e-11
-4.89499e-11
4.48358e-11
-3.71578e-11
2.96801e-11
-2.39275e-11
1.83615e-11
-1.15713e-11
4.50749e-12
1.61492e-13
-1.61291e-12
1.88289e-12
-3.3946e-12
4.67197e-12
-6.81009e-13
-1.22273e-11
3.0641e-11
-4.52224e-11
4.75531e-11
-3.72404e-11
2.15665e-11
-9.49468e-12
5.23759e-12
-7.77327e-12
1.39678e-11
-2.16431e-11
2.87112e-11
-3.18853e-11
2.74237e-11
-1.52129e-11
7.27677e-13
7.52852e-12
-4.70159e-12
-6.61323e-12
1.79746e-11
-2.13729e-11
1.38308e-11
1.44846e-12
-1.78436e-11
2.83781e-11
-2.87582e-11
1.85834e-11
-1.69135e-12
-1.58259e-11
2.81953e-11
-3.28014e-11
3.03321e-11
-2.34548e-11
1.46731e-11
-6.16953e-12
-3.52431e-13
4.18713e-12
-7.2817e-12
1.33046e-11
-2.45244e-11
3.82356e-11
-4.7984e-11
4.84134e-11
-4.02145e-11
2.90972e-11
-2.05285e-11
1.46402e-11
-7.5151e-12
-3.54412e-12
1.5695e-11
-2.28667e-11
2.1118e-11
-1.19638e-11
-4.15764e-13
1.3136e-11
-2.57802e-11
3.727e-11
-4.42057e-11
4.27766e-11
-3.34881e-11
2.233e-11
-1.71566e-11
2.11656e-11
-3.04776e-11
3.70516e-11
-3.5029e-11
2.4086e-11
-9.0186e-12
-3.73783e-12
8.79338e-12
-4.12403e-12
-8.18018e-12
2.21357e-11
-3.08816e-11
3.00222e-11
-2.00056e-11
4.96527e-12
9.49763e-12
-1.8682e-11
1.93651e-11
-1.08267e-11
-4.34364e-12
1.97733e-11
-2.8373e-11
2.69704e-11
-1.94916e-11
1.36863e-11
-1.44804e-11
1.93438e-11
-2.13474e-11
1.57225e-11
-4.07592e-12
-8.45309e-12
1.83225e-11
-2.62021e-11
3.3947e-11
-4.10643e-11
4.42041e-11
-4.10226e-11
3.26757e-11
-2.27081e-11
1.2928e-11
-2.37434e-12
-1.01088e-11
2.20147e-11
-2.78136e-11
2.29134e-11
-7.97379e-12
-1.12917e-11
2.72283e-11
-3.46004e-11
3.25971e-11
-2.51111e-11
1.83897e-11
-1.80202e-11
2.53213e-11
-3.63903e-11
4.40396e-11
-4.29004e-11
3.28292e-11
-1.86998e-11
6.16871e-12
1.21431e-12
-2.26235e-12
-3.55261e-12
1.52382e-11
-2.84706e-11
3.55165e-11
-3.02283e-11
1.33673e-11
6.44508e-12
-1.90723e-11
2.01693e-11
-1.3734e-11
6.89683e-12
-3.41521e-12
1.27067e-12
3.19707e-12
-1.08724e-11
1.89678e-11
-2.44734e-11
2.63363e-11
-2.52058e-11
2.13536e-11
-1.47302e-11
5.81191e-12
3.62608e-12
-1.19806e-11
1.8928e-11
-2.57211e-11
3.34348e-11
-4.18902e-11
4.9094e-11
-5.21703e-11
4.79099e-11
-3.44341e-11
1.30859e-11
9.6156e-12
-2.40549e-11
2.30505e-11
-7.96674e-12
-1.16587e-11
2.46864e-11
-2.64751e-11
2.0367e-11
-1.31759e-11
9.12427e-12
-8.7644e-12
1.11966e-11
-1.63881e-11
2.37245e-11
-3.02453e-11
3.12353e-11
-2.47078e-11
1.41811e-11
-6.96169e-12
8.04227e-12
-1.6425e-11
2.62105e-11
-3.16962e-11
3.055e-11
-2.41311e-11
1.51832e-11
-6.25718e-12
-1.77253e-12
9.77908e-12
-1.96551e-11
3.15184e-11
-4.2061e-11
4.53414e-11
-3.73341e-11
1.95901e-11
6.92501e-13
-1.57351e-11
2.19039e-11
-2.07829e-11
1.54909e-11
-8.04258e-12
-3.16802e-13
6.74981e-12
-8.04577e-12
4.29252e-12
-1.25567e-12
6.31446e-12
-2.18625e-11
4.17457e-11
-5.55245e-11
5.58424e-11
-4.35022e-11
2.56719e-11
-1.08078e-11
3.80307e-12
-5.17173e-12
1.20739e-11
-2.04464e-11
2.63598e-11
-2.79703e-11
2.59312e-11
-2.23428e-11
1.79567e-11
-1.1725e-11
2.56318e-12
7.98509e-12
-1.66059e-11
2.08177e-11
-2.08823e-11
1.78586e-11
-1.15894e-11
9.93268e-13
1.24167e-11
-2.33769e-11
2.59031e-11
-1.92735e-11
9.67923e-12
-5.74892e-12
1.06056e-11
-1.90287e-11
2.15288e-11
-1.22117e-11
-7.61827e-12
3.10607e-11
-5.03842e-11
5.99144e-11
-5.76666e-11
4.55005e-11
-2.89081e-11
1.43495e-11
-6.27716e-12
5.123e-12
-8.73427e-12
1.43634e-11
-2.00376e-11
2.38063e-11
-2.39714e-11
2.01181e-11
-1.4596e-11
1.07796e-11
-9.82029e-12
8.58623e-12
-3.0528e-12
-6.62615e-12
1.43205e-11
-1.32946e-11
2.70709e-12
1.07488e-11
-1.8818e-11
1.82551e-11
-1.28493e-11
9.10927e-12
-1.14156e-11
1.94283e-11
-2.92567e-11
3.52676e-11
-3.26116e-11
1.90867e-11
2.96246e-12
-2.73315e-11
4.65368e-11
-5.58156e-11
5.44907e-11
-4.51196e-11
3.12781e-11
-1.73143e-11
7.93578e-12
-6.61337e-12
1.21871e-11
-1.88655e-11
2.04573e-11
-1.63248e-11
1.1651e-11
-1.21157e-11
1.7519e-11
-2.1985e-11
1.94547e-11
-9.6751e-12
-1.8868e-12
8.48679e-12
-7.31887e-12
3.65949e-13
7.61645e-12
-1.24476e-11
1.20997e-11
-7.80676e-12
3.55458e-12
-4.43353e-12
1.28094e-11
-2.61763e-11
3.81436e-11
-4.29248e-11
3.80709e-11
-2.43768e-11
3.82731e-12
2.00417e-11
-4.13118e-11
5.27263e-11
-5.06911e-11
3.86952e-11
-2.56881e-11
1.90108e-11
-1.92896e-11
2.11164e-11
-1.94294e-11
1.41735e-11
-9.97811e-12
1.10147e-11
-1.73826e-11
2.49604e-11
-2.87553e-11
2.55087e-11
-1.54861e-11
2.41371e-12
7.54313e-12
-9.56485e-12
3.69028e-12
4.48109e-12
-8.478e-12
5.97533e-12
-2.17546e-13
-3.93716e-12
3.60654e-12
1.42115e-12
-1.08834e-11
2.40633e-11
-3.80759e-11
4.65759e-11
-4.31457e-11
2.62894e-11
-2.03259e-12
-2.00222e-11
3.29964e-11
-3.67512e-11
3.56372e-11
-3.40614e-11
3.32484e-11
-3.19705e-11
2.81992e-11
-2.12025e-11
1.25913e-11
-6.96159e-12
9.3145e-12
-2.08231e-11
3.5692e-11
-4.4382e-11
4.05028e-11
-2.60622e-11
9.08117e-12
2.81542e-12
-7.48328e-12
7.21706e-12
-5.3267e-12
3.62812e-12
-3.33338e-12
5.54402e-12
-1.04394e-11
1.52661e-11
-1.53975e-11
7.58003e-12
6.67564e-12
-2.19821e-11
3.23074e-11
-3.43857e-11
2.81013e-11
-1.6079e-11
2.44074e-12
8.57019e-12
-1.55652e-11
2.09095e-11
-2.82184e-11
3.70742e-11
-4.18746e-11
3.64046e-11
-2.107e-11
4.23919e-12
3.26059e-12
3.56454e-12
-2.10504e-11
4.00437e-11
-5.22521e-11
5.37025e-11
-4.52697e-11
3.07514e-11
-1.53216e-11
3.21268e-12
3.95668e-12
-8.00581e-12
1.18344e-11
-1.67375e-11
2.12793e-11
-2.36987e-11
2.36685e-11
-2.19783e-11
1.82925e-11
-1.17122e-11
3.05867e-12
3.82199e-12
-5.49124e-12
2.65619e-12
-1.6733e-13
1.62366e-12
-5.32642e-12
5.27124e-12
2.82284e-12
-1.73711e-11
3.128e-11
-3.68922e-11
3.04079e-11
-1.43251e-11
-3.81486e-12
1.45463e-11
-1.16416e-11
-4.22622e-12
2.51725e-11
-4.14478e-11
4.77899e-11
-4.62655e-11
4.2063e-11
-3.77317e-11
3.10619e-11
-1.91999e-11
2.71756e-12
1.40804e-11
-2.6987e-11
3.40121e-11
-3.51117e-11
3.07226e-11
-2.2624e-11
1.44719e-11
-1.07263e-11
1.33245e-11
-2.05344e-11
2.81823e-11
-3.25809e-11
3.15907e-11
-2.51788e-11
1.54885e-11
-7.2316e-12
5.30338e-12
-1.10152e-11
1.93113e-11
-2.18489e-11
1.34798e-11
2.64742e-12
-1.75333e-11
2.33342e-11
-1.92777e-11
1.04193e-11
-2.49864e-12
-2.59081e-12
6.47195e-12
-1.20227e-11
2.06094e-11
-3.08165e-11
3.76442e-11
-3.47919e-11
1.9102e-11
5.05306e-12
-2.74477e-11
3.85329e-11
-3.60954e-11
2.50974e-11
-1.28345e-11
3.97279e-12
-3.64234e-13
2.523e-12
-1.04377e-11
2.21408e-11
-3.38936e-11
4.20026e-11
-4.5451e-11
4.54518e-11
-4.34459e-11
3.90829e-11
-3.12102e-11
1.94174e-11
-5.15649e-12
-9.16789e-12
2.05513e-11
-2.60867e-11
2.40405e-11
-1.66054e-11
1.00982e-11
-1.12134e-11
2.05766e-11
-3.12549e-11
3.39751e-11
-2.54823e-11
1.10066e-11
1.09136e-13
-1.73774e-12
-5.99977e-12
1.77976e-11
-2.68899e-11
2.80955e-11
-2.07689e-11
9.12741e-12
3.26903e-13
-4.21235e-12
4.65196e-12
-6.71107e-12
1.22038e-11
-1.72449e-11
1.52724e-11
-3.36296e-12
-1.52759e-11
3.34291e-11
-4.46923e-11
4.57014e-11
-3.63946e-11
1.9135e-11
1.07574e-12
-1.79362e-11
2.64039e-11
-2.57679e-11
1.91874e-11
-1.11482e-11
4.72259e-12
-1.78785e-12
3.36584e-12
-9.31196e-12
1.7233e-11
-2.4356e-11
3.0212e-11
-3.72648e-11
4.6711e-11
-5.50197e-11
5.52384e-11
-4.35236e-11
2.3198e-11
-3.02812e-12
-9.27053e-12
1.13768e-11
-6.95539e-12
2.53734e-12
-4.11443e-12
1.33819e-11
-2.63414e-11
3.50696e-11
-3.37759e-11
2.36723e-11
-1.27907e-11
9.20213e-12
-1.46283e-11
2.34106e-11
-2.83661e-11
2.65822e-11
-2.09271e-11
1.6066e-11
-1.45998e-11
1.54468e-11
-1.53923e-11
1.07399e-11
2.72486e-13
-1.56999e-11
2.92111e-11
-3.36031e-11
2.56994e-11
-9.13082e-12
-8.89031e-12
2.2435e-11
-2.93686e-11
2.93649e-11
-2.25667e-11
1.02581e-11
3.51187e-12
-1.39086e-11
1.8519e-11
-1.87612e-11
1.6914e-11
-1.35545e-11
7.63734e-12
5.92554e-13
-8.65992e-12
1.27598e-11
-9.83014e-12
-1.78876e-12
2.10206e-11
-4.29834e-11
5.91472e-11
-6.19082e-11
4.99915e-11
-3.04747e-11
1.36052e-11
-5.54961e-12
4.54014e-12
-4.34862e-12
1.52656e-13
7.6297e-12
-1.49003e-11
1.73428e-11
-1.38975e-11
7.57189e-12
-4.54179e-12
1.02321e-11
-2.50361e-11
4.21704e-11
-5.19697e-11
4.91788e-11
-3.76372e-11
2.65349e-11
-2.27162e-11
2.55011e-11
-2.90253e-11
2.74041e-11
-1.85896e-11
4.2737e-12
1.10326e-11
-2.20818e-11
2.54052e-11
-2.22599e-11
1.76168e-11
-1.59594e-11
1.70241e-11
-1.71999e-11
1.4009e-11
-9.25749e-12
6.73177e-12
-8.75589e-12
1.46683e-11
-2.25478e-11
2.99263e-11
-3.37307e-11
3.03528e-11
-1.838e-11
5.07581e-13
1.70378e-11
-2.83534e-11
3.04483e-11
-2.38325e-11
1.10455e-11
3.83752e-12
-1.62656e-11
2.27468e-11
-2.32213e-11
2.04281e-11
-1.6952e-11
1.19907e-11
-2.81508e-12
-1.10566e-11
2.47116e-11
-3.06113e-11
2.40226e-11
-7.0576e-12
-1.27399e-11
2.62684e-11
-2.73395e-11
1.50733e-11
5.06623e-12
-2.40423e-11
3.45644e-11
-3.64159e-11
3.54212e-11
-3.71637e-11
4.06903e-11
-3.98053e-11
2.9527e-11
-1.17322e-11
-6.13979e-12
1.60559e-11
-1.43264e-11
2.99247e-12
1.06575e-11
-1.75871e-11
1.20697e-11
3.58701e-12
-2.058e-11
3.04244e-11
-3.19838e-11
3.08929e-11
-3.33536e-11
4.00936e-11
-4.68393e-11
4.83535e-11
-4.24409e-11
3.05107e-11
-1.69565e-11
6.94684e-12
-3.77373e-12
5.84122e-12
-7.51267e-12
3.34091e-12
6.86776e-12
-1.82082e-11
2.49687e-11
-2.55337e-11
2.24695e-11
-1.98037e-11
2.00057e-11
-2.38008e-11
3.03078e-11
-3.73979e-11
4.17648e-11
-4.09864e-11
3.51257e-11
-2.67829e-11
1.82848e-11
-1.0076e-11
1.21493e-12
8.14231e-12
-1.64555e-11
2.19044e-11
-2.37953e-11
2.16998e-11
-1.53215e-11
5.63752e-12
3.1054e-12
-5.14092e-12
-2.66174e-12
1.74011e-11
-3.22253e-11
4.07843e-11
-4.06712e-11
3.28646e-11
-2.04953e-11
7.41429e-12
2.92993e-12
-9.84719e-12
1.53693e-11
-2.13357e-11
2.53384e-11
-2.19213e-11
8.08066e-12
1.17454e-11
-2.78783e-11
3.18299e-11
-2.18303e-11
2.6462e-12
1.73245e-11
-3.01008e-11
3.1263e-11
-2.2682e-11
1.11287e-11
-3.17591e-12
-5.84833e-13
4.83822e-12
-1.34597e-11
2.36367e-11
-2.7573e-11
1.89691e-11
1.27319e-12
-2.55788e-11
4.37191e-11
-4.81088e-11
3.72216e-11
-1.71527e-11
-1.59239e-12
1.04536e-11
-8.86767e-12
3.28227e-12
-6.28093e-13
1.69534e-12
-1.74761e-12
-3.90867e-12
1.4457e-11
-2.38824e-11
2.47851e-11
-1.33054e-11
-8.52426e-12
3.26818e-11
-4.9058e-11
5.10954e-11
-4.05545e-11
2.5931e-11
-1.60769e-11
1.35085e-11
-1.43101e-11
1.30435e-11
-8.3076e-12
3.10236e-12
-1.81107e-12
6.21466e-12
-1.42551e-11
2.04653e-11
-1.88774e-11
6.53559e-12
1.3283e-11
-3.24509e-11
4.30895e-11
-4.34004e-11
3.7874e-11
-3.28309e-11
3.10081e-11
-3.09845e-11
2.96962e-11
-2.55706e-11
1.89908e-11
-1.21679e-11
7.98468e-12
-8.52084e-12
1.24103e-11
-1.48924e-11
1.0932e-11
5.63387e-14
-1.38394e-11
2.49454e-11
-3.11468e-11
3.35465e-11
-3.44156e-11
3.51278e-11
-3.65063e-11
3.84602e-11
-3.95206e-11
3.70286e-11
-3.00649e-11
2.0999e-11
-1.3959e-11
1.06488e-11
-9.34405e-12
7.112e-12
-2.92709e-12
-2.74286e-12
9.23924e-12
-1.61637e-11
2.20998e-11
-2.55848e-11
2.70257e-11
-2.93492e-11
3.46494e-11
-4.15496e-11
4.59112e-11
-4.49195e-11
3.87436e-11
-2.94974e-11
1.91467e-11
-9.82288e-12
3.63888e-12
-1.37165e-12
6.8022e-13
1.82159e-12
-7.11666e-12
1.24495e-11
-1.4995e-11
1.51569e-11
-1.63797e-11
2.13181e-11
-2.99866e-11
4.01026e-11
-4.8588e-11
5.16845e-11
-4.6569e-11
3.37902e-11
-1.86354e-11
7.42278e-12
-2.64698e-12
1.38206e-12
4.8605e-13
-4.24447e-12
7.87074e-12
-9.29332e-12
8.15741e-12
-6.07963e-12
5.78312e-12
-1.07709e-11
2.28296e-11
-3.92791e-11
5.26002e-11
-5.56363e-11
4.70689e-11
-3.24078e-11
1.86975e-11
-9.6546e-12
4.56181e-12
-1.12595e-12
-2.52695e-12
6.62865e-12
-9.71176e-12
8.91325e-12
-3.05082e-12
-4.5668e-12
6.59608e-12
2.39255e-12
-2.0815e-11
4.03502e-11
-5.23294e-11
5.29867e-11
-4.45276e-11
3.19906e-11
-2.04576e-11
1.25983e-11
-7.79477e-12
2.72217e-12
4.71671e-12
-1.22512e-11
1.40795e-11
-6.93092e-12
-5.67793e-12
1.49009e-11
-1.33794e-11
-3.08277e-14
2.00176e-11
-3.8691e-11
4.92028e-11
-4.90097e-11
4.0808e-11
-3.09115e-11
2.40003e-11
-1.95144e-11
1.28509e-11
-1.56113e-12
-1.09959e-11
1.76746e-11
-1.39526e-11
1.47991e-12
1.26826e-11
-2.03773e-11
1.61367e-11
-3.79576e-13
-2.04528e-11
3.70451e-11
-4.36592e-11
4.16265e-11
-3.7135e-11
3.4402e-11
-3.22062e-11
2.60201e-11
-1.36868e-11
-2.11009e-12
1.50342e-11
-1.90737e-11
1.31142e-11
-4.61826e-12
6.1235e-13
1.58248e-13
4.81026e-14
2.69737e-14
4.04853e-15
0
