0
2.50379e-16
3.5121e-15
3.10458e-14
-8.45021e-14
7.78313e-13
1.26215e-12
-1.42967e-11
3.34617e-11
-3.79181e-11
3.25136e-11
-4.00551e-11
5.7062e-11
-5.594e-11
2.6098e-11
8.40838e-12
-2.18134e-11
2.07948e-11
-3.06877e-11
5.42533e-11
-6.53803e-11
4.63285e-11
-1.42248e-11
-2.93902e-12
4.4778e-12
-1.43116e-11
4.15536e-11
-6.40037e-11
5.82113e-11
-3.26596e-11
1.4874e-11
-1.26969e-11
5.63796e-12
2.11575e-11
-5.18094e-11
5.96418e-11
-4.36928e-11
2.80684e-11
-2.67503e-11
2.47111e-11
-2.90942e-12
-3.10301e-11
5.05577e-11
-4.56837e-11
3.42291e-11
-3.44042e-11
3.83857e-11
-2.54913e-11
-5.86236e-12
3.30781e-11
-3.89675e-11
3.27265e-11
-3.4011e-11
4.32289e-11
-4.14194e-11
1.82977e-11
1.11824e-11
-2.5858e-11
2.49776e-11
-2.61797e-11
3.79699e-11
-4.68393e-11
3.60518e-11
-1.01248e-11
-1.01296e-11
1.41656e-11
-1.38821e-11
2.42149e-11
-4.04757e-11
4.34248e-11
-2.60412e-11
3.98623e-12
4.34083e-12
-1.77829e-12
6.38203e-12
-2.43805e-11
3.91522e-11
-3.33309e-11
1.30794e-11
-9.20645e-13
5.16739e-12
-9.29281e-12
-3.79263e-12
2.53676e-11
-3.1392e-11
1.57244e-11
6.54775e-14
3.52395e-12
-1.66532e-11
1.41191e-11
7.30929e-12
-2.26063e-11
1.30675e-11
6.15743e-12
-6.93021e-12
-1.19572e-11
2.24959e-11
-8.11774e-12
-1.16758e-11
8.47422e-12
1.3467e-11
-2.24501e-11
4.17321e-12
1.73949e-11
-1.46367e-11
-4.01079e-12
6.18698e-12
1.67117e-11
-3.61136e-11
2.61279e-11
-1.78387e-13
-9.0685e-12
-3.62559e-12
9.38619e-12
1.15525e-11
-4.02681e-11
4.4694e-11
-2.3853e-11
7.02084e-12
-1.13475e-11
1.84429e-11
-2.94446e-12
-2.99874e-11
5.04206e-11
-4.37187e-11
2.74142e-11
-2.42393e-11
3.03391e-11
-2.30015e-11
-6.10867e-12
3.79426e-11
-5.01557e-11
4.33992e-11
-3.66672e-11
3.97675e-11
-4.09919e-11
2.38517e-11
9.37092e-12
-3.834e-11
4.74377e-11
-4.28138e-11
4.17381e-11
-4.86636e-11
4.80318e-11
-2.52407e-11
-1.13721e-11
3.68761e-11
-3.95736e-11
3.45201e-11
-4.15715e-11
5.551e-11
-5.14504e-11
1.99494e-11
1.58336e-11
-2.83576e-11
2.12304e-11
-2.24247e-11
4.23749e-11
-5.71537e-11
4.14342e-11
-6.09874e-12
-1.46539e-11
8.78029e-12
-1.00941e-12
1.52406e-11
-3.95041e-11
4.24922e-11
-1.82616e-11
-5.27609e-12
4.23357e-12
1.02543e-11
-1.06737e-11
-7.98362e-12
2.24559e-11
-1.46011e-11
-4.57476e-12
1.03845e-11
3.42282e-12
-1.91394e-11
1.92116e-11
-7.66343e-12
2.43788e-12
-1.17934e-11
2.33954e-11
-1.91967e-11
-2.8218e-12
2.49204e-11
-3.015e-11
2.2452e-11
-2.13214e-11
3.4551e-11
-4.48925e-11
3.05587e-11
4.00832e-12
-3.06414e-11
3.25776e-11
-2.60587e-11
3.57619e-11
-5.75254e-11
6.09811e-11
-3.15099e-11
-7.7991e-12
2.53751e-11
-2.20218e-11
2.54885e-11
-4.82674e-11
6.80277e-11
-5.82389e-11
2.41355e-11
4.35022e-12
-1.12518e-11
1.06875e-11
-2.29405e-11
4.53312e-11
-5.63817e-11
4.32515e-11
-1.71094e-11
-8.5086e-13
2.51117e-12
4.41364e-13
7.21279e-12
-2.48392e-11
3.48644e-11
-2.39425e-11
1.57484e-12
8.10386e-12
4.03696e-12
-1.94214e-11
1.52956e-11
3.52517e-12
-1.0173e-11
-6.75966e-12
2.45098e-11
-1.56192e-11
-1.45523e-11
3.42236e-11
-2.79788e-11
1.54186e-11
-2.14049e-11
4.00862e-11
-4.31629e-11
1.79605e-11
1.64693e-11
-3.47264e-11
3.43109e-11
-3.32189e-11
4.32587e-11
-5.53518e-11
5.09498e-11
-2.42312e-11
-1.04603e-11
3.21086e-11
-3.45654e-11
3.19579e-11
-4.0423e-11
5.49451e-11
-5.30199e-11
2.4191e-11
1.14144e-11
-2.51376e-11
1.55722e-11
-9.61289e-12
2.42354e-11
-4.23414e-11
3.64246e-11
-8.05432e-12
-1.29557e-11
7.10466e-12
1.11812e-11
-1.56285e-11
1.95163e-12
1.01172e-11
-5.22144e-12
-8.92029e-12
1.20956e-11
4.51489e-12
-2.93572e-11
4.24952e-11
-3.609e-11
2.19752e-11
-1.7861e-11
2.42457e-11
-2.13947e-11
-5.81314e-12
4.36572e-11
-6.20369e-11
5.09176e-11
-3.28984e-11
3.16079e-11
-3.93338e-11
2.85906e-11
7.56994e-12
-4.36736e-11
5.30728e-11
-3.94003e-11
2.71434e-11
-2.92776e-11
3.42266e-11
-2.47056e-11
-1.56757e-13
2.3351e-11
-2.79033e-11
1.37214e-11
1.49028e-12
-4.73353e-13
-1.40664e-11
2.14809e-11
-9.89744e-12
-5.55279e-12
7.99107e-14
2.60539e-11
-4.42142e-11
3.27255e-11
-4.69767e-12
-1.09063e-11
7.5063e-12
-6.81962e-12
2.61925e-11
-5.46177e-11
6.63777e-11
-5.1275e-11
2.29365e-11
-1.61225e-12
-6.15962e-12
1.05495e-11
-2.50952e-11
4.88917e-11
-6.35532e-11
5.17397e-11
-2.04331e-11
-3.07179e-12
2.5141e-12
6.93753e-12
-1.41993e-13
-2.25876e-11
3.46463e-11
-1.97424e-11
-5.59507e-12
1.28425e-11
3.59806e-12
-2.35416e-11
2.78246e-11
-1.8714e-11
1.22811e-11
-1.84006e-11
2.96004e-11
-2.81577e-11
4.06481e-12
3.10046e-11
-5.22819e-11
4.82611e-11
-3.50078e-11
3.4997e-11
-4.5854e-11
4.18472e-11
-9.85276e-12
-3.00756e-11
4.77503e-11
-3.87313e-11
2.50498e-11
-2.50283e-11
3.30759e-11
-3.15885e-11
1.34268e-11
1.00298e-11
-2.02564e-11
9.00264e-12
1.17261e-11
-1.961e-11
5.71252e-12
1.34404e-11
-1.60438e-11
4.45067e-12
-3.77971e-12
2.71641e-11
-5.54278e-11
5.94094e-11
-3.54924e-11
6.72013e-12
6.9978e-12
-9.38235e-12
1.68174e-11
-3.66123e-11
5.84609e-11
-6.4351e-11
4.54125e-11
-1.32969e-11
-8.13161e-12
7.0889e-12
1.64306e-12
4.40786e-12
-2.46245e-11
3.42391e-11
-1.81006e-11
-7.43185e-12
1.39548e-11
4.56072e-12
-2.79756e-11
3.57554e-11
-2.76337e-11
1.80905e-11
-1.86355e-11
2.57176e-11
-2.35128e-11
-4.49059e-13
3.77304e-11
-6.23554e-11
5.76752e-11
-3.68984e-11
2.63409e-11
-3.14557e-11
3.10189e-11
-8.32378e-12
-2.50432e-11
4.28245e-11
-3.45525e-11
1.37082e-11
-9.61387e-13
4.79076e-12
-1.68628e-11
2.11746e-11
-1.14024e-11
3.64793e-13
-7.33289e-12
3.15352e-11
-4.74899e-11
3.35409e-11
6.5276e-13
-2.63543e-11
3.04876e-11
-2.73054e-11
3.47775e-11
-5.15592e-11
6.01848e-11
-4.70403e-11
1.52628e-11
1.65443e-11
-2.89228e-11
1.96711e-11
-7.94414e-12
1.2455e-11
-2.74663e-11
2.94855e-11
-1.01547e-11
-1.02307e-11
7.2987e-12
1.75458e-11
-4.08594e-11
4.38774e-11
-2.8629e-11
1.03996e-11
-1.86721e-12
1.63148e-12
4.56114e-12
-2.81371e-11
5.91809e-11
-7.16086e-11
5.23301e-11
-1.9338e-11
9.41736e-13
-3.04626e-12
6.70524e-12
3.68744e-12
-2.20337e-11
3.04107e-11
-1.97225e-11
-2.03466e-12
1.56232e-11
-6.35124e-12
-2.07216e-11
4.21843e-11
-4.09892e-11
2.65616e-11
-2.20072e-11
3.19913e-11
-3.61827e-11
1.6165e-11
2.08112e-11
-5.07731e-11
5.72218e-11
-4.32868e-11
2.52538e-11
-1.84958e-11
2.33757e-11
-2.4313e-11
8.1431e-12
1.52204e-11
-2.10817e-11
8.34098e-13
2.45468e-11
-2.88003e-11
8.87775e-12
1.62637e-11
-2.94492e-11
2.95889e-11
-2.8153e-11
3.61225e-11
-5.19268e-11
5.82702e-11
-3.86041e-11
-6.92514e-13
3.1495e-11
-3.44793e-11
1.9882e-11
-1.20331e-11
1.90928e-11
-2.81951e-11
2.46709e-11
-8.70754e-12
-6.01957e-12
3.55942e-12
1.93588e-11
-4.59874e-11
5.1652e-11
-3.04373e-11
2.7135e-12
9.32997e-12
-8.18698e-12
1.33336e-11
-3.36787e-11
5.65461e-11
-6.29957e-11
4.55894e-11
-1.44266e-11
-9.61847e-12
1.07427e-11
5.33802e-12
-1.59939e-11
7.91057e-12
6.31915e-12
-6.27509e-12
-8.32947e-12
1.70872e-11
-3.83457e-12
-2.70086e-11
5.62491e-11
-6.56717e-11
5.10558e-11
-2.66465e-11
1.29307e-11
-1.41729e-11
1.31011e-11
5.41049e-12
-3.17674e-11
4.21476e-11
-2.71282e-11
1.20784e-12
1.36838e-11
-6.64996e-12
-1.59359e-11
3.60327e-11
-3.87803e-11
2.83771e-11
-2.37919e-11
3.38645e-11
-4.28663e-11
2.96686e-11
5.23459e-12
-3.95502e-11
5.27725e-11
-4.23443e-11
2.19387e-11
-9.56021e-12
1.34832e-11
-2.34925e-11
2.17655e-11
-6.29869e-12
-3.51674e-12
-8.73716e-12
3.42978e-11
-4.85532e-11
3.70058e-11
-6.27303e-12
-2.49621e-11
4.01201e-11
-3.68437e-11
2.91836e-11
-3.29784e-11
4.46708e-11
-4.43646e-11
2.18359e-11
7.3527e-12
-1.9535e-11
6.78408e-12
1.77288e-11
-3.43168e-11
2.99167e-11
-8.7363e-12
-1.15432e-11
1.63183e-11
-1.32196e-11
2.09067e-11
-4.42024e-11
6.40351e-11
-6.1171e-11
3.45676e-11
-2.14762e-12
-1.68487e-11
1.2542e-11
5.39781e-12
-1.69501e-11
9.78727e-12
4.02633e-12
-6.48107e-12
-4.06286e-12
8.61095e-12
6.30548e-12
-3.67233e-11
6.34035e-11
-6.92653e-11
4.87151e-11
-1.72125e-11
-2.3999e-12
4.89921e-13
7.38874e-12
-3.81976e-12
-1.04636e-11
1.84624e-11
-1.04693e-11
-7.99481e-12
2.0029e-11
-1.08515e-11
-2.03722e-11
5.38416e-11
-6.52273e-11
5.04674e-11
-2.87855e-11
1.88814e-11
-1.93637e-11
1.73743e-11
-4.02119e-12
-1.59831e-11
2.9557e-11
-2.20823e-11
-3.18173e-12
2.50949e-11
-2.01536e-11
-7.94182e-12
3.796e-11
-4.97315e-11
4.54684e-11
-3.51161e-11
3.20539e-11
-3.52632e-11
3.58809e-11
-1.79774e-11
-1.18747e-11
3.38548e-11
-2.73232e-11
2.45898e-12
2.07639e-11
-2.2118e-11
4.6311e-12
2.16169e-11
-3.60191e-11
3.57301e-11
-2.92222e-11
3.54452e-11
-4.84842e-11
5.28586e-11
-3.34435e-11
2.0348e-12
2.45475e-11
-2.77164e-11
9.2597e-12
1.70589e-11
-2.59878e-11
1.23983e-11
1.01512e-11
-2.10781e-11
2.06846e-11
-2.08531e-11
3.16327e-11
-4.93837e-11
6.08725e-11
-5.21281e-11
2.09249e-11
1.20909e-11
-2.40239e-11
7.80998e-12
1.51818e-11
-2.76538e-11
2.01279e-11
-5.46415e-12
-8.37822e-12
8.63426e-12
-8.45677e-12
1.62483e-11
-4.25591e-11
6.19424e-11
-6.28144e-11
3.49416e-11
-5.39764e-12
-1.56564e-11
7.35928e-12
1.22293e-11
-3.43354e-11
3.07683e-11
-1.90155e-11
4.05744e-12
-7.04088e-12
5.29363e-12
1.18838e-14
-2.57423e-11
4.82708e-11
-6.40729e-11
4.64551e-11
-1.75771e-11
-1.09692e-11
7.18676e-12
1.01767e-11
-3.49417e-11
4.00943e-11
-3.5898e-11
2.04839e-11
-1.73014e-11
1.84764e-11
-1.92827e-11
-1.12766e-12
2.93364e-11
-5.04543e-11
4.59504e-11
-2.22771e-11
-5.30364e-12
1.61862e-11
-3.36976e-15
-2.7602e-11
4.82226e-11
-4.518e-11
3.67642e-11
-2.65585e-11
3.06348e-11
-2.795e-11
2.44133e-11
3.20303e-12
-2.37401e-11
3.91418e-11
-1.54134e-11
-6.25238e-12
3.09149e-11
-1.50183e-11
-3.45998e-12
4.24025e-11
-4.69489e-11
5.08821e-11
-2.74284e-11
3.42145e-11
-2.76298e-11
3.93058e-11
-1.52682e-11
7.07707e-12
1.96631e-11
-3.31188e-12
-8.42805e-12
4.68807e-11
-3.90858e-11
2.77829e-11
1.96147e-11
-3.36699e-11
5.06495e-11
-2.82029e-11
2.50648e-11
-1.21387e-11
2.91603e-11
-2.34913e-11
2.27366e-11
-2.45638e-12
7.29041e-12
-1.68705e-11
4.65156e-11
-6.00634e-11
5.47754e-11
-2.08058e-11
-1.58237e-11
3.16852e-11
-2.71537e-11
3.88312e-12
4.74989e-12
-1.14672e-11
-9.66785e-12
1.01658e-11
-2.1916e-11
3.9381e-12
-2.4873e-11
2.68845e-11
-6.59609e-11
5.2265e-11
-5.79285e-11
1.7134e-12
1.64238e-12
-3.1491e-11
-1.82582e-11
1.61389e-11
-5.96089e-11
1.97487e-11
-3.17455e-11
-2.18844e-11
-6.29944e-12
-2.7809e-11
-5.74317e-12
-4.4592e-11
2.01344e-11
-5.81301e-11
4.06928e-12
-1.87939e-11
-3.16663e-11
-1.74538e-11
1.31862e-11
-7.90876e-11
5.1157e-11
-6.63599e-11
4.47709e-12
-1.22937e-11
-2.09135e-11
-1.61845e-11
1.16911e-12
-2.11379e-11
-6.72168e-12
-6.89268e-12
-4.85534e-13
-1.83072e-11
1.03148e-11
5.34089e-12
-3.6495e-11
6.44182e-11
-5.40193e-11
4.06183e-11
6.72626e-12
-1.03797e-12
1.74276e-11
3.91678e-11
-2.85582e-11
7.2766e-11
-1.69643e-11
5.0586e-11
9.70481e-12
4.70326e-11
1.60721e-11
4.04769e-11
4.7024e-11
1.54649e-11
5.60734e-11
4.81031e-11
1.70138e-11
7.24238e-11
4.22021e-11
1.52394e-11
1.0896e-10
-1.19884e-11
8.949e-11
3.81768e-11
5.08638e-11
4.6299e-11
7.16024e-11
1.76447e-11
8.37714e-11
2.20724e-11
7.37729e-11
1.43673e-11
8.35835e-11
1.0462e-11
5.36081e-11
5.34312e-11
4.64703e-12
5.6922e-11
3.37812e-11
-3.34259e-12
5.79084e-11
4.43953e-12
-5.09025e-12
5.87265e-11
-4.7687e-11
3.96512e-11
-2.26146e-11
1.54457e-12
-2.75093e-11
2.82818e-12
-5.08695e-11
-7.44483e-12
-5.38509e-11
-1.77591e-11
-8.59883e-11
-7.91737e-13
-1.06312e-10
-3.8015e-11
-6.30931e-11
-1.0175e-10
-5.64599e-11
-8.05851e-11
-1.22051e-10
-5.1167e-11
-1.25583e-10
-1.06115e-10
-7.34866e-11
-1.51183e-10
-8.0123e-11
-1.32362e-10
-1.06394e-10
-1.32587e-10
-9.99104e-11
-1.43577e-10
-1.03484e-10
-1.34479e-10
-1.00303e-10
-1.57758e-10
-6.11733e-11
-1.73056e-10
-7.2473e-11
-1.1635e-10
-1.21156e-10
-8.21805e-11
-8.70723e-11
-1.26366e-10
-2.76063e-11
-1.20183e-10
-5.0865e-11
-4.4853e-11
-7.92776e-11
-1.89274e-11
-4.02302e-11
-2.35389e-11
-1.11062e-11
6.27373e-12
-3.81647e-12
3.42228e-11
2.36168e-11
5.85265e-11
2.72338e-11
1.16539e-10
2.47811e-11
1.38444e-10
8.63476e-11
1.10192e-10
1.40858e-10
1.48975e-10
1.11033e-10
2.27844e-10
1.09145e-10
2.22719e-10
1.88731e-10
1.86992e-10
2.25029e-10
2.231e-10
2.03926e-10
2.61889e-10
2.17626e-10
2.49673e-10
2.49048e-10
2.46253e-10
2.5594e-10
2.42191e-10
2.74406e-10
2.18145e-10
2.80635e-10
2.29003e-10
2.36284e-10
2.46663e-10
2.28768e-10
1.88629e-10
2.70627e-10
1.29842e-10
2.39969e-10
1.57262e-10
1.53392e-10
1.59516e-10
1.38837e-10
7.64827e-11
1.54566e-10
2.32276e-11
9.40841e-11
2.59237e-11
1.85122e-11
-4.93308e-12
-1.50027e-11
-6.25854e-11
-5.805e-11
-1.00029e-10
-1.09787e-10
-1.5083e-10
-1.45935e-10
-1.98611e-10
-2.125e-10
-2.03063e-10
-2.94869e-10
-2.38012e-10
-3.08456e-10
-3.27949e-10
-3.11475e-10
-3.5956e-10
-3.97254e-10
-3.27483e-10
-4.68354e-10
-3.63189e-10
-4.45079e-10
-4.42822e-10
-4.36182e-10
-4.42114e-10
-4.94478e-10
-4.07602e-10
-5.1597e-10
-4.25504e-10
-4.80823e-10
-4.44301e-10
-4.64518e-10
-4.23427e-10
-4.51883e-10
-4.03337e-10
-4.17511e-10
-3.74382e-10
-3.94449e-10
-3.19312e-10
-3.54749e-10
-2.95494e-10
-2.62988e-10
-2.81562e-10
-1.95905e-10
-1.92806e-10
-1.83053e-10
-9.10567e-11
-1.09887e-10
-6.95217e-11
2.9197e-11
-3.9382e-11
1.0016e-10
8.43154e-11
1.21486e-10
1.92017e-10
2.16514e-10
2.19547e-10
3.46249e-10
2.74256e-10
4.08146e-10
3.84708e-10
4.49029e-10
4.64163e-10
5.30805e-10
5.09348e-10
6.04436e-10
5.68192e-10
6.53562e-10
6.19876e-10
7.05786e-10
6.57519e-10
7.31978e-10
7.13482e-10
7.3183e-10
7.42684e-10
7.65027e-10
7.12695e-10
7.98507e-10
7.10151e-10
7.48563e-10
7.51669e-10
6.82208e-10
7.22027e-10
6.89474e-10
6.22025e-10
6.73709e-10
5.81644e-10
5.56144e-10
5.79629e-10
4.48847e-10
4.87754e-10
4.13559e-10
3.49544e-10
3.39285e-10
2.75136e-10
1.89291e-10
2.12694e-10
6.60784e-11
8.56148e-11
-1.71344e-11
-5.26158e-11
-1.3256e-10
-1.56388e-10
-2.68139e-10
-2.66125e-10
-3.85966e-10
-3.85988e-10
-5.04973e-10
-4.91508e-10
-6.192e-10
-6.09651e-10
-7.02328e-10
-7.30408e-10
-7.95725e-10
-7.98478e-10
-9.17517e-10
-8.5228e-10
-9.85476e-10
-9.57179e-10
-9.92815e-10
-1.04177e-09
-1.04554e-09
-1.03192e-09
-1.12749e-09
-1.02369e-09
-1.11699e-09
-1.08395e-09
-1.04747e-09
-1.09494e-09
-1.043e-09
-1.00376e-09
-1.05205e-09
-9.35074e-10
-9.57128e-10
-9.24097e-10
-8.25273e-10
-8.50615e-10
-7.57105e-10
-6.98493e-10
-6.8135e-10
-5.78397e-10
-5.24881e-10
-4.91284e-10
-3.581e-10
-3.51225e-10
-2.32061e-10
-1.75341e-10
-9.1293e-11
-2.40229e-11
8.45554e-11
1.21075e-10
2.52239e-10
2.83289e-10
4.11482e-10
4.40128e-10
5.75131e-10
5.93894e-10
7.18581e-10
7.55705e-10
8.52632e-10
8.87352e-10
1.00768e-09
9.84551e-10
1.1394e-09
1.10737e-09
1.20704e-09
1.23691e-09
1.27717e-09
1.28964e-09
1.38657e-09
1.30097e-09
1.44002e-09
1.36247e-09
1.40479e-09
1.41691e-09
1.39386e-09
1.36514e-09
1.42595e-09
1.28191e-09
1.37545e-09
1.26534e-09
1.23766e-09
1.22418e-09
1.14474e-09
1.06974e-09
1.08906e-09
9.07116e-10
9.40609e-10
8.15004e-10
7.25126e-10
6.86655e-10
5.70693e-10
4.62059e-10
4.42777e-10
2.5361e-10
2.31186e-10
1.11375e-10
-1.45583e-11
-6.7465e-11
-1.94221e-10
-3.09942e-10
-3.55312e-10
-5.15898e-10
-5.73838e-10
-6.67033e-10
-7.94167e-10
-8.42308e-10
-9.52472e-10
-1.04156e-09
-1.09542e-09
-1.19629e-09
-1.2605e-09
-1.30888e-09
-1.40247e-09
-1.42423e-09
-1.49701e-09
-1.52896e-09
-1.57295e-09
-1.59325e-09
-1.63527e-09
-1.62921e-09
-1.66536e-09
-1.64329e-09
-1.66812e-09
-1.62365e-09
-1.64591e-09
-1.58187e-09
-1.58309e-09
-1.52352e-09
-1.4941e-09
-1.4215e-09
-1.40276e-09
-1.28035e-09
-1.27925e-09
-1.1439e-09
-1.10053e-09
-1.00134e-09
-9.17403e-10
-8.01287e-10
-7.56558e-10
-5.72008e-10
-5.57793e-10
-3.79938e-10
-3.04316e-10
-1.89556e-10
-7.67906e-11
6.37267e-11
1.0653e-10
3.23116e-10
3.31128e-10
5.14461e-10
5.99036e-10
6.99881e-10
8.06919e-10
9.45526e-10
9.55816e-10
1.16909e-09
1.14861e-09
1.29971e-09
1.36576e-09
1.42533e-09
1.49361e-09
1.60529e-09
1.55729e-09
1.73486e-09
1.66776e-09
1.75792e-09
1.78374e-09
1.78435e-09
1.79009e-09
1.85797e-09
1.73811e-09
1.86008e-09
1.73985e-09
1.75579e-09
1.73124e-09
1.66964e-09
1.60517e-09
1.62726e-09
1.43884e-09
1.50181e-09
1.33607e-09
1.28261e-09
1.21357e-09
1.10375e-09
9.79172e-10
9.68604e-10
7.30759e-10
7.48217e-10
5.59162e-10
4.58324e-10
3.64901e-10
2.34134e-10
7.35089e-11
5.58008e-11
-1.99886e-10
-2.0172e-10
-3.82816e-10
-4.99014e-10
-5.88582e-10
-7.05704e-10
-8.70527e-10
-8.64327e-10
-1.10239e-09
-1.09345e-09
-1.23425e-09
-1.33187e-09
-1.38891e-09
-1.45928e-09
-1.59851e-09
-1.54127e-09
-1.73132e-09
-1.68618e-09
-1.76142e-09
-1.81388e-09
-1.81859e-09
-1.81959e-09
-1.91375e-09
-1.78972e-09
-1.91375e-09
-1.81959e-09
-1.81859e-09
-1.81388e-09
-1.76142e-09
-1.68618e-09
-1.73132e-09
-1.54127e-09
-1.59851e-09
-1.45928e-09
-1.38891e-09
-1.33187e-09
-1.23425e-09
-1.09345e-09
-1.10239e-09
-8.64327e-10
-8.70527e-10
-7.05704e-10
-5.88582e-10
-4.99014e-10
-3.82816e-10
-2.0172e-10
-1.99886e-10
5.58002e-11
7.35093e-11
2.34133e-10
3.64901e-10
4.58325e-10
5.59161e-10
7.48217e-10
7.30759e-10
9.68604e-10
9.79172e-10
1.10375e-09
1.21357e-09
1.28261e-09
1.33607e-09
1.50181e-09
1.43884e-09
1.62726e-09
1.60517e-09
1.66964e-09
1.73124e-09
1.75579e-09
1.73985e-09
1.86008e-09
1.73811e-09
1.85797e-09
1.79009e-09
1.78435e-09
1.78374e-09
1.75792e-09
1.66776e-09
1.73486e-09
1.55729e-09
1.60529e-09
1.49361e-09
1.42533e-09
1.36576e-09
1.2997e-09
1.14861e-09
1.16909e-09
9.55816e-10
9.45526e-10
8.06919e-10
6.99881e-10
5.99035e-10
5.14462e-10
3.31127e-10
3.23116e-10
1.0653e-10
6.37266e-11
-7.67902e-11
-1.89557e-10
-3.04315e-10
-3.79939e-10
-5.57793e-10
-5.72008e-10
-7.56558e-10
-8.01286e-10
-9.17403e-10
-1.00134e-09
-1.10053e-09
-1.1439e-09
-1.27925e-09
-1.28035e-09
-1.40276e-09
-1.4215e-09
-1.4941e-09
-1.52352e-09
-1.58309e-09
-1.58187e-09
-1.64591e-09
-1.62365e-09
-1.66812e-09
-1.64329e-09
-1.66536e-09
-1.62921e-09
-1.63527e-09
-1.59325e-09
-1.57295e-09
-1.52896e-09
-1.49701e-09
-1.42423e-09
-1.40247e-09
-1.30888e-09
-1.2605e-09
-1.19629e-09
-1.09542e-09
-1.04156e-09
-9.52472e-10
-8.42308e-10
-7.94168e-10
-6.67033e-10
-5.73838e-10
-5.15898e-10
-3.55311e-10
-3.09942e-10
-1.94221e-10
-6.74652e-11
-1.45582e-11
1.11375e-10
2.31186e-10
2.5361e-10
4.42777e-10
4.62059e-10
5.70693e-10
6.86655e-10
7.25126e-10
8.15004e-10
9.40609e-10
9.07116e-10
1.08906e-09
1.06974e-09
1.14474e-09
1.22418e-09
1.23766e-09
1.26534e-09
1.37545e-09
1.28191e-09
1.42595e-09
1.36514e-09
1.39386e-09
1.41691e-09
1.40479e-09
1.36247e-09
1.44002e-09
1.30097e-09
1.38657e-09
1.28964e-09
1.27717e-09
1.23691e-09
1.20704e-09
1.10737e-09
1.1394e-09
9.84551e-10
1.00768e-09
8.87351e-10
8.52632e-10
7.55705e-10
7.18581e-10
5.93894e-10
5.75131e-10
4.40128e-10
4.11481e-10
2.83289e-10
2.5224e-10
1.21074e-10
8.45557e-11
-2.40231e-11
-9.12929e-11
-1.75341e-10
-2.32061e-10
-3.51225e-10
-3.581e-10
-4.91285e-10
-5.24881e-10
-5.78396e-10
-6.8135e-10
-6.98493e-10
-7.57105e-10
-8.50614e-10
-8.25272e-10
-9.24098e-10
-9.57127e-10
-9.35074e-10
-1.05205e-09
-1.00376e-09
-1.043e-09
-1.09494e-09
-1.04747e-09
-1.08395e-09
-1.11699e-09
-1.02369e-09
-1.12749e-09
-1.03192e-09
-1.04555e-09
-1.04177e-09
-9.92815e-10
-9.57179e-10
-9.85475e-10
-8.52281e-10
-9.17516e-10
-7.98478e-10
-7.95725e-10
-7.30408e-10
-7.02327e-10
-6.09651e-10
-6.192e-10
-4.91507e-10
-5.04973e-10
-3.85988e-10
-3.85966e-10
-2.66125e-10
-2.68139e-10
-1.56388e-10
-1.32559e-10
-5.26159e-11
-1.71346e-11
8.56152e-11
6.6078e-11
2.12694e-10
1.89292e-10
2.75136e-10
3.39286e-10
3.49544e-10
4.13559e-10
4.87754e-10
4.48847e-10
5.79629e-10
5.56143e-10
5.81644e-10
6.73709e-10
6.22025e-10
6.89474e-10
7.22027e-10
6.82208e-10
7.51669e-10
7.48563e-10
7.10151e-10
7.98507e-10
7.12695e-10
7.65027e-10
7.42684e-10
7.3183e-10
7.13482e-10
7.31978e-10
6.57519e-10
7.05786e-10
6.19876e-10
6.53562e-10
5.68192e-10
6.04435e-10
5.09348e-10
5.30805e-10
4.64163e-10
4.49029e-10
3.84708e-10
4.08146e-10
2.74255e-10
3.46249e-10
2.19547e-10
2.16514e-10
1.92017e-10
1.21486e-10
8.43155e-11
1.0016e-10
-3.93821e-11
2.91972e-11
-6.9522e-11
-1.09887e-10
-9.1057e-11
-1.83053e-10
-1.92806e-10
-1.95906e-10
-2.81561e-10
-2.62988e-10
-2.95494e-10
-3.54749e-10
-3.19313e-10
-3.94449e-10
-3.74383e-10
-4.1751e-10
-4.03337e-10
-4.51883e-10
-4.23427e-10
-4.64518e-10
-4.44301e-10
-4.80823e-10
-4.25505e-10
-5.1597e-10
-4.07602e-10
-4.94478e-10
-4.42114e-10
-4.36183e-10
-4.42822e-10
-4.45079e-10
-3.63188e-10
-4.68354e-10
-3.27483e-10
-3.97254e-10
-3.5956e-10
-3.11475e-10
-3.27949e-10
-3.08456e-10
-2.38012e-10
-2.94869e-10
-2.03063e-10
-2.125e-10
-1.98611e-10
-1.45934e-10
-1.5083e-10
-1.09787e-10
-1.00029e-10
-5.805e-11
-6.25854e-11
-1.50026e-11
-4.93311e-12
1.85121e-11
2.59241e-11
9.40836e-11
2.32281e-11
1.54566e-10
7.64828e-11
1.38837e-10
1.59515e-10
1.53393e-10
1.57261e-10
2.39969e-10
1.29841e-10
2.70627e-10
1.8863e-10
2.28768e-10
2.46663e-10
2.36284e-10
2.29004e-10
2.80635e-10
2.18145e-10
2.74406e-10
2.42191e-10
2.5594e-10
2.46254e-10
2.49048e-10
2.49673e-10
2.17626e-10
2.61888e-10
2.03926e-10
2.231e-10
2.25029e-10
1.86993e-10
1.88731e-10
2.22719e-10
1.09145e-10
2.27844e-10
1.11033e-10
1.48975e-10
1.40858e-10
1.10192e-10
8.6348e-11
1.38443e-10
2.47812e-11
1.16539e-10
2.72333e-11
5.8527e-11
2.36164e-11
3.42228e-11
-3.81633e-12
6.27362e-12
-1.11062e-11
-2.35388e-11
-4.02303e-11
-1.89275e-11
-7.92772e-11
-4.48534e-11
-5.08646e-11
-1.20183e-10
-2.76065e-11
-1.26366e-10
-8.70725e-11
-8.21805e-11
-1.21156e-10
-1.1635e-10
-7.24728e-11
-1.73055e-10
-6.11736e-11
-1.57758e-10
-1.00303e-10
-1.34479e-10
-1.03484e-10
-1.43577e-10
-9.99102e-11
-1.32587e-10
-1.06394e-10
-1.32362e-10
-8.01233e-11
-1.51183e-10
-7.34867e-11
-1.06115e-10
-1.25583e-10
-5.11672e-11
-1.22051e-10
-8.05851e-11
-5.646e-11
-1.0175e-10
-6.30931e-11
-3.80151e-11
-1.06311e-10
-7.91964e-13
-8.59881e-11
-1.77592e-11
-5.38509e-11
-7.44479e-12
-5.08696e-11
2.82829e-12
-2.75093e-11
1.54457e-12
-2.26145e-11
3.96513e-11
-4.76871e-11
5.87267e-11
-5.09055e-12
4.43978e-12
5.79083e-11
-3.34271e-12
3.37814e-11
5.69218e-11
4.64719e-12
5.34312e-11
5.36081e-11
1.0462e-11
8.35836e-11
1.43671e-11
7.3773e-11
2.20725e-11
8.37712e-11
1.7645e-11
7.16023e-11
4.62989e-11
5.0864e-11
3.81767e-11
8.94899e-11
-1.19881e-11
1.0896e-10
1.52393e-11
4.22027e-11
7.2423e-11
1.70146e-11
4.81027e-11
5.60732e-11
1.54655e-11
4.70232e-11
4.04775e-11
1.60718e-11
4.70326e-11
9.70486e-12
5.0586e-11
-1.69643e-11
7.27662e-11
-2.85584e-11
3.9168e-11
1.74276e-11
-1.03812e-12
6.72659e-12
4.06178e-11
-5.40187e-11
6.44177e-11
-3.64947e-11
5.34086e-12
1.03147e-11
-1.83069e-11
-4.85697e-13
-6.89267e-12
-6.72159e-12
-2.11379e-11
1.16895e-12
-1.61842e-11
-2.09139e-11
-1.22933e-11
4.47669e-12
-6.63596e-11
5.1157e-11
-7.90877e-11
1.31862e-11
-1.74538e-11
-3.16662e-11
-1.87941e-11
4.06965e-12
-5.81307e-11
2.01351e-11
-4.45927e-11
-5.74282e-12
-2.78089e-11
-6.29979e-12
-2.1884e-11
-3.17459e-11
1.97489e-11
-5.96089e-11
1.6139e-11
-1.82585e-11
-3.14905e-11
1.64188e-12
1.71365e-12
-5.79284e-11
5.22645e-11
-6.59603e-11
2.68841e-11
-2.48729e-11
3.93827e-12
-2.19163e-11
1.01661e-11
-9.66806e-12
-1.1467e-11
4.74981e-12
3.88308e-12
-2.71535e-11
3.16849e-11
-1.58232e-11
-2.08062e-11
5.47756e-11
-6.00633e-11
4.65154e-11
-1.68702e-11
7.29021e-12
-2.45624e-12
2.27365e-11
-2.34913e-11
2.91602e-11
-1.21386e-11
2.50649e-11
-2.82032e-11
5.065e-11
-3.36703e-11
1.96149e-11
2.77829e-11
-3.9086e-11
4.68809e-11
-8.4281e-12
-3.31201e-12
1.96633e-11
7.0771e-12
-1.52685e-11
3.93063e-11
-2.76302e-11
3.42147e-11
-2.74283e-11
5.08819e-11
-4.69489e-11
4.24028e-11
-3.46041e-12
-1.50179e-11
3.09147e-11
-6.25228e-12
-1.54133e-11
3.91417e-11
-2.374e-11
3.20277e-12
2.44138e-11
-2.79506e-11
3.06352e-11
-2.65588e-11
3.67645e-11
-4.51801e-11
4.82227e-11
-2.7602e-11
-3.37005e-15
1.61863e-11
-5.30385e-12
-2.22769e-11
4.59505e-11
-5.04544e-11
2.93365e-11
-1.12763e-12
-1.92828e-11
1.84765e-11
-1.73016e-11
2.0484e-11
-3.58981e-11
4.00945e-11
-3.4942e-11
1.01769e-11
7.18642e-12
-1.09687e-11
-1.75775e-11
4.64553e-11
-6.40727e-11
4.82704e-11
-2.57416e-11
1.13218e-14
5.29386e-12
-7.04076e-12
4.05727e-12
-1.90156e-11
3.07687e-11
-3.43359e-11
1.22296e-11
7.35915e-12
-1.56566e-11
-5.39728e-12
3.49413e-11
-6.28142e-11
6.19425e-11
-4.25591e-11
1.62482e-11
-8.45661e-12
8.63401e-12
-8.37781e-12
-5.46459e-12
2.01281e-11
-2.76536e-11
1.51815e-11
7.81015e-12
-2.40239e-11
1.20907e-11
2.09251e-11
-5.21282e-11
6.08723e-11
-4.93832e-11
3.16323e-11
-2.08529e-11
2.06847e-11
-2.10783e-11
1.01514e-11
1.23983e-11
-2.59879e-11
1.7059e-11
9.2595e-12
-2.77163e-11
2.45475e-11
2.03471e-12
-3.34434e-11
5.28586e-11
-4.84843e-11
3.54453e-11
-2.92225e-11
3.57307e-11
-3.60196e-11
2.16171e-11
4.63122e-12
-2.21185e-11
2.07645e-11
2.45857e-12
-2.73231e-11
3.38549e-11
-1.18746e-11
-1.7978e-11
3.58821e-11
-3.52645e-11
3.2055e-11
-3.51167e-11
4.54685e-11
-4.97312e-11
3.79597e-11
-7.94172e-12
-2.01535e-11
2.5095e-11
-3.18211e-12
-2.20816e-11
2.95561e-11
-1.59822e-11
-4.02205e-12
1.73751e-11
-1.93643e-11
1.88817e-11
-2.87856e-11
5.04673e-11
-6.52271e-11
5.38416e-11
-2.03725e-11
-1.08512e-11
2.0029e-11
-7.99521e-12
-1.04687e-11
1.84619e-11
-1.04636e-11
-3.81933e-12
7.38822e-12
4.9014e-13
-2.39972e-12
-1.72129e-11
4.87155e-11
-6.92656e-11
6.34037e-11
-3.67235e-11
6.30584e-12
8.61033e-12
-4.06214e-12
-6.48168e-12
4.02669e-12
9.78721e-12
-1.69502e-11
5.3979e-12
1.25418e-11
-1.68484e-11
-2.14799e-12
3.45681e-11
-6.11715e-11
6.40356e-11
-4.42028e-11
2.09069e-11
-1.32197e-11
1.63183e-11
-1.15433e-11
-8.73609e-12
2.99165e-11
-3.43168e-11
1.77287e-11
6.78427e-12
-1.95352e-11
7.35277e-12
2.18358e-11
-4.43645e-11
4.46707e-11
-3.29785e-11
2.91839e-11
-3.68441e-11
4.01205e-11
-2.49625e-11
-6.27247e-12
3.70054e-11
-4.8553e-11
3.42976e-11
-8.73691e-12
-3.51699e-12
-6.29856e-12
2.17655e-11
-2.34925e-11
1.34833e-11
-9.56047e-12
2.19391e-11
-4.23446e-11
5.27725e-11
-3.95501e-11
5.2346e-12
2.96682e-11
-4.28656e-11
3.38638e-11
-2.37916e-11
2.83771e-11
-3.87805e-11
3.60327e-11
-1.59356e-11
-6.65031e-12
1.36838e-11
1.20823e-12
-2.71288e-11
4.21483e-11
-3.17679e-11
5.41082e-12
1.31008e-11
-1.41725e-11
1.29303e-11
-2.66462e-11
5.10558e-11
-6.56719e-11
5.62493e-11
-2.70086e-11
-3.83462e-12
1.70871e-11
-8.32914e-12
-6.27533e-12
6.31907e-12
7.91076e-12
-1.59938e-11
5.33772e-12
1.07429e-11
-9.61844e-12
-1.44267e-11
4.55894e-11
-6.29954e-11
5.65455e-11
-3.3678e-11
1.33331e-11
-8.18692e-12
9.33026e-12
2.71327e-12
-3.04374e-11
5.16524e-11
-4.59876e-11
1.93585e-11
3.56004e-12
-6.02018e-12
-8.7072e-12
2.46708e-11
-2.81949e-11
1.90925e-11
-1.20329e-11
1.98819e-11
-3.44792e-11
3.14949e-11
-6.92367e-13
-3.86042e-11
5.82703e-11
-5.19268e-11
3.61223e-11
-2.81526e-11
2.95886e-11
-2.94489e-11
1.62636e-11
8.87785e-12
-2.88006e-11
2.45472e-11
8.3363e-13
-2.10813e-11
1.52203e-11
8.143e-12
-2.43127e-11
2.33755e-11
-1.84956e-11
2.52537e-11
-4.32868e-11
5.72218e-11
-5.07731e-11
2.08113e-11
1.61648e-11
-3.61824e-11
3.19908e-11
-2.20066e-11
2.65609e-11
-4.09884e-11
4.21838e-11
-2.07213e-11
-6.35144e-12
1.56233e-11
-2.0345e-12
-1.97229e-11
3.04112e-11
-2.20341e-11
3.68793e-12
6.70452e-12
-3.04545e-12
9.41018e-13
-1.93374e-11
5.23296e-11
-7.16084e-11
5.91811e-11
-2.81372e-11
4.56082e-12
1.63195e-12
-1.86736e-12
1.03993e-11
-2.86287e-11
4.38772e-11
-4.08596e-11
1.75463e-11
7.2981e-12
-1.02302e-11
-1.01548e-11
2.94854e-11
-2.74661e-11
1.24551e-11
-7.94459e-12
1.96716e-11
-2.8923e-11
1.65438e-11
1.52636e-11
-4.70407e-11
6.01846e-11
-5.15586e-11
3.47772e-11
-2.73056e-11
3.0488e-11
-2.63543e-11
6.52369e-13
3.35414e-11
-4.74901e-11
3.15353e-11
-7.33292e-12
3.64841e-13
-1.14023e-11
2.11743e-11
-1.68625e-11
4.79059e-12
-9.61195e-13
1.37079e-11
-3.45521e-11
4.28243e-11
-2.5043e-11
-8.32393e-12
3.10189e-11
-3.14557e-11
2.63408e-11
-3.68984e-11
5.76752e-11
-6.23553e-11
3.77303e-11
-4.48947e-13
-2.35128e-11
2.57174e-11
-1.86351e-11
1.80902e-11
-2.76336e-11
3.57553e-11
-2.79753e-11
4.5602e-12
1.39553e-11
-7.43208e-12
-1.81005e-11
3.42389e-11
-2.46242e-11
4.40773e-12
1.64305e-12
7.08891e-12
-8.13149e-12
-1.32972e-11
4.54128e-11
-6.43513e-11
5.84608e-11
-3.66121e-11
1.68176e-11
-9.38298e-12
6.99862e-12
6.7196e-12
-3.54922e-11
5.94094e-11
-5.54276e-11
2.71635e-11
-3.77899e-12
4.45017e-12
-1.60436e-11
1.34404e-11
5.71255e-12
-1.96102e-11
1.17263e-11
9.0026e-12
-2.02565e-11
1.00299e-11
1.34269e-11
-3.15886e-11
3.3076e-11
-2.5028e-11
2.50495e-11
-3.87313e-11
4.77507e-11
-3.0076e-11
-9.85257e-12
4.18475e-11
-4.58545e-11
3.49972e-11
-3.50075e-11
4.82605e-11
-5.22815e-11
3.10047e-11
4.06436e-12
-2.81573e-11
2.96003e-11
-1.84008e-11
1.22815e-11
-1.87143e-11
2.78246e-11
-2.35413e-11
3.5977e-12
1.28426e-11
-5.59471e-12
-1.9743e-11
3.46467e-11
-2.25876e-11
-1.42302e-13
6.93784e-12
2.51404e-12
-3.07201e-12
-2.04327e-11
5.17395e-11
-6.35533e-11
4.88921e-11
-2.50957e-11
1.05498e-11
-6.15955e-12
-1.61248e-12
2.29366e-11
-5.12747e-11
6.63772e-11
-5.46172e-11
2.61923e-11
-6.81963e-12
7.50625e-12
-1.0906e-11
-4.69815e-12
3.27259e-11
-4.42145e-11
2.60542e-11
7.94424e-14
-5.55247e-12
-9.89741e-12
2.14808e-11
-1.40665e-11
-4.73004e-13
1.49005e-12
1.37213e-11
-2.79029e-11
2.33507e-11
-1.5668e-13
-2.47056e-11
3.42268e-11
-2.92779e-11
2.71436e-11
-3.94002e-11
5.30726e-11
-4.36736e-11
7.57022e-12
2.85903e-11
-3.9334e-11
3.16085e-11
-3.28989e-11
5.09177e-11
-6.20366e-11
4.36572e-11
-5.81356e-12
-2.13941e-11
2.42455e-11
-1.78611e-11
2.19753e-11
-3.60898e-11
4.24949e-11
-2.9357e-11
4.51481e-12
1.20957e-11
-8.92048e-12
-5.22122e-12
1.0117e-11
1.95182e-12
-1.56286e-11
1.11813e-11
7.10451e-12
-1.29553e-11
-8.05472e-12
3.64247e-11
-4.23412e-11
2.4235e-11
-9.61289e-12
1.55726e-11
-2.51379e-11
1.14141e-11
2.41919e-11
-5.30206e-11
5.49451e-11
-4.04226e-11
3.19579e-11
-3.45661e-11
3.21096e-11
-1.04608e-11
-2.42313e-11
5.09501e-11
-5.53518e-11
4.32583e-11
-3.32183e-11
3.43107e-11
-3.47266e-11
1.64697e-11
1.79603e-11
-4.31631e-11
4.00865e-11
-2.1405e-11
1.54183e-11
-2.79784e-11
3.42234e-11
-1.45525e-11
-1.56188e-11
2.45098e-11
-6.76016e-12
-1.01725e-11
3.52523e-12
1.52951e-11
-1.9421e-11
4.03716e-12
8.10337e-12
1.57502e-12
-2.39422e-11
3.48638e-11
-2.4839e-11
7.21298e-12
4.41161e-13
2.51112e-12
-8.5064e-13
-1.71095e-11
4.32514e-11
-5.63815e-11
4.53311e-11
-2.29404e-11
1.06873e-11
-1.12516e-11
4.34997e-12
2.41357e-11
-5.82391e-11
6.8028e-11
-4.82676e-11
2.54887e-11
-2.20219e-11
2.53753e-11
-7.7992e-12
-3.151e-11
6.09814e-11
-5.75258e-11
3.57621e-11
-2.60588e-11
3.25779e-11
-3.0642e-11
4.00914e-12
3.0558e-11
-4.4892e-11
3.45506e-11
-2.1321e-11
2.24515e-11
-3.01494e-11
2.49198e-11
-2.8214e-12
-1.91969e-11
2.33955e-11
-1.17935e-11
2.43793e-12
-7.6635e-12
1.92117e-11
-1.91395e-11
3.42268e-12
1.03848e-11
-4.57503e-12
-1.46009e-11
2.24558e-11
-7.98348e-12
-1.06739e-11
1.02545e-11
4.2334e-12
-5.2758e-12
-1.82619e-11
4.24923e-11
-3.9504e-11
1.52405e-11
-1.00967e-12
8.78077e-12
-1.46542e-11
-6.09886e-12
4.14345e-11
-5.71536e-11
4.23745e-11
-2.24243e-11
2.12303e-11
-2.83577e-11
1.58335e-11
1.99497e-11
-5.14506e-11
5.55101e-11
-4.15716e-11
3.45204e-11
-3.95739e-11
3.68763e-11
-1.13722e-11
-2.52405e-11
4.80313e-11
-4.8663e-11
4.17378e-11
-4.28137e-11
4.74375e-11
-3.83396e-11
9.37028e-12
2.38522e-11
-4.0992e-11
3.97676e-11
-3.66674e-11
4.33997e-11
-5.01563e-11
3.7943e-11
-6.10856e-12
-2.30017e-11
3.0339e-11
-2.42389e-11
2.74137e-11
-4.37186e-11
5.04209e-11
-2.99877e-11
-2.94444e-12
1.84431e-11
-1.13478e-11
7.02105e-12
-2.38529e-11
4.46937e-11
-4.02679e-11
1.15528e-11
9.38544e-12
-3.62505e-12
-9.0684e-12
-1.78753e-13
2.61278e-11
-3.61128e-11
1.67108e-11
6.18736e-12
-4.01069e-12
-1.46367e-11
1.73944e-11
4.17395e-12
-2.24506e-11
1.34672e-11
8.474e-12
-1.16754e-11
-8.11812e-12
2.24962e-11
-1.19574e-11
-6.92983e-12
6.15694e-12
1.30678e-11
-2.26063e-11
7.30918e-12
1.41189e-11
-1.66526e-11
3.5234e-12
6.55559e-14
1.57248e-11
-3.13923e-11
2.53673e-11
-3.79183e-12
-9.29328e-12
5.1671e-12
-9.20005e-13
1.30793e-11
-3.33316e-11
3.91531e-11
-2.43806e-11
6.3814e-12
-1.77781e-12
4.34118e-12
3.98539e-12
-2.60407e-11
4.3425e-11
-4.04762e-11
2.42149e-11
-1.38815e-11
1.4165e-11
-1.01294e-11
-1.01246e-11
3.60517e-11
-4.68397e-11
3.79706e-11
-2.61803e-11
2.49778e-11
-2.58581e-11
1.11827e-11
1.82971e-11
-4.14188e-11
4.32285e-11
-3.40108e-11
3.27263e-11
-3.8967e-11
3.30776e-11
-5.86189e-12
-2.54915e-11
3.83858e-11
-3.44044e-11
3.42294e-11
-4.56841e-11
5.0558e-11
-3.10302e-11
-2.90952e-12
2.47111e-11
-2.67501e-11
2.80681e-11
-4.36926e-11
5.96419e-11
-5.18096e-11
2.11576e-11
5.63814e-12
-1.26971e-11
1.4874e-11
-3.26595e-11
5.82112e-11
-6.40038e-11
4.15538e-11
-1.43119e-11
4.4781e-12
-2.93927e-12
-1.42246e-11
4.63284e-11
-6.538e-11
5.42529e-11
-3.06872e-11
2.07945e-11
-2.18131e-11
8.40813e-12
2.60983e-11
-5.59402e-11
5.70622e-11
-4.00553e-11
3.25138e-11
-3.79181e-11
3.34619e-11
-1.42954e-11
1.26598e-12
7.85547e-13
-7.85971e-14
3.36274e-14
3.98845e-15
0
