0
-2.70358e-15
-3.52605e-14
-2.20246e-13
-7.18513e-13
-5.00053e-13
-4.00518e-12
8.2403e-12
-1.28153e-11
1.35826e-11
-9.80959e-12
1.66776e-11
-2.0442e-11
3.51757e-11
-3.18408e-11
3.24703e-11
-9.71389e-12
4.86656e-12
1.21425e-11
-2.76448e-12
1.24752e-11
-4.12857e-12
2.52245e-11
-2.47523e-11
4.20786e-11
-2.4872e-11
2.46614e-11
1.72537e-12
2.61381e-12
9.86996e-12
4.67709e-12
1.00035e-11
-7.65614e-12
3.19653e-11
-2.93083e-11
3.83402e-11
-1.56881e-11
1.19367e-11
5.71068e-12
3.71576e-12
1.17802e-12
7.50075e-12
9.23269e-12
-1.68371e-11
3.50894e-11
-2.9391e-11
2.49887e-11
-5.24803e-12
7.6196e-13
1.97296e-12
9.05903e-12
-8.98825e-12
4.49828e-12
1.30395e-11
-2.62643e-11
3.16072e-11
-2.09209e-11
5.63306e-12
3.89906e-12
-2.13361e-12
-9.03195e-12
1.61764e-11
-1.35558e-11
-4.65021e-12
2.01633e-11
-2.86089e-11
1.73582e-11
-3.10829e-12
-1.17509e-11
5.72162e-12
6.07643e-12
-2.24728e-11
1.84555e-11
-6.75752e-12
-1.63193e-11
2.19041e-11
-1.64341e-11
-6.82042e-12
1.69125e-11
-1.71845e-11
-4.0966e-12
1.95533e-11
-2.75425e-11
1.01316e-11
7.55348e-12
-2.04572e-11
8.14474e-12
1.05578e-11
-3.04587e-11
2.58845e-11
-7.23937e-12
-1.90192e-11
2.55835e-11
-1.65637e-11
-5.29039e-12
1.44983e-11
-6.21563e-12
-2.02517e-11
3.93481e-11
-3.98554e-11
1.74881e-11
8.68508e-12
-2.34755e-11
1.54724e-11
2.94494e-12
-1.3135e-11
1.59261e-12
2.47256e-11
-4.82355e-11
5.17925e-11
-3.16038e-11
3.06565e-12
1.41303e-11
-1.01918e-11
-3.82024e-12
1.24016e-11
-7.18482e-13
-2.62941e-11
5.35599e-11
-5.97115e-11
4.46894e-11
-1.81819e-11
4.69941e-13
2.24636e-12
8.61072e-12
-1.32779e-11
2.3851e-12
2.48051e-11
-5.01892e-11
6.28697e-11
-5.40271e-11
3.43336e-11
-1.56913e-11
1.10983e-11
-1.36386e-11
1.52565e-11
-4.62332e-12
-1.61714e-11
4.16669e-11
-5.6778e-11
5.75881e-11
-4.61665e-11
3.3257e-11
-2.29046e-11
1.87854e-11
-1.57264e-11
8.66958e-12
6.58008e-12
-2.4981e-11
4.21372e-11
-5.26033e-11
5.3749e-11
-4.51252e-11
3.26454e-11
-2.12679e-11
1.3451e-11
-8.88536e-12
4.81088e-12
4.49293e-12
-2.13283e-11
3.9883e-11
-5.16785e-11
5.06894e-11
-3.71825e-11
1.79979e-11
-5.72073e-12
5.75614e-12
-1.25352e-11
1.35857e-11
-2.23704e-12
-2.04853e-11
4.18699e-11
-4.7646e-11
3.2548e-11
-9.18324e-12
-6.19859e-12
3.62246e-12
1.17664e-11
-2.56098e-11
2.14753e-11
6.78325e-13
-2.55949e-11
3.40436e-11
-2.12222e-11
-3.88471e-12
2.17963e-11
-1.87538e-11
-3.16895e-12
2.45736e-11
-2.91618e-11
1.46989e-11
5.62682e-12
-1.53956e-11
4.58247e-12
1.8887e-11
-3.63608e-11
3.39164e-11
-1.45116e-11
-9.08403e-12
2.27107e-11
-2.08452e-11
1.02399e-11
-5.46339e-12
1.36137e-11
-2.97898e-11
4.33223e-11
-4.60646e-11
3.50679e-11
-1.56035e-11
-2.61306e-12
1.39518e-11
-1.9882e-11
2.33339e-11
-2.65718e-11
3.22703e-11
-4.07448e-11
4.79134e-11
-4.90581e-11
4.17474e-11
-2.46792e-11
6.35303e-13
2.13171e-11
-3.20896e-11
3.15149e-11
-2.6705e-11
2.63897e-11
-3.55345e-11
5.04402e-11
-5.7412e-11
4.49944e-11
-1.5873e-11
-1.47826e-11
3.1884e-11
-2.90929e-11
1.41366e-11
-4.6399e-12
1.3456e-11
-3.49149e-11
5.10573e-11
-4.74448e-11
2.36217e-11
7.2154e-12
-2.53479e-11
2.04314e-11
-1.13434e-12
-1.33023e-11
1.12306e-11
4.85945e-12
-2.2403e-11
2.74787e-11
-1.52304e-11
-4.18607e-12
1.51896e-11
-1.10489e-11
-3.56725e-12
1.9611e-11
-2.85894e-11
2.67586e-11
-1.84364e-11
1.11955e-11
-7.82972e-12
6.75032e-12
-6.96841e-12
6.54599e-12
-1.18178e-12
-1.15407e-11
2.879e-11
-4.55061e-11
5.50629e-11
-5.10264e-11
3.36795e-11
-1.41495e-11
4.15758e-12
-5.68297e-12
1.03662e-11
-6.81864e-12
-1.28786e-11
4.372e-11
-6.8045e-11
6.94037e-11
-4.87221e-11
2.11319e-11
-3.8195e-12
4.2844e-12
-1.60414e-11
2.09877e-11
-6.39146e-12
-2.26697e-11
4.78297e-11
-5.50908e-11
4.22701e-11
-1.93751e-11
1.7046e-12
3.76066e-13
8.45445e-12
-1.58679e-11
1.42758e-11
-5.33455e-12
-6.18372e-12
1.39113e-11
-1.34675e-11
5.84601e-12
3.22922e-12
-1.05237e-11
1.39511e-11
-9.83475e-12
-3.76294e-12
2.0691e-11
-3.18631e-11
3.22885e-11
-2.35612e-11
1.28928e-11
-1.13012e-11
2.31407e-11
-3.81865e-11
3.94269e-11
-1.96319e-11
-1.35642e-11
4.38724e-11
-5.58885e-11
4.59498e-11
-2.75109e-11
1.9846e-11
-2.90213e-11
4.42129e-11
-4.95757e-11
3.61447e-11
-6.52838e-12
-2.48158e-11
4.18527e-11
-4.05665e-11
3.06945e-11
-2.26183e-11
2.02791e-11
-2.26104e-11
2.61195e-11
-2.52532e-11
1.82007e-11
-7.7368e-12
-3.31035e-12
1.41372e-11
-2.00058e-11
1.48863e-11
3.25305e-13
-1.57434e-11
2.14621e-11
-1.27755e-11
-6.5756e-12
2.42239e-11
-2.63679e-11
1.30313e-11
5.68985e-13
1.1705e-12
-2.01734e-11
4.53873e-11
-5.96699e-11
5.06818e-11
-2.18625e-11
-8.18417e-12
2.31343e-11
-2.24977e-11
1.70152e-11
-1.71594e-11
2.7354e-11
-4.38106e-11
5.5569e-11
-5.42323e-11
4.13539e-11
-2.37692e-11
4.92446e-12
1.24837e-11
-2.35767e-11
2.48741e-11
-1.9198e-11
1.1811e-11
-8.85918e-12
1.47995e-11
-2.74254e-11
3.39557e-11
-2.3955e-11
1.22392e-12
1.80691e-11
-2.06885e-11
3.46442e-12
2.32815e-11
-4.14512e-11
3.73675e-11
-1.66978e-11
-2.78676e-12
8.16149e-12
-1.65966e-12
-6.93707e-12
6.35077e-12
8.24728e-12
-3.15798e-11
5.0381e-11
-5.74308e-11
5.41721e-11
-4.43692e-11
2.8616e-11
-1.06502e-11
-3.60458e-12
1.04705e-11
-1.15245e-11
1.03618e-11
-1.39765e-11
2.77308e-11
-4.67647e-11
5.52537e-11
-4.29007e-11
1.54516e-11
1.05683e-11
-2.08048e-11
1.04853e-11
1.10641e-11
-2.53578e-11
2.07766e-11
-4.15663e-12
-8.42962e-12
8.27961e-12
2.04583e-12
-1.42089e-11
1.8916e-11
-1.06905e-11
-6.67966e-12
2.48511e-11
-3.95327e-11
5.04784e-11
-5.37985e-11
4.5418e-11
-2.86974e-11
1.37244e-11
-7.11078e-12
8.97276e-12
-1.251e-11
6.8894e-12
1.51924e-11
-4.50176e-11
6.30112e-11
-5.67134e-11
3.25596e-11
-6.61636e-12
-6.68041e-12
2.68161e-12
1.14286e-11
-2.02631e-11
1.57141e-11
-3.73603e-12
-4.45997e-12
5.39343e-12
-8.47928e-13
-7.13663e-12
1.60242e-11
-2.08164e-11
1.82628e-11
-7.02203e-12
-1.3365e-11
3.85313e-11
-5.55491e-11
5.35404e-11
-3.67548e-11
2.09458e-11
-1.77076e-11
2.63408e-11
-3.64682e-11
3.39107e-11
-1.14182e-11
-2.19709e-11
4.61857e-11
-4.97483e-11
3.75537e-11
-2.16043e-11
9.55349e-12
-4.92243e-12
6.82352e-12
-1.09971e-11
1.33267e-11
-1.47547e-11
1.4998e-11
-1.07244e-11
1.94069e-12
1.49102e-12
8.33163e-12
-2.74073e-11
4.16327e-11
-3.95309e-11
1.7347e-11
1.60433e-11
-4.28777e-11
4.84456e-11
-3.70983e-11
2.54754e-11
-2.53051e-11
3.36669e-11
-4.22271e-11
4.30788e-11
-3.28222e-11
1.38018e-11
5.32146e-12
-1.91701e-11
2.75646e-11
-2.98058e-11
2.08762e-11
-2.4028e-12
-1.38308e-11
1.56053e-11
-2.59945e-12
-1.60335e-11
2.79507e-11
-2.50732e-11
1.04804e-11
-2.57524e-13
8.40917e-12
-3.13936e-11
5.18822e-11
-5.6923e-11
4.54997e-11
-2.36891e-11
-1.58303e-13
1.81396e-11
-2.76959e-11
3.19118e-11
-3.21627e-11
2.69016e-11
-1.94109e-11
1.89315e-11
-2.79173e-11
3.64627e-11
-3.25518e-11
1.46866e-11
8.4449e-12
-2.29691e-11
1.76858e-11
6.56219e-12
-3.27872e-11
4.2788e-11
-3.37347e-11
1.71824e-11
-2.91974e-12
-6.52737e-12
1.20705e-11
-1.50134e-11
1.85321e-11
-2.39392e-11
3.03126e-11
-3.81186e-11
4.92137e-11
-5.76671e-11
5.11178e-11
-2.53431e-11
-6.66226e-12
2.67147e-11
-2.63977e-11
1.05275e-11
8.31053e-12
-1.62692e-11
8.51155e-12
5.45065e-12
-1.18097e-11
8.08161e-12
-2.41845e-12
4.02515e-13
-1.34025e-12
5.53383e-12
-1.62449e-11
3.33071e-11
-5.15634e-11
6.35078e-11
-6.12329e-11
4.01061e-11
-8.18934e-12
-1.55844e-11
1.84154e-11
-7.3303e-12
-1.18108e-12
-2.10507e-12
1.41624e-11
-2.70205e-11
3.19405e-11
-2.50753e-11
1.10081e-11
4.93152e-13
-5.91578e-12
7.09195e-12
-2.59009e-12
-1.34457e-11
3.80074e-11
-5.72032e-11
5.82844e-11
-4.18617e-11
1.81478e-11
-3.2545e-13
-3.28246e-12
-4.71875e-12
9.4987e-12
6.80904e-13
-2.1688e-11
3.87211e-11
-4.42071e-11
4.03164e-11
-3.05949e-11
1.58298e-11
2.36938e-13
-1.13904e-11
1.24398e-11
-1.22033e-12
-2.06804e-11
4.26427e-11
-4.9342e-11
3.5916e-11
-1.60343e-11
6.78799e-12
-1.11922e-11
1.8888e-11
-1.95215e-11
8.92888e-12
1.08108e-11
-3.20791e-11
4.57613e-11
-4.92294e-11
4.57605e-11
-3.58338e-11
1.69058e-11
5.54989e-12
-1.66387e-11
7.52357e-12
1.38699e-11
-3.14858e-11
3.55248e-11
-2.66199e-11
1.33872e-11
-7.51149e-12
1.44651e-11
-2.61429e-11
2.90282e-11
-1.93744e-11
4.23152e-12
1.17568e-11
-3.01088e-11
4.88051e-11
-5.81567e-11
5.07988e-11
-2.96108e-11
5.22235e-12
1.00543e-11
-7.59206e-12
-9.74628e-12
2.64434e-11
-2.84037e-11
1.82533e-11
-9.97922e-12
1.09188e-11
-1.68171e-11
2.23743e-11
-2.68689e-11
2.90689e-11
-2.494e-11
1.16931e-11
1.00449e-11
-3.64148e-11
5.75214e-11
-5.99598e-11
4.00564e-11
-1.25943e-11
-2.53953e-12
1.42038e-14
9.93272e-12
-1.72745e-11
1.98258e-11
-1.91377e-11
1.66311e-11
-1.48785e-11
1.54073e-11
-1.75502e-11
2.1729e-11
-3.07035e-11
4.05422e-11
-3.79678e-11
1.40099e-11
2.1222e-11
-4.71262e-11
5.22674e-11
-4.12515e-11
2.43855e-11
-1.00932e-11
3.0257e-12
-3.447e-12
7.06637e-12
-1.15263e-11
1.82272e-11
-2.57867e-11
2.63006e-11
-1.70937e-11
8.99766e-12
-1.55231e-11
3.46105e-11
-5.04795e-11
4.99027e-11
-3.21846e-11
4.92913e-12
2.10008e-11
-3.61538e-11
3.77711e-11
-3.12572e-11
2.14067e-11
-7.87536e-12
-7.34344e-12
1.34751e-11
-2.46434e-12
-1.79279e-11
3.05039e-11
-2.80505e-11
1.8401e-11
-1.33327e-11
1.8246e-11
-3.15433e-11
4.5776e-11
-5.12926e-11
4.3946e-11
-2.8967e-11
1.23569e-11
6.24822e-12
-2.65023e-11
3.79566e-11
-2.90346e-11
3.59703e-12
1.98877e-11
-2.6899e-11
1.75918e-11
-1.08767e-12
-1.36967e-11
2.13171e-11
-2.21345e-11
2.20475e-11
-2.55874e-11
2.99443e-11
-3.14576e-11
3.38665e-11
-4.20453e-11
4.91744e-11
-4.13391e-11
1.60268e-11
1.19112e-11
-2.56141e-11
2.04256e-11
-2.69165e-12
-1.81294e-11
3.30847e-11
-3.70515e-11
3.14009e-11
-2.03469e-11
4.3952e-12
1.60081e-11
-3.25346e-11
3.39153e-11
-2.19169e-11
1.25498e-11
-1.76287e-11
3.13028e-11
-3.97337e-11
3.65348e-11
-2.497e-11
1.06613e-11
1.01868e-12
-5.5651e-12
1.63897e-12
8.78165e-12
-2.49945e-11
4.57431e-11
-6.19129e-11
5.88081e-11
-3.3148e-11
6.64849e-13
1.9137e-11
-2.24025e-11
1.82865e-11
-1.37938e-11
8.69173e-12
-3.24999e-12
8.12656e-13
-3.43573e-12
9.37017e-12
-1.5379e-11
1.68123e-11
-1.00476e-11
-6.61588e-13
1.65699e-12
1.57596e-11
-4.25159e-11
5.98822e-11
-6.00178e-11
4.94969e-11
-3.53115e-11
1.69109e-11
4.63588e-12
-2.02991e-11
2.03982e-11
-4.81184e-12
-1.78411e-11
3.58566e-11
-3.97836e-11
2.79026e-11
-1.00781e-11
-7.19445e-13
2.19834e-12
-3.48894e-12
9.7567e-12
-1.5427e-11
1.57685e-11
-1.72833e-11
2.75155e-11
-4.11113e-11
4.39937e-11
-3.0353e-11
7.98932e-12
1.02643e-11
-1.55847e-11
5.37247e-12
1.55077e-11
-3.69608e-11
5.11578e-11
-5.77046e-11
5.708e-11
-4.47625e-11
1.88983e-11
8.49002e-12
-1.95619e-11
1.04598e-11
4.49917e-12
-1.12548e-11
9.6822e-12
-7.04725e-12
5.57328e-12
-3.2201e-12
1.90596e-13
8.27148e-13
7.85295e-13
-3.27937e-12
3.02763e-12
5.58577e-12
-2.59425e-11
5.02429e-11
-6.18009e-11
5.1523e-11
-2.87456e-11
9.10947e-12
2.44859e-12
-9.94007e-12
1.16055e-11
4.66305e-13
-2.60735e-11
5.10947e-11
-6.07677e-11
5.2431e-11
-3.41396e-11
1.56616e-11
-4.01457e-12
1.03787e-12
-2.56973e-12
2.71067e-12
-1.46187e-12
2.70122e-12
-4.96511e-12
1.04554e-12
8.79225e-12
-1.23908e-11
8.17158e-13
1.67417e-11
-2.25234e-11
1.05393e-11
9.70326e-12
-2.82768e-11
4.31227e-11
-5.37502e-11
5.50449e-11
-4.28237e-11
2.01053e-11
3.83082e-12
-1.85094e-11
1.58288e-11
4.13743e-12
-2.99684e-11
4.64564e-11
-4.91354e-11
4.54381e-11
-4.0919e-11
3.13642e-11
-1.44231e-11
-1.03828e-13
2.18068e-13
1.08052e-11
-1.75906e-11
1.17725e-11
-5.20033e-13
-5.55242e-12
3.92026e-12
1.77906e-12
-8.92747e-12
1.58311e-11
-1.97164e-11
1.76049e-11
-7.86055e-12
-1.07111e-11
3.55074e-11
-5.56341e-11
5.69536e-11
-3.74341e-11
1.14614e-11
5.26189e-12
-1.1092e-11
1.19085e-11
-6.34217e-12
-1.24461e-11
4.04433e-11
-6.06179e-11
6.02823e-11
-4.44265e-11
2.69291e-11
-1.56537e-11
9.90491e-12
-7.95807e-12
9.46969e-12
-1.33969e-11
1.7563e-11
-2.03902e-11
1.97675e-11
-1.42496e-11
7.66671e-12
-9.01679e-12
2.09633e-11
-3.2575e-11
2.98961e-11
-1.32287e-11
-4.72297e-12
1.62838e-11
-2.56311e-11
3.4885e-11
-3.48902e-11
1.70126e-11
1.08147e-11
-2.97353e-11
2.88613e-11
-1.2709e-11
-9.1459e-12
3.07824e-11
-4.85023e-11
5.72787e-11
-5.36796e-11
3.86946e-11
-1.74108e-11
-2.2358e-12
1.03687e-11
-1.96169e-12
-1.62615e-11
3.0305e-11
-3.40824e-11
3.40146e-11
-3.64268e-11
3.65672e-11
-2.80554e-11
1.66859e-11
-1.51725e-11
2.4099e-11
-2.9454e-11
2.10119e-11
-5.55738e-12
-3.83261e-12
3.63398e-12
5.96995e-13
-6.27168e-12
1.58489e-11
-2.87828e-11
3.7551e-11
-3.4359e-11
1.74476e-11
8.00792e-12
-3.23213e-11
4.44916e-11
-3.93966e-11
2.23031e-11
-3.61446e-12
-1.17152e-11
2.37591e-11
-2.82739e-11
1.58994e-11
1.34172e-11
-4.32936e-11
5.5481e-11
-4.92443e-11
3.76279e-11
-2.81809e-11
1.66883e-11
-1.7883e-12
-6.4496e-12
-1.5298e-12
1.99657e-11
-3.38822e-11
3.61172e-11
-3.2271e-11
2.94728e-11
-2.85554e-11
2.72638e-11
-2.58193e-11
2.54238e-11
-2.572e-11
2.50049e-11
-2.16229e-11
1.38071e-11
-2.77032e-12
-4.34021e-12
-1.11703e-12
1.80793e-11
-3.4514e-11
4.01627e-11
-3.70154e-11
3.11921e-11
-2.05956e-11
-8.5114e-13
2.70279e-11
-3.97435e-11
2.85894e-11
-3.90276e-12
-1.67297e-11
2.74514e-11
-3.29098e-11
3.24194e-11
-1.81108e-11
-1.05796e-11
3.92547e-11
-5.17595e-11
4.52256e-11
-2.87859e-11
1.11329e-11
4.00445e-12
-1.3872e-11
1.43599e-11
-4.05267e-12
-1.36494e-11
3.21628e-11
-4.45597e-11
4.55401e-11
-3.57935e-11
2.32936e-11
-1.68057e-11
1.65094e-11
-1.61914e-11
1.41161e-11
-1.62513e-11
2.47307e-11
-3.09656e-11
2.64057e-11
-1.69464e-11
1.65344e-11
-2.79644e-11
3.84919e-11
-3.7972e-11
3.13242e-11
-2.79368e-11
2.53914e-11
-1.46825e-11
-2.27731e-12
1.05053e-11
-5.69193e-13
-1.98729e-11
3.63622e-11
-4.37177e-11
4.50034e-11
-4.05592e-11
2.59917e-11
-2.16705e-12
-2.06285e-11
3.0465e-11
-2.35884e-11
4.616e-12
1.81696e-11
-3.65786e-11
4.41684e-11
-3.88926e-11
2.29488e-11
-3.53629e-13
-2.40656e-11
4.18723e-11
-4.32603e-11
2.60545e-11
-1.19516e-12
-1.68682e-11
2.34492e-11
-2.33209e-11
1.78063e-11
-1.84007e-12
-2.37767e-11
4.46011e-11
-4.62959e-11
3.17023e-11
-1.67052e-11
9.48181e-12
-4.26858e-12
-3.54917e-12
5.86903e-12
6.06914e-12
-2.56662e-11
3.64402e-11
-3.29675e-11
2.57973e-11
-2.49378e-11
2.67453e-11
-2.33099e-11
1.66514e-11
-1.59724e-11
2.26336e-11
-2.76078e-11
2.41396e-11
-1.69555e-11
1.47302e-11
-1.9315e-11
2.57791e-11
-3.07972e-11
3.49084e-11
-3.82664e-11
3.78684e-11
-3.11973e-11
1.93459e-11
-6.86187e-12
-7.36061e-13
-1.20855e-12
1.31204e-11
-2.96264e-11
4.27498e-11
-4.85709e-11
4.77063e-11
-4.01597e-11
2.35518e-11
-5.78103e-13
-1.69924e-11
1.72088e-11
-1.19363e-12
-1.88818e-11
3.41432e-11
-4.56483e-11
5.3761e-11
-5.02135e-11
2.79481e-11
3.8837e-12
-2.53611e-11
2.63404e-11
-1.47072e-11
1.02884e-12
1.49504e-11
-3.63935e-11
5.40061e-11
-5.16032e-11
2.66432e-11
3.78196e-12
-2.22876e-11
2.77412e-11
-2.78483e-11
2.19796e-11
-3.30871e-12
-2.45446e-11
4.37672e-11
-4.09995e-11
2.16765e-11
-1.06425e-12
-1.42548e-11
2.72066e-11
-3.68726e-11
3.41804e-11
-1.52214e-11
-9.51745e-12
2.43506e-11
-2.43245e-11
1.57394e-11
-4.5107e-12
-9.68628e-12
2.60389e-11
-3.72902e-11
3.56858e-11
-2.25046e-11
6.66988e-12
4.09159e-12
-8.32451e-12
7.11192e-12
-6.80677e-13
-1.04455e-11
2.26055e-11
-3.07837e-11
3.192e-11
-2.66378e-11
1.78815e-11
-9.77806e-12
5.62167e-12
-6.18532e-12
9.38416e-12
-1.34382e-11
1.84181e-11
-2.42318e-11
2.77019e-11
-2.56788e-11
2.0004e-11
-1.68118e-11
1.86048e-11
-2.11716e-11
1.99199e-11
-1.72274e-11
1.83347e-11
-2.25153e-11
2.31344e-11
-1.84094e-11
1.53952e-11
-2.04264e-11
2.89653e-11
-3.16366e-11
2.72593e-11
-2.38274e-11
2.50865e-11
-2.46652e-11
1.68771e-11
-8.26376e-12
9.98109e-12
-2.20486e-11
3.25241e-11
-3.41222e-11
3.24825e-11
-3.46812e-11
3.59242e-11
-2.69652e-11
1.05496e-11
-1.40972e-12
7.33317e-12
-1.9812e-11
2.71937e-11
-3.06669e-11
3.80826e-11
-4.71787e-11
4.52225e-11
-2.79984e-11
8.46923e-12
-1.61606e-12
6.46551e-12
-1.20502e-11
1.58061e-11
-2.59576e-11
4.38519e-11
-5.59755e-11
4.94813e-11
-2.98902e-11
1.36898e-11
-7.65405e-12
4.57987e-12
-5.7559e-13
4.19938e-12
-2.2791e-11
4.65314e-11
-5.71836e-11
4.95355e-11
-3.54561e-11
2.50855e-11
-1.52389e-11
8.78508e-13
9.73456e-12
-2.98441e-12
-2.0337e-11
4.28376e-11
-5.11145e-11
4.87247e-11
-4.4936e-11
3.8086e-11
-2.08694e-11
-2.29785e-12
1.41512e-11
-4.90113e-12
-1.59091e-11
3.24426e-11
-4.1544e-11
4.95105e-11
-5.52667e-11
4.78247e-11
-2.41343e-11
-1.31584e-12
1.09946e-11
-3.93365e-12
-7.9476e-12
1.85272e-11
-3.28281e-11
5.15152e-11
-6.19943e-11
5.19709e-11
-2.72523e-11
5.96695e-12
2.25946e-12
-3.16308e-12
2.25979e-12
5.96658e-12
-2.72521e-11
5.19707e-11
-6.1994e-11
5.15146e-11
-3.28276e-11
1.8527e-11
-7.94764e-12
-3.93362e-12
1.09947e-11
-1.31587e-12
-2.41345e-11
4.78252e-11
-5.52671e-11
4.95107e-11
-4.15441e-11
3.24428e-11
-1.59094e-11
-4.90099e-12
1.41512e-11
-2.29794e-12
-2.08694e-11
3.80859e-11
-4.49359e-11
4.87246e-11
-5.11143e-11
4.28374e-11
-2.03367e-11
-2.98477e-12
9.73489e-12
8.78226e-13
-1.52387e-11
2.50854e-11
-3.54561e-11
4.95357e-11
-5.71841e-11
4.6532e-11
-2.27917e-11
4.19998e-12
-5.76043e-13
4.58017e-12
-7.65418e-12
1.36897e-11
-2.98897e-11
4.94806e-11
-5.59747e-11
4.38513e-11
-2.59572e-11
1.58058e-11
-1.20499e-11
6.46552e-12
-1.6165e-12
8.46992e-12
-2.7999e-11
4.52228e-11
-4.71788e-11
3.80828e-11
-3.06671e-11
2.71937e-11
-1.98117e-11
7.33264e-12
-1.40939e-12
1.05496e-11
-2.69653e-11
3.59241e-11
-3.4681e-11
3.24825e-11
-3.41225e-11
3.25244e-11
-2.20486e-11
9.98082e-12
-8.26351e-12
1.6877e-11
-2.46651e-11
2.50863e-11
-2.38271e-11
2.72592e-11
-3.16367e-11
2.89655e-11
-2.04267e-11
1.53956e-11
-1.84098e-11
2.31347e-11
-2.25154e-11
1.83347e-11
-1.72274e-11
1.99196e-11
-2.11711e-11
1.86042e-11
-1.68114e-11
2.00038e-11
-2.56786e-11
2.77018e-11
-2.4232e-11
1.84186e-11
-1.34387e-11
9.38461e-12
-6.18566e-12
5.62199e-12
-9.77829e-12
1.78815e-11
-2.66375e-11
3.19195e-11
-3.07833e-11
2.26052e-11
-1.04451e-11
-6.81017e-13
7.11209e-12
-8.32439e-12
4.09123e-12
6.67032e-12
-2.25049e-11
3.56861e-11
-3.72905e-11
2.60392e-11
-9.68652e-12
-4.5107e-12
1.57397e-11
-2.43249e-11
2.43509e-11
-9.51757e-12
-1.52213e-11
3.41801e-11
-3.68722e-11
2.72065e-11
-1.4255e-11
-1.06401e-12
2.16764e-11
-4.09996e-11
4.37671e-11
-2.45444e-11
-3.30892e-12
2.19797e-11
-2.78483e-11
2.77413e-11
-2.22878e-11
3.78222e-12
2.66429e-11
-5.16031e-11
5.40062e-11
-3.63936e-11
1.49505e-11
1.02862e-12
-1.47069e-11
2.634e-11
-2.53607e-11
3.88337e-12
2.79482e-11
-5.02134e-11
5.37608e-11
-4.56481e-11
3.4143e-11
-1.88814e-11
-1.19415e-12
1.72092e-11
-1.69926e-11
-5.78109e-13
2.35518e-11
-4.01597e-11
4.77064e-11
-4.85712e-11
4.27503e-11
-2.96267e-11
1.31206e-11
-1.20878e-12
-7.35808e-13
-6.86205e-12
1.93459e-11
-3.11971e-11
3.7868e-11
-3.82659e-11
3.4908e-11
-3.07968e-11
2.57787e-11
-1.93147e-11
1.47301e-11
-1.69557e-11
2.414e-11
-2.76082e-11
2.2634e-11
-1.59728e-11
1.66518e-11
-2.33102e-11
2.67455e-11
-2.49377e-11
2.57972e-11
-3.29673e-11
3.644e-11
-2.56659e-11
6.06888e-12
5.86925e-12
-3.54933e-12
-4.26842e-12
9.48162e-12
-1.6705e-11
3.17022e-11
-4.62959e-11
4.46012e-11
-2.37767e-11
-1.84007e-12
1.78062e-11
-2.33207e-11
2.3449e-11
-1.68681e-11
-1.19518e-12
2.60546e-11
-4.32604e-11
4.18725e-11
-2.40658e-11
-3.5358e-13
2.29488e-11
-3.88925e-11
4.41683e-11
-3.65786e-11
1.81697e-11
4.61591e-12
-2.35882e-11
3.04648e-11
-2.06283e-11
-2.16728e-12
2.5992e-11
-4.05594e-11
4.50036e-11
-4.3718e-11
3.63624e-11
-1.9873e-11
-5.69207e-13
1.05054e-11
-2.27754e-12
-1.46822e-11
2.5391e-11
-2.79363e-11
3.13238e-11
-3.79716e-11
3.84916e-11
-2.79644e-11
1.65346e-11
-1.69468e-11
2.64061e-11
-3.0966e-11
2.47312e-11
-1.62518e-11
1.41163e-11
-1.61913e-11
1.65092e-11
-1.68055e-11
2.32935e-11
-3.57933e-11
4.55397e-11
-4.45595e-11
3.21629e-11
-1.36497e-11
-4.05243e-12
1.43598e-11
-1.3872e-11
4.00433e-12
1.11331e-11
-2.87859e-11
4.52253e-11
-5.17592e-11
3.92545e-11
-1.05795e-11
-1.81108e-11
3.24196e-11
-3.291e-11
2.74514e-11
-1.67295e-11
-3.9031e-12
2.85898e-11
-3.97437e-11
2.70281e-11
-8.51395e-13
-2.05952e-11
3.11919e-11
-3.70156e-11
4.01632e-11
-3.45146e-11
1.80797e-11
-1.11735e-12
-4.3398e-12
-2.77068e-12
1.38071e-11
-2.16224e-11
2.50043e-11
-2.57194e-11
2.54233e-11
-2.5819e-11
2.72636e-11
-2.85554e-11
2.9473e-11
-3.22715e-11
3.61178e-11
-3.38826e-11
1.99659e-11
-1.52986e-12
-6.44965e-12
-1.78826e-12
1.66883e-11
-2.81808e-11
3.76278e-11
-4.92441e-11
5.54808e-11
-4.32934e-11
1.3417e-11
1.58996e-11
-2.82742e-11
2.37594e-11
-1.17153e-11
-3.61468e-12
2.23038e-11
-3.93974e-11
4.44923e-11
-3.23218e-11
8.0083e-12
1.74473e-11
-3.43591e-11
3.75516e-11
-2.87838e-11
1.58499e-11
-6.27242e-12
5.97502e-13
3.63366e-12
-3.83254e-12
-5.55714e-12
2.10114e-11
-2.94534e-11
2.40985e-11
-1.5172e-11
1.66855e-11
-2.8055e-11
3.65669e-11
-3.64267e-11
3.40144e-11
-3.40822e-11
3.03047e-11
-1.62614e-11
-1.9615e-12
1.03683e-11
-2.23539e-12
-1.74112e-11
3.86951e-11
-5.36801e-11
5.72793e-11
-4.85026e-11
3.07825e-11
-9.14582e-12
-1.2709e-11
2.88614e-11
-2.97354e-11
1.08148e-11
1.70125e-11
-3.48901e-11
3.48849e-11
-2.5631e-11
1.62837e-11
-4.72272e-12
-1.32292e-11
2.98966e-11
-3.25753e-11
2.09634e-11
-9.01692e-12
7.66687e-12
-1.42497e-11
1.97673e-11
-2.03897e-11
1.75625e-11
-1.33964e-11
9.46937e-12
-7.95792e-12
9.90485e-12
-1.56536e-11
2.69292e-11
-4.44268e-11
6.02828e-11
-6.06184e-11
4.04436e-11
-1.24461e-11
-6.34235e-12
1.19087e-11
-1.10922e-11
5.26222e-12
1.14609e-11
-3.74335e-11
5.69531e-11
-5.56338e-11
3.55075e-11
-1.07115e-11
-7.86013e-12
1.76046e-11
-1.97161e-11
1.58308e-11
-8.92712e-12
1.7788e-12
3.9203e-12
-5.55221e-12
-5.20343e-13
1.17727e-11
-1.75906e-11
1.08049e-11
2.18444e-13
-1.04168e-13
-1.44229e-11
3.13639e-11
-4.09187e-11
4.54379e-11
-4.91354e-11
4.64567e-11
-2.99688e-11
4.13787e-12
1.58284e-11
-1.85091e-11
3.83061e-12
2.01055e-11
-4.28239e-11
5.50451e-11
-5.37504e-11
4.31228e-11
-2.82767e-11
9.70319e-12
1.05393e-11
-2.25233e-11
1.67417e-11
8.17131e-13
-1.23907e-11
8.79206e-12
1.04563e-12
-4.96512e-12
2.70135e-12
-1.4623e-12
2.71131e-12
-2.57033e-12
1.03822e-12
-4.01465e-12
1.56615e-11
-3.41395e-11
5.24308e-11
-6.07675e-11
5.10943e-11
-2.60731e-11
4.6609e-13
1.16053e-11
-9.93978e-12
2.44851e-12
9.10926e-12
-2.87452e-11
5.15227e-11
-6.18005e-11
5.02423e-11
-2.59421e-11
5.58557e-12
3.02763e-12
-3.27923e-12
7.84864e-13
8.2793e-13
1.89779e-13
-3.21961e-12
5.57311e-12
-7.04712e-12
9.68209e-12
-1.12549e-11
4.49958e-12
1.04594e-11
-1.95618e-11
8.49018e-12
1.88981e-11
-4.47623e-11
5.70797e-11
-5.77042e-11
5.11574e-11
-3.69606e-11
1.55077e-11
5.37214e-12
-1.55842e-11
1.0264e-11
7.98933e-12
-3.03529e-11
4.39938e-11
-4.11114e-11
2.75156e-11
-1.72834e-11
1.57687e-11
-1.54274e-11
9.75754e-12
-3.49e-12
2.19926e-12
-7.1987e-13
-1.00781e-11
2.79027e-11
-3.97837e-11
3.58567e-11
-1.78414e-11
-4.81119e-12
2.03975e-11
-2.02984e-11
4.63546e-12
1.69114e-11
-3.53122e-11
4.94977e-11
-6.00183e-11
5.98823e-11
-4.25157e-11
1.57592e-11
1.65729e-12
-6.61658e-13
-1.00478e-11
1.68125e-11
-1.53792e-11
9.37047e-12
-3.43616e-12
8.12949e-13
-3.2499e-12
8.69125e-12
-1.37932e-11
1.82859e-11
-2.24021e-11
1.91368e-11
6.64789e-13
-3.31481e-11
5.88084e-11
-6.19134e-11
4.57436e-11
-2.49952e-11
8.78255e-12
1.63804e-12
-5.56451e-12
1.01848e-12
1.06612e-11
-2.49697e-11
3.65343e-11
-3.97331e-11
3.13022e-11
-1.76282e-11
1.25493e-11
-2.19163e-11
3.39147e-11
-3.25341e-11
1.60076e-11
4.39566e-12
-2.03473e-11
3.1401e-11
-3.70513e-11
3.30843e-11
-1.81291e-11
-2.69185e-12
2.04257e-11
-2.56142e-11
1.19112e-11
1.60268e-11
-4.1339e-11
4.91741e-11
-4.20449e-11
3.38662e-11
-3.14573e-11
2.99438e-11
-2.55869e-11
2.20472e-11
-2.21347e-11
2.13175e-11
-1.36971e-11
-1.08737e-12
1.75916e-11
-2.68988e-11
1.98877e-11
3.59712e-12
-2.90348e-11
3.79568e-11
-2.65024e-11
6.24834e-12
1.23568e-11
-2.89667e-11
4.39458e-11
-5.12925e-11
4.57762e-11
-3.15435e-11
1.82463e-11
-1.33328e-11
1.84012e-11
-2.80505e-11
3.0504e-11
-1.79279e-11
-2.46407e-12
1.34747e-11
-7.34292e-12
-7.87572e-12
2.1407e-11
-3.12572e-11
3.7771e-11
-3.61533e-11
2.10004e-11
4.92964e-12
-3.2185e-11
4.9903e-11
-5.04795e-11
3.46103e-11
-1.55226e-11
8.99724e-12
-1.70934e-11
2.63005e-11
-2.57868e-11
1.82273e-11
-1.15263e-11
7.06651e-12
-3.44715e-12
3.02583e-12
-1.00932e-11
2.43854e-11
-4.12514e-11
5.22674e-11
-4.71263e-11
2.12222e-11
1.40097e-11
-3.79677e-11
4.05419e-11
-3.07032e-11
2.17286e-11
-1.75501e-11
1.54073e-11
-1.48788e-11
1.66314e-11
-1.91379e-11
1.98258e-11
-1.72747e-11
9.93299e-12
1.37763e-14
-2.53933e-12
-1.25946e-11
4.00565e-11
-5.996e-11
5.75214e-11
-3.64149e-11
1.00446e-11
1.16932e-11
-2.49402e-11
2.90687e-11
-2.68688e-11
2.23741e-11
-1.68172e-11
1.09187e-11
-9.97936e-12
1.82533e-11
-2.84041e-11
2.64438e-11
-9.74684e-12
-7.59181e-12
1.00542e-11
5.22213e-12
-2.96107e-11
5.07987e-11
-5.8157e-11
4.88054e-11
-3.01092e-11
1.17569e-11
4.23147e-12
-1.93744e-11
2.90281e-11
-2.61428e-11
1.44652e-11
-7.51166e-12
1.33874e-11
-2.66201e-11
3.5525e-11
-3.14857e-11
1.38699e-11
7.52357e-12
-1.66383e-11
5.54968e-12
1.69061e-11
-3.58338e-11
4.57607e-11
-4.92294e-11
4.57617e-11
-3.20791e-11
1.08111e-11
8.92894e-12
-1.95213e-11
1.88882e-11
-1.1192e-11
6.78808e-12
-1.6034e-11
3.59162e-11
-4.9342e-11
4.2643e-11
-2.06803e-11
-1.21998e-12
1.24397e-11
-1.13899e-11
2.36856e-13
1.58303e-11
-3.05949e-11
4.03166e-11
-4.42069e-11
3.87213e-11
-2.16881e-11
6.81381e-13
9.49857e-12
-4.71857e-12
-3.28219e-12
-3.25609e-13
1.81481e-11
-4.18618e-11
5.82846e-11
-5.72032e-11
3.80073e-11
-1.34456e-11
-2.59023e-12
7.09219e-12
-5.91595e-12
4.93013e-13
1.10085e-11
-2.50757e-11
3.19408e-11
-2.70207e-11
1.41622e-11
-2.1049e-12
-1.18137e-12
-7.33054e-12
1.84156e-11
-1.55851e-11
-8.18899e-12
4.01055e-11
-6.12328e-11
6.35074e-11
-5.15635e-11
3.33068e-11
-1.6245e-11
5.53338e-12
-1.34037e-12
4.02245e-13
-2.41876e-12
8.0814e-12
-1.181e-11
5.45038e-12
8.51134e-12
-1.62695e-11
8.31024e-12
1.05273e-11
-2.6398e-11
2.67145e-11
-6.66256e-12
-2.53432e-11
5.11174e-11
-5.76671e-11
4.92133e-11
-3.81188e-11
3.03127e-11
-2.39398e-11
1.8532e-11
-1.50133e-11
1.20698e-11
-6.52684e-12
-2.92028e-12
1.71825e-11
-3.37347e-11
4.27879e-11
-3.27874e-11
6.56252e-12
1.76855e-11
-2.29689e-11
8.44482e-12
1.46869e-11
-3.25519e-11
3.6463e-11
-2.79173e-11
1.89317e-11
-1.94106e-11
2.69018e-11
-3.21624e-11
3.19119e-11
-2.76955e-11
1.81398e-11
-1.58021e-13
-2.36888e-11
4.55e-11
-5.69229e-11
5.18827e-11
-3.13934e-11
8.40951e-12
-2.57033e-13
1.04805e-11
-2.50727e-11
2.79511e-11
-1.60333e-11
-2.59894e-12
1.56057e-11
-1.38304e-11
-2.40228e-12
2.08762e-11
-2.98052e-11
2.75648e-11
-1.91696e-11
5.32173e-12
1.38021e-11
-3.28219e-11
4.30791e-11
-4.22269e-11
3.3667e-11
-2.53046e-11
2.54755e-11
-3.70981e-11
4.84459e-11
-4.28776e-11
1.60433e-11
1.73475e-11
-3.95315e-11
4.16333e-11
-2.74075e-11
8.33148e-12
1.49112e-12
1.94081e-12
-1.0725e-11
1.49985e-11
-1.47553e-11
1.33267e-11
-1.09972e-11
6.82317e-12
-4.92273e-12
9.5535e-12
-2.16048e-11
3.75537e-11
-4.97489e-11
4.61857e-11
-2.19716e-11
-1.14182e-11
3.39101e-11
-3.64686e-11
2.63406e-11
-1.77082e-11
2.09456e-11
-3.67552e-11
5.35398e-11
-5.55493e-11
3.85307e-11
-1.33654e-11
-7.02233e-12
1.8262e-11
-2.08163e-11
1.60234e-11
-7.13652e-12
-8.48759e-13
5.3932e-12
-4.46021e-12
-3.73662e-12
1.5714e-11
-2.02636e-11
1.14284e-11
2.68142e-12
-6.68086e-12
-6.61648e-12
3.25594e-11
-5.67138e-11
6.30114e-11
-4.50183e-11
1.51929e-11
6.88896e-12
-1.251e-11
8.97278e-12
-7.11085e-12
1.37245e-11
-2.86974e-11
4.54182e-11
-5.37985e-11
5.04788e-11
-3.95329e-11
2.48517e-11
-6.67972e-12
-1.069e-11
1.8916e-11
-1.42081e-11
2.04564e-12
8.28048e-12
-8.4298e-12
-4.15579e-12
2.07766e-11
-2.53572e-11
1.10643e-11
1.04859e-11
-2.08045e-11
1.05689e-11
1.54519e-11
-4.29001e-11
5.52541e-11
-4.67643e-11
2.77312e-11
-1.39761e-11
1.03622e-11
-1.1524e-11
1.04709e-11
-3.60412e-12
-1.06498e-11
2.86165e-11
-4.4369e-11
5.41727e-11
-5.74306e-11
5.03814e-11
-3.15795e-11
8.24771e-12
6.35078e-12
-6.93647e-12
-1.65984e-12
8.16198e-12
-2.78674e-12
-1.66976e-11
3.73676e-11
-4.1451e-11
2.32813e-11
3.46469e-12
-2.06887e-11
1.80691e-11
1.22384e-12
-2.39551e-11
3.39556e-11
-2.74255e-11
1.47993e-11
-8.85931e-12
1.18108e-11
-1.91983e-11
2.4874e-11
-2.35772e-11
1.24835e-11
4.9242e-12
-2.37696e-11
4.13536e-11
-5.42328e-11
5.55686e-11
-4.3811e-11
2.73537e-11
-1.71599e-11
1.70149e-11
-2.24982e-11
2.3134e-11
-8.18484e-12
-2.18625e-11
5.06809e-11
-5.96698e-11
4.53867e-11
-2.01738e-11
1.1703e-12
5.68497e-13
1.30308e-11
-2.6368e-11
2.42231e-11
-6.57565e-12
-1.27758e-11
2.14614e-11
-1.57431e-11
3.24517e-13
1.48865e-11
-2.00062e-11
1.41371e-11
-3.31056e-12
-7.73678e-12
1.82003e-11
-2.52527e-11
2.61187e-11
-2.26097e-11
2.02784e-11
-2.2618e-11
3.06946e-11
-4.05667e-11
4.1853e-11
-2.48156e-11
-6.52862e-12
3.61454e-11
-4.9576e-11
4.42133e-11
-2.90209e-11
1.98457e-11
-2.75101e-11
4.59496e-11
-5.58881e-11
4.38727e-11
-1.35639e-11
-1.96317e-11
3.94273e-11
-3.81863e-11
2.31412e-11
-1.1301e-11
1.28933e-11
-2.35612e-11
3.22892e-11
-3.18629e-11
2.06913e-11
-3.76245e-12
-9.83462e-12
1.39516e-11
-1.05234e-11
3.22954e-12
5.84638e-12
-1.34674e-11
1.39118e-11
-6.1836e-12
-5.33434e-12
1.42763e-11
-1.58681e-11
8.45502e-12
3.76141e-13
1.70462e-12
-1.93746e-11
4.227e-11
-5.50908e-11
4.78302e-11
-2.26701e-11
-6.39101e-12
2.09876e-11
-1.60415e-11
4.28459e-12
-3.81951e-12
2.11316e-11
-4.87217e-11
6.94032e-11
-6.80446e-11
4.37196e-11
-1.28786e-11
-6.81878e-12
1.03662e-11
-5.68339e-12
4.15784e-12
-1.41501e-11
3.36798e-11
-5.10269e-11
5.5063e-11
-4.55065e-11
2.879e-11
-1.1541e-11
-1.18194e-12
6.54575e-12
-6.96853e-12
6.74987e-12
-7.82964e-12
1.1195e-11
-1.84364e-11
2.67585e-11
-2.85899e-11
1.96112e-11
-3.56778e-12
-1.1049e-11
1.51894e-11
-4.18637e-12
-1.52306e-11
2.74788e-11
-2.24036e-11
4.85981e-12
1.12299e-11
-1.3302e-11
-1.13479e-12
2.04315e-11
-2.53482e-11
7.21557e-12
2.36212e-11
-4.74443e-11
5.10566e-11
-3.49144e-11
1.34556e-11
-4.6397e-12
1.41364e-11
-2.90926e-11
3.18836e-11
-1.4782e-11
-1.58734e-11
4.49947e-11
-5.74121e-11
5.04402e-11
-3.55343e-11
2.63897e-11
-2.67051e-11
3.15153e-11
-3.20898e-11
2.13174e-11
6.35395e-13
-2.46792e-11
4.17477e-11
-4.90582e-11
4.79138e-11
-4.07448e-11
3.22705e-11
-2.65717e-11
2.3334e-11
-1.98818e-11
1.39519e-11
-2.613e-12
-1.56031e-11
3.50678e-11
-4.60642e-11
4.33223e-11
-2.97898e-11
1.36142e-11
-5.46362e-12
1.02404e-11
-2.08452e-11
2.27107e-11
-9.08364e-12
-1.45117e-11
3.39166e-11
-3.63605e-11
1.88868e-11
4.58287e-12
-1.53957e-11
5.62689e-12
1.46991e-11
-2.9162e-11
2.45739e-11
-3.16916e-12
-1.87536e-11
2.17962e-11
-3.88451e-12
-2.12224e-11
3.40437e-11
-2.55949e-11
6.78466e-13
2.1475e-11
-2.56094e-11
1.17659e-11
3.62302e-12
-6.19903e-12
-9.18314e-12
3.2548e-11
-4.76461e-11
4.18699e-11
-2.04852e-11
-2.23756e-12
1.35862e-11
-1.25357e-11
5.75625e-12
-5.72078e-12
1.79977e-11
-3.71825e-11
5.06893e-11
-5.16787e-11
3.98831e-11
-2.13286e-11
4.49309e-12
4.81059e-12
-8.88531e-12
1.3451e-11
-2.12681e-11
3.26455e-11
-4.51253e-11
5.37489e-11
-5.2603e-11
4.21367e-11
-2.49808e-11
6.57999e-12
8.66937e-12
-1.57262e-11
1.87853e-11
-2.29048e-11
3.32574e-11
-4.61668e-11
5.75882e-11
-5.67779e-11
4.16665e-11
-1.61712e-11
-4.62327e-12
1.52563e-11
-1.36383e-11
1.10983e-11
-1.56915e-11
3.4334e-11
-5.40275e-11
6.28699e-11
-5.01892e-11
2.4805e-11
2.38513e-12
-1.32778e-11
8.61048e-12
2.24674e-12
4.69719e-13
-1.81817e-11
4.46893e-11
-5.97113e-11
5.35598e-11
-2.62939e-11
-7.18535e-13
1.24016e-11
-3.82009e-12
-1.01918e-11
1.41303e-11
3.06584e-12
-3.16039e-11
5.17926e-11
-4.82353e-11
2.47253e-11
1.59308e-12
-1.31353e-11
2.9451e-12
1.54724e-11
-2.34755e-11
8.68509e-12
1.74884e-11
-3.98559e-11
3.93487e-11
-2.02522e-11
-6.21528e-12
1.44982e-11
-5.29031e-12
-1.65639e-11
2.5584e-11
-1.90197e-11
-7.23871e-12
2.5884e-11
-3.04583e-11
1.05576e-11
8.14503e-12
-2.04576e-11
7.55407e-12
1.0131e-11
-2.75418e-11
1.95528e-11
-4.09624e-12
-1.71848e-11
1.6913e-11
-6.82103e-12
-1.64335e-11
2.19035e-11
-1.63189e-11
-6.75789e-12
1.84559e-11
-2.24734e-11
6.07707e-12
5.72107e-12
-1.17505e-11
-3.10854e-12
1.73584e-11
-2.86093e-11
2.01639e-11
-4.65094e-12
-1.35552e-11
1.61761e-11
-9.03192e-12
-2.13357e-12
3.89915e-12
5.63264e-12
-2.09203e-11
3.16065e-11
-2.62639e-11
1.30394e-11
4.49812e-12
-8.98807e-12
9.05907e-12
1.9726e-12
7.62471e-13
-5.24849e-12
2.49889e-11
-2.9391e-11
3.50893e-11
-1.6837e-11
9.23272e-12
7.50059e-12
1.17824e-12
3.71553e-12
5.71087e-12
1.19366e-11
-1.5688e-11
3.83401e-11
-2.93083e-11
3.19653e-11
-7.65617e-12
1.00034e-11
4.6772e-12
9.86977e-12
2.61404e-12
1.7252e-12
2.46615e-11
-2.48719e-11
4.20784e-11
-2.47522e-11
2.52245e-11
-4.12874e-12
1.24754e-11
-2.76466e-12
1.21426e-11
4.86669e-12
-9.71404e-12
3.24705e-11
-3.18408e-11
3.51755e-11
-2.04418e-11
1.66775e-11
-9.80962e-12
1.35827e-11
-1.28151e-11
8.24169e-12
-4.00135e-12
-4.9282e-13
-7.12593e-13
-2.17614e-13
-3.44998e-14
0
