0
2.53367e-16
3.46379e-15
2.70638e-14
4.78573e-14
-5.20827e-13
6.32824e-12
-2.30031e-11
4.00001e-11
-3.75682e-11
2.43414e-11
-2.67651e-11
4.82813e-11
-6.28964e-11
4.65019e-11
-7.13713e-12
-2.35335e-11
2.64628e-11
-1.63039e-11
2.11714e-11
-4.6799e-11
6.79321e-11
-5.84257e-11
2.27694e-11
8.29291e-12
-1.36991e-11
5.33405e-12
-1.15798e-11
4.04923e-11
-6.83325e-11
6.66783e-11
-3.63424e-11
6.28616e-12
2.64889e-13
7.5015e-12
-1.41622e-12
-2.95365e-11
6.3461e-11
-7.03082e-11
4.65617e-11
-1.90304e-11
1.24574e-11
-2.09396e-11
1.65914e-11
1.4442e-11
-5.32211e-11
6.84259e-11
-5.23678e-11
2.85864e-11
-2.30952e-11
3.32286e-11
-3.23454e-11
3.48426e-12
3.79558e-11
-6.07447e-11
5.28345e-11
-3.39247e-11
3.01461e-11
-4.25741e-11
4.6435e-11
-2.2375e-11
-1.89499e-11
4.75204e-11
-4.77527e-11
3.43058e-11
-3.25872e-11
4.71205e-11
-5.65116e-11
3.95744e-11
-1.80922e-12
-3.00536e-11
3.75698e-11
-2.98959e-11
2.99361e-11
-4.57002e-11
6.02421e-11
-5.22684e-11
2.14547e-11
1.04121e-11
-2.38442e-11
2.168e-11
-2.2903e-11
3.80177e-11
-5.6212e-11
5.77337e-11
-3.69498e-11
8.47465e-12
8.85479e-12
-1.17916e-11
1.32567e-11
-2.53576e-11
4.42429e-11
-5.4364e-11
4.54318e-11
-2.36212e-11
4.47191e-12
2.91377e-12
-3.97925e-12
1.04123e-11
-2.61767e-11
4.21029e-11
-4.53122e-11
3.24086e-11
-1.35213e-11
2.06172e-12
-1.61562e-12
2.75588e-12
5.64463e-12
-2.32263e-11
3.66979e-11
-3.36726e-11
1.64999e-11
-1.2375e-12
5.70204e-13
-9.91861e-12
1.21785e-11
1.98235e-12
-2.20475e-11
2.79651e-11
-1.34322e-11
-5.7113e-12
8.24395e-12
7.70897e-12
-2.20889e-11
1.58674e-11
5.58434e-12
-1.79454e-11
6.11646e-12
1.66867e-11
-2.34772e-11
4.59424e-12
2.02114e-11
-2.4862e-11
7.3923e-12
7.41855e-12
1.97214e-12
-2.7759e-11
4.07352e-11
-2.44288e-11
-6.01544e-12
2.13642e-11
-1.24797e-11
-4.27455e-13
-7.20388e-12
3.39781e-11
-5.38393e-11
4.5654e-11
-1.71002e-11
-5.58183e-12
7.52275e-12
-6.81808e-13
7.016e-12
-3.17146e-11
5.65381e-11
-6.04952e-11
4.18327e-11
-1.81606e-11
5.83403e-12
-3.93035e-12
-1.69312e-12
2.02993e-11
-4.56545e-11
6.20089e-11
-5.94366e-11
4.19545e-11
-2.26307e-11
1.10568e-11
-5.6204e-12
-3.51733e-12
2.3063e-11
-4.77356e-11
6.2731e-11
-5.72024e-11
3.59105e-11
-1.59861e-11
9.77058e-12
-1.14112e-11
3.4911e-12
2.16567e-11
-4.97501e-11
5.78331e-11
-3.97415e-11
1.46393e-11
-6.35229e-12
1.65133e-11
-2.27644e-11
6.01281e-12
2.54152e-11
-4.33526e-11
3.19469e-11
-6.04792e-12
-5.46166e-12
-7.20422e-12
2.47565e-11
-2.24569e-11
-2.87444e-13
1.97273e-11
-1.54346e-11
-6.49517e-12
2.15011e-11
-1.42034e-11
-6.12051e-12
1.84403e-11
-1.37428e-11
2.96646e-12
-2.71867e-12
1.68958e-11
-3.37435e-11
3.83183e-11
-2.63273e-11
6.09049e-12
9.68633e-12
-1.50948e-11
1.48049e-11
-1.96142e-11
3.46445e-11
-5.25525e-11
5.72026e-11
-4.00069e-11
9.88777e-12
1.24777e-11
-1.67612e-11
1.33666e-11
-2.25824e-11
4.79222e-11
-6.99358e-11
6.47516e-11
-3.33108e-11
4.82398e-13
1.00761e-11
-3.47253e-12
3.88599e-12
-2.63209e-11
5.552e-11
-6.48885e-11
4.44798e-11
-1.397e-11
-2.12756e-12
-1.99405e-12
8.18835e-12
-8.04266e-14
-2.09518e-11
3.64621e-11
-3.40726e-11
1.66939e-11
-2.5423e-13
-4.27045e-12
-3.57112e-12
1.31575e-11
-1.49806e-11
6.23123e-12
4.26961e-12
-5.34032e-12
-6.86282e-12
2.04617e-11
-1.86879e-11
-3.47142e-12
3.00791e-11
-3.97843e-11
2.85624e-11
-1.5129e-11
1.94193e-11
-3.75118e-11
4.48282e-11
-2.30925e-11
-1.60581e-11
4.43449e-11
-4.52764e-11
3.27691e-11
-2.95926e-11
4.32783e-11
-5.48573e-11
4.57591e-11
-1.4215e-11
-1.88225e-11
3.70863e-11
-3.67493e-11
3.18463e-11
-3.11138e-11
3.79461e-11
-4.15439e-11
3.53367e-11
-1.40139e-11
-1.10157e-11
2.78683e-11
-2.40218e-11
9.47758e-12
6.68484e-13
8.33625e-12
-2.35845e-11
2.74311e-11
-8.57014e-12
-1.24237e-11
1.43862e-11
9.75045e-12
-3.38543e-11
3.65619e-11
-1.51695e-11
-4.27584e-12
6.35962e-12
5.07613e-12
-6.03507e-12
-1.23907e-11
4.1228e-11
-5.84502e-11
5.5424e-11
-3.74848e-11
1.8788e-11
-7.52638e-12
2.62575e-12
3.26607e-12
-1.88154e-11
4.22058e-11
-6.32257e-11
6.37432e-11
-4.29782e-11
1.3136e-11
3.13133e-13
2.83626e-12
-9.97121e-12
-4.07667e-12
2.98218e-11
-4.97049e-11
3.79875e-11
-1.19338e-11
-1.01246e-11
3.51435e-12
1.14694e-11
-2.33173e-11
1.26453e-11
-1.84294e-12
-5.11559e-12
-7.89709e-12
1.857e-11
-2.67863e-11
1.25374e-11
7.10041e-12
-3.42401e-11
4.19215e-11
-4.06489e-11
2.67928e-11
-2.97573e-11
3.73383e-11
-4.65911e-11
2.52715e-11
1.01131e-11
-4.74363e-11
5.20425e-11
-4.02929e-11
2.47609e-11
-3.17507e-11
4.18065e-11
-4.26195e-11
1.82861e-11
1.05603e-11
-2.98943e-11
2.76479e-11
-1.49681e-11
3.29652e-12
-1.18167e-12
9.49849e-12
-1.72746e-11
1.91808e-11
-6.02367e-12
-3.12851e-12
2.54284e-12
2.33583e-11
-4.2591e-11
4.84954e-11
-1.91135e-11
-4.08172e-12
2.12882e-11
-8.3649e-12
1.31761e-11
-2.20064e-11
5.7238e-11
-6.33811e-11
6.27496e-11
-2.61679e-11
9.53474e-12
1.62025e-11
-9.31808e-12
2.05907e-11
-1.34533e-11
3.70305e-11
-3.78778e-11
5.05639e-11
-1.91303e-11
3.30786e-12
2.38627e-11
-9.51617e-13
-9.57013e-12
3.17958e-11
-7.94239e-12
1.41101e-12
1.28228e-11
1.20569e-11
-1.38428e-11
1.61448e-11
1.87575e-11
-3.77591e-11
5.94305e-11
-4.95638e-11
4.15608e-11
-2.18799e-11
1.78726e-11
-1.41946e-11
1.14171e-11
7.6689e-12
-3.95976e-11
6.02668e-11
-6.07701e-11
2.8937e-11
-1.06955e-11
-1.84045e-12
-2.00182e-11
1.43433e-11
-1.58559e-11
-1.86779e-11
1.05812e-11
-1.92627e-11
-1.91779e-11
1.01307e-11
-3.08257e-11
-1.12514e-11
8.50118e-12
-5.28684e-11
2.44122e-11
-4.49466e-11
8.41321e-12
-5.13373e-11
3.04553e-11
-5.99752e-11
-7.61364e-12
1.0311e-11
-6.85596e-11
2.59761e-11
-4.88791e-11
3.97275e-12
-4.68985e-11
1.43314e-11
-4.74621e-11
-5.02305e-12
-1.17915e-11
-3.64352e-11
-5.95461e-13
-1.35081e-11
-3.87312e-11
1.34483e-11
-2.30057e-11
-2.66987e-11
1.32173e-11
-2.57466e-11
1.49659e-12
-2.7938e-11
4.164e-11
-6.66969e-11
5.54721e-11
-3.03828e-11
3.72273e-12
2.33992e-11
-1.938e-11
3.22906e-11
-9.76632e-12
3.88136e-11
-2.24299e-11
6.15173e-11
-1.03644e-11
2.41389e-11
4.35988e-11
1.2951e-11
1.80914e-11
6.27583e-11
2.45711e-12
5.10807e-11
3.53329e-11
3.92762e-11
3.82452e-11
4.46949e-11
5.5071e-11
1.32164e-11
1.04423e-10
-2.04329e-11
1.0672e-10
2.2779e-11
5.12251e-11
5.7892e-11
5.26505e-11
4.78626e-11
3.95693e-11
8.31925e-11
1.0234e-11
7.4597e-11
4.45133e-11
3.45738e-11
5.39974e-11
4.87233e-11
1.23661e-11
7.92928e-11
-5.21362e-12
5.71913e-11
1.41507e-11
4.19381e-11
-5.27246e-12
3.8118e-11
2.00712e-11
-3.51744e-11
6.6906e-11
-5.80022e-11
3.01451e-11
-2.93229e-11
-5.6047e-12
-3.3841e-11
-1.20115e-11
-4.58875e-11
-3.64221e-11
-3.16254e-11
-6.4857e-11
-5.6296e-11
-3.53238e-11
-9.9649e-11
-5.72186e-11
-5.78774e-11
-1.23794e-10
-4.14299e-11
-1.29044e-10
-6.27915e-11
-1.35236e-10
-6.40853e-11
-1.46114e-10
-8.45554e-11
-1.13599e-10
-1.45115e-10
-7.35383e-11
-1.53214e-10
-1.12444e-10
-1.12267e-10
-1.24936e-10
-1.34401e-10
-9.6583e-11
-1.37337e-10
-1.06014e-10
-1.24146e-10
-8.86048e-11
-1.46091e-10
-5.04475e-11
-1.47355e-10
-6.53816e-11
-7.74901e-11
-1.15221e-10
-3.26509e-11
-9.15751e-11
-3.82185e-11
-7.28143e-11
-1.2962e-12
-6.70977e-11
3.43845e-12
-1.01123e-11
-9.22996e-12
2.17947e-11
3.27962e-11
4.60409e-12
9.29134e-11
2.20532e-11
8.36773e-11
9.51827e-11
7.736e-11
1.20432e-10
1.05049e-10
1.62065e-10
9.006e-11
2.14675e-10
1.14243e-10
2.00642e-10
1.85392e-10
1.77457e-10
2.18051e-10
2.14631e-10
1.98325e-10
2.48008e-10
2.25399e-10
2.30906e-10
2.46875e-10
2.51672e-10
2.40493e-10
2.41166e-10
2.86378e-10
1.91302e-10
3.1552e-10
1.90226e-10
2.7233e-10
2.35025e-10
2.22229e-10
2.27518e-10
2.24412e-10
2.01725e-10
1.87001e-10
2.06223e-10
1.5752e-10
1.56761e-10
1.60364e-10
1.14184e-10
1.09265e-10
1.25535e-10
2.02568e-11
1.22368e-10
-1.2998e-11
4.34818e-11
-1.47785e-11
-1.26169e-11
-6.39809e-11
-6.01014e-11
-8.06164e-11
-1.43198e-10
-1.0422e-10
-1.80592e-10
-1.81132e-10
-1.87492e-10
-2.45534e-10
-2.47397e-10
-2.38275e-10
-3.40428e-10
-2.5837e-10
-3.62873e-10
-3.19036e-10
-3.90207e-10
-3.44574e-10
-4.19646e-10
-3.94497e-10
-4.03566e-10
-4.60794e-10
-3.94454e-10
-4.70319e-10
-4.4734e-10
-4.32147e-10
-4.6915e-10
-4.60529e-10
-4.22331e-10
-4.83975e-10
-4.09357e-10
-4.62877e-10
-3.93674e-10
-4.5e-10
-3.5633e-10
-4.23779e-10
-3.45222e-10
-3.35701e-10
-3.64554e-10
-2.60826e-10
-2.99981e-10
-2.55255e-10
-2.11037e-10
-2.01267e-10
-1.72436e-10
-1.11937e-10
-1.25877e-10
-3.97875e-11
-5.22637e-11
3.22622e-11
-1.03378e-13
1.36509e-10
6.37901e-11
1.78803e-10
2.02271e-10
1.9793e-10
2.97864e-10
2.86786e-10
3.38903e-10
3.86952e-10
4.01154e-10
4.37467e-10
4.95665e-10
4.85811e-10
5.48832e-10
5.51521e-10
6.17686e-10
5.62496e-10
6.97956e-10
5.99577e-10
7.03122e-10
6.84959e-10
6.76455e-10
7.35076e-10
7.03085e-10
7.08285e-10
7.3825e-10
7.0847e-10
7.06971e-10
7.16039e-10
6.85792e-10
6.85356e-10
6.52038e-10
6.68714e-10
5.73939e-10
6.58236e-10
5.0246e-10
5.74638e-10
4.96079e-10
4.46819e-10
4.41864e-10
3.85273e-10
3.24543e-10
3.18767e-10
2.29848e-10
2.08724e-10
1.50927e-10
9.44289e-11
4.40222e-11
-7.40841e-12
-4.62149e-11
-1.61894e-10
-1.08565e-10
-2.87934e-10
-2.43966e-10
-3.47676e-10
-3.98849e-10
-4.31016e-10
-4.92516e-10
-5.7046e-10
-5.54603e-10
-6.74809e-10
-6.66959e-10
-7.37126e-10
-7.58191e-10
-8.18753e-10
-8.33428e-10
-8.63679e-10
-9.30443e-10
-8.77092e-10
-1.00224e-09
-9.26741e-10
-9.89087e-10
-1.00487e-09
-9.83871e-10
-9.92597e-10
-1.0305e-09
-9.47494e-10
-1.03123e-09
-9.32406e-10
-9.77267e-10
-9.1576e-10
-9.21868e-10
-8.57294e-10
-8.52696e-10
-8.18168e-10
-7.31738e-10
-7.5794e-10
-6.50837e-10
-6.22847e-10
-5.87203e-10
-4.91148e-10
-4.58432e-10
-4.19166e-10
-2.75083e-10
-3.23682e-10
-1.50354e-10
-1.57896e-10
-3.83993e-11
-8.67799e-12
1.01941e-10
1.34467e-10
2.33838e-10
2.96514e-10
3.51121e-10
4.40036e-10
5.14436e-10
5.311e-10
6.68118e-10
6.75939e-10
7.38749e-10
8.52161e-10
8.08293e-10
9.66862e-10
9.33271e-10
1.0173e-09
1.04506e-09
1.09812e-09
1.09414e-09
1.17031e-09
1.15021e-09
1.20411e-09
1.18504e-09
1.23999e-09
1.17707e-09
1.26633e-09
1.17403e-09
1.21172e-09
1.21334e-09
1.12724e-09
1.17946e-09
1.10149e-09
1.07411e-09
1.06382e-09
9.85973e-10
9.49968e-10
9.31373e-10
8.12113e-10
8.24642e-10
7.01918e-10
6.9559e-10
5.59307e-10
5.69901e-10
4.15574e-10
4.05569e-10
2.99242e-10
2.1123e-10
1.62476e-10
7.21801e-11
-4.77538e-11
-4.34923e-11
-2.18705e-10
-2.31986e-10
-3.25768e-10
-4.41829e-10
-4.47784e-10
-5.90806e-10
-6.20735e-10
-7.1032e-10
-7.59008e-10
-8.55344e-10
-8.75892e-10
-9.69903e-10
-9.97069e-10
-1.06766e-09
-1.08464e-09
-1.18291e-09
-1.12208e-09
-1.27708e-09
-1.19591e-09
-1.27479e-09
-1.29393e-09
-1.26862e-09
-1.31283e-09
-1.30851e-09
-1.26537e-09
-1.32804e-09
-1.24707e-09
-1.25951e-09
-1.24414e-09
-1.1842e-09
-1.18653e-09
-1.11236e-09
-1.10866e-09
-1.01283e-09
-1.02467e-09
-8.98308e-10
-8.96856e-10
-8.12292e-10
-7.38292e-10
-6.78806e-10
-6.33561e-10
-4.84554e-10
-5.26459e-10
-3.20857e-10
-3.43233e-10
-2.21447e-10
-1.2854e-10
-8.23409e-11
1.5675e-11
1.10591e-10
1.49528e-10
2.77031e-10
3.16342e-10
4.07172e-10
4.85252e-10
5.48779e-10
6.22721e-10
6.76001e-10
7.80351e-10
7.68663e-10
9.12576e-10
8.88145e-10
9.82724e-10
1.02502e-09
1.04121e-09
1.09075e-09
1.15925e-09
1.09191e-09
1.24201e-09
1.138e-09
1.23537e-09
1.20975e-09
1.20578e-09
1.22042e-09
1.21927e-09
1.17323e-09
1.20472e-09
1.14159e-09
1.14638e-09
1.09658e-09
1.07866e-09
1.0233e-09
9.97446e-10
9.53452e-10
8.65891e-10
8.88315e-10
7.4847e-10
7.51221e-10
6.71271e-10
5.89462e-10
5.57287e-10
4.82481e-10
3.65959e-10
4.02957e-10
2.01806e-10
2.44864e-10
1.03925e-10
5.8515e-11
-9.88906e-12
-8.07338e-11
-1.74669e-10
-1.87196e-10
-3.19951e-10
-3.26866e-10
-4.33734e-10
-4.56296e-10
-5.51527e-10
-5.69364e-10
-6.5329e-10
-6.91079e-10
-7.15235e-10
-8.1006e-10
-7.94344e-10
-8.55616e-10
-9.03788e-10
-8.86542e-10
-9.55387e-10
-9.65948e-10
-9.31431e-10
-1.04862e-09
-9.33742e-10
-1.034e-09
-9.86089e-10
-9.86705e-10
-9.91644e-10
-9.798e-10
-9.26624e-10
-9.83713e-10
-8.66994e-10
-9.24671e-10
-8.30682e-10
-8.48179e-10
-7.68151e-10
-7.72542e-10
-6.89596e-10
-6.79793e-10
-6.19877e-10
-5.68422e-10
-5.21739e-10
-4.93415e-10
-3.86862e-10
-4.05804e-10
-2.89841e-10
-2.5891e-10
-2.36529e-10
-1.02398e-10
-1.35757e-10
-2.67841e-11
2.47149e-11
4.02094e-11
1.39335e-10
1.70709e-10
1.86051e-10
3.20799e-10
2.58137e-10
3.97276e-10
3.78272e-10
4.49204e-10
4.71231e-10
5.26069e-10
5.20944e-10
6.07896e-10
5.73085e-10
6.52594e-10
6.22995e-10
6.99729e-10
6.46497e-10
7.33281e-10
6.75199e-10
7.26371e-10
7.21473e-10
7.02149e-10
7.1961e-10
7.26541e-10
6.63178e-10
7.39023e-10
6.38796e-10
6.75077e-10
6.6514e-10
5.81353e-10
6.41102e-10
5.58368e-10
5.42456e-10
5.4792e-10
4.63694e-10
4.70318e-10
4.46767e-10
3.52587e-10
4.05193e-10
2.8519e-10
3.10539e-10
2.38269e-10
2.18924e-10
1.6329e-10
1.59291e-10
7.22024e-11
8.92524e-11
2.40611e-12
1.61497e-11
-7.68706e-11
-4.20988e-11
-1.55885e-10
-1.06237e-10
-2.0176e-10
-2.02413e-10
-2.29926e-10
-2.63126e-10
-3.05304e-10
-2.72281e-10
-3.90151e-10
-2.99168e-10
-4.05088e-10
-3.89146e-10
-3.79218e-10
-4.45467e-10
-4.12797e-10
-4.23551e-10
-4.80569e-10
-4.00159e-10
-4.83007e-10
-4.48296e-10
-4.27161e-10
-4.84949e-10
-4.088e-10
-4.55766e-10
-4.32756e-10
-4.05681e-10
-4.19558e-10
-4.00736e-10
-3.65816e-10
-3.9579e-10
-3.22097e-10
-3.61869e-10
-2.95654e-10
-3.1869e-10
-2.52928e-10
-2.85451e-10
-2.11851e-10
-2.32435e-10
-1.80201e-10
-1.81975e-10
-1.29741e-10
-1.59374e-10
-5.20382e-11
-1.353e-10
-1.49438e-11
-5.85458e-11
-1.29662e-11
1.71908e-11
2.31909e-11
2.67273e-11
1.15279e-10
2.17218e-11
1.61173e-10
8.46616e-11
1.40183e-10
1.71313e-10
1.40856e-10
1.83727e-10
2.13955e-10
1.54625e-10
2.63055e-10
1.80517e-10
2.39369e-10
2.49551e-10
2.09717e-10
2.65361e-10
2.4225e-10
2.34039e-10
2.74458e-10
2.25252e-10
2.56364e-10
2.55763e-10
2.2205e-10
2.59925e-10
2.16181e-10
2.39228e-10
2.1482e-10
2.21208e-10
1.93959e-10
2.12673e-10
1.74766e-10
1.8945e-10
1.56709e-10
1.7493e-10
1.20931e-10
1.71036e-10
8.35284e-11
1.47061e-10
8.13808e-11
9.23597e-11
7.79875e-11
7.02372e-11
2.94478e-11
8.7262e-11
-3.2025e-11
7.50381e-11
-2.87219e-11
6.23568e-12
-6.05675e-12
-3.5957e-11
-4.04997e-11
-6.67103e-12
-1.14415e-10
6.87962e-12
-1.21929e-10
-5.07176e-11
-7.86298e-11
-1.08584e-10
-8.36461e-11
-8.48408e-11
-1.48218e-10
-4.7893e-11
-1.70029e-10
-7.74893e-11
-1.2452e-10
-1.33932e-10
-1.00746e-10
-1.24767e-10
-1.39216e-10
-8.19555e-11
-1.65131e-10
-8.10152e-11
-1.31218e-10
-1.19538e-10
-9.62191e-11
-1.20256e-10
-1.03289e-10
-8.78728e-11
-1.19914e-10
-7.17973e-11
-9.83382e-11
-8.30952e-11
-7.17512e-11
-8.31154e-11
-5.99261e-11
-6.5109e-11
-5.61873e-11
-5.50845e-11
-4.0058e-11
-4.58415e-11
-2.99886e-11
-3.27629e-11
-2.11906e-11
-2.42568e-11
1.71283e-12
-3.19124e-11
2.43307e-11
-2.12632e-11
1.9974e-11
9.2877e-12
1.03097e-11
2.03257e-11
3.76118e-11
-5.92732e-12
7.49424e-11
-1.07649e-11
6.75589e-11
2.8292e-11
3.40904e-11
5.3668e-11
4.95515e-11
1.88088e-11
9.79002e-11
-1.08949e-11
1.02281e-10
2.33056e-11
5.14292e-11
6.43129e-11
4.30418e-11
3.78523e-11
9.26801e-11
-1.56098e-11
1.15069e-10
1.34901e-12
6.39881e-11
5.18245e-11
2.71954e-11
4.49416e-11
6.73401e-11
-1.81379e-11
1.05293e-10
-2.75505e-11
6.95325e-11
2.38834e-11
1.29191e-11
3.81027e-11
3.23617e-11
-1.71254e-11
8.00793e-11
-5.14048e-11
6.59404e-11
-1.04108e-11
5.89472e-12
2.17187e-11
1.16519e-14
-1.52021e-11
4.76435e-11
-6.25093e-11
5.53985e-11
-4.10311e-11
5.10391e-12
1.17903e-12
-2.02967e-11
-1.34832e-11
1.63236e-11
-6.10247e-11
4.10855e-11
-5.95306e-11
8.22038e-12
-1.84526e-11
-2.67813e-11
-1.23929e-11
-6.16838e-12
-5.05291e-11
2.56905e-11
-6.38688e-11
1.28384e-11
-3.17805e-11
-2.23104e-11
-1.27939e-11
-1.70461e-11
-3.53531e-11
1.30568e-11
-5.68316e-11
1.57771e-11
-3.64988e-11
-1.09839e-11
-1.35162e-11
-1.82009e-11
-2.09709e-11
5.77536e-12
-4.21871e-11
1.60991e-11
-3.44521e-11
1.48422e-12
-1.2414e-11
-1.21489e-11
-1.0993e-11
2.78562e-12
-2.50816e-11
1.58061e-11
-2.77435e-11
9.95962e-12
-9.93496e-12
-2.01249e-12
-4.57829e-12
2.43002e-12
-1.14503e-11
1.5808e-11
-1.77008e-11
1.39447e-11
-7.81159e-12
7.21957e-12
2.0049e-13
4.88966e-12
-3.62836e-12
1.48482e-11
-7.48714e-12
1.61242e-11
-5.58004e-12
1.19948e-11
2.89846e-12
9.47133e-12
7.32586e-13
1.30183e-11
-1.10303e-12
1.74882e-11
-2.04124e-12
1.3543e-11
2.81427e-12
1.29954e-11
3.96459e-12
1.24288e-11
9.24762e-13
1.70005e-11
1.22027e-12
1.50655e-11
1.62826e-12
1.33625e-11
5.39174e-12
1.33627e-11
1.62796e-12
1.50659e-11
1.2198e-12
1.7001e-11
9.24372e-13
1.24289e-11
3.96467e-12
1.29951e-11
2.81481e-12
1.35423e-11
-2.04062e-12
1.74878e-11
-1.10287e-12
1.30184e-11
7.3216e-13
9.47192e-12
2.89787e-12
1.19953e-11
-5.58037e-12
1.61243e-11
-7.48702e-12
1.48479e-11
-3.62802e-12
4.88929e-12
2.0079e-13
7.21935e-12
-7.8114e-12
1.39446e-11
-1.77008e-11
1.58081e-11
-1.14503e-11
2.43014e-12
-4.57848e-12
-2.01229e-12
-9.93515e-12
9.95985e-12
-2.77438e-11
1.58063e-11
-2.50818e-11
2.78568e-12
-1.09929e-11
-1.21493e-11
-1.24134e-11
1.4836e-12
-3.44515e-11
1.60986e-11
-4.21869e-11
5.7756e-12
-2.09715e-11
-1.82001e-11
-1.35171e-11
-1.09832e-11
-3.64991e-11
1.57771e-11
-5.68311e-11
1.30561e-11
-3.53523e-11
-1.70466e-11
-1.27936e-11
-2.23104e-11
-3.17807e-11
1.28388e-11
-6.38691e-11
2.56907e-11
-5.05291e-11
-6.16835e-12
-1.23929e-11
-2.67812e-11
-1.84529e-11
8.22076e-12
-5.9531e-11
4.10857e-11
-6.10245e-11
1.63232e-11
-1.34825e-11
-2.02976e-11
1.17979e-12
5.10344e-12
-4.10311e-11
5.53989e-11
-6.25099e-11
4.76444e-11
-1.5203e-11
1.23543e-14
2.17184e-11
5.89472e-12
-1.04105e-11
6.59397e-11
-5.1404e-11
8.00786e-11
-1.71249e-11
3.23614e-11
3.81027e-11
1.29193e-11
2.3883e-11
6.95329e-11
-2.75508e-11
1.05294e-10
-1.8138e-11
6.73401e-11
4.49417e-11
2.71953e-11
5.18246e-11
6.39881e-11
1.34901e-12
1.15069e-10
-1.56098e-11
9.26802e-11
3.78523e-11
4.30418e-11
6.4313e-11
5.14291e-11
2.33058e-11
1.0228e-10
-1.08947e-11
9.79001e-11
1.88089e-11
4.95516e-11
5.36675e-11
3.40909e-11
2.82916e-11
6.75592e-11
-1.07651e-11
7.49422e-11
-5.92692e-12
3.76113e-11
2.03262e-11
1.03094e-11
9.28789e-12
1.99741e-11
-2.12635e-11
2.4331e-11
-3.19126e-11
1.71303e-12
-2.42568e-11
-2.11908e-11
-3.27626e-11
-2.99888e-11
-4.58413e-11
-4.00581e-11
-5.50846e-11
-5.61871e-11
-6.51093e-11
-5.9926e-11
-8.31156e-11
-7.1751e-11
-8.30952e-11
-9.83382e-11
-7.17972e-11
-1.19914e-10
-8.78725e-11
-1.03289e-10
-1.20255e-10
-9.62194e-11
-1.19538e-10
-1.31218e-10
-8.10153e-11
-1.65131e-10
-8.19559e-11
-1.39215e-10
-1.24767e-10
-1.00746e-10
-1.33933e-10
-1.2452e-10
-7.74891e-11
-1.70029e-10
-4.78925e-11
-1.48219e-10
-8.48401e-11
-8.36466e-11
-1.08584e-10
-7.86298e-11
-5.07179e-11
-1.21928e-10
6.8791e-12
-1.14415e-10
-6.67128e-12
-4.04996e-11
-3.59568e-11
-6.05703e-12
6.23584e-12
-2.8722e-11
7.50381e-11
-3.20248e-11
8.72616e-11
2.9448e-11
7.02372e-11
7.79874e-11
9.236e-11
8.13805e-11
1.47061e-10
8.35282e-11
1.71036e-10
1.20932e-10
1.7493e-10
1.56709e-10
1.8945e-10
1.74766e-10
2.12673e-10
1.93959e-10
2.21208e-10
2.1482e-10
2.39228e-10
2.16182e-10
2.59925e-10
2.2205e-10
2.55762e-10
2.56364e-10
2.25252e-10
2.74458e-10
2.34039e-10
2.4225e-10
2.65362e-10
2.09716e-10
2.49551e-10
2.39368e-10
1.80517e-10
2.63055e-10
1.54624e-10
2.13955e-10
1.83727e-10
1.40856e-10
1.71313e-10
1.40183e-10
8.46616e-11
1.61173e-10
2.17217e-11
1.15279e-10
2.67272e-11
2.31909e-11
1.7191e-11
-1.29665e-11
-5.85455e-11
-1.49442e-11
-1.353e-10
-5.20383e-11
-1.59374e-10
-1.29741e-10
-1.81975e-10
-1.80201e-10
-2.32435e-10
-2.11851e-10
-2.85451e-10
-2.52928e-10
-3.1869e-10
-2.95654e-10
-3.61869e-10
-3.22097e-10
-3.9579e-10
-3.65816e-10
-4.00735e-10
-4.19558e-10
-4.05681e-10
-4.32756e-10
-4.55766e-10
-4.088e-10
-4.8495e-10
-4.27161e-10
-4.48296e-10
-4.83007e-10
-4.00159e-10
-4.80569e-10
-4.23551e-10
-4.12797e-10
-4.45468e-10
-3.79218e-10
-3.89146e-10
-4.05088e-10
-2.99169e-10
-3.90151e-10
-2.72282e-10
-3.05304e-10
-2.63125e-10
-2.29926e-10
-2.02413e-10
-2.0176e-10
-1.06237e-10
-1.55886e-10
-4.20987e-11
-7.68706e-11
1.61496e-11
2.40616e-12
8.92523e-11
7.22025e-11
1.59291e-10
1.6329e-10
2.18924e-10
2.38269e-10
3.10539e-10
2.8519e-10
4.05193e-10
3.52587e-10
4.46767e-10
4.70318e-10
4.63693e-10
5.47921e-10
5.42455e-10
5.58368e-10
6.41102e-10
5.81352e-10
6.6514e-10
6.75077e-10
6.38796e-10
7.39024e-10
6.63178e-10
7.26541e-10
7.1961e-10
7.02149e-10
7.21473e-10
7.26371e-10
6.75199e-10
7.33281e-10
6.46497e-10
6.99729e-10
6.22995e-10
6.52594e-10
5.73085e-10
6.07896e-10
5.20944e-10
5.2607e-10
4.7123e-10
4.49204e-10
3.78272e-10
3.97276e-10
2.58137e-10
3.20799e-10
1.86051e-10
1.70709e-10
1.39335e-10
4.02093e-11
2.4715e-11
-2.67842e-11
-1.35756e-10
-1.02398e-10
-2.36529e-10
-2.5891e-10
-2.89841e-10
-4.05804e-10
-3.86862e-10
-4.93415e-10
-5.2174e-10
-5.68422e-10
-6.19878e-10
-6.79793e-10
-6.89596e-10
-7.72542e-10
-7.6815e-10
-8.48179e-10
-8.30681e-10
-9.24671e-10
-8.66994e-10
-9.83713e-10
-9.26624e-10
-9.798e-10
-9.91644e-10
-9.86705e-10
-9.86089e-10
-1.03401e-09
-9.33742e-10
-1.04862e-09
-9.31431e-10
-9.65947e-10
-9.55387e-10
-8.86542e-10
-9.03788e-10
-8.55616e-10
-7.94344e-10
-8.10059e-10
-7.15236e-10
-6.91079e-10
-6.5329e-10
-5.69365e-10
-5.51526e-10
-4.56297e-10
-4.33733e-10
-3.26866e-10
-3.19951e-10
-1.87196e-10
-1.74669e-10
-8.07331e-11
-9.88974e-12
5.85157e-11
1.03925e-10
2.44864e-10
2.01807e-10
4.02957e-10
3.65959e-10
4.82481e-10
5.57288e-10
5.89461e-10
6.71271e-10
7.51221e-10
7.4847e-10
8.88315e-10
8.65891e-10
9.53451e-10
9.97446e-10
1.0233e-09
1.07866e-09
1.09658e-09
1.14638e-09
1.14159e-09
1.20472e-09
1.17323e-09
1.21927e-09
1.22042e-09
1.20578e-09
1.20975e-09
1.23537e-09
1.138e-09
1.24201e-09
1.09191e-09
1.15925e-09
1.09075e-09
1.04121e-09
1.02502e-09
9.82725e-10
8.88145e-10
9.12577e-10
7.68663e-10
7.8035e-10
6.76001e-10
6.22721e-10
5.48779e-10
4.85252e-10
4.07172e-10
3.16342e-10
2.77031e-10
1.49527e-10
1.10592e-10
1.56744e-11
-8.23405e-11
-1.2854e-10
-2.21448e-10
-3.43233e-10
-3.20857e-10
-5.26459e-10
-4.84554e-10
-6.33561e-10
-6.78806e-10
-7.38292e-10
-8.12292e-10
-8.96856e-10
-8.98308e-10
-1.02467e-09
-1.01283e-09
-1.10866e-09
-1.11236e-09
-1.18653e-09
-1.1842e-09
-1.24414e-09
-1.25951e-09
-1.24707e-09
-1.32804e-09
-1.26537e-09
-1.30851e-09
-1.31283e-09
-1.26862e-09
-1.29393e-09
-1.27479e-09
-1.19591e-09
-1.27708e-09
-1.12208e-09
-1.18291e-09
-1.08464e-09
-1.06766e-09
-9.97069e-10
-9.69903e-10
-8.75892e-10
-8.55344e-10
-7.59008e-10
-7.1032e-10
-6.20735e-10
-5.90806e-10
-4.47784e-10
-4.41828e-10
-3.25768e-10
-2.31986e-10
-2.18705e-10
-4.34924e-11
-4.77536e-11
7.218e-11
1.62476e-10
2.1123e-10
2.99242e-10
4.05569e-10
4.15574e-10
5.69901e-10
5.59308e-10
6.95589e-10
7.01918e-10
8.24642e-10
8.12113e-10
9.31374e-10
9.49968e-10
9.85973e-10
1.06382e-09
1.07411e-09
1.10149e-09
1.17946e-09
1.12724e-09
1.21334e-09
1.21172e-09
1.17403e-09
1.26633e-09
1.17707e-09
1.23999e-09
1.18504e-09
1.20411e-09
1.15021e-09
1.17031e-09
1.09414e-09
1.09812e-09
1.04506e-09
1.0173e-09
9.3327e-10
9.66862e-10
8.08293e-10
8.52161e-10
7.38748e-10
6.7594e-10
6.68118e-10
5.311e-10
5.14436e-10
4.40037e-10
3.5112e-10
2.96514e-10
2.33838e-10
1.34467e-10
1.01941e-10
-8.67836e-12
-3.83988e-11
-1.57897e-10
-1.50354e-10
-3.23682e-10
-2.75083e-10
-4.19166e-10
-4.58432e-10
-4.91148e-10
-5.87203e-10
-6.22847e-10
-6.50837e-10
-7.5794e-10
-7.31739e-10
-8.18168e-10
-8.52696e-10
-8.57294e-10
-9.21868e-10
-9.15761e-10
-9.77267e-10
-9.32406e-10
-1.03123e-09
-9.47494e-10
-1.0305e-09
-9.92597e-10
-9.83871e-10
-1.00487e-09
-9.89087e-10
-9.2674e-10
-1.00224e-09
-8.77092e-10
-9.30444e-10
-8.63678e-10
-8.33428e-10
-8.18752e-10
-7.58192e-10
-7.37126e-10
-6.66959e-10
-6.74809e-10
-5.54603e-10
-5.70461e-10
-4.92516e-10
-4.31016e-10
-3.98848e-10
-3.47677e-10
-2.43966e-10
-2.87934e-10
-1.08565e-10
-1.61894e-10
-4.62154e-11
-7.40794e-12
4.40218e-11
9.4429e-11
1.50927e-10
2.08724e-10
2.29847e-10
3.18767e-10
3.24542e-10
3.85274e-10
4.41863e-10
4.46819e-10
4.96078e-10
5.74638e-10
5.0246e-10
6.58236e-10
5.73939e-10
6.68714e-10
6.52038e-10
6.85356e-10
6.85792e-10
7.16039e-10
7.06971e-10
7.0847e-10
7.38251e-10
7.08284e-10
7.03086e-10
7.35076e-10
6.76455e-10
6.84959e-10
7.03122e-10
5.99577e-10
6.97956e-10
5.62495e-10
6.17686e-10
5.51521e-10
5.48832e-10
4.85811e-10
4.95665e-10
4.37467e-10
4.01154e-10
3.86952e-10
3.38903e-10
2.86786e-10
2.97863e-10
1.97931e-10
2.0227e-10
1.78803e-10
6.37899e-11
1.36509e-10
-1.0342e-13
3.22623e-11
-5.2264e-11
-3.97871e-11
-1.25878e-10
-1.11937e-10
-1.72437e-10
-2.01267e-10
-2.11037e-10
-2.55255e-10
-2.99981e-10
-2.60826e-10
-3.64554e-10
-3.35701e-10
-3.45222e-10
-4.23779e-10
-3.5633e-10
-4.50001e-10
-3.93673e-10
-4.62878e-10
-4.09356e-10
-4.83975e-10
-4.2233e-10
-4.60529e-10
-4.6915e-10
-4.32147e-10
-4.4734e-10
-4.70319e-10
-3.94454e-10
-4.60794e-10
-4.03566e-10
-3.94497e-10
-4.19647e-10
-3.44573e-10
-3.90208e-10
-3.19036e-10
-3.62874e-10
-2.58369e-10
-3.40428e-10
-2.38276e-10
-2.47397e-10
-2.45534e-10
-1.87492e-10
-1.81132e-10
-1.80592e-10
-1.0422e-10
-1.43197e-10
-8.06169e-11
-6.01009e-11
-6.39815e-11
-1.26165e-11
-1.47786e-11
4.34818e-11
-1.29978e-11
1.22368e-10
2.02565e-11
1.25535e-10
1.09265e-10
1.14184e-10
1.60365e-10
1.5676e-10
1.5752e-10
2.06223e-10
1.87001e-10
2.01725e-10
2.24412e-10
2.27517e-10
2.22229e-10
2.35024e-10
2.72331e-10
1.90226e-10
3.15519e-10
1.91302e-10
2.86378e-10
2.41165e-10
2.40493e-10
2.51671e-10
2.46875e-10
2.30906e-10
2.25399e-10
2.48008e-10
1.98325e-10
2.14631e-10
2.1805e-10
1.77458e-10
1.85391e-10
2.00642e-10
1.14243e-10
2.14675e-10
9.00598e-11
1.62065e-10
1.05049e-10
1.20432e-10
7.73606e-11
9.51819e-11
8.36781e-11
2.20527e-11
9.29135e-11
4.60427e-12
3.27959e-11
2.17948e-11
-9.22985e-12
-1.01124e-11
3.43828e-12
-6.70972e-11
-1.29675e-12
-7.2814e-11
-3.82186e-11
-9.15752e-11
-3.26507e-11
-1.15221e-10
-7.74898e-11
-6.53819e-11
-1.47355e-10
-5.04475e-11
-1.4609e-10
-8.86051e-11
-1.24145e-10
-1.06014e-10
-1.37337e-10
-9.65827e-11
-1.34402e-10
-1.24935e-10
-1.12267e-10
-1.12444e-10
-1.53215e-10
-7.35383e-11
-1.45115e-10
-1.13599e-10
-8.45557e-11
-1.46114e-10
-6.40853e-11
-1.35236e-10
-6.27916e-11
-1.29044e-10
-4.14298e-11
-1.23794e-10
-5.78774e-11
-5.72184e-11
-9.9649e-11
-3.53239e-11
-5.62959e-11
-6.4857e-11
-3.16254e-11
-3.64224e-11
-4.58868e-11
-1.20122e-11
-3.38406e-11
-5.6049e-12
-2.93227e-11
3.01446e-11
-5.80016e-11
6.69055e-11
-3.51741e-11
2.00712e-11
3.81178e-11
-5.27236e-12
4.19381e-11
1.41505e-11
5.71913e-11
-5.21337e-12
7.92925e-11
1.23664e-11
4.8723e-11
5.39977e-11
3.45737e-11
4.4513e-11
7.45974e-11
1.0234e-11
8.31921e-11
3.95697e-11
4.78624e-11
5.26504e-11
5.78922e-11
5.1225e-11
2.27789e-11
1.0672e-10
-2.04334e-11
1.04424e-10
1.3216e-11
5.50712e-11
4.46948e-11
3.82454e-11
3.92759e-11
3.53332e-11
5.10805e-11
2.45721e-12
6.27581e-11
1.80916e-11
1.29509e-11
4.35987e-11
2.41391e-11
-1.03645e-11
6.15173e-11
-2.24298e-11
3.88134e-11
-9.76617e-12
3.22905e-11
-1.93799e-11
2.33992e-11
3.72273e-12
-3.03829e-11
5.54723e-11
-6.66973e-11
4.16403e-11
-2.7938e-11
1.49628e-12
-2.57463e-11
1.32171e-11
-2.66988e-11
-2.30054e-11
1.34481e-11
-3.87313e-11
-1.35076e-11
-5.96036e-13
-3.64348e-11
-1.17915e-11
-5.02326e-12
-4.74618e-11
1.43312e-11
-4.68985e-11
3.9731e-12
-4.88796e-11
2.59764e-11
-6.85595e-11
1.03107e-11
-7.61335e-12
-5.99753e-11
3.04554e-11
-5.13372e-11
8.41281e-12
-4.4946e-11
2.44118e-11
-5.28685e-11
8.50172e-12
-1.12519e-11
-3.08259e-11
1.01313e-11
-1.91784e-11
-1.92624e-11
1.05811e-11
-1.86778e-11
-1.58561e-11
1.43435e-11
-2.00182e-11
-1.84041e-12
-1.06958e-11
2.89376e-11
-6.07708e-11
6.02672e-11
-3.95976e-11
7.66879e-12
1.14171e-11
-1.41945e-11
1.78724e-11
-2.18795e-11
4.15604e-11
-4.95634e-11
5.94303e-11
-3.77592e-11
1.87578e-11
1.61446e-11
-1.38429e-11
1.20573e-11
1.28223e-11
1.41139e-12
-7.94242e-12
3.17956e-11
-9.5698e-12
-9.51781e-13
2.38626e-11
3.30805e-12
-1.91305e-11
5.05639e-11
-3.78777e-11
3.70301e-11
-1.34528e-11
2.05903e-11
-9.31797e-12
1.62026e-11
9.53457e-12
-2.6168e-11
6.27499e-11
-6.33813e-11
5.72381e-11
-2.20062e-11
1.31758e-11
-8.36464e-12
2.1288e-11
-4.0816e-12
-1.91137e-11
4.84957e-11
-4.25912e-11
2.33583e-11
2.54286e-12
-3.12846e-12
-6.0238e-12
1.9181e-11
-1.72746e-11
9.49829e-12
-1.18134e-12
3.2962e-12
-1.49679e-11
2.76477e-11
-2.98942e-11
1.05602e-11
1.82864e-11
-4.26199e-11
4.18069e-11
-3.17509e-11
2.47609e-11
-4.02929e-11
5.20426e-11
-4.74367e-11
1.01136e-11
2.52711e-11
-4.65909e-11
3.73384e-11
-2.97574e-11
2.67926e-11
-4.06484e-11
4.1921e-11
-3.42399e-11
7.10048e-12
1.25372e-11
-2.67862e-11
1.85701e-11
-7.8974e-12
-5.11528e-12
-1.84305e-12
1.26451e-11
-2.33169e-11
1.14691e-11
3.51441e-12
-1.01245e-11
-1.19339e-11
3.79875e-11
-4.97048e-11
2.98216e-11
-4.07652e-12
-9.97124e-12
2.83622e-12
3.13201e-13
1.31359e-11
-4.29781e-11
6.3743e-11
-6.32254e-11
4.22056e-11
-1.88153e-11
3.26603e-12
2.62596e-12
-7.5268e-12
1.87885e-11
-3.74852e-11
5.54243e-11
-5.84504e-11
4.12281e-11
-1.2391e-11
-6.03475e-12
5.0758e-12
6.35988e-12
-4.276e-12
-1.51695e-11
3.65619e-11
-3.38543e-11
9.75059e-12
1.4386e-11
-1.24236e-11
-8.57026e-12
2.74313e-11
-2.35848e-11
8.33656e-12
6.68186e-13
9.4778e-12
-2.40219e-11
2.78684e-11
-1.10158e-11
-1.40137e-11
3.53365e-11
-4.1544e-11
3.79464e-11
-3.11142e-11
3.18464e-11
-3.67491e-11
3.7086e-11
-1.88226e-11
-1.42145e-11
4.57585e-11
-5.4857e-11
4.32786e-11
-2.9593e-11
3.27694e-11
-4.52764e-11
4.43447e-11
-1.6058e-11
-2.30923e-11
4.48279e-11
-3.75115e-11
1.94189e-11
-1.51287e-11
2.85622e-11
-3.97843e-11
3.00793e-11
-3.47154e-12
-1.86879e-11
2.04619e-11
-6.86292e-12
-5.34046e-12
4.26997e-12
6.23086e-12
-1.49803e-11
1.31572e-11
-3.57077e-12
-4.27084e-12
-2.53893e-13
1.66937e-11
-3.40724e-11
3.64618e-11
-2.09514e-11
-8.07398e-14
8.18849e-12
-1.99402e-12
-2.12762e-12
-1.397e-11
4.44798e-11
-6.48883e-11
5.55198e-11
-2.63206e-11
3.88574e-12
-3.47227e-12
1.00758e-11
4.82936e-13
-3.33114e-11
6.47522e-11
-6.99362e-11
4.79224e-11
-2.25828e-11
1.33673e-11
-1.6762e-11
1.24785e-11
9.88733e-12
-4.00067e-11
5.72024e-11
-5.2552e-11
3.46439e-11
-1.96136e-11
1.48046e-11
-1.50947e-11
9.68617e-12
6.09074e-12
-2.63275e-11
3.83184e-11
-3.37435e-11
1.68959e-11
-2.7188e-12
2.9666e-12
-1.37428e-11
1.84402e-11
-6.12031e-12
-1.42034e-11
2.1501e-11
-6.49499e-12
-1.54347e-11
1.97272e-11
-2.87185e-13
-2.24571e-11
2.47565e-11
-7.2041e-12
-5.4618e-12
-6.04791e-12
3.19471e-11
-4.33529e-11
2.54156e-11
6.01256e-12
-2.27642e-11
1.65131e-11
-6.35212e-12
1.46391e-11
-3.9741e-11
5.78325e-11
-4.97495e-11
2.16562e-11
3.49139e-12
-1.14114e-11
9.77087e-12
-1.59866e-11
3.59112e-11
-5.7203e-11
6.27314e-11
-4.77357e-11
2.3063e-11
-3.51738e-12
-5.62013e-12
1.10563e-11
-2.26303e-11
4.19543e-11
-5.94369e-11
6.20093e-11
-4.56547e-11
2.02992e-11
-1.6929e-12
-3.93036e-12
5.83364e-12
-1.816e-11
4.18322e-11
-6.0495e-11
5.65382e-11
-3.17145e-11
7.01562e-12
-6.81128e-13
7.52211e-12
-5.58151e-12
-1.71002e-11
4.5654e-11
-5.38395e-11
3.39787e-11
-7.20456e-12
-4.2702e-13
-1.24798e-11
2.1364e-11
-6.01549e-12
-2.44284e-11
4.07346e-11
-2.77585e-11
1.97197e-12
7.41856e-12
7.39226e-12
-2.48618e-11
2.02111e-11
4.59458e-12
-2.34775e-11
1.66869e-11
6.1163e-12
-1.79453e-11
5.58423e-12
1.58676e-11
-2.20891e-11
7.70926e-12
8.24372e-12
-5.7111e-12
-1.34323e-11
2.79653e-11
-2.20476e-11
1.98249e-12
1.21783e-11
-9.9183e-12
5.6987e-13
-1.23725e-12
1.64998e-11
-3.36725e-11
3.66978e-11
-2.3226e-11
5.64434e-12
2.75615e-12
-1.61581e-12
2.06181e-12
-1.35212e-11
3.24085e-11
-4.53121e-11
4.2103e-11
-2.6177e-11
1.04124e-11
-3.97911e-12
2.91335e-12
4.47236e-12
-2.36214e-11
4.54317e-11
-5.4364e-11
4.42431e-11
-2.5358e-11
1.32573e-11
-1.17921e-11
8.85511e-12
8.47442e-12
-3.69495e-11
5.77334e-11
-5.62116e-11
3.80173e-11
-2.29026e-11
2.16795e-11
-2.38437e-11
1.04117e-11
2.14548e-11
-5.22684e-11
6.02421e-11
-4.57007e-11
2.99368e-11
-2.98966e-11
3.75698e-11
-3.00531e-11
-1.80966e-12
3.95742e-11
-5.65107e-11
4.71196e-11
-3.2587e-11
3.43063e-11
-4.77533e-11
4.75204e-11
-1.89491e-11
-2.2376e-11
4.64355e-11
-4.2574e-11
3.01457e-11
-3.39246e-11
5.2835e-11
-6.07454e-11
3.79564e-11
3.48402e-12
-3.23454e-11
3.32285e-11
-2.30949e-11
2.8586e-11
-5.23674e-11
6.84257e-11
-5.3221e-11
1.44419e-11
1.65916e-11
-2.09397e-11
1.24575e-11
-1.90304e-11
4.65617e-11
-7.03082e-11
6.3461e-11
-2.95365e-11
-1.41634e-12
7.50171e-12
2.64722e-13
6.28626e-12
-3.63425e-11
6.66783e-11
-6.83326e-11
4.04925e-11
-1.15799e-11
5.33416e-12
-1.36993e-11
8.29305e-12
2.27694e-11
-5.84258e-11
6.79322e-11
-4.6799e-11
2.11712e-11
-1.63037e-11
2.64628e-11
-2.35337e-11
-7.13687e-12
4.65018e-11
-6.28965e-11
4.82814e-11
-2.67652e-11
2.43413e-11
-3.7568e-11
4.00002e-11
-2.30017e-11
6.33207e-12
-5.13597e-13
5.37624e-14
2.96455e-14
3.9403e-15
0
