0
2.52598e-16
3.60313e-15
2.34682e-14
5.08469e-14
1.63309e-13
7.92602e-14
-2.0511e-12
8.34313e-12
-1.80978e-11
2.84977e-11
-3.76548e-11
4.27185e-11
-4.00811e-11
2.82714e-11
-1.1183e-11
-3.26932e-12
7.8262e-12
-1.06811e-12
-1.23362e-11
2.52994e-11
-3.33794e-11
3.60414e-11
-3.50196e-11
3.15397e-11
-2.62024e-11
1.95937e-11
-1.25822e-11
4.74486e-12
5.63901e-12
-1.97806e-11
3.52301e-11
-4.60309e-11
4.61518e-11
-3.46739e-11
1.70545e-11
-1.99145e-12
-4.45856e-12
1.54178e-12
7.29003e-12
-1.80134e-11
2.7594e-11
-3.41571e-11
3.63814e-11
-3.44927e-11
3.04496e-11
-2.69274e-11
2.43161e-11
-1.97013e-11
8.74991e-12
9.5135e-12
-3.04513e-11
4.57789e-11
-4.93726e-11
4.09406e-11
-2.57841e-11
1.0708e-11
-8.76838e-13
-1.60987e-12
-3.10667e-12
1.28523e-11
-2.39762e-11
3.21146e-11
-3.48738e-11
3.3462e-11
-3.20333e-11
3.34733e-11
-3.62636e-11
3.47496e-11
-2.3929e-11
3.6477e-12
2.03373e-11
-4.00178e-11
4.93457e-11
-4.7018e-11
3.57073e-11
-2.04971e-11
6.92809e-12
5.07207e-14
1.82084e-12
-1.08535e-11
2.16576e-11
-2.88123e-11
3.04609e-11
-2.9695e-11
3.13005e-11
-3.74452e-11
4.49314e-11
-4.73358e-11
3.92838e-11
-2.04311e-11
-4.61923e-12
2.86181e-11
-4.50752e-11
5.00072e-11
-4.33357e-11
2.88644e-11
-1.35005e-11
4.0641e-12
-4.03339e-12
1.13243e-11
-2.01407e-11
2.50009e-11
-2.5044e-11
2.40881e-11
-2.73075e-11
3.63487e-11
-4.78397e-11
5.51209e-11
-5.24859e-11
3.79303e-11
-1.42569e-11
-1.24435e-11
3.47073e-11
-4.6517e-11
4.53519e-11
-3.39604e-11
1.93018e-11
-9.33198e-12
8.08644e-12
-1.36823e-11
2.00597e-11
-2.22323e-11
1.98662e-11
-1.74539e-11
2.01984e-11
-3.00305e-11
4.37472e-11
-5.52351e-11
5.85421e-11
-5.06309e-11
3.19088e-11
-6.5261e-12
-1.862e-11
3.57408e-11
-4.01381e-11
3.29513e-11
-2.11266e-11
1.27946e-11
-1.21562e-11
1.68545e-11
-2.10079e-11
2.02974e-11
-1.56629e-11
1.17311e-11
-1.30262e-11
2.06471e-11
-3.25507e-11
4.4823e-11
-5.31708e-11
5.32885e-11
-4.2603e-11
2.2251e-11
1.52553e-12
-2.00639e-11
2.72177e-11
-2.38288e-11
1.65342e-11
-1.25323e-11
1.39646e-11
-1.77726e-11
1.94441e-11
-1.74235e-11
1.33501e-11
-1.00102e-11
8.9736e-12
-1.09817e-11
1.65472e-11
-2.57544e-11
3.60808e-11
-4.22807e-11
3.91361e-11
-2.63005e-11
9.32387e-12
3.94476e-12
-9.47281e-12
9.02762e-12
-7.54088e-12
8.05426e-12
-1.01435e-11
1.16553e-11
-1.1947e-11
1.19429e-11
-1.23112e-11
1.17532e-11
-8.87745e-12
4.57938e-12
-2.43978e-12
5.11137e-12
-1.14472e-11
1.68418e-11
-1.75628e-11
1.36896e-11
-8.71213e-12
5.58885e-12
-4.46561e-12
3.33578e-12
-1.34678e-12
-2.48915e-13
-2.33658e-13
1.93437e-12
-1.94678e-12
-1.85135e-12
7.89054e-12
-1.21264e-11
1.12121e-11
-5.36017e-12
-2.58097e-12
9.47777e-12
-1.40801e-11
1.6268e-11
-1.58927e-11
1.22471e-11
-5.80951e-12
-1.0765e-12
5.24545e-12
-5.77825e-12
4.86877e-12
-6.1605e-12
1.09811e-11
-1.69372e-11
1.92463e-11
-1.47453e-11
4.34071e-12
6.99237e-12
-1.35036e-11
1.15739e-11
-1.35714e-12
-1.41947e-11
3.04052e-11
-4.24841e-11
4.65986e-11
-4.17307e-11
3.02423e-11
-1.73051e-11
7.82011e-12
-3.54365e-12
1.58129e-12
2.99368e-12
-1.29275e-11
2.54263e-11
-3.38371e-11
3.22668e-11
-2.03616e-11
3.53803e-12
1.00736e-11
-1.43189e-11
7.15663e-12
9.21297e-12
-3.00998e-11
4.93092e-11
-6.08263e-11
6.08588e-11
-5.07004e-11
3.64441e-11
-2.53273e-11
2.00304e-11
-1.70271e-11
9.90031e-12
4.18856e-12
-2.16318e-11
3.46085e-11
-3.72239e-11
2.91836e-11
-1.53621e-11
1.78711e-12
6.80749e-12
-7.58019e-12
-9.73079e-13
1.75431e-11
-3.70261e-11
5.17071e-11
-5.61165e-11
5.06429e-11
-4.12117e-11
3.39401e-11
-3.04674e-11
2.71919e-11
-1.98003e-11
7.52893e-12
5.93474e-12
-1.61557e-11
2.10533e-11
-2.14335e-11
1.85777e-11
-1.33282e-11
6.69822e-12
-1.3662e-12
5.46452e-13
-5.78543e-12
1.49632e-11
-2.37086e-11
2.82413e-11
-2.80844e-11
2.52835e-11
-2.21542e-11
1.91249e-11
-1.56442e-11
1.16923e-11
-8.68935e-12
7.79801e-12
-8.49452e-12
8.16177e-12
-4.314e-12
-3.312e-12
1.16595e-11
-1.64712e-11
1.51472e-11
-8.94405e-12
1.6198e-12
3.20382e-12
-4.59832e-12
3.96323e-12
-3.63505e-12
4.97304e-12
-8.2184e-12
1.25196e-11
-1.64002e-11
1.72323e-11
-1.20733e-11
-4.26617e-13
1.70488e-11
-3.03306e-11
3.24977e-11
-2.15433e-11
3.14227e-12
1.27145e-11
-1.86909e-11
1.39731e-11
-3.38797e-12
-7.53821e-12
1.59234e-11
-2.19978e-11
2.67669e-11
-3.10695e-11
3.56248e-11
-4.13839e-11
4.75084e-11
-5.0056e-11
4.32729e-11
-2.47324e-11
-1.15078e-12
2.42192e-11
-3.51286e-11
3.1156e-11
-1.76158e-11
3.1648e-12
5.68337e-12
-7.46484e-12
3.84486e-12
2.98741e-12
-1.17647e-11
2.1131e-11
-2.95633e-11
3.59755e-11
-4.09135e-11
4.55264e-11
-5.00021e-11
5.21873e-11
-4.8973e-11
3.8552e-11
-2.27004e-11
6.01668e-12
6.51399e-12
-1.27107e-11
1.3557e-11
-1.1729e-11
9.0224e-12
-6.01338e-12
2.89018e-12
-1.08553e-12
2.73913e-12
-9.0607e-12
1.80752e-11
-2.5291e-11
2.65028e-11
-2.15121e-11
1.42107e-11
-9.69774e-12
1.01879e-11
-1.43365e-11
1.89589e-11
-2.17416e-11
2.14924e-11
-1.76648e-11
9.9114e-12
3.61854e-13
-9.42515e-12
1.26231e-11
-8.55519e-12
1.10062e-12
2.76909e-12
7.11021e-13
-8.44823e-12
1.23439e-11
-6.13267e-12
-9.86511e-12
2.8844e-11
-4.25485e-11
4.56836e-11
-3.7862e-11
2.20935e-11
-3.25708e-12
-1.33553e-11
2.27719e-11
-2.25399e-11
1.42928e-11
-3.69932e-12
-3.24473e-12
3.96851e-12
-8.8072e-13
-1.59122e-12
8.56325e-13
1.27871e-12
-2.08693e-13
-8.09164e-12
2.34703e-11
-4.15143e-11
5.5992e-11
-6.27779e-11
6.1152e-11
-5.29787e-11
4.03414e-11
-2.50726e-11
9.20652e-12
3.99815e-12
-1.12563e-11
1.11532e-11
-5.93228e-12
6.22236e-14
2.59751e-12
-1.39606e-12
-2.15418e-12
6.60215e-12
-1.19907e-11
1.80814e-11
-2.30391e-11
2.41463e-11
-2.11804e-11
1.75882e-11
-1.83081e-11
2.48163e-11
-3.31537e-11
3.63562e-11
-3.0479e-11
1.78462e-11
-5.49192e-12
-6.47173e-13
-4.54051e-13
4.94863e-12
-7.88677e-12
5.99117e-12
1.0415e-12
-1.12084e-11
2.05153e-11
-2.42929e-11
1.87548e-11
-3.60297e-12
-1.70254e-11
3.54058e-11
-4.41656e-11
4.01755e-11
-2.67222e-11
1.10669e-11
3.85335e-15
-4.39353e-12
4.66718e-12
-5.16555e-12
7.76928e-12
-1.07391e-11
1.04881e-11
-5.53423e-12
-2.10649e-12
8.40624e-12
-1.08335e-11
9.16813e-12
-4.10774e-12
-4.86712e-12
1.84722e-11
-3.54899e-11
5.1478e-11
-6.12278e-11
6.18875e-11
-5.47406e-11
4.32071e-11
-3.03483e-11
1.75789e-11
-6.39438e-12
-6.54323e-13
1.02054e-12
4.4041e-12
-1.0511e-11
1.08183e-11
-2.85453e-12
-9.82456e-12
1.99134e-11
-2.19453e-11
1.57511e-11
-6.48985e-12
6.13474e-13
-1.86377e-12
9.00673e-12
-1.75847e-11
2.29293e-11
-2.30928e-11
1.899e-11
-1.34847e-11
9.48247e-12
-9.06147e-12
1.24053e-11
-1.76794e-11
2.09117e-11
-1.77674e-11
6.05461e-12
1.13195e-11
-2.68615e-11
3.2358e-11
-2.46849e-11
7.56899e-12
1.14315e-11
-2.67763e-11
3.72388e-11
-4.42025e-11
4.78066e-11
-4.63005e-11
3.81359e-11
-2.50963e-11
1.18951e-11
-3.26744e-12
3.57304e-13
-7.94339e-13
1.1919e-12
-3.13217e-13
-9.3213e-13
9.84862e-13
4.53597e-13
-2.63429e-12
4.14233e-12
-3.62605e-12
-4.00308e-13
8.85166e-12
-2.15583e-11
3.61399e-11
-4.82698e-11
5.28259e-11
-4.71527e-11
3.34865e-11
-1.91191e-11
1.20104e-11
-1.55331e-11
2.548e-11
-3.30722e-11
3.0894e-11
-1.82045e-11
5.80013e-13
1.441e-11
-2.24842e-11
2.35999e-11
-1.98454e-11
1.25775e-11
-2.76783e-12
-7.8002e-12
1.61469e-11
-2.03837e-11
2.09947e-11
-2.02389e-11
1.93452e-11
-1.75024e-11
1.27547e-11
-4.72518e-12
-4.52159e-12
1.13885e-11
-1.35716e-11
1.12365e-11
-6.47461e-12
8.22497e-13
5.54018e-12
-1.29661e-11
1.9883e-11
-2.2364e-11
1.57466e-11
1.45154e-12
-2.5247e-11
4.68573e-11
-5.78284e-11
5.52699e-11
-4.39517e-11
3.22821e-11
-2.65561e-11
2.73167e-11
-3.10804e-11
3.3639e-11
-3.25881e-11
2.69758e-11
-1.70741e-11
4.38819e-12
7.60868e-12
-1.48678e-11
1.50869e-11
-1.00665e-11
4.48607e-12
-2.51429e-12
4.14824e-12
-5.75759e-12
3.44607e-12
3.02528e-12
-1.02522e-11
1.37603e-11
-1.15492e-11
4.83064e-12
3.12162e-12
-9.77761e-12
1.45388e-11
-1.82949e-11
2.07676e-11
-1.94381e-11
1.09438e-11
4.78401e-12
-2.26357e-11
3.41883e-11
-3.32374e-11
1.94957e-11
1.37629e-12
-2.19403e-11
3.67219e-11
-4.40268e-11
4.46538e-11
-4.08299e-11
3.5475e-11
-3.2194e-11
3.33076e-11
-3.78651e-11
4.11122e-11
-3.80343e-11
2.73529e-11
-1.31973e-11
1.81651e-12
2.77047e-12
-1.57974e-12
-9.47231e-13
3.33777e-13
4.33848e-12
-1.02069e-11
1.28857e-11
-1.03874e-11
4.36999e-12
1.37052e-12
-4.5296e-12
5.50227e-12
-6.07078e-12
6.24624e-12
-3.70293e-12
-4.2087e-12
1.66686e-11
-2.85957e-11
3.31907e-11
-2.6877e-11
1.1398e-11
7.44941e-12
-2.36134e-11
3.26659e-11
-3.23347e-11
2.22208e-11
-4.93964e-12
-1.40183e-11
2.81378e-11
-3.38472e-11
3.24624e-11
-2.93636e-11
2.98777e-11
-3.57938e-11
4.3879e-11
-4.8531e-11
4.57385e-11
-3.63882e-11
2.52214e-11
-1.72609e-11
1.37574e-11
-1.20565e-11
8.3399e-12
-1.62881e-12
-5.57152e-12
9.56734e-12
-9.36889e-12
7.25101e-12
-6.25219e-12
6.39584e-12
-4.80062e-12
-1.2141e-12
1.0451e-11
-1.83348e-11
1.99169e-11
-1.33512e-11
3.22911e-13
1.485e-11
-2.7174e-11
3.2112e-11
-2.72714e-11
1.32437e-11
5.77122e-12
-2.33173e-11
3.27637e-11
-3.06412e-11
1.84267e-11
-2.31051e-12
-1.06085e-11
1.64079e-11
-1.67852e-11
1.68929e-11
-2.11766e-11
2.95372e-11
-3.80154e-11
4.24036e-11
-4.23354e-11
4.0854e-11
-4.08516e-11
4.13241e-11
-3.84897e-11
2.96636e-11
-1.66316e-11
4.19293e-12
3.44758e-12
-5.86715e-12
5.7649e-12
-6.57666e-12
9.41503e-12
-1.24117e-11
1.17771e-11
-4.94024e-12
-7.48705e-12
2.13973e-11
-3.16706e-11
3.44107e-11
-2.85702e-11
1.56389e-11
5.24671e-13
-1.46763e-11
2.12801e-11
-1.72317e-11
3.8751e-12
1.24998e-11
-2.40764e-11
2.60283e-11
-1.96531e-11
1.0294e-11
-2.83973e-12
-1.90953e-12
5.90248e-12
-1.05865e-11
1.46948e-11
-1.6164e-11
1.48191e-11
-1.37992e-11
1.73256e-11
-2.75667e-11
4.19166e-11
-5.39236e-11
5.67728e-11
-4.82417e-11
3.22244e-11
-1.62142e-11
5.64596e-12
-8.57779e-13
-1.97684e-12
6.34934e-12
-1.25517e-11
1.75929e-11
-1.82001e-11
1.2893e-11
-2.62569e-12
-1.0656e-11
2.45279e-11
-3.62611e-11
4.2561e-11
-4.12962e-11
3.31423e-11
-2.21888e-11
1.33939e-11
-9.89565e-12
1.13965e-11
-1.54854e-11
1.92752e-11
-2.10768e-11
2.03197e-11
-1.71801e-11
1.13851e-11
-2.5951e-12
-8.35243e-12
1.75783e-11
-1.95657e-11
1.10825e-11
4.51272e-12
-1.81951e-11
2.06956e-11
-9.25159e-12
-1.08347e-11
2.98571e-11
-4.0349e-11
4.06164e-11
-3.41845e-11
2.55621e-11
-1.71993e-11
8.81397e-12
2.14914e-13
-9.16285e-12
1.56438e-11
-1.76579e-11
1.50132e-11
-9.85236e-12
4.80208e-12
-1.1352e-12
-2.48793e-12
8.38445e-12
-1.75873e-11
2.82348e-11
-3.7258e-11
4.25881e-11
-4.44113e-11
4.36419e-11
-4.09586e-11
3.68299e-11
-3.27268e-11
3.01963e-11
-2.91727e-11
2.67248e-11
-1.9179e-11
5.16581e-12
1.20013e-11
-2.56692e-11
2.91806e-11
-2.02524e-11
2.51311e-12
1.60722e-11
-2.81672e-11
3.09028e-11
-2.67405e-11
2.00115e-11
-1.34674e-11
6.97254e-12
-8.76437e-14
-5.4873e-12
5.70259e-12
2.03909e-12
-1.54698e-11
2.72218e-11
-2.98243e-11
2.10063e-11
-5.74012e-12
-7.56974e-12
1.23843e-11
-7.82694e-12
-2.01826e-12
1.08765e-11
-1.41081e-11
1.04492e-11
-1.96077e-12
-8.51491e-12
1.90752e-11
-2.90854e-11
3.74022e-11
-4.20918e-11
4.1501e-11
-3.62262e-11
2.84778e-11
-2.03557e-11
1.22119e-11
-3.7407e-12
-4.74066e-12
1.16352e-11
-1.55593e-11
1.61945e-11
-1.44364e-11
1.0877e-11
-5.23155e-12
-3.50741e-12
1.51786e-11
-2.75097e-11
3.63964e-11
-3.87774e-11
3.50535e-11
-2.98543e-11
2.89516e-11
-3.52041e-11
4.55128e-11
-5.24981e-11
4.92029e-11
-3.45116e-11
1.38731e-11
4.44041e-12
-1.52764e-11
1.85789e-11
-1.72253e-11
1.28142e-11
-4.87364e-12
-7.13472e-12
2.08021e-11
-3.10224e-11
3.25035e-11
-2.37195e-11
8.53312e-12
4.90449e-12
-9.02421e-12
1.53619e-12
1.2666e-11
-2.52704e-11
2.99895e-11
-2.61721e-11
1.72504e-11
-7.54021e-12
-3.1442e-13
4.92864e-12
-5.62436e-12
2.08175e-12
4.67162e-12
-1.22844e-11
1.74726e-11
-1.76884e-11
1.20041e-11
-1.76128e-12
-1.04409e-11
2.16591e-11
-2.98554e-11
3.38359e-11
-3.34196e-11
2.90737e-11
-2.23213e-11
1.5247e-11
-9.95016e-12
6.91327e-12
-4.56765e-12
-1.35815e-15
8.05876e-12
-1.7324e-11
2.25196e-11
-1.9661e-11
9.45669e-12
2.63397e-12
-1.09464e-11
1.36655e-11
-1.39091e-11
1.64341e-11
-2.40623e-11
3.54341e-11
-4.63187e-11
5.23553e-11
-5.23279e-11
4.82918e-11
-4.31233e-11
3.67683e-11
-2.63111e-11
9.53505e-12
1.05436e-11
-2.61819e-11
2.97334e-11
-1.96445e-11
1.54585e-12
1.51665e-11
-2.33731e-11
2.1693e-11
-1.46018e-11
8.59196e-12
-8.20245e-12
1.35872e-11
-2.20455e-11
3.06451e-11
-3.82416e-11
4.43053e-11
-4.73604e-11
4.44155e-11
-3.34439e-11
1.57826e-11
2.99554e-12
-1.59299e-11
1.83008e-11
-1.04328e-11
-3.18169e-12
1.63595e-11
-2.43557e-11
2.49307e-11
-1.8728e-11
8.43754e-12
1.82912e-12
-8.32567e-12
8.91239e-12
-4.10976e-12
-3.63516e-12
1.07852e-11
-1.44168e-11
1.32631e-11
-8.69867e-12
3.54347e-12
-2.34102e-13
-9.33868e-13
6.77467e-13
9.38529e-13
-5.20508e-12
1.24156e-11
-2.01474e-11
2.37404e-11
-1.99097e-11
9.1678e-12
4.08644e-12
-1.46848e-11
1.96247e-11
-2.00631e-11
2.00324e-11
-2.33927e-11
2.99533e-11
-3.52094e-11
3.3639e-11
-2.39412e-11
1.02892e-11
7.94368e-13
-5.91316e-12
6.59522e-12
-7.15387e-12
1.01056e-11
-1.42576e-11
1.57825e-11
-1.20424e-11
3.918e-12
4.37377e-12
-9.06864e-12
1.0217e-11
-1.24577e-11
2.10029e-11
-3.69042e-11
5.47301e-11
-6.59123e-11
6.42678e-11
-5.03732e-11
3.05245e-11
-1.24574e-11
4.32039e-13
5.67236e-12
-8.33559e-12
9.00888e-12
-7.50446e-12
3.24226e-12
2.50937e-12
-6.84072e-12
6.8957e-12
-2.73103e-12
-1.98188e-12
1.33717e-12
8.72046e-12
-2.73231e-11
4.81451e-11
-6.32177e-11
6.72177e-11
-5.99633e-11
4.48661e-11
-2.66778e-11
9.62172e-12
2.70198e-12
-8.11154e-12
6.35958e-12
3.47089e-13
-8.56725e-12
1.46321e-11
-1.59995e-11
1.18316e-11
-4.02969e-12
-3.42935e-12
6.15353e-12
-2.01005e-12
-8.37588e-12
2.22785e-11
-3.63146e-11
4.64496e-11
-4.88603e-11
4.15059e-11
-2.64934e-11
9.55633e-12
2.64745e-12
-6.40964e-12
2.16176e-12
6.27266e-12
-1.43304e-11
1.86301e-11
-1.85227e-11
1.54078e-11
-1.12521e-11
6.64879e-12
-1.44557e-12
-3.64363e-12
5.7592e-12
-2.06073e-12
-7.33238e-12
1.78187e-11
-2.3178e-11
1.9686e-11
-9.14508e-12
-2.48027e-12
8.70865e-12
-6.91384e-12
-5.89717e-13
8.44305e-12
-1.26989e-11
1.32779e-11
-1.33652e-11
1.54083e-11
-1.84865e-11
1.86747e-11
-1.3093e-11
2.88477e-12
6.81164e-12
-1.10696e-11
9.00866e-12
-4.85969e-12
4.21464e-12
-9.53214e-12
1.77037e-11
-2.27268e-11
2.02543e-11
-1.12746e-11
1.01512e-12
4.95031e-12
-5.25266e-12
3.3025e-12
-4.37649e-12
1.05701e-11
-1.89297e-11
2.35562e-11
-2.08568e-11
1.21859e-11
-2.48392e-12
-4.53448e-12
9.06306e-12
-1.44608e-11
2.31802e-11
-3.40841e-11
4.23217e-11
-4.28576e-11
3.41314e-11
-2.01327e-11
7.86843e-12
-2.66599e-12
4.0086e-12
-6.62163e-12
4.95602e-12
2.09043e-12
-1.12609e-11
1.80568e-11
-2.04029e-11
1.88594e-11
-1.50837e-11
9.49785e-12
-1.04001e-12
-1.19098e-11
2.89014e-11
-4.6095e-11
5.70377e-11
-5.69373e-11
4.62287e-11
-3.09655e-11
1.83522e-11
-1.23032e-11
1.16897e-11
-1.28406e-11
1.22808e-11
-8.60214e-12
2.08926e-12
5.73783e-12
-1.33427e-11
1.94478e-11
-2.30378e-11
2.21417e-11
-1.42304e-11
-2.02214e-12
2.39493e-11
-4.52454e-11
5.89442e-11
-6.16269e-11
5.44709e-11
-4.19889e-11
2.91807e-11
-1.99839e-11
1.59344e-11
-1.61705e-11
1.78671e-11
-1.81782e-11
1.52261e-11
-8.52528e-12
-1.67945e-12
1.37498e-11
-2.43238e-11
2.8689e-11
-2.34759e-11
8.58545e-12
1.23343e-11
-3.39435e-11
5.09029e-11
-5.95273e-11
5.84207e-11
-4.93926e-11
3.66466e-11
-2.52087e-11
1.84563e-11
-1.73783e-11
2.04481e-11
-2.46011e-11
2.58471e-11
-2.11504e-11
9.94917e-12
4.86434e-12
-1.8586e-11
2.66863e-11
-2.66282e-11
1.77757e-11
-1.54108e-12
-1.88861e-11
3.8562e-11
-5.24736e-11
5.71679e-11
-5.24195e-11
4.10435e-11
-2.81976e-11
1.9157e-11
-1.72222e-11
2.16453e-11
-2.82572e-11
3.17061e-11
-2.87824e-11
1.94155e-11
-6.14304e-12
-7.80782e-12
1.91601e-11
-2.51285e-11
2.33953e-11
-1.31725e-11
-4.25036e-12
2.4858e-11
-4.29496e-11
5.28343e-11
-5.18593e-11
4.19212e-11
-2.90456e-11
1.97792e-11
-1.77909e-11
2.2037e-11
-2.85045e-11
3.27482e-11
-3.22916e-11
2.66684e-11
-1.69195e-11
4.4569e-12
8.73258e-12
-1.99582e-11
2.54304e-11
-2.1753e-11
7.89059e-12
1.27412e-11
-3.32214e-11
4.61476e-11
-4.79611e-11
4.04795e-11
-2.9627e-11
2.14112e-11
-1.90327e-11
2.17523e-11
-2.67158e-11
3.09117e-11
-3.27667e-11
3.15175e-11
-2.65166e-11
1.67678e-11
-2.55314e-12
-1.32498e-11
2.49092e-11
-2.67293e-11
1.63901e-11
2.74405e-12
-2.33211e-11
3.76884e-11
-4.21627e-11
3.81066e-11
-3.04514e-11
2.39919e-11
-2.11729e-11
2.16037e-11
-2.40163e-11
2.7483e-11
-3.16511e-11
3.5112e-11
-3.49945e-11
2.79512e-11
-1.32163e-11
-5.76993e-12
2.19005e-11
-2.8273e-11
2.19004e-11
-5.76962e-12
-1.32166e-11
2.79515e-11
-3.49946e-11
3.5112e-11
-3.16509e-11
2.74828e-11
-2.40162e-11
2.16037e-11
-2.1173e-11
2.3992e-11
-3.04516e-11
3.8107e-11
-4.21631e-11
3.76888e-11
-2.33214e-11
2.74415e-12
1.63902e-11
-2.67296e-11
2.49095e-11
-1.325e-11
-2.55315e-12
1.6768e-11
-2.65169e-11
3.15177e-11
-3.27669e-11
3.09117e-11
-2.67157e-11
2.17521e-11
-1.90324e-11
2.14108e-11
-2.96265e-11
4.04791e-11
-4.79608e-11
4.61474e-11
-3.32214e-11
1.27413e-11
7.89042e-12
-2.17529e-11
2.54304e-11
-1.99583e-11
8.73279e-12
4.45672e-12
-1.69194e-11
2.66683e-11
-3.22916e-11
3.27483e-11
-2.85048e-11
2.20374e-11
-1.77914e-11
1.97796e-11
-2.90459e-11
4.19214e-11
-5.18595e-11
5.28344e-11
-4.29496e-11
2.4858e-11
-4.25032e-12
-1.31725e-11
2.33954e-11
-2.51285e-11
1.91601e-11
-7.80784e-12
-6.14297e-12
1.94153e-11
-2.87821e-11
3.17058e-11
-2.82569e-11
2.16451e-11
-1.72221e-11
1.91568e-11
-2.81973e-11
4.10433e-11
-5.24194e-11
5.71679e-11
-5.24737e-11
3.85623e-11
-1.88864e-11
-1.54077e-12
1.77754e-11
-2.66279e-11
2.6686e-11
-1.85857e-11
4.86411e-12
9.94929e-12
-2.11504e-11
2.5847e-11
-2.4601e-11
2.04482e-11
-1.73784e-11
1.84565e-11
-2.52089e-11
3.66467e-11
-4.93925e-11
5.84204e-11
-5.95269e-11
5.09024e-11
-3.3943e-11
1.23338e-11
8.58597e-12
-2.34764e-11
2.86894e-11
-2.4324e-11
1.37498e-11
-1.67929e-12
-8.52551e-12
1.52263e-11
-1.81784e-11
1.78671e-11
-1.61705e-11
1.59345e-11
-1.99841e-11
2.9181e-11
-4.19893e-11
5.44714e-11
-6.16274e-11
5.89447e-11
-4.5246e-11
2.39499e-11
-2.02268e-12
-1.423e-11
2.21415e-11
-2.30378e-11
1.94479e-11
-1.33429e-11
5.73809e-12
2.08902e-12
-8.60192e-12
1.22806e-11
-1.28403e-11
1.16894e-11
-1.23029e-11
1.83519e-11
-3.09653e-11
4.62284e-11
-5.6937e-11
5.70371e-11
-4.60944e-11
2.89009e-11
-1.19093e-11
-1.04029e-12
9.49797e-12
-1.50837e-11
1.88593e-11
-2.04028e-11
1.80566e-11
-1.12605e-11
2.08999e-12
4.95638e-12
-6.62182e-12
4.00862e-12
-2.66597e-12
7.86852e-12
-2.0133e-11
3.41318e-11
-4.28582e-11
4.23223e-11
-3.40846e-11
2.31807e-11
-1.44611e-11
9.0634e-12
-4.53472e-12
-2.48386e-12
1.21861e-11
-2.08571e-11
2.35566e-11
-1.89299e-11
1.05702e-11
-4.37644e-12
3.30253e-12
-5.25289e-12
4.95075e-12
1.01456e-12
-1.1274e-11
2.02538e-11
-2.27264e-11
1.77033e-11
-9.53166e-12
4.21413e-12
-4.85927e-12
9.00841e-12
-1.10696e-11
6.81176e-12
2.88464e-12
-1.3093e-11
1.86747e-11
-1.84865e-11
1.54081e-11
-1.33648e-11
1.32774e-11
-1.26984e-11
8.4426e-12
-5.89393e-13
-6.91409e-12
8.70895e-12
-2.48067e-12
-9.1446e-12
1.96855e-11
-2.31777e-11
1.78185e-11
-7.33233e-12
-2.0607e-12
5.75915e-12
-3.64357e-12
-1.44567e-12
6.64898e-12
-1.12523e-11
1.54082e-11
-1.8523e-11
1.86303e-11
-1.43305e-11
6.27263e-12
2.16173e-12
-6.40945e-12
2.64708e-12
9.55681e-12
-2.64939e-11
4.15063e-11
-4.88605e-11
4.64496e-11
-3.63145e-11
2.22784e-11
-8.37576e-12
-2.01015e-12
6.15362e-12
-3.42941e-12
-4.02969e-12
1.18317e-11
-1.59998e-11
1.46324e-11
-8.56743e-12
3.47076e-13
6.35982e-12
-8.11195e-12
2.70244e-12
9.62133e-12
-2.66776e-11
4.4866e-11
-5.99633e-11
6.72178e-11
-6.32178e-11
4.81452e-11
-2.73232e-11
8.72054e-12
1.33713e-12
-1.98192e-12
-2.73093e-12
6.8956e-12
-6.8407e-12
2.50947e-12
3.24205e-12
-7.50419e-12
9.00863e-12
-8.3354e-12
5.67224e-12
4.32136e-13
-1.24575e-11
3.05246e-11
-5.03732e-11
6.42677e-11
-6.59122e-11
5.47299e-11
-3.6904e-11
2.10026e-11
-1.24575e-11
1.02167e-11
-9.06826e-12
4.37338e-12
3.91833e-12
-1.20426e-11
1.57826e-11
-1.42576e-11
1.01056e-11
-7.1539e-12
6.59527e-12
-5.91318e-12
7.9432e-13
1.02893e-11
-2.39414e-11
3.36392e-11
-3.52097e-11
2.99537e-11
-2.33932e-11
2.00329e-11
-2.00636e-11
1.96251e-11
-1.46851e-11
4.08668e-12
9.16767e-12
-1.99096e-11
2.37404e-11
-2.01474e-11
1.24156e-11
-5.20515e-12
9.38664e-13
6.77266e-13
-9.33602e-13
-2.34425e-13
3.54385e-12
-8.69909e-12
1.32635e-11
-1.44172e-11
1.07855e-11
-3.63548e-12
-4.10951e-12
8.91221e-12
-8.32555e-12
1.82905e-12
8.43758e-12
-1.8728e-11
2.49307e-11
-2.43556e-11
1.63593e-11
-3.18138e-12
-1.04333e-11
1.83013e-11
-1.59305e-11
2.996e-12
1.57822e-11
-3.34436e-11
4.44153e-11
-4.73602e-11
4.43052e-11
-3.82415e-11
3.06451e-11
-2.20455e-11
1.35872e-11
-8.20243e-12
8.59198e-12
-1.46019e-11
2.16932e-11
-2.33736e-11
1.51671e-11
1.54524e-12
-1.96439e-11
2.9733e-11
-2.61815e-11
1.05433e-11
9.53541e-12
-2.63114e-11
3.67685e-11
-4.31234e-11
4.82917e-11
-5.23278e-11
5.23552e-11
-4.63186e-11
3.54341e-11
-2.40621e-11
1.64338e-11
-1.39087e-11
1.3665e-11
-1.0946e-11
2.63359e-12
9.45708e-12
-1.96615e-11
2.25201e-11
-1.73246e-11
8.05922e-12
-1.66063e-15
-4.56754e-12
6.91334e-12
-9.95033e-12
1.52472e-11
-2.23215e-11
2.90738e-11
-3.34196e-11
3.38359e-11
-2.98554e-11
2.16592e-11
-1.04411e-11
-1.76111e-12
1.20039e-11
-1.76881e-11
1.74723e-11
-1.2284e-11
4.67126e-12
2.082e-12
-5.62447e-12
4.92864e-12
-3.14365e-13
-7.54026e-12
1.72504e-11
-2.61721e-11
2.99895e-11
-2.52704e-11
1.26661e-11
1.53612e-12
-9.02415e-12
4.90448e-12
8.53309e-12
-2.37194e-11
3.25034e-11
-3.10223e-11
2.0802e-11
-7.13454e-12
-4.87375e-12
1.28142e-11
-1.72252e-11
1.85787e-11
-1.52762e-11
4.44021e-12
1.38732e-11
-3.45116e-11
4.92028e-11
-5.24979e-11
4.55126e-11
-3.5204e-11
2.89516e-11
-2.98544e-11
3.50537e-11
-3.87776e-11
3.63966e-11
-2.75098e-11
1.51787e-11
-3.50747e-12
-5.23155e-12
1.08771e-11
-1.44366e-11
1.61947e-11
-1.55595e-11
1.16353e-11
-4.74058e-12
-3.74088e-12
1.22121e-11
-2.03558e-11
2.84779e-11
-3.62263e-11
4.15012e-11
-4.20922e-11
3.74027e-11
-2.90858e-11
1.90754e-11
-8.51497e-12
-1.96079e-12
1.04492e-11
-1.41081e-11
1.08765e-11
-2.01826e-12
-7.82681e-12
1.23841e-11
-7.56955e-12
-5.74022e-12
2.10064e-11
-2.98243e-11
2.7222e-11
-1.54701e-11
2.03943e-12
5.70228e-12
-5.48709e-12
-8.77121e-14
6.97248e-12
-1.34673e-11
2.00113e-11
-2.67403e-11
3.09026e-11
-2.81671e-11
1.6072e-11
2.51321e-12
-2.02525e-11
2.91807e-11
-2.56694e-11
1.20015e-11
5.16563e-12
-1.91789e-11
2.67249e-11
-2.91729e-11
3.01966e-11
-3.27271e-11
3.68302e-11
-4.09588e-11
4.36421e-11
-4.44114e-11
4.25882e-11
-3.7258e-11
2.82348e-11
-1.75872e-11
8.38438e-12
-2.48789e-12
-1.1352e-12
4.80207e-12
-9.85239e-12
1.50133e-11
-1.76581e-11
1.5644e-11
-9.16297e-12
2.14919e-13
8.8141e-12
-1.71996e-11
2.55625e-11
-3.41849e-11
4.06167e-11
-4.03493e-11
2.98573e-11
-1.08347e-11
-9.25154e-12
2.06955e-11
-1.81948e-11
4.51231e-12
1.1083e-11
-1.95661e-11
1.75785e-11
-8.35254e-12
-2.59509e-12
1.13851e-11
-1.71802e-11
2.03198e-11
-2.1077e-11
1.92755e-11
-1.54858e-11
1.13968e-11
-9.89591e-12
1.33942e-11
-2.21891e-11
3.31426e-11
-4.12965e-11
4.25613e-11
-3.62612e-11
2.45279e-11
-1.0656e-11
-2.62571e-12
1.28929e-11
-1.81998e-11
1.75924e-11
-1.25511e-11
6.34871e-12
-1.9763e-12
-8.58104e-13
5.64605e-12
-1.62141e-11
3.22242e-11
-4.82415e-11
5.67727e-11
-5.39237e-11
4.19168e-11
-2.75669e-11
1.73258e-11
-1.37993e-11
1.48192e-11
-1.6164e-11
1.46947e-11
-1.05864e-11
5.90232e-12
-1.90938e-12
-2.83982e-12
1.02941e-11
-1.96532e-11
2.60285e-11
-2.40768e-11
1.25002e-11
3.87459e-12
-1.72313e-11
2.12798e-11
-1.46763e-11
5.24942e-13
1.56385e-11
-2.85698e-11
3.44104e-11
-3.16706e-11
2.13975e-11
-7.48747e-12
-4.93973e-12
1.17766e-11
-1.24113e-11
9.41485e-12
-6.57665e-12
5.76503e-12
-5.86734e-12
3.44778e-12
4.19278e-12
-1.66315e-11
2.96636e-11
-3.84897e-11
4.13242e-11
-4.08517e-11
4.0854e-11
-4.23354e-11
4.24036e-11
-3.80154e-11
2.95371e-11
-2.11765e-11
1.68928e-11
-1.6785e-11
1.64076e-11
-1.06083e-11
-2.3107e-12
1.84269e-11
-3.06413e-11
3.27638e-11
-2.33173e-11
5.771e-12
1.32441e-11
-2.72719e-11
3.21124e-11
-2.71743e-11
1.48501e-11
3.22929e-13
-1.33512e-11
1.99168e-11
-1.83346e-11
1.04508e-11
-1.21395e-12
-4.8007e-12
6.3959e-12
-6.25224e-12
7.2511e-12
-9.36905e-12
9.56758e-12
-5.57183e-12
-1.62848e-12
8.3396e-12
-1.20562e-11
1.37573e-11
-1.72609e-11
2.52214e-11
-3.63882e-11
4.57383e-11
-4.85308e-11
4.38789e-11
-3.57939e-11
2.9878e-11
-2.93638e-11
3.24626e-11
-3.38472e-11
2.81377e-11
-1.40181e-11
-4.93971e-12
2.22208e-11
-3.23347e-11
3.26659e-11
-2.36133e-11
7.44929e-12
1.13982e-11
-2.68773e-11
3.3191e-11
-2.85961e-11
1.66689e-11
-4.20903e-12
-3.70265e-12
6.24603e-12
-6.07063e-12
5.50215e-12
-4.52944e-12
1.37025e-12
4.3704e-12
-1.03879e-11
1.28862e-11
-1.02073e-11
4.33881e-12
3.33509e-13
-9.46962e-13
-1.58003e-12
2.77077e-12
1.81628e-12
-1.31971e-11
2.73529e-11
-3.80345e-11
4.11125e-11
-3.78653e-11
3.33077e-11
-3.2194e-11
3.54748e-11
-4.08296e-11
4.46536e-11
-4.40266e-11
3.67217e-11
-2.19402e-11
1.37614e-12
1.94958e-11
-3.32376e-11
3.41884e-11
-2.26357e-11
4.78387e-12
1.09441e-11
-1.94385e-11
2.07681e-11
-1.82953e-11
1.4539e-11
-9.77769e-12
3.12163e-12
4.83059e-12
-1.15491e-11
1.37601e-11
-1.02519e-11
3.02508e-12
3.44621e-12
-5.75769e-12
4.14837e-12
-2.51447e-12
4.48632e-12
-1.00668e-11
1.50872e-11
-1.48681e-11
7.609e-12
4.38798e-12
-1.70741e-11
2.6976e-11
-3.25883e-11
3.36392e-11
-3.10806e-11
2.73168e-11
-2.6556e-11
3.2282e-11
-4.39515e-11
5.52696e-11
-5.78279e-11
4.68567e-11
-2.52465e-11
1.4512e-12
1.57467e-11
-2.23639e-11
1.98827e-11
-1.29657e-11
5.53979e-12
8.22876e-13
-6.47492e-12
1.12368e-11
-1.35718e-11
1.13886e-11
-4.52165e-12
-4.7252e-12
1.27549e-11
-1.75027e-11
1.93456e-11
-2.02393e-11
2.09951e-11
-2.03838e-11
1.61468e-11
-7.80002e-12
-2.76803e-12
1.25777e-11
-1.98455e-11
2.35999e-11
-2.24841e-11
1.44099e-11
5.8012e-13
-1.82046e-11
3.08941e-11
-3.30722e-11
2.54799e-11
-1.55329e-11
1.20101e-11
-1.91187e-11
3.34861e-11
-4.71524e-11
5.28257e-11
-4.82699e-11
3.61403e-11
-2.15589e-11
8.85236e-12
-4.00932e-13
-3.62557e-12
4.14197e-12
-2.63397e-12
4.53313e-13
9.85063e-13
-9.32163e-13
-3.13359e-13
1.19218e-12
-7.94672e-13
3.57653e-13
-3.26778e-12
1.18954e-11
-2.50965e-11
3.8136e-11
-4.63005e-11
4.78065e-11
-4.42023e-11
3.72387e-11
-2.67761e-11
1.14312e-11
7.56923e-12
-2.46851e-11
3.23582e-11
-2.68616e-11
1.13196e-11
6.05443e-12
-1.77672e-11
2.09114e-11
-1.76792e-11
1.24051e-11
-9.06155e-12
9.48273e-12
-1.3485e-11
1.89904e-11
-2.30931e-11
2.29295e-11
-1.75849e-11
9.00692e-12
-1.86391e-12
6.13558e-13
-6.48986e-12
1.57511e-11
-2.19453e-11
1.99133e-11
-9.82451e-12
-2.85453e-12
1.08182e-11
-1.05109e-11
4.40386e-12
1.02078e-12
-6.54476e-13
-6.3943e-12
1.75789e-11
-3.03482e-11
4.3207e-11
-5.47404e-11
6.18873e-11
-6.12276e-11
5.14778e-11
-3.54897e-11
1.84719e-11
-4.86681e-12
-4.10813e-12
9.1686e-12
-1.0834e-11
8.40674e-12
-2.10691e-12
-5.53391e-12
1.04879e-11
-1.07389e-11
7.76913e-12
-5.16535e-12
4.66693e-12
-4.39325e-12
3.61071e-15
1.1067e-11
-2.67223e-11
4.01755e-11
-4.41656e-11
3.54058e-11
-1.70255e-11
-3.6028e-12
1.87546e-11
-2.42927e-11
2.05151e-11
-1.12082e-11
1.04132e-12
5.99144e-12
-7.88714e-12
4.94908e-12
-4.54512e-13
-6.46775e-13
-5.49218e-12
1.78463e-11
-3.0479e-11
3.63561e-11
-3.31535e-11
2.4816e-11
-1.83077e-11
1.75878e-11
-2.118e-11
2.41459e-11
-2.30388e-11
1.80812e-11
-1.19907e-11
6.60234e-12
-2.15444e-12
-1.39581e-12
2.59737e-12
6.22663e-14
-5.93226e-12
1.11532e-11
-1.12564e-11
3.99822e-12
9.20651e-12
-2.50728e-11
4.03417e-11
-5.29792e-11
6.11527e-11
-6.27786e-11
5.59926e-11
-4.15147e-11
2.34705e-11
-8.0917e-12
-2.08679e-13
1.27868e-12
8.56406e-13
-1.5913e-12
-8.80683e-13
3.96855e-12
-3.24481e-12
-3.69921e-12
1.42927e-11
-2.25398e-11
2.27718e-11
-1.33553e-11
-3.25683e-12
2.2093e-11
-3.78615e-11
4.56831e-11
-4.2548e-11
2.88437e-11
-9.86494e-12
-6.13269e-12
1.23437e-11
-8.44796e-12
7.10708e-13
2.76935e-12
1.10049e-12
-8.55514e-12
1.2623e-11
-9.42498e-12
3.61623e-13
9.91158e-12
-1.76648e-11
2.14921e-11
-2.17412e-11
1.89585e-11
-1.43361e-11
1.01875e-11
-9.69754e-12
1.42107e-11
-2.15123e-11
2.65031e-11
-2.52916e-11
1.80757e-11
-9.06115e-12
2.73947e-12
-1.08575e-12
2.89034e-12
-6.01347e-12
9.02245e-12
-1.1729e-11
1.35569e-11
-1.27105e-11
6.51372e-12
6.01696e-12
-2.27007e-11
3.85522e-11
-4.8973e-11
5.21872e-11
-5.00018e-11
4.55259e-11
-4.0913e-11
3.5975e-11
-2.95629e-11
2.11308e-11
-1.17645e-11
2.9873e-12
3.84503e-12
-7.46502e-12
5.68349e-12
3.16486e-12
-1.7616e-11
3.11563e-11
-3.51288e-11
2.42193e-11
-1.15076e-12
-2.47325e-11
4.32731e-11
-5.00562e-11
4.75086e-11
-4.1384e-11
3.56248e-11
-3.10694e-11
2.67669e-11
-2.1998e-11
1.59237e-11
-7.53851e-12
-3.38775e-12
1.39731e-11
-1.8691e-11
1.27148e-11
3.14205e-12
-2.15431e-11
3.24977e-11
-3.03307e-11
1.70489e-11
-4.26569e-13
-1.20734e-11
1.72325e-11
-1.64004e-11
1.25199e-11
-8.21859e-12
4.97319e-12
-3.63511e-12
3.96321e-12
-4.59823e-12
3.20375e-12
1.6198e-12
-8.94397e-12
1.51471e-11
-1.64711e-11
1.16595e-11
-3.31203e-12
-4.31399e-12
8.16182e-12
-8.49461e-12
7.79812e-12
-8.68948e-12
1.16925e-11
-1.56445e-11
1.91253e-11
-2.21545e-11
2.52837e-11
-2.80845e-11
2.82413e-11
-2.37086e-11
1.49632e-11
-5.78538e-12
5.4634e-13
-1.36597e-12
6.6979e-12
-1.33279e-11
1.85774e-11
-2.14333e-11
2.10532e-11
-1.61556e-11
5.9348e-12
7.52879e-12
-1.98e-11
2.71917e-11
-3.04671e-11
3.394e-11
-4.12116e-11
5.06428e-11
-5.61164e-11
5.17072e-11
-3.70263e-11
1.75434e-11
-9.7359e-13
-7.57966e-12
6.80705e-12
1.78745e-12
-1.53624e-11
2.91838e-11
-3.72241e-11
3.46085e-11
-2.16318e-11
4.18843e-12
9.90049e-12
-1.70274e-11
2.00307e-11
-2.53276e-11
3.64444e-11
-5.07005e-11
6.08588e-11
-6.08262e-11
4.9309e-11
-3.00997e-11
9.21289e-12
7.15678e-12
-1.43192e-11
1.00739e-11
3.53771e-12
-2.03614e-11
3.22667e-11
-3.38371e-11
2.54265e-11
-1.29278e-11
2.99405e-12
1.58091e-12
-3.54332e-12
7.81988e-12
-1.73049e-11
3.02421e-11
-4.17304e-11
4.65983e-11
-4.24838e-11
3.04051e-11
-1.41947e-11
-1.35698e-12
1.15736e-11
-1.35034e-11
6.99212e-12
4.34087e-12
-1.47453e-11
1.92461e-11
-1.69369e-11
1.09808e-11
-6.1603e-12
4.86866e-12
-5.77816e-12
5.24534e-12
-1.07636e-12
-5.80963e-12
1.22472e-11
-1.58928e-11
1.62681e-11
-1.40802e-11
9.47779e-12
-2.58084e-12
-5.36039e-12
1.12123e-11
-1.21265e-11
7.89047e-12
-1.85118e-12
-1.94694e-12
1.93448e-12
-2.33676e-13
-2.48984e-13
-1.34658e-12
3.33547e-12
-4.46524e-12
5.58854e-12
-8.71198e-12
1.36897e-11
-1.7563e-11
1.6842e-11
-1.14473e-11
5.11134e-12
-2.43971e-12
4.57933e-12
-8.87745e-12
1.17533e-11
-1.23113e-11
1.19429e-11
-1.19471e-11
1.16553e-11
-1.01434e-11
8.05399e-12
-7.5405e-12
9.02726e-12
-9.47258e-12
3.94472e-12
9.32376e-12
-2.63004e-11
3.9136e-11
-4.22806e-11
3.60807e-11
-2.57544e-11
1.65472e-11
-1.09817e-11
8.97363e-12
-1.00102e-11
1.335e-11
-1.74233e-11
1.94439e-11
-1.77724e-11
1.39646e-11
-1.25323e-11
1.65341e-11
-2.38286e-11
2.72175e-11
-2.00638e-11
1.52539e-12
2.22511e-11
-4.26032e-11
5.32886e-11
-5.31709e-11
4.4823e-11
-3.25507e-11
2.06471e-11
-1.30263e-11
1.17313e-11
-1.56632e-11
2.02978e-11
-2.10083e-11
1.68548e-11
-1.21566e-11
1.27949e-11
-2.11269e-11
3.29514e-11
-4.01382e-11
3.57409e-11
-1.86202e-11
-6.52582e-12
3.19086e-11
-5.06307e-11
5.85421e-11
-5.52352e-11
4.37472e-11
-3.00304e-11
2.01981e-11
-1.74536e-11
1.98658e-11
-2.22319e-11
2.00593e-11
-1.3682e-11
8.08624e-12
-9.33187e-12
1.93017e-11
-3.39603e-11
4.53516e-11
-4.65166e-11
3.4707e-11
-1.24432e-11
-1.4257e-11
3.79303e-11
-5.2486e-11
5.51211e-11
-4.78398e-11
3.63488e-11
-2.73076e-11
2.40882e-11
-2.50441e-11
2.50009e-11
-2.01407e-11
1.13243e-11
-4.03343e-12
4.0643e-12
-1.35008e-11
2.88648e-11
-4.3336e-11
5.00074e-11
-4.50753e-11
2.86183e-11
-4.61943e-12
-2.04308e-11
3.92836e-11
-4.73356e-11
4.49313e-11
-3.74452e-11
3.13006e-11
-2.96952e-11
3.0461e-11
-2.88125e-11
2.16576e-11
-1.08534e-11
1.8207e-12
5.08192e-14
6.92806e-12
-2.04971e-11
3.57073e-11
-4.70179e-11
4.93455e-11
-4.00176e-11
2.0337e-11
3.64806e-12
-2.39293e-11
3.47497e-11
-3.62636e-11
3.34732e-11
-3.20331e-11
3.34619e-11
-3.48737e-11
3.21145e-11
-2.39761e-11
1.28522e-11
-3.10656e-12
-1.60999e-12
-8.76706e-13
1.07079e-11
-2.57842e-11
4.09408e-11
-4.9373e-11
4.57793e-11
-3.04517e-11
9.51381e-12
8.74971e-12
-1.97012e-11
2.43161e-11
-2.69275e-11
3.04498e-11
-3.44929e-11
3.63815e-11
-3.41572e-11
2.75941e-11
-1.80136e-11
7.29028e-12
1.5416e-12
-4.45851e-12
-1.99133e-12
1.70543e-11
-3.46736e-11
4.61514e-11
-4.60305e-11
3.52298e-11
-1.97804e-11
5.63896e-12
4.74477e-12
-1.2582e-11
1.95936e-11
-2.62024e-11
3.15396e-11
-3.50195e-11
3.60412e-11
-3.33791e-11
2.52992e-11
-1.2336e-11
-1.06823e-12
7.82625e-12
-3.26923e-12
-1.11832e-11
2.82718e-11
-4.00814e-11
4.27187e-11
-3.76549e-11
2.84978e-11
-1.80978e-11
8.34352e-12
-2.04985e-12
8.31232e-14
1.70516e-13
5.6748e-14
2.60532e-14
4.08105e-15
0
