0
2.49516e-16
3.63478e-15
2.73876e-14
-6.76462e-14
1.15647e-12
-2.60316e-12
-6.53601e-13
8.17128e-12
-3.8912e-12
-1.39475e-11
2.54518e-11
-1.82644e-11
4.06931e-12
-1.86264e-12
1.0952e-11
-1.28147e-11
-1.91749e-12
1.90739e-11
-2.03617e-11
8.20464e-12
-1.82895e-12
9.64422e-12
-1.78478e-11
1.02697e-11
8.00124e-12
-1.72995e-11
1.00029e-11
-5.66997e-13
4.43743e-12
-1.6485e-11
1.82174e-11
-4.17588e-12
-1.02655e-11
9.58467e-12
8.02324e-13
-2.96637e-12
-8.45245e-12
1.85443e-11
-1.30794e-11
-1.86907e-12
7.86659e-12
6.23978e-13
-9.23985e-12
3.61081e-12
1.04771e-11
-1.51321e-11
4.71283e-12
6.0912e-12
-2.42805e-12
-1.06082e-11
1.46298e-11
-3.27976e-12
-9.13547e-12
6.89506e-12
5.2496e-12
-8.46766e-12
-4.54553e-12
1.87708e-11
-1.69513e-11
2.79918e-12
3.77922e-12
5.62076e-12
-1.59193e-11
8.64602e-12
1.19042e-11
-2.3518e-11
1.54599e-11
-3.19168e-12
6.59073e-12
-2.17896e-11
2.51639e-11
-6.02541e-12
-1.76071e-11
2.21594e-11
-1.04006e-11
6.82788e-12
-2.27456e-11
3.85619e-11
-2.99159e-11
1.59688e-12
1.74667e-11
-1.32146e-11
4.7689e-12
-1.66274e-11
4.21165e-11
-5.05855e-11
2.87795e-11
1.2224e-13
-7.91361e-12
-7.58827e-13
-3.70756e-12
3.19634e-11
-5.81825e-11
5.34976e-11
-2.52027e-11
6.17959e-12
-9.90568e-12
1.30013e-11
9.55636e-12
-4.68427e-11
6.40806e-11
-4.86515e-11
2.54011e-11
-2.13682e-11
2.8736e-11
-1.8048e-11
-1.84558e-11
5.32361e-11
-5.8851e-11
4.2237e-11
-3.23242e-11
3.89349e-11
-4.07831e-11
1.67909e-11
2.2815e-11
-4.853e-11
4.81045e-11
-3.89656e-11
4.11955e-11
-5.02239e-11
4.42884e-11
-1.52887e-11
-1.94637e-11
3.77208e-11
-3.77762e-11
3.6196e-11
-4.40581e-11
5.21862e-11
-4.37826e-11
1.64249e-11
1.3098e-11
-2.74187e-11
2.70812e-11
-2.76659e-11
3.8307e-11
-4.88926e-11
4.17967e-11
-1.55683e-11
-1.04494e-11
1.77672e-11
-1.1393e-11
1.24192e-11
-2.90465e-11
4.32492e-11
-3.39039e-11
6.41229e-12
1.13224e-11
-4.66631e-12
-8.59705e-12
2.47116e-12
2.04577e-11
-3.14399e-11
1.46971e-11
9.29596e-12
-1.04343e-11
-1.08262e-11
2.41868e-11
-1.13303e-11
-9.50009e-12
9.06911e-12
1.19225e-11
-2.36979e-11
7.41502e-12
1.98923e-11
-2.91418e-11
1.70147e-11
-7.75889e-12
1.81954e-11
-3.52818e-11
3.38549e-11
-9.45347e-12
-1.74561e-11
2.74865e-11
-2.42018e-11
2.52632e-11
-3.81778e-11
5.0404e-11
-4.46901e-11
1.911e-11
1.00579e-11
-2.5893e-11
2.81456e-11
-3.16752e-11
4.61081e-11
-6.11607e-11
5.63834e-11
-2.71093e-11
-6.60345e-12
2.17618e-11
-2.03701e-11
2.52288e-11
-4.73286e-11
6.71355e-11
-5.83966e-11
2.38049e-11
5.63631e-12
-9.72684e-12
3.61921e-12
-1.48088e-11
4.30106e-11
-5.89827e-11
4.31968e-11
-1.23043e-11
-2.83092e-12
-4.07002e-12
9.96072e-12
3.74013e-12
-2.65857e-11
3.37762e-11
-1.85103e-11
-9.65335e-13
4.46336e-12
7.3228e-12
-1.71388e-11
1.26869e-11
-9.65463e-14
-4.6977e-12
-5.43205e-12
1.93504e-11
-1.88523e-11
-9.82604e-13
2.40188e-11
-3.05682e-11
2.09948e-11
-1.603e-11
2.89326e-11
-4.50768e-11
3.7889e-11
-4.33593e-12
-2.83772e-11
3.57976e-11
-2.6847e-11
2.93057e-11
-5.01062e-11
6.39344e-11
-4.67553e-11
7.83329e-12
2.15501e-11
-2.68359e-11
2.39449e-11
-3.38683e-11
5.3744e-11
-6.17496e-11
4.47598e-11
-1.36283e-11
-1.02179e-11
1.67721e-11
-1.47903e-11
1.89804e-11
-3.29228e-11
4.38598e-11
-3.64511e-11
1.17722e-11
9.6434e-12
-9.51356e-12
-5.91287e-12
1.2008e-11
2.53826e-12
-1.97729e-11
1.54019e-11
6.9357e-12
-1.80136e-11
3.35309e-13
2.83213e-11
-3.79883e-11
2.41701e-11
-1.08396e-11
1.61794e-11
-2.91384e-11
2.5097e-11
2.23942e-12
-3.43313e-11
4.97662e-11
-4.5966e-11
3.69394e-11
-3.54456e-11
3.91154e-11
-3.37337e-11
8.98298e-12
2.70218e-11
-5.20078e-11
5.15557e-11
-3.63677e-11
2.98567e-11
-3.82775e-11
4.1087e-11
-1.86013e-11
-1.8691e-11
3.93746e-11
-2.98906e-11
1.06193e-11
-8.59079e-12
2.30927e-11
-3.00217e-11
1.53912e-11
6.71186e-12
-1.30851e-11
-1.36516e-12
1.99903e-11
-2.4487e-11
1.22898e-11
3.59249e-12
-9.3514e-12
4.54612e-12
-3.68242e-12
2.00387e-11
-4.72135e-11
6.09962e-11
-4.60685e-11
1.58537e-11
2.16946e-12
-1.07275e-12
2.37209e-12
-2.55351e-11
5.87268e-11
-7.17446e-11
5.30951e-11
-2.2965e-11
6.6e-12
-6.04276e-12
3.4129e-12
1.32374e-11
-3.61407e-11
4.73618e-11
-3.76427e-11
1.49321e-11
1.93853e-12
-4.37111e-13
-1.27777e-11
1.77285e-11
-5.04629e-12
-1.03457e-11
6.36384e-12
1.55064e-11
-2.82533e-11
1.18232e-11
2.07215e-11
-3.96324e-11
3.47926e-11
-2.48953e-11
2.93981e-11
-4.35235e-11
4.57648e-11
-2.4497e-11
-1.03926e-11
3.84917e-11
-4.7389e-11
4.11351e-11
-3.49934e-11
3.91439e-11
-4.59817e-11
3.65616e-11
-5.22643e-12
-2.77769e-11
3.60814e-11
-1.92131e-11
3.47363e-12
-8.91205e-12
2.47193e-11
-2.6179e-11
8.05328e-12
9.07621e-12
-5.38314e-12
-1.60379e-11
3.48876e-11
-3.55843e-11
1.94309e-11
-6.73029e-13
-7.60411e-12
6.09496e-12
-9.97377e-12
3.12549e-11
-6.01023e-11
7.02656e-11
-4.92113e-11
1.5145e-11
3.54718e-12
-2.53603e-12
3.41638e-12
-2.24968e-11
4.83896e-11
-5.70373e-11
4.03136e-11
-1.34123e-11
-3.17092e-12
1.83024e-12
8.56743e-12
-1.27967e-11
3.53384e-12
9.60458e-12
-9.08615e-12
-8.5999e-12
2.31636e-11
-1.20098e-11
-2.09524e-11
4.72153e-11
-4.74985e-11
3.2786e-11
-2.67015e-11
3.41264e-11
-3.76487e-11
2.08991e-11
1.24711e-11
-4.38126e-11
5.61697e-11
-4.71248e-11
2.97652e-11
-2.16357e-11
2.64323e-11
-2.85291e-11
1.16115e-11
1.68675e-11
-3.04539e-11
1.54237e-11
1.05098e-11
-1.92385e-11
4.49662e-12
1.48472e-11
-2.091e-11
1.5482e-11
-1.34914e-11
2.46799e-11
-4.43581e-11
5.62322e-11
-4.52702e-11
1.28058e-11
2.00977e-11
-3.24378e-11
2.67333e-11
-2.56041e-11
4.10346e-11
-5.72481e-11
5.05331e-11
-2.03546e-11
-9.82449e-12
1.90883e-11
-8.6885e-12
-4.87162e-12
7.40752e-12
2.05754e-12
-1.24189e-11
1.07418e-11
2.20971e-12
-8.3265e-12
-9.26124e-12
4.23635e-11
-6.26121e-11
5.29676e-11
-2.69262e-11
9.49809e-12
-7.34184e-12
5.30993e-12
1.06955e-11
-3.73172e-11
5.80899e-11
-5.85127e-11
3.72224e-11
-9.28427e-12
-4.35562e-12
-3.18657e-12
1.55146e-11
-1.21143e-11
-5.21439e-12
1.37582e-11
-3.27791e-13
-2.0732e-11
2.43789e-11
-3.27686e-12
-2.76286e-11
4.83356e-11
-5.03656e-11
3.97471e-11
-3.06598e-11
3.19161e-11
-3.57391e-11
2.35867e-11
9.7495e-12
-4.38318e-11
5.23734e-11
-3.37965e-11
1.17451e-11
-6.70685e-12
1.56329e-11
-2.20318e-11
1.63991e-11
-4.03525e-12
-1.90792e-12
-8.4966e-12
3.07872e-11
-4.50672e-11
3.27822e-11
9.59009e-13
-3.01623e-11
3.67352e-11
-3.01791e-11
3.15123e-11
-4.53926e-11
5.59068e-11
-4.728e-11
1.98839e-11
1.11793e-11
-2.78608e-11
2.15691e-11
-2.11326e-12
-8.9056e-12
6.54859e-14
1.56378e-11
-1.73479e-11
4.10181e-12
3.01001e-12
1.19408e-11
-4.0741e-11
6.09638e-11
-5.81729e-11
3.49421e-11
-6.36536e-12
-1.11881e-11
1.29324e-11
-1.16067e-11
2.31117e-11
-4.447e-11
5.34364e-11
-3.59094e-11
5.07028e-12
1.26367e-11
-5.85676e-12
-1.45214e-11
3.00925e-11
-3.07203e-11
1.92316e-11
-8.41797e-12
9.09981e-12
-1.61493e-11
1.01453e-11
1.88803e-11
-5.46688e-11
6.97127e-11
-5.55486e-11
2.90165e-11
-1.12646e-11
8.22528e-12
-1.1611e-11
9.62223e-12
2.76208e-12
-1.77612e-11
1.886e-11
3.80603e-13
-2.32909e-11
2.43103e-11
1.80726e-12
-3.4288e-11
5.0247e-11
-4.67783e-11
3.67036e-11
-3.20957e-11
3.45122e-11
-3.52403e-11
2.16744e-11
8.49906e-12
-3.82992e-11
4.4326e-11
-2.34186e-11
-2.09161e-12
8.931e-12
3.55245e-12
-1.90728e-11
2.46757e-11
-2.08883e-11
1.73142e-11
-2.43374e-11
4.22979e-11
-5.57629e-11
4.48724e-11
-9.13865e-12
-2.77239e-11
4.17977e-11
-3.32988e-11
2.06286e-11
-1.79259e-11
2.39282e-11
-2.85337e-11
2.23838e-11
-5.80899e-12
-7.41032e-12
-1.14358e-13
2.7862e-11
-5.26357e-11
5.1385e-11
-2.58423e-11
-3.09106e-12
1.88535e-11
-2.16732e-11
2.15494e-11
-2.80831e-11
4.20099e-11
-5.17481e-11
4.17294e-11
-1.25793e-11
-1.35205e-11
1.42425e-11
8.20349e-12
-3.187e-11
3.87343e-11
-2.83017e-11
1.14441e-11
-2.54364e-13
-1.07419e-12
1.20139e-12
-1.48325e-11
4.28365e-11
-6.52688e-11
6.11859e-11
-3.30382e-11
3.18079e-12
9.08927e-12
-1.71234e-12
-1.4247e-11
2.40168e-11
-1.95048e-11
7.42003e-12
-3.89087e-12
1.39351e-11
-2.16628e-11
8.22619e-12
2.45877e-11
-5.58481e-11
6.65391e-11
-5.32408e-11
2.71058e-11
-6.08159e-12
3.11258e-12
-1.35468e-11
1.9125e-11
-9.74153e-12
-3.09552e-12
1.90497e-12
1.46029e-11
-3.02495e-11
2.86746e-11
-5.19986e-12
-3.02187e-11
5.76564e-11
-6.01069e-11
4.09269e-11
-2.14089e-11
1.76496e-11
-2.35441e-11
2.32207e-11
-1.10212e-11
-4.09092e-12
9.46655e-12
2.23202e-12
-2.5574e-11
4.17146e-11
-3.17855e-11
-1.83372e-12
3.56713e-11
-4.90745e-11
4.29383e-11
-3.19133e-11
2.73908e-11
-3.04472e-11
3.34028e-11
-2.5598e-11
5.10376e-12
1.28838e-11
-9.35548e-12
-1.602e-11
4.14505e-11
-4.60106e-11
2.64414e-11
4.13909e-12
-2.92302e-11
3.70312e-11
-3.05792e-11
2.46819e-11
-3.11973e-11
4.14846e-11
-3.89026e-11
1.86879e-11
3.7453e-12
-1.17388e-11
-2.1089e-12
2.91513e-11
-5.18636e-11
5.06823e-11
-2.55733e-11
-5.07115e-12
1.9968e-11
-1.98686e-11
1.73381e-11
-2.32456e-11
3.38437e-11
-4.09965e-11
3.36014e-11
-1.21691e-11
-9.81566e-12
1.00398e-11
1.44503e-11
-4.59989e-11
6.00838e-11
-5.08542e-11
2.62649e-11
-2.76308e-12
-8.8176e-12
6.92181e-12
-5.36733e-12
1.4999e-11
-3.09412e-11
3.5002e-11
-2.04168e-11
-2.03097e-12
1.40089e-11
-4.70851e-12
-2.37846e-11
5.52152e-11
-6.73712e-11
5.28038e-11
-2.55689e-11
7.62571e-12
-3.96614e-12
6.86818e-12
-4.41341e-12
-4.695e-12
1.70809e-11
-1.86486e-11
4.60352e-12
1.7723e-11
-2.3195e-11
4.04548e-12
3.16978e-11
-5.85661e-11
6.61466e-11
-4.94047e-11
2.51217e-11
-7.08898e-12
9.32843e-12
-1.68862e-11
1.90192e-11
-7.90979e-12
9.75329e-13
-2.75252e-12
1.84085e-11
-3.16489e-11
3.34002e-11
-8.36461e-12
-2.80016e-11
5.72134e-11
-5.63647e-11
3.69233e-11
-1.19038e-11
1.87667e-12
-5.46942e-12
2.06611e-11
-2.86242e-11
2.63435e-11
-1.81746e-11
2.21596e-11
-3.55663e-11
4.69343e-11
-4.02362e-11
1.54067e-11
1.83101e-11
-4.17532e-11
3.91035e-11
-1.42985e-11
-1.23363e-11
1.81853e-11
-5.40821e-12
-1.73436e-11
3.16979e-11
-3.7329e-11
3.07373e-11
-3.1496e-11
3.74938e-11
-4.97619e-11
4.16139e-11
-2.21725e-11
-8.1614e-12
1.82748e-11
-1.41178e-11
-1.6474e-11
3.83946e-11
-4.82113e-11
2.17769e-11
4.97672e-12
-3.24535e-11
3.20548e-11
-3.13513e-11
1.80949e-11
-2.43039e-11
2.55512e-11
-3.43421e-11
1.73623e-11
-6.8654e-12
-4.85235e-12
-1.51685e-11
3.54008e-11
-6.42261e-11
6.1163e-11
-4.32988e-11
9.45637e-13
1.97367e-11
-2.62629e-11
5.7959e-12
6.94863e-12
-1.73388e-11
7.05196e-12
2.8639e-12
-1.22382e-11
7.60444e-12
-7.47895e-12
1.8073e-11
-3.94855e-11
5.75016e-11
-5.68007e-11
3.91518e-11
-5.18306e-12
-1.28819e-11
1.31407e-11
1.90582e-11
-4.11021e-11
5.98429e-11
-4.18858e-11
2.76069e-11
4.50445e-12
-2.20364e-12
1.04279e-11
4.82706e-12
1.55615e-11
-1.12882e-11
2.95172e-11
-4.57143e-12
5.64477e-12
2.2691e-11
4.27899e-12
-1.45066e-11
6.66377e-11
-6.01433e-11
6.811e-11
-1.77045e-11
1.08113e-11
2.11806e-11
1.28601e-11
-1.36647e-11
4.9075e-11
-2.53702e-11
3.6112e-11
-6.42833e-12
2.40224e-11
-5.03412e-12
2.00855e-11
1.39008e-11
-1.85591e-11
4.5905e-11
-2.14173e-11
1.07598e-11
2.33783e-11
-1.71909e-11
5.2553e-12
3.71681e-11
-6.02607e-11
6.59535e-11
-4.62072e-11
1.89781e-11
-6.88857e-12
6.54081e-14
-2.15575e-11
2.08788e-11
-3.59919e-11
1.18849e-11
-2.97299e-11
1.19131e-11
-4.52514e-11
1.58728e-11
-3.30115e-11
-2.89879e-11
1.54821e-11
-5.94078e-11
-4.17993e-12
-1.30077e-11
-5.33543e-11
-3.42467e-12
-2.20995e-11
-6.79151e-11
2.9032e-11
-8.37605e-11
2.90825e-12
-4.81658e-11
-2.29087e-11
-4.76161e-11
-9.26592e-12
-6.08647e-11
-1.12718e-11
-5.20406e-11
-8.98005e-12
-6.97368e-11
1.29299e-11
-7.16909e-11
-1.28628e-11
-1.74217e-11
-5.96107e-11
-2.01206e-12
-2.41177e-11
-5.23882e-11
1.79239e-11
-4.48218e-11
-2.42669e-11
2.36788e-11
-6.16749e-11
3.06539e-11
-2.72906e-11
4.80211e-12
-5.97601e-12
1.89662e-11
-1.76006e-11
3.75783e-11
-7.87333e-12
4.15308e-11
-9.6503e-12
7.12548e-11
-2.05754e-11
7.70913e-11
2.00461e-11
3.45858e-11
6.48633e-11
4.65068e-11
2.99561e-11
1.07658e-10
8.21824e-12
9.79667e-11
7.24752e-11
4.09073e-11
1.11863e-10
5.65189e-11
8.09182e-11
9.66639e-11
7.41924e-11
8.27536e-11
1.07515e-10
6.48633e-11
1.14143e-10
6.67878e-11
1.19713e-10
5.30445e-11
1.31814e-10
5.33642e-11
1.02997e-10
8.55633e-11
7.99285e-11
6.36325e-11
1.19027e-10
7.06381e-12
1.31076e-10
2.51883e-11
5.93871e-11
7.24461e-11
2.60707e-11
3.60731e-11
6.33397e-11
-2.19608e-11
5.55022e-11
-5.83691e-12
-8.33547e-12
1.23472e-11
-3.61081e-11
-1.67386e-11
-3.91051e-11
-3.98938e-11
-6.68593e-11
-5.16655e-11
-8.39381e-11
-8.024e-11
-1.01407e-10
-8.43348e-11
-1.55087e-10
-6.80934e-11
-1.84374e-10
-1.12858e-10
-1.53215e-10
-1.71527e-10
-1.63142e-10
-1.49553e-10
-2.3882e-10
-1.17552e-10
-2.51944e-10
-1.71917e-10
-2.00581e-10
-2.24238e-10
-2.05102e-10
-1.93701e-10
-2.5404e-10
-1.71083e-10
-2.46609e-10
-2.00412e-10
-2.08745e-10
-2.1346e-10
-2.01926e-10
-1.971e-10
-1.90497e-10
-1.91014e-10
-1.67972e-10
-1.71142e-10
-1.61869e-10
-1.35944e-10
-1.33323e-10
-1.41272e-10
-6.28796e-11
-1.42725e-10
-3.40079e-11
-7.26114e-11
-5.16596e-11
-6.63766e-12
-8.24065e-13
-2.06696e-11
9.92502e-11
-1.47592e-11
1.26372e-10
7.98892e-11
1.10847e-10
1.49625e-10
1.69099e-10
1.46243e-10
2.57935e-10
1.69765e-10
2.81245e-10
2.47869e-10
2.87825e-10
2.99194e-10
3.32161e-10
3.18723e-10
3.73938e-10
3.54158e-10
3.95738e-10
3.82932e-10
4.24654e-10
4.01179e-10
4.35151e-10
4.42186e-10
4.15749e-10
4.69018e-10
4.32181e-10
4.36938e-10
4.67938e-10
4.18169e-10
4.3238e-10
4.61167e-10
3.61847e-10
4.59896e-10
3.62387e-10
3.74897e-10
3.80636e-10
3.25756e-10
3.04387e-10
3.42577e-10
2.04292e-10
3.04006e-10
1.80128e-10
1.91542e-10
1.59633e-10
1.2084e-10
6.37594e-11
9.37104e-11
-3.9568e-11
2.14548e-11
-9.31992e-11
-8.44493e-11
-1.54425e-10
-1.65472e-10
-2.44221e-10
-2.37306e-10
-3.24429e-10
-3.22473e-10
-4.02431e-10
-3.94153e-10
-4.87318e-10
-4.68033e-10
-5.44004e-10
-5.67347e-10
-5.84142e-10
-6.35912e-10
-6.65891e-10
-6.54379e-10
-7.46694e-10
-7.03841e-10
-7.49382e-10
-7.96551e-10
-7.40227e-10
-8.23577e-10
-7.99502e-10
-7.80333e-10
-8.4332e-10
-7.89639e-10
-7.86664e-10
-8.4121e-10
-7.25163e-10
-8.09798e-10
-7.38226e-10
-7.12259e-10
-7.22671e-10
-6.69546e-10
-6.13551e-10
-6.57641e-10
-5.08751e-10
-5.67772e-10
-4.60467e-10
-4.33261e-10
-3.83094e-10
-3.41175e-10
-2.41916e-10
-2.60309e-10
-1.10863e-10
-1.31917e-10
-6.84903e-12
1.32942e-11
1.17127e-10
1.39171e-10
2.57508e-10
2.69646e-10
3.89888e-10
4.05386e-10
5.26385e-10
5.27345e-10
6.62713e-10
6.59798e-10
7.67947e-10
8.03786e-10
8.6943e-10
9.07313e-10
1.00349e-09
9.75438e-10
1.11079e-09
1.0783e-09
1.14797e-09
1.19435e-09
1.19104e-09
1.23037e-09
1.2824e-09
1.21978e-09
1.32519e-09
1.26316e-09
1.27362e-09
1.31342e-09
1.23862e-09
1.26201e-09
1.25912e-09
1.16315e-09
1.21535e-09
1.12891e-09
1.07449e-09
1.09573e-09
9.58836e-10
9.5605e-10
8.9814e-10
7.80908e-10
7.71696e-10
6.71472e-10
5.60419e-10
5.60064e-10
3.83836e-10
3.57971e-10
2.55797e-10
1.36453e-10
7.32247e-11
-2.22284e-11
-1.66621e-10
-1.8178e-10
-3.67983e-10
-4.0263e-10
-5.271e-10
-6.22346e-10
-7.19428e-10
-7.89272e-10
-9.35675e-10
-9.49505e-10
-1.11223e-09
-1.13445e-09
-1.25564e-09
-1.30068e-09
-1.40351e-09
-1.42652e-09
-1.5429e-09
-1.53782e-09
-1.64805e-09
-1.63525e-09
-1.72815e-09
-1.70319e-09
-1.78639e-09
-1.74849e-09
-1.80879e-09
-1.76984e-09
-1.80921e-09
-1.7474e-09
-1.79662e-09
-1.69292e-09
-1.73855e-09
-1.63693e-09
-1.63012e-09
-1.55371e-09
-1.51872e-09
-1.40501e-09
-1.40805e-09
-1.23333e-09
-1.23915e-09
-1.08529e-09
-1.01579e-09
-9.106e-10
-8.15116e-10
-6.62817e-10
-6.32471e-10
-4.08716e-10
-3.86627e-10
-2.05628e-10
-9.47639e-11
1.76345e-11
1.46499e-10
3.12478e-10
3.51205e-10
5.90041e-10
6.15937e-10
7.90981e-10
9.12451e-10
1.00299e-09
1.12975e-09
1.27761e-09
1.2947e-09
1.51208e-09
1.51325e-09
1.64743e-09
1.7461e-09
1.78648e-09
1.87805e-09
1.97848e-09
1.94595e-09
2.10981e-09
2.06227e-09
2.12967e-09
2.18005e-09
2.14989e-09
2.18199e-09
2.21606e-09
2.11824e-09
2.21124e-09
2.10285e-09
2.09108e-09
2.08152e-09
1.9764e-09
1.94266e-09
1.90834e-09
1.74486e-09
1.76674e-09
1.6023e-09
1.51893e-09
1.4568e-09
1.2894e-09
1.20051e-09
1.11331e-09
9.02209e-10
8.72567e-10
6.73419e-10
5.41947e-10
4.5012e-10
2.48976e-10
1.32574e-10
2.33115e-11
-2.04899e-10
-2.54211e-10
-4.55456e-10
-5.99193e-10
-6.86388e-10
-8.84177e-10
-9.93476e-10
-1.0879e-09
-1.2969e-09
-1.3278e-09
-1.49508e-09
-1.61394e-09
-1.66226e-09
-1.82045e-09
-1.88859e-09
-1.93314e-09
-2.09126e-09
-2.07179e-09
-2.17648e-09
-2.24061e-09
-2.22347e-09
-2.31558e-09
-2.32022e-09
-2.29275e-09
-2.38167e-09
-2.29275e-09
-2.32022e-09
-2.31558e-09
-2.22347e-09
-2.24061e-09
-2.17648e-09
-2.07179e-09
-2.09126e-09
-1.93314e-09
-1.88859e-09
-1.82045e-09
-1.66226e-09
-1.61394e-09
-1.49508e-09
-1.3278e-09
-1.2969e-09
-1.0879e-09
-9.93476e-10
-8.84177e-10
-6.86387e-10
-5.99192e-10
-4.55457e-10
-2.5421e-10
-2.049e-10
2.3312e-11
1.32574e-10
2.48976e-10
4.50121e-10
5.41946e-10
6.7342e-10
8.72567e-10
9.02209e-10
1.11331e-09
1.20051e-09
1.2894e-09
1.4568e-09
1.51893e-09
1.6023e-09
1.76674e-09
1.74486e-09
1.90834e-09
1.94266e-09
1.9764e-09
2.08152e-09
2.09108e-09
2.10285e-09
2.21124e-09
2.11824e-09
2.21606e-09
2.18199e-09
2.14989e-09
2.18005e-09
2.12967e-09
2.06227e-09
2.10981e-09
1.94595e-09
1.97848e-09
1.87805e-09
1.78648e-09
1.7461e-09
1.64743e-09
1.51325e-09
1.51208e-09
1.2947e-09
1.27761e-09
1.12975e-09
1.00299e-09
9.12451e-10
7.90981e-10
6.15937e-10
5.90042e-10
3.51205e-10
3.12478e-10
1.46499e-10
1.76347e-11
-9.4764e-11
-2.05628e-10
-3.86627e-10
-4.08716e-10
-6.32471e-10
-6.62817e-10
-8.15116e-10
-9.106e-10
-1.01579e-09
-1.08529e-09
-1.23915e-09
-1.23333e-09
-1.40805e-09
-1.40501e-09
-1.51872e-09
-1.55371e-09
-1.63012e-09
-1.63693e-09
-1.73855e-09
-1.69292e-09
-1.79662e-09
-1.7474e-09
-1.80921e-09
-1.76984e-09
-1.80879e-09
-1.74849e-09
-1.78639e-09
-1.70319e-09
-1.72815e-09
-1.63525e-09
-1.64805e-09
-1.53782e-09
-1.5429e-09
-1.42653e-09
-1.40351e-09
-1.30068e-09
-1.25564e-09
-1.13445e-09
-1.11223e-09
-9.49505e-10
-9.35675e-10
-7.89272e-10
-7.19429e-10
-6.22346e-10
-5.271e-10
-4.0263e-10
-3.67983e-10
-1.81781e-10
-1.6662e-10
-2.22287e-11
7.32248e-11
1.36453e-10
2.55797e-10
3.57972e-10
3.83836e-10
5.60064e-10
5.60419e-10
6.71473e-10
7.71696e-10
7.80908e-10
8.98141e-10
9.5605e-10
9.58836e-10
1.09573e-09
1.07449e-09
1.12891e-09
1.21535e-09
1.16315e-09
1.25912e-09
1.26201e-09
1.23862e-09
1.31342e-09
1.27362e-09
1.26316e-09
1.32519e-09
1.21978e-09
1.2824e-09
1.23037e-09
1.19104e-09
1.19435e-09
1.14797e-09
1.0783e-09
1.11079e-09
9.75437e-10
1.00349e-09
9.07313e-10
8.6943e-10
8.03786e-10
7.67947e-10
6.59798e-10
6.62713e-10
5.27346e-10
5.26385e-10
4.05386e-10
3.89888e-10
2.69646e-10
2.57509e-10
1.3917e-10
1.17127e-10
1.32937e-11
-6.84855e-12
-1.31918e-10
-1.10862e-10
-2.60309e-10
-2.41916e-10
-3.41175e-10
-3.83094e-10
-4.33261e-10
-4.60467e-10
-5.67773e-10
-5.0875e-10
-6.57641e-10
-6.13551e-10
-6.69546e-10
-7.22671e-10
-7.12259e-10
-7.38226e-10
-8.09798e-10
-7.25163e-10
-8.4121e-10
-7.86664e-10
-7.89639e-10
-8.43319e-10
-7.80333e-10
-7.99502e-10
-8.23577e-10
-7.40227e-10
-7.9655e-10
-7.49383e-10
-7.03841e-10
-7.46694e-10
-6.54379e-10
-6.65891e-10
-6.35912e-10
-5.84141e-10
-5.67347e-10
-5.44004e-10
-4.68033e-10
-4.87318e-10
-3.94153e-10
-4.02431e-10
-3.22473e-10
-3.24429e-10
-2.37306e-10
-2.44222e-10
-1.65471e-10
-1.54425e-10
-8.44494e-11
-9.3199e-11
2.14546e-11
-3.9568e-11
9.37105e-11
6.37592e-11
1.2084e-10
1.59633e-10
1.91542e-10
1.80129e-10
3.04006e-10
2.04292e-10
3.42577e-10
3.04386e-10
3.25756e-10
3.80635e-10
3.74897e-10
3.62388e-10
4.59895e-10
3.61847e-10
4.61167e-10
4.3238e-10
4.18169e-10
4.67938e-10
4.36938e-10
4.32181e-10
4.69017e-10
4.15749e-10
4.42186e-10
4.35151e-10
4.01179e-10
4.24655e-10
3.82931e-10
3.95739e-10
3.54157e-10
3.73937e-10
3.18724e-10
3.3216e-10
2.99195e-10
2.87825e-10
2.4787e-10
2.81245e-10
1.69765e-10
2.57935e-10
1.46243e-10
1.69099e-10
1.49625e-10
1.10847e-10
7.98891e-11
1.26372e-10
-1.47595e-11
9.92506e-11
-2.06699e-11
-8.23872e-13
-6.63771e-12
-5.16597e-11
-7.26111e-11
-3.40082e-11
-1.42725e-10
-6.28798e-11
-1.41272e-10
-1.33323e-10
-1.35944e-10
-1.61869e-10
-1.71142e-10
-1.67972e-10
-1.91014e-10
-1.90497e-10
-1.971e-10
-2.01927e-10
-2.1346e-10
-2.08745e-10
-2.00413e-10
-2.46608e-10
-1.71083e-10
-2.54039e-10
-1.93702e-10
-2.05101e-10
-2.24238e-10
-2.00581e-10
-1.71916e-10
-2.51945e-10
-1.17551e-10
-2.38821e-10
-1.49553e-10
-1.63143e-10
-1.71527e-10
-1.53215e-10
-1.12859e-10
-1.84374e-10
-6.80938e-11
-1.55087e-10
-8.43347e-11
-1.01407e-10
-8.02399e-11
-8.39381e-11
-5.16657e-11
-6.6859e-11
-3.98939e-11
-3.91052e-11
-1.67382e-11
-3.61086e-11
1.23477e-11
-8.33579e-12
-5.83689e-12
5.55024e-11
-2.19612e-11
6.33402e-11
3.60728e-11
2.60708e-11
7.24462e-11
5.93868e-11
2.51886e-11
1.31076e-10
7.06397e-12
1.19027e-10
6.36324e-11
7.99287e-11
8.5563e-11
1.02997e-10
5.33642e-11
1.31814e-10
5.30445e-11
1.19713e-10
6.67877e-11
1.14143e-10
6.48632e-11
1.07515e-10
8.27539e-11
7.41919e-11
9.66644e-11
8.09179e-11
5.65189e-11
1.11863e-10
4.09068e-11
7.24756e-11
9.79665e-11
8.21821e-12
1.07658e-10
2.99558e-11
4.6507e-11
6.48632e-11
3.45857e-11
2.00463e-11
7.7091e-11
-2.05751e-11
7.12547e-11
-9.65033e-12
4.1531e-11
-7.87361e-12
3.75785e-11
-1.76007e-11
1.89661e-11
-5.97575e-12
4.80181e-12
-2.72904e-11
3.0654e-11
-6.16752e-11
2.36792e-11
-2.42672e-11
-4.48217e-11
1.79241e-11
-5.23885e-11
-2.41175e-11
-2.01203e-12
-5.9611e-11
-1.74214e-11
-1.28629e-11
-7.16911e-11
1.29302e-11
-6.97371e-11
-8.97987e-12
-5.20406e-11
-1.12719e-11
-6.08646e-11
-9.2658e-12
-4.76164e-11
-2.29084e-11
-4.81658e-11
2.90806e-12
-8.37602e-11
2.90316e-11
-6.79148e-11
-2.20995e-11
-3.42485e-12
-5.33542e-11
-1.30075e-11
-4.18022e-12
-5.94076e-11
1.5482e-11
-2.89881e-11
-3.30111e-11
1.58724e-11
-4.52512e-11
1.19132e-11
-2.97301e-11
1.1885e-11
-3.59918e-11
2.08787e-11
-2.15574e-11
6.55544e-14
-6.889e-12
1.89787e-11
-4.62077e-11
6.59536e-11
-6.02603e-11
3.71675e-11
5.25594e-12
-1.71914e-11
2.33786e-11
1.07597e-11
-2.14174e-11
4.59051e-11
-1.85591e-11
1.39009e-11
2.00854e-11
-5.03401e-12
2.40223e-11
-6.42808e-12
3.61117e-11
-2.53699e-11
4.90747e-11
-1.36645e-11
1.286e-11
2.11805e-11
1.08115e-11
-1.77047e-11
6.81101e-11
-6.01434e-11
6.66379e-11
-1.45068e-11
4.2793e-12
2.26907e-11
5.64511e-12
-4.57169e-12
2.95173e-11
-1.12882e-11
1.55614e-11
4.82722e-12
1.04277e-11
-2.20338e-12
4.50421e-12
2.76072e-11
-4.18861e-11
5.98433e-11
-4.11026e-11
1.90586e-11
1.31405e-11
-1.2882e-11
-5.18269e-12
3.91513e-11
-5.68001e-11
5.7501e-11
-3.9485e-11
1.80726e-11
-7.47862e-12
7.60429e-12
-1.22384e-11
2.86445e-12
7.05123e-12
-1.73382e-11
6.94835e-12
5.79574e-12
-2.62623e-11
1.97361e-11
9.45919e-13
-4.32985e-11
6.11625e-11
-6.42256e-11
3.54005e-11
-1.51685e-11
-4.85205e-12
-6.86574e-12
1.73624e-11
-3.43419e-11
2.55508e-11
-2.43037e-11
1.80949e-11
-3.13515e-11
3.20552e-11
-3.24539e-11
4.9771e-12
2.17766e-11
-4.82113e-11
3.83947e-11
-1.64743e-11
-1.41174e-11
1.82744e-11
-8.16117e-12
-2.21726e-11
4.16137e-11
-4.97616e-11
3.74936e-11
-3.1496e-11
3.07373e-11
-3.7329e-11
3.16978e-11
-1.73435e-11
-5.40829e-12
1.81853e-11
-1.23363e-11
-1.42987e-11
3.91037e-11
-4.17531e-11
1.83098e-11
1.5407e-11
-4.02364e-11
4.69344e-11
-3.55662e-11
2.21592e-11
-1.8174e-11
2.63429e-11
-2.86239e-11
2.06611e-11
-5.46944e-12
1.87669e-12
-1.19037e-11
3.6923e-11
-5.63644e-11
5.72133e-11
-2.80019e-11
-8.36395e-12
3.33995e-11
-3.16483e-11
1.84082e-11
-2.75254e-12
9.75486e-13
-7.90993e-12
1.90192e-11
-1.6886e-11
9.32821e-12
-7.08887e-12
2.51217e-11
-4.94046e-11
6.61464e-11
-5.85659e-11
3.16977e-11
4.04546e-12
-2.31948e-11
1.77227e-11
4.60386e-12
-1.86488e-11
1.70811e-11
-4.69524e-12
-4.41304e-12
6.86776e-12
-3.96583e-12
7.6256e-12
-2.55689e-11
5.28038e-11
-6.73713e-11
5.52152e-11
-2.37846e-11
-4.70849e-12
1.40086e-11
-2.03048e-12
-2.04173e-11
3.50023e-11
-3.09413e-11
1.49989e-11
-5.36724e-12
6.92181e-12
-8.81777e-12
-2.76273e-12
2.62646e-11
-5.08543e-11
6.00842e-11
-4.59993e-11
1.44506e-11
1.00396e-11
-9.81565e-12
-1.21691e-11
3.36015e-11
-4.09967e-11
3.3844e-11
-2.32457e-11
1.73381e-11
-1.98684e-11
1.99679e-11
-5.07113e-12
-2.55733e-11
5.06824e-11
-5.18638e-11
2.91516e-11
-2.10908e-12
-1.17387e-11
3.74528e-12
1.86879e-11
-3.89026e-11
4.14846e-11
-3.11972e-11
2.46817e-11
-3.0579e-11
3.70312e-11
-2.92304e-11
4.13944e-12
2.64411e-11
-4.60104e-11
4.14504e-11
-1.60199e-11
-9.35568e-12
1.28842e-11
5.10332e-12
-2.55977e-11
3.34026e-11
-3.04472e-11
2.73911e-11
-3.1914e-11
4.29391e-11
-4.90752e-11
3.56718e-11
-1.83413e-12
-3.1785e-11
4.1714e-11
-2.55733e-11
2.23125e-12
9.46722e-12
-4.09116e-12
-1.10215e-11
2.32214e-11
-2.35447e-11
1.76499e-11
-2.14092e-11
4.09274e-11
-6.01076e-11
5.76571e-11
-3.02195e-11
-5.19911e-12
2.86741e-11
-3.02494e-11
1.46031e-11
1.9048e-12
-3.0955e-12
-9.74141e-12
1.91249e-11
-1.35466e-11
3.11249e-12
-6.08164e-12
2.71061e-11
-5.3241e-11
6.6539e-11
-5.58477e-11
2.45873e-11
8.2264e-12
-2.16627e-11
1.39345e-11
-3.89013e-12
7.41932e-12
-1.95042e-11
2.40164e-11
-1.42466e-11
-1.71261e-12
9.0895e-12
3.18055e-12
-3.3038e-11
6.11857e-11
-6.52687e-11
4.28366e-11
-1.48329e-11
1.20195e-12
-1.07481e-12
-2.53831e-13
1.14438e-11
-2.83018e-11
3.87348e-11
-3.18702e-11
8.2032e-12
1.42432e-11
-1.35212e-11
-1.25788e-11
4.17291e-11
-5.17482e-11
4.20102e-11
-2.80833e-11
2.15491e-11
-2.16726e-11
1.8853e-11
-3.09104e-12
-2.58419e-11
5.13844e-11
-5.26352e-11
2.78615e-11
-1.13971e-13
-7.41061e-12
-5.80883e-12
2.23837e-11
-2.85336e-11
2.3928e-11
-1.79256e-11
2.06282e-11
-3.32985e-11
4.17974e-11
-2.7724e-11
-9.13833e-12
4.4872e-11
-5.57628e-11
4.22981e-11
-2.43376e-11
1.73141e-11
-2.08877e-11
2.46748e-11
-1.9072e-11
3.55204e-12
8.93108e-12
-2.09157e-12
-2.34185e-11
4.43258e-11
-3.8299e-11
8.49906e-12
2.1674e-11
-3.52397e-11
3.45116e-11
-3.20952e-11
3.67033e-11
-4.67782e-11
5.02468e-11
-3.42877e-11
1.80702e-12
2.43104e-11
-2.32909e-11
3.80539e-13
1.88601e-11
-1.77613e-11
2.76204e-12
9.62241e-12
-1.16111e-11
8.22527e-12
-1.12646e-11
2.90164e-11
-5.55485e-11
6.97124e-11
-5.46686e-11
1.88802e-11
1.01455e-11
-1.61497e-11
9.10027e-12
-8.41827e-12
1.92319e-11
-3.07207e-11
3.00927e-11
-1.45213e-11
-5.85687e-12
1.26367e-11
5.07033e-12
-3.59093e-11
5.34362e-11
-4.44699e-11
2.31115e-11
-1.16064e-11
1.2932e-11
-1.11877e-11
-6.36559e-12
3.49421e-11
-5.81729e-11
6.0964e-11
-4.07414e-11
1.19412e-11
3.00982e-12
4.10175e-12
-1.73476e-11
1.56373e-11
6.59613e-14
-8.90596e-12
-2.11308e-12
2.1569e-11
-2.78606e-11
1.11788e-11
1.98846e-11
-4.72804e-11
5.59066e-11
-4.5392e-11
3.15119e-11
-3.01791e-11
3.67353e-11
-3.01621e-11
9.58542e-13
3.27826e-11
-4.50671e-11
3.07868e-11
-8.49616e-12
-1.90833e-12
-4.03478e-12
1.63986e-11
-2.20313e-11
1.56324e-11
-6.70632e-12
1.17447e-11
-3.37963e-11
5.23734e-11
-4.3832e-11
9.74987e-12
2.35861e-11
-3.57384e-11
3.19154e-11
-3.06592e-11
3.97466e-11
-5.03653e-11
4.83354e-11
-2.76279e-11
-3.2777e-12
2.43794e-11
-2.07319e-11
-3.28253e-13
1.37584e-11
-5.21413e-12
-1.21147e-11
1.5515e-11
-3.1868e-12
-4.3556e-12
-9.28427e-12
3.72226e-11
-5.8513e-11
5.80902e-11
-3.73172e-11
1.06955e-11
5.30991e-12
-7.34176e-12
9.4981e-12
-2.69264e-11
5.2968e-11
-6.26125e-11
4.23638e-11
-9.26124e-12
-8.32666e-12
2.20989e-12
1.07417e-11
-1.24189e-11
2.05762e-12
7.40755e-12
-4.8718e-12
-8.68823e-12
1.90881e-11
-9.82444e-12
-2.03545e-11
5.05328e-11
-5.72478e-11
4.10343e-11
-2.56039e-11
2.6733e-11
-3.24375e-11
2.00975e-11
1.2806e-11
-4.52704e-11
5.62324e-11
-4.43583e-11
2.468e-11
-1.34913e-11
1.54819e-11
-2.09098e-11
1.48471e-11
4.49659e-12
-1.92384e-11
1.05097e-11
1.54238e-11
-3.0454e-11
1.68676e-11
1.16113e-11
-2.85288e-11
2.6432e-11
-2.16353e-11
2.97647e-11
-4.71246e-11
5.61698e-11
-4.38127e-11
1.2471e-11
2.08995e-11
-3.76492e-11
3.41266e-11
-2.67013e-11
3.27856e-11
-4.74983e-11
4.72155e-11
-2.09529e-11
-1.20093e-11
2.31634e-11
-8.59998e-12
-9.08599e-12
9.60463e-12
3.53345e-12
-1.27961e-11
8.56676e-12
1.83062e-12
-3.17082e-12
-1.34127e-11
4.03138e-11
-5.70368e-11
4.8389e-11
-2.24966e-11
3.41674e-12
-2.53658e-12
3.54742e-12
1.51451e-11
-4.92114e-11
7.02655e-11
-6.01021e-11
3.12547e-11
-9.97358e-12
6.09483e-12
-7.60407e-12
-6.73006e-13
1.94309e-11
-3.55845e-11
3.48878e-11
-1.60379e-11
-5.38317e-12
9.07616e-12
8.05348e-12
-2.61792e-11
2.47194e-11
-8.91206e-12
3.47376e-12
-1.92133e-11
3.60815e-11
-2.77768e-11
-5.22654e-12
3.65615e-11
-4.59815e-11
3.91437e-11
-3.49933e-11
4.11352e-11
-4.73891e-11
3.84918e-11
-1.03925e-11
-2.44971e-11
4.57649e-11
-4.35235e-11
2.93981e-11
-2.48954e-11
3.47927e-11
-3.96324e-11
2.07216e-11
1.1823e-11
-2.82529e-11
1.5506e-11
6.36396e-12
-1.03456e-11
-5.04632e-12
1.77283e-11
-1.27772e-11
-4.37702e-13
1.93897e-12
1.4932e-11
-3.76427e-11
4.73617e-11
-3.61403e-11
1.32368e-11
3.41353e-12
-6.04308e-12
6.6e-12
-2.29649e-11
5.30952e-11
-7.17449e-11
5.8727e-11
-2.5535e-11
2.37186e-12
-1.07259e-12
2.16947e-12
1.58538e-11
-4.60688e-11
6.09967e-11
-4.72138e-11
2.00385e-11
-3.68201e-12
4.54597e-12
-9.35177e-12
3.59308e-12
1.22895e-11
-2.44874e-11
1.99911e-11
-1.36566e-12
-1.30851e-11
6.71229e-12
1.53909e-11
-3.00218e-11
2.30932e-11
-8.59141e-12
1.06196e-11
-2.98904e-11
3.93742e-11
-1.86908e-11
-1.86011e-11
4.10865e-11
-3.8277e-11
2.98564e-11
-3.63677e-11
5.15558e-11
-5.20079e-11
2.70218e-11
8.98329e-12
-3.37342e-11
3.91159e-11
-3.54457e-11
3.69391e-11
-4.59656e-11
4.97661e-11
-3.43315e-11
2.23975e-12
2.5097e-11
-2.91388e-11
1.618e-11
-1.084e-11
2.41703e-11
-3.79883e-11
2.83215e-11
3.35075e-13
-1.80133e-11
6.93543e-12
1.54022e-11
-1.97731e-11
2.53835e-12
1.2008e-11
-5.91284e-12
-9.51354e-12
9.64334e-12
1.17722e-11
-3.64511e-11
4.38598e-11
-3.29229e-11
1.89806e-11
-1.47906e-11
1.67723e-11
-1.02179e-11
-1.36284e-11
4.47598e-11
-6.17494e-11
5.37438e-11
-3.38683e-11
2.39451e-11
-2.68359e-11
2.15499e-11
7.83333e-12
-4.6755e-11
6.39339e-11
-5.0106e-11
2.93059e-11
-2.68471e-11
3.57971e-11
-2.83764e-11
-4.33637e-12
3.78888e-11
-4.50764e-11
2.89328e-11
-1.60306e-11
2.09952e-11
-3.05681e-11
2.40185e-11
-9.82542e-13
-1.88521e-11
1.93503e-11
-5.43224e-12
-4.69749e-12
-9.64864e-14
1.26867e-11
-1.71386e-11
7.32282e-12
4.46333e-12
-9.65519e-13
-1.85099e-11
3.37756e-11
-2.65851e-11
3.73969e-12
9.96104e-12
-4.07035e-12
-2.83033e-12
-1.23051e-11
4.31977e-11
-5.89832e-11
4.30106e-11
-1.48088e-11
3.61967e-12
-9.72765e-12
5.63694e-12
2.38048e-11
-5.8397e-11
6.71358e-11
-4.73285e-11
2.52286e-11
-2.037e-11
2.17622e-11
-6.60417e-12
-2.71087e-11
5.63833e-11
-6.11608e-11
4.61079e-11
-3.16745e-11
2.81447e-11
-2.58925e-11
1.00579e-11
1.911e-11
-4.46905e-11
5.04048e-11
-3.81784e-11
2.52634e-11
-2.42017e-11
2.74865e-11
-1.74564e-11
-9.45283e-12
3.38544e-11
-3.52817e-11
1.81957e-11
-7.75905e-12
1.70145e-11
-2.91413e-11
1.9892e-11
7.41486e-12
-2.36976e-11
1.19225e-11
9.06883e-12
-9.49989e-12
-1.13302e-11
2.41866e-11
-1.08262e-11
-1.04341e-11
9.29583e-12
1.46971e-11
-3.14397e-11
2.04575e-11
2.47117e-12
-8.59702e-12
-4.66628e-12
1.13223e-11
6.41245e-12
-3.39042e-11
4.32496e-11
-2.90468e-11
1.24193e-11
-1.1393e-11
1.77675e-11
-1.04501e-11
-1.55674e-11
4.17961e-11
-4.88925e-11
3.83069e-11
-2.76653e-11
2.70802e-11
-2.74179e-11
1.30977e-11
1.6425e-11
-4.3783e-11
5.21869e-11
-4.40586e-11
3.61962e-11
-3.77763e-11
3.77211e-11
-1.94642e-11
-1.52885e-11
4.42886e-11
-5.02241e-11
4.11955e-11
-3.89654e-11
4.81043e-11
-4.85302e-11
2.28155e-11
1.67905e-11
-4.0783e-11
3.8935e-11
-3.23243e-11
4.22368e-11
-5.88506e-11
5.32358e-11
-1.84557e-11
-1.80479e-11
2.87359e-11
-2.13683e-11
2.54013e-11
-4.86517e-11
6.40806e-11
-4.68425e-11
9.55622e-12
1.30013e-11
-9.90554e-12
6.17952e-12
-2.52028e-11
5.34978e-11
-5.81825e-11
3.19633e-11
-3.70746e-12
-7.58765e-13
-7.91368e-12
1.22153e-13
2.87797e-11
-5.05856e-11
4.21165e-11
-1.66275e-11
4.7692e-12
-1.3215e-11
1.74668e-11
1.59698e-12
-2.99159e-11
3.85614e-11
-2.2745e-11
6.82748e-12
-1.04006e-11
2.21595e-11
-1.76068e-11
-6.02609e-12
2.51647e-11
-2.179e-11
6.59079e-12
-3.19168e-12
1.54602e-11
-2.35186e-11
1.1905e-11
8.64552e-12
-1.59192e-11
5.62086e-12
3.77936e-12
2.79861e-12
-1.69505e-11
1.87702e-11
-4.54553e-12
-8.4674e-12
5.2496e-12
6.89457e-12
-9.13477e-12
-3.28012e-12
1.46297e-11
-1.06079e-11
-2.42806e-12
6.09081e-12
4.71329e-12
-1.51322e-11
1.04769e-11
3.61097e-12
-9.23981e-12
6.23791e-13
7.86679e-12
-1.86919e-12
-1.30793e-11
1.85443e-11
-8.4525e-12
-2.96628e-12
8.02381e-13
9.58437e-12
-1.02652e-11
-4.17592e-12
1.82171e-11
-1.64846e-11
4.4376e-12
-5.67577e-13
1.00033e-11
-1.72992e-11
8.00059e-12
1.027e-11
-1.78473e-11
9.64361e-12
-1.8289e-12
8.20525e-12
-2.03623e-11
1.90739e-11
-1.91695e-12
-1.28151e-11
1.09518e-11
-1.86198e-12
4.06893e-12
-1.82646e-11
2.54524e-11
-1.39477e-11
-3.89158e-12
8.17208e-12
-6.52463e-13
-2.59932e-12
1.16372e-12
-6.17433e-14
2.99692e-14
4.11116e-15
0
