0
2.53039e-16
3.5921e-15
2.29736e-14
7.63781e-14
-1.92236e-13
2.14492e-12
-7.84317e-12
1.66934e-11
-2.28035e-11
2.2201e-11
-1.6678e-11
1.03342e-11
-7.1634e-12
9.57648e-12
-1.80455e-11
3.01403e-11
-4.09964e-11
4.51215e-11
-4.01624e-11
2.87364e-11
-1.7414e-11
1.2245e-11
-1.50685e-11
2.21982e-11
-2.73322e-11
2.54869e-11
-1.6163e-11
2.70816e-12
9.99351e-12
-1.83211e-11
2.05528e-11
-1.71995e-11
1.0745e-11
-5.63813e-12
6.26679e-12
-1.45031e-11
2.75761e-11
-3.93705e-11
4.37546e-11
-3.8896e-11
2.83917e-11
-1.91306e-11
1.62966e-11
-2.03649e-11
2.72402e-11
-3.18133e-11
3.06641e-11
-2.32968e-11
1.12322e-11
2.42724e-12
-1.39213e-11
1.9633e-11
-1.81966e-11
1.16697e-11
-5.48812e-12
5.2987e-12
-1.33325e-11
2.61018e-11
-3.67925e-11
3.98379e-11
-3.49766e-11
2.66014e-11
-2.04386e-11
1.96207e-11
-2.38656e-11
3.03589e-11
-3.58584e-11
3.74452e-11
-3.32153e-11
2.25312e-11
-7.36568e-12
-7.66973e-12
1.68895e-11
-1.75351e-11
1.20231e-11
-6.88663e-12
7.76683e-12
-1.55625e-11
2.59137e-11
-3.31141e-11
3.39771e-11
-2.97193e-11
2.3991e-11
-2.02988e-11
2.01021e-11
-2.35381e-11
2.9979e-11
-3.80222e-11
4.42448e-11
-4.41861e-11
3.50335e-11
-1.8852e-11
1.87165e-12
9.28422e-12
-1.24503e-11
1.07873e-11
-1.00223e-11
1.35213e-11
-2.03087e-11
2.6433e-11
-2.89616e-11
2.77595e-11
-2.47463e-11
2.13274e-11
-1.81493e-11
1.61963e-11
-1.79297e-11
2.52736e-11
-3.70485e-11
4.79022e-11
-5.15437e-11
4.49666e-11
-3.10133e-11
1.59061e-11
-4.74477e-12
-2.06005e-12
7.39605e-12
-1.38132e-11
2.05992e-11
-2.52727e-11
2.64006e-11
-2.52229e-11
2.35703e-11
-2.17858e-11
1.84408e-11
-1.31668e-11
8.43459e-12
-8.81487e-12
1.69031e-11
-3.05746e-11
4.35225e-11
-4.99737e-11
4.83811e-11
-4.16396e-11
3.30587e-11
-2.35085e-11
1.17026e-11
2.33619e-12
-1.58405e-11
2.47594e-11
-2.74589e-11
2.58036e-11
-2.34009e-11
2.18484e-11
-1.97473e-11
1.4652e-11
-6.92278e-12
3.7859e-13
3.2221e-13
6.05824e-12
-1.67474e-11
2.75021e-11
-3.62015e-11
4.28212e-11
-4.73054e-11
4.7386e-11
-4.00626e-11
2.45467e-11
-4.61954e-12
-1.32335e-11
2.37388e-11
-2.64273e-11
2.46854e-11
-2.22783e-11
1.99546e-11
-1.62375e-11
1.00103e-11
-2.6332e-12
-3.39304e-12
6.3195e-12
-6.22406e-12
3.46452e-12
2.4416e-12
-1.27766e-11
2.71129e-11
-4.17082e-11
5.00323e-11
-4.6912e-11
3.21779e-11
-1.15035e-11
-7.45619e-12
1.93371e-11
-2.34149e-11
2.2009e-11
-1.82159e-11
1.3923e-11
-9.91419e-12
6.07266e-12
-2.09425e-12
-2.73021e-12
8.93239e-12
-1.62522e-11
2.22464e-11
-2.28677e-11
1.45933e-11
2.06437e-12
-2.17296e-11
3.62181e-11
-3.92854e-11
2.98056e-11
-1.24893e-11
-5.14361e-12
1.65357e-11
-1.94097e-11
1.56916e-11
-9.57152e-12
4.45137e-12
-1.86799e-12
1.29053e-12
-1.05273e-12
-1.32779e-12
7.80754e-12
-1.85798e-11
3.06321e-11
-3.86526e-11
3.73766e-11
-2.53823e-11
6.75952e-12
1.00561e-11
-1.7307e-11
1.25276e-11
-2.06783e-13
-1.18806e-11
1.7609e-11
-1.58199e-11
9.14709e-12
-1.4373e-12
-4.68907e-12
7.86648e-12
-7.87354e-12
5.41701e-12
-3.00351e-12
4.29958e-12
-1.22339e-11
2.56999e-11
-3.90547e-11
4.50576e-11
-4.05736e-11
2.90864e-11
-1.83988e-11
1.44245e-11
-1.74823e-11
2.29069e-11
-2.56264e-11
2.33623e-11
-1.71615e-11
8.88196e-12
2.77839e-13
-9.67016e-12
1.73332e-11
-2.03132e-11
1.69024e-11
-9.58534e-12
4.00885e-12
-5.05994e-12
1.26681e-11
-2.24299e-11
2.94365e-11
-3.24779e-11
3.39084e-11
-3.67706e-11
4.12585e-11
-4.47473e-11
4.41434e-11
-3.90151e-11
3.13978e-11
-2.35407e-11
1.53075e-11
-5.14032e-12
-7.4029e-12
1.95987e-11
-2.72968e-11
2.77671e-11
-2.18479e-11
1.27717e-11
-4.19328e-12
-1.70027e-12
3.82142e-12
-1.56394e-12
-5.85777e-12
1.81547e-11
-3.29444e-11
4.55291e-11
-5.1469e-11
4.91641e-11
-4.11311e-11
3.17465e-11
-2.43188e-11
1.8808e-11
-1.27164e-11
3.2367e-12
9.84022e-12
-2.3449e-11
3.23684e-11
-3.25602e-11
2.33358e-11
-7.87832e-12
-8.84037e-12
2.17583e-11
-2.71576e-11
2.29864e-11
-1.00148e-11
-7.85945e-12
2.41164e-11
-3.26376e-11
3.08089e-11
-2.16556e-11
1.19205e-11
-7.73103e-12
9.78167e-12
-1.3127e-11
1.11686e-11
-1.51822e-12
-1.23179e-11
2.35393e-11
-2.70696e-11
2.1737e-11
-9.79888e-12
-5.44469e-12
2.04501e-11
-3.16655e-11
3.54644e-11
-3.01938e-11
1.81243e-11
-5.89002e-12
6.09268e-13
-4.99846e-12
1.47824e-11
-2.22054e-11
2.18593e-11
-1.46777e-11
5.93747e-12
-7.11956e-13
1.17734e-13
-2.03012e-12
3.61614e-12
-3.83951e-12
2.98542e-12
-1.34931e-12
-1.95484e-12
7.67532e-12
-1.50343e-11
2.12949e-11
-2.42019e-11
2.40197e-11
-2.38166e-11
2.65712e-11
-3.28567e-11
4.02369e-11
-4.55138e-11
4.6564e-11
-4.33682e-11
3.68983e-11
-2.81283e-11
1.71177e-11
-4.04417e-12
-9.64797e-12
2.0371e-11
-2.42317e-11
1.95256e-11
-8.78716e-12
-2.49694e-12
8.66173e-12
-7.21703e-12
-4.25449e-13
1.01501e-11
-1.83949e-11
2.40344e-11
-2.84767e-11
3.32211e-11
-3.84465e-11
4.29722e-11
-4.58739e-11
4.64063e-11
-4.32161e-11
3.36714e-11
-1.62002e-11
-6.91562e-12
2.83429e-11
-3.92396e-11
3.45702e-11
-1.72244e-11
-3.59955e-12
1.79171e-11
-2.12975e-11
1.61689e-11
-8.57877e-12
2.87126e-12
8.27222e-14
-1.60774e-12
2.59356e-12
-3.45235e-12
4.87517e-12
-8.24941e-12
1.36949e-11
-1.8828e-11
1.92346e-11
-1.19057e-11
-2.01176e-12
1.66421e-11
-2.49595e-11
2.30938e-11
-1.30394e-11
5.82753e-13
8.69693e-12
-1.29442e-11
1.36278e-11
-1.35032e-11
1.42122e-11
-1.61297e-11
1.87758e-11
-2.20085e-11
2.60279e-11
-3.11618e-11
3.65296e-11
-3.99313e-11
3.86378e-11
-3.17558e-11
2.10244e-11
-1.00746e-11
1.80376e-12
2.81478e-12
-4.6668e-12
4.7365e-12
-3.51362e-12
1.11145e-12
1.34608e-12
-1.83524e-12
-1.40099e-12
7.51176e-12
-1.32125e-11
1.53323e-11
-1.47458e-11
1.64707e-11
-2.58159e-11
4.27141e-11
-6.05784e-11
7.00504e-11
-6.54793e-11
4.79506e-11
-2.41322e-11
1.6745e-12
1.40885e-11
-2.14068e-11
2.07261e-11
-1.38955e-11
3.8021e-12
5.28272e-12
-9.48382e-12
7.65015e-12
-2.90658e-12
2.06697e-13
-2.47862e-12
7.77722e-12
-1.09653e-11
7.42099e-12
3.22961e-12
-1.69167e-11
2.72395e-11
-2.94455e-11
2.27846e-11
-1.08559e-11
-1.235e-12
9.70135e-12
-1.37866e-11
1.44656e-11
-1.28799e-11
9.18846e-12
-3.57628e-12
-2.93574e-12
8.04821e-12
-9.81856e-12
8.19501e-12
-5.95484e-12
6.73902e-12
-1.24895e-11
2.16843e-11
-3.11338e-11
3.84686e-11
-4.3452e-11
4.60011e-11
-4.47028e-11
3.73551e-11
-2.42451e-11
9.50422e-12
6.20806e-13
-2.52895e-12
-2.0319e-12
6.88297e-12
-6.47205e-12
4.12026e-14
7.59006e-12
-1.03294e-11
5.57131e-12
3.54297e-12
-1.0806e-11
1.07653e-11
-1.62002e-12
-1.5028e-11
3.50325e-11
-5.32064e-11
6.42742e-11
-6.48213e-11
5.44349e-11
-3.63528e-11
1.60876e-11
2.98711e-13
-8.87892e-12
9.35271e-12
-5.3677e-12
1.84047e-12
-1.81845e-12
4.24133e-12
-5.47081e-12
2.34574e-12
4.75164e-12
-1.22725e-11
1.60151e-11
-1.47425e-11
1.081e-11
-8.06753e-12
7.93772e-12
-8.52422e-12
6.85367e-12
-2.82359e-12
-4.13332e-13
-7.43313e-13
6.38127e-12
-1.29705e-11
1.60693e-11
-1.3942e-11
7.98324e-12
-1.27658e-12
-3.79986e-12
5.98708e-12
-4.98157e-12
7.42698e-13
5.60262e-12
-1.1087e-11
1.08545e-11
-9.42939e-13
-1.86557e-11
4.23189e-11
-6.15025e-11
6.91924e-11
-6.39654e-11
5.00167e-11
-3.45927e-11
2.35512e-11
-1.85965e-11
1.66748e-11
-1.31174e-11
5.4275e-12
4.28817e-12
-1.13461e-11
1.21174e-11
-6.87574e-12
-1.3579e-12
9.22269e-12
-1.49962e-11
1.77696e-11
-1.65453e-11
9.99426e-12
1.64886e-12
-1.55231e-11
2.65459e-11
-3.05921e-11
2.70039e-11
-1.90601e-11
1.08129e-11
-4.24733e-12
-1.36809e-12
6.6493e-12
-1.02538e-11
9.52962e-12
-3.95426e-12
-3.40411e-12
7.26232e-12
-4.23107e-12
-4.70124e-12
1.40647e-11
-1.72197e-11
1.00311e-11
6.19179e-12
-2.55076e-11
4.05696e-11
-4.71969e-11
4.60443e-11
-4.14158e-11
3.74864e-11
-3.59133e-11
3.52428e-11
-3.2984e-11
2.74132e-11
-1.87966e-11
8.49184e-12
1.71765e-12
-1.00458e-11
1.3868e-11
-1.05487e-11
-5.21707e-13
1.53733e-11
-2.67e-11
2.801e-11
-1.83658e-11
2.41998e-12
1.31958e-11
-2.46137e-11
3.16491e-11
-3.59384e-11
3.78273e-11
-3.59637e-11
2.87332e-11
-1.69871e-11
4.49897e-12
3.60226e-12
-4.485e-12
-4.8916e-13
6.25494e-12
-7.66806e-12
2.58587e-12
6.61671e-12
-1.48737e-11
1.72068e-11
-1.18603e-11
8.71359e-13
1.12734e-11
-2.09308e-11
2.68836e-11
-3.01009e-11
3.16261e-11
-3.21462e-11
3.24319e-11
-3.39861e-11
3.72241e-11
-3.9904e-11
3.74017e-11
-2.6605e-11
9.2073e-12
7.92233e-12
-1.70654e-11
1.4387e-11
-2.50068e-12
-1.18608e-11
2.20312e-11
-2.52547e-11
2.25643e-11
-1.64693e-11
8.01895e-12
3.10125e-12
-1.69248e-11
3.11229e-11
-4.16398e-11
4.45675e-11
-3.88498e-11
2.70403e-11
-1.46553e-11
7.04086e-12
-6.4012e-12
1.01021e-11
-1.29779e-11
1.10192e-11
-4.28276e-12
-4.27146e-12
1.13188e-11
-1.52515e-11
1.54122e-11
-1.14162e-11
3.19732e-12
7.4158e-12
-1.69338e-11
2.19746e-11
-2.22998e-11
2.12764e-11
-2.38465e-11
3.22272e-11
-4.37177e-11
5.16809e-11
-5.03171e-11
3.85754e-11
-2.11117e-11
4.76802e-12
5.30106e-12
-7.99001e-12
5.11124e-12
4.88032e-13
-7.01169e-12
1.38264e-11
-2.07836e-11
2.6285e-11
-2.70046e-11
1.93906e-11
-3.35313e-12
-1.62508e-11
3.15442e-11
-3.69491e-11
3.24424e-11
-2.30572e-11
1.45652e-11
-1.02912e-11
1.015e-11
-1.24406e-11
1.5042e-11
-1.61812e-11
1.40707e-11
-7.67729e-12
-2.48532e-12
1.33314e-11
-2.04756e-11
2.05528e-11
-1.39785e-11
4.60803e-12
2.81144e-12
-6.39038e-12
7.9656e-12
-1.15722e-11
1.99713e-11
-3.27839e-11
4.61428e-11
-5.49784e-11
5.56905e-11
-4.8709e-11
3.78303e-11
-2.7418e-11
1.88099e-11
-1.04777e-11
1.00366e-12
7.41514e-12
-9.94438e-12
3.10075e-12
1.10831e-11
-2.56753e-11
3.2799e-11
-2.87054e-11
1.53505e-11
1.04118e-12
-1.39626e-11
1.94417e-11
-1.73955e-11
1.03585e-11
-2.07517e-12
-4.14623e-12
5.88907e-12
-2.55296e-12
-4.517e-12
1.20427e-11
-1.6467e-11
1.53126e-11
-8.53006e-12
-1.79823e-12
1.20345e-11
-1.8928e-11
2.11123e-11
-2.00482e-11
1.80912e-11
-1.59885e-11
1.14642e-11
-1.80344e-12
-1.28436e-11
2.81527e-11
-3.9021e-11
4.34859e-11
-4.41964e-11
4.5148e-11
-4.79058e-11
4.97793e-11
-4.62751e-11
3.46638e-11
-1.70064e-11
-5.16364e-13
1.06521e-11
-9.72964e-12
-2.2853e-13
1.24494e-11
-1.98302e-11
1.87382e-11
-1.08003e-11
8.73858e-13
5.96653e-12
-7.32711e-12
3.54873e-12
3.50731e-12
-1.23964e-11
2.18776e-11
-3.00771e-11
3.37777e-11
-3.04282e-11
2.03161e-11
-7.3893e-12
-3.43513e-12
8.97533e-12
-8.93667e-12
4.15202e-12
4.45515e-12
-1.57867e-11
2.71155e-11
-3.45379e-11
3.44998e-11
-2.61792e-11
1.19357e-11
3.29273e-12
-1.44636e-11
1.8768e-11
-1.77535e-11
1.63312e-11
-1.95817e-11
2.83584e-11
-3.83933e-11
4.30513e-11
-3.86721e-11
2.714e-11
-1.46435e-11
6.75438e-12
-4.81376e-12
5.38655e-12
-3.97085e-12
-1.31186e-12
8.19429e-12
-1.29325e-11
1.34274e-11
-1.08063e-11
7.38104e-12
-4.30631e-12
2.28776e-13
7.22102e-12
-1.96026e-11
3.57125e-11
-5.15496e-11
6.13433e-11
-6.07268e-11
4.93164e-11
-3.16397e-11
1.4292e-11
-2.5571e-12
-1.75285e-12
-7.95047e-13
8.35842e-12
-1.83017e-11
2.64862e-11
-2.86261e-11
2.26428e-11
-1.09009e-11
-1.15207e-12
8.12264e-12
-8.05502e-12
2.63538e-12
4.37057e-12
-9.9219e-12
1.27954e-11
-1.35817e-11
1.28976e-11
-1.04531e-11
4.99794e-12
3.61624e-12
-1.30861e-11
1.86339e-11
-1.59412e-11
4.12817e-12
1.2487e-11
-2.65838e-11
3.19359e-11
-2.77599e-11
1.88972e-11
-1.22516e-11
1.10452e-11
-1.26677e-11
1.10405e-11
-2.28095e-12
-1.23762e-11
2.76043e-11
-3.83107e-11
4.2323e-11
-4.09031e-11
3.67551e-11
-3.24321e-11
2.87821e-11
-2.50881e-11
1.99076e-11
-1.32287e-11
6.90579e-12
-3.396e-12
2.81183e-12
-2.45017e-12
-1.18831e-12
8.75637e-12
-1.7321e-11
2.21274e-11
-1.99081e-11
9.9851e-12
5.88605e-12
-2.47776e-11
4.2759e-11
-5.56327e-11
5.97207e-11
-5.37985e-11
3.99093e-11
-2.33209e-11
1.01899e-11
-5.02118e-12
8.21777e-12
-1.63422e-11
2.39813e-11
-2.70721e-11
2.45004e-11
-1.81984e-11
1.09909e-11
-4.89652e-12
5.06895e-14
3.97663e-12
-6.62801e-12
5.33338e-12
2.31368e-12
-1.55354e-11
2.85964e-11
-3.39177e-11
2.72431e-11
-1.14806e-11
-5.26658e-12
1.48426e-11
-1.41363e-11
5.65577e-12
4.83503e-12
-1.23791e-11
1.51442e-11
-1.51544e-11
1.59883e-11
-1.97536e-11
2.46091e-11
-2.63154e-11
2.18636e-11
-1.27515e-11
3.57433e-12
1.84844e-12
-3.91732e-12
6.10001e-12
-1.16068e-11
2.02423e-11
-2.89059e-11
3.37281e-11
-3.28785e-11
2.72632e-11
-2.0093e-11
1.46325e-11
-1.24496e-11
1.22113e-11
-1.09728e-11
6.04259e-12
2.94765e-12
-1.41682e-11
2.44264e-11
-3.08378e-11
3.12674e-11
-2.48417e-11
1.17846e-11
5.94613e-12
-2.48434e-11
4.02764e-11
-4.86025e-11
4.88051e-11
-4.33139e-11
3.6022e-11
-3.00021e-11
2.59421e-11
-2.34322e-11
2.23174e-11
-2.32073e-11
2.56978e-11
-2.74968e-11
2.49147e-11
-1.55514e-11
6.96483e-14
1.70516e-11
-2.92108e-11
3.01942e-11
-1.79226e-11
-3.70337e-12
2.58512e-11
-4.00389e-11
4.30064e-11
-3.81199e-11
3.12382e-11
-2.60583e-11
2.21885e-11
-1.79011e-11
1.30625e-11
-1.01634e-11
1.19365e-11
-1.89913e-11
2.82998e-11
-3.45137e-11
3.2516e-11
-2.11984e-11
4.95057e-12
7.94468e-12
-1.07653e-11
2.7547e-12
1.02123e-11
-2.03422e-11
2.30364e-11
-1.93345e-11
1.33875e-11
-8.82312e-12
6.12827e-12
-3.60946e-12
-4.95464e-13
5.67638e-12
-9.36577e-12
8.49847e-12
-2.25489e-12
-7.18479e-12
1.55952e-11
-1.97577e-11
1.92859e-11
-1.68698e-11
1.57942e-11
-1.76382e-11
2.08246e-11
-2.20851e-11
1.87106e-11
-1.08472e-11
1.02951e-12
7.54963e-12
-1.3389e-11
1.67062e-11
-1.85804e-11
1.95837e-11
-2.01496e-11
2.07365e-11
-2.18871e-11
2.30709e-11
-2.27831e-11
1.91906e-11
-1.1656e-11
7.84295e-13
1.16608e-11
-2.34278e-11
3.17234e-11
-3.43286e-11
3.05157e-11
-2.17317e-11
1.00834e-11
2.84948e-12
-1.62385e-11
2.82051e-11
-3.5639e-11
3.59161e-11
-3.00608e-11
2.28508e-11
-2.01186e-11
2.4478e-11
-3.39403e-11
4.30173e-11
-4.6017e-11
3.94946e-11
-2.41934e-11
4.60891e-12
1.29767e-11
-2.42548e-11
2.86067e-11
-2.81428e-11
2.4128e-11
-1.56476e-11
1.22976e-12
1.73931e-11
-3.45953e-11
4.35541e-11
-4.11855e-11
3.02829e-11
-1.83576e-11
1.31062e-11
-1.83558e-11
3.15973e-11
-4.56069e-11
5.2404e-11
-4.8282e-11
3.53917e-11
-1.97218e-11
6.25518e-12
3.57263e-12
-1.11965e-11
1.72802e-11
-1.99019e-11
1.54616e-11
-2.49232e-12
-1.59869e-11
3.27808e-11
-4.06647e-11
3.66145e-11
-2.42074e-11
1.13452e-11
-5.73524e-12
1.00915e-11
-2.12511e-11
3.25171e-11
-3.83724e-11
3.72252e-11
-3.15807e-11
2.49509e-11
-1.91694e-11
1.33065e-11
-5.96124e-12
-2.267e-12
7.72025e-12
-6.37701e-12
-2.85486e-12
1.62351e-11
-2.74459e-11
3.1211e-11
-2.65505e-11
1.66413e-11
-6.93141e-12
1.84979e-12
-2.89645e-12
7.92468e-12
-1.31808e-11
1.5837e-11
-1.60785e-11
1.59089e-11
-1.68241e-11
1.78857e-11
-1.71483e-11
1.38525e-11
-9.81098e-12
7.67616e-12
-9.01677e-12
1.31141e-11
-1.80117e-11
2.13405e-11
-2.14135e-11
1.75968e-11
-1.11907e-11
4.70284e-12
-4.42409e-13
-1.41957e-12
2.28451e-12
-3.51277e-12
4.73177e-12
-4.82294e-12
3.2286e-12
-6.60522e-13
-2.35095e-12
5.99972e-12
-1.08109e-11
1.61095e-11
-2.04058e-11
2.24319e-11
-2.23345e-11
2.07972e-11
-1.83672e-11
1.50877e-11
-1.14089e-11
7.8567e-12
-4.58381e-12
8.39191e-13
3.75713e-12
-8.62714e-12
1.25231e-11
-1.531e-11
1.78944e-11
-2.08853e-11
2.26829e-11
-2.04529e-11
1.2355e-11
2.93191e-13
-1.38897e-11
2.43793e-11
-2.93678e-11
2.84507e-11
-2.33834e-11
1.70417e-11
-1.22211e-11
9.60524e-12
-7.73169e-12
4.4397e-12
5.39613e-13
-5.60645e-12
9.10982e-12
-1.18072e-11
1.61621e-11
-2.39605e-11
3.36843e-11
-4.10746e-11
4.13213e-11
-3.2179e-11
1.51411e-11
4.64381e-12
-2.08517e-11
2.88352e-11
-2.83498e-11
2.29939e-11
-1.7484e-11
1.39288e-11
-1.13109e-11
7.42897e-12
-2.0385e-12
-2.94873e-12
5.30162e-12
-5.31781e-12
6.00164e-12
-1.13668e-11
2.31032e-11
-3.88927e-11
5.25066e-11
-5.70639e-11
4.87861e-11
-2.99258e-11
7.50616e-12
1.05603e-11
-2.02488e-11
2.25306e-11
-2.13311e-11
1.95001e-11
-1.72602e-11
1.30418e-11
-6.39468e-12
-8.35393e-13
5.17515e-12
-4.57052e-12
4.47839e-13
1.99149e-12
2.98982e-12
-1.77723e-11
3.85518e-11
-5.70223e-11
6.4792e-11
-5.86071e-11
4.16763e-11
-2.13629e-11
4.18568e-12
7.14553e-12
-1.39022e-11
1.82614e-11
-2.08797e-11
2.01493e-11
-1.45797e-11
5.10204e-12
3.96888e-12
-7.59315e-12
3.56926e-12
4.75326e-12
-1.00816e-11
5.39707e-12
1.09678e-11
-3.40246e-11
5.4578e-11
-6.48132e-11
6.21772e-11
-5.01173e-11
3.45592e-11
-2.00918e-11
7.71299e-12
3.53166e-12
-1.39396e-11
2.12142e-11
-2.20637e-11
1.50708e-11
-3.3034e-12
-6.83457e-12
9.1344e-12
-2.21389e-12
-9.16873e-12
1.63483e-11
-1.23534e-11
-3.88516e-12
2.65949e-11
-4.71244e-11
5.88386e-11
-6.04772e-11
5.49236e-11
-4.60215e-11
3.53594e-11
-2.25045e-11
7.05019e-12
8.69867e-12
-2.00153e-11
2.21852e-11
-1.44595e-11
1.409e-12
8.82073e-12
-9.71374e-12
5.60226e-13
1.2486e-11
-2.04969e-11
1.7156e-11
-2.66077e-12
-1.74081e-11
3.59051e-11
-4.85384e-11
5.48334e-11
-5.66159e-11
5.48334e-11
-4.85383e-11
3.59049e-11
-1.74079e-11
-2.66109e-12
1.71564e-11
-2.04973e-11
1.24864e-11
5.59811e-13
-9.71334e-12
8.82036e-12
1.40932e-12
-1.44598e-11
2.21854e-11
-2.00154e-11
8.69874e-12
7.05012e-12
-2.25044e-11
3.53593e-11
-4.60214e-11
5.49235e-11
-6.04772e-11
5.88388e-11
-4.71247e-11
2.65952e-11
-3.88551e-12
-1.2353e-11
1.63479e-11
-9.16843e-12
-2.21414e-12
9.13457e-12
-6.83462e-12
-3.30347e-12
1.5071e-11
-2.20639e-11
2.12143e-11
-1.39396e-11
3.53152e-12
7.7132e-12
-2.0092e-11
3.45593e-11
-5.01173e-11
6.21772e-11
-6.4813e-11
5.45778e-11
-3.40244e-11
1.09676e-11
5.3972e-12
-1.00817e-11
4.75325e-12
3.56941e-12
-7.59345e-12
3.96929e-12
5.10163e-12
-1.45794e-11
2.01492e-11
-2.08797e-11
1.82616e-11
-1.39024e-11
7.14568e-12
4.18559e-12
-2.13629e-11
4.16762e-11
-5.8607e-11
6.47919e-11
-5.70223e-11
3.85518e-11
-1.77722e-11
2.98965e-12
1.99178e-12
4.47402e-13
-4.56999e-12
5.17463e-12
-8.34992e-13
-6.39489e-12
1.30418e-11
-1.72601e-11
1.95001e-11
-2.1331e-11
2.25306e-11
-2.02487e-11
1.05602e-11
7.50634e-12
-2.9926e-11
4.87863e-11
-5.70641e-11
5.25068e-11
-3.8893e-11
2.31036e-11
-1.13673e-11
6.00217e-12
-5.31831e-12
5.302e-12
-2.94897e-12
-2.03839e-12
7.42894e-12
-1.13109e-11
1.39289e-11
-1.7484e-11
2.2994e-11
-2.83499e-11
2.88354e-11
-2.08518e-11
4.64398e-12
1.51409e-11
-3.21788e-11
4.13211e-11
-4.10743e-11
3.36839e-11
-2.39601e-11
1.61617e-11
-1.18068e-11
9.10961e-12
-5.60632e-12
5.39556e-13
4.43973e-12
-7.7317e-12
9.60524e-12
-1.22211e-11
1.70416e-11
-2.33833e-11
2.84507e-11
-2.93678e-11
2.43793e-11
-1.38897e-11
2.93109e-13
1.23552e-11
-2.04531e-11
2.2683e-11
-2.08855e-11
1.78945e-11
-1.53101e-11
1.25232e-11
-8.62727e-12
3.75724e-12
8.39115e-13
-4.58378e-12
7.8567e-12
-1.14089e-11
1.50876e-11
-1.83671e-11
2.07971e-11
-2.23344e-11
2.24318e-11
-2.04057e-11
1.61094e-11
-1.08107e-11
5.9995e-12
-2.35077e-12
-6.60589e-13
3.22854e-12
-4.82278e-12
4.73155e-12
-3.51256e-12
2.28436e-12
-1.41947e-12
-4.42499e-13
4.70295e-12
-1.11908e-11
1.7597e-11
-2.14136e-11
2.13407e-11
-1.8012e-11
1.31145e-11
-9.01725e-12
7.67668e-12
-9.81146e-12
1.38529e-11
-1.71485e-11
1.78857e-11
-1.6824e-11
1.59087e-11
-1.60782e-11
1.58368e-11
-1.31806e-11
7.92459e-12
-2.89642e-12
1.84979e-12
-6.93138e-12
1.66411e-11
-2.65502e-11
3.12105e-11
-2.74453e-11
1.62345e-11
-2.85431e-12
-6.37744e-12
7.72054e-12
-2.26715e-12
-5.96121e-12
1.33066e-11
-1.91695e-11
2.4951e-11
-3.15809e-11
3.72253e-11
-3.83724e-11
3.25169e-11
-2.12509e-11
1.00914e-11
-5.73536e-12
1.13456e-11
-2.42079e-11
3.6615e-11
-4.06651e-11
3.27811e-11
-1.59871e-11
-2.49217e-12
1.54615e-11
-1.99018e-11
1.72801e-11
-1.11964e-11
3.57259e-12
6.25519e-12
-1.97218e-11
3.53918e-11
-4.82822e-11
5.24042e-11
-4.56069e-11
3.15972e-11
-1.83556e-11
1.3106e-11
-1.83574e-11
3.02828e-11
-4.11856e-11
4.35542e-11
-3.45953e-11
1.73929e-11
1.23012e-12
-1.56481e-11
2.41285e-11
-2.81431e-11
2.86069e-11
-2.42548e-11
1.29767e-11
4.60896e-12
-2.41935e-11
3.94948e-11
-4.60172e-11
4.30175e-11
-3.39404e-11
2.4478e-11
-2.01185e-11
2.28506e-11
-3.00607e-11
3.59161e-11
-3.56392e-11
2.82055e-11
-1.6239e-11
2.84995e-12
1.00831e-11
-2.17314e-11
3.05156e-11
-3.43287e-11
3.17236e-11
-2.34281e-11
1.16611e-11
7.84005e-13
-1.16558e-11
1.91903e-11
-2.27829e-11
2.30708e-11
-2.1887e-11
2.07364e-11
-2.01496e-11
1.95836e-11
-1.85803e-11
1.6706e-11
-1.33888e-11
7.54948e-12
1.02956e-12
-1.08471e-11
1.87104e-11
-2.20849e-11
2.08245e-11
-1.76382e-11
1.57941e-11
-1.68696e-11
1.92857e-11
-1.97575e-11
1.5595e-11
-7.18462e-12
-2.255e-12
8.49853e-12
-9.3658e-12
5.67642e-12
-4.95517e-13
-3.60943e-12
6.12831e-12
-8.82321e-12
1.33877e-11
-1.93346e-11
2.30364e-11
-2.03421e-11
1.02123e-11
2.75475e-12
-1.07653e-11
7.94468e-12
4.95058e-12
-2.11984e-11
3.25159e-11
-3.45137e-11
2.82998e-11
-1.89913e-11
1.19365e-11
-1.01634e-11
1.30626e-11
-1.79012e-11
2.21886e-11
-2.60584e-11
3.12383e-11
-3.81199e-11
4.30063e-11
-4.00388e-11
2.58511e-11
-3.70339e-12
-1.79225e-11
3.0194e-11
-2.92107e-11
1.70515e-11
6.96478e-14
-1.55514e-11
2.49148e-11
-2.74969e-11
2.56979e-11
-2.32073e-11
2.23174e-11
-2.34322e-11
2.59421e-11
-3.00022e-11
3.60222e-11
-4.33142e-11
4.88053e-11
-4.86027e-11
4.02765e-11
-2.48434e-11
5.9461e-12
1.17846e-11
-2.48416e-11
3.12672e-11
-3.08376e-11
2.44263e-11
-1.41682e-11
2.94787e-12
6.04223e-12
-1.09724e-11
1.22107e-11
-1.24491e-11
1.4632e-11
-2.00926e-11
2.72629e-11
-3.28782e-11
3.37278e-11
-2.89057e-11
2.02422e-11
-1.16069e-11
6.10008e-12
-3.91733e-12
1.84836e-12
3.57449e-12
-1.27517e-11
2.18636e-11
-2.63153e-11
2.46088e-11
-1.97532e-11
1.59877e-11
-1.51538e-11
1.51437e-11
-1.23787e-11
4.8347e-12
5.6561e-12
-1.41367e-11
1.48429e-11
-5.26682e-12
-1.14805e-11
2.72432e-11
-3.3918e-11
2.85968e-11
-1.55358e-11
2.314e-12
5.33321e-12
-6.62798e-12
3.97667e-12
5.0672e-14
-4.89658e-12
1.09911e-11
-1.81986e-11
2.45005e-11
-2.70722e-11
2.39814e-11
-1.63424e-11
8.21803e-12
-5.02137e-12
1.01899e-11
-2.33208e-11
3.99089e-11
-5.3798e-11
5.97201e-11
-5.56321e-11
4.27585e-11
-2.47773e-11
5.88581e-12
9.98525e-12
-1.99081e-11
2.21274e-11
-1.7321e-11
8.75634e-12
-1.18826e-12
-2.45025e-12
2.81199e-12
-3.39623e-12
6.90609e-12
-1.32289e-11
1.99078e-11
-2.50882e-11
2.87822e-11
-3.24322e-11
3.67553e-11
-4.09035e-11
4.23235e-11
-3.83113e-11
2.76048e-11
-1.23766e-11
-2.28075e-12
1.10404e-11
-1.26677e-11
1.10453e-11
-1.22519e-11
1.88976e-11
-2.77605e-11
3.19364e-11
-2.65843e-11
1.24873e-11
4.12808e-12
-1.59413e-11
1.8634e-11
-1.30862e-11
3.61616e-12
4.99822e-12
-1.04535e-11
1.28979e-11
-1.35818e-11
1.27953e-11
-9.92165e-12
4.37026e-12
2.63568e-12
-8.05528e-12
8.12291e-12
-1.15237e-12
-1.09005e-11
2.26424e-11
-2.86258e-11
2.64859e-11
-1.83014e-11
8.35816e-12
-7.94759e-13
-1.75317e-12
-2.55679e-12
1.42917e-11
-3.16396e-11
4.93164e-11
-6.07269e-11
6.13436e-11
-5.15498e-11
3.57128e-11
-1.96029e-11
7.22118e-12
2.28707e-13
-4.30633e-12
7.38111e-12
-1.08063e-11
1.34273e-11
-1.29323e-11
8.19395e-12
-1.31152e-12
-3.97111e-12
5.38675e-12
-4.81395e-12
6.75465e-12
-1.46439e-11
2.71404e-11
-3.86724e-11
4.30514e-11
-3.83933e-11
2.83584e-11
-1.95817e-11
1.63314e-11
-1.77538e-11
1.87683e-11
-1.44638e-11
3.29292e-12
1.19355e-11
-2.61789e-11
3.44995e-11
-3.45375e-11
2.71152e-11
-1.57865e-11
4.4553e-12
4.15168e-12
-8.93629e-12
8.97504e-12
-3.43494e-12
-7.38941e-12
2.03162e-11
-3.04283e-11
3.37779e-11
-3.00772e-11
2.18776e-11
-1.23964e-11
3.5073e-12
3.5487e-12
-7.327e-12
5.96636e-12
8.74034e-13
-1.08004e-11
1.87382e-11
-1.98303e-11
1.24495e-11
-2.28712e-13
-9.72936e-12
1.06517e-11
-5.15968e-13
-1.70067e-11
3.46641e-11
-4.62752e-11
4.97794e-11
-4.79058e-11
4.5148e-11
-4.41963e-11
4.34859e-11
-3.90211e-11
2.81529e-11
-1.28438e-11
-1.80325e-12
1.14641e-11
-1.59885e-11
1.80913e-11
-2.00484e-11
2.11127e-11
-1.89285e-11
1.20351e-11
-1.79876e-12
-8.52956e-12
1.53122e-11
-1.64667e-11
1.20426e-11
-4.51705e-12
-2.55268e-12
5.88863e-12
-4.14573e-12
-2.07561e-12
1.03588e-11
-1.73957e-11
1.94419e-11
-1.39628e-11
1.04136e-12
1.53504e-11
-2.87055e-11
3.27993e-11
-2.56756e-11
1.10834e-11
3.10063e-12
-9.94449e-12
7.41545e-12
1.00327e-12
-1.04774e-11
1.88097e-11
-2.7418e-11
3.78304e-11
-4.87091e-11
5.56905e-11
-5.49785e-11
4.61429e-11
-3.2784e-11
1.99714e-11
-1.15722e-11
7.96546e-12
-6.39015e-12
2.81112e-12
4.60847e-12
-1.3979e-11
2.05534e-11
-2.0476e-11
1.33317e-11
-2.48531e-12
-7.67754e-12
1.40711e-11
-1.61817e-11
1.50425e-11
-1.24411e-11
1.01504e-11
-1.02916e-11
1.45655e-11
-2.30574e-11
3.24425e-11
-3.6949e-11
3.1544e-11
-1.62507e-11
-3.35304e-12
1.93902e-11
-2.7004e-11
2.62843e-11
-2.0783e-11
1.38261e-11
-7.01152e-12
4.87988e-13
5.11124e-12
-7.99003e-12
5.30113e-12
4.7679e-12
-2.11116e-11
3.85752e-11
-5.03168e-11
5.16807e-11
-4.37175e-11
3.2227e-11
-2.38464e-11
2.12762e-11
-2.22997e-11
2.19745e-11
-1.69337e-11
7.41576e-12
3.19732e-12
-1.14162e-11
1.54122e-11
-1.52514e-11
1.13187e-11
-4.27129e-12
-4.28292e-12
1.10193e-11
-1.29779e-11
1.01021e-11
-6.40122e-12
7.04097e-12
-1.46555e-11
2.70406e-11
-3.885e-11
4.45677e-11
-4.164e-11
3.11231e-11
-1.6925e-11
3.10146e-12
8.01876e-12
-1.64692e-11
2.25641e-11
-2.52546e-11
2.2031e-11
-1.18605e-11
-2.50109e-12
1.43874e-11
-1.70659e-11
7.92266e-12
9.20709e-12
-2.66049e-11
3.74016e-11
-3.99038e-11
3.72238e-11
-3.39859e-11
3.24318e-11
-3.21461e-11
3.16261e-11
-3.01009e-11
2.68837e-11
-2.09308e-11
1.12735e-11
8.7133e-13
-1.18603e-11
1.72069e-11
-1.48738e-11
6.61673e-12
2.58595e-12
-7.66821e-12
6.2551e-12
-4.89261e-13
-4.48496e-12
3.60229e-12
4.49891e-12
-1.6987e-11
2.8733e-11
-3.59635e-11
3.78271e-11
-3.59383e-11
3.16491e-11
-2.46138e-11
1.31961e-11
2.41958e-12
-1.83654e-11
2.80097e-11
-2.66998e-11
1.53734e-11
-5.2178e-13
-1.05487e-11
1.38681e-11
-1.00459e-11
1.71778e-12
8.49173e-12
-1.87966e-11
2.74131e-11
-3.2984e-11
3.52428e-11
-3.59134e-11
3.74864e-11
-4.14157e-11
4.60442e-11
-4.71967e-11
4.05695e-11
-2.55076e-11
6.19181e-12
1.0031e-11
-1.72196e-11
1.40646e-11
-4.70115e-12
-4.23116e-12
7.26239e-12
-3.40412e-12
-3.95431e-12
9.5297e-12
-1.02539e-11
6.64936e-12
-1.3681e-12
-4.24736e-12
1.0813e-11
-1.90601e-11
2.70039e-11
-3.0592e-11
2.65457e-11
-1.55229e-11
1.64868e-12
9.99436e-12
-1.65453e-11
1.77695e-11
-1.49961e-11
9.22264e-12
-1.3579e-12
-6.87567e-12
1.21173e-11
-1.1346e-11
4.28811e-12
5.42751e-12
-1.31173e-11
1.66746e-11
-1.85963e-11
2.3551e-11
-3.45927e-11
5.00168e-11
-6.39656e-11
6.91927e-11
-6.15028e-11
4.23191e-11
-1.86557e-11
-9.43008e-13
1.08546e-11
-1.10871e-11
5.6026e-12
7.42871e-13
-4.9819e-12
5.98756e-12
-3.8004e-12
-1.27609e-12
7.98297e-12
-1.3942e-11
1.60695e-11
-1.29708e-11
6.38149e-12
-7.43306e-13
-4.13526e-13
-2.82332e-12
6.85348e-12
-8.52416e-12
7.93775e-12
-8.06755e-12
1.08099e-11
-1.47423e-11
1.60148e-11
-1.22721e-11
4.75119e-12
2.34629e-12
-5.47139e-12
4.24184e-12
-1.81878e-12
1.84057e-12
-5.36758e-12
9.35249e-12
-8.87866e-12
2.98517e-13
1.60878e-11
-3.63529e-11
5.44349e-11
-6.48212e-11
6.4274e-11
-5.32061e-11
3.50322e-11
-1.50278e-11
-1.62011e-12
1.07653e-11
-1.08061e-11
3.54308e-12
5.57113e-12
-1.03293e-11
7.58998e-12
4.11149e-14
-6.47179e-12
6.88262e-12
-2.03155e-12
-2.5292e-12
6.20949e-13
9.50416e-12
-2.4245e-11
3.73551e-11
-4.47028e-11
4.6001e-11
-4.34518e-11
3.84683e-11
-3.11334e-11
2.16839e-11
-1.24891e-11
6.73871e-12
-5.95458e-12
8.19478e-12
-9.81832e-12
8.04796e-12
-2.9355e-12
-3.57647e-12
9.18857e-12
-1.28799e-11
1.44656e-11
-1.37866e-11
9.70142e-12
-1.23515e-12
-1.08557e-11
2.27843e-11
-2.94451e-11
2.7239e-11
-1.69161e-11
3.22904e-12
7.42154e-12
-1.09658e-11
7.77768e-12
-2.47905e-12
2.07082e-13
-2.90688e-12
7.65035e-12
-9.48386e-12
5.28263e-12
3.8023e-12
-1.38958e-11
2.07264e-11
-2.14071e-11
1.40888e-11
1.67435e-12
-2.41322e-11
4.79507e-11
-6.54794e-11
7.00507e-11
-6.05787e-11
4.27145e-11
-2.58163e-11
1.6471e-11
-1.47462e-11
1.53327e-11
-1.32128e-11
7.512e-12
-1.40104e-12
-1.83537e-12
1.34635e-12
1.11112e-12
-3.51326e-12
4.73613e-12
-4.66643e-12
2.81445e-12
1.80403e-12
-1.00747e-11
2.10246e-11
-3.1756e-11
3.86379e-11
-3.99315e-11
3.65297e-11
-3.11617e-11
2.60277e-11
-2.20082e-11
1.87756e-11
-1.61296e-11
1.42122e-11
-1.35032e-11
1.36278e-11
-1.29442e-11
8.69696e-12
5.82671e-13
-1.30393e-11
2.30936e-11
-2.49593e-11
1.66418e-11
-2.01145e-12
-1.19059e-11
1.92348e-11
-1.88281e-11
1.3695e-11
-8.24949e-12
4.87525e-12
-3.45241e-12
2.59357e-12
-1.6077e-12
8.26601e-14
2.87134e-12
-8.57885e-12
1.6169e-11
-2.12975e-11
1.79171e-11
-3.59943e-12
-1.72245e-11
3.45704e-11
-3.92397e-11
2.83429e-11
-6.91549e-12
-1.62004e-11
3.36715e-11
-4.32163e-11
4.64065e-11
-4.5874e-11
4.29722e-11
-3.84465e-11
3.3221e-11
-2.84765e-11
2.40342e-11
-1.83947e-11
1.015e-11
-4.25416e-13
-7.21694e-12
8.66158e-12
-2.49677e-12
-8.78731e-12
1.95258e-11
-2.42319e-11
2.03713e-11
-9.64835e-12
-4.04374e-12
1.71173e-11
-2.81279e-11
3.6898e-11
-4.33679e-11
4.65639e-11
-4.55139e-11
4.02372e-11
-3.2857e-11
2.65714e-11
-2.38165e-11
2.40196e-11
-2.42017e-11
2.12948e-11
-1.50343e-11
7.67534e-12
-1.9548e-12
-1.34942e-12
2.98562e-12
-3.83976e-12
3.61643e-12
-2.03045e-12
1.18119e-13
-7.12334e-13
5.93777e-12
-1.46779e-11
2.18593e-11
-2.22052e-11
1.47822e-11
-4.99828e-12
6.09092e-13
-5.88982e-12
1.81241e-11
-3.01936e-11
3.54642e-11
-3.16653e-11
2.045e-11
-5.4447e-12
-9.79883e-12
2.1737e-11
-2.70695e-11
2.35391e-11
-1.23176e-11
-1.51848e-12
1.11687e-11
-1.31271e-11
9.78155e-12
-7.73081e-12
1.19203e-11
-2.16553e-11
3.08086e-11
-3.26373e-11
2.41161e-11
-7.85921e-12
-1.00149e-11
2.29864e-11
-2.71575e-11
2.17582e-11
-8.8403e-12
-7.87842e-12
2.33359e-11
-3.25604e-11
3.23685e-11
-2.3449e-11
9.84015e-12
3.23678e-12
-1.27165e-11
1.8808e-11
-2.43188e-11
3.17465e-11
-4.11312e-11
4.91642e-11
-5.14691e-11
4.55291e-11
-3.29443e-11
1.81545e-11
-5.85754e-12
-1.56421e-12
3.82168e-12
-1.70045e-12
-4.19318e-12
1.27717e-11
-2.18479e-11
2.7767e-11
-2.72967e-11
1.95986e-11
-7.40279e-12
-5.1404e-12
1.53076e-11
-2.35407e-11
3.13977e-11
-3.9015e-11
4.41433e-11
-4.47473e-11
4.12587e-11
-3.67708e-11
3.39087e-11
-3.24781e-11
2.94366e-11
-2.243e-11
1.26683e-11
-5.06012e-12
4.00903e-12
-9.58548e-12
1.69025e-11
-2.03132e-11
1.73332e-11
-9.66998e-12
2.77548e-13
8.88235e-12
-1.71619e-11
2.33626e-11
-2.56265e-11
2.29069e-11
-1.74822e-11
1.44245e-11
-1.83988e-11
2.90864e-11
-4.05735e-11
4.50575e-11
-3.90545e-11
2.56998e-11
-1.22339e-11
4.29963e-12
-3.00359e-12
5.41717e-12
-7.8738e-12
7.86685e-12
-4.68947e-12
-1.43695e-12
9.14686e-12
-1.58197e-11
1.7609e-11
-1.18805e-11
-2.06863e-13
1.25277e-11
-1.7307e-11
1.00561e-11
6.75954e-12
-2.53823e-11
3.73766e-11
-3.86526e-11
3.06321e-11
-1.85798e-11
7.80754e-12
-1.32772e-12
-1.05281e-12
1.29059e-12
-1.86799e-12
4.45138e-12
-9.57158e-12
1.56917e-11
-1.94099e-11
1.65359e-11
-5.14374e-12
-1.24893e-11
2.98056e-11
-3.92854e-11
3.62182e-11
-2.17298e-11
2.06457e-12
1.45931e-11
-2.28676e-11
2.22463e-11
-1.62521e-11
8.93219e-12
-2.72991e-12
-2.09454e-12
6.07284e-12
-9.91417e-12
1.39227e-11
-1.82155e-11
2.20087e-11
-2.34146e-11
1.93369e-11
-7.45617e-12
-1.15034e-11
3.21777e-11
-4.69116e-11
5.0032e-11
-4.1708e-11
2.71128e-11
-1.27765e-11
2.44151e-12
3.46473e-12
-6.22435e-12
6.31979e-12
-3.39322e-12
-2.63319e-12
1.00104e-11
-1.62379e-11
1.9955e-11
-2.22787e-11
2.46856e-11
-2.64274e-11
2.37387e-11
-1.32333e-11
-4.61976e-12
2.45469e-11
-4.00626e-11
4.73858e-11
-4.73052e-11
4.2821e-11
-3.62014e-11
2.75021e-11
-1.67474e-11
6.0583e-12
3.22216e-13
3.78522e-13
-6.92264e-12
1.46518e-11
-1.97471e-11
2.18482e-11
-2.34007e-11
2.58034e-11
-2.74588e-11
2.47593e-11
-1.58404e-11
2.33592e-12
1.1703e-11
-2.35089e-11
3.30591e-11
-4.16399e-11
4.83814e-11
-4.99739e-11
4.35226e-11
-3.05747e-11
1.69032e-11
-8.81492e-12
8.43467e-12
-1.31669e-11
1.84409e-11
-2.1786e-11
2.35705e-11
-2.52232e-11
2.64009e-11
-2.52731e-11
2.05997e-11
-1.38137e-11
7.39652e-12
-2.06044e-12
-4.74443e-12
1.59058e-11
-3.1013e-11
4.49664e-11
-5.15434e-11
4.79019e-11
-3.70482e-11
2.52733e-11
-1.79294e-11
1.61961e-11
-1.81491e-11
2.13272e-11
-2.4746e-11
2.77592e-11
-2.89612e-11
2.64326e-11
-2.03084e-11
1.35211e-11
-1.00221e-11
1.07872e-11
-1.24502e-11
9.28405e-12
1.87196e-12
-1.88524e-11
3.50341e-11
-4.41868e-11
4.42454e-11
-3.80227e-11
2.99793e-11
-2.35384e-11
2.01023e-11
-2.0299e-11
2.39913e-11
-2.97196e-11
3.39774e-11
-3.31143e-11
2.59137e-11
-1.55624e-11
7.76664e-12
-6.88648e-12
1.20231e-11
-1.75353e-11
1.689e-11
-7.67047e-12
-7.36485e-12
2.25304e-11
-3.32147e-11
3.74448e-11
-3.58581e-11
3.03586e-11
-2.38653e-11
1.96204e-11
-2.04383e-11
2.66012e-11
-3.49766e-11
3.98381e-11
-3.67928e-11
2.61021e-11
-1.33327e-11
5.29876e-12
-5.48794e-12
1.16693e-11
-1.8196e-11
1.96324e-11
-1.39206e-11
2.42676e-12
1.12325e-11
-2.3297e-11
3.06644e-11
-3.18137e-11
2.72405e-11
-2.03651e-11
1.62967e-11
-1.91306e-11
2.83916e-11
-3.88959e-11
4.37544e-11
-3.93703e-11
2.7576e-11
-1.45032e-11
6.26704e-12
-5.63852e-12
1.07454e-11
-1.71998e-11
2.05529e-11
-1.83212e-11
9.99361e-12
2.70798e-12
-1.61627e-11
2.54866e-11
-2.7332e-11
2.21982e-11
-1.50685e-11
1.2245e-11
-1.7414e-11
2.87364e-11
-4.01625e-11
4.51216e-11
-4.09964e-11
3.01402e-11
-1.80453e-11
9.57629e-12
-7.16331e-12
1.03343e-11
-1.66781e-11
2.22011e-11
-2.28035e-11
1.66936e-11
-7.84182e-12
2.14874e-12
-1.85024e-13
8.22785e-14
2.55588e-14
4.07014e-15
0
