0
2.52969e-16
3.57986e-15
2.30471e-14
8.54119e-14
-3.62076e-13
3.09645e-12
-9.51607e-12
1.52929e-11
-1.26162e-11
1.13426e-12
1.32834e-11
-2.52401e-11
3.23764e-11
-3.59884e-11
3.91462e-11
-4.37061e-11
4.70322e-11
-4.35612e-11
3.02839e-11
-1.1608e-11
-3.28214e-12
7.39232e-12
-1.16936e-12
-9.11426e-12
1.58711e-11
-1.46142e-11
5.56143e-12
6.54779e-12
-1.62306e-11
2.17254e-11
-2.66433e-11
3.51053e-11
-4.6129e-11
5.29588e-11
-4.927e-11
3.46619e-11
-1.5355e-11
-2.23953e-13
5.81959e-12
-7.98928e-13
-9.50855e-12
1.66564e-11
-1.55055e-11
7.85932e-12
-1.84979e-15
-4.55026e-12
8.20068e-12
-1.60799e-11
2.97467e-11
-4.52349e-11
5.52538e-11
-5.38342e-11
3.97922e-11
-1.88541e-11
1.13304e-12
5.11677e-12
3.45976e-14
-9.06187e-12
1.38842e-11
-1.26608e-11
9.07974e-12
-7.24906e-12
7.19337e-12
-5.26793e-12
-3.19117e-12
1.98136e-11
-4.0565e-11
5.59325e-11
-5.69525e-11
4.23246e-11
-2.0596e-11
3.43818e-12
2.75279e-12
-1.15859e-13
-5.07483e-12
7.8905e-12
-7.82408e-12
7.6798e-12
-1.07978e-11
1.67856e-11
-1.99608e-11
1.25221e-11
7.74731e-12
-3.35696e-11
5.2111e-11
-5.46415e-11
4.20129e-11
-2.28712e-11
6.74306e-12
1.08899e-12
-1.58652e-12
-3.46577e-13
2.03864e-13
1.40262e-12
6.8192e-13
-1.04809e-11
2.44509e-11
-3.26224e-11
2.61563e-11
-5.08997e-12
-2.16221e-11
4.18713e-11
-4.77665e-11
3.91039e-11
-2.29312e-11
8.43051e-12
-8.76924e-13
-1.74314e-12
4.88434e-12
-1.06662e-11
1.44001e-11
-9.33202e-12
-6.22229e-12
2.5622e-11
-3.81797e-11
3.58182e-11
-1.82835e-11
-6.7748e-12
2.76425e-11
-3.57044e-11
3.04443e-11
-1.90018e-11
9.15791e-12
-3.16565e-12
-2.58464e-12
1.14255e-11
-2.16308e-11
2.67489e-11
-2.10347e-11
3.96093e-12
1.81869e-11
-3.53166e-11
3.87064e-11
-2.6875e-11
6.78198e-12
1.06061e-11
-1.83222e-11
1.69669e-11
-1.19363e-11
7.01683e-12
-1.89423e-12
-5.95138e-12
1.71464e-11
-2.89602e-11
3.58879e-11
-3.27026e-11
1.78176e-11
3.86936e-12
-2.29179e-11
3.1021e-11
-2.69274e-11
1.60785e-11
-5.65002e-12
-6.18124e-13
2.58246e-12
-1.657e-12
-1.21884e-12
5.62464e-12
-1.20418e-11
2.10236e-11
-3.16308e-11
3.96706e-11
-3.99156e-11
3.02454e-11
-1.42045e-11
-1.93437e-12
1.32773e-11
-1.83753e-11
1.78828e-11
-1.39656e-11
9.84186e-12
-8.76726e-12
1.13288e-11
-1.53964e-11
1.86094e-11
-2.12463e-11
2.49569e-11
-3.02559e-11
3.54059e-11
-3.83132e-11
3.73545e-11
-3.15076e-11
2.05938e-11
-7.2473e-12
-3.67718e-12
8.51971e-12
-8.64814e-12
8.98641e-12
-1.35144e-11
2.17572e-11
-3.01898e-11
3.49903e-11
-3.44626e-11
2.96276e-11
-2.45402e-11
2.39145e-11
-2.93554e-11
3.66635e-11
-3.91044e-11
3.33127e-11
-2.26199e-11
1.33296e-11
-9.00418e-12
7.49023e-12
-3.57509e-12
-6.89477e-12
2.3412e-11
-4.0465e-11
4.98658e-11
-4.64841e-11
3.26894e-11
-1.79529e-11
1.16435e-11
-1.60222e-11
2.50699e-11
-3.09063e-11
3.02484e-11
-2.61089e-11
2.34585e-11
-2.45469e-11
2.6428e-11
-2.28958e-11
8.68933e-12
1.51304e-11
-3.98589e-11
5.35476e-11
-4.98891e-11
3.29673e-11
-1.40977e-11
2.77023e-12
-1.12922e-12
4.97232e-12
-9.35173e-12
1.21082e-11
-1.45911e-11
1.93774e-11
-2.74783e-11
3.53433e-11
-3.58232e-11
2.31947e-11
4.64023e-13
-2.53026e-11
4.01347e-11
-4.02304e-11
2.85686e-11
-1.21003e-11
-3.00968e-12
1.29046e-11
-1.66231e-11
1.5515e-11
-1.19539e-11
6.60453e-12
1.58371e-12
-1.28008e-11
2.3478e-11
-2.82026e-11
2.38359e-11
-1.21362e-11
-2.28306e-12
1.44493e-11
-2.04534e-11
1.75571e-11
-6.01304e-12
-1.00518e-11
2.41155e-11
-3.16455e-11
3.22375e-11
-2.86627e-11
2.36731e-11
-1.87929e-11
1.41095e-11
-8.96363e-12
2.2357e-12
5.77792e-12
-1.23414e-11
1.34401e-11
-8.22836e-12
1.21677e-12
2.83886e-13
7.31712e-12
-2.0808e-11
3.26104e-11
-3.70213e-11
3.36814e-11
-2.73478e-11
2.41877e-11
-2.79525e-11
3.65622e-11
-4.27437e-11
3.88324e-11
-2.37917e-11
4.64448e-12
9.12861e-12
-1.39791e-11
1.40942e-11
-1.63575e-11
2.34152e-11
-3.22044e-11
3.67997e-11
-3.32285e-11
2.23707e-11
-1.08869e-11
7.60023e-12
-1.72758e-11
3.54993e-11
-5.12892e-11
5.50746e-11
-4.56057e-11
2.86991e-11
-1.13989e-11
-2.93091e-12
1.41719e-11
-2.32836e-11
3.02452e-11
-3.38672e-11
3.18126e-11
-2.25627e-11
7.75306e-12
6.52112e-12
-1.29639e-11
7.8277e-12
6.28452e-12
-2.29661e-11
3.58518e-11
-4.11257e-11
3.71198e-11
-2.46449e-11
7.41071e-12
8.4262e-12
-1.78926e-11
1.99613e-11
-1.73046e-11
1.25365e-11
-6.26833e-12
-2.21506e-12
1.25017e-11
-2.26831e-11
2.96479e-11
-3.01399e-11
2.19272e-11
-6.85733e-12
-8.15542e-12
1.44772e-11
-9.03181e-12
-2.64805e-12
1.05885e-11
-8.89459e-12
-5.32797e-13
1.06649e-11
-1.55946e-11
1.40623e-11
-9.9807e-12
9.48147e-12
-1.68004e-11
3.0068e-11
-4.19801e-11
4.52371e-11
-3.93209e-11
3.069e-11
-2.66617e-11
2.81691e-11
-2.94887e-11
2.36458e-11
-8.75316e-12
-1.09451e-11
2.7841e-11
-3.55915e-11
3.2031e-11
-2.07044e-11
8.95416e-12
-3.87042e-12
7.58473e-12
-1.7032e-11
2.74017e-11
-3.63074e-11
4.34318e-11
-4.81383e-11
4.82023e-11
-4.21468e-11
3.06205e-11
-1.56535e-11
-1.31098e-12
1.8373e-11
-3.16593e-11
3.58727e-11
-2.84793e-11
1.2222e-11
5.78815e-12
-1.81104e-11
1.98052e-11
-1.04904e-11
-5.29196e-12
1.9314e-11
-2.47344e-11
2.08716e-11
-1.37046e-11
9.71033e-12
-9.88631e-12
9.24615e-12
-3.05025e-12
-7.86919e-12
1.69594e-11
-1.74524e-11
7.22524e-12
9.48858e-12
-2.4903e-11
3.19259e-11
-2.89061e-11
2.09119e-11
-1.65978e-11
2.0912e-11
-3.07616e-11
3.73101e-11
-3.40268e-11
2.16083e-11
-6.39431e-12
-5.71991e-12
1.23486e-11
-1.41744e-11
1.28409e-11
-1.06438e-11
9.6952e-12
-1.09244e-11
1.33385e-11
-1.60683e-11
1.99064e-11
-2.68168e-11
3.6964e-11
-4.79234e-11
5.59525e-11
-5.81195e-11
5.21266e-11
-3.66354e-11
1.29061e-11
1.26798e-11
-3.052e-11
3.34892e-11
-2.27054e-11
6.6036e-12
5.11516e-12
-8.06715e-12
4.08212e-12
1.86825e-12
-6.09604e-12
8.02832e-12
-1.02843e-11
1.59304e-11
-2.50129e-11
3.21773e-11
-3.0052e-11
1.5889e-11
4.01793e-12
-1.85754e-11
2.03823e-11
-1.11794e-11
-1.309e-12
9.85745e-12
-1.22511e-11
1.06099e-11
-9.22655e-12
1.18161e-11
-1.97017e-11
3.02988e-11
-3.86705e-11
4.06937e-11
-3.6072e-11
2.73535e-11
-1.74078e-11
7.58681e-12
1.02067e-12
-6.93172e-12
9.0962e-12
-8.85198e-12
8.67786e-12
-9.44998e-12
9.13099e-12
-6.30847e-12
3.68416e-12
-7.46446e-12
2.14514e-11
-4.27743e-11
6.25492e-11
-7.14277e-11
6.44121e-11
-4.35859e-11
1.71323e-11
4.21651e-12
-1.35982e-11
1.20944e-11
-7.25501e-12
5.61709e-12
-7.27113e-12
6.99243e-12
-1.23909e-12
-7.66121e-12
1.33149e-11
-1.13603e-11
2.5666e-12
8.17884e-12
-1.56977e-11
1.67302e-11
-1.12062e-11
2.0299e-12
5.74154e-12
-8.09263e-12
4.63131e-12
1.12299e-12
-5.18003e-12
5.64906e-12
-3.1358e-12
-8.0615e-13
3.34866e-12
-3.42846e-13
-1.17291e-11
3.12026e-11
-5.0396e-11
6.02065e-11
-5.73432e-11
4.60066e-11
-3.35342e-11
2.39286e-11
-1.63092e-11
7.58765e-12
3.20467e-12
-1.36007e-11
1.87176e-11
-1.47564e-11
2.19615e-12
1.23068e-11
-1.89198e-11
1.08818e-11
9.56752e-12
-3.24006e-11
4.68703e-11
-4.90166e-11
4.20089e-11
-3.14874e-11
2.09256e-11
-1.1851e-11
5.20936e-12
-1.60002e-12
-2.12151e-13
2.33363e-12
-5.57338e-12
7.96734e-12
-6.88247e-12
1.31506e-12
7.13479e-12
-1.58634e-11
2.23668e-11
-2.53701e-11
2.52513e-11
-2.45982e-11
2.61407e-11
-2.96464e-11
3.0135e-11
-2.18758e-11
4.65132e-12
1.33395e-11
-2.11845e-11
1.39626e-11
2.88959e-12
-1.82715e-11
2.30416e-11
-1.48957e-11
-2.63285e-12
2.30029e-11
-4.00235e-11
4.99552e-11
-5.29853e-11
5.16145e-11
-4.78789e-11
4.12947e-11
-3.07911e-11
1.72858e-11
-4.38399e-12
-4.5982e-12
8.66254e-12
-8.7617e-12
5.39027e-12
1.10706e-12
-8.63706e-12
1.25347e-11
-9.50378e-12
1.68666e-12
3.60807e-12
-3.94206e-13
-1.05234e-11
2.16511e-11
-2.49748e-11
1.73682e-11
-2.5e-12
-1.18061e-11
1.75557e-11
-1.14372e-11
-2.96238e-12
1.67898e-11
-2.22245e-11
1.74875e-11
-6.93239e-12
-4.50813e-12
1.55046e-11
-2.78352e-11
4.17442e-11
-5.40522e-11
6.02789e-11
-5.86558e-11
5.03479e-11
-3.74417e-11
2.14468e-11
-5.1212e-12
-6.7802e-12
9.61615e-12
-3.21403e-12
-7.34535e-12
1.47007e-11
-1.41475e-11
5.82197e-12
5.37863e-12
-1.25901e-11
1.05962e-11
-6.89771e-14
-1.1973e-11
1.63846e-11
-9.41009e-12
-4.14078e-12
1.45953e-11
-1.57285e-11
8.75436e-12
3.72491e-13
-7.37769e-12
1.18292e-11
-1.4881e-11
1.59e-11
-1.30868e-11
5.43569e-12
6.23749e-12
-2.07837e-11
3.68934e-11
-5.22742e-11
6.27427e-11
-6.42478e-11
5.52592e-11
-3.82671e-11
1.85571e-11
-2.67487e-12
-4.05503e-12
-8.81255e-14
1.07787e-11
-1.92192e-11
1.76106e-11
-5.92184e-12
-7.66748e-12
1.32537e-11
-7.89872e-12
-2.80064e-12
1.03151e-11
-1.05477e-11
5.08138e-12
2.03988e-12
-8.03851e-12
1.14749e-11
-1.16194e-11
8.19856e-12
-2.32576e-12
-4.25794e-12
1.01626e-11
-1.50511e-11
1.83086e-11
-1.84864e-11
1.36116e-11
-2.84965e-12
-1.32898e-11
3.28559e-11
-5.23706e-11
6.58727e-11
-6.69692e-11
5.34595e-11
-3.15667e-11
1.30216e-11
-6.81985e-12
1.20656e-11
-1.98752e-11
2.12786e-11
-1.4247e-11
3.18277e-12
5.75938e-12
-9.11721e-12
6.44076e-12
5.59364e-13
-9.06864e-12
1.53635e-11
-1.65792e-11
1.22298e-11
-4.75374e-12
-2.61835e-12
7.45676e-12
-8.78375e-12
6.33533e-12
-1.08299e-12
-4.94416e-12
9.80552e-12
-1.39047e-11
1.89354e-11
-2.44201e-11
2.506e-11
-1.4395e-11
-8.58869e-12
3.58801e-11
-5.54842e-11
5.99675e-11
-5.15488e-11
3.86024e-11
-2.88607e-11
2.485e-11
-2.50305e-11
2.62091e-11
-2.52924e-11
1.95977e-11
-8.63612e-12
-4.72976e-12
1.48609e-11
-1.69602e-11
9.71342e-12
3.98668e-12
-1.89443e-11
2.94027e-11
-3.14893e-11
2.50578e-11
-1.46832e-11
6.71923e-12
-4.7158e-12
6.37682e-12
-6.71385e-12
3.7929e-12
-1.70106e-12
5.97806e-12
-1.71062e-11
2.84474e-11
-3.19032e-11
2.42297e-11
-8.75137e-12
-8.77375e-12
2.37627e-11
-3.38405e-11
3.76469e-11
-3.54631e-11
3.00501e-11
-2.62805e-11
2.75261e-11
-3.27966e-11
3.66428e-11
-3.3143e-11
1.97097e-11
7.60813e-13
-2.10943e-11
3.24698e-11
-2.90958e-11
1.19325e-11
1.06632e-11
-2.83603e-11
3.56696e-11
-3.50194e-11
3.23582e-11
-3.11348e-11
3.00069e-11
-2.66916e-11
2.16026e-11
-1.77123e-11
1.65467e-11
-1.6717e-11
1.60082e-11
-1.47818e-11
1.49936e-11
-1.68445e-11
1.69445e-11
-1.18312e-11
2.0325e-12
7.34067e-12
-1.12474e-11
8.89517e-12
-4.58589e-12
4.08106e-12
-1.07558e-11
2.29114e-11
-3.44382e-11
3.74752e-11
-2.73208e-11
5.86725e-12
1.82855e-11
-3.5035e-11
3.85828e-11
-3.00709e-11
1.44791e-11
3.13982e-12
-1.92077e-11
3.03428e-11
-3.42126e-11
3.19333e-11
-2.92555e-11
3.21642e-11
-4.11577e-11
4.95227e-11
-4.92459e-11
3.81093e-11
-2.1798e-11
8.26707e-12
-1.47775e-12
-3.30236e-13
4.79446e-13
-2.91424e-13
-1.33373e-12
5.28668e-12
-1.11795e-11
1.74546e-11
-2.2392e-11
2.39812e-11
-2.0767e-11
1.28241e-11
-2.87735e-12
-4.94895e-12
6.95509e-12
-1.79077e-12
-9.52195e-12
2.34476e-11
-3.45231e-11
3.66632e-11
-2.72708e-11
1.03805e-11
4.393e-12
-9.10825e-12
4.01334e-12
2.32342e-12
-7.53468e-13
-1.12535e-11
2.84816e-11
-4.35129e-11
5.1402e-11
-5.05292e-11
4.03807e-11
-2.18294e-11
-9.84968e-13
2.00416e-11
-2.79955e-11
2.33953e-11
-1.19558e-11
1.28251e-12
4.80242e-12
-8.11236e-12
1.25188e-11
-2.02025e-11
2.99155e-11
-3.85892e-11
4.31815e-11
-4.26115e-11
3.80433e-11
-3.24532e-11
2.82578e-11
-2.55748e-11
2.19899e-11
-1.55502e-11
7.16296e-12
-5.15631e-13
-1.44676e-12
-1.47333e-12
7.39674e-12
-1.48838e-11
2.25451e-11
-2.73352e-11
2.43407e-11
-1.13226e-11
-7.07913e-12
2.01989e-11
-1.92474e-11
4.42878e-12
1.48498e-11
-2.79339e-11
3.02913e-11
-2.48488e-11
1.69937e-11
-1.05991e-11
7.28882e-12
-7.96497e-12
1.1981e-11
-1.58002e-11
1.3363e-11
-5.73986e-13
-2.07355e-11
4.25234e-11
-5.56643e-11
5.52366e-11
-4.29453e-11
2.4782e-11
-7.63211e-12
-4.04928e-12
9.36818e-12
-1.08364e-11
1.16207e-11
-1.2892e-11
1.26661e-11
-8.39873e-12
-2.66941e-13
1.07243e-11
-2.02684e-11
2.81926e-11
-3.5452e-11
4.17139e-11
-4.48713e-11
4.32434e-11
-3.84334e-11
3.3644e-11
-2.97868e-11
2.36387e-11
-1.21997e-11
-2.1818e-12
1.14909e-11
-8.92448e-12
-4.72392e-12
2.08961e-11
-3.03952e-11
2.96916e-11
-2.18386e-11
1.18806e-11
-3.62297e-12
-6.09183e-13
-1.41196e-12
1.02134e-11
-2.24272e-11
3.09304e-11
-2.98661e-11
1.94029e-11
-6.52789e-12
-9.37721e-14
-4.12468e-12
1.67064e-11
-3.03531e-11
3.69463e-11
-3.17857e-11
1.53788e-11
6.4996e-12
-2.58713e-11
3.63846e-11
-3.65329e-11
2.89804e-11
-1.81324e-11
7.51914e-12
3.66953e-13
-4.3216e-12
4.91951e-12
-5.43541e-12
9.71392e-12
-1.8553e-11
2.71906e-11
-2.85308e-11
1.9039e-11
-2.38718e-12
-1.4194e-11
2.61457e-11
-3.45624e-11
4.22323e-11
-4.89188e-11
5.07563e-11
-4.50424e-11
3.34681e-11
-2.07751e-11
9.88551e-12
-5.26805e-13
-8.04518e-12
1.34387e-11
-1.18628e-11
2.76482e-12
8.5817e-12
-1.52966e-11
1.49541e-11
-1.20114e-11
1.32222e-11
-2.1767e-11
3.46569e-11
-4.58555e-11
5.02595e-11
-4.61044e-11
3.4366e-11
-1.84318e-11
3.47306e-12
4.56999e-12
-2.24553e-12
-9.09476e-12
2.32024e-11
-3.25193e-11
3.19668e-11
-2.1775e-11
7.06871e-12
4.34631e-12
-6.30918e-12
-2.26108e-12
1.59544e-11
-2.62308e-11
2.68421e-11
-1.82905e-11
6.61547e-12
1.14575e-12
-1.44607e-12
-5.63544e-12
1.78473e-11
-3.18226e-11
4.22007e-11
-4.29381e-11
3.10111e-11
-1.05451e-11
-8.82803e-12
1.8536e-11
-1.78378e-11
1.31089e-11
-1.13248e-11
1.36563e-11
-1.63142e-11
1.55682e-11
-1.14697e-11
5.70761e-12
1.57493e-12
-1.19738e-11
2.47429e-11
-3.49547e-11
3.64243e-11
-2.77375e-11
1.36038e-11
-5.53626e-13
-9.22263e-12
1.82174e-11
-2.9138e-11
4.02634e-11
-4.67393e-11
4.50666e-11
-3.65265e-11
2.52641e-11
-1.4725e-11
5.62904e-12
2.16983e-12
-8.13374e-12
1.11889e-11
-1.17584e-11
1.15257e-11
-1.15799e-11
1.02089e-11
-4.05378e-12
-9.09895e-12
2.74352e-11
-4.56087e-11
5.71229e-11
-5.7886e-11
4.79174e-11
-3.17322e-11
1.61072e-11
-7.03053e-12
6.22551e-12
-1.07165e-11
1.49416e-11
-1.47808e-11
9.39856e-12
-1.18322e-12
-6.06794e-12
8.02043e-12
-1.32163e-12
-1.45492e-11
3.48244e-11
-5.05308e-11
5.32462e-11
-4.16515e-11
2.29413e-11
-8.04569e-12
3.66359e-12
-9.06752e-12
1.85922e-11
-2.69536e-11
3.10974e-11
-2.94726e-11
2.11641e-11
-8.20781e-12
-3.06099e-12
4.62581e-12
6.19905e-12
-2.31534e-11
3.46907e-11
-3.32999e-11
2.08236e-11
-6.0429e-12
-3.1813e-12
4.31679e-12
9.39056e-13
-1.06863e-11
2.32004e-11
-3.49646e-11
4.00235e-11
-3.45245e-11
2.11775e-11
-8.72304e-12
4.69407e-12
-9.25719e-12
1.53803e-11
-1.58705e-11
9.06187e-12
1.06392e-12
-9.94167e-12
1.54585e-11
-1.72639e-11
1.40734e-11
-4.46774e-12
-1.03563e-11
2.50202e-11
-3.3466e-11
3.34935e-11
-2.84568e-11
2.33514e-11
-2.03639e-11
1.74456e-11
-1.17202e-11
2.61286e-12
7.60803e-12
-1.65578e-11
2.31854e-11
-2.74862e-11
2.8751e-11
-2.58431e-11
1.83076e-11
-7.668e-12
-3.65183e-12
1.36955e-11
-2.20014e-11
2.83947e-11
-3.20843e-11
3.13525e-11
-2.50633e-11
1.34956e-11
1.12846e-12
-1.56258e-11
2.67287e-11
-3.27145e-11
3.3888e-11
-3.24676e-11
3.06186e-11
-2.89745e-11
2.5917e-11
-1.9368e-11
8.53312e-12
5.04709e-12
-1.87119e-11
2.94579e-11
-3.44895e-11
3.11228e-11
-1.85337e-11
-5.94696e-13
1.9751e-11
-3.22292e-11
3.53935e-11
-3.26615e-11
3.00166e-11
-3.11348e-11
3.47237e-11
-3.69643e-11
3.47683e-11
-2.73798e-11
1.49713e-11
1.58859e-12
-1.95132e-11
3.25426e-11
-3.36952e-11
2.04751e-11
1.43108e-12
-2.15515e-11
3.18598e-11
-3.22448e-11
2.84999e-11
-2.66117e-11
2.83792e-11
-3.25863e-11
3.75191e-11
-4.17537e-11
4.20619e-11
-3.38691e-11
1.51603e-11
8.75522e-12
-2.68286e-11
2.95503e-11
-1.66029e-11
-3.43828e-12
1.99839e-11
-2.80278e-11
2.89271e-11
-2.65354e-11
2.33711e-11
-2.14175e-11
2.34614e-11
-3.18103e-11
4.3843e-11
-5.13137e-11
4.55632e-11
-2.57295e-11
7.23188e-13
1.6754e-11
-1.97234e-11
1.03328e-11
3.92057e-12
-1.68943e-11
2.57744e-11
-2.93966e-11
2.66377e-11
-1.88666e-11
1.18075e-11
-1.31715e-11
2.55614e-11
-4.26442e-11
5.26726e-11
-4.79555e-11
3.05564e-11
-1.00776e-11
-4.44205e-12
9.43174e-12
-6.14461e-12
-3.16551e-12
1.58656e-11
-2.76009e-11
3.2184e-11
-2.62553e-11
1.3588e-11
-4.24146e-12
6.67141e-12
-2.07283e-11
3.74654e-11
-4.67871e-11
4.44346e-11
-3.33249e-11
1.89328e-11
-5.7296e-12
-3.21309e-12
4.6007e-12
3.44458e-12
-1.81806e-11
3.12261e-11
-3.40163e-11
2.46928e-11
-1.05007e-11
1.87039e-12
-4.55001e-12
1.59494e-11
-2.90488e-11
3.79016e-11
-4.02983e-11
3.59013e-11
-2.52448e-11
1.08201e-11
1.18299e-12
-3.70557e-12
-5.75278e-12
2.14659e-11
-3.31608e-11
3.35366e-11
-2.3816e-11
1.14831e-11
-4.04725e-12
4.14397e-12
-1.04338e-11
2.02279e-11
-3.08493e-11
3.83059e-11
-3.79577e-11
2.7691e-11
-1.17729e-11
-6.72923e-13
1.80003e-12
8.44478e-12
-2.26597e-11
3.18482e-11
-3.20436e-11
2.51341e-11
-1.57288e-11
7.49785e-12
-3.13626e-12
4.95617e-12
-1.41398e-11
2.76845e-11
-3.83176e-11
3.86391e-11
-2.75718e-11
1.17786e-11
-1.06426e-12
8.473e-13
-9.36658e-12
2.03486e-11
-2.84537e-11
3.12646e-11
-2.84538e-11
2.03487e-11
-9.36661e-12
8.47352e-13
-1.06449e-12
1.1779e-11
-2.75725e-11
3.86398e-11
-3.83181e-11
2.76849e-11
-1.41402e-11
4.95651e-12
-3.13658e-12
7.49805e-12
-1.57289e-11
2.51342e-11
-3.20437e-11
3.18484e-11
-2.26598e-11
8.44473e-12
1.80031e-12
-6.73338e-13
-1.17725e-11
2.76906e-11
-3.79572e-11
3.83053e-11
-3.08487e-11
2.02274e-11
-1.04335e-11
4.14374e-12
-4.04701e-12
1.14827e-11
-2.38157e-11
3.35363e-11
-3.31606e-11
2.14658e-11
-5.75279e-12
-3.70543e-12
1.18267e-12
1.08206e-11
-2.52454e-11
3.59019e-11
-4.02988e-11
3.7902e-11
-2.90491e-11
1.59497e-11
-4.55043e-12
1.87086e-12
-1.05012e-11
2.46933e-11
-3.40167e-11
3.12265e-11
-1.81808e-11
3.44453e-12
4.60091e-12
-3.21337e-12
-5.72931e-12
1.89325e-11
-3.33246e-11
4.44343e-11
-4.67867e-11
3.74649e-11
-2.07276e-11
6.67064e-12
-4.24065e-12
1.35873e-11
-2.62547e-11
3.21836e-11
-2.76006e-11
1.58655e-11
-3.16538e-12
-6.14471e-12
9.4318e-12
-4.44202e-12
-1.00778e-11
3.05568e-11
-4.7956e-11
5.26733e-11
-4.2645e-11
2.55622e-11
-1.31722e-11
1.18081e-11
-1.88671e-11
2.66381e-11
-2.93971e-11
2.57748e-11
-1.68947e-11
3.92083e-12
1.03327e-11
-1.97234e-11
1.67542e-11
7.22705e-13
-2.57288e-11
4.55625e-11
-5.13132e-11
4.38426e-11
-3.18099e-11
2.3461e-11
-2.14171e-11
2.33706e-11
-2.6535e-11
2.89268e-11
-2.80276e-11
1.99838e-11
-3.4383e-12
-1.66027e-11
2.95499e-11
-2.68281e-11
8.7549e-12
1.51605e-11
-3.38691e-11
4.20619e-11
-4.17539e-11
3.75193e-11
-3.25864e-11
2.83793e-11
-2.66118e-11
2.85e-11
-3.22448e-11
3.18598e-11
-2.15514e-11
1.43087e-12
2.04753e-11
-3.36953e-11
3.25426e-11
-1.95132e-11
1.58849e-12
1.49714e-11
-2.738e-11
3.47685e-11
-3.69645e-11
3.47238e-11
-3.11348e-11
3.00165e-11
-3.26614e-11
3.53935e-11
-3.22291e-11
1.9751e-11
-5.9468e-13
-1.85337e-11
3.11228e-11
-3.44896e-11
2.94581e-11
-1.87122e-11
5.04742e-12
8.5328e-12
-1.93678e-11
2.59169e-11
-2.89747e-11
3.06189e-11
-3.24679e-11
3.38883e-11
-3.27147e-11
2.67288e-11
-1.56259e-11
1.12854e-12
1.34955e-11
-2.50632e-11
3.13523e-11
-3.2084e-11
2.83944e-11
-2.20012e-11
1.36954e-11
-3.65199e-12
-7.66766e-12
1.83072e-11
-2.58427e-11
2.87506e-11
-2.74858e-11
2.3185e-11
-1.65575e-11
7.60784e-12
2.613e-12
-1.17204e-11
1.74459e-11
-2.03642e-11
2.33516e-11
-2.84569e-11
3.34934e-11
-3.34658e-11
2.502e-11
-1.0356e-11
-4.46818e-12
1.40739e-11
-1.72644e-11
1.5459e-11
-9.94194e-12
1.0641e-12
9.0617e-12
-1.58703e-11
1.53801e-11
-9.25708e-12
4.69398e-12
-8.72295e-12
2.11774e-11
-3.45245e-11
4.00237e-11
-3.49649e-11
2.32008e-11
-1.06867e-11
9.39312e-13
4.31662e-12
-3.1812e-12
-6.04292e-12
2.08235e-11
-3.32999e-11
3.46907e-11
-2.31535e-11
6.19919e-12
4.62574e-12
-3.06103e-12
-8.20769e-12
2.11639e-11
-2.94725e-11
3.10974e-11
-2.69535e-11
1.85923e-11
-9.06765e-12
3.66382e-12
-8.04595e-12
2.29415e-11
-4.16516e-11
5.32462e-11
-5.05307e-11
3.48244e-11
-1.45492e-11
-1.32159e-12
8.02039e-12
-6.0679e-12
-1.18325e-12
9.3986e-12
-1.47808e-11
1.49415e-11
-1.07163e-11
6.2252e-12
-7.03016e-12
1.6107e-11
-3.17321e-11
4.79175e-11
-5.78862e-11
5.7123e-11
-4.56087e-11
2.74351e-11
-9.09883e-12
-4.05399e-12
1.02092e-11
-1.15803e-11
1.1526e-11
-1.17585e-11
1.11887e-11
-8.13337e-12
2.16951e-12
5.62916e-12
-1.47249e-11
2.5264e-11
-3.65264e-11
4.50666e-11
-4.67393e-11
4.02635e-11
-2.91383e-11
1.82179e-11
-9.22317e-12
-5.53164e-13
1.36036e-11
-2.77375e-11
3.64244e-11
-3.49549e-11
2.4743e-11
-1.19738e-11
1.57491e-12
5.70763e-12
-1.14697e-11
1.55682e-11
-1.63141e-11
1.36561e-11
-1.13245e-11
1.31086e-11
-1.78376e-11
1.85358e-11
-8.82798e-12
-1.0545e-11
3.10109e-11
-4.2938e-11
4.22007e-11
-3.18227e-11
1.78475e-11
-5.6357e-12
-1.44594e-12
1.14582e-12
6.61524e-12
-1.82902e-11
2.68418e-11
-2.62306e-11
1.59543e-11
-2.2611e-12
-6.30896e-12
4.34597e-12
7.06901e-12
-2.17751e-11
3.19665e-11
-3.25189e-11
2.3202e-11
-9.09458e-12
-2.24545e-12
4.56972e-12
3.47344e-12
-1.84322e-11
3.43664e-11
-4.61046e-11
5.02595e-11
-4.58552e-11
3.46565e-11
-2.17666e-11
1.3222e-11
-1.20115e-11
1.49543e-11
-1.52967e-11
8.58179e-12
2.76488e-12
-1.1863e-11
1.3439e-11
-8.04556e-12
-5.26452e-13
9.88527e-12
-2.0775e-11
3.34681e-11
-4.50425e-11
5.07564e-11
-4.89189e-11
4.22323e-11
-3.45623e-11
2.61457e-11
-1.4194e-11
-2.38711e-12
1.90388e-11
-2.85305e-11
2.71903e-11
-1.85527e-11
9.71362e-12
-5.43508e-12
4.91914e-12
-4.32119e-12
3.66543e-13
7.51953e-12
-1.81327e-11
2.89807e-11
-3.65331e-11
3.63847e-11
-2.58712e-11
6.49944e-12
1.53791e-11
-3.17861e-11
3.69467e-11
-3.03536e-11
1.6707e-11
-4.12539e-12
-9.30698e-14
-6.5285e-12
1.94034e-11
-2.98664e-11
3.09307e-11
-2.24275e-11
1.02136e-11
-1.41206e-12
-6.09192e-13
-3.62285e-12
1.18803e-11
-2.18382e-11
2.9691e-11
-3.03946e-11
2.08955e-11
-4.72355e-12
-8.92458e-12
1.14908e-11
-2.1817e-12
-1.21997e-11
2.36387e-11
-2.97867e-11
3.36438e-11
-3.84332e-11
4.32432e-11
-4.48713e-11
4.17139e-11
-3.54521e-11
2.81927e-11
-2.02682e-11
1.0724e-11
-2.66536e-13
-8.39913e-12
1.26664e-11
-1.28921e-11
1.16206e-11
-1.08362e-11
9.3679e-12
-4.04901e-12
-7.63234e-12
2.47822e-11
-4.29455e-11
5.52369e-11
-5.56647e-11
4.25238e-11
-2.07359e-11
-5.73663e-13
1.33629e-11
-1.58004e-11
1.19814e-11
-7.96537e-12
7.28916e-12
-1.05994e-11
1.69939e-11
-2.4849e-11
3.02914e-11
-2.79341e-11
1.485e-11
4.42864e-12
-1.92473e-11
2.01989e-11
-7.07931e-12
-1.13222e-11
2.43404e-11
-2.73349e-11
2.25449e-11
-1.48837e-11
7.39664e-12
-1.47322e-12
-1.44688e-12
-5.15513e-13
7.16285e-12
-1.55501e-11
2.19899e-11
-2.55749e-11
2.8258e-11
-3.24535e-11
3.80436e-11
-4.26116e-11
4.31815e-11
-3.85891e-11
2.99154e-11
-2.02025e-11
1.25189e-11
-8.11247e-12
4.80266e-12
1.28212e-12
-1.19554e-11
2.3395e-11
-2.79953e-11
2.00417e-11
-9.85112e-13
-2.18292e-11
4.03805e-11
-5.0529e-11
5.14018e-11
-4.35128e-11
2.84815e-11
-1.12535e-11
-7.53624e-13
2.32368e-12
4.01305e-12
-9.10798e-12
4.39283e-12
1.03805e-11
-2.72706e-11
3.66628e-11
-3.45227e-11
2.34471e-11
-9.52156e-12
-1.79108e-12
6.95531e-12
-4.9491e-12
-2.8773e-12
1.28242e-11
-2.07672e-11
2.39815e-11
-2.23924e-11
1.7455e-11
-1.11799e-11
5.287e-12
-1.33395e-12
-2.9133e-13
4.79473e-13
-3.30324e-13
-1.47768e-12
8.26705e-12
-2.1798e-11
3.81092e-11
-4.92457e-11
4.95222e-11
-4.11573e-11
3.21639e-11
-2.92553e-11
3.19332e-11
-3.42127e-11
3.03431e-11
-1.92082e-11
3.14045e-12
1.44785e-11
-3.00706e-11
3.85825e-11
-3.50349e-11
1.82853e-11
5.86749e-12
-2.7321e-11
3.74752e-11
-3.44382e-11
2.29113e-11
-1.07556e-11
4.08074e-12
-4.58553e-12
8.89484e-12
-1.12472e-11
7.34052e-12
2.03256e-12
-1.18312e-11
1.69445e-11
-1.68446e-11
1.49938e-11
-1.47821e-11
1.60083e-11
-1.67171e-11
1.65468e-11
-1.77124e-11
2.16028e-11
-2.66919e-11
3.00073e-11
-3.1135e-11
3.23584e-11
-3.50196e-11
3.56697e-11
-2.83604e-11
1.06633e-11
1.19324e-11
-2.90958e-11
3.24697e-11
-2.10944e-11
7.60926e-13
1.97095e-11
-3.31427e-11
3.66425e-11
-3.27963e-11
2.7526e-11
-2.62806e-11
3.00503e-11
-3.54632e-11
3.76469e-11
-3.38403e-11
2.37625e-11
-8.77348e-12
-8.75161e-12
2.42299e-11
-3.19034e-11
2.84476e-11
-1.71063e-11
5.97808e-12
-1.70099e-12
3.79281e-12
-6.71379e-12
6.37684e-12
-4.7159e-12
6.71939e-12
-1.46834e-11
2.50579e-11
-3.14893e-11
2.94025e-11
-1.8944e-11
3.98638e-12
9.71369e-12
-1.69604e-11
1.4861e-11
-4.72978e-12
-8.63617e-12
1.95978e-11
-2.52925e-11
2.62092e-11
-2.50305e-11
2.48501e-11
-2.8861e-11
3.86028e-11
-5.15493e-11
5.99678e-11
-5.54845e-11
3.58803e-11
-8.58886e-12
-1.43948e-11
2.50598e-11
-2.44199e-11
1.89353e-11
-1.39048e-11
9.8057e-12
-4.94443e-12
-1.08271e-12
6.33514e-12
-8.78367e-12
7.45675e-12
-2.61837e-12
-4.75369e-12
1.22297e-11
-1.6579e-11
1.53633e-11
-9.06846e-12
5.59148e-13
6.44102e-12
-9.11745e-12
5.75949e-12
3.18289e-12
-1.42473e-11
2.12791e-11
-1.98758e-11
1.2066e-11
-6.82022e-12
1.30219e-11
-3.1567e-11
5.34598e-11
-6.69695e-11
6.58728e-11
-5.23706e-11
3.28558e-11
-1.32896e-11
-2.84991e-12
1.36118e-11
-1.84866e-11
1.83087e-11
-1.50512e-11
1.01626e-11
-4.25778e-12
-2.32603e-12
8.19893e-12
-1.16199e-11
1.14754e-11
-8.03911e-12
2.04046e-12
5.08097e-12
-1.05475e-11
1.03151e-11
-2.80069e-12
-7.89868e-12
1.32537e-11
-7.66751e-12
-5.92181e-12
1.76106e-11
-1.92192e-11
1.07788e-11
-8.82806e-14
-4.05482e-12
-2.67507e-12
1.85573e-11
-3.82672e-11
5.52593e-11
-6.42479e-11
6.27426e-11
-5.2274e-11
3.68932e-11
-2.07836e-11
6.23756e-12
5.43538e-12
-1.30862e-11
1.58993e-11
-1.48802e-11
1.18285e-11
-7.3773e-12
3.72393e-13
8.75431e-12
-1.57285e-11
1.45954e-11
-4.1409e-12
-9.41001e-12
1.63846e-11
-1.1973e-11
-6.90844e-14
1.05964e-11
-1.25903e-11
5.37886e-12
5.82187e-12
-1.41477e-11
1.47011e-11
-7.34597e-12
-3.21337e-12
9.61565e-12
-6.77993e-12
-5.12125e-12
2.14467e-11
-3.74415e-11
5.03476e-11
-5.86556e-11
6.02788e-11
-5.40522e-11
4.17444e-11
-2.78354e-11
1.55046e-11
-4.50809e-12
-6.93244e-12
1.74875e-11
-2.22244e-11
1.67897e-11
-2.96242e-12
-1.14371e-11
1.75556e-11
-1.18059e-11
-2.50022e-12
1.73684e-11
-2.49749e-11
2.16512e-11
-1.05236e-11
-3.9396e-13
3.60784e-12
1.68683e-12
-9.50392e-12
1.2535e-11
-8.63745e-12
1.10758e-12
5.38975e-12
-8.76126e-12
8.66224e-12
-4.59804e-12
-4.38404e-12
1.72858e-11
-3.0791e-11
4.12945e-11
-4.78786e-11
5.16142e-11
-5.29848e-11
4.99549e-11
-4.00233e-11
2.30029e-11
-2.63295e-12
-1.48956e-11
2.30415e-11
-1.82715e-11
2.88972e-12
1.39623e-11
-2.11841e-11
1.33391e-11
4.65163e-12
-2.1876e-11
3.01351e-11
-2.96464e-11
2.61408e-11
-2.45984e-11
2.52517e-11
-2.53706e-11
2.23674e-11
-1.5864e-11
7.13545e-12
1.31442e-12
-6.88184e-12
7.9668e-12
-5.57303e-12
2.33357e-12
-2.12358e-13
-1.59965e-12
5.20901e-12
-1.18508e-11
2.09256e-11
-3.14876e-11
4.20092e-11
-4.9017e-11
4.68707e-11
-3.2401e-11
9.56779e-12
1.08816e-11
-1.89197e-11
1.23069e-11
2.19599e-12
-1.47562e-11
1.87174e-11
-1.36006e-11
3.20458e-12
7.58775e-12
-1.63093e-11
2.39287e-11
-3.35342e-11
4.60065e-11
-5.73432e-11
6.02067e-11
-5.03963e-11
3.1203e-11
-1.17294e-11
-3.42653e-13
3.3486e-12
-8.06161e-13
-3.13579e-12
5.64915e-12
-5.18026e-12
1.12334e-12
4.63097e-12
-8.09239e-12
5.74145e-12
2.0299e-12
-1.12062e-11
1.67303e-11
-1.56977e-11
8.17889e-12
2.56659e-12
-1.13604e-11
1.33151e-11
-7.66149e-12
-1.23886e-12
6.99241e-12
-7.27139e-12
5.61755e-12
-7.25549e-12
1.20947e-11
-1.35983e-11
4.21642e-12
1.71325e-11
-4.35863e-11
6.44124e-11
-7.14279e-11
6.25493e-11
-4.27743e-11
2.14514e-11
-7.46453e-12
3.68418e-12
-6.3084e-12
9.13082e-12
-9.44972e-12
8.67761e-12
-8.85183e-12
9.09627e-12
-6.93204e-12
1.02116e-12
7.58633e-12
-1.74075e-11
2.73535e-11
-3.60722e-11
4.06941e-11
-3.86709e-11
3.02992e-11
-1.9702e-11
1.18164e-11
-9.22682e-12
1.06102e-11
-1.22513e-11
9.85759e-12
-1.30895e-12
-1.11796e-11
2.03826e-11
-1.85757e-11
4.01814e-12
1.58889e-11
-3.00521e-11
3.21775e-11
-2.50132e-11
1.59307e-11
-1.02846e-11
8.02871e-12
-6.09655e-12
1.86888e-12
4.0815e-12
-8.06665e-12
5.11486e-12
6.60373e-12
-2.27054e-11
3.34892e-11
-3.052e-11
1.26799e-11
1.29061e-11
-3.66354e-11
5.21268e-11
-5.81196e-11
5.59525e-11
-4.79232e-11
3.69636e-11
-2.68163e-11
1.9906e-11
-1.6068e-11
1.33381e-11
-1.09241e-11
9.69482e-12
-1.06434e-11
1.28406e-11
-1.41743e-11
1.23486e-11
-5.72006e-12
-6.39409e-12
2.16081e-11
-3.40266e-11
3.731e-11
-3.07616e-11
2.0912e-11
-1.65979e-11
2.0912e-11
-2.89063e-11
3.19261e-11
-2.49031e-11
9.48865e-12
7.22515e-12
-1.74523e-11
1.69592e-11
-7.86906e-12
-3.05026e-12
9.24605e-12
-9.88612e-12
9.71013e-12
-1.37045e-11
2.08715e-11
-2.47343e-11
1.9314e-11
-5.29172e-12
-1.04908e-11
1.98057e-11
-1.81108e-11
5.78831e-12
1.22219e-11
-2.84793e-11
3.58728e-11
-3.16593e-11
1.83729e-11
-1.31083e-12
-1.56537e-11
3.06206e-11
-4.21468e-11
4.82024e-11
-4.81385e-11
4.34322e-11
-3.63078e-11
2.74022e-11
-1.70325e-11
7.58513e-12
-3.87067e-12
8.95429e-12
-2.07045e-11
3.20311e-11
-3.55916e-11
2.78412e-11
-1.09451e-11
-8.75316e-12
2.36458e-11
-2.94886e-11
2.8169e-11
-2.66616e-11
3.06898e-11
-3.93206e-11
4.52369e-11
-4.19799e-11
3.00678e-11
-1.68003e-11
9.4814e-12
-9.98075e-12
1.40625e-11
-1.55947e-11
1.06649e-11
-5.32646e-13
-8.89478e-12
1.05886e-11
-2.64797e-12
-9.032e-12
1.44775e-11
-8.15555e-12
-6.85735e-12
2.19274e-11
-3.014e-11
2.96477e-11
-2.26825e-11
1.2501e-11
-2.21446e-12
-6.2686e-12
1.25365e-11
-1.73043e-11
1.99611e-11
-1.78925e-11
8.42632e-12
7.41054e-12
-2.46448e-11
3.71199e-11
-4.11258e-11
3.58519e-11
-2.29658e-11
6.28398e-12
7.82846e-12
-1.29646e-11
6.52167e-12
7.75282e-12
-2.25627e-11
3.18127e-11
-3.38673e-11
3.02453e-11
-2.32836e-11
1.41719e-11
-2.93091e-12
-1.13989e-11
2.86991e-11
-4.56056e-11
5.50747e-11
-5.12894e-11
3.54995e-11
-1.7276e-11
7.60045e-12
-1.0887e-11
2.23708e-11
-3.32285e-11
3.67996e-11
-3.22043e-11
2.34152e-11
-1.63576e-11
1.40944e-11
-1.39792e-11
9.12856e-12
4.64465e-12
-2.37919e-11
3.88327e-11
-4.27439e-11
3.65624e-11
-2.79526e-11
2.41877e-11
-2.73478e-11
3.36814e-11
-3.70214e-11
3.26105e-11
-2.0808e-11
7.31701e-12
2.84062e-13
1.21659e-12
-8.22825e-12
1.34402e-11
-1.23416e-11
5.77832e-12
2.23535e-12
-8.96346e-12
1.41096e-11
-1.8793e-11
2.36731e-11
-2.86625e-11
3.22372e-11
-3.16452e-11
2.41153e-11
-1.00518e-11
-6.01285e-12
1.75569e-11
-2.04533e-11
1.44493e-11
-2.28324e-12
-1.2136e-11
2.38359e-11
-2.82026e-11
2.34781e-11
-1.28008e-11
1.58361e-12
6.60477e-12
-1.19542e-11
1.55153e-11
-1.66233e-11
1.29047e-11
-3.00969e-12
-1.21003e-11
2.85685e-11
-4.02302e-11
4.01346e-11
-2.53026e-11
4.64188e-13
2.31945e-11
-3.5823e-11
3.53431e-11
-2.74782e-11
1.93773e-11
-1.45912e-11
1.21084e-11
-9.35193e-12
4.97253e-12
-1.12941e-12
2.77043e-12
-1.40979e-11
3.29673e-11
-4.98891e-11
5.35474e-11
-3.98587e-11
1.51301e-11
8.68969e-12
-2.28961e-11
2.64282e-11
-2.4547e-11
2.34584e-11
-2.61088e-11
3.02482e-11
-3.09061e-11
2.50697e-11
-1.60221e-11
1.16434e-11
-1.79529e-11
3.26895e-11
-4.64843e-11
4.9866e-11
-4.04653e-11
2.34123e-11
-6.89495e-12
-3.57502e-12
7.4903e-12
-9.00436e-12
1.33298e-11
-2.26201e-11
3.33128e-11
-3.91044e-11
3.66635e-11
-2.93554e-11
2.39145e-11
-2.45402e-11
2.96275e-11
-3.44625e-11
3.49901e-11
-3.01897e-11
2.17573e-11
-1.35147e-11
8.98684e-12
-8.64856e-12
8.52004e-12
-3.67738e-12
-7.24719e-12
2.05938e-11
-3.15076e-11
3.73544e-11
-3.83131e-11
3.54059e-11
-3.02561e-11
2.49571e-11
-2.12465e-11
1.86094e-11
-1.53961e-11
1.13283e-11
-8.76674e-12
9.84138e-12
-1.39652e-11
1.78825e-11
-1.83751e-11
1.32772e-11
-1.93431e-12
-1.42045e-11
3.02453e-11
-3.99154e-11
3.96703e-11
-3.16305e-11
2.10234e-11
-1.20417e-11
5.62482e-12
-1.21919e-12
-1.65658e-12
2.5821e-12
-6.17866e-13
-5.65018e-12
1.60786e-11
-2.69275e-11
3.10211e-11
-2.29178e-11
3.8691e-12
1.7818e-11
-3.27031e-11
3.58883e-11
-2.89605e-11
1.71465e-11
-5.95136e-12
-1.89434e-12
7.01698e-12
-1.19365e-11
1.69671e-11
-1.83225e-11
1.06065e-11
6.78176e-12
-2.6875e-11
3.87065e-11
-3.53168e-11
1.81871e-11
3.96064e-12
-2.10344e-11
2.67487e-11
-2.16306e-11
1.14254e-11
-2.58455e-12
-3.16552e-12
9.15754e-12
-1.90012e-11
3.04438e-11
-3.5704e-11
2.76422e-11
-6.77455e-12
-1.82837e-11
3.58183e-11
-3.81797e-11
2.5622e-11
-6.22212e-12
-9.33226e-12
1.44003e-11
-1.06663e-11
4.88414e-12
-1.74272e-12
-8.77449e-13
8.43105e-12
-2.29316e-11
3.91044e-11
-4.7767e-11
4.18718e-11
-2.16225e-11
-5.08967e-12
2.61562e-11
-3.26223e-11
2.44509e-11
-1.04809e-11
6.81789e-13
1.4029e-12
2.03479e-13
-3.46134e-13
-1.58696e-12
1.08944e-12
6.74264e-12
-2.28708e-11
4.20125e-11
-5.46412e-11
5.21108e-11
-3.35693e-11
7.74706e-12
1.25224e-11
-1.99611e-11
1.67859e-11
-1.07981e-11
7.68014e-12
-7.82439e-12
7.8908e-12
-5.07509e-12
-1.15639e-13
2.75263e-12
3.43831e-12
-2.05962e-11
4.23248e-11
-5.69527e-11
5.59327e-11
-4.05653e-11
1.98139e-11
-3.19148e-12
-5.26766e-12
7.19317e-12
-7.24892e-12
9.07964e-12
-1.26607e-11
1.38842e-11
-9.06181e-12
3.45842e-14
5.1168e-12
1.13299e-12
-1.8854e-11
3.9792e-11
-5.3834e-11
5.52535e-11
-4.52347e-11
2.97467e-11
-1.608e-11
8.20078e-12
-4.55029e-12
-1.89066e-15
7.85942e-12
-1.55056e-11
1.66565e-11
-9.50864e-12
-7.98818e-13
5.81944e-12
-2.23728e-13
-1.53552e-11
3.4662e-11
-4.92699e-11
5.29585e-11
-4.61286e-11
3.5105e-11
-2.66432e-11
2.17255e-11
-1.62307e-11
6.54801e-12
5.5612e-12
-1.4614e-11
1.58708e-11
-9.11389e-12
-1.16967e-12
7.39244e-12
-3.28199e-12
-1.16084e-11
3.02845e-11
-4.35617e-11
4.70326e-11
-4.37063e-11
3.91462e-11
-3.59882e-11
3.23762e-11
-2.52398e-11
1.32829e-11
1.13482e-12
-1.26167e-11
1.52936e-11
-9.51488e-12
3.10031e-12
-3.54862e-13
9.13138e-14
2.56313e-14
4.05742e-15
0
