0
2.52982e-16
3.58673e-15
2.25763e-14
9.37934e-14
-4.11422e-13
3.2395e-12
-1.04575e-11
2.0793e-11
-2.94574e-11
3.3563e-11
-3.25387e-11
2.59994e-11
-1.4971e-11
2.47102e-12
7.10419e-12
-9.69497e-12
2.83604e-12
1.19076e-11
-2.84598e-11
3.89134e-11
-3.88833e-11
2.93255e-11
-1.4458e-11
-1.8461e-12
1.6679e-11
-2.79181e-11
3.3912e-11
-3.39062e-11
2.7426e-11
-1.52187e-11
7.6663e-13
9.34708e-12
-9.48188e-12
-9.98456e-13
1.7065e-11
-3.19223e-11
4.01921e-11
-3.95358e-11
3.05102e-11
-1.63593e-11
7.53048e-13
1.4023e-11
-2.69945e-11
3.58665e-11
-3.7097e-11
2.88201e-11
-1.40516e-11
-6.95055e-13
8.77801e-12
-6.64559e-12
-5.21915e-12
2.18865e-11
-3.62278e-11
4.27055e-11
-4.06469e-11
3.25452e-11
-2.06432e-11
5.41757e-12
1.19393e-11
-2.80828e-11
3.82905e-11
-3.9119e-11
2.98357e-11
-1.39054e-11
-1.40288e-12
7.93739e-12
-2.30202e-12
-1.20261e-11
2.76686e-11
-3.90354e-11
4.41401e-11
-4.3358e-11
3.7213e-11
-2.61294e-11
1.02706e-11
9.22977e-12
-2.87378e-11
4.14538e-11
-4.14714e-11
2.89063e-11
-1.13652e-11
-1.3771e-12
3.37472e-12
4.87441e-12
-1.8635e-11
3.19348e-11
-4.08902e-11
4.49727e-11
-4.5873e-11
4.34578e-11
-3.4545e-11
1.62344e-11
8.58166e-12
-3.12129e-11
4.24414e-11
-3.89766e-11
2.49399e-11
-9.41969e-12
1.12814e-12
-3.79376e-12
1.40131e-11
-2.50195e-11
3.26435e-11
-3.83242e-11
4.49544e-11
-5.15369e-11
5.21472e-11
-4.11716e-11
1.84307e-11
9.11155e-12
-3.09084e-11
3.85333e-11
-3.15317e-11
1.78961e-11
-8.49882e-12
8.56522e-12
-1.5104e-11
2.15504e-11
-2.51146e-11
2.83893e-11
-3.55713e-11
4.68594e-11
-5.68985e-11
5.73008e-11
-4.29405e-11
1.68785e-11
9.71185e-12
-2.52006e-11
2.58995e-11
-1.83572e-11
1.24993e-11
-1.35361e-11
1.90154e-11
-2.32636e-11
2.30912e-11
-2.10272e-11
2.29997e-11
-3.30407e-11
4.7896e-11
-5.78922e-11
5.39009e-11
-3.56966e-11
1.2479e-11
4.32634e-12
-9.99447e-12
8.33027e-12
-7.14734e-12
1.13379e-11
-1.97369e-11
2.63477e-11
-2.60897e-11
1.98835e-11
-1.5105e-11
1.88142e-11
-3.07923e-11
4.28037e-11
-4.5998e-11
3.79631e-11
-2.40309e-11
1.20508e-11
-6.88545e-12
7.22101e-12
-7.19669e-12
1.06471e-12
1.10799e-11
-2.29117e-11
2.72653e-11
-2.31633e-11
1.61388e-11
-1.28552e-11
1.52672e-11
-2.0481e-11
2.37796e-11
-2.24185e-11
1.72047e-11
-1.24315e-11
1.22729e-11
-1.67221e-11
2.04237e-11
-1.75397e-11
6.91275e-12
6.97935e-12
-1.8362e-11
2.36166e-11
-2.23739e-11
1.64431e-11
-9.17316e-12
3.42192e-12
5.2413e-14
-2.61428e-12
4.74192e-12
-4.73981e-12
2.94527e-13
8.27572e-12
-1.79142e-11
2.44281e-11
-2.45112e-11
1.6442e-11
-1.81671e-12
-1.39394e-11
2.35096e-11
-2.2648e-11
1.25969e-11
1.3806e-12
-1.42375e-11
2.3116e-11
-2.75404e-11
2.80468e-11
-2.52492e-11
1.8417e-11
-6.3023e-12
-1.02478e-11
2.54898e-11
-3.12411e-11
2.2924e-11
-4.50091e-12
-1.38306e-11
2.21554e-11
-1.69142e-11
1.59268e-12
1.61509e-11
-2.97305e-11
3.72029e-11
-4.14958e-11
4.54242e-11
-4.70769e-11
4.0349e-11
-2.2078e-11
-2.66332e-12
2.241e-11
-2.77696e-11
1.77623e-11
-3.82146e-13
-1.293e-11
1.39351e-11
-2.74025e-12
-1.32252e-11
2.55173e-11
-3.21224e-11
3.75371e-11
-4.62057e-11
5.58603e-11
-5.90742e-11
4.99951e-11
-3.00949e-11
7.36677e-12
8.32573e-12
-1.14683e-11
4.25925e-12
4.42208e-12
-5.90904e-12
-1.71965e-12
1.28054e-11
-2.07104e-11
2.37413e-11
-2.5514e-11
2.98583e-11
-3.72616e-11
4.45161e-11
-4.74096e-11
4.31503e-11
-3.2731e-11
2.06229e-11
-1.20248e-11
8.43001e-12
-6.92199e-12
3.21465e-12
4.00524e-12
-1.27515e-11
1.97455e-11
-2.27423e-11
2.07597e-11
-1.48573e-11
8.36818e-12
-5.91439e-12
9.76152e-12
-1.79926e-11
2.58369e-11
-2.95988e-11
2.82478e-11
-2.30967e-11
1.61537e-11
-9.28662e-12
2.6241e-12
5.38637e-12
-1.57334e-11
2.5027e-11
-2.63803e-11
1.5049e-11
5.62944e-12
-2.5588e-11
3.46581e-11
-2.9298e-11
1.36251e-11
3.54485e-12
-1.43383e-11
1.62057e-11
-1.30979e-11
1.05701e-11
-9.79077e-12
6.14845e-12
4.3609e-12
-1.87867e-11
2.74057e-11
-2.15291e-11
3.9869e-13
2.75644e-11
-5.01887e-11
5.83357e-11
-5.11625e-11
3.57303e-11
-2.17722e-11
1.42022e-11
-1.08803e-11
6.75561e-12
-6.55267e-13
-3.64915e-12
1.87177e-12
5.39285e-12
-1.27883e-11
1.38315e-11
-5.22595e-12
-1.16977e-11
3.11684e-11
-4.59867e-11
5.14749e-11
-4.86403e-11
4.23105e-11
-3.68881e-11
3.32772e-11
-3.03253e-11
2.66595e-11
-2.13691e-11
1.35321e-11
-3.80012e-12
-4.90835e-12
9.12147e-12
-8.68517e-12
7.05429e-12
-8.21065e-12
1.28832e-11
-1.87659e-11
2.26298e-11
-2.29994e-11
2.11009e-11
-2.09121e-11
2.60544e-11
-3.56746e-11
4.25182e-11
-3.79884e-11
1.97713e-11
4.58534e-12
-2.31583e-11
2.81243e-11
-2.05728e-11
7.62871e-12
3.25409e-12
-9.12303e-12
1.18237e-11
-1.51563e-11
1.98069e-11
-2.14268e-11
1.38774e-11
3.38035e-12
-2.23537e-11
3.13416e-11
-2.43984e-11
5.40158e-12
1.53195e-11
-2.83241e-11
2.92115e-11
-1.94564e-11
4.17376e-12
1.08654e-11
-2.28426e-11
3.22252e-11
-4.02217e-11
4.55088e-11
-4.53362e-11
3.86658e-11
-2.803e-11
1.72716e-11
-9.46081e-12
6.23834e-12
-8.36959e-12
1.42921e-11
-1.95125e-11
1.84774e-11
-9.23237e-12
-4.82882e-12
1.72598e-11
-2.36161e-11
2.39368e-11
-2.24873e-11
2.457e-11
-3.30138e-11
4.49228e-11
-5.28415e-11
5.01082e-11
-3.73056e-11
2.19417e-11
-1.178e-11
7.74036e-12
-4.73289e-12
-2.07441e-12
1.16906e-11
-1.83446e-11
1.61127e-11
-4.10815e-12
-1.19266e-11
2.18067e-11
-1.77016e-11
1.62911e-13
2.12768e-11
-3.53815e-11
3.68705e-11
-2.84619e-11
1.58884e-11
-3.28135e-12
-7.89034e-12
1.65991e-11
-2.15592e-11
2.14077e-11
-1.54488e-11
3.48213e-12
1.29998e-11
-3.00831e-11
4.20651e-11
-4.48817e-11
3.82723e-11
-2.5793e-11
1.26143e-11
-4.26406e-12
4.53868e-12
-1.3008e-11
2.33867e-11
-2.74944e-11
2.17536e-11
-1.06014e-11
1.79172e-12
6.65198e-13
2.61841e-13
1.58122e-12
-1.02547e-11
2.43819e-11
-3.83473e-11
4.58449e-11
-4.48924e-11
3.95199e-11
-3.66019e-11
3.87239e-11
-4.11019e-11
3.56416e-11
-1.94975e-11
-1.55294e-12
1.72184e-11
-2.06647e-11
1.20992e-11
2.50763e-12
-1.56043e-11
2.10663e-11
-1.6802e-11
5.19961e-12
8.43078e-12
-1.96809e-11
2.66145e-11
-2.89525e-11
2.61918e-11
-1.84259e-11
7.21969e-12
4.80849e-12
-1.59832e-11
2.48379e-11
-2.83538e-11
2.2083e-11
-4.84586e-12
-1.78796e-11
3.58793e-11
-4.15878e-11
3.51988e-11
-2.4145e-11
1.71313e-11
-1.86728e-11
2.63608e-11
-3.3115e-11
3.22337e-11
-2.32295e-11
1.24055e-11
-7.57132e-12
1.04186e-11
-1.53654e-11
1.52495e-11
-8.40642e-12
-1.19397e-12
8.76544e-12
-1.33131e-11
1.70952e-11
-2.31662e-11
3.28096e-11
-4.46853e-11
5.42941e-11
-5.59988e-11
4.63611e-11
-2.72914e-11
5.00403e-12
1.31058e-11
-2.17303e-11
1.85658e-11
-5.41782e-12
-1.16014e-11
2.38248e-11
-2.56433e-11
1.85083e-11
-9.4813e-12
4.13469e-12
-2.1603e-12
-7.03954e-13
6.33949e-12
-1.16568e-11
1.10133e-11
-1.49965e-12
-1.44092e-11
2.91952e-11
-3.45715e-11
2.67797e-11
-1.03106e-11
-5.13227e-12
1.20681e-11
-1.14085e-11
1.03445e-11
-1.53746e-11
2.68084e-11
-4.01827e-11
5.02934e-11
-5.40558e-11
5.01606e-11
-3.9356e-11
2.48457e-11
-1.18963e-11
4.55781e-12
-3.43839e-12
5.95755e-12
-9.26925e-12
1.16435e-11
-1.27324e-11
1.2684e-11
-1.16909e-11
8.35216e-12
3.62866e-13
-1.64864e-11
3.61521e-11
-4.94691e-11
4.68195e-11
-2.75706e-11
1.40808e-12
1.85074e-11
-2.50084e-11
1.98345e-11
-1.01187e-11
2.15178e-12
1.68791e-12
-3.24615e-12
6.07993e-12
-1.26192e-11
2.15996e-11
-2.92109e-11
3.23934e-11
-3.17587e-11
2.99208e-11
-2.85069e-11
2.69408e-11
-2.47511e-11
2.24429e-11
-2.03353e-11
1.70856e-11
-1.20055e-11
7.4932e-12
-8.08084e-12
1.49011e-11
-2.261e-11
2.20941e-11
-7.92907e-12
-1.7149e-11
4.32647e-11
-5.94664e-11
5.94659e-11
-4.51472e-11
2.49522e-11
-8.603e-12
3.84957e-13
2.30827e-12
-4.57681e-12
7.56085e-12
-7.97456e-12
2.69285e-12
6.7552e-12
-1.57949e-11
2.08215e-11
-2.15135e-11
1.91033e-11
-1.51684e-11
1.16374e-11
-1.13084e-11
1.56357e-11
-2.27436e-11
2.77079e-11
-2.65294e-11
1.91814e-11
-1.01507e-11
5.50532e-12
-9.50773e-12
2.09598e-11
-3.2462e-11
3.36976e-11
-1.91784e-11
-6.77688e-12
3.24472e-11
-4.79713e-11
5.15975e-11
-4.82925e-11
4.27594e-11
-3.58705e-11
2.62168e-11
-1.41054e-11
2.17896e-12
6.0927e-12
-8.4985e-12
4.3679e-12
4.74488e-12
-1.51447e-11
2.19599e-11
-2.22322e-11
1.64958e-11
-8.38175e-12
2.21297e-12
-1.68169e-12
8.08745e-12
-1.88086e-11
2.69075e-11
-2.57548e-11
1.51494e-11
-3.42374e-12
8.54699e-13
-1.08986e-11
2.69001e-11
-3.8161e-11
3.79005e-11
-2.67811e-11
9.68965e-12
8.28637e-12
-2.41184e-11
3.63497e-11
-4.47436e-11
4.91075e-11
-4.86722e-11
4.20651e-11
-2.95869e-11
1.43688e-11
-1.39231e-12
-5.73725e-12
5.86151e-12
1.76211e-13
-1.03058e-11
2.01015e-11
-2.37114e-11
1.77074e-11
-5.84003e-12
-2.52167e-12
-2.50139e-13
1.26689e-11
-2.54161e-11
2.91745e-11
-2.21776e-11
1.01233e-11
-1.24876e-12
7.92513e-13
-9.16552e-12
2.22221e-11
-3.3898e-11
3.91481e-11
-3.66125e-11
2.78784e-11
-1.53107e-11
2.12032e-13
1.59848e-11
-3.08198e-11
4.13864e-11
-4.6583e-11
4.67231e-11
-4.17133e-11
3.0307e-11
-1.36145e-11
-2.36595e-12
9.26042e-12
-3.86513e-12
-8.22012e-12
1.66285e-11
-1.51826e-11
6.16669e-12
2.30253e-12
-3.15801e-12
-5.42323e-12
1.93868e-11
-3.17651e-11
3.62208e-11
-3.08572e-11
1.90862e-11
-7.61466e-12
1.94369e-12
-4.11634e-12
1.28718e-11
-2.5362e-11
3.7178e-11
-4.32246e-11
4.01424e-11
-2.96101e-11
1.69808e-11
-6.32998e-12
-3.57652e-12
1.6282e-11
-3.16759e-11
4.34858e-11
-4.46429e-11
3.39451e-11
-1.78043e-11
4.73178e-12
5.44393e-13
6.96782e-13
-3.81561e-12
3.94927e-12
1.03038e-12
-9.3942e-12
1.5802e-11
-1.47054e-11
3.86649e-12
1.38418e-11
-3.24661e-11
4.54847e-11
-4.821e-11
3.92486e-11
-2.26323e-11
7.18284e-12
-2.06889e-12
9.692e-12
-2.36784e-11
3.41009e-11
-3.61942e-11
3.27677e-11
-2.93705e-11
2.75261e-11
-2.43578e-11
1.67973e-11
-5.4998e-12
-6.30034e-12
1.54152e-11
-2.04122e-11
2.08694e-11
-1.74121e-11
1.17552e-11
-6.52225e-12
3.11063e-12
-6.52831e-13
-3.51327e-12
1.13361e-11
-2.2584e-11
3.38233e-11
-3.90964e-11
3.19828e-11
-1.06228e-11
-1.87495e-11
4.34821e-11
-5.30323e-11
4.63928e-11
-3.2246e-11
2.08901e-11
-1.70576e-11
1.88843e-11
-2.26741e-11
2.58971e-11
-2.70535e-11
2.44033e-11
-1.78304e-11
1.04504e-11
-7.29802e-12
1.04762e-11
-1.70136e-11
2.11297e-11
-1.9431e-11
1.29573e-11
-5.79261e-12
1.37673e-12
-6.59219e-13
1.86151e-12
-2.67437e-12
2.5633e-12
-4.45624e-12
1.24821e-11
-2.76198e-11
4.43736e-11
-5.37653e-11
4.97163e-11
-3.36311e-11
1.20489e-11
8.25484e-12
-2.32982e-11
3.08091e-11
-3.0078e-11
2.34664e-11
-1.74756e-11
1.84193e-11
-2.6426e-11
3.35941e-11
-3.05836e-11
1.48103e-11
6.80185e-12
-2.35768e-11
2.82435e-11
-2.04981e-11
5.00187e-12
1.17188e-11
-2.43023e-11
2.99501e-11
-2.93637e-11
2.54391e-11
-2.13993e-11
1.88701e-11
-1.82628e-11
1.92632e-11
-2.12948e-11
2.31301e-11
-2.41764e-11
2.54012e-11
-2.86889e-11
3.33905e-11
-3.53224e-11
3.00382e-11
-1.85315e-11
7.49033e-12
-3.51072e-12
6.19741e-12
-8.76721e-12
4.68444e-12
5.95174e-12
-1.7388e-11
2.31857e-11
-2.01831e-11
7.9705e-12
1.16805e-11
-3.42099e-11
5.15332e-11
-5.56908e-11
4.41781e-11
-2.28207e-11
1.89533e-12
1.04154e-11
-1.29242e-11
1.05863e-11
-1.05631e-11
1.71374e-11
-2.92333e-11
4.06915e-11
-4.45554e-11
3.77073e-11
-2.31599e-11
7.067e-12
5.39216e-12
-1.21752e-11
1.27529e-11
-7.27692e-12
-2.65855e-12
1.2752e-11
-1.85924e-11
1.93821e-11
-1.89209e-11
2.07812e-11
-2.39198e-11
2.35909e-11
-1.78664e-11
1.0988e-11
-9.96608e-12
1.72023e-11
-2.83205e-11
3.62556e-11
-3.74803e-11
3.31996e-11
-2.6862e-11
2.11269e-11
-1.78698e-11
1.80969e-11
-2.10336e-11
2.26652e-11
-1.7824e-11
4.17122e-12
1.45104e-11
-2.99148e-11
3.35737e-11
-2.20103e-11
-1.25454e-12
2.67321e-11
-4.39901e-11
4.72519e-11
-3.89362e-11
2.70044e-11
-1.89057e-11
1.63192e-11
-1.5964e-11
1.35098e-11
-6.82813e-12
-4.62287e-12
2.01835e-11
-3.69528e-11
4.84105e-11
-4.7805e-11
3.38514e-11
-1.35727e-11
-2.93012e-12
1.0244e-11
-1.0897e-11
1.02322e-11
-1.02738e-11
8.5571e-12
-2.94226e-12
-5.27251e-12
1.26338e-11
-1.75268e-11
2.06753e-11
-2.30823e-11
2.41111e-11
-2.32228e-11
2.17015e-11
-2.22015e-11
2.53682e-11
-2.86283e-11
2.80613e-11
-2.24423e-11
1.45271e-11
-9.60325e-12
1.16914e-11
-2.09159e-11
3.23801e-11
-3.8638e-11
3.39394e-11
-1.87351e-11
-2.93114e-13
1.41751e-11
-1.74079e-11
9.90025e-12
4.3931e-12
-2.03498e-11
3.25288e-11
-3.65605e-11
3.16148e-11
-2.30552e-11
1.96645e-11
-2.66668e-11
3.97877e-11
-4.80524e-11
4.2509e-11
-2.3494e-11
-1.0724e-12
2.23009e-11
-3.54006e-11
3.87596e-11
-3.22105e-11
1.74258e-11
1.33422e-14
-1.27729e-11
1.69507e-11
-1.57771e-11
1.60767e-11
-2.15947e-11
2.9215e-11
-3.26062e-11
2.78874e-11
-1.63681e-11
1.88192e-12
1.21843e-11
-2.40887e-11
3.25223e-11
-3.65405e-11
3.5864e-11
-3.14607e-11
2.45246e-11
-1.60826e-11
6.91311e-12
1.50234e-12
-7.32733e-12
8.83325e-12
-5.47968e-12
-1.91286e-12
1.05385e-11
-1.64548e-11
1.65748e-11
-1.1956e-11
7.8673e-12
-1.01322e-11
1.94723e-11
-3.05127e-11
3.5963e-11
-3.28487e-11
2.3781e-11
-1.39385e-11
7.19313e-12
-6.0819e-12
1.23451e-11
-2.56656e-11
4.04994e-11
-4.74534e-11
3.97343e-11
-2.01567e-11
-9.30141e-14
9.84484e-12
-6.49536e-12
-4.128e-12
1.40411e-11
-1.90953e-11
1.89149e-11
-1.48637e-11
9.35983e-12
-7.29061e-12
1.40745e-11
-3.08399e-11
5.06567e-11
-6.22131e-11
5.78049e-11
-3.92743e-11
1.56199e-11
3.69582e-12
-1.42534e-11
1.65057e-11
-1.348e-11
8.50856e-12
-4.71619e-12
3.60854e-12
-4.0291e-12
2.09584e-12
5.75857e-12
-1.98425e-11
3.60075e-11
-4.81678e-11
5.13791e-11
-4.44564e-11
2.99504e-11
-1.29058e-11
-2.10049e-12
1.29212e-11
-2.0361e-11
2.57795e-11
-2.91157e-11
2.85911e-11
-2.32872e-11
1.44958e-11
-4.93514e-12
-3.96265e-12
1.22057e-11
-1.9588e-11
2.4085e-11
-2.38907e-11
1.97349e-11
-1.471e-11
1.01861e-11
-3.80364e-12
-7.94635e-12
2.40157e-11
-3.78389e-11
4.22175e-11
-3.59494e-11
2.41084e-11
-1.3127e-11
5.79707e-12
-2.035e-12
1.64215e-12
-4.97594e-12
9.89045e-12
-1.13368e-11
5.50629e-12
4.52344e-12
-9.97034e-12
3.70665e-12
1.25644e-11
-2.97731e-11
3.88385e-11
-3.71458e-11
2.78308e-11
-1.5897e-11
5.54626e-12
-9.57654e-13
5.47609e-12
-1.86197e-11
3.34757e-11
-4.03755e-11
3.4108e-11
-1.88543e-11
4.75512e-12
-2.67664e-13
6.37955e-12
-1.78406e-11
2.75554e-11
-3.0606e-11
2.51148e-11
-1.28465e-11
-8.88512e-13
8.35062e-12
-3.76956e-12
-1.25744e-11
3.33264e-11
-4.86207e-11
5.18799e-11
-4.35548e-11
2.96327e-11
-1.78082e-11
1.30098e-11
-1.55045e-11
2.09555e-11
-2.33956e-11
1.85882e-11
-6.93505e-12
-6.92339e-12
1.63346e-11
-1.62005e-11
4.99304e-12
1.41504e-11
-3.4627e-11
4.87671e-11
-5.20612e-11
4.56458e-11
-3.56403e-11
2.8204e-11
-2.53405e-11
2.41518e-11
-2.06807e-11
1.31492e-11
-2.68475e-12
-8.74248e-12
1.88197e-11
-2.44272e-11
2.1598e-11
-8.81344e-12
-1.03455e-11
2.82018e-11
-3.87815e-11
4.17893e-11
-4.14366e-11
4.07495e-11
-3.88624e-11
3.31183e-11
-2.35056e-11
1.26935e-11
-2.84988e-12
-6.80272e-12
1.72364e-11
-2.62802e-11
2.89412e-11
-2.26784e-11
1.03942e-11
2.04496e-12
-1.1889e-11
2.09039e-11
-3.13626e-11
4.10932e-11
-4.4943e-11
4.00609e-11
-2.9237e-11
1.74127e-11
-6.87441e-12
-3.68005e-12
1.47389e-11
-2.35535e-11
2.65059e-11
-2.39908e-11
2.00991e-11
-1.77527e-11
1.44999e-11
-5.53099e-12
-1.01913e-11
2.71234e-11
-3.79244e-11
3.93306e-11
-3.35712e-11
2.39902e-11
-1.21117e-11
-1.31736e-12
1.32278e-11
-1.95599e-11
1.94204e-11
-1.73884e-11
1.90705e-11
-2.51161e-11
2.96541e-11
-2.61049e-11
1.31684e-11
4.22517e-12
-1.98439e-11
2.98502e-11
-3.29454e-11
2.82228e-11
-1.6028e-11
2.36393e-14
1.27649e-11
-1.70168e-11
1.37573e-11
-1.00408e-11
1.23511e-11
-2.1152e-11
3.08044e-11
-3.49783e-11
3.06999e-11
-1.89712e-11
2.60117e-12
1.42347e-11
-2.60967e-11
2.75768e-11
-1.75151e-11
1.12641e-12
1.24292e-11
-1.68434e-11
1.28339e-11
-6.96811e-12
5.75898e-12
-1.15623e-11
2.19916e-11
-3.25408e-11
3.82806e-11
-3.53937e-11
2.25945e-11
-3.44506e-12
-1.42056e-11
2.19634e-11
-1.67318e-11
2.74649e-12
1.1215e-11
-1.80956e-11
1.62322e-11
-9.35333e-12
3.19692e-12
-2.74024e-12
9.9385e-12
-2.29906e-11
3.61151e-11
-4.20727e-11
3.6044e-11
-1.95758e-11
1.52753e-13
1.28782e-11
-1.4189e-11
4.91891e-12
8.51861e-12
-1.87866e-11
2.10849e-11
-1.53373e-11
5.68142e-12
1.19779e-12
2.63038e-13
-1.13422e-11
2.73157e-11
-3.99471e-11
4.1995e-11
-3.18856e-11
1.43789e-11
2.01282e-12
-1.00113e-11
6.87301e-12
4.38845e-12
-1.71046e-11
2.41211e-11
-2.17838e-11
1.17501e-11
-5.43841e-13
-4.32862e-12
-1.42134e-12
1.58499e-11
-3.19845e-11
4.146e-11
-3.93956e-11
2.66596e-11
-9.55397e-12
-3.79368e-12
7.31391e-12
-3.18168e-13
-1.24896e-11
2.33059e-11
-2.58269e-11
1.85836e-11
-6.10332e-12
-3.938e-12
4.85984e-12
4.91901e-12
-2.11976e-11
3.5959e-11
-4.18967e-11
3.59589e-11
-2.11974e-11
4.91876e-12
4.86011e-12
-3.93823e-12
-6.10313e-12
1.85834e-11
-2.58267e-11
2.33057e-11
-1.24893e-11
-3.18431e-13
7.3142e-12
-3.79399e-12
-9.55369e-12
2.66594e-11
-3.93956e-11
4.14601e-11
-3.19846e-11
1.58501e-11
-1.42158e-12
-4.32833e-12
-5.44174e-13
1.17504e-11
-2.1784e-11
2.41212e-11
-1.71048e-11
4.38873e-12
6.87265e-12
-1.0011e-11
2.01257e-12
1.43791e-11
-3.18856e-11
4.1995e-11
-3.99469e-11
2.73153e-11
-1.13417e-11
2.62645e-13
1.198e-12
5.68137e-12
-1.53373e-11
2.10848e-11
-1.87864e-11
8.51839e-12
4.91916e-12
-1.41893e-11
1.28784e-11
1.52609e-13
-1.95759e-11
3.60444e-11
-4.20731e-11
3.61155e-11
-2.29907e-11
9.93843e-12
-2.74005e-12
3.19673e-12
-9.3532e-12
1.62322e-11
-1.80957e-11
1.12152e-11
2.74622e-12
-1.67316e-11
2.19635e-11
-1.42058e-11
-3.44472e-12
2.25942e-11
-3.53937e-11
3.82808e-11
-3.25411e-11
2.1992e-11
-1.15627e-11
5.75918e-12
-6.96816e-12
1.28338e-11
-1.68432e-11
1.24291e-11
1.1263e-12
-1.75148e-11
2.75765e-11
-2.60965e-11
1.42347e-11
2.60094e-12
-1.89708e-11
3.06996e-11
-3.4978e-11
3.08042e-11
-2.11519e-11
1.23511e-11
-1.00408e-11
1.37573e-11
-1.70166e-11
1.27646e-11
2.39496e-14
-1.60282e-11
2.82228e-11
-3.29454e-11
2.98501e-11
-1.98438e-11
4.22504e-12
1.31686e-11
-2.6105e-11
2.96541e-11
-2.51161e-11
1.90705e-11
-1.73885e-11
1.94206e-11
-1.95601e-11
1.32279e-11
-1.31747e-12
-1.21117e-11
2.39901e-11
-3.35711e-11
3.93305e-11
-3.79243e-11
2.71234e-11
-1.01912e-11
-5.53111e-12
1.45e-11
-1.77528e-11
2.00992e-11
-2.39908e-11
2.65058e-11
-2.35535e-11
1.4739e-11
-3.68009e-12
-6.87442e-12
1.74127e-11
-2.92371e-11
4.00609e-11
-4.49432e-11
4.10935e-11
-3.13629e-11
2.09041e-11
-1.18892e-11
2.04506e-12
1.03941e-11
-2.26782e-11
2.89409e-11
-2.62799e-11
1.72361e-11
-6.80251e-12
-2.85e-12
1.26935e-11
-2.35054e-11
3.3118e-11
-3.88622e-11
4.07493e-11
-4.14365e-11
4.17892e-11
-3.87814e-11
2.82016e-11
-1.03453e-11
-8.81377e-12
2.15984e-11
-2.44276e-11
1.882e-11
-8.74255e-12
-2.68485e-12
1.31494e-11
-2.06809e-11
2.41519e-11
-2.53406e-11
2.8204e-11
-3.56402e-11
4.56457e-11
-5.20611e-11
4.87671e-11
-3.46272e-11
1.41507e-11
4.99279e-12
-1.62003e-11
1.63346e-11
-6.92348e-12
-6.93491e-12
1.8588e-11
-2.33955e-11
2.09556e-11
-1.55047e-11
1.30101e-11
-1.78085e-11
2.96329e-11
-4.35548e-11
5.18798e-11
-4.86206e-11
3.33262e-11
-1.25742e-11
-3.76964e-12
8.3506e-12
-8.88424e-13
-1.28465e-11
2.51147e-11
-3.06057e-11
2.75551e-11
-1.78404e-11
6.37943e-12
-2.67635e-13
4.75516e-12
-1.88544e-11
3.41082e-11
-4.03758e-11
3.3476e-11
-1.86198e-11
5.47618e-12
-9.57784e-13
5.54647e-12
-1.58973e-11
2.7831e-11
-3.71459e-11
3.88384e-11
-2.9773e-11
1.25643e-11
3.70672e-12
-9.97044e-12
4.5236e-12
5.50606e-12
-1.13366e-11
9.89012e-12
-4.97559e-12
1.64182e-12
-2.03472e-12
5.7969e-12
-1.3127e-11
2.41085e-11
-3.59495e-11
4.22175e-11
-3.78387e-11
2.40155e-11
-7.9462e-12
-3.80362e-12
1.01859e-11
-1.47096e-11
1.97345e-11
-2.38902e-11
2.40847e-11
-1.95878e-11
1.22056e-11
-3.96265e-12
-4.93518e-12
1.44959e-11
-2.32875e-11
2.85915e-11
-2.9116e-11
2.57797e-11
-2.03609e-11
1.2921e-11
-2.10021e-12
-1.2906e-11
2.99505e-11
-4.44564e-11
5.13791e-11
-4.81678e-11
3.60076e-11
-1.98426e-11
5.75876e-12
2.09556e-12
-4.02884e-12
3.60844e-12
-4.7163e-12
8.50877e-12
-1.34801e-11
1.65056e-11
-1.42532e-11
3.69555e-12
1.56202e-11
-3.92745e-11
5.78051e-11
-6.22132e-11
5.06566e-11
-3.08398e-11
1.40744e-11
-7.2906e-12
9.35997e-12
-1.48639e-11
1.89151e-11
-1.90953e-11
1.4041e-11
-4.12776e-12
-6.49568e-12
9.8452e-12
-9.33323e-14
-2.01565e-11
3.97343e-11
-4.74536e-11
4.04996e-11
-2.56658e-11
1.23452e-11
-6.08195e-12
7.19306e-12
-1.39384e-11
2.37809e-11
-3.28486e-11
3.5963e-11
-3.05127e-11
1.94723e-11
-1.01321e-11
7.86715e-12
-1.19557e-11
1.65745e-11
-1.64544e-11
1.05382e-11
-1.91269e-12
-5.4797e-12
8.83315e-12
-7.32712e-12
1.50206e-12
6.91344e-12
-1.6083e-11
2.4525e-11
-3.14611e-11
3.58644e-11
-3.6541e-11
3.25226e-11
-2.40888e-11
1.21842e-11
1.88208e-12
-1.63683e-11
2.78875e-11
-3.26064e-11
2.92152e-11
-2.1595e-11
1.6077e-11
-1.57774e-11
1.6951e-11
-1.27733e-11
1.37117e-14
1.74256e-11
-3.22106e-11
3.876e-11
-3.5401e-11
2.23013e-11
-1.07264e-12
-2.34939e-11
4.25089e-11
-4.80522e-11
3.97877e-11
-2.66669e-11
1.96645e-11
-2.30551e-11
3.16148e-11
-3.65605e-11
3.25291e-11
-2.03503e-11
4.39359e-12
9.89992e-12
-1.74077e-11
1.41751e-11
-2.93184e-13
-1.8735e-11
3.39392e-11
-3.86378e-11
3.238e-11
-2.09158e-11
1.16915e-11
-9.60332e-12
1.45271e-11
-2.24422e-11
2.80611e-11
-2.86281e-11
2.53681e-11
-2.22015e-11
2.17015e-11
-2.32228e-11
2.4111e-11
-2.30823e-11
2.06753e-11
-1.75268e-11
1.26337e-11
-5.27217e-12
-2.94268e-12
8.5575e-12
-1.0274e-11
1.02324e-11
-1.0897e-11
1.02439e-11
-2.92982e-12
-1.35731e-11
3.38518e-11
-4.78052e-11
4.84105e-11
-3.69528e-11
2.01834e-11
-4.62301e-12
-6.82782e-12
1.35094e-11
-1.59635e-11
1.63189e-11
-1.89054e-11
2.70043e-11
-3.89362e-11
4.72519e-11
-4.399e-11
2.67319e-11
-1.25425e-12
-2.20107e-11
3.3574e-11
-2.99151e-11
1.45106e-11
4.17123e-12
-1.78242e-11
2.26655e-11
-2.1034e-11
1.80973e-11
-1.78703e-11
2.11276e-11
-2.68627e-11
3.32002e-11
-3.74809e-11
3.62562e-11
-2.83211e-11
1.72029e-11
-9.96649e-12
1.09882e-11
-1.78662e-11
2.35905e-11
-2.39192e-11
2.07805e-11
-1.89202e-11
1.93815e-11
-1.8592e-11
1.27517e-11
-2.65832e-12
-7.27721e-12
1.27533e-11
-1.21756e-11
5.39247e-12
7.06686e-12
-2.316e-11
3.77077e-11
-4.4556e-11
4.06921e-11
-2.92338e-11
1.71375e-11
-1.0563e-11
1.05861e-11
-1.2924e-11
1.04152e-11
1.8955e-12
-2.28208e-11
4.41781e-11
-5.56908e-11
5.15332e-11
-3.42099e-11
1.16804e-11
7.97063e-12
-2.01832e-11
2.31856e-11
-1.73879e-11
5.95165e-12
4.68441e-12
-8.76706e-12
6.19724e-12
-3.5106e-12
7.49028e-12
-1.85315e-11
3.00382e-11
-3.53226e-11
3.33908e-11
-2.86892e-11
2.54014e-11
-2.41764e-11
2.313e-11
-2.12946e-11
1.92631e-11
-1.82628e-11
1.88702e-11
-2.13992e-11
2.54389e-11
-2.93634e-11
2.99499e-11
-2.43023e-11
1.17188e-11
5.00187e-12
-2.04982e-11
2.82437e-11
-2.35769e-11
6.80184e-12
1.48104e-11
-3.05837e-11
3.35941e-11
-2.64259e-11
1.84192e-11
-1.74756e-11
2.34664e-11
-3.0078e-11
3.08091e-11
-2.32983e-11
8.25504e-12
1.20487e-11
-3.3631e-11
4.97163e-11
-5.37654e-11
4.43738e-11
-2.76198e-11
1.2482e-11
-4.45605e-12
2.56311e-12
-2.67427e-12
1.8615e-12
-6.59234e-13
1.37669e-12
-5.79248e-12
1.29571e-11
-1.94309e-11
2.11297e-11
-1.70137e-11
1.04765e-11
-7.29824e-12
1.04506e-11
-1.78305e-11
2.44033e-11
-2.70535e-11
2.58971e-11
-2.26742e-11
1.88844e-11
-1.70578e-11
2.08901e-11
-3.22458e-11
4.63925e-11
-5.30318e-11
4.34815e-11
-1.8749e-11
-1.06233e-11
3.19831e-11
-3.90965e-11
3.38233e-11
-2.25839e-11
1.1336e-11
-3.51311e-12
-6.53105e-13
3.111e-12
-6.52262e-12
1.17555e-11
-1.74124e-11
2.08696e-11
-2.04125e-11
1.54154e-11
-6.30033e-12
-5.49996e-12
1.67975e-11
-2.43581e-11
2.75263e-11
-2.93705e-11
3.27676e-11
-3.61939e-11
3.41006e-11
-2.36781e-11
9.69167e-12
-2.06854e-12
7.18247e-12
-2.26319e-11
3.92482e-11
-4.82096e-11
4.54843e-11
-3.24657e-11
1.38417e-11
3.86642e-12
-1.47051e-11
1.58017e-11
-9.39387e-12
1.03005e-12
3.94963e-12
-3.81597e-12
6.97113e-13
5.44155e-13
4.7319e-12
-1.78043e-11
3.3945e-11
-4.46427e-11
4.34856e-11
-3.16759e-11
1.62821e-11
-3.57671e-12
-6.32974e-12
1.69806e-11
-2.961e-11
4.01424e-11
-4.32247e-11
3.7178e-11
-2.5362e-11
1.28717e-11
-4.11606e-12
1.94339e-12
-7.61441e-12
1.9086e-11
-3.08572e-11
3.62208e-11
-3.17653e-11
1.9387e-11
-5.42346e-12
-3.15781e-12
2.30237e-12
6.16681e-12
-1.51827e-11
1.66285e-11
-8.22009e-12
-3.86516e-12
9.26046e-12
-2.36599e-12
-1.36145e-11
3.0307e-11
-4.17133e-11
4.67231e-11
-4.65829e-11
4.13861e-11
-3.08193e-11
1.59843e-11
2.12483e-13
-1.5311e-11
2.78786e-11
-3.66126e-11
3.91481e-11
-3.3898e-11
2.22221e-11
-9.16558e-12
7.92629e-13
-1.24886e-12
1.01233e-11
-2.21774e-11
2.91743e-11
-2.54159e-11
1.26689e-11
-2.50235e-13
-2.52155e-12
-5.84007e-12
1.77073e-11
-2.37112e-11
2.01013e-11
-1.03056e-11
1.76198e-13
5.8614e-12
-5.73714e-12
-1.39229e-12
1.43686e-11
-2.95865e-11
4.20647e-11
-4.86719e-11
4.91073e-11
-4.47435e-11
3.63497e-11
-2.41184e-11
8.28615e-12
9.69008e-12
-2.67816e-11
3.79009e-11
-3.81612e-11
2.69e-11
-1.08984e-11
8.54437e-13
-3.42352e-12
1.51493e-11
-2.57549e-11
2.69077e-11
-1.88087e-11
8.08747e-12
-1.68164e-12
2.21298e-12
-8.38189e-12
1.64961e-11
-2.22326e-11
2.19603e-11
-1.51451e-11
4.74517e-12
4.36766e-12
-8.49826e-12
6.09242e-12
2.17923e-12
-1.41055e-11
2.62167e-11
-3.58702e-11
4.27589e-11
-4.82919e-11
5.15969e-11
-4.79707e-11
3.24469e-11
-6.77677e-12
-1.91783e-11
3.36975e-11
-3.24619e-11
2.09598e-11
-9.50778e-12
5.50542e-12
-1.01508e-11
1.91816e-11
-2.65297e-11
2.77082e-11
-2.27439e-11
1.56359e-11
-1.13086e-11
1.16375e-11
-1.51685e-11
1.91034e-11
-2.15136e-11
2.08216e-11
-1.5795e-11
6.75519e-12
2.69293e-12
-7.97469e-12
7.56104e-12
-4.57703e-12
2.30848e-12
3.84846e-13
-8.60301e-12
2.49523e-11
-4.51472e-11
5.94658e-11
-5.94662e-11
4.32645e-11
-1.71489e-11
-7.92918e-12
2.20942e-11
-2.26101e-11
1.49012e-11
-8.08092e-12
7.49321e-12
-1.20054e-11
1.70854e-11
-2.03351e-11
2.24426e-11
-2.47506e-11
2.69404e-11
-2.85065e-11
2.99205e-11
-3.17585e-11
3.23932e-11
-2.92106e-11
2.15993e-11
-1.26189e-11
6.07965e-12
-3.24602e-12
1.68792e-12
2.15179e-12
-1.01188e-11
1.98349e-11
-2.50088e-11
1.85078e-11
1.40785e-12
-2.75704e-11
4.68195e-11
-4.94691e-11
3.61522e-11
-1.64865e-11
3.62968e-13
8.35209e-12
-1.16909e-11
1.2684e-11
-1.27324e-11
1.16434e-11
-9.2691e-12
5.95734e-12
-3.4382e-12
4.55775e-12
-1.18964e-11
2.48458e-11
-3.93559e-11
5.01604e-11
-5.40554e-11
5.02929e-11
-4.01822e-11
2.68078e-11
-1.5374e-11
1.03438e-11
-1.14078e-11
1.20675e-11
-5.13186e-12
-1.03108e-11
2.67796e-11
-3.45711e-11
2.91947e-11
-1.44088e-11
-1.49989e-12
1.10132e-11
-1.16564e-11
6.33877e-12
-7.03083e-13
-2.1611e-12
4.13527e-12
-9.48158e-12
1.85084e-11
-2.56433e-11
2.38249e-11
-1.16015e-11
-5.4178e-12
1.85659e-11
-2.17304e-11
1.3106e-11
5.00391e-12
-2.72914e-11
4.63613e-11
-5.59989e-11
5.42941e-11
-4.46849e-11
3.28091e-11
-2.31655e-11
1.70949e-11
-1.33131e-11
8.7657e-12
-1.19438e-12
-8.406e-12
1.52492e-11
-1.53653e-11
1.04186e-11
-7.57146e-12
1.24057e-11
-2.32297e-11
3.22339e-11
-3.31153e-11
2.63612e-11
-1.86732e-11
1.71318e-11
-2.41454e-11
3.5199e-11
-4.15878e-11
3.58791e-11
-1.78793e-11
-4.84613e-12
2.20832e-11
-2.83539e-11
2.48381e-11
-1.59834e-11
4.80865e-12
7.21955e-12
-1.84258e-11
2.61918e-11
-2.89526e-11
2.66146e-11
-1.96811e-11
8.43094e-12
5.19952e-12
-1.68021e-11
2.10665e-11
-1.56046e-11
2.50787e-12
1.20992e-11
-2.06648e-11
1.72186e-11
-1.5531e-12
-1.94976e-11
3.5642e-11
-4.11024e-11
3.87243e-11
-3.66021e-11
3.95199e-11
-4.48923e-11
4.58448e-11
-3.83472e-11
2.43819e-11
-1.02546e-11
1.58102e-12
2.62168e-13
6.6483e-13
1.79199e-12
-1.06014e-11
2.17533e-11
-2.74939e-11
2.33864e-11
-1.30079e-11
4.53894e-12
-4.26453e-12
1.26149e-11
-2.57934e-11
3.82725e-11
-4.48817e-11
4.2065e-11
-3.00831e-11
1.29998e-11
3.48208e-12
-1.54488e-11
2.14076e-11
-2.15591e-11
1.65987e-11
-7.88975e-12
-3.28203e-12
1.5889e-11
-2.84624e-11
3.68709e-11
-3.53817e-11
2.12768e-11
1.62978e-13
-1.77017e-11
2.18068e-11
-1.19266e-11
-4.10822e-12
1.6113e-11
-1.8345e-11
1.16911e-11
-2.07485e-12
-4.73257e-12
7.74014e-12
-1.17798e-11
2.19414e-11
-3.73053e-11
5.01081e-11
-5.28414e-11
4.49226e-11
-3.30137e-11
2.45698e-11
-2.24871e-11
2.39365e-11
-2.36158e-11
1.72596e-11
-4.82881e-12
-9.23229e-12
1.84773e-11
-1.95124e-11
1.4292e-11
-8.36955e-12
6.23839e-12
-9.46095e-12
1.72719e-11
-2.80303e-11
3.8666e-11
-4.53365e-11
4.55091e-11
-4.0222e-11
3.22254e-11
-2.28425e-11
1.08652e-11
4.17407e-12
-1.94568e-11
2.92118e-11
-2.83242e-11
1.53195e-11
5.40161e-12
-2.43983e-11
3.13415e-11
-2.23535e-11
3.38026e-12
1.38774e-11
-2.14266e-11
1.98068e-11
-1.51564e-11
1.18239e-11
-9.1233e-12
3.2543e-12
7.62867e-12
-2.05729e-11
2.81243e-11
-2.31582e-11
4.58503e-12
1.97718e-11
-3.7989e-11
4.25186e-11
-3.56749e-11
2.60546e-11
-2.09123e-11
2.11011e-11
-2.29996e-11
2.26299e-11
-1.87659e-11
1.28831e-11
-8.21048e-12
7.05414e-12
-8.68513e-12
9.12159e-12
-4.90857e-12
-3.79986e-12
1.35319e-11
-2.13688e-11
2.66593e-11
-3.03251e-11
3.3277e-11
-3.6888e-11
4.23105e-11
-4.86402e-11
5.14749e-11
-4.59868e-11
3.11685e-11
-1.16979e-11
-5.22576e-12
1.38313e-11
-1.27881e-11
5.39275e-12
1.8718e-12
-3.64917e-12
-6.5519e-13
6.75548e-12
-1.08801e-11
1.42021e-11
-2.17721e-11
3.57302e-11
-5.11624e-11
5.83356e-11
-5.01887e-11
2.75643e-11
3.98843e-13
-2.15293e-11
2.74059e-11
-1.87869e-11
4.3611e-12
6.14825e-12
-9.79053e-12
1.05698e-11
-1.30976e-11
1.62054e-11
-1.43381e-11
3.54481e-12
1.36251e-11
-2.92979e-11
3.46581e-11
-2.5588e-11
5.62953e-12
1.50489e-11
-2.63802e-11
2.50269e-11
-1.57333e-11
5.3862e-12
2.62433e-12
-9.28685e-12
1.61539e-11
-2.30969e-11
2.82479e-11
-2.95987e-11
2.58368e-11
-1.79925e-11
9.76145e-12
-5.91436e-12
8.36819e-12
-1.48574e-11
2.07598e-11
-2.27423e-11
1.97455e-11
-1.27515e-11
4.00527e-12
3.21459e-12
-6.92194e-12
8.43006e-12
-1.2025e-11
2.06231e-11
-3.27312e-11
4.31504e-11
-4.74097e-11
4.45161e-11
-3.72616e-11
2.98583e-11
-2.55139e-11
2.37413e-11
-2.07104e-11
1.28054e-11
-1.71967e-12
-5.90891e-12
4.42186e-12
4.25953e-12
-1.14686e-11
8.32605e-12
7.36648e-12
-3.00947e-11
4.9995e-11
-5.90742e-11
5.58605e-11
-4.62059e-11
3.75374e-11
-3.21226e-11
2.55174e-11
-1.32252e-11
-2.7403e-12
1.39353e-11
-1.29303e-11
-3.81674e-13
1.77617e-11
-2.77691e-11
2.24097e-11
-2.6632e-12
-2.20779e-11
4.03488e-11
-4.70767e-11
4.54239e-11
-4.14954e-11
3.72026e-11
-2.97303e-11
1.61508e-11
1.59255e-12
-1.69138e-11
2.21549e-11
-1.383e-11
-4.50135e-12
2.29243e-11
-3.12412e-11
2.54898e-11
-1.02477e-11
-6.30254e-12
1.84174e-11
-2.52496e-11
2.80471e-11
-2.75407e-11
2.31161e-11
-1.42375e-11
1.38046e-12
1.25971e-11
-2.26482e-11
2.35097e-11
-1.39395e-11
-1.8167e-12
1.64421e-11
-2.45113e-11
2.44282e-11
-1.79143e-11
8.27581e-12
2.94429e-13
-4.73968e-12
4.7418e-12
-2.6142e-12
5.23891e-14
3.42195e-12
-9.17324e-12
1.64433e-11
-2.23741e-11
2.36168e-11
-1.83621e-11
6.9793e-12
6.91295e-12
-1.754e-11
2.04239e-11
-1.67222e-11
1.2273e-11
-1.24316e-11
1.72048e-11
-2.24186e-11
2.37796e-11
-2.04808e-11
1.52669e-11
-1.28549e-11
1.61386e-11
-2.31633e-11
2.72655e-11
-2.29121e-11
1.10803e-11
1.06444e-12
-7.19647e-12
7.22075e-12
-6.88509e-12
1.20505e-11
-2.40306e-11
3.7963e-11
-4.5998e-11
4.28039e-11
-3.07925e-11
1.88143e-11
-1.51049e-11
1.98833e-11
-2.60894e-11
2.63475e-11
-1.97367e-11
1.13376e-11
-7.14694e-12
8.32987e-12
-9.99412e-12
4.32613e-12
1.24791e-11
-3.56965e-11
5.39007e-11
-5.78921e-11
4.7896e-11
-3.30408e-11
2.29999e-11
-2.10274e-11
2.30916e-11
-2.3264e-11
1.90157e-11
-1.35363e-11
1.24994e-11
-1.83573e-11
2.58994e-11
-2.52005e-11
9.71166e-12
1.68787e-11
-4.29406e-11
5.73008e-11
-5.68983e-11
4.68591e-11
-3.55708e-11
2.83887e-11
-2.51142e-11
2.15502e-11
-1.5104e-11
8.56537e-12
-8.49908e-12
1.78965e-11
-3.1532e-11
3.85336e-11
-3.09086e-11
9.1116e-12
1.84309e-11
-4.1172e-11
5.21478e-11
-5.15376e-11
4.49551e-11
-3.83248e-11
3.26439e-11
-2.50196e-11
1.4013e-11
-3.79351e-12
1.12781e-12
-9.41936e-12
2.49397e-11
-3.89765e-11
4.24415e-11
-3.12133e-11
8.58222e-12
1.62337e-11
-3.45442e-11
4.3457e-11
-4.58722e-11
4.49722e-11
-4.08899e-11
3.19347e-11
-1.86351e-11
4.87455e-12
3.37466e-12
-1.37714e-12
-1.13651e-11
2.89061e-11
-4.1471e-11
4.14533e-11
-2.8737e-11
9.22886e-12
1.02716e-11
-2.61303e-11
3.72136e-11
-4.33584e-11
4.41403e-11
-3.90355e-11
2.76688e-11
-1.20262e-11
-2.30191e-12
7.93732e-12
-1.40275e-12
-1.39057e-11
2.98362e-11
-3.91197e-11
3.82913e-11
-2.80836e-11
1.194e-11
5.41701e-12
-2.06428e-11
3.25448e-11
-4.06466e-11
4.27053e-11
-3.62278e-11
2.18865e-11
-5.21922e-12
-6.64562e-12
8.77821e-12
-6.95396e-13
-1.40512e-11
2.88196e-11
-3.70964e-11
3.5866e-11
-2.69939e-11
1.40224e-11
7.53557e-13
-1.63596e-11
3.05103e-11
-3.95357e-11
4.01919e-11
-3.19222e-11
1.70649e-11
-9.98423e-13
-9.48183e-12
9.34698e-12
7.66818e-13
-1.5219e-11
2.74265e-11
-3.39067e-11
3.39125e-11
-2.79185e-11
1.66792e-11
-1.8462e-12
-1.4458e-11
2.93256e-11
-3.88835e-11
3.89136e-11
-2.846e-11
1.19079e-11
2.83586e-12
-9.69492e-12
7.10432e-12
2.47074e-12
-1.49706e-11
2.5999e-11
-3.25383e-11
3.35628e-11
-2.94572e-11
2.07933e-11
-1.04562e-11
3.24333e-12
-4.04205e-13
9.96954e-14
2.51603e-14
4.06423e-15
0
