0
2.5262e-16
3.60859e-15
2.25005e-14
7.93725e-14
-1.32807e-13
1.21062e-12
-3.03613e-12
4.79418e-12
-6.31492e-12
7.98459e-12
-7.10555e-12
-1.5405e-12
2.00855e-11
-4.37373e-11
6.2583e-11
-6.86189e-11
6.03283e-11
-4.25396e-11
2.24928e-11
-6.74196e-12
-1.48888e-12
3.14125e-12
-2.25335e-12
1.68583e-12
-5.73957e-13
-3.9854e-12
1.15761e-11
-1.67884e-11
1.27771e-11
2.72939e-12
-2.57884e-11
4.8482e-11
-6.31118e-11
6.49265e-11
-5.44632e-11
3.7336e-11
-2.12235e-11
1.04131e-11
-3.99544e-12
-1.18062e-12
5.42891e-12
-5.91034e-12
1.768e-13
1.00244e-11
-1.94485e-11
2.20107e-11
-1.38861e-11
-4.89066e-12
2.90991e-11
-5.00947e-11
6.02263e-11
-5.79675e-11
4.77586e-11
-3.55785e-11
2.41643e-11
-1.33935e-11
3.05543e-12
5.08796e-12
-8.59125e-12
5.70268e-12
3.30931e-12
-1.56322e-11
2.52891e-11
-2.55955e-11
1.33697e-11
7.77146e-12
-2.98405e-11
4.56375e-11
-5.2618e-11
5.17696e-11
-4.5302e-11
3.50955e-11
-2.31135e-11
1.09622e-11
-1.5959e-14
-8.11804e-12
1.05668e-11
-5.01993e-12
-7.42418e-12
2.08769e-11
-2.81116e-11
2.48926e-11
-1.21368e-11
-6.08617e-12
2.47037e-11
-3.92746e-11
4.65846e-11
-4.61097e-11
3.97919e-11
-3.04503e-11
1.94423e-11
-7.3648e-12
-4.10242e-12
1.12538e-11
-1.09529e-11
3.03926e-12
9.10062e-12
-2.07358e-11
2.72504e-11
-2.54382e-11
1.44198e-11
2.78204e-12
-2.02989e-11
3.24468e-11
-3.72139e-11
3.59e-11
-3.07816e-11
2.29298e-11
-1.30678e-11
2.49962e-12
6.57777e-12
-1.215e-11
1.23304e-11
-5.96027e-12
-6.20515e-12
1.9649e-11
-2.76839e-11
2.54791e-11
-1.39488e-11
-1.39204e-12
1.43303e-11
-2.16652e-11
2.32246e-11
-2.08053e-11
1.65932e-11
-1.2279e-11
7.53826e-12
-7.14218e-13
-8.67337e-12
1.70354e-11
-1.85621e-11
1.01314e-11
4.76654e-12
-1.83789e-11
2.39971e-11
-2.01605e-11
1.01232e-11
4.0742e-13
-6.43e-12
5.97544e-12
-1.8462e-12
-6.61564e-13
-1.46526e-12
5.17448e-12
-4.27027e-12
-4.2621e-12
1.63114e-11
-2.41222e-11
2.23248e-11
-1.17206e-11
-2.21386e-12
1.24781e-11
-1.44912e-11
8.73987e-12
-1.50857e-12
3.69838e-13
-7.80894e-12
1.81725e-11
-2.29003e-11
1.82938e-11
-8.88818e-12
2.65622e-12
-4.55888e-12
1.32545e-11
-2.30816e-11
2.74464e-11
-2.29802e-11
1.19742e-11
-1.90805e-12
-4.45336e-13
-4.79836e-12
9.68059e-12
-5.62852e-12
-8.89428e-12
2.68397e-11
-3.88614e-11
3.9867e-11
-3.1702e-11
2.06873e-11
-1.39017e-11
1.48098e-11
-2.11485e-11
2.61637e-11
-2.45971e-11
1.75793e-11
-1.205e-11
1.36396e-11
-2.10027e-11
2.63202e-11
-2.19989e-11
6.07703e-12
1.66013e-11
-3.7867e-11
5.02263e-11
-5.07464e-11
4.22668e-11
-3.17772e-11
2.51502e-11
-2.32623e-11
2.23338e-11
-1.91844e-11
1.48897e-11
-1.39095e-11
1.9021e-11
-2.8419e-11
3.64364e-11
-3.72972e-11
2.76364e-11
-8.14444e-12
-1.65283e-11
3.88503e-11
-5.22268e-11
5.44142e-11
-4.84197e-11
3.89553e-11
-2.91825e-11
2.00412e-11
-1.26226e-11
8.72948e-12
-9.70028e-12
1.47775e-11
-2.22282e-11
3.03088e-11
-3.70248e-11
3.86134e-11
-3.10997e-11
1.35415e-11
9.7417e-12
-3.16936e-11
4.61872e-11
-5.03905e-11
4.43602e-11
-3.12289e-11
1.66873e-11
-6.89733e-12
4.12737e-12
-5.65865e-12
7.11384e-12
-7.67709e-12
1.01977e-11
-1.71144e-11
2.63373e-11
-3.24075e-11
3.00895e-11
-1.78003e-11
-1.69298e-12
2.14532e-11
-3.3141e-11
3.15602e-11
-1.92847e-11
5.2587e-12
1.87553e-12
-8.18036e-13
-2.77537e-12
2.35749e-12
3.2099e-12
-9.58673e-12
1.08976e-11
-4.56897e-12
-7.07241e-12
1.75853e-11
-2.03554e-11
1.30679e-11
-6.78632e-13
-7.65012e-12
5.39355e-12
5.47626e-12
-1.6359e-11
1.92067e-11
-1.32816e-11
4.67059e-12
-9.61516e-13
5.42591e-12
-1.58438e-11
2.63132e-11
-3.10478e-11
2.73445e-11
-1.76205e-11
7.55618e-12
-1.71616e-12
-7.9515e-13
4.95908e-12
-1.45186e-11
2.7316e-11
-3.71765e-11
3.90401e-11
-3.27739e-11
2.19591e-11
-1.15676e-11
6.06614e-12
-8.60893e-12
1.8879e-11
-3.25005e-11
4.30779e-11
-4.66241e-11
4.29085e-11
-3.3725e-11
2.02467e-11
-3.71732e-12
-1.33965e-11
2.77542e-11
-3.77119e-11
4.33903e-11
-4.47652e-11
4.01055e-11
-2.86289e-11
1.35321e-11
-2.01189e-12
4.98536e-13
-1.05205e-11
2.76359e-11
-4.43174e-11
5.30902e-11
-4.98498e-11
3.56457e-11
-1.67791e-11
7.26403e-13
8.88951e-12
-1.47129e-11
2.15858e-11
-3.06797e-11
3.70672e-11
-3.44445e-11
2.13491e-11
-3.70459e-12
-9.30734e-12
1.09832e-11
-1.10617e-12
-1.45227e-11
2.69247e-11
-2.91758e-11
2.07009e-11
-8.33368e-12
9.00869e-13
-2.07895e-12
7.30893e-12
-9.01564e-12
3.80498e-12
4.71851e-12
-1.03474e-11
9.37172e-12
-2.64512e-12
-6.37191e-12
1.34999e-11
-1.59649e-11
1.38837e-11
-1.10585e-11
1.19215e-11
-1.73921e-11
2.30652e-11
-2.31359e-11
1.51566e-11
-1.70423e-12
-1.27498e-11
2.44818e-11
-3.12157e-11
3.12348e-11
-2.46086e-11
1.44164e-11
-6.30003e-12
4.68753e-12
-1.0145e-11
1.9509e-11
-2.91602e-11
3.69408e-11
-4.23857e-11
4.52871e-11
-4.53912e-11
4.1799e-11
-3.28489e-11
1.63863e-11
7.1453e-12
-3.20686e-11
4.83958e-11
-4.86466e-11
3.40544e-11
-1.47054e-11
1.98147e-12
-1.24469e-12
9.80804e-12
-2.11705e-11
2.95603e-11
-3.28617e-11
3.26106e-11
-3.26444e-11
3.52006e-11
-3.78845e-11
3.42478e-11
-1.99962e-11
-1.73484e-12
2.11112e-11
-2.92908e-11
2.47511e-11
-1.35462e-11
3.47453e-12
8.02465e-13
6.25392e-13
-4.80091e-12
7.69515e-12
-6.46446e-12
9.08512e-13
5.76034e-12
-9.28566e-12
7.41798e-12
-1.7305e-12
-4.55845e-12
9.24589e-12
-1.22078e-11
1.34668e-11
-1.2522e-11
9.35593e-12
-6.10271e-12
5.27608e-12
-7.07973e-12
8.79174e-12
-8.66131e-12
8.83399e-12
-1.41299e-11
2.66917e-11
-4.31592e-11
5.60377e-11
-5.8319e-11
4.66748e-11
-2.34421e-11
-3.78143e-12
2.46831e-11
-3.22955e-11
2.75991e-11
-1.88276e-11
1.41214e-11
-1.52331e-11
1.74352e-11
-1.61098e-11
1.18985e-11
-1.0399e-11
1.65651e-11
-3.04814e-11
4.67158e-11
-5.77137e-11
5.73934e-11
-4.4472e-11
2.32949e-11
-2.34394e-12
-1.08083e-11
1.39646e-11
-1.12718e-11
8.58148e-12
-8.7152e-12
1.03062e-11
-1.12851e-11
1.10867e-11
-1.00712e-11
7.42731e-12
-2.32625e-12
-3.92675e-12
7.56884e-12
-6.06257e-12
5.97865e-13
4.82056e-12
-7.39581e-12
7.24519e-12
-6.60781e-12
7.40446e-12
-1.03339e-11
1.40657e-11
-1.55146e-11
1.11293e-11
-7.98971e-13
-9.82758e-12
1.1357e-11
1.99811e-12
-2.68358e-11
5.15113e-11
-6.44219e-11
6.14366e-11
-4.7281e-11
2.99524e-11
-1.51777e-11
4.21429e-12
4.19147e-12
-1.18071e-11
1.9017e-11
-2.42633e-11
2.43439e-11
-1.76335e-11
6.9751e-12
5.07794e-13
1.21032e-12
-1.23731e-11
2.73536e-11
-3.97808e-11
4.61869e-11
-4.61396e-11
3.99398e-11
-2.88166e-11
1.60037e-11
-6.5366e-12
3.50594e-12
-5.37439e-12
6.73257e-12
-3.09622e-12
-5.69824e-12
1.5321e-11
-2.04246e-11
1.75971e-11
-7.28367e-12
-6.58507e-12
1.79468e-11
-2.2298e-11
1.98279e-11
-1.57462e-11
1.51253e-11
-1.75432e-11
1.66087e-11
-6.75318e-12
-1.03994e-11
2.59737e-11
-3.10886e-11
2.32183e-11
-7.40781e-12
-7.96833e-12
1.53607e-11
-1.10392e-11
-4.07584e-12
2.44629e-11
-4.28889e-11
5.4024e-11
-5.70699e-11
5.4205e-11
-4.77964e-11
3.86129e-11
-2.73511e-11
1.57429e-11
-6.01202e-12
-1.51242e-12
8.11372e-12
-1.43071e-11
1.76554e-11
-1.53248e-11
8.14703e-12
-1.87157e-12
2.2315e-12
-9.62523e-12
1.82119e-11
-2.11772e-11
1.58532e-11
-5.49504e-12
-3.44109e-12
4.77226e-12
3.59899e-12
-1.7907e-11
2.93929e-11
-2.98646e-11
1.75928e-11
6.699e-13
-1.49508e-11
1.9094e-11
-1.41665e-11
4.86597e-12
5.4501e-12
-1.67478e-11
2.93614e-11
-4.15898e-11
5.00639e-11
-5.27464e-11
4.95911e-11
-4.13759e-11
2.83542e-11
-1.186e-11
-4.44668e-12
1.53827e-11
-1.77939e-11
1.23212e-11
-3.03647e-12
-4.80751e-12
6.16708e-12
1.50787e-12
-1.61786e-11
3.05175e-11
-3.63233e-11
3.07518e-11
-1.95822e-11
1.25562e-11
-1.5433e-11
2.5127e-11
-3.32413e-11
3.31691e-11
-2.48774e-11
1.29078e-11
-2.03326e-12
-5.73147e-12
1.02747e-11
-1.22712e-11
1.22604e-11
-1.0511e-11
5.9333e-12
3.28771e-12
-1.76852e-11
3.40427e-11
-4.67096e-11
5.0955e-11
-4.58408e-11
3.31956e-11
-1.6018e-11
-2.02069e-12
1.54255e-11
-1.86301e-11
1.00489e-11
4.48305e-12
-1.46699e-11
1.28824e-11
-2.30309e-13
-1.51366e-11
2.48383e-11
-2.66629e-11
2.43377e-11
-2.33289e-11
2.6362e-11
-3.2664e-11
3.87963e-11
-4.08576e-11
3.64892e-11
-2.71283e-11
1.71535e-11
-1.05601e-11
7.08344e-12
-3.07156e-12
-4.38546e-12
1.36341e-11
-1.99659e-11
1.95206e-11
-1.20615e-11
-5.9446e-13
1.64537e-11
-3.33858e-11
4.68212e-11
-5.04173e-11
4.01853e-11
-1.95043e-11
-1.78142e-12
1.35131e-11
-1.22811e-11
2.40317e-12
8.0163e-12
-1.27009e-11
9.62458e-12
-1.26153e-12
-7.57315e-12
1.25431e-11
-1.32747e-11
1.35492e-11
-1.80949e-11
2.75164e-11
-3.74671e-11
4.23108e-11
-4.05265e-11
3.53153e-11
-3.09687e-11
2.83548e-11
-2.52581e-11
1.95538e-11
-1.17741e-11
3.32301e-12
5.60263e-12
-1.55998e-11
2.45134e-11
-2.68226e-11
1.72701e-11
3.49898e-12
-2.80808e-11
4.6246e-11
-5.11137e-11
4.21067e-11
-2.48256e-11
7.74751e-12
1.63989e-12
-1.01884e-12
-5.78112e-12
1.13933e-11
-1.08364e-11
4.93548e-12
1.04055e-12
-3.21776e-12
2.54262e-12
-3.26554e-12
7.67707e-12
-1.42114e-11
1.98486e-11
-2.40565e-11
2.82893e-11
-3.30477e-11
3.61221e-11
-3.54372e-11
3.18356e-11
-2.87299e-11
2.78119e-11
-2.66866e-11
2.04013e-11
-6.44483e-12
-1.24215e-11
2.88036e-11
-3.4946e-11
2.65797e-11
-5.59563e-12
-2.04742e-11
4.1225e-11
-4.903e-11
4.3422e-11
-3.14193e-11
2.16658e-11
-1.82306e-11
1.87812e-11
-1.90835e-11
1.72766e-11
-1.4365e-11
1.08762e-11
-5.82752e-12
-1.37333e-12
8.2427e-12
-1.09209e-11
8.08521e-12
-3.41423e-12
2.36478e-12
-7.24912e-12
1.49187e-11
-2.04004e-11
2.15453e-11
-2.08135e-11
2.20267e-11
-2.68449e-11
3.30427e-11
-3.60315e-11
3.0989e-11
-1.60465e-11
-5.61544e-12
2.56071e-11
-3.47634e-11
2.87301e-11
-1.11023e-11
-9.78656e-12
2.64731e-11
-3.62832e-11
3.99876e-11
-3.91935e-11
3.51989e-11
-3.07291e-11
2.96969e-11
-3.41596e-11
4.04622e-11
-4.09904e-11
3.04203e-11
-1.14542e-11
-7.0295e-12
1.67761e-11
-1.62147e-11
9.72811e-12
-3.12442e-12
-7.63198e-13
2.19608e-12
-2.81589e-12
3.45694e-12
-3.86141e-12
2.63541e-12
1.65923e-12
-9.43028e-12
1.83683e-11
-2.40689e-11
2.24638e-11
-1.32743e-11
6.32572e-14
1.22433e-11
-2.04061e-11
2.25871e-11
-1.74511e-11
4.6239e-12
1.24474e-11
-2.65755e-11
3.11111e-11
-2.6287e-11
1.99592e-11
-2.17386e-11
3.43912e-11
-5.14677e-11
6.22962e-11
-6.03063e-11
4.62579e-11
-2.58903e-11
5.09355e-12
1.17039e-11
-2.14139e-11
2.21024e-11
-1.46989e-11
3.09038e-12
7.64092e-12
-1.44712e-11
1.72946e-11
-1.80728e-11
1.86292e-11
-1.98698e-11
2.12927e-11
-2.15459e-11
1.88966e-11
-1.31496e-11
6.70652e-12
-3.87345e-12
6.78973e-12
-1.256e-11
1.45202e-11
-8.54265e-12
-2.67791e-12
1.13432e-11
-1.18847e-11
5.58236e-12
9.32879e-13
-1.90806e-12
-4.08896e-12
1.4971e-11
-2.83745e-11
4.19027e-11
-5.16617e-11
5.18001e-11
-3.8647e-11
1.50725e-11
9.19269e-12
-2.37788e-11
2.42322e-11
-1.42815e-11
1.72472e-12
6.7752e-12
-9.17932e-12
7.71272e-12
-7.15204e-12
1.17255e-11
-2.28069e-11
3.7487e-11
-5.03745e-11
5.66533e-11
-5.50419e-11
4.72548e-11
-3.59112e-11
2.25739e-11
-8.85525e-12
-2.49928e-12
8.26799e-12
-8.0361e-12
4.93365e-12
-2.80392e-12
1.70931e-12
1.74145e-12
-9.87561e-12
1.93774e-11
-2.32753e-11
1.72276e-11
-4.64062e-12
-5.87245e-12
7.44883e-12
-4.76763e-13
-9.19645e-12
1.5583e-11
-1.66068e-11
1.30694e-11
-6.62198e-12
-1.01548e-12
6.78444e-12
-7.19748e-12
9.43198e-13
8.40969e-12
-1.3879e-11
9.11338e-12
7.04561e-12
-2.97839e-11
5.04579e-11
-6.1029e-11
5.73867e-11
-4.15367e-11
2.05959e-11
-3.47338e-12
-4.55378e-12
4.48698e-12
-1.9513e-12
1.62952e-12
-4.02695e-12
6.31419e-12
-6.25985e-12
3.51174e-12
1.76251e-12
-1.09058e-11
2.50023e-11
-4.18488e-11
5.50319e-11
-5.85275e-11
5.18281e-11
-4.0804e-11
3.1828e-11
-2.61229e-11
1.95444e-11
-8.75673e-12
-4.17841e-12
1.2886e-11
-1.28343e-11
5.00293e-12
5.26867e-12
-1.3142e-11
1.6772e-11
-1.68077e-11
1.40463e-11
-9.48083e-12
5.18533e-12
-4.50566e-12
9.23703e-12
-1.74948e-11
2.39917e-11
-2.38176e-11
1.55526e-11
-2.54054e-12
-9.05642e-12
1.29814e-11
-6.45138e-12
-7.95124e-12
2.24228e-11
-2.8103e-11
2.02099e-11
-1.5333e-12
-1.97332e-11
3.52337e-11
-4.13457e-11
3.90125e-11
-3.10805e-11
2.0057e-11
-9.14369e-12
2.47347e-12
-2.95205e-12
8.30362e-12
-1.14772e-11
5.85491e-12
8.03192e-12
-2.20576e-11
2.65094e-11
-1.80606e-11
1.23376e-12
1.64714e-11
-3.10083e-11
4.2398e-11
-5.12917e-11
5.58827e-11
-5.38825e-11
4.57023e-11
-3.52535e-11
2.62167e-11
-1.9015e-11
1.11619e-11
-1.44982e-12
-7.79166e-12
1.21328e-11
-9.5507e-12
2.21541e-12
5.27427e-12
-1.00476e-11
1.24925e-11
-1.53419e-11
2.09195e-11
-2.97568e-11
3.97829e-11
-4.71879e-11
4.77773e-11
-3.96876e-11
2.47706e-11
-8.38021e-12
-3.67678e-12
7.85948e-12
-4.34665e-12
-4.30089e-12
1.42513e-11
-2.1248e-11
2.10081e-11
-1.19548e-11
-2.31989e-12
1.33508e-11
-1.35277e-11
2.11605e-12
1.3189e-11
-2.22197e-11
1.97587e-11
-8.8456e-12
-3.29836e-12
1.09061e-11
-1.22902e-11
7.52592e-12
3.11889e-12
-1.79803e-11
3.12084e-11
-3.46363e-11
2.35985e-11
-2.24592e-12
-1.87136e-11
2.96622e-11
-2.91899e-11
2.33737e-11
-1.95881e-11
2.03196e-11
-2.33198e-11
2.53425e-11
-2.52832e-11
2.28808e-11
-1.70171e-11
6.09724e-12
8.69152e-12
-2.24078e-11
2.87301e-11
-2.4769e-11
1.28032e-11
1.66206e-12
-1.44133e-11
2.44314e-11
-3.29905e-11
4.07967e-11
-4.71512e-11
5.03411e-11
-4.91287e-11
4.31138e-11
-3.33162e-11
2.1814e-11
-1.13178e-11
3.51188e-12
1.53989e-12
-5.1621e-12
8.13048e-12
-9.90135e-12
8.87755e-12
-4.19798e-12
-3.99636e-12
1.50602e-11
-2.87286e-11
4.36188e-11
-5.58377e-11
5.95268e-11
-5.13935e-11
3.43704e-11
-1.70488e-11
7.4489e-12
-7.48708e-12
1.22196e-11
-1.51628e-11
1.327e-11
-7.99279e-12
1.76299e-12
4.06511e-12
-8.26912e-12
7.36313e-12
2.47959e-12
-2.07575e-11
3.96556e-11
-4.84406e-11
4.14278e-11
-2.32017e-11
4.96108e-12
3.77758e-12
-1.4665e-12
-7.12305e-12
1.62202e-11
-2.28015e-11
2.52206e-11
-2.16707e-11
1.11831e-11
2.86189e-12
-1.28768e-11
1.17863e-11
3.67497e-13
-1.55378e-11
2.31713e-11
-1.83725e-11
4.5595e-12
1.0029e-11
-1.87413e-11
1.91389e-11
-1.21905e-11
-2.4013e-15
1.41498e-11
-2.56294e-11
2.94678e-11
-2.38183e-11
1.17917e-11
-1.70121e-13
-5.50154e-12
4.40845e-12
-6.75183e-13
-4.40372e-13
-4.1194e-12
1.36219e-11
-2.48492e-11
3.35512e-11
-3.63523e-11
3.16822e-11
-2.07049e-11
6.55672e-12
6.77376e-12
-1.63582e-11
2.08475e-11
-2.05859e-11
1.66493e-11
-1.07172e-11
4.37982e-12
1.38835e-12
-7.36853e-12
1.52346e-11
-2.57384e-11
3.67075e-11
-4.42636e-11
4.55448e-11
-4.12418e-11
3.43585e-11
-2.73204e-11
1.96013e-11
-9.46827e-12
-2.99951e-12
1.43777e-11
-2.07531e-11
2.08149e-11
-1.64638e-11
9.56341e-12
7.01951e-14
-1.36371e-11
2.95772e-11
-4.28491e-11
4.82061e-11
-4.54413e-11
3.97672e-11
-3.71512e-11
3.82786e-11
-3.84286e-11
3.23471e-11
-1.96989e-11
4.67619e-12
8.07505e-12
-1.70152e-11
2.21169e-11
-2.19195e-11
1.31489e-11
4.74097e-12
-2.62618e-11
4.1888e-11
-4.55943e-11
3.96917e-11
-3.27645e-11
3.16722e-11
-3.6419e-11
4.1417e-11
-4.1681e-11
3.61566e-11
-2.65248e-11
1.36682e-11
2.03488e-12
-1.78195e-11
2.68212e-11
-2.24262e-11
4.44715e-12
1.85613e-11
-3.51572e-11
3.91286e-11
-3.34505e-11
2.60441e-11
-2.3113e-11
2.54116e-11
-3.05479e-11
3.60985e-11
-4.04405e-11
4.06232e-11
-3.27616e-11
1.54785e-11
6.05217e-12
-2.17844e-11
2.31701e-11
-9.92e-12
-9.9653e-12
2.59461e-11
-3.22272e-11
2.96128e-11
-2.27661e-11
1.59803e-11
-1.22872e-11
1.3783e-11
-2.14639e-11
3.28945e-11
-4.18326e-11
4.1019e-11
-2.79064e-11
7.41652e-12
1.03596e-11
-1.70692e-11
1.09388e-11
3.02922e-12
-1.75473e-11
2.68433e-11
-2.85135e-11
2.28798e-11
-1.28346e-11
3.19559e-12
3.76677e-13
5.29205e-12
-1.83189e-11
3.16279e-11
-3.73398e-11
3.16279e-11
-1.72999e-11
1.43496e-12
8.65501e-12
-9.28444e-12
1.13801e-12
1.1513e-11
-2.3095e-11
2.843e-11
-2.49911e-11
1.40961e-11
-1.12085e-12
-7.27866e-12
6.57542e-12
2.75003e-12
-1.57861e-11
2.56941e-11
-2.7631e-11
2.08295e-11
-8.97343e-12
-2.09994e-12
6.92548e-12
-3.1894e-12
-7.42263e-12
1.96747e-11
-2.76109e-11
2.72325e-11
-1.86314e-11
5.51807e-12
6.30091e-12
-1.18314e-11
8.8632e-12
7.09828e-13
-1.198e-11
1.90804e-11
-1.85051e-11
1.08778e-11
-9.68134e-13
-5.3696e-12
4.31518e-12
3.74623e-12
-1.51307e-11
2.46958e-11
-2.83776e-11
2.42998e-11
-1.36473e-11
1.76802e-13
1.06195e-11
-1.4171e-11
9.21626e-12
7.7931e-13
-9.78603e-12
1.27272e-11
-8.81577e-12
1.3172e-12
4.70461e-12
-5.69033e-12
6.89663e-13
8.66455e-12
-1.9362e-11
2.73717e-11
-2.89314e-11
2.21178e-11
-9.005e-12
-4.8451e-12
1.30579e-11
-1.26936e-11
5.74878e-12
2.31187e-12
-6.69836e-12
5.74305e-12
-1.15956e-12
-4.13272e-12
7.23128e-12
-6.02936e-12
-7.0108e-13
1.1909e-11
-2.37706e-11
3.05623e-11
-2.8275e-11
1.74083e-11
-3.35431e-12
-7.32727e-12
1.0795e-11
-7.89586e-12
2.1884e-12
2.58874e-12
-4.40726e-12
2.58859e-12
2.18862e-12
-7.89608e-12
1.07952e-11
-7.32742e-12
-3.35412e-12
1.74081e-11
-2.82747e-11
3.0562e-11
-2.37704e-11
1.19087e-11
-7.00683e-13
-6.02982e-12
7.23172e-12
-4.13302e-12
-1.15941e-12
5.74299e-12
-6.69828e-12
2.31175e-12
5.74887e-12
-1.26936e-11
1.30578e-11
-4.84486e-12
-9.00523e-12
2.2118e-11
-2.89317e-11
2.73722e-11
-1.93626e-11
8.66517e-12
6.89138e-13
-5.6899e-12
4.70418e-12
1.31768e-12
-8.81624e-12
1.27275e-11
-9.78614e-12
7.79257e-13
9.21634e-12
-1.41711e-11
1.06196e-11
1.76663e-13
-1.36469e-11
2.42994e-11
-2.8377e-11
2.46952e-11
-1.51301e-11
3.74549e-12
4.316e-12
-5.37034e-12
-9.67613e-13
1.08776e-11
-1.85049e-11
1.90802e-11
-1.19798e-11
7.09691e-13
8.86324e-12
-1.18314e-11
6.30076e-12
5.51829e-12
-1.86318e-11
2.7233e-11
-2.76116e-11
1.96755e-11
-7.4234e-12
-3.18877e-12
6.925e-12
-2.09956e-12
-8.97373e-12
2.08297e-11
-2.76312e-11
2.56943e-11
-1.57863e-11
2.75021e-12
6.57531e-12
-7.27868e-12
-1.12065e-12
1.40958e-11
-2.49906e-11
2.84295e-11
-2.30945e-11
1.15125e-11
1.13849e-12
-9.28479e-12
8.65525e-12
1.43477e-12
-1.72997e-11
3.16276e-11
-3.73395e-11
3.16277e-11
-1.83187e-11
5.29191e-12
3.76805e-13
3.1955e-12
-1.28346e-11
2.288e-11
-2.85139e-11
2.68437e-11
-1.75476e-11
3.02948e-12
1.09385e-11
-1.70689e-11
1.03592e-11
7.41682e-12
-2.79066e-11
4.10192e-11
-4.18328e-11
3.28949e-11
-2.14643e-11
1.37833e-11
-1.22872e-11
1.59801e-11
-2.27658e-11
2.96124e-11
-3.22268e-11
2.59457e-11
-9.96489e-12
-9.92036e-12
2.31704e-11
-2.17846e-11
6.05234e-12
1.54782e-11
-3.27613e-11
4.06229e-11
-4.04403e-11
3.60984e-11
-3.0548e-11
2.54119e-11
-2.31134e-11
2.60446e-11
-3.34509e-11
3.91289e-11
-3.51574e-11
1.85614e-11
4.44696e-12
-2.2426e-11
2.6821e-11
-1.78192e-11
2.03459e-12
1.36685e-11
-2.6525e-11
3.61565e-11
-4.16807e-11
4.14165e-11
-3.64185e-11
3.16718e-11
-3.27643e-11
3.96917e-11
-4.55942e-11
4.18879e-11
-2.62616e-11
4.7407e-12
1.31492e-11
-2.19198e-11
2.21172e-11
-1.70154e-11
8.07511e-12
4.67634e-12
-1.96992e-11
3.23473e-11
-3.84287e-11
3.82785e-11
-3.71511e-11
3.97671e-11
-4.54413e-11
4.82062e-11
-4.28493e-11
2.95774e-11
-1.36373e-11
7.04461e-14
9.56313e-12
-1.64635e-11
2.08147e-11
-2.07529e-11
1.43775e-11
-2.99929e-12
-9.46851e-12
1.96015e-11
-2.73205e-11
3.43585e-11
-4.12418e-11
4.55448e-11
-4.42637e-11
3.67075e-11
-2.57384e-11
1.52345e-11
-7.36829e-12
1.38801e-12
4.38021e-12
-1.07176e-11
1.66496e-11
-2.05862e-11
2.08477e-11
-1.63583e-11
6.77385e-12
6.55664e-12
-2.07048e-11
3.16821e-11
-3.63522e-11
3.35511e-11
-2.48492e-11
1.3622e-11
-4.11959e-12
-4.40175e-13
-6.75341e-13
4.40857e-12
-5.50164e-12
-1.70013e-13
1.17916e-11
-2.38182e-11
2.94677e-11
-2.56293e-11
1.41497e-11
-2.39121e-15
-1.21905e-11
1.91387e-11
-1.87411e-11
1.00289e-11
4.55954e-12
-1.83724e-11
2.31711e-11
-1.55377e-11
3.67432e-13
1.17863e-11
-1.28768e-11
2.8618e-12
1.11831e-11
-2.16707e-11
2.52205e-11
-2.28013e-11
1.62199e-11
-7.1227e-12
-1.46677e-12
3.77772e-12
4.96109e-12
-2.32018e-11
4.14279e-11
-4.84407e-11
3.96557e-11
-2.07576e-11
2.47972e-12
7.363e-12
-8.26897e-12
4.06493e-12
1.76322e-12
-7.99305e-12
1.32702e-11
-1.51631e-11
1.22197e-11
-7.48718e-12
7.44896e-12
-1.70489e-11
3.43704e-11
-5.13934e-11
5.95267e-11
-5.58375e-11
4.36186e-11
-2.87284e-11
1.506e-11
-3.99624e-12
-4.19807e-12
8.8776e-12
-9.90136e-12
8.13046e-12
-5.16205e-12
1.53987e-12
3.51186e-12
-1.13177e-11
2.1814e-11
-3.33162e-11
4.31138e-11
-4.91288e-11
5.03411e-11
-4.71512e-11
4.07967e-11
-3.29905e-11
2.44314e-11
-1.44133e-11
1.66197e-12
1.28033e-11
-2.47691e-11
2.87301e-11
-2.24078e-11
8.69151e-12
6.09723e-12
-1.70171e-11
2.28808e-11
-2.52833e-11
2.53426e-11
-2.33198e-11
2.03196e-11
-1.95881e-11
2.33737e-11
-2.91899e-11
2.96622e-11
-1.87136e-11
-2.24594e-12
2.35985e-11
-3.46362e-11
3.12083e-11
-1.79802e-11
3.1187e-12
7.52615e-12
-1.22905e-11
1.09063e-11
-3.29846e-12
-8.84555e-12
1.97587e-11
-2.22196e-11
1.31889e-11
2.11623e-12
-1.35279e-11
1.33508e-11
-2.31985e-12
-1.19549e-11
2.10083e-11
-2.12483e-11
1.42517e-11
-4.30133e-12
-4.34631e-12
7.85928e-12
-3.67665e-12
-8.38037e-12
2.47709e-11
-3.96879e-11
4.77777e-11
-4.71881e-11
3.97831e-11
-2.97568e-11
2.09195e-11
-1.53418e-11
1.24923e-11
-1.00473e-11
5.27409e-12
2.2155e-12
-9.55075e-12
1.21329e-11
-7.79198e-12
-1.44934e-12
1.11614e-11
-1.90145e-11
2.62163e-11
-3.52532e-11
4.5702e-11
-5.38823e-11
5.58826e-11
-5.12917e-11
4.23979e-11
-3.10081e-11
1.64712e-11
1.23395e-12
-1.80606e-11
2.65093e-11
-2.20573e-11
8.03158e-12
5.8553e-12
-1.14776e-11
8.30402e-12
-2.95238e-12
2.47371e-12
-9.14385e-12
2.00571e-11
-3.10807e-11
3.90128e-11
-4.13459e-11
3.52339e-11
-1.97334e-11
-1.53307e-12
2.02098e-11
-2.81029e-11
2.24228e-11
-7.95133e-12
-6.45127e-12
1.29812e-11
-9.05621e-12
-2.54076e-12
1.55528e-11
-2.38178e-11
2.39919e-11
-1.7495e-11
9.23736e-12
-4.50593e-12
5.18548e-12
-9.48085e-12
1.40463e-11
-1.68077e-11
1.67721e-11
-1.3142e-11
5.26865e-12
5.0031e-12
-1.28346e-11
1.28864e-11
-4.17887e-12
-8.75627e-12
1.9544e-11
-2.61227e-11
3.1828e-11
-4.08042e-11
5.18285e-11
-5.85279e-11
5.50322e-11
-4.1849e-11
2.50023e-11
-1.09058e-11
1.76263e-12
3.51143e-12
-6.25939e-12
6.31371e-12
-4.0266e-12
1.62937e-12
-1.95137e-12
4.48722e-12
-4.55416e-12
-3.4729e-12
2.05953e-11
-4.15362e-11
5.73864e-11
-6.1029e-11
5.0458e-11
-2.9784e-11
7.04562e-12
9.11344e-12
-1.3879e-11
8.40965e-12
9.43347e-13
-7.19769e-12
6.78464e-12
-1.01565e-12
-6.62185e-12
1.30693e-11
-1.66068e-11
1.55832e-11
-9.19669e-12
-4.76477e-13
7.44856e-12
-5.8722e-12
-4.64084e-12
1.72278e-11
-2.32754e-11
1.93774e-11
-9.87549e-12
1.74131e-12
1.70943e-12
-2.80408e-12
4.93391e-12
-8.03645e-12
8.26835e-12
-2.49954e-12
-8.8551e-12
2.25738e-11
-3.5911e-11
4.72547e-11
-5.50418e-11
5.66535e-11
-5.03749e-11
3.74874e-11
-2.28074e-11
1.17259e-11
-7.1523e-12
7.7129e-12
-9.17936e-12
6.77509e-12
1.72495e-12
-1.42818e-11
2.42323e-11
-2.37787e-11
9.19255e-12
1.50726e-11
-3.8647e-11
5.17998e-11
-5.16613e-11
4.19023e-11
-2.83741e-11
1.49707e-11
-4.08885e-12
-1.90805e-12
9.32801e-13
5.58243e-12
-1.18847e-11
1.1343e-11
-2.6777e-12
-8.54286e-12
1.45204e-11
-1.256e-11
6.78968e-12
-3.87336e-12
6.70645e-12
-1.31495e-11
1.88966e-11
-2.15458e-11
2.12926e-11
-1.98695e-11
1.86288e-11
-1.80724e-11
1.72943e-11
-1.44711e-11
7.64101e-12
3.09016e-12
-1.46986e-11
2.21021e-11
-2.14138e-11
1.1704e-11
5.09338e-12
-2.58901e-11
4.62577e-11
-6.03062e-11
6.22962e-11
-5.14676e-11
3.4391e-11
-2.17382e-11
1.99586e-11
-2.62863e-11
3.11105e-11
-2.6575e-11
1.24471e-11
4.62399e-12
-1.7451e-11
2.25869e-11
-2.04058e-11
1.2243e-11
6.35618e-14
-1.32746e-11
2.24643e-11
-2.40696e-11
1.8369e-11
-9.43094e-12
1.65972e-12
2.63514e-12
-3.86132e-12
3.457e-12
-2.81607e-12
2.19636e-12
-7.63523e-13
-3.12413e-12
9.72792e-12
-1.62146e-11
1.67761e-11
-7.02952e-12
-1.14541e-11
3.04202e-11
-4.09904e-11
4.04621e-11
-3.41595e-11
2.96966e-11
-3.07288e-11
3.51986e-11
-3.91933e-11
3.99876e-11
-3.62833e-11
2.64731e-11
-9.78667e-12
-1.1102e-11
2.87298e-11
-3.47631e-11
2.56069e-11
-5.61544e-12
-1.60463e-11
3.09888e-11
-3.60313e-11
3.30425e-11
-2.68447e-11
2.20265e-11
-2.08133e-11
2.15451e-11
-2.04002e-11
1.49185e-11
-7.24908e-12
2.36479e-12
-3.41416e-12
8.085e-12
-1.09206e-11
8.24247e-12
-1.37327e-12
-5.82736e-12
1.08759e-11
-1.43647e-11
1.72763e-11
-1.90833e-11
1.87812e-11
-1.82307e-11
2.16661e-11
-3.14197e-11
4.34223e-11
-4.90302e-11
4.12248e-11
-2.04738e-11
-5.59613e-12
2.65802e-11
-3.49464e-11
2.8804e-11
-1.24217e-11
-6.44479e-12
2.04013e-11
-2.66867e-11
2.78119e-11
-2.87299e-11
3.18356e-11
-3.54372e-11
3.6122e-11
-3.30475e-11
2.8289e-11
-2.40562e-11
1.98484e-11
-1.42113e-11
7.67707e-12
-3.2656e-12
2.54277e-12
-3.21797e-12
1.0407e-12
4.93554e-12
-1.08367e-11
1.13939e-11
-5.78173e-12
-1.01828e-12
1.63947e-12
7.74777e-12
-2.48257e-11
4.21067e-11
-5.11137e-11
4.6246e-11
-2.80808e-11
3.499e-12
1.72701e-11
-2.68228e-11
2.45136e-11
-1.56e-11
5.60281e-12
3.32284e-12
-1.1774e-11
1.95537e-11
-2.5258e-11
2.83548e-11
-3.09686e-11
3.53151e-11
-4.05263e-11
4.23105e-11
-3.74668e-11
2.75162e-11
-1.80949e-11
1.35492e-11
-1.32746e-11
1.25428e-11
-7.57283e-12
-1.26186e-12
9.62494e-12
-1.27013e-11
8.01683e-12
2.40258e-12
-1.22805e-11
1.35126e-11
-1.78112e-12
-1.95044e-11
4.0185e-11
-5.04167e-11
4.68204e-11
-3.33851e-11
1.64531e-11
-5.93991e-13
-1.20618e-11
1.95207e-11
-1.99658e-11
1.36338e-11
-4.38514e-12
-3.07189e-12
7.08373e-12
-1.05603e-11
1.71536e-11
-2.71282e-11
3.6489e-11
-4.08573e-11
3.8796e-11
-3.26639e-11
2.63621e-11
-2.3329e-11
2.43378e-11
-2.66629e-11
2.48382e-11
-1.51364e-11
-2.30546e-13
1.28826e-11
-1.46699e-11
4.48294e-12
1.00492e-11
-1.86305e-11
1.5426e-11
-2.02126e-12
-1.60175e-11
3.31951e-11
-4.58404e-11
5.09547e-11
-4.67094e-11
3.40426e-11
-1.76853e-11
3.28801e-12
5.93294e-12
-1.05107e-11
1.22602e-11
-1.22712e-11
1.02748e-11
-5.73165e-12
-2.03313e-12
1.29078e-11
-2.48775e-11
3.31693e-11
-3.32415e-11
2.51271e-11
-1.54331e-11
1.25563e-11
-1.95823e-11
3.0752e-11
-3.63235e-11
3.05177e-11
-1.61788e-11
1.50796e-12
6.16699e-12
-4.80731e-12
-3.03682e-12
1.23217e-11
-1.77946e-11
1.53834e-11
-4.44722e-12
-1.18596e-11
2.8354e-11
-4.13758e-11
4.95909e-11
-5.27461e-11
5.00636e-11
-4.15896e-11
2.93612e-11
-1.67477e-11
5.44993e-12
4.86622e-12
-1.41667e-11
1.90942e-11
-1.49508e-11
6.69862e-13
1.75929e-11
-2.98647e-11
2.9393e-11
-1.7907e-11
3.59896e-12
4.77234e-12
-3.44122e-12
-5.49486e-12
1.58529e-11
-2.11769e-11
1.82117e-11
-9.62522e-12
2.23171e-12
-1.87192e-12
8.14746e-12
-1.53252e-11
1.76558e-11
-1.43076e-11
8.11413e-12
-1.51274e-12
-6.01181e-12
1.57427e-11
-2.7351e-11
3.86128e-11
-4.77962e-11
5.42048e-11
-5.70696e-11
5.40238e-11
-4.28889e-11
2.4463e-11
-4.07592e-12
-1.10392e-11
1.53608e-11
-7.96854e-12
-7.40767e-12
2.32183e-11
-3.10887e-11
2.59738e-11
-1.03993e-11
-6.75343e-12
1.66091e-11
-1.75438e-11
1.51258e-11
-1.57465e-11
1.9828e-11
-2.22979e-11
1.79467e-11
-6.58496e-12
-7.28374e-12
1.75972e-11
-2.04248e-11
1.53213e-11
-5.69859e-12
-3.09589e-12
6.73235e-12
-5.37434e-12
3.50609e-12
-6.53689e-12
1.6004e-11
-2.88169e-11
3.99399e-11
-4.61396e-11
4.6187e-11
-3.9781e-11
2.73536e-11
-1.2373e-11
1.21016e-12
5.07958e-13
6.975e-12
-1.76334e-11
2.4344e-11
-2.42633e-11
1.90171e-11
-1.18071e-11
4.19142e-12
4.21432e-12
-1.51776e-11
2.99521e-11
-4.72806e-11
6.14363e-11
-6.44218e-11
5.15113e-11
-2.68358e-11
1.99802e-12
1.13572e-11
-9.82779e-12
-7.98815e-13
1.11292e-11
-1.55146e-11
1.40656e-11
-1.03338e-11
7.40427e-12
-6.6075e-12
7.24482e-12
-7.39547e-12
4.82031e-12
5.98064e-13
-6.06276e-12
7.56903e-12
-3.92687e-12
-2.32626e-12
7.42741e-12
-1.00713e-11
1.10867e-11
-1.1285e-11
1.03061e-11
-8.71515e-12
8.58142e-12
-1.12716e-11
1.39644e-11
-1.08081e-11
-2.34426e-12
2.32952e-11
-4.44722e-11
5.73935e-11
-5.77136e-11
4.67157e-11
-3.04813e-11
1.65651e-11
-1.0399e-11
1.18985e-11
-1.61097e-11
1.7435e-11
-1.5233e-11
1.41213e-11
-1.88277e-11
2.75992e-11
-3.22955e-11
2.46831e-11
-3.7813e-12
-2.34423e-11
4.66751e-11
-5.83193e-11
5.60379e-11
-4.31593e-11
2.66918e-11
-1.413e-11
8.83408e-12
-8.66135e-12
8.79175e-12
-7.07969e-12
5.27601e-12
-6.10259e-12
9.35582e-12
-1.2522e-11
1.34671e-11
-1.22083e-11
9.24657e-12
-4.55921e-12
-1.72977e-12
7.41737e-12
-9.28522e-12
5.7601e-12
9.08614e-13
-6.46447e-12
7.69512e-12
-4.8008e-12
6.25173e-13
8.02787e-13
3.47422e-12
-1.35461e-11
2.47512e-11
-2.92912e-11
2.11119e-11
-1.7357e-12
-1.99953e-11
3.4247e-11
-3.7884e-11
3.52003e-11
-3.26443e-11
3.26105e-11
-3.28617e-11
2.95603e-11
-2.11705e-11
9.80813e-12
-1.24487e-12
1.98172e-12
-1.47056e-11
3.40544e-11
-4.86464e-11
4.83955e-11
-3.20682e-11
7.145e-12
1.63864e-11
-3.28489e-11
4.1799e-11
-4.53912e-11
4.52872e-11
-4.23859e-11
3.6941e-11
-2.91603e-11
1.95089e-11
-1.01448e-11
4.68722e-12
-6.2997e-12
1.44162e-11
-2.46084e-11
3.12347e-11
-3.12156e-11
2.44816e-11
-1.27496e-11
-1.70447e-12
1.51568e-11
-2.3136e-11
2.30653e-11
-1.73921e-11
1.19215e-11
-1.10585e-11
1.38838e-11
-1.5965e-11
1.35001e-11
-6.372e-12
-2.64507e-12
9.37167e-12
-1.03473e-11
4.71831e-12
3.80528e-12
-9.01601e-12
7.30932e-12
-2.07927e-12
9.01072e-13
-8.33378e-12
2.0701e-11
-2.91759e-11
2.69248e-11
-1.45226e-11
-1.10631e-12
1.09834e-11
-9.30755e-12
-3.70442e-12
2.13491e-11
-3.44446e-11
3.70674e-11
-3.06799e-11
2.15859e-11
-1.4713e-11
8.88956e-12
7.26351e-13
-1.6779e-11
3.56456e-11
-4.98497e-11
5.30902e-11
-4.43175e-11
2.76362e-11
-1.05208e-11
4.98831e-13
-2.01209e-12
1.35321e-11
-2.86289e-11
4.01055e-11
-4.47653e-11
4.33904e-11
-3.77121e-11
2.77543e-11
-1.33965e-11
-3.71736e-12
2.02467e-11
-3.37249e-11
4.29084e-11
-4.66238e-11
4.30776e-11
-3.25003e-11
1.88789e-11
-8.60901e-12
6.06626e-12
-1.15677e-11
2.19591e-11
-3.27739e-11
3.904e-11
-3.71763e-11
2.73158e-11
-1.45184e-11
4.95888e-12
-7.94907e-13
-1.71644e-12
7.55647e-12
-1.76207e-11
2.73446e-11
-3.10478e-11
2.63131e-11
-1.58434e-11
5.42548e-12
-9.61109e-13
4.67037e-12
-1.32816e-11
1.92069e-11
-1.63592e-11
5.47649e-12
5.39332e-12
-7.64986e-12
-6.78929e-13
1.30683e-11
-2.03556e-11
1.75855e-11
-7.07243e-12
-4.56916e-12
1.0898e-11
-9.58718e-12
3.2103e-12
2.35722e-12
-2.7752e-12
-8.18117e-13
1.87554e-12
5.25879e-12
-1.92849e-11
3.15604e-11
-3.31411e-11
2.14533e-11
-1.69304e-12
-1.78002e-11
3.00895e-11
-3.24075e-11
2.63374e-11
-1.71146e-11
1.0198e-11
-7.67742e-12
7.11411e-12
-5.65876e-12
4.1273e-12
-6.89715e-12
1.66872e-11
-3.12289e-11
4.43605e-11
-5.03908e-11
4.61875e-11
-3.16938e-11
9.74171e-12
1.35415e-11
-3.10997e-11
3.86134e-11
-3.70246e-11
3.03086e-11
-2.22281e-11
1.47777e-11
-9.70064e-12
8.72986e-12
-1.26228e-11
2.00412e-11
-2.91822e-11
3.89549e-11
-4.84193e-11
5.4414e-11
-5.22268e-11
3.88504e-11
-1.65284e-11
-8.14443e-12
2.76364e-11
-3.72972e-11
3.64363e-11
-2.84187e-11
1.90206e-11
-1.3909e-11
1.48893e-11
-1.91842e-11
2.23338e-11
-2.32625e-11
2.51505e-11
-3.17773e-11
4.22668e-11
-5.07463e-11
5.02263e-11
-3.7867e-11
1.66014e-11
6.07694e-12
-2.19988e-11
2.63203e-11
-2.10029e-11
1.364e-11
-1.20504e-11
1.75796e-11
-2.45972e-11
2.61637e-11
-2.11485e-11
1.48098e-11
-1.39017e-11
2.06873e-11
-3.1702e-11
3.9867e-11
-3.88611e-11
2.68393e-11
-8.89387e-12
-5.62878e-12
9.68064e-12
-4.79822e-12
-4.45565e-13
-1.90779e-12
1.1974e-11
-2.29801e-11
2.74464e-11
-2.30816e-11
1.32545e-11
-4.55893e-12
2.65635e-12
-8.88845e-12
1.82942e-11
-2.29008e-11
1.8173e-11
-7.80928e-12
3.7e-13
-1.50853e-12
8.7397e-12
-1.4491e-11
1.24779e-11
-2.21377e-12
-1.17205e-11
2.23247e-11
-2.4122e-11
1.63113e-11
-4.26192e-12
-4.27052e-12
5.17482e-12
-1.46559e-12
-6.61287e-13
-1.84635e-12
5.97545e-12
-6.42986e-12
4.0718e-13
1.01235e-11
-2.01607e-11
2.39971e-11
-1.83788e-11
4.76647e-12
1.01315e-11
-1.85621e-11
1.70356e-11
-8.67354e-12
-7.14052e-13
7.53816e-12
-1.22789e-11
1.65932e-11
-2.08055e-11
2.32249e-11
-2.16655e-11
1.43305e-11
-1.39219e-12
-1.39487e-11
2.5479e-11
-2.76838e-11
1.9649e-11
-6.20527e-12
-5.96007e-12
1.23303e-11
-1.21499e-11
6.57766e-12
2.49963e-12
-1.30677e-11
2.29296e-11
-3.07813e-11
3.58997e-11
-3.72136e-11
3.24465e-11
-2.02987e-11
2.78192e-12
1.44198e-11
-2.5438e-11
2.725e-11
-2.07354e-11
9.10023e-12
3.03962e-12
-1.09532e-11
1.12539e-11
-4.10242e-12
-7.36497e-12
1.94426e-11
-3.04507e-11
3.97923e-11
-4.611e-11
4.65847e-11
-3.92744e-11
2.47034e-11
-6.08573e-12
-1.21373e-11
2.48931e-11
-2.81121e-11
2.08775e-11
-7.42469e-12
-5.01962e-12
1.05668e-11
-8.11829e-12
-1.55335e-14
1.09617e-11
-2.31132e-11
3.50955e-11
-4.53022e-11
5.17699e-11
-5.26184e-11
4.56379e-11
-2.98409e-11
7.77206e-12
1.3369e-11
-2.55948e-11
2.52887e-11
-1.5632e-11
3.30939e-12
5.70239e-12
-8.59091e-12
5.08779e-12
3.05536e-12
-1.33932e-11
2.41639e-11
-3.55782e-11
4.77583e-11
-5.79672e-11
6.02259e-11
-5.00943e-11
2.90986e-11
-4.89028e-12
-1.38863e-11
2.20107e-11
-1.94484e-11
1.00243e-11
1.76731e-13
-5.91008e-12
5.42856e-12
-1.18027e-12
-3.9957e-12
1.04132e-11
-2.12236e-11
3.7336e-11
-5.44633e-11
6.49266e-11
-6.31119e-11
4.8482e-11
-2.57884e-11
2.72939e-12
1.2777e-11
-1.67881e-11
1.15757e-11
-3.98493e-12
-5.74376e-13
1.68612e-12
-2.25346e-12
3.14123e-12
-1.48876e-12
-6.74215e-12
2.24931e-11
-4.254e-11
6.03286e-11
-6.86191e-11
6.2583e-11
-4.37372e-11
2.00851e-11
-1.54001e-12
-7.10605e-12
7.985e-12
-6.31517e-12
4.79463e-12
-3.03488e-12
1.21448e-12
-1.25595e-13
8.52746e-14
2.50847e-14
4.08619e-15
0
