0
2.52873e-16
3.61494e-15
2.241e-14
7.50209e-14
-8.64497e-15
1.47633e-13
1.30302e-12
-6.03239e-12
1.35875e-11
-2.18442e-11
2.97322e-11
-3.64197e-11
3.99656e-11
-3.81419e-11
2.95402e-11
-1.55185e-11
5.0974e-13
9.20492e-12
-9.21142e-12
-3.74734e-13
1.462e-11
-2.73131e-11
3.44356e-11
-3.58665e-11
3.3624e-11
-2.9887e-11
2.55424e-11
-2.07536e-11
1.53244e-11
-9.33533e-12
2.7187e-12
4.72476e-12
-1.36972e-11
2.44313e-11
-3.57278e-11
4.39792e-11
-4.48561e-11
3.61144e-11
-2.03115e-11
3.76234e-12
6.75841e-12
-7.98762e-12
9.57979e-13
1.02923e-11
-2.15401e-11
2.98139e-11
-3.42134e-11
3.51338e-11
-3.36407e-11
3.04208e-11
-2.6088e-11
2.12991e-11
-1.69245e-11
1.26904e-11
-6.76365e-12
-3.44957e-12
1.83838e-11
-3.49018e-11
4.71157e-11
-5.00619e-11
4.23896e-11
-2.73125e-11
1.06112e-11
1.73363e-12
-6.21233e-12
2.60771e-12
6.26701e-12
-1.67922e-11
2.60879e-11
-3.28329e-11
3.63058e-11
-3.62986e-11
3.33362e-11
-2.94173e-11
2.67101e-11
-2.58671e-11
2.46699e-11
-1.95293e-11
7.75872e-12
1.00659e-11
-3.01217e-11
4.64351e-11
-5.36695e-11
4.94277e-11
-3.59673e-11
1.89258e-11
-4.67357e-12
-2.89041e-12
2.93097e-12
3.01288e-12
-1.26267e-11
2.30472e-11
-3.14912e-11
3.58328e-11
-3.59848e-11
3.36955e-11
-3.16746e-11
3.16467e-11
-3.35511e-11
3.49714e-11
-3.21537e-11
2.1547e-11
-2.63273e-12
-2.08872e-11
4.19504e-11
-5.39559e-11
5.38571e-11
-4.34764e-11
2.76743e-11
-1.22415e-11
1.67435e-12
1.61506e-12
2.01417e-12
-1.02441e-11
1.97604e-11
-2.78612e-11
3.27668e-11
-3.4071e-11
3.26575e-11
-3.1066e-11
3.20831e-11
-3.67678e-11
4.24109e-11
-4.36697e-11
3.55434e-11
-1.70827e-11
-7.85028e-12
3.20316e-11
-4.84603e-11
5.30668e-11
-4.65023e-11
3.3143e-11
-1.89146e-11
8.21139e-12
-2.95687e-12
2.97206e-12
-7.50491e-12
1.51338e-11
-2.3521e-11
2.93808e-11
-3.06336e-11
2.80624e-11
-2.55584e-11
2.72271e-11
-3.44204e-11
4.3896e-11
-4.94869e-11
4.5267e-11
-2.94623e-11
5.67832e-12
1.84774e-11
-3.57653e-11
4.27125e-11
-4.07097e-11
3.34259e-11
-2.42455e-11
1.50016e-11
-7.33147e-12
3.28605e-12
-4.77855e-12
1.13455e-11
-1.97061e-11
2.51471e-11
-2.49697e-11
2.03653e-11
-1.61798e-11
1.74231e-11
-2.57581e-11
3.74264e-11
-4.54495e-11
4.38547e-11
-3.19073e-11
1.40542e-11
3.23955e-12
-1.59171e-11
2.33933e-11
-2.70295e-11
2.73411e-11
-2.38906e-11
1.67146e-11
-8.25468e-12
2.4745e-12
-2.58817e-12
8.25867e-12
-1.56484e-11
1.95624e-11
-1.73981e-11
1.10122e-11
-5.83685e-12
6.52854e-12
-1.34749e-11
2.21688e-11
-2.70784e-11
2.56224e-11
-1.97416e-11
1.30759e-11
-7.81344e-12
3.26003e-12
2.05729e-12
-8.26019e-12
1.31735e-11
-1.42517e-11
1.06101e-11
-4.46961e-12
-2.33518e-13
2.79596e-13
4.0534e-12
-9.26152e-12
1.11073e-11
-8.35743e-12
3.3751e-12
7.746e-14
-5.86741e-13
-2.38737e-13
-3.40178e-13
2.96653e-12
-5.74027e-12
5.72018e-12
-1.70925e-12
-4.95366e-12
1.09222e-11
-1.32169e-11
1.09163e-11
-6.09755e-12
2.11878e-12
-1.3501e-12
3.227e-12
-5.36949e-12
5.66858e-12
-4.1644e-12
2.11646e-12
-6.42231e-13
-2.78196e-13
6.64819e-13
1.43452e-13
-3.64554e-12
1.07082e-11
-2.07902e-11
3.13239e-11
-3.85893e-11
3.87804e-11
-3.02639e-11
1.47802e-11
2.55866e-12
-1.60513e-11
2.21746e-11
-2.13825e-11
1.68559e-11
-1.25413e-11
1.08827e-11
-1.23059e-11
1.51335e-11
-1.69231e-11
1.56561e-11
-1.12883e-11
5.53826e-12
-1.1048e-12
9.37701e-14
-3.91233e-12
1.31406e-11
-2.75363e-11
4.46318e-11
-5.94599e-11
6.56872e-11
-5.92084e-11
4.07477e-11
-1.63788e-11
-5.70189e-12
1.90909e-11
-2.2458e-11
1.93014e-11
-1.55353e-11
1.53729e-11
-1.91815e-11
2.36973e-11
-2.53176e-11
2.26791e-11
-1.7386e-11
1.17188e-11
-7.0198e-12
3.60721e-12
-2.82182e-12
7.33007e-12
-1.94531e-11
3.78234e-11
-5.66847e-11
6.80438e-11
-6.64126e-11
5.18398e-11
-3.02711e-11
9.93529e-12
3.01252e-12
-7.89771e-12
8.61169e-12
-1.00903e-11
1.40711e-11
-1.86762e-11
2.08666e-11
-1.9949e-11
1.76632e-11
-1.61036e-11
1.51775e-11
-1.32912e-11
9.40607e-12
-5.08194e-12
3.52691e-12
-7.50876e-12
1.68233e-11
-2.81459e-11
3.63858e-11
-3.79043e-11
3.25084e-11
-2.36816e-11
1.56351e-11
-1.05146e-11
7.19583e-12
-3.5521e-12
-1.18984e-12
5.41064e-12
-7.08577e-12
5.61529e-12
-2.69939e-12
8.04675e-13
-1.78554e-12
5.61043e-12
-1.06965e-11
1.43547e-11
-1.43476e-11
9.86565e-12
-2.36851e-12
-5.50163e-12
1.11971e-11
-1.37312e-11
1.33009e-11
-1.07641e-11
6.76238e-12
-2.14565e-12
-2.09344e-12
4.74933e-12
-5.35986e-12
4.3635e-12
-3.359e-12
4.2387e-12
-8.48654e-12
1.55422e-11
-2.23053e-11
2.38262e-11
-1.67181e-11
2.12878e-12
1.34488e-11
-2.18973e-11
1.81866e-11
-3.49384e-12
-1.63899e-11
3.45742e-11
-4.66785e-11
5.14637e-11
-5.00944e-11
4.42216e-11
-3.53455e-11
2.46219e-11
-1.38683e-11
5.35742e-12
-8.27122e-13
-7.36798e-13
3.06071e-12
-1.01978e-11
2.22509e-11
-3.4201e-11
3.86428e-11
-3.15646e-11
1.54074e-11
2.03124e-12
-1.27008e-11
1.23959e-11
-2.35628e-12
-1.28839e-11
2.82396e-11
-4.06125e-11
4.89484e-11
-5.33956e-11
5.36656e-11
-4.92189e-11
4.01491e-11
-2.85963e-11
1.78531e-11
-1.05035e-11
6.29164e-12
-2.8351e-12
-2.32112e-12
9.24692e-12
-1.59025e-11
1.96632e-11
-1.95049e-11
1.6171e-11
-1.17004e-11
8.02927e-12
-6.49672e-12
7.05745e-12
-8.63054e-12
9.64818e-12
-9.7077e-12
9.86037e-12
-1.18954e-11
1.60889e-11
-2.05463e-11
2.19932e-11
-1.84216e-11
1.04617e-11
-1.57652e-12
-3.96241e-12
3.10716e-12
3.79354e-12
-1.30603e-11
1.93238e-11
-1.90492e-11
1.23413e-11
-2.51613e-12
-6.97736e-12
1.42456e-11
-1.87568e-11
1.92718e-11
-1.38536e-11
1.57998e-12
1.48759e-11
-2.98001e-11
3.73178e-11
-3.55003e-11
2.74909e-11
-1.9756e-11
1.75579e-11
-2.16661e-11
2.747e-11
-2.82807e-11
1.96928e-11
-3.00193e-12
-1.58466e-11
2.98714e-11
-3.53292e-11
3.2508e-11
-2.41979e-11
1.30389e-11
-1.22928e-12
-8.86671e-12
1.39622e-11
-1.14177e-11
8.91529e-13
1.46619e-11
-3.06385e-11
4.27317e-11
-4.8883e-11
4.9361e-11
-4.64349e-11
4.27209e-11
-3.98772e-11
3.72996e-11
-3.30009e-11
2.52188e-11
-1.4431e-11
3.02655e-12
6.0129e-12
-1.11823e-11
1.27656e-11
-1.25832e-11
1.25296e-11
-1.36523e-11
1.5043e-11
-1.45857e-11
1.05865e-11
-4.23489e-12
-5.84248e-13
-3.08329e-13
7.54271e-12
-1.74111e-11
2.41104e-11
-2.41186e-11
1.80208e-11
-9.59252e-12
2.51071e-12
1.33509e-12
-1.97519e-12
-3.07802e-13
5.42192e-12
-1.31643e-11
2.16719e-11
-2.73319e-11
2.58438e-11
-1.52763e-11
-1.91194e-12
1.87566e-11
-2.75326e-11
2.42171e-11
-1.13878e-11
-3.93591e-12
1.49282e-11
-1.93767e-11
1.9671e-11
-2.01537e-11
2.35733e-11
-3.01452e-11
3.78502e-11
-4.38942e-11
4.54025e-11
-4.07296e-11
2.99884e-11
-1.53746e-11
-1.67445e-13
1.38406e-11
-2.37495e-11
2.83758e-11
-2.69392e-11
1.97663e-11
-9.18759e-12
-1.20366e-12
7.66684e-12
-8.15422e-12
2.74842e-12
6.32401e-12
-1.61491e-11
2.4333e-11
-3.04137e-11
3.53253e-11
-4.0053e-11
4.35767e-11
-4.33036e-11
3.72175e-11
-2.69255e-11
1.73682e-11
-1.36726e-11
1.66138e-11
-2.18217e-11
2.27242e-11
-1.5778e-11
2.68425e-12
1.08497e-11
-1.93092e-11
2.023e-11
-1.52042e-11
8.02656e-12
-2.57261e-12
5.90143e-13
-1.60408e-12
3.67436e-12
-5.16568e-12
4.97934e-12
-2.35908e-12
-3.7451e-12
1.34476e-11
-2.47669e-11
3.31785e-11
-3.4014e-11
2.50969e-11
-8.55136e-12
-1.04597e-11
2.58354e-11
-3.31412e-11
3.07001e-11
-2.04071e-11
6.85848e-12
4.2812e-12
-9.4156e-12
8.61174e-12
-5.16938e-12
2.22883e-12
-2.39982e-13
-3.40304e-12
1.13093e-11
-2.34565e-11
3.63745e-11
-4.57022e-11
4.88626e-11
-4.67978e-11
4.26786e-11
-3.97073e-11
3.85116e-11
-3.69885e-11
3.18447e-11
-2.18082e-11
8.84551e-12
2.85895e-12
-1.02741e-11
1.31158e-11
-1.32456e-11
1.19661e-11
-9.25925e-12
4.78138e-12
-7.4142e-14
-1.7601e-12
-1.95465e-12
1.06664e-11
-2.05304e-11
2.61516e-11
-2.38029e-11
1.30902e-11
2.43238e-12
-1.68231e-11
2.38496e-11
-2.01627e-11
6.96517e-12
1.00217e-11
-2.37722e-11
2.94163e-11
-2.67009e-11
1.8944e-11
-1.06411e-11
4.53064e-12
-8.82374e-13
-2.00459e-12
5.58565e-12
-9.65605e-12
1.18121e-11
-9.49089e-12
2.08049e-12
7.94495e-12
-1.72085e-11
2.4062e-11
-2.99379e-11
3.70007e-11
-4.54305e-11
5.22849e-11
-5.40686e-11
4.94384e-11
-4.03444e-11
2.98246e-11
-1.98452e-11
1.02967e-11
-6.77457e-13
-8.48241e-12
1.49486e-11
-1.63609e-11
1.1741e-11
-2.94073e-12
-5.89251e-12
9.65479e-12
-5.16254e-12
-6.95029e-12
2.16481e-11
-3.21133e-11
3.31158e-11
-2.4068e-11
8.91494e-12
5.70328e-12
-1.38767e-11
1.27482e-11
-3.95261e-12
-7.70316e-12
1.68327e-11
-2.09127e-11
2.09735e-11
-1.99093e-11
1.90283e-11
-1.71637e-11
1.22109e-11
-4.26389e-12
-3.9834e-12
9.10933e-12
-1.00776e-11
8.48821e-12
-6.77855e-12
5.40259e-12
-2.71238e-12
-3.50962e-12
1.35905e-11
-2.57485e-11
3.70016e-11
-4.51606e-11
4.94283e-11
-5.05212e-11
4.93924e-11
-4.64208e-11
4.06132e-11
-3.07019e-11
1.66012e-11
-1.03859e-12
-1.1342e-11
1.61197e-11
-1.20465e-11
1.74798e-12
9.06837e-12
-1.43834e-11
1.03104e-11
2.50706e-12
-1.88917e-11
3.11011e-11
-3.33507e-11
2.50679e-11
-1.13467e-11
-9.9733e-13
7.67709e-12
-9.05713e-12
7.80399e-12
-5.77709e-12
2.34674e-12
3.66113e-12
-1.18568e-11
1.94922e-11
-2.36018e-11
2.28284e-11
-1.8235e-11
1.18393e-11
-5.51376e-12
6.75679e-14
4.25812e-12
-7.61874e-12
9.77077e-12
-1.01241e-11
7.70169e-12
-2.23934e-12
-5.50597e-12
1.37642e-11
-2.12208e-11
2.76569e-11
-3.40902e-11
4.13034e-11
-4.89748e-11
5.50064e-11
-5.64769e-11
5.06983e-11
-3.72249e-11
1.88673e-11
-1.80349e-12
-7.31281e-12
5.14376e-12
5.22106e-12
-1.58292e-11
1.86388e-11
-1.10583e-11
-3.11827e-12
1.68539e-11
-2.50566e-11
2.65849e-11
-2.33105e-11
1.72146e-11
-9.3751e-12
1.06398e-13
9.76523e-12
-1.88682e-11
2.52638e-11
-2.72416e-11
2.35738e-11
-1.4538e-11
2.11165e-12
1.00756e-11
-1.84586e-11
2.09011e-11
-1.77951e-11
1.11706e-11
-3.68968e-12
-2.70682e-12
6.78922e-12
-8.18544e-12
6.85078e-12
-3.27013e-12
-1.84679e-12
7.16941e-12
-1.11955e-11
1.2739e-11
-1.25295e-11
1.34063e-11
-1.90402e-11
3.04319e-11
-4.41103e-11
5.3299e-11
-5.27894e-11
4.26501e-11
-2.85621e-11
1.75328e-11
-1.36086e-11
1.57941e-11
-2.00437e-11
2.19907e-11
-1.93397e-11
1.20103e-11
-1.95537e-12
-8.02691e-12
1.52433e-11
-1.87833e-11
1.95916e-11
-1.93949e-11
1.81676e-11
-1.36314e-11
2.79258e-12
1.45761e-11
-3.45962e-11
5.04718e-11
-5.64386e-11
5.0628e-11
-3.61186e-11
1.87914e-11
-4.60264e-12
-3.20332e-12
4.50276e-12
-1.52746e-12
-3.24595e-12
7.8864e-12
-1.11611e-11
1.15896e-11
-7.92284e-12
5.16339e-14
9.66688e-12
-1.74209e-11
2.00037e-11
-1.72864e-11
1.19002e-11
-7.40417e-12
5.69456e-12
-6.73914e-12
9.25496e-12
-1.20891e-11
1.42296e-11
-1.52457e-11
1.5462e-11
-1.64592e-11
1.96427e-11
-2.4615e-11
2.81793e-11
-2.66437e-11
1.88873e-11
-8.25781e-12
1.27364e-13
2.10211e-12
-2.15156e-14
-1.43434e-12
-2.09344e-12
1.04982e-11
-1.92897e-11
2.21933e-11
-1.51902e-11
-1.52191e-12
2.32833e-11
-4.33437e-11
5.56021e-11
-5.7584e-11
5.10107e-11
-4.06768e-11
3.13415e-11
-2.57399e-11
2.37323e-11
-2.36712e-11
2.36307e-11
-2.27407e-11
2.0979e-11
-1.87953e-11
1.58413e-11
-1.0882e-11
2.28174e-12
9.95453e-12
-2.32139e-11
3.26197e-11
-3.39882e-11
2.62554e-11
-1.23025e-11
-3.49015e-12
1.76311e-11
-2.86398e-11
3.5476e-11
-3.67068e-11
3.1015e-11
-1.95378e-11
6.27387e-12
3.5001e-12
-6.6149e-12
3.34533e-12
3.11822e-12
-9.09706e-12
1.17263e-11
-9.87792e-12
4.06525e-12
3.18464e-12
-8.42995e-12
9.03379e-12
-5.57666e-12
1.62568e-12
-1.39605e-12
6.00567e-12
-1.266e-11
1.67036e-11
-1.57717e-11
1.14702e-11
-8.29098e-12
9.88514e-12
-1.6668e-11
2.52988e-11
-3.11633e-11
3.10746e-11
-2.55634e-11
1.82773e-11
-1.38562e-11
1.45499e-11
-1.88512e-11
2.20705e-11
-1.95492e-11
9.37028e-12
6.05878e-12
-2.13945e-11
3.06268e-11
-3.00552e-11
1.95879e-11
-2.99421e-12
-1.42347e-11
2.74255e-11
-3.52189e-11
3.91337e-11
-4.1516e-11
4.27873e-11
-4.16144e-11
3.68467e-11
-3.00085e-11
2.46175e-11
-2.37466e-11
2.72346e-11
-3.21009e-11
3.45433e-11
-3.24071e-11
2.52155e-11
-1.36134e-11
-1.33697e-12
1.72643e-11
-3.04991e-11
3.69625e-11
-3.45849e-11
2.41035e-11
-8.54921e-12
-8.70827e-12
2.44191e-11
-3.557e-11
3.93468e-11
-3.49789e-11
2.49345e-11
-1.46413e-11
9.15427e-12
-1.01944e-11
1.50492e-11
-1.92413e-11
1.96637e-11
-1.66213e-11
1.24732e-11
-9.47201e-12
7.72762e-12
-5.64441e-12
1.12262e-12
6.3906e-12
-1.52708e-11
2.18528e-11
-2.25862e-11
1.60876e-11
-4.79933e-12
-6.16546e-12
1.14724e-11
-8.86965e-12
1.93373e-13
9.47087e-12
-1.50064e-11
1.39497e-11
-8.19723e-12
2.58149e-12
-2.01611e-12
7.80806e-12
-1.67278e-11
2.27511e-11
-2.14866e-11
1.3007e-11
-1.86784e-12
-6.63027e-12
9.78015e-12
-8.76794e-12
6.39104e-12
-4.68849e-12
3.52316e-12
-1.62202e-12
-2.4977e-12
9.44189e-12
-1.87875e-11
2.83679e-11
-3.48738e-11
3.52646e-11
-2.95571e-11
2.15597e-11
-1.71778e-11
2.00685e-11
-2.91415e-11
3.91391e-11
-4.47078e-11
4.3324e-11
-3.58326e-11
2.41064e-11
-9.78916e-12
-5.69038e-12
1.97595e-11
-2.91864e-11
3.13889e-11
-2.61958e-11
1.53948e-11
-1.70289e-12
-1.25733e-11
2.52003e-11
-3.40673e-11
3.74739e-11
-3.56718e-11
3.09586e-11
-2.67171e-11
2.51118e-11
-2.65089e-11
2.99696e-11
-3.48041e-11
4.03586e-11
-4.52782e-11
4.65433e-11
-4.08434e-11
2.65889e-11
-5.98472e-12
-1.55961e-11
3.16297e-11
-3.76834e-11
3.29944e-11
-2.07616e-11
6.07666e-12
6.26885e-12
-1.40566e-11
1.77546e-11
-1.96007e-11
2.13185e-11
-2.31339e-11
2.37279e-11
-2.20357e-11
1.83744e-11
-1.50164e-11
1.47378e-11
-1.9241e-11
2.72479e-11
-3.45939e-11
3.57093e-11
-2.72068e-11
1.03562e-11
8.57749e-12
-2.19676e-11
2.51352e-11
-1.92638e-11
9.77739e-12
-2.58884e-12
1.70508e-13
-1.18483e-12
2.25784e-12
-9.66484e-13
-3.10279e-12
8.20001e-12
-1.16768e-11
1.10109e-11
-5.72149e-12
-1.86037e-12
7.07731e-12
-6.23435e-12
-5.08071e-13
8.32724e-12
-1.13127e-11
6.8128e-12
2.14783e-12
-9.51589e-12
1.06271e-11
-5.61263e-12
-1.66622e-12
6.55053e-12
-6.62157e-12
2.00727e-12
5.09834e-12
-1.1717e-11
1.47697e-11
-1.28377e-11
7.22254e-12
-2.01978e-12
1.28767e-12
-6.21429e-12
1.38696e-11
-1.99132e-11
2.19438e-11
-2.13476e-11
2.10712e-11
-2.26292e-11
2.4341e-11
-2.31917e-11
1.72473e-11
-7.32496e-12
-4.02813e-12
1.36904e-11
-1.91732e-11
1.86932e-11
-1.20979e-11
1.27288e-12
9.82312e-12
-1.73107e-11
1.93741e-11
-1.74094e-11
1.43477e-11
-1.27105e-11
1.3179e-11
-1.55974e-11
1.9898e-11
-2.65524e-11
3.51544e-11
-4.38027e-11
4.92962e-11
-4.90777e-11
4.22666e-11
-3.00965e-11
1.48196e-11
7.89689e-13
-1.41618e-11
2.28878e-11
-2.54914e-11
2.16641e-11
-1.27779e-11
1.18196e-12
1.02233e-11
-1.89614e-11
2.31576e-11
-2.23701e-11
1.77892e-11
-1.25392e-11
1.03719e-11
-1.42552e-11
2.45258e-11
-3.8751e-11
5.2346e-11
-6.07818e-11
6.12171e-11
-5.37916e-11
4.08118e-11
-2.54923e-11
1.01327e-11
3.994e-12
-1.61815e-11
2.49252e-11
-2.81136e-11
2.3941e-11
-1.29067e-11
-1.83315e-12
1.52548e-11
-2.2997e-11
2.30409e-11
-1.68622e-11
8.62712e-12
-3.87068e-12
6.78576e-12
-1.82554e-11
3.47388e-11
-5.01783e-11
5.90335e-11
-5.95022e-11
5.35292e-11
-4.46932e-11
3.4897e-11
-2.37434e-11
9.97267e-12
5.69835e-12
-2.00572e-11
2.86293e-11
-2.84957e-11
1.96162e-11
-5.23167e-12
-9.51966e-12
1.90712e-11
-2.00137e-11
1.28673e-11
-2.81872e-12
-2.97356e-12
-6.03973e-13
1.29913e-11
-2.87171e-11
4.11203e-11
-4.69946e-11
4.74385e-11
-4.56914e-11
4.34194e-11
-3.97462e-11
3.23804e-11
-2.02643e-11
4.51111e-12
1.15372e-11
-2.36581e-11
2.78049e-11
-2.22179e-11
8.87363e-12
6.0462e-12
-1.52008e-11
1.43466e-11
-5.69401e-12
-3.72121e-12
6.736e-12
-1.12049e-12
-9.96491e-12
2.09711e-11
-2.83772e-11
3.19586e-11
-3.37114e-11
3.52446e-11
-3.68648e-11
3.73199e-11
-3.46732e-11
2.68111e-11
-1.31908e-11
-3.82486e-12
1.84818e-11
-2.45898e-11
1.95106e-11
-6.97759e-12
-5.17145e-12
1.00255e-11
-6.41181e-12
-1.31498e-12
6.88684e-12
-6.76603e-12
1.31838e-12
6.42784e-12
-1.35179e-11
1.81685e-11
-2.03377e-11
2.12174e-11
-2.29589e-11
2.69151e-11
-3.21072e-11
3.44916e-11
-2.96581e-11
1.64638e-11
6.03332e-13
-1.39874e-11
1.79163e-11
-1.25837e-11
3.28166e-12
3.48385e-12
-4.48037e-12
6.01211e-13
4.61607e-12
-7.83606e-12
7.09728e-12
-2.49934e-12
-4.19715e-12
9.89166e-12
-1.21387e-11
1.09431e-11
-9.61416e-12
1.21211e-11
-1.96323e-11
2.83937e-11
-3.22892e-11
2.72635e-11
-1.48597e-11
9.10971e-13
8.33747e-12
-1.0344e-11
6.67877e-12
-1.30129e-12
-2.2755e-12
2.07895e-12
1.62881e-12
-6.74372e-12
9.79484e-12
-8.18462e-12
2.07578e-12
4.87867e-12
-8.30677e-12
6.52844e-12
-2.55605e-12
1.57896e-12
-6.84339e-12
1.65253e-11
-2.52754e-11
2.79438e-11
-2.32154e-11
1.35611e-11
-3.38232e-12
-3.69014e-12
5.76463e-12
-3.36335e-12
-1.03816e-12
3.68199e-12
-1.93749e-12
-3.83853e-12
9.75678e-12
-1.1334e-11
6.92501e-12
3.94514e-13
-5.45447e-12
5.02972e-12
-6.97842e-13
-2.88485e-12
1.53107e-12
5.27032e-12
-1.47147e-11
2.25399e-11
-2.55667e-11
2.25398e-11
-1.47147e-11
5.27037e-12
1.53089e-12
-2.88456e-12
-6.98178e-13
5.03003e-12
-5.45471e-12
3.94689e-13
6.92484e-12
-1.13337e-11
9.75641e-12
-3.83804e-12
-1.93803e-12
3.68246e-12
-1.03848e-12
-3.36319e-12
5.7646e-12
-3.69017e-12
-3.38227e-12
1.3561e-11
-2.32153e-11
2.79436e-11
-2.52751e-11
1.6525e-11
-6.84312e-12
1.57878e-12
-2.55598e-12
6.52843e-12
-8.30676e-12
4.87858e-12
2.07604e-12
-8.18503e-12
9.79534e-12
-6.74421e-12
1.62924e-12
2.0786e-12
-2.2752e-12
-1.30154e-12
6.67893e-12
-1.0344e-11
8.33729e-12
9.11337e-13
-1.48602e-11
2.7264e-11
-3.22897e-11
2.8394e-11
-1.96325e-11
1.21211e-11
-9.61411e-12
1.09431e-11
-1.21388e-11
9.89177e-12
-4.1973e-12
-2.49918e-12
7.09711e-12
-7.83584e-12
4.61577e-12
6.01584e-13
-4.48074e-12
3.4841e-12
3.28161e-12
-1.25839e-11
1.79167e-11
-1.39879e-11
6.0378e-13
1.64634e-11
-2.96578e-11
3.44914e-11
-3.21071e-11
2.69151e-11
-2.29589e-11
2.12175e-11
-2.03378e-11
1.81688e-11
-1.35182e-11
6.42804e-12
1.31831e-12
-6.76611e-12
6.88703e-12
-1.31521e-12
-6.41163e-12
1.00254e-11
-5.17146e-12
-6.9775e-12
1.95105e-11
-2.45896e-11
1.84816e-11
-3.82472e-12
-1.31909e-11
2.68112e-11
-3.46733e-11
3.73199e-11
-3.68646e-11
3.52443e-11
-3.37109e-11
3.19581e-11
-2.83768e-11
2.09708e-11
-9.9647e-12
-1.1206e-12
6.73603e-12
-3.72117e-12
-5.6941e-12
1.43468e-11
-1.5201e-11
6.04635e-12
8.87345e-12
-2.22177e-11
2.78048e-11
-2.3658e-11
1.15372e-11
4.51111e-12
-2.02644e-11
3.23806e-11
-3.97466e-11
4.34198e-11
-4.56918e-11
4.74389e-11
-4.6995e-11
4.11206e-11
-2.87173e-11
1.29915e-11
-6.04057e-13
-2.97355e-12
-2.81863e-12
1.28671e-11
-2.00133e-11
1.90708e-11
-9.51916e-12
-5.23207e-12
1.96164e-11
-2.84958e-11
2.86294e-11
-2.00573e-11
5.69854e-12
9.97239e-12
-2.37431e-11
3.48967e-11
-4.46929e-11
5.3529e-11
-5.95021e-11
5.90334e-11
-5.01781e-11
3.47387e-11
-1.82554e-11
6.78583e-12
-3.87095e-12
8.62756e-12
-1.68627e-11
2.30414e-11
-2.29973e-11
1.5255e-11
-1.83328e-12
-1.29066e-11
2.39408e-11
-2.81134e-11
2.49249e-11
-1.61813e-11
3.9939e-12
1.01327e-11
-2.54922e-11
4.08118e-11
-5.37916e-11
6.12172e-11
-6.07818e-11
5.23459e-11
-3.87508e-11
2.45255e-11
-1.42549e-11
1.03716e-11
-1.2539e-11
1.77891e-11
-2.23701e-11
2.31576e-11
-1.89613e-11
1.02231e-11
1.18221e-12
-1.27782e-11
2.16643e-11
-2.54915e-11
2.28879e-11
-1.41618e-11
7.89683e-13
1.48196e-11
-3.00966e-11
4.22669e-11
-4.9078e-11
4.92965e-11
-4.3803e-11
3.51546e-11
-2.65525e-11
1.98979e-11
-1.55973e-11
1.31789e-11
-1.27104e-11
1.43477e-11
-1.74095e-11
1.93744e-11
-1.7311e-11
9.82347e-12
1.27255e-12
-1.20976e-11
1.86929e-11
-1.9173e-11
1.36902e-11
-4.02817e-12
-7.32472e-12
1.72469e-11
-2.31913e-11
2.43406e-11
-2.26289e-11
2.10711e-11
-2.13477e-11
2.19441e-11
-1.99136e-11
1.387e-11
-6.2145e-12
1.28771e-12
-2.01965e-12
7.2223e-12
-1.28374e-11
1.47694e-11
-1.17167e-11
5.0979e-12
2.00775e-12
-6.622e-12
6.55083e-12
-1.66631e-12
-5.61275e-12
1.06274e-11
-9.5163e-12
2.14825e-12
6.81248e-12
-1.13126e-11
8.32733e-12
-5.08328e-13
-6.23402e-12
7.07702e-12
-1.86017e-12
-5.72162e-12
1.1011e-11
-1.16769e-11
8.20003e-12
-3.10268e-12
-9.66781e-13
2.25831e-12
-1.18539e-12
1.71039e-13
-2.58923e-12
9.77756e-12
-1.92637e-11
2.51349e-11
-2.19672e-11
8.57713e-12
1.03564e-11
-2.72069e-11
3.57092e-11
-3.45937e-11
2.72477e-11
-1.92407e-11
1.47375e-11
-1.5016e-11
1.8374e-11
-2.20354e-11
2.37277e-11
-2.31339e-11
2.13187e-11
-1.9601e-11
1.7755e-11
-1.40568e-11
6.26893e-12
6.07671e-12
-2.07617e-11
3.29945e-11
-3.76835e-11
3.16298e-11
-1.5596e-11
-5.98484e-12
2.6589e-11
-4.08436e-11
4.65436e-11
-4.52785e-11
4.0359e-11
-3.48045e-11
2.997e-11
-2.65091e-11
2.51119e-11
-2.67171e-11
3.09586e-11
-3.56719e-11
3.74741e-11
-3.40675e-11
2.52004e-11
-1.25734e-11
-1.70291e-12
1.53949e-11
-2.6196e-11
3.13891e-11
-2.91867e-11
1.97598e-11
-5.69062e-12
-9.78891e-12
2.41061e-11
-3.58323e-11
4.33236e-11
-4.47076e-11
3.91391e-11
-2.91415e-11
2.00685e-11
-1.71777e-11
2.15595e-11
-2.95569e-11
3.52644e-11
-3.48737e-11
2.83679e-11
-1.87875e-11
9.442e-12
-2.49787e-12
-1.62181e-12
3.52296e-12
-4.68829e-12
6.39084e-12
-8.76771e-12
9.7799e-12
-6.63005e-12
-1.86797e-12
1.3007e-11
-2.14865e-11
2.27509e-11
-1.67277e-11
7.80796e-12
-2.01601e-12
2.58139e-12
-8.19711e-12
1.39496e-11
-1.50063e-11
9.47076e-12
1.93486e-13
-8.86977e-12
1.14725e-11
-6.16556e-12
-4.79924e-12
1.60875e-11
-2.25861e-11
2.18527e-11
-1.52707e-11
6.39059e-12
1.12259e-12
-5.64435e-12
7.72754e-12
-9.47191e-12
1.24731e-11
-1.66211e-11
1.96636e-11
-1.92412e-11
1.50491e-11
-1.01943e-11
9.15416e-12
-1.46412e-11
2.49344e-11
-3.49789e-11
3.93468e-11
-3.55701e-11
2.44192e-11
-8.70839e-12
-8.5491e-12
2.41035e-11
-3.45848e-11
3.69626e-11
-3.04992e-11
1.72644e-11
-1.33702e-12
-1.36134e-11
2.52155e-11
-3.24072e-11
3.45434e-11
-3.2101e-11
2.72347e-11
-2.37467e-11
2.46176e-11
-3.00085e-11
3.68466e-11
-4.16143e-11
4.2787e-11
-4.15157e-11
3.91333e-11
-3.52185e-11
2.74251e-11
-1.42345e-11
-2.99425e-12
1.95878e-11
-3.00551e-11
3.06268e-11
-2.13947e-11
6.05914e-12
9.36982e-12
-1.95487e-11
2.20701e-11
-1.88508e-11
1.45496e-11
-1.38561e-11
1.82771e-11
-2.55634e-11
3.10747e-11
-3.11636e-11
2.52993e-11
-1.66685e-11
9.88564e-12
-8.29138e-12
1.14705e-11
-1.57719e-11
1.67037e-11
-1.26602e-11
6.00605e-12
-1.39657e-12
1.62631e-12
-5.57732e-12
9.03443e-12
-8.43054e-12
3.18518e-12
4.0648e-12
-9.87762e-12
1.17262e-11
-9.0972e-12
3.11852e-12
3.34496e-12
-6.61458e-12
3.49991e-12
6.27391e-12
-1.95378e-11
3.10149e-11
-3.67067e-11
3.5476e-11
-2.86399e-11
1.76313e-11
-3.49047e-12
-1.23022e-11
2.62551e-11
-3.39879e-11
3.26194e-11
-2.32137e-11
9.95439e-12
2.28172e-12
-1.08817e-11
1.58409e-11
-1.87948e-11
2.09786e-11
-2.27404e-11
2.36307e-11
-2.36713e-11
2.37325e-11
-2.57402e-11
3.13417e-11
-4.0677e-11
5.10108e-11
-5.75839e-11
5.56021e-11
-4.33437e-11
2.32834e-11
-1.52216e-12
-1.51899e-11
2.2193e-11
-1.92894e-11
1.0498e-11
-2.09327e-12
-1.43448e-12
-2.14096e-14
2.10203e-12
1.2742e-13
-8.25782e-12
1.88872e-11
-2.66436e-11
2.81793e-11
-2.4615e-11
1.96429e-11
-1.64594e-11
1.54622e-11
-1.52459e-11
1.42296e-11
-1.20889e-11
9.25458e-12
-6.7386e-12
5.69396e-12
-7.40359e-12
1.18997e-11
-1.72861e-11
2.00035e-11
-1.74209e-11
9.66698e-12
5.14425e-14
-7.92261e-12
1.15894e-11
-1.11611e-11
7.88644e-12
-3.24601e-12
-1.52745e-12
4.50283e-12
-3.20343e-12
-4.60254e-12
1.87913e-11
-3.61185e-11
5.06277e-11
-5.64382e-11
5.04712e-11
-3.45955e-11
1.45755e-11
2.79314e-12
-1.36318e-11
1.81678e-11
-1.9395e-11
1.95916e-11
-1.87833e-11
1.52433e-11
-8.02685e-12
-1.95551e-12
1.20106e-11
-1.93401e-11
2.19911e-11
-2.00442e-11
1.57946e-11
-1.36091e-11
1.75332e-11
-2.85624e-11
4.26503e-11
-5.27896e-11
5.32992e-11
-4.41103e-11
3.04319e-11
-1.90401e-11
1.34062e-11
-1.25294e-11
1.27389e-11
-1.11953e-11
7.16921e-12
-1.84667e-12
-3.2701e-12
6.85062e-12
-8.18524e-12
6.7891e-12
-2.70683e-12
-3.68955e-12
1.11705e-11
-1.7795e-11
2.09011e-11
-1.84588e-11
1.0076e-11
2.11126e-12
-1.45376e-11
2.35733e-11
-2.72411e-11
2.52633e-11
-1.88677e-11
9.76465e-12
1.06968e-13
-9.37561e-12
1.7215e-11
-2.33108e-11
2.6585e-11
-2.50565e-11
1.68537e-11
-3.11795e-12
-1.10586e-11
1.86391e-11
-1.58294e-11
5.22122e-12
5.14362e-12
-7.3126e-12
-1.80381e-12
1.88677e-11
-3.72254e-11
5.06987e-11
-5.64773e-11
5.50066e-11
-4.8975e-11
4.13036e-11
-3.40904e-11
2.76572e-11
-2.12212e-11
1.37645e-11
-5.50618e-12
-2.23923e-12
7.70165e-12
-1.01241e-11
9.77072e-12
-7.61868e-12
4.25808e-12
6.75524e-14
-5.5137e-12
1.18392e-11
-1.8235e-11
2.28284e-11
-2.36019e-11
1.94924e-11
-1.18571e-11
3.66137e-12
2.34649e-12
-5.77682e-12
7.80373e-12
-9.0569e-12
7.67693e-12
-9.97222e-13
-1.13468e-11
2.5068e-11
-3.3351e-11
3.11015e-11
-1.88921e-11
2.50737e-12
1.03102e-11
-1.43835e-11
9.06856e-12
1.74768e-12
-1.20462e-11
1.61193e-11
-1.13417e-11
-1.0388e-12
1.66013e-11
-3.0702e-11
4.06132e-11
-4.64209e-11
4.93924e-11
-5.05213e-11
4.94285e-11
-4.51608e-11
3.70019e-11
-2.57488e-11
1.35907e-11
-3.50964e-12
-2.71245e-12
5.40269e-12
-6.7786e-12
8.4882e-12
-1.00776e-11
9.10922e-12
-3.98327e-12
-4.26401e-12
1.2211e-11
-1.71638e-11
1.90283e-11
-1.99092e-11
2.09734e-11
-2.09125e-11
1.68326e-11
-7.70316e-12
-3.95246e-12
1.27479e-11
-1.38763e-11
5.70286e-12
8.91527e-12
-2.40682e-11
3.31158e-11
-3.21131e-11
2.1648e-11
-6.95015e-12
-5.16263e-12
9.65483e-12
-5.89248e-12
-2.94082e-12
1.17412e-11
-1.63611e-11
1.49488e-11
-8.48255e-12
-6.77436e-13
1.02968e-11
-1.98454e-11
2.98248e-11
-4.03445e-11
4.94384e-11
-5.40685e-11
5.22847e-11
-4.54304e-11
3.70006e-11
-2.99377e-11
2.40619e-11
-1.72085e-11
7.94503e-12
2.08036e-12
-9.49071e-12
1.18119e-11
-9.65585e-12
5.58549e-12
-2.00449e-12
-8.82361e-13
4.53052e-12
-1.06409e-11
1.89438e-11
-2.67008e-11
2.94163e-11
-2.37723e-11
1.00217e-11
6.96524e-12
-2.01628e-11
2.38498e-11
-1.68234e-11
2.43266e-12
1.309e-11
-2.38028e-11
2.61516e-11
-2.05305e-11
1.06666e-11
-1.95475e-12
-1.76009e-12
-7.40216e-14
4.78117e-12
-9.25902e-12
1.19659e-11
-1.32454e-11
1.31158e-11
-1.02741e-11
2.85908e-12
8.84533e-12
-2.18081e-11
3.18446e-11
-3.69885e-11
3.85116e-11
-3.97074e-11
4.26787e-11
-4.67979e-11
4.88627e-11
-4.57023e-11
3.63747e-11
-2.34569e-11
1.13098e-11
-3.4036e-12
-2.39508e-13
2.22852e-12
-5.16925e-12
8.61175e-12
-9.41571e-12
4.28136e-12
6.85833e-12
-2.0407e-11
3.07e-11
-3.3141e-11
2.58352e-11
-1.04594e-11
-8.55169e-12
2.50972e-11
-3.40143e-11
3.31788e-11
-2.47672e-11
1.34478e-11
-3.74522e-12
-2.35909e-12
4.97948e-12
-5.16586e-12
3.67452e-12
-1.60415e-12
5.90127e-13
-2.57253e-12
8.02647e-12
-1.52041e-11
2.02299e-11
-1.9309e-11
1.08494e-11
2.68465e-12
-1.57785e-11
2.27247e-11
-2.18221e-11
1.66142e-11
-1.36729e-11
1.73686e-11
-2.69258e-11
3.72179e-11
-4.33039e-11
4.35771e-11
-4.00533e-11
3.53255e-11
-3.04138e-11
2.43332e-11
-1.61493e-11
6.32423e-12
2.7482e-12
-8.15403e-12
7.66668e-12
-1.20347e-12
-9.18784e-12
1.97666e-11
-2.69395e-11
2.8376e-11
-2.37494e-11
1.38404e-11
-1.67187e-13
-1.53747e-11
2.99884e-11
-4.07294e-11
4.54022e-11
-4.38938e-11
3.78499e-11
-3.0145e-11
2.35732e-11
-2.01536e-11
1.96709e-11
-1.93767e-11
1.49282e-11
-3.93599e-12
-1.13877e-11
2.4217e-11
-2.75324e-11
1.87564e-11
-1.91167e-12
-1.52766e-11
2.58441e-11
-2.73321e-11
2.1672e-11
-1.31643e-11
5.42176e-12
-3.07598e-13
-1.97532e-12
1.3351e-12
2.51083e-12
-9.59269e-12
1.8021e-11
-2.41188e-11
2.41105e-11
-1.74113e-11
7.5429e-12
-3.08538e-13
-5.84001e-13
-4.23516e-12
1.05868e-11
-1.4586e-11
1.50432e-11
-1.36525e-11
1.25297e-11
-1.25833e-11
1.27657e-11
-1.11824e-11
6.01303e-12
3.02639e-12
-1.44308e-11
2.52186e-11
-3.30008e-11
3.72995e-11
-3.98771e-11
4.27208e-11
-4.64349e-11
4.93611e-11
-4.8883e-11
4.27318e-11
-3.06387e-11
1.4662e-11
8.91528e-13
-1.14179e-11
1.39626e-11
-8.86728e-12
-1.22865e-12
1.30384e-11
-2.41975e-11
3.25079e-11
-3.53292e-11
2.98714e-11
-1.58467e-11
-3.0018e-12
1.96927e-11
-2.82806e-11
2.74699e-11
-2.16661e-11
1.75578e-11
-1.97558e-11
2.74906e-11
-3.54999e-11
3.73175e-11
-2.98e-11
1.4876e-11
1.57967e-12
-1.38532e-11
1.92714e-11
-1.87566e-11
1.42455e-11
-6.97746e-12
-2.51591e-12
1.2341e-11
-1.90489e-11
1.93235e-11
-1.306e-11
3.79335e-12
3.10727e-12
-3.96244e-12
-1.57653e-12
1.04618e-11
-1.84216e-11
2.19932e-11
-2.05463e-11
1.60889e-11
-1.18954e-11
9.86033e-12
-9.70761e-12
9.64809e-12
-8.63045e-12
7.05737e-12
-6.4966e-12
8.02911e-12
-1.17001e-11
1.61708e-11
-1.95047e-11
1.96631e-11
-1.59024e-11
9.24689e-12
-2.32115e-12
-2.83498e-12
6.29147e-12
-1.05033e-11
1.7853e-11
-2.85962e-11
4.0149e-11
-4.92188e-11
5.36655e-11
-5.33955e-11
4.89483e-11
-4.06123e-11
2.82394e-11
-1.28837e-11
-2.35634e-12
1.23959e-11
-1.27007e-11
2.03112e-12
1.54075e-11
-3.15647e-11
3.86428e-11
-3.42008e-11
2.22507e-11
-1.01975e-11
3.06053e-12
-7.3668e-13
-8.27189e-13
5.35749e-12
-1.38684e-11
2.46221e-11
-3.53457e-11
4.42218e-11
-5.00947e-11
5.14639e-11
-4.66786e-11
3.45743e-11
-1.63898e-11
-3.49398e-12
1.81868e-11
-2.18975e-11
1.34489e-11
2.12881e-12
-1.67183e-11
2.38265e-11
-2.23056e-11
1.55424e-11
-8.48664e-12
4.2387e-12
-3.35892e-12
4.36342e-12
-5.35979e-12
4.74927e-12
-2.09336e-12
-2.14578e-12
6.76256e-12
-1.07643e-11
1.33011e-11
-1.37313e-11
1.11972e-11
-5.50175e-12
-2.36839e-12
9.86557e-12
-1.43476e-11
1.43548e-11
-1.06966e-11
5.6106e-12
-1.78565e-12
8.04722e-13
-2.69937e-12
5.61528e-12
-7.08577e-12
5.41066e-12
-1.18981e-12
-3.55223e-12
7.19609e-12
-1.05149e-11
1.56354e-11
-2.36818e-11
3.25085e-11
-3.79043e-11
3.63858e-11
-2.81457e-11
1.68231e-11
-7.50855e-12
3.52671e-12
-5.08176e-12
9.40593e-12
-1.32911e-11
1.51774e-11
-1.61036e-11
1.7663e-11
-1.99488e-11
2.08665e-11
-1.86761e-11
1.40712e-11
-1.00904e-11
8.61187e-12
-7.89789e-12
3.01267e-12
9.93521e-12
-3.02711e-11
5.18399e-11
-6.64128e-11
6.80441e-11
-5.66851e-11
3.78238e-11
-1.94535e-11
7.33039e-12
-2.82208e-12
3.60744e-12
-7.02001e-12
1.1719e-11
-1.73861e-11
2.26791e-11
-2.53175e-11
2.36971e-11
-1.91813e-11
1.53728e-11
-1.55351e-11
1.93012e-11
-2.24579e-11
1.90908e-11
-5.70173e-12
-1.63789e-11
4.07476e-11
-5.92082e-11
6.5687e-11
-5.94596e-11
4.46316e-11
-2.7536e-11
1.31404e-11
-3.91208e-12
9.35901e-14
-1.10472e-12
5.53831e-12
-1.12884e-11
1.56564e-11
-1.69234e-11
1.51338e-11
-1.23062e-11
1.08829e-11
-1.25414e-11
1.6856e-11
-2.13827e-11
2.21748e-11
-1.60516e-11
2.55893e-12
1.478e-11
-3.02637e-11
3.87802e-11
-3.85893e-11
3.1324e-11
-2.07903e-11
1.07083e-11
-3.64567e-12
1.436e-13
6.64714e-13
-2.7815e-13
-6.42215e-13
2.11645e-12
-4.16445e-12
5.66872e-12
-5.36965e-12
3.2271e-12
-1.35004e-12
2.11854e-12
-6.09713e-12
1.09158e-11
-1.32164e-11
1.09218e-11
-4.95331e-12
-1.70952e-12
5.7204e-12
-5.74038e-12
2.96652e-12
-3.40003e-13
-2.39019e-13
-5.86394e-13
7.71013e-14
3.37548e-12
-8.35785e-12
1.11078e-11
-9.262e-12
4.05384e-12
2.79311e-13
-2.3344e-13
-4.46945e-12
1.06098e-11
-1.42513e-11
1.31731e-11
-8.25987e-12
2.05706e-12
3.26021e-12
-7.81357e-12
1.30759e-11
-1.97416e-11
2.56223e-11
-2.70782e-11
2.21685e-11
-1.34745e-11
6.52811e-12
-5.83638e-12
1.10117e-11
-1.73976e-11
1.9562e-11
-1.5648e-11
8.25847e-12
-2.58815e-12
2.47464e-12
-8.25489e-12
1.67148e-11
-2.38907e-11
2.73411e-11
-2.70295e-11
2.33932e-11
-1.5917e-11
3.2395e-12
1.40543e-11
-3.19073e-11
4.38548e-11
-4.54495e-11
3.74265e-11
-2.57583e-11
1.74233e-11
-1.61801e-11
2.03656e-11
-2.497e-11
2.51474e-11
-1.97063e-11
1.13456e-11
-4.77849e-12
3.28595e-12
-7.33142e-12
1.50016e-11
-2.42457e-11
3.34261e-11
-4.07098e-11
4.27126e-11
-3.57652e-11
1.84772e-11
5.67857e-12
-2.94626e-11
4.52673e-11
-4.94871e-11
4.38962e-11
-3.44205e-11
2.72271e-11
-2.55582e-11
2.80622e-11
-3.06334e-11
2.93808e-11
-2.35211e-11
1.51339e-11
-7.50495e-12
2.97197e-12
-2.95665e-12
8.21115e-12
-1.89144e-11
3.31431e-11
-4.65026e-11
5.30672e-11
-4.84607e-11
3.2032e-11
-7.8506e-12
-1.70824e-11
3.55431e-11
-4.36694e-11
4.24107e-11
-3.67678e-11
3.20831e-11
-3.10659e-11
3.26574e-11
-3.40708e-11
3.27666e-11
-2.78612e-11
1.97605e-11
-1.02444e-11
2.01439e-12
1.61502e-12
1.67419e-12
-1.22411e-11
2.76739e-11
-4.3476e-11
5.38567e-11
-5.39555e-11
4.195e-11
-2.08868e-11
-2.63309e-12
2.15473e-11
-3.2154e-11
3.49717e-11
-3.35514e-11
3.16471e-11
-3.16749e-11
3.36957e-11
-3.59847e-11
3.58326e-11
-3.1491e-11
2.3047e-11
-1.26266e-11
3.01299e-12
2.93072e-12
-2.89007e-12
-4.67396e-12
1.89262e-11
-3.59677e-11
4.94281e-11
-5.367e-11
4.64355e-11
-3.01221e-11
1.00663e-11
7.75829e-12
-1.95289e-11
2.46696e-11
-2.58668e-11
2.671e-11
-2.94174e-11
3.33364e-11
-3.62989e-11
3.6306e-11
-3.2833e-11
2.60879e-11
-1.6792e-11
6.26665e-12
2.60824e-12
-6.21292e-12
1.7342e-12
1.06107e-11
-2.73121e-11
4.23892e-11
-5.00615e-11
4.71153e-11
-3.49014e-11
1.83835e-11
-3.44931e-12
-6.76378e-12
1.26904e-11
-1.69243e-11
2.12988e-11
-2.60876e-11
3.04205e-11
-3.36405e-11
3.51337e-11
-3.42137e-11
2.98144e-11
-2.15407e-11
1.0293e-11
9.57412e-13
-7.98716e-12
6.75804e-12
3.76268e-12
-2.03118e-11
3.61147e-11
-4.48563e-11
4.39793e-11
-3.57278e-11
2.44312e-11
-1.3697e-11
4.72446e-12
2.7191e-12
-9.33576e-12
1.53247e-11
-2.07538e-11
2.55423e-11
-2.98866e-11
3.36234e-11
-3.58658e-11
3.4435e-11
-2.73127e-11
1.46197e-11
-3.74489e-13
-9.21162e-12
9.20509e-12
5.09648e-13
-1.55185e-11
2.95403e-11
-3.81421e-11
3.9966e-11
-3.64201e-11
2.97327e-11
-2.18447e-11
1.3588e-11
-6.03239e-12
1.30447e-12
1.5143e-13
-1.43309e-15
8.09204e-14
2.49957e-14
4.0932e-15
0
