0
2.52544e-16
3.52756e-15
2.5873e-14
3.03077e-14
1.43477e-13
6.26395e-13
-2.70901e-12
3.96446e-12
2.58392e-13
-1.16448e-11
2.96557e-11
-5.06408e-11
6.38952e-11
-5.95335e-11
4.02488e-11
-1.95709e-11
7.29353e-12
-3.41631e-12
4.3211e-12
-7.17175e-12
5.82988e-12
7.36869e-12
-3.14438e-11
5.33872e-11
-6.09721e-11
5.38617e-11
-3.96156e-11
2.38454e-11
-1.06399e-11
5.55899e-12
-1.02755e-11
1.57062e-11
-9.71049e-12
-9.31872e-12
3.15313e-11
-4.79036e-11
5.5606e-11
-5.34018e-11
4.03404e-11
-2.24898e-11
1.16061e-11
-1.29244e-11
1.8563e-11
-1.79148e-11
8.44811e-12
6.53795e-12
-2.50619e-11
4.37416e-11
-5.40896e-11
4.94198e-11
-3.49313e-11
2.27726e-11
-1.86769e-11
1.87319e-11
-1.87424e-11
1.77056e-11
-1.27043e-11
-1.41392e-12
2.26606e-11
-4.0142e-11
4.53231e-11
-4.09536e-11
3.41692e-11
-2.7496e-11
2.08308e-11
-1.7456e-11
1.94549e-11
-2.11594e-11
1.40908e-11
1.47546e-12
-1.73598e-11
2.81216e-11
-3.48912e-11
3.79314e-11
-3.45248e-11
2.57504e-11
-1.90242e-11
1.86792e-11
-2.0251e-11
1.74011e-11
-1.05969e-11
3.20456e-12
5.3985e-12
-1.7283e-11
2.85677e-11
-3.26283e-11
2.89956e-11
-2.37431e-11
2.01943e-11
-1.64265e-11
1.17453e-11
-9.7658e-12
1.12882e-11
-1.07837e-11
3.26087e-12
8.40273e-12
-1.80201e-11
2.35035e-11
-2.60335e-11
2.41399e-11
-1.59057e-11
5.21551e-12
-3.74634e-13
4.18332e-12
-1.09475e-11
1.37726e-11
-1.12875e-11
4.57546e-12
6.15536e-12
-1.85617e-11
2.4946e-11
-1.906e-11
4.40275e-12
7.97657e-12
-1.07735e-11
4.87909e-12
5.33424e-12
-1.61597e-11
2.20314e-11
-1.65675e-11
1.72074e-13
1.59481e-11
-1.94785e-11
8.66429e-12
7.86681e-12
-2.11298e-11
2.59801e-11
-1.91878e-11
7.30644e-13
2.03806e-11
-2.97371e-11
2.09008e-11
-2.78967e-12
-1.01514e-11
1.05471e-11
5.08495e-13
-1.91401e-11
3.80215e-11
-4.5081e-11
3.1601e-11
-3.96764e-12
-2.00197e-11
2.75805e-11
-2.03966e-11
7.35992e-12
3.56349e-12
-5.27106e-12
-8.399e-12
3.40764e-11
-5.58045e-11
5.74435e-11
-3.83656e-11
1.15698e-11
1.00853e-11
-2.11844e-11
2.01071e-11
-8.94031e-12
-2.41585e-12
-6.20214e-14
2.02844e-11
-4.64125e-11
6.20961e-11
-6.0856e-11
4.61281e-11
-2.39984e-11
1.0765e-12
1.35041e-11
-1.37502e-11
4.84634e-12
-6.18944e-13
9.61133e-12
-2.79559e-11
4.58691e-11
-5.7252e-11
5.96377e-11
-5.11613e-11
3.27595e-11
-1.2379e-11
-2.20313e-13
3.09792e-12
-3.56274e-12
8.19142e-12
-1.65092e-11
2.51496e-11
-3.41491e-11
4.3885e-11
-5.0179e-11
4.74481e-11
-3.68312e-11
2.4824e-11
-1.46409e-11
3.63223e-12
8.53771e-12
-1.64119e-11
1.63287e-11
-1.34915e-11
1.53923e-11
-2.24414e-11
2.94544e-11
-3.43006e-11
3.73707e-11
-3.51396e-11
2.18293e-11
-2.76756e-13
-1.68859e-11
1.97395e-11
-1.10593e-11
1.29217e-13
6.95657e-12
-7.69032e-12
-9.46126e-13
1.80195e-11
-3.3134e-11
3.27088e-11
-1.46952e-11
-8.55073e-12
2.22709e-11
-2.1017e-11
7.42386e-12
1.27678e-11
-3.115e-11
3.6576e-11
-2.35304e-11
1.6786e-13
1.62203e-11
-1.48674e-11
-3.55501e-13
1.72272e-11
-2.60895e-11
2.22426e-11
-4.59659e-12
-2.22732e-11
4.54846e-11
-5.16751e-11
3.94943e-11
-2.15643e-11
1.10854e-11
-1.08782e-11
1.60562e-11
-2.24584e-11
2.63321e-11
-2.12803e-11
2.99341e-12
2.21448e-11
-4.10566e-11
4.72525e-11
-4.58099e-11
4.31092e-11
-3.90666e-11
3.18154e-11
-2.47041e-11
2.16732e-11
-2.0184e-11
1.41612e-11
-3.28206e-12
-7.64818e-12
1.71002e-11
-2.90173e-11
4.39176e-11
-5.43807e-11
5.24219e-11
-3.92512e-11
2.31123e-11
-1.06504e-11
3.52004e-12
-2.53848e-12
7.91532e-12
-1.45413e-11
1.17476e-11
5.9906e-12
-3.06566e-11
4.64556e-11
-4.47065e-11
2.90127e-11
-8.38523e-12
-9.63596e-12
1.77186e-11
-9.86872e-12
-1.08933e-11
2.92247e-11
-3.00322e-11
1.32618e-11
7.12859e-12
-1.83531e-11
1.69921e-11
-5.18776e-12
-1.34657e-11
3.06152e-11
-3.43398e-11
1.95083e-11
4.53102e-12
-2.25589e-11
2.77895e-11
-2.50792e-11
2.11809e-11
-1.84949e-11
1.77997e-11
-2.17586e-11
3.05415e-11
-3.80951e-11
3.68839e-11
-2.68012e-11
1.42474e-11
-3.03865e-12
-9.91108e-12
2.67048e-11
-4.18288e-11
4.72493e-11
-4.27595e-11
3.52138e-11
-2.9635e-11
2.58482e-11
-2.45349e-11
2.82043e-11
-3.39018e-11
3.04752e-11
-1.03017e-11
-1.97985e-11
4.3584e-11
-5.08569e-11
4.30356e-11
-2.70359e-11
9.59106e-12
1.24936e-12
2.0889e-12
-1.87232e-11
3.52372e-11
-3.62073e-11
1.8609e-11
5.7952e-12
-2.2832e-11
2.64623e-11
-1.83792e-11
2.28154e-12
1.59056e-11
-2.66492e-11
2.22732e-11
-6.38049e-12
-8.22232e-12
1.27158e-11
-1.05803e-11
9.56082e-12
-1.12256e-11
1.23367e-11
-1.36356e-11
1.92386e-11
-2.88897e-11
3.64695e-11
-3.84318e-11
3.71027e-11
-3.40427e-11
2.45252e-11
-4.53439e-12
-2.02572e-11
3.70476e-11
-3.88633e-11
3.0571e-11
-2.24302e-11
2.04469e-11
-2.56001e-11
3.6954e-11
-5.07532e-11
5.68421e-11
-4.43073e-11
1.36959e-11
1.91661e-11
-3.67696e-11
3.48433e-11
-2.22537e-11
8.96542e-12
-5.00777e-13
6.12041e-13
-1.14339e-11
2.71812e-11
-3.50848e-11
2.71007e-11
-9.28098e-12
-5.22022e-12
9.59633e-12
-7.08938e-12
2.23253e-12
4.90615e-12
-1.51362e-11
2.46084e-11
-2.81222e-11
2.53333e-11
-2.02491e-11
1.38407e-11
-3.13479e-12
-1.12643e-11
2.08532e-11
-1.85609e-11
9.25823e-12
-6.3282e-12
1.6907e-11
-3.59488e-11
5.35885e-11
-6.33892e-11
6.10669e-11
-4.32846e-11
1.3031e-11
1.5965e-11
-2.82695e-11
2.10179e-11
-6.93599e-12
1.11087e-12
-8.19459e-12
2.23362e-11
-3.63394e-11
4.56103e-11
-4.60996e-11
3.43569e-11
-1.37956e-11
-4.38233e-12
1.06796e-11
-7.22379e-12
2.99957e-12
-1.49667e-12
-2.2472e-12
1.10597e-11
-1.93501e-11
1.97228e-11
-1.24603e-11
3.42956e-12
3.46989e-12
-7.95112e-12
8.35164e-12
-2.25624e-12
-6.86431e-12
7.52496e-12
9.20504e-12
-3.83075e-11
6.27496e-11
-6.88237e-11
5.6404e-11
-3.4935e-11
1.31524e-11
3.11826e-12
-8.85985e-12
2.62578e-12
7.25045e-12
-7.11918e-12
-8.42591e-12
2.99227e-11
-4.37603e-11
4.55357e-11
-4.05757e-11
3.34972e-11
-2.37796e-11
1.07848e-11
1.22563e-12
-7.22823e-12
7.05513e-12
-4.10369e-12
-1.26664e-12
1.12443e-11
-2.32146e-11
2.72199e-11
-1.66202e-11
-1.77821e-12
1.25935e-11
-7.93325e-12
-6.19608e-12
1.80986e-11
-2.06451e-11
1.14059e-11
9.77149e-12
-3.83524e-11
6.1944e-11
-6.7444e-11
5.3096e-11
-3.15448e-11
1.74774e-11
-1.44996e-11
1.51965e-11
-1.29461e-11
8.14031e-12
-3.31363e-12
-3.19401e-12
1.35841e-11
-2.48819e-11
3.1378e-11
-3.26315e-11
3.25696e-11
-3.11858e-11
2.21674e-11
-3.1252e-12
-1.66286e-11
2.25072e-11
-9.54614e-12
-1.3035e-11
3.1102e-11
-3.73946e-11
3.26839e-11
-2.08517e-11
6.83267e-12
1.1904e-12
4.28796e-12
-2.09682e-11
3.44279e-11
-3.10063e-11
1.11693e-11
1.24491e-11
-2.97795e-11
4.0531e-11
-4.81302e-11
5.1561e-11
-4.76696e-11
3.73755e-11
-2.59629e-11
1.66215e-11
-8.60105e-12
1.99434e-12
-1.20442e-12
8.44358e-12
-1.64824e-11
1.29103e-11
5.21095e-12
-2.57898e-11
3.29254e-11
-2.22678e-11
1.97599e-12
1.71007e-11
-2.83194e-11
2.75297e-11
-1.27875e-11
-1.15774e-11
3.34637e-11
-4.18661e-11
3.71224e-11
-3.02452e-11
2.98551e-11
-3.33835e-11
3.26675e-11
-2.6355e-11
2.0963e-11
-2.08458e-11
2.15809e-11
-1.63435e-11
3.82201e-12
1.23835e-11
-2.94995e-11
4.4916e-11
-5.21834e-11
4.31498e-11
-1.83475e-11
-8.43767e-12
1.97197e-11
-1.04274e-11
-8.4669e-12
2.20119e-11
-2.49861e-11
2.14614e-11
-1.61161e-11
1.05558e-11
-7.61374e-12
1.15575e-11
-2.21418e-11
3.1789e-11
-3.34186e-11
2.82204e-11
-2.27918e-11
1.82949e-11
-7.76342e-12
-1.42839e-11
4.11689e-11
-5.79876e-11
5.57099e-11
-3.93883e-11
2.09294e-11
-8.57775e-12
4.62747e-12
-9.54709e-12
2.10505e-11
-3.09117e-11
2.84389e-11
-1.17591e-11
-7.98038e-12
1.61752e-11
-9.19556e-12
-4.01867e-12
1.33994e-11
-1.83413e-11
2.38268e-11
-3.01855e-11
3.0656e-11
-2.0347e-11
1.98975e-12
1.7867e-11
-3.53239e-11
4.76159e-11
-5.00064e-11
3.91531e-11
-2.11852e-11
1.02871e-11
-1.62761e-11
3.32296e-11
-4.45656e-11
3.897e-11
-2.03624e-11
6.3944e-13
1.2584e-11
-1.91396e-11
1.95609e-11
-1.26814e-11
-1.90183e-13
1.27525e-11
-1.97873e-11
2.21035e-11
-2.31036e-11
2.07552e-11
-8.59345e-12
-1.44345e-11
3.72719e-11
-4.53833e-11
3.56107e-11
-2.02655e-11
1.41418e-11
-2.11004e-11
3.39273e-11
-4.43788e-11
4.8106e-11
-4.27353e-11
2.67308e-11
-3.76444e-12
-1.6181e-11
2.37711e-11
-1.95039e-11
1.22444e-11
-8.19926e-12
3.55322e-12
8.13076e-12
-2.3871e-11
3.10204e-11
-2.1013e-11
-8.79827e-13
2.09402e-11
-3.01121e-11
2.88853e-11
-2.25671e-11
1.59248e-11
-1.35864e-11
2.03363e-11
-3.65912e-11
5.34383e-11
-5.7661e-11
4.42946e-11
-2.25102e-11
5.56194e-12
2.90239e-12
-9.54161e-12
1.88794e-11
-2.55603e-11
2.06611e-11
-3.56647e-12
-1.61334e-11
2.74691e-11
-2.67144e-11
1.6441e-11
-6.22143e-13
-1.62724e-11
2.68686e-11
-2.47392e-11
1.26778e-11
-3.95109e-12
1.0074e-11
-2.87384e-11
4.59568e-11
-5.10363e-11
4.5828e-11
-3.92042e-11
3.42923e-11
-2.58946e-11
9.41259e-12
1.05688e-11
-2.43274e-11
2.60684e-11
-1.71723e-11
1.27191e-12
1.75898e-11
-3.27735e-11
3.4976e-11
-2.05967e-11
-1.95281e-12
1.69339e-11
-1.62986e-11
7.14153e-12
-3.67117e-12
1.11678e-11
-2.25903e-11
2.90819e-11
-3.10995e-11
3.48496e-11
-4.2477e-11
4.81414e-11
-4.53025e-11
3.28296e-11
-1.47561e-11
-4.74782e-12
2.12055e-11
-2.7897e-11
1.78808e-11
6.73664e-12
-3.19972e-11
4.18922e-11
-3.36176e-11
1.86897e-11
-9.81852e-12
7.75037e-12
-4.30035e-12
-5.46422e-12
1.63692e-11
-2.05995e-11
1.75556e-11
-1.45687e-11
1.76716e-11
-2.63415e-11
3.63431e-11
-4.45375e-11
4.75305e-11
-4.01316e-11
1.96693e-11
6.73072e-12
-2.39094e-11
2.08631e-11
-1.67443e-12
-1.85798e-11
2.90731e-11
-3.23332e-11
3.66731e-11
-4.2891e-11
4.2598e-11
-2.93907e-11
7.8004e-12
1.07733e-11
-1.87189e-11
1.71064e-11
-1.12956e-11
5.73822e-12
-3.7904e-12
9.26431e-12
-2.27108e-11
3.67528e-11
-3.95115e-11
2.65165e-11
-6.71333e-12
-5.72686e-12
5.71558e-12
-3.13978e-13
-2.12563e-12
3.5168e-12
-1.31656e-11
3.44462e-11
-5.74703e-11
6.75912e-11
-5.89128e-11
3.77658e-11
-1.46343e-11
-3.51446e-12
1.36373e-11
-1.42491e-11
6.51699e-12
3.27992e-12
-6.91088e-12
2.08442e-12
4.26756e-12
-4.13649e-12
-1.45444e-12
3.30594e-12
3.32173e-12
-1.14256e-11
9.60686e-12
3.05959e-12
-1.40194e-11
8.98137e-12
1.30671e-11
-3.97958e-11
5.73303e-11
-6.14115e-11
5.51213e-11
-4.24537e-11
2.53945e-11
-7.87269e-12
-4.74274e-12
9.15666e-12
-7.77189e-12
3.72477e-12
3.58377e-12
-1.77277e-11
3.58741e-11
-4.6939e-11
4.02472e-11
-1.92827e-11
-1.91845e-13
4.29674e-12
4.7315e-12
-1.32297e-11
1.03509e-11
1.23206e-12
-1.21953e-11
1.76055e-11
-2.13558e-11
2.73878e-11
-3.38449e-11
3.46453e-11
-2.73813e-11
1.42246e-11
6.80126e-13
-1.4129e-11
2.10509e-11
-1.49278e-11
-7.0459e-12
3.65802e-11
-5.80226e-11
6.0935e-11
-4.99205e-11
3.79821e-11
-3.20623e-11
2.67226e-11
-1.40049e-11
-3.98793e-12
1.49414e-11
-9.72453e-12
-6.83822e-12
2.04989e-11
-2.16355e-11
1.28202e-11
-2.95292e-12
-1.88818e-12
1.34037e-12
3.18309e-12
-1.01825e-11
1.67193e-11
-1.72743e-11
8.78442e-12
5.39448e-12
-1.77834e-11
2.58622e-11
-3.39023e-11
4.56291e-11
-5.48162e-11
4.96186e-11
-2.5533e-11
-5.50126e-12
2.43037e-11
-2.09898e-11
3.39308e-12
1.38698e-11
-2.38352e-11
3.10903e-11
-4.08347e-11
5.05503e-11
-5.19984e-11
4.16443e-11
-2.448e-11
9.40233e-12
-1.23414e-12
-6.5579e-15
-3.91199e-12
1.08961e-11
-1.61794e-11
1.37923e-11
-2.63808e-12
-9.61994e-12
1.23903e-11
-3.05992e-12
-9.62062e-12
1.47223e-11
-1.1469e-11
8.77581e-12
-1.28098e-11
1.68257e-11
-8.07124e-12
-1.72719e-11
4.6661e-11
-6.23561e-11
5.67196e-11
-3.79836e-11
1.89475e-11
-5.98895e-12
-3.07788e-12
9.85383e-12
-1.19319e-11
5.11516e-12
9.58782e-12
-2.73533e-11
4.24511e-11
-5.22784e-11
5.40678e-11
-4.57563e-11
2.82351e-11
-1.03982e-11
2.65395e-12
-8.28231e-12
1.78264e-11
-1.96607e-11
1.11129e-11
-2.26072e-12
2.54364e-12
-1.03452e-11
1.377e-11
-6.70904e-12
-3.73137e-12
3.52503e-12
1.11032e-11
-2.94597e-11
3.56089e-11
-2.4372e-11
3.35154e-12
1.58051e-11
-2.86325e-11
3.66711e-11
-4.13875e-11
4.01519e-11
-3.06975e-11
1.47637e-11
2.22578e-12
-1.55815e-11
2.22887e-11
-1.93777e-11
4.03971e-12
2.13916e-11
-4.6433e-11
5.84769e-11
-5.35596e-11
4.03167e-11
-3.06069e-11
2.75153e-11
-2.3293e-11
1.1489e-11
2.88123e-12
-6.5172e-12
-6.28919e-12
2.60631e-11
-3.60085e-11
2.95625e-11
-1.55431e-11
8.6759e-12
-1.35856e-11
2.28878e-11
-2.65882e-11
2.3681e-11
-1.98038e-11
1.92974e-11
-1.8997e-11
1.35546e-11
-1.30308e-12
-1.30572e-11
2.39559e-11
-2.76779e-11
2.30385e-11
-9.37502e-12
-1.03166e-11
2.8246e-11
-3.46044e-11
2.62088e-11
-9.14563e-12
-6.77174e-12
1.83538e-11
-3.0137e-11
4.56054e-11
-5.80772e-11
5.51103e-11
-3.23584e-11
1.56964e-12
1.81093e-11
-1.7311e-11
3.63252e-12
8.31336e-12
-1.31058e-11
1.76254e-11
-2.98907e-11
4.64344e-11
-5.50455e-11
4.73342e-11
-2.87997e-11
1.27962e-11
-8.4839e-12
1.30707e-11
-1.85225e-11
1.96742e-11
-1.82276e-11
1.68458e-11
-1.63742e-11
1.52207e-11
-1.39715e-11
1.39407e-11
-1.60395e-11
1.83447e-11
-2.05855e-11
2.41311e-11
-3.032e-11
3.42995e-11
-2.85799e-11
9.78425e-12
1.36671e-11
-2.8265e-11
2.63295e-11
-1.42595e-11
3.46551e-12
1.34253e-12
-7.17404e-12
2.06329e-11
-3.72443e-11
4.16616e-11
-2.41193e-11
-8.65135e-12
3.72286e-11
-4.7965e-11
4.2877e-11
-3.43219e-11
2.91041e-11
-2.29944e-11
8.51603e-12
1.21131e-11
-2.66219e-11
2.37422e-11
-4.52301e-12
-1.94334e-11
3.65621e-11
-4.3743e-11
4.45797e-11
-4.24695e-11
3.73011e-11
-2.82314e-11
1.73601e-11
-8.56561e-12
4.44758e-12
-4.9342e-12
9.52197e-12
-1.76739e-11
2.74994e-11
-3.38677e-11
3.23223e-11
-2.40438e-11
1.71485e-11
-1.86265e-11
2.71394e-11
-3.32602e-11
3.02689e-11
-2.13024e-11
1.63791e-11
-1.95532e-11
2.36795e-11
-1.77253e-11
1.36195e-12
1.26986e-11
-1.02306e-11
-8.85011e-12
3.0258e-11
-3.90816e-11
3.44847e-11
-2.73154e-11
2.5987e-11
-2.58246e-11
1.56955e-11
7.39733e-12
-3.15216e-11
4.0182e-11
-2.77887e-11
4.39126e-12
1.51925e-11
-2.45893e-11
2.79158e-11
-3.05115e-11
3.04747e-11
-2.10294e-11
-2.63182e-13
2.61094e-11
-4.48063e-11
4.90157e-11
-4.01293e-11
2.41507e-11
-6.81459e-12
-8.71439e-12
1.94683e-11
-2.27091e-11
1.70539e-11
-4.72717e-12
-1.08924e-11
2.68015e-11
-4.11513e-11
5.0122e-11
-4.90935e-11
3.59864e-11
-1.65666e-11
1.08277e-12
3.07871e-12
1.44965e-12
-6.73655e-12
8.16164e-12
-1.03504e-11
1.98264e-11
-3.5748e-11
4.69877e-11
-4.37258e-11
2.79766e-11
-1.37281e-11
1.22656e-11
-2.1488e-11
2.8122e-11
-2.36284e-11
1.31234e-11
-9.8345e-12
1.87021e-11
-3.06771e-11
3.20161e-11
-2.06319e-11
8.6557e-12
-1.0093e-11
2.5015e-11
-3.98364e-11
4.13562e-11
-3.0504e-11
1.94021e-11
-1.7362e-11
2.06214e-11
-1.83302e-11
6.31067e-12
6.51836e-12
-7.19852e-12
-7.73556e-12
2.83979e-11
-4.14484e-11
4.21051e-11
-3.60303e-11
3.0397e-11
-2.54956e-11
1.61749e-11
-2.38151e-13
-1.64335e-11
2.4111e-11
-1.77079e-11
9.08486e-13
1.79628e-11
-3.24161e-11
4.04825e-11
-4.21677e-11
3.70367e-11
-2.45323e-11
6.505e-12
1.24265e-11
-2.68484e-11
3.31484e-11
-2.97425e-11
1.6831e-11
3.11854e-12
-2.42099e-11
3.86598e-11
-4.09739e-11
3.18007e-11
-1.66977e-11
9.0518e-13
1.43591e-11
-2.95653e-11
4.17577e-11
-4.37481e-11
3.03029e-11
-5.36304e-12
-1.86584e-11
3.02379e-11
-2.79277e-11
1.92809e-11
-1.12766e-11
2.65871e-12
1.23345e-11
-3.37595e-11
5.10695e-11
-5.15352e-11
3.29432e-11
-7.44891e-12
-9.46865e-12
1.25496e-11
-9.57082e-12
9.56263e-12
-1.1412e-11
4.92305e-12
1.53068e-11
-4.07356e-11
5.43302e-11
-4.72196e-11
2.71017e-11
-1.05961e-11
6.10633e-12
-7.56684e-12
3.76656e-12
6.23852e-12
-1.11887e-11
-3.4526e-14
2.39061e-11
-4.41532e-11
4.69185e-11
-3.45791e-11
2.15503e-11
-1.87883e-11
2.24436e-11
-2.06418e-11
8.51883e-12
4.28232e-12
-4.02526e-12
-1.20815e-11
3.14961e-11
-3.92436e-11
3.25322e-11
-2.27248e-11
2.1472e-11
-2.82494e-11
3.16176e-11
-2.3591e-11
9.32662e-12
-2.42606e-12
9.84612e-12
-2.45051e-11
3.25893e-11
-2.84086e-11
1.94116e-11
-1.73243e-11
2.4658e-11
-3.25489e-11
3.10502e-11
-2.08364e-11
1.23584e-11
-1.44463e-11
2.44314e-11
-3.13838e-11
2.79565e-11
-1.83065e-11
1.29366e-11
-1.72127e-11
2.57773e-11
-2.92231e-11
2.46153e-11
-1.85922e-11
1.93479e-11
-2.72449e-11
3.40976e-11
-3.22051e-11
2.25439e-11
-1.37019e-11
1.26098e-11
-1.78417e-11
2.21161e-11
-2.11088e-11
1.80428e-11
-1.95791e-11
2.74977e-11
-3.60776e-11
3.76183e-11
-3.04828e-11
2.04389e-11
-1.46556e-11
1.46443e-11
-1.6187e-11
1.51579e-11
-1.28972e-11
1.44686e-11
-2.25277e-11
3.32248e-11
-3.94736e-11
3.73743e-11
-2.96971e-11
2.22751e-11
-1.83045e-11
1.59892e-11
-1.24638e-11
8.20676e-12
-7.53798e-12
1.37137e-11
-2.4972e-11
3.5078e-11
-3.89058e-11
3.62238e-11
-3.09654e-11
2.6274e-11
-2.19711e-11
1.59457e-11
-8.56214e-12
3.61158e-12
-5.46667e-12
1.42842e-11
-2.56179e-11
3.37428e-11
-3.64922e-11
3.5552e-11
-3.35693e-11
3.04869e-11
-2.45077e-11
1.5174e-11
-6.00248e-12
2.07531e-12
-6.00252e-12
1.5174e-11
-2.45077e-11
3.04869e-11
-3.35693e-11
3.5552e-11
-3.64924e-11
3.37431e-11
-2.56182e-11
1.42844e-11
-5.46682e-12
3.61158e-12
-8.56218e-12
1.59456e-11
-2.1971e-11
2.62737e-11
-3.09651e-11
3.62233e-11
-3.89055e-11
3.50777e-11
-2.49719e-11
1.37135e-11
-7.53803e-12
8.20685e-12
-1.24642e-11
1.59896e-11
-1.83049e-11
2.22753e-11
-2.96973e-11
3.73743e-11
-3.94738e-11
3.32249e-11
-2.25277e-11
1.44683e-11
-1.28969e-11
1.51577e-11
-1.6187e-11
1.46444e-11
-1.46557e-11
2.04388e-11
-3.04827e-11
3.76182e-11
-3.60777e-11
2.74979e-11
-1.95791e-11
1.80427e-11
-2.11084e-11
2.21157e-11
-1.78415e-11
1.26098e-11
-1.3702e-11
2.2544e-11
-3.22051e-11
3.40976e-11
-2.7245e-11
1.93483e-11
-1.85925e-11
2.46157e-11
-2.92232e-11
2.57774e-11
-1.72125e-11
1.29366e-11
-1.83064e-11
2.79564e-11
-3.13835e-11
2.44312e-11
-1.4446e-11
1.23584e-11
-2.08364e-11
3.10504e-11
-3.25489e-11
2.46582e-11
-1.73243e-11
1.94117e-11
-2.84086e-11
3.25893e-11
-2.4505e-11
9.846e-12
-2.42574e-12
9.32643e-12
-2.35907e-11
3.16176e-11
-2.82494e-11
2.14721e-11
-2.27248e-11
3.25324e-11
-3.92439e-11
3.14965e-11
-1.20818e-11
-4.02493e-12
4.28218e-12
8.51885e-12
-2.06418e-11
2.24435e-11
-1.87882e-11
2.15501e-11
-3.45787e-11
4.6918e-11
-4.4153e-11
2.39059e-11
-3.44564e-14
-1.11889e-11
6.23857e-12
3.76646e-12
-7.56707e-12
6.10645e-12
-1.05964e-11
2.71016e-11
-4.72198e-11
5.43302e-11
-4.0736e-11
1.53069e-11
4.92285e-12
-1.14122e-11
9.56259e-12
-9.5709e-12
1.25492e-11
-9.46863e-12
-7.44901e-12
3.29428e-11
-5.15351e-11
5.10692e-11
-3.37596e-11
1.23343e-11
2.65872e-12
-1.1277e-11
1.92811e-11
-2.79281e-11
3.02378e-11
-1.86584e-11
-5.36333e-12
3.0303e-11
-4.37484e-11
4.17578e-11
-2.95656e-11
1.43594e-11
9.04782e-13
-1.66975e-11
3.18005e-11
-4.09739e-11
3.86599e-11
-2.42102e-11
3.11887e-12
1.68308e-11
-2.97422e-11
3.31482e-11
-2.6848e-11
1.24262e-11
6.50539e-12
-2.45324e-11
3.70367e-11
-4.21673e-11
4.04823e-11
-3.24157e-11
1.79628e-11
9.08811e-13
-1.77081e-11
2.41116e-11
-1.64338e-11
-2.37633e-13
1.61751e-11
-2.54956e-11
3.03975e-11
-3.60302e-11
4.21054e-11
-4.14483e-11
2.83985e-11
-7.73589e-12
-7.19768e-12
6.51818e-12
6.31102e-12
-1.83299e-11
2.06216e-11
-1.73619e-11
1.94024e-11
-3.05037e-11
4.1356e-11
-3.98357e-11
2.50148e-11
-1.00927e-11
8.65573e-12
-2.06315e-11
3.20158e-11
-3.06766e-11
1.87021e-11
-9.8345e-12
1.31236e-11
-2.36283e-11
2.81218e-11
-2.14879e-11
1.22659e-11
-1.37287e-11
2.79772e-11
-4.37262e-11
4.69878e-11
-3.57481e-11
1.98266e-11
-1.0351e-11
8.16194e-12
-6.73671e-12
1.44904e-12
3.07919e-12
1.08202e-12
-1.65665e-11
3.59859e-11
-4.90935e-11
5.01214e-11
-4.11512e-11
2.68011e-11
-1.08927e-11
-4.72726e-12
1.70533e-11
-2.2709e-11
1.94676e-11
-8.71456e-12
-6.81479e-12
2.415e-11
-4.01294e-11
4.90153e-11
-4.48068e-11
2.61091e-11
-2.63366e-13
-2.10301e-11
3.04745e-11
-3.05116e-11
2.7915e-11
-2.45891e-11
1.5192e-11
4.39085e-12
-2.77887e-11
4.01816e-11
-3.15218e-11
7.39712e-12
1.56955e-11
-2.5825e-11
2.5987e-11
-2.73154e-11
3.44843e-11
-3.90814e-11
3.02578e-11
-8.84996e-12
-1.02308e-11
1.26989e-11
1.36195e-12
-1.77255e-11
2.36801e-11
-1.95537e-11
1.63795e-11
-2.13024e-11
3.02692e-11
-3.32602e-11
2.714e-11
-1.86264e-11
1.71488e-11
-2.40432e-11
3.23224e-11
-3.38672e-11
2.74998e-11
-1.76736e-11
9.52234e-12
-4.93368e-12
4.44772e-12
-8.56491e-12
1.73602e-11
-2.82307e-11
3.73012e-11
-4.24687e-11
4.45797e-11
-4.37422e-11
3.65624e-11
-1.94331e-11
-4.52233e-12
2.37422e-11
-2.66211e-11
1.21131e-11
8.51683e-12
-2.29945e-11
2.91048e-11
-3.43219e-11
4.28773e-11
-4.79646e-11
3.72287e-11
-8.65105e-12
-2.41191e-11
4.16618e-11
-3.72442e-11
2.06331e-11
-7.17389e-12
1.34252e-12
3.46567e-12
-1.42595e-11
2.63294e-11
-2.82648e-11
1.36668e-11
9.78432e-12
-2.85801e-11
3.42995e-11
-3.03204e-11
2.41312e-11
-2.05859e-11
1.83444e-11
-1.60397e-11
1.39405e-11
-1.39721e-11
1.52206e-11
-1.63747e-11
1.68454e-11
-1.82279e-11
1.96738e-11
-1.8523e-11
1.30703e-11
-8.48407e-12
1.27954e-11
-2.87997e-11
4.73333e-11
-5.50455e-11
4.64336e-11
-2.98909e-11
1.76248e-11
-1.31063e-11
8.31314e-12
3.63189e-12
-1.73113e-11
1.81088e-11
1.56953e-12
-3.23592e-11
5.51103e-11
-5.80777e-11
4.56049e-11
-3.0137e-11
1.83534e-11
-6.77218e-12
-9.14556e-12
2.62083e-11
-3.46046e-11
2.82459e-11
-1.03168e-11
-9.37536e-12
2.30388e-11
-2.76784e-11
2.39561e-11
-1.3057e-11
-1.30334e-12
1.35548e-11
-1.8997e-11
1.92976e-11
-1.98039e-11
2.36817e-11
-2.65886e-11
2.28885e-11
-1.35855e-11
8.67625e-12
-1.55429e-11
2.95629e-11
-3.60082e-11
2.60632e-11
-6.2885e-12
-6.51713e-12
2.88179e-12
1.14893e-11
-2.32926e-11
2.75158e-11
-3.06065e-11
4.03171e-11
-5.35591e-11
5.84772e-11
-4.64324e-11
2.13918e-11
4.04048e-12
-1.93778e-11
2.22897e-11
-1.55816e-11
2.2266e-12
1.47639e-11
-3.0697e-11
4.01522e-11
-4.13873e-11
3.66717e-11
-2.86325e-11
1.58057e-11
3.35146e-12
-2.43713e-11
3.56086e-11
-2.9459e-11
1.11029e-11
3.52558e-12
-3.73161e-12
-6.70847e-12
1.37695e-11
-1.03446e-11
2.54328e-12
-2.26051e-12
1.11128e-11
-1.96608e-11
1.78266e-11
-8.28271e-12
2.65433e-12
-1.0399e-11
2.82356e-11
-4.57572e-11
5.40682e-11
-5.22792e-11
4.24516e-11
-2.73542e-11
9.58803e-12
5.11469e-12
-1.19323e-11
9.85357e-12
-3.07814e-12
-5.98943e-12
1.89472e-11
-3.79838e-11
5.6719e-11
-6.23562e-11
4.66604e-11
-1.7272e-11
-8.07197e-12
1.68257e-11
-1.28106e-11
8.77594e-12
-1.147e-11
1.47227e-11
-9.6216e-12
-3.05994e-12
1.23901e-11
-9.62052e-12
-2.63812e-12
1.37918e-11
-1.61794e-11
1.08954e-11
-3.91169e-12
-7.19896e-15
-1.23414e-12
9.40224e-12
-2.44804e-11
4.16445e-11
-5.19988e-11
5.05505e-11
-4.08349e-11
3.10902e-11
-2.38351e-11
1.38695e-11
3.39342e-12
-2.09902e-11
2.43041e-11
-5.5015e-12
-2.55325e-11
4.96183e-11
-5.48159e-11
4.56294e-11
-3.39024e-11
2.58626e-11
-1.77833e-11
5.39468e-12
8.78452e-12
-1.72738e-11
1.67193e-11
-1.01822e-11
3.18342e-12
1.34057e-12
-1.88795e-12
-2.95266e-12
1.28206e-11
-2.16355e-11
2.04993e-11
-6.83786e-12
-9.72447e-12
1.49418e-11
-3.98773e-12
-1.40046e-11
2.67227e-11
-3.20619e-11
3.79822e-11
-4.99202e-11
6.09352e-11
-5.80225e-11
3.65806e-11
-7.04593e-12
-1.49273e-11
2.10508e-11
-1.41286e-11
6.80186e-13
1.42248e-11
-2.73812e-11
3.46453e-11
-3.38447e-11
2.73877e-11
-2.13555e-11
1.76053e-11
-1.2195e-11
1.23192e-12
1.03511e-11
-1.32299e-11
4.73155e-12
4.29675e-12
-1.91987e-13
-1.92827e-11
4.02471e-11
-4.69391e-11
3.5874e-11
-1.77278e-11
3.58364e-12
3.72461e-12
-7.77194e-12
9.15653e-12
-4.74301e-12
-7.87264e-12
2.53943e-11
-4.24539e-11
5.51211e-11
-6.14115e-11
5.73299e-11
-3.97957e-11
1.30668e-11
8.98136e-12
-1.40197e-11
3.05949e-12
9.60677e-12
-1.1426e-11
3.32174e-12
3.30578e-12
-1.45475e-12
-4.13651e-12
4.2674e-12
2.08421e-12
-6.91102e-12
3.27997e-12
6.51657e-12
-1.42489e-11
1.36371e-11
-3.51475e-12
-1.46339e-11
3.77649e-11
-5.8912e-11
6.75904e-11
-5.747e-11
3.44461e-11
-1.31656e-11
3.51671e-12
-2.12569e-12
-3.13736e-13
5.71509e-12
-5.72626e-12
-6.71388e-12
2.65169e-11
-3.95117e-11
3.67528e-11
-2.27105e-11
9.26409e-12
-3.7902e-12
5.73829e-12
-1.12956e-11
1.71064e-11
-1.87188e-11
1.07735e-11
7.80007e-12
-2.93901e-11
4.25977e-11
-4.28908e-11
3.66732e-11
-3.2333e-11
2.90731e-11
-1.85798e-11
-1.67397e-12
2.08627e-11
-2.39088e-11
6.73047e-12
1.96696e-11
-4.01317e-11
4.75307e-11
-4.45373e-11
3.63429e-11
-2.63412e-11
1.76715e-11
-1.45686e-11
1.75558e-11
-2.05996e-11
1.63694e-11
-5.46435e-12
-4.29991e-12
7.74994e-12
-9.81807e-12
1.86896e-11
-3.36176e-11
4.18923e-11
-3.19972e-11
6.73661e-12
1.78807e-11
-2.78968e-11
2.12052e-11
-4.74758e-12
-1.47561e-11
3.28296e-11
-4.53026e-11
4.81416e-11
-4.24772e-11
3.48496e-11
-3.10995e-11
2.9082e-11
-2.25905e-11
1.11679e-11
-3.67122e-12
7.14143e-12
-1.62986e-11
1.69341e-11
-1.95322e-12
-2.05964e-11
3.49759e-11
-3.27737e-11
1.759e-11
1.27168e-12
-1.71722e-11
2.60682e-11
-2.43273e-11
1.05687e-11
9.41258e-12
-2.58948e-11
3.42925e-11
-3.92045e-11
4.58281e-11
-5.10363e-11
4.59567e-11
-2.87383e-11
1.00739e-11
-3.95118e-12
1.26778e-11
-2.47393e-11
2.68686e-11
-1.62725e-11
-6.22125e-13
1.64409e-11
-2.67143e-11
2.74689e-11
-1.61332e-11
-3.56673e-12
2.06613e-11
-2.55603e-11
1.88792e-11
-9.54144e-12
2.90216e-12
5.56213e-12
-2.25102e-11
4.42944e-11
-5.76606e-11
5.34379e-11
-3.65911e-11
2.03365e-11
-1.35869e-11
1.59253e-11
-2.25674e-11
2.88855e-11
-3.01124e-11
2.09406e-11
-8.80302e-13
-2.10126e-11
3.10201e-11
-2.38708e-11
8.13078e-12
3.55308e-12
-8.199e-12
1.22443e-11
-1.95041e-11
2.37716e-11
-1.61814e-11
-3.76438e-12
2.67312e-11
-4.27358e-11
4.81065e-11
-4.4379e-11
3.39273e-11
-2.11002e-11
1.41417e-11
-2.02653e-11
3.56106e-11
-4.53834e-11
3.72723e-11
-1.4435e-11
-8.59301e-12
2.07549e-11
-2.31034e-11
2.21033e-11
-1.9787e-11
1.27524e-11
-1.90299e-13
-1.26811e-11
1.95606e-11
-1.91394e-11
1.2584e-11
6.39155e-13
-2.03618e-11
3.89692e-11
-4.45647e-11
3.32289e-11
-1.62757e-11
1.02873e-11
-2.11857e-11
3.91537e-11
-5.00071e-11
4.76164e-11
-3.53241e-11
1.7867e-11
1.98995e-12
-2.03472e-11
3.06561e-11
-3.01855e-11
2.38268e-11
-1.83413e-11
1.33993e-11
-4.01859e-12
-9.19564e-12
1.61753e-11
-7.98049e-12
-1.17589e-11
2.84388e-11
-3.09118e-11
2.10509e-11
-9.54772e-12
4.62798e-12
-8.57804e-12
2.09295e-11
-3.93885e-11
5.57101e-11
-5.79878e-11
4.1169e-11
-1.42839e-11
-7.7634e-12
1.82949e-11
-2.27921e-11
2.8221e-11
-3.34191e-11
3.17892e-11
-2.21418e-11
1.15576e-11
-7.61403e-12
1.05563e-11
-1.61165e-11
2.14618e-11
-2.49865e-11
2.20125e-11
-8.46749e-12
-1.04269e-11
1.97195e-11
-8.43753e-12
-1.83475e-11
4.31497e-11
-5.21833e-11
4.49158e-11
-2.94994e-11
1.23836e-11
3.82175e-12
-1.63433e-11
2.15809e-11
-2.08459e-11
2.09633e-11
-2.63552e-11
3.26678e-11
-3.33838e-11
2.98554e-11
-3.02454e-11
3.71225e-11
-4.18662e-11
3.34637e-11
-1.15772e-11
-1.27878e-11
2.753e-11
-2.83196e-11
1.71008e-11
1.97596e-12
-2.22677e-11
3.29253e-11
-2.57899e-11
5.21113e-12
1.29102e-11
-1.64823e-11
8.4437e-12
-1.20463e-12
1.99464e-12
-8.60138e-12
1.66218e-11
-2.59629e-11
3.73753e-11
-4.76692e-11
5.15605e-11
-4.81299e-11
4.05308e-11
-2.97793e-11
1.24488e-11
1.11697e-11
-3.10067e-11
3.4428e-11
-2.09681e-11
4.28791e-12
1.1904e-12
6.83269e-12
-2.08518e-11
3.26842e-11
-3.73952e-11
3.11026e-11
-1.30354e-11
-9.54615e-12
2.25074e-11
-1.66287e-11
-3.1251e-12
2.21673e-11
-3.11854e-11
3.25693e-11
-3.26315e-11
3.13783e-11
-2.48823e-11
1.35845e-11
-3.19442e-12
-3.31317e-12
8.13998e-12
-1.29461e-11
1.51968e-11
-1.45e-11
1.74775e-11
-3.15447e-11
5.30957e-11
-6.74436e-11
6.19434e-11
-3.83517e-11
9.77091e-12
1.14062e-11
-2.06451e-11
1.80984e-11
-6.19571e-12
-7.93372e-12
1.2594e-11
-1.77854e-12
-1.66201e-11
2.722e-11
-2.32147e-11
1.12442e-11
-1.26646e-12
-4.10388e-12
7.05537e-12
-7.22855e-12
1.22601e-12
1.07844e-11
-2.37792e-11
3.34967e-11
-4.05751e-11
4.55353e-11
-4.37602e-11
2.99229e-11
-8.42622e-12
-7.11895e-12
7.25043e-12
2.62563e-12
-8.85964e-12
3.11815e-12
1.31523e-11
-3.49348e-11
5.64037e-11
-6.88235e-11
6.27497e-11
-3.83077e-11
9.20535e-12
7.52473e-12
-6.86434e-12
-2.25589e-12
8.35115e-12
-7.95076e-12
3.46983e-12
3.42938e-12
-1.246e-11
1.97225e-11
-1.93496e-11
1.10592e-11
-2.24686e-12
-1.49687e-12
2.99979e-12
-7.22411e-12
1.068e-11
-4.38248e-12
-1.37956e-11
3.43569e-11
-4.60994e-11
4.561e-11
-3.6339e-11
2.23357e-11
-8.19401e-12
1.11027e-12
-6.93555e-12
2.10177e-11
-2.82695e-11
1.5965e-11
1.30311e-11
-4.32847e-11
6.1067e-11
-6.33894e-11
5.35888e-11
-3.59491e-11
1.69071e-11
-6.32816e-12
9.2582e-12
-1.8561e-11
2.08533e-11
-1.12644e-11
-3.13469e-12
1.38406e-11
-2.02489e-11
2.53332e-11
-2.81224e-11
2.46087e-11
-1.51364e-11
4.90632e-12
2.23233e-12
-7.08916e-12
9.59627e-12
-5.22038e-12
-9.28072e-12
2.71006e-11
-3.50848e-11
2.71813e-11
-1.14341e-11
6.1247e-13
-5.01318e-13
8.96587e-12
-2.22539e-11
3.48432e-11
-3.67695e-11
1.9166e-11
1.3696e-11
-4.43073e-11
5.6842e-11
-5.0753e-11
3.69538e-11
-2.55999e-11
2.04467e-11
-2.243e-11
3.0571e-11
-3.88633e-11
3.70476e-11
-2.02571e-11
-4.53439e-12
2.45252e-11
-3.40426e-11
3.71027e-11
-3.84318e-11
3.64693e-11
-2.88893e-11
1.92382e-11
-1.36355e-11
1.23367e-11
-1.12255e-11
9.56079e-12
-1.05804e-11
1.27158e-11
-8.22202e-12
-6.38115e-12
2.2274e-11
-2.66498e-11
1.59059e-11
2.28136e-12
-1.83792e-11
2.64625e-11
-2.28323e-11
5.79535e-12
1.86091e-11
-3.62076e-11
3.52376e-11
-1.87236e-11
2.08914e-12
1.24939e-12
9.59077e-12
-2.70354e-11
4.3035e-11
-5.08563e-11
4.35836e-11
-1.97983e-11
-1.03018e-11
3.04753e-11
-3.3902e-11
2.82047e-11
-2.45354e-11
2.58488e-11
-2.96357e-11
3.52144e-11
-4.276e-11
4.72497e-11
-4.1829e-11
2.6705e-11
-9.91136e-12
-3.03834e-12
1.42471e-11
-2.68009e-11
3.68836e-11
-3.80949e-11
3.05414e-11
-2.17586e-11
1.77997e-11
-1.84948e-11
2.11809e-11
-2.50792e-11
2.77896e-11
-2.25589e-11
4.531e-12
1.95083e-11
-3.43397e-11
3.06151e-11
-1.34655e-11
-5.18782e-12
1.69922e-11
-1.83531e-11
7.12865e-12
1.32618e-11
-3.00322e-11
2.92247e-11
-1.08932e-11
-9.86881e-12
1.77185e-11
-9.63584e-12
-8.38523e-12
2.90125e-11
-4.47063e-11
4.64555e-11
-3.06565e-11
5.99045e-12
1.17477e-11
-1.45412e-11
7.91513e-12
-2.5384e-12
3.52025e-12
-1.06508e-11
2.31127e-11
-3.92515e-11
5.24222e-11
-5.43809e-11
4.39177e-11
-2.90173e-11
1.71001e-11
-7.6482e-12
-3.28177e-12
1.41607e-11
-2.01836e-11
2.16729e-11
-2.47039e-11
3.18152e-11
-3.90664e-11
4.31092e-11
-4.58101e-11
4.72527e-11
-4.10565e-11
2.21445e-11
2.99365e-12
-2.12805e-11
2.63324e-11
-2.24587e-11
1.60563e-11
-1.08779e-11
1.1085e-11
-2.1564e-11
3.94943e-11
-5.16753e-11
4.54848e-11
-2.22735e-11
-4.59642e-12
2.22426e-11
-2.60897e-11
1.72275e-11
-3.55724e-13
-1.48674e-11
1.62205e-11
1.67587e-13
-2.35302e-11
3.6576e-11
-3.11502e-11
1.2768e-11
7.42369e-12
-2.10169e-11
2.22709e-11
-8.5507e-12
-1.46952e-11
3.27088e-11
-3.3134e-11
1.80196e-11
-9.46231e-13
-7.69028e-12
6.95659e-12
1.29305e-13
-1.10596e-11
1.974e-11
-1.68863e-11
-2.76615e-13
2.18293e-11
-3.51396e-11
3.73708e-11
-3.43008e-11
2.94545e-11
-2.24411e-11
1.53917e-11
-1.34909e-11
1.63284e-11
-1.64118e-11
8.53765e-12
3.63227e-12
-1.46408e-11
2.48238e-11
-3.68312e-11
4.74483e-11
-5.01793e-11
4.38852e-11
-3.41493e-11
2.51499e-11
-1.65095e-11
8.19164e-12
-3.56275e-12
3.09775e-12
-2.20064e-13
-1.23792e-11
3.27596e-11
-5.11613e-11
5.96375e-11
-5.72517e-11
4.58687e-11
-2.79557e-11
9.61136e-12
-6.19227e-13
4.84672e-12
-1.37505e-11
1.35042e-11
1.07655e-12
-2.39985e-11
4.61283e-11
-6.08561e-11
6.20961e-11
-4.64123e-11
2.02841e-11
-6.17789e-14
-2.41588e-12
-8.9404e-12
2.01072e-11
-2.11844e-11
1.00854e-11
1.15699e-11
-3.83658e-11
5.74438e-11
-5.58048e-11
3.40764e-11
-8.39882e-12
-5.27122e-12
3.56359e-12
7.35985e-12
-2.03966e-11
2.75806e-11
-2.002e-11
-3.96734e-12
3.16009e-11
-4.50812e-11
3.80217e-11
-1.91403e-11
5.08675e-13
1.05469e-11
-1.01513e-11
-2.78951e-12
2.09007e-11
-2.97372e-11
2.03808e-11
7.30297e-13
-1.91875e-11
2.59799e-11
-2.11296e-11
7.8668e-12
8.66419e-12
-1.94784e-11
1.59482e-11
1.71784e-13
-1.6567e-11
2.20309e-11
-1.61593e-11
5.334e-12
4.87909e-12
-1.07733e-11
7.97639e-12
4.40286e-12
-1.90599e-11
2.49456e-11
-1.85611e-11
6.15475e-12
4.5759e-12
-1.12876e-11
1.37725e-11
-1.09473e-11
4.18308e-12
-3.74473e-13
5.2156e-12
-1.5906e-11
2.41404e-11
-2.6034e-11
2.35039e-11
-1.80203e-11
8.40281e-12
3.26094e-12
-1.07838e-11
1.12883e-11
-9.76572e-12
1.17451e-11
-1.64262e-11
2.01939e-11
-2.37428e-11
2.89954e-11
-3.26281e-11
2.85676e-11
-1.72829e-11
5.39835e-12
3.20476e-12
-1.05971e-11
1.74013e-11
-2.02512e-11
1.86794e-11
-1.90243e-11
2.57507e-11
-3.45252e-11
3.79318e-11
-3.48916e-11
2.81221e-11
-1.73603e-11
1.47575e-12
1.40907e-11
-2.11593e-11
1.94548e-11
-1.74558e-11
2.08304e-11
-2.74955e-11
3.41685e-11
-4.09529e-11
4.53225e-11
-4.01417e-11
2.26605e-11
-1.41382e-12
-1.27044e-11
1.77058e-11
-1.87427e-11
1.87324e-11
-1.86775e-11
2.27732e-11
-3.49319e-11
4.94203e-11
-5.40898e-11
4.37417e-11
-2.5062e-11
6.53811e-12
8.44789e-12
-1.79144e-11
1.85625e-11
-1.29237e-11
1.16054e-11
-2.24893e-11
4.03402e-11
-5.34017e-11
5.56059e-11
-4.79036e-11
3.15312e-11
-9.31847e-12
-9.71097e-12
1.57067e-11
-1.02759e-11
5.55925e-12
-1.06401e-11
2.38455e-11
-3.96156e-11
5.38616e-11
-6.09722e-11
5.33875e-11
-3.14442e-11
7.36897e-12
5.82973e-12
-7.17165e-12
4.32106e-12
-3.41635e-12
7.29364e-12
-1.95709e-11
4.02487e-11
-5.95332e-11
6.3895e-11
-5.06407e-11
2.96557e-11
-1.16448e-11
2.58459e-13
3.96464e-12
-2.70755e-12
6.30178e-13
1.50712e-13
3.6211e-14
2.84556e-14
4.00446e-15
0
