0
2.51732e-16
3.62691e-15
2.37221e-14
2.23476e-14
6.09092e-13
-2.69787e-12
6.61065e-12
-7.8496e-12
3.4942e-12
5.04685e-12
-1.66108e-11
3.07649e-11
-4.46583e-11
5.17851e-11
-4.68607e-11
3.12264e-11
-1.32994e-11
1.83841e-12
3.80365e-13
2.79895e-12
-6.41965e-12
8.15503e-12
-7.53653e-12
2.57994e-12
9.41978e-12
-2.78178e-11
4.56884e-11
-5.39486e-11
4.84643e-11
-3.37294e-11
1.83639e-11
-8.36634e-12
4.04993e-12
-3.43434e-12
5.6109e-12
-1.03149e-11
1.41675e-11
-1.091e-11
-3.6054e-12
2.57596e-11
-4.56422e-11
5.41968e-11
-5.00661e-11
3.86045e-11
-2.60767e-11
1.5129e-11
-6.58845e-12
2.46602e-12
-5.58001e-12
1.46049e-11
-2.2049e-11
1.85919e-11
-1.50361e-12
-2.25802e-11
4.27903e-11
-5.26175e-11
5.24873e-11
-4.60584e-11
3.52351e-11
-2.10655e-11
7.3803e-12
-1.3412e-12
7.15066e-12
-2.03887e-11
2.94393e-11
-2.48756e-11
6.76507e-12
1.64155e-11
-3.61989e-11
4.93364e-11
-5.60688e-11
5.50863e-11
-4.41056e-11
2.50445e-11
-7.24984e-12
1.5616e-12
-1.07921e-11
2.60203e-11
-3.43215e-11
2.91012e-11
-1.35084e-11
-5.96764e-12
2.58463e-11
-4.52895e-11
6.03177e-11
-6.32949e-11
4.98786e-11
-2.66075e-11
7.91751e-12
-4.78964e-12
1.54675e-11
-2.87603e-11
3.47826e-11
-3.196e-11
2.30238e-11
-8.3865e-12
-1.40334e-11
4.14401e-11
-6.29374e-11
6.63813e-11
-5.03885e-11
2.69835e-11
-1.17332e-11
1.06246e-11
-1.81686e-11
2.59981e-11
-3.13685e-11
3.51001e-11
-3.4612e-11
2.25815e-11
4.13511e-12
-3.69348e-11
5.93447e-11
-6.09994e-11
4.61497e-11
-2.86193e-11
1.84065e-11
-1.56176e-11
1.58278e-11
-1.86571e-11
2.68356e-11
-3.84491e-11
4.32355e-11
-3.09149e-11
2.39792e-12
2.84588e-11
-4.66195e-11
4.79293e-11
-3.9866e-11
3.10498e-11
-2.36793e-11
1.58849e-11
-9.53252e-12
1.08182e-11
-2.26436e-11
3.75973e-11
-4.25847e-11
3.04922e-11
-7.12843e-12
-1.49164e-11
2.73795e-11
-3.13976e-11
3.17219e-11
-2.96642e-11
2.2878e-11
-1.20478e-11
3.68738e-12
-5.09919e-12
1.6029e-11
-2.78223e-11
3.07472e-11
-2.27713e-11
9.78572e-12
1.13078e-12
-8.18644e-12
1.36126e-11
-1.86176e-11
2.05484e-11
-1.64892e-11
7.76982e-12
-4.12194e-13
-4.77757e-13
-4.62533e-12
1.01634e-11
-1.1394e-11
8.47516e-12
-5.62972e-12
5.70175e-12
-7.09972e-12
5.63792e-12
-1.70833e-14
-6.27381e-12
7.97879e-12
-3.69399e-12
-2.96732e-12
7.1569e-12
-8.18229e-12
9.1786e-12
-1.21863e-11
1.39214e-11
-8.905e-12
-3.86201e-12
1.75308e-11
-2.3072e-11
1.77338e-11
-7.91137e-12
2.16073e-12
-3.27972e-12
7.44495e-12
-1.12984e-11
1.64962e-11
-2.63674e-11
3.79681e-11
-4.1464e-11
2.88825e-11
-3.94207e-12
-1.98012e-11
3.04701e-11
-2.77506e-11
2.01431e-11
-1.4909e-11
1.20756e-11
-9.53694e-12
1.0004e-11
-1.99154e-11
3.97229e-11
-5.88909e-11
6.26385e-11
-4.54597e-11
1.61679e-11
1.00427e-11
-2.45977e-11
2.90914e-11
-2.87589e-11
2.5041e-11
-1.72128e-11
8.4386e-12
-7.38011e-12
2.04398e-11
-4.36858e-11
6.34757e-11
-6.72803e-11
5.30276e-11
-2.91536e-11
5.98464e-12
1.10834e-11
-2.19335e-11
2.69999e-11
-2.54913e-11
1.78124e-11
-9.03127e-12
6.86292e-12
-1.59817e-11
3.30939e-11
-4.87303e-11
5.3738e-11
-4.60394e-11
3.08564e-11
-1.56476e-11
4.02711e-12
4.81253e-12
-1.25348e-11
1.77082e-11
-1.73363e-11
1.1455e-11
-5.6739e-12
6.39602e-12
-1.41937e-11
2.22632e-11
-2.34787e-11
1.77888e-11
-1.23385e-11
1.27316e-11
-1.63129e-11
1.49136e-11
-5.03864e-12
-7.56252e-12
1.36143e-11
-1.04236e-11
3.60797e-12
4.07147e-13
-2.43939e-12
7.98372e-12
-1.80951e-11
2.4933e-11
-1.94837e-11
2.04459e-12
1.60149e-11
-2.2647e-11
1.5665e-11
-3.37974e-12
-5.03537e-12
6.87674e-12
-4.49986e-12
-1.50556e-12
1.36822e-11
-3.26763e-11
5.18063e-11
-5.9917e-11
5.00354e-11
-2.62551e-11
8.508e-13
1.45382e-11
-1.64446e-11
9.3372e-12
-7.14244e-13
-4.2583e-12
3.5572e-12
3.41417e-12
-1.74363e-11
3.73958e-11
-5.79182e-11
6.96991e-11
-6.52676e-11
4.52349e-11
-1.98087e-11
1.52699e-12
4.05314e-12
-1.67252e-12
-3.34977e-13
-1.75899e-12
5.26066e-12
-7.54003e-12
1.11102e-11
-2.10259e-11
3.6522e-11
-4.89181e-11
4.91288e-11
-3.7608e-11
2.39674e-11
-1.71228e-11
1.6117e-11
-1.28527e-11
2.44267e-12
1.02209e-11
-1.616e-11
1.21796e-11
-4.09514e-12
-4.82226e-13
-3.55155e-13
2.52135e-12
-2.87583e-12
3.41783e-12
-8.42809e-12
1.74073e-11
-2.36135e-11
1.95264e-11
-4.52778e-12
-1.36716e-11
2.40111e-11
-2.01101e-11
3.93535e-12
1.63415e-11
-3.27146e-11
4.12796e-11
-4.21891e-11
3.62649e-11
-2.37935e-11
6.49089e-12
9.12276e-12
-1.3943e-11
3.65596e-12
1.48561e-11
-2.72239e-11
2.2594e-11
-2.60336e-12
-2.15098e-11
3.94456e-11
-4.95355e-11
5.51128e-11
-5.67384e-11
5.03362e-11
-3.44326e-11
1.55966e-11
-4.7668e-12
6.59391e-12
-1.46037e-11
1.72248e-11
-9.31189e-12
-4.20553e-12
1.47603e-11
-1.93685e-11
2.18372e-11
-2.7127e-11
3.51297e-11
-4.1108e-11
4.0492e-11
-3.33933e-11
2.35095e-11
-1.43714e-11
6.35933e-12
1.87019e-12
-1.02882e-11
1.5071e-11
-1.11419e-11
-2.39441e-12
1.83332e-11
-2.54672e-11
1.74404e-11
9.08471e-13
-1.73879e-11
2.2376e-11
-1.60803e-11
5.19062e-12
5.22114e-12
-1.51748e-11
2.42668e-11
-2.68446e-11
1.52075e-11
1.06944e-11
-3.95129e-11
5.57674e-11
-5.28086e-11
3.73961e-11
-2.24661e-11
1.55339e-11
-1.53525e-11
1.68857e-11
-1.78807e-11
1.91688e-11
-2.1047e-11
2.02898e-11
-1.26246e-11
-2.87229e-12
2.14567e-11
-3.59943e-11
4.19488e-11
-4.09188e-11
3.86911e-11
-3.98024e-11
4.2263e-11
-3.93009e-11
2.65285e-11
-8.21601e-12
-5.50937e-12
7.45069e-12
-1.32161e-13
-7.58884e-12
9.41728e-12
-6.72214e-12
3.49331e-12
5.07637e-13
-9.57113e-12
2.39615e-11
-3.55679e-11
3.31993e-11
-1.38737e-11
-1.2776e-11
3.12191e-11
-3.23021e-11
1.83315e-11
1.31494e-12
-1.85586e-11
3.00554e-11
-3.59315e-11
3.64702e-11
-3.15605e-11
2.21337e-11
-1.23327e-11
8.1095e-12
-1.3277e-11
2.51397e-11
-3.51558e-11
3.45938e-11
-2.2275e-11
5.76556e-12
5.60905e-12
-1.02424e-11
1.4778e-11
-2.58129e-11
4.13192e-11
-5.23465e-11
5.20017e-11
-4.2386e-11
3.09974e-11
-2.24212e-11
1.48108e-11
-5.69922e-12
-2.2239e-12
2.52426e-12
7.01475e-12
-2.01152e-11
2.55272e-11
-1.62734e-11
-4.67473e-12
2.60898e-11
-3.66223e-11
3.16266e-11
-1.52474e-11
-3.70184e-12
1.76289e-11
-2.42773e-11
2.47759e-11
-1.95446e-11
7.04786e-12
1.16548e-11
-2.97439e-11
3.78232e-11
-3.27141e-11
2.15345e-11
-1.61236e-11
2.14529e-11
-3.13039e-11
3.53102e-11
-3.02347e-11
2.20686e-11
-1.86711e-11
2.11605e-11
-2.37646e-11
1.99213e-11
-8.42346e-12
-7.03219e-12
2.19715e-11
-3.45636e-11
4.44164e-11
-5.03421e-11
4.91675e-11
-3.80007e-11
1.77722e-11
3.80875e-12
-1.53076e-11
9.51696e-12
9.26278e-12
-2.75565e-11
3.28874e-11
-2.368e-11
8.61343e-12
2.48152e-12
-7.11433e-12
8.39702e-12
-7.90686e-12
2.51221e-12
1.0055e-11
-2.57238e-11
3.54493e-11
-3.3216e-11
2.11663e-11
-7.56115e-12
-1.12981e-12
5.2152e-12
-1.04204e-11
2.13233e-11
-3.6736e-11
4.94787e-11
-5.17203e-11
4.13875e-11
-2.5281e-11
1.39395e-11
-1.31927e-11
1.98471e-11
-2.6576e-11
2.90631e-11
-2.82803e-11
2.53436e-11
-1.73761e-11
1.42027e-13
2.38879e-11
-4.35245e-11
4.65863e-11
-3.09575e-11
6.46432e-12
1.29117e-11
-1.94128e-11
1.48258e-11
-6.66741e-12
8.83899e-13
1.73594e-12
-4.46617e-12
1.00261e-11
-1.77054e-11
2.3536e-11
-2.45272e-11
2.20819e-11
-2.11408e-11
2.41147e-11
-2.7826e-11
2.73544e-11
-2.33883e-11
2.25215e-11
-2.98222e-11
4.08435e-11
-4.36253e-11
2.89876e-11
3.23207e-14
-3.02023e-11
4.82632e-11
-4.99063e-11
3.96018e-11
-2.53106e-11
1.297e-11
-4.94489e-12
9.07405e-13
-6.00605e-13
4.53256e-12
-1.24742e-11
2.07619e-11
-2.35185e-11
1.72584e-11
-5.78028e-12
-1.74678e-12
-1.28247e-12
1.15782e-11
-1.9135e-11
1.76731e-11
-1.16872e-11
1.12628e-11
-2.16173e-11
3.75061e-11
-4.80724e-11
4.53838e-11
-2.97307e-11
7.37109e-12
1.44569e-11
-3.13077e-11
4.13363e-11
-4.42321e-11
3.9845e-11
-2.88135e-11
1.4268e-11
-3.42663e-12
3.8306e-12
-1.6455e-11
3.21872e-11
-3.84701e-11
2.99277e-11
-1.33221e-11
6.98764e-13
1.49559e-12
2.64968e-12
-4.84302e-12
1.58103e-12
2.92661e-12
-2.33987e-12
-6.0281e-12
1.94155e-11
-3.23661e-11
3.98684e-11
-4.00825e-11
3.38975e-11
-2.27455e-11
6.52796e-12
1.42544e-11
-3.51916e-11
4.74527e-11
-4.39999e-11
2.69792e-11
-8.98423e-12
3.49979e-12
-1.36509e-11
2.99062e-11
-3.98314e-11
3.82568e-11
-2.9337e-11
2.01206e-11
-1.44111e-11
1.08533e-11
-6.22134e-12
-8.52514e-13
7.96424e-12
-1.10999e-11
7.76134e-12
6.33748e-13
-1.03296e-11
1.87913e-11
-2.72489e-11
3.71571e-11
-4.48913e-11
4.16954e-11
-2.24005e-11
-7.14921e-12
3.23101e-11
-4.11204e-11
3.30809e-11
-1.85709e-11
9.55091e-12
-1.12431e-11
2.01661e-11
-2.92636e-11
3.34391e-11
-3.25112e-11
2.96679e-11
-2.79807e-11
2.66329e-11
-2.19861e-11
1.2324e-11
-1.45873e-12
-5.0588e-12
5.94446e-12
-5.32642e-12
6.37751e-12
-6.21364e-12
-2.14046e-12
2.12089e-11
-4.39432e-11
5.71872e-11
-5.1961e-11
3.00216e-11
-2.43633e-12
-1.83067e-11
2.5392e-11
-2.1263e-11
1.46768e-11
-1.35672e-11
1.8359e-11
-2.34241e-11
2.4124e-11
-2.20949e-11
2.21059e-11
-2.58611e-11
2.95035e-11
-2.84464e-11
2.26613e-11
-1.67765e-11
1.39466e-11
-1.20747e-11
6.28782e-12
4.54463e-12
-1.54085e-11
1.77345e-11
-5.52033e-12
-1.96495e-11
4.69431e-11
-6.21801e-11
5.7615e-11
-3.82066e-11
1.68328e-11
-3.65283e-12
-1.21498e-12
4.46231e-12
-1.12068e-11
1.9654e-11
-2.46114e-11
2.36236e-11
-1.92349e-11
1.52274e-11
-1.34627e-11
1.3361e-11
-1.37441e-11
1.39804e-11
-1.52105e-11
1.90661e-11
-2.46474e-11
2.63031e-11
-1.78664e-11
-2.08971e-13
1.77082e-11
-2.1458e-11
5.97375e-12
2.10101e-11
-4.47654e-11
5.48461e-11
-5.17439e-11
4.30139e-11
-3.56662e-11
3.11701e-11
-2.62734e-11
1.63828e-11
-5.24778e-13
-1.6565e-11
2.71844e-11
-2.75183e-11
2.03623e-11
-1.1577e-11
4.01418e-12
2.98051e-12
-9.60507e-12
1.21416e-11
-6.06923e-12
-8.0378e-12
2.20774e-11
-2.63576e-11
1.75073e-11
-1.60505e-12
-1.05628e-11
1.03978e-11
2.83311e-12
-2.15005e-11
3.4616e-11
-3.70348e-11
3.36011e-11
-3.39537e-11
4.18797e-11
-5.13493e-11
5.20413e-11
-3.90636e-11
1.65883e-11
5.86562e-12
-2.07239e-11
2.5518e-11
-2.17686e-11
1.19321e-11
1.39078e-12
-1.56777e-11
2.78886e-11
-3.4426e-11
3.17735e-11
-2.02613e-11
6.24267e-12
1.39415e-12
2.56961e-13
-5.03206e-12
3.57692e-12
6.93873e-12
-2.02674e-11
2.67223e-11
-2.21572e-11
1.14646e-11
-5.07593e-12
1.06219e-11
-2.72249e-11
4.53036e-11
-5.30099e-11
4.43099e-11
-2.3938e-11
3.33622e-12
8.53781e-12
-1.13631e-11
9.70092e-12
-6.17113e-12
-6.86435e-13
1.20809e-11
-2.60606e-11
3.83482e-11
-4.56815e-11
4.7249e-11
-4.47407e-11
4.01355e-11
-3.36169e-11
2.27476e-11
-5.68443e-12
-1.48217e-11
3.00661e-11
-3.0906e-11
1.58756e-11
5.06325e-12
-1.76215e-11
1.45171e-11
-8.99826e-13
-1.16964e-11
1.47153e-11
-8.01782e-12
-1.72474e-12
6.0309e-12
-1.35764e-12
-7.92797e-12
1.30412e-11
-9.53136e-12
1.58043e-12
1.78315e-12
4.80107e-12
-1.93382e-11
3.52166e-11
-4.72168e-11
5.36057e-11
-5.43996e-11
4.86303e-11
-3.5476e-11
1.65562e-11
3.03651e-12
-1.69268e-11
1.99874e-11
-1.16549e-11
-2.63627e-12
1.40376e-11
-1.80381e-11
1.87463e-11
-2.44357e-11
3.747e-11
-5.06929e-11
5.30332e-11
-3.91888e-11
1.39345e-11
1.04536e-11
-2.23513e-11
1.80995e-11
-4.50496e-12
-6.60214e-12
6.93906e-12
2.11392e-12
-1.19468e-11
1.4767e-11
-1.06929e-11
5.94908e-12
-5.69757e-12
9.0744e-12
-1.19076e-11
1.11599e-11
-6.87335e-12
8.82959e-13
3.92154e-12
-5.21065e-12
2.4263e-12
3.48312e-12
-1.29263e-11
2.74666e-11
-4.60554e-11
6.17075e-11
-6.53255e-11
5.30507e-11
-3.06641e-11
9.49838e-12
1.63123e-12
-2.51948e-12
-1.38812e-13
-7.89619e-13
6.33053e-12
-1.05784e-11
4.86801e-12
1.44347e-11
-4.08984e-11
6.02492e-11
-6.11799e-11
4.44377e-11
-2.18304e-11
5.59808e-12
-2.27502e-13
1.95684e-12
-4.16672e-12
2.11942e-12
3.83091e-12
-8.99844e-12
8.49032e-12
-2.55128e-12
-3.67769e-12
5.10784e-12
-1.59848e-12
-3.24223e-12
6.16416e-12
-7.16171e-12
7.53751e-12
-7.14326e-12
3.79141e-12
3.30294e-12
-1.11461e-11
1.38143e-11
-6.70116e-12
-1.03834e-11
3.17339e-11
-4.79833e-11
5.1496e-11
-4.30859e-11
3.17538e-11
-2.65176e-11
2.73943e-11
-2.63768e-11
1.5917e-11
3.31633e-12
-2.25086e-11
2.98943e-11
-1.85738e-11
-8.16077e-12
3.73113e-11
-5.5012e-11
5.61611e-11
-4.70982e-11
3.82226e-11
-3.49805e-11
3.42911e-11
-2.94137e-11
1.683e-11
1.07913e-13
-1.40333e-11
1.84884e-11
-1.20462e-11
-1.33886e-12
1.45432e-11
-2.2258e-11
2.40334e-11
-2.2982e-11
2.07403e-11
-1.63338e-11
9.44342e-12
-3.32915e-12
1.69836e-12
-4.7147e-12
8.59296e-12
-9.26585e-12
4.7678e-12
3.43356e-12
-1.09524e-11
1.29595e-11
-9.38207e-12
6.25579e-12
-1.06944e-11
2.2809e-11
-3.42604e-11
3.44517e-11
-1.96404e-11
-3.74373e-12
2.29001e-11
-2.75175e-11
1.62289e-11
2.76956e-12
-1.82343e-11
2.3906e-11
-2.32533e-11
2.56551e-11
-3.72636e-11
5.36732e-11
-6.30544e-11
5.60821e-11
-3.37764e-11
5.91077e-12
1.54784e-11
-2.28215e-11
1.61979e-11
-2.95056e-12
-8.44379e-12
1.51569e-11
-2.12772e-11
3.10662e-11
-4.33813e-11
5.25655e-11
-5.40389e-11
4.6865e-11
-3.34512e-11
1.77788e-11
-4.18363e-12
-4.83241e-12
8.92185e-12
-8.59386e-12
3.45674e-12
6.22519e-12
-1.75758e-11
2.52913e-11
-2.57919e-11
2.03794e-11
-1.47377e-11
1.37248e-11
-1.72084e-11
2.00649e-11
-1.71882e-11
7.79204e-12
3.29117e-12
-8.80184e-12
4.01416e-12
8.0879e-12
-1.7392e-11
1.40113e-11
2.21822e-12
-2.10008e-11
2.99145e-11
-2.4231e-11
8.86424e-12
5.84045e-12
-1.12214e-11
5.88356e-12
2.49676e-12
-3.63298e-12
-5.54082e-12
1.66517e-11
-1.74185e-11
2.28715e-12
2.30556e-11
-4.65051e-11
5.70809e-11
-5.13961e-11
3.5053e-11
-1.86992e-11
9.63824e-12
-6.97559e-12
4.03042e-12
3.68626e-12
-1.38746e-11
1.90709e-11
-1.31044e-11
-4.36296e-12
2.73197e-11
-4.75059e-11
5.86741e-11
-5.93929e-11
5.22658e-11
-4.15588e-11
2.98363e-11
-1.74262e-11
4.39655e-12
6.66049e-12
-1.20666e-11
1.03147e-11
-3.4196e-12
-6.13158e-12
1.72737e-11
-2.96519e-11
4.16644e-11
-5.09391e-11
5.45923e-11
-4.9801e-11
3.56112e-11
-1.65253e-11
1.23757e-12
3.75153e-12
1.06379e-13
-5.94152e-12
7.95163e-12
-5.77631e-12
3.47486e-12
-6.69922e-12
1.80459e-11
-3.34365e-11
4.2841e-11
-3.83614e-11
2.17248e-11
-3.88676e-12
-4.0633e-12
-1.11274e-12
1.31085e-11
-2.14422e-11
1.86594e-11
-6.19004e-12
-6.52355e-12
9.16149e-12
3.40377e-13
-1.3887e-11
1.9649e-11
-1.21982e-11
-3.2386e-12
1.4646e-11
-1.2798e-11
-2.02679e-12
2.00698e-11
-2.94199e-11
2.41015e-11
-8.36621e-12
-6.9286e-12
1.26139e-11
-8.78797e-12
3.80863e-12
-6.3294e-12
1.7129e-11
-2.90433e-11
3.2695e-11
-2.33465e-11
3.80021e-12
1.63992e-11
-2.69264e-11
2.37869e-11
-1.22063e-11
7.25903e-13
6.35908e-12
-1.11697e-11
1.76101e-11
-2.74277e-11
3.87576e-11
-4.69127e-11
4.6074e-11
-3.3966e-11
1.47525e-11
3.37878e-12
-1.4876e-11
1.90897e-11
-1.76909e-11
1.15483e-11
-1.50404e-12
-1.11048e-11
2.48525e-11
-3.85059e-11
4.93264e-11
-5.38843e-11
5.07207e-11
-4.17944e-11
2.95684e-11
-1.51688e-11
-4.1617e-13
1.3859e-11
-2.08221e-11
1.84919e-11
-7.25465e-12
-9.89323e-12
2.77477e-11
-4.1067e-11
4.7406e-11
-4.88053e-11
4.86578e-11
-4.77153e-11
4.28763e-11
-3.08958e-11
1.2161e-11
7.76071e-12
-2.08259e-11
2.08366e-11
-7.91318e-12
-1.12855e-11
2.74978e-11
-3.54232e-11
3.66783e-11
-3.75604e-11
4.24118e-11
-4.92825e-11
5.08475e-11
-4.09265e-11
2.00746e-11
3.31369e-12
-1.8139e-11
1.7385e-11
-3.22076e-12
-1.44881e-11
2.51405e-11
-2.58164e-11
2.26079e-11
-2.44069e-11
3.42258e-11
-4.67529e-11
5.21771e-11
-4.35938e-11
2.23202e-11
1.1684e-12
-1.38596e-11
9.74859e-12
5.08885e-12
-1.83127e-11
2.14885e-11
-1.60357e-11
1.02463e-11
-1.26473e-11
2.5269e-11
-4.1262e-11
4.84731e-11
-3.94134e-11
1.83809e-11
1.17496e-12
-7.91842e-12
5.20703e-13
1.28438e-11
-2.15309e-11
1.92405e-11
-8.7415e-12
3.13973e-13
-3.80057e-12
1.89111e-11
-3.48517e-11
3.94995e-11
-2.96257e-11
1.20653e-11
1.80516e-12
-3.68982e-12
-6.60739e-12
2.00454e-11
-2.49441e-11
1.68385e-11
-3.03474e-12
-4.49472e-12
-5.10384e-13
1.41313e-11
-2.66431e-11
2.90943e-11
-1.93103e-11
3.93806e-12
5.17685e-12
-8.35544e-13
-1.30321e-11
2.4665e-11
-2.51915e-11
1.49028e-11
-1.76639e-12
-5.03867e-12
7.16586e-13
1.12482e-11
-2.09227e-11
1.94705e-11
-7.65922e-12
-4.75869e-12
7.63518e-12
1.12038e-12
-1.53635e-11
2.55558e-11
-2.50607e-11
1.42568e-11
-1.33733e-12
-3.84526e-12
-1.84401e-12
1.17099e-11
-1.59979e-11
1.03002e-11
1.42344e-12
-1.08576e-11
1.06722e-11
3.87537e-13
-1.59268e-11
2.54327e-11
-2.29536e-11
1.20121e-11
-2.21184e-12
3.44683e-13
-5.89445e-12
1.25076e-11
-1.32308e-11
5.04213e-12
7.89876e-12
-1.63857e-11
1.30786e-11
4.91185e-13
-1.52902e-11
2.22743e-11
-1.91924e-11
1.05044e-11
-3.63334e-12
3.73537e-12
-1.01232e-11
1.57612e-11
-1.31197e-11
1.24843e-12
1.23958e-11
-1.85317e-11
1.31632e-11
5.89243e-14
-1.32886e-11
1.91179e-11
-1.55227e-11
7.45769e-12
-3.41116e-12
7.45811e-12
-1.55233e-11
1.91186e-11
-1.32891e-11
5.91797e-14
1.3163e-11
-1.85315e-11
1.23954e-11
1.24884e-12
-1.312e-11
1.57612e-11
-1.01228e-11
3.73471e-12
-3.63256e-12
1.05037e-11
-1.91919e-11
2.22741e-11
-1.52901e-11
4.91088e-13
1.30787e-11
-1.63857e-11
7.89864e-12
5.04244e-12
-1.32313e-11
1.25082e-11
-5.89509e-12
3.45251e-13
-2.21228e-12
1.20124e-11
-2.29537e-11
2.54326e-11
-1.59265e-11
3.87216e-13
1.06725e-11
-1.08579e-11
1.42371e-12
1.02999e-11
-1.59975e-11
1.17095e-11
-1.84354e-12
-3.8456e-12
-1.33727e-12
1.4257e-11
-2.50611e-11
2.55561e-11
-1.53636e-11
1.12031e-12
7.63534e-12
-4.75875e-12
-7.65941e-12
1.94709e-11
-2.09231e-11
1.12485e-11
7.16593e-13
-5.03888e-12
-1.76619e-12
1.49028e-11
-2.51918e-11
2.46654e-11
-1.30325e-11
-8.35325e-13
5.17694e-12
3.93775e-12
-1.93099e-11
2.90941e-11
-2.6643e-11
1.41313e-11
-5.10252e-13
-4.49505e-12
-3.03424e-12
1.6838e-11
-2.49437e-11
2.00452e-11
-6.6074e-12
-3.68969e-12
1.80503e-12
1.20654e-11
-2.96258e-11
3.94997e-11
-3.4852e-11
1.89115e-11
-3.80092e-12
3.14269e-13
-8.74168e-12
1.92405e-11
-2.15309e-11
1.28438e-11
5.20688e-13
-7.91845e-12
1.17507e-12
1.83808e-11
-3.94132e-11
4.8473e-11
-4.1262e-11
2.52691e-11
-1.26475e-11
1.02465e-11
-1.60358e-11
2.14885e-11
-1.83126e-11
5.08885e-12
9.74855e-12
-1.38596e-11
1.16841e-12
2.23201e-11
-4.35936e-11
5.21767e-11
-4.67525e-11
3.42255e-11
-2.44066e-11
2.26077e-11
-2.58162e-11
2.51403e-11
-1.4488e-11
-3.22078e-12
1.73849e-11
-1.81388e-11
3.31346e-12
2.00749e-11
-4.09269e-11
5.08479e-11
-4.92831e-11
4.24124e-11
-3.75609e-11
3.66788e-11
-3.54235e-11
2.74978e-11
-1.12854e-11
-7.91319e-12
2.08366e-11
-2.08259e-11
7.76086e-12
1.21605e-11
-3.08951e-11
4.28754e-11
-4.77145e-11
4.86573e-11
-4.8805e-11
4.7406e-11
-4.1067e-11
2.77476e-11
-9.89304e-12
-7.2548e-12
1.84919e-11
-2.08217e-11
1.38584e-11
-4.1549e-13
-1.51693e-11
2.95687e-11
-4.17943e-11
5.07206e-11
-5.38841e-11
4.93264e-11
-3.85059e-11
2.48525e-11
-1.11048e-11
-1.50421e-12
1.15485e-11
-1.76911e-11
1.90897e-11
-1.48758e-11
3.37843e-12
1.47529e-11
-3.39665e-11
4.60744e-11
-4.69129e-11
3.87577e-11
-2.74276e-11
1.761e-11
-1.11696e-11
6.35897e-12
7.26084e-13
-1.22066e-11
2.37874e-11
-2.6927e-11
1.63998e-11
3.79979e-12
-2.33463e-11
3.2695e-11
-2.90435e-11
1.71291e-11
-6.32941e-12
3.80855e-12
-8.78795e-12
1.2614e-11
-6.92899e-12
-8.36572e-12
2.41011e-11
-2.94197e-11
2.00698e-11
-2.02692e-12
-1.27979e-11
1.4646e-11
-3.2389e-12
-1.21978e-11
1.96486e-11
-1.38868e-11
3.40301e-13
9.16147e-12
-6.52351e-12
-6.19002e-12
1.86593e-11
-2.14421e-11
1.31085e-11
-1.1129e-12
-4.06291e-12
-3.88733e-12
2.17255e-11
-3.8362e-11
4.28415e-11
-3.34369e-11
1.80463e-11
-6.69955e-12
3.47515e-12
-5.77655e-12
7.95177e-12
-5.94151e-12
1.06212e-13
3.75184e-12
1.2371e-12
-1.65247e-11
3.56104e-11
-4.98002e-11
5.45915e-11
-5.09385e-11
4.16639e-11
-2.96515e-11
1.72734e-11
-6.13129e-12
-3.41982e-12
1.03148e-11
-1.20664e-11
6.66008e-12
4.39719e-12
-1.74269e-11
2.98369e-11
-4.15592e-11
5.22661e-11
-5.93932e-11
5.86744e-11
-4.75062e-11
2.732e-11
-4.36306e-12
-1.31045e-11
1.9071e-11
-1.38747e-11
3.68626e-12
4.03051e-12
-6.97568e-12
9.63827e-12
-1.86992e-11
3.5053e-11
-5.13962e-11
5.70811e-11
-4.65052e-11
2.30556e-11
2.2873e-12
-1.74188e-11
1.66521e-11
-5.54122e-12
-3.63265e-12
2.49648e-12
5.88388e-12
-1.12217e-11
5.84088e-12
8.86385e-12
-2.42308e-11
2.99144e-11
-2.10008e-11
2.21825e-12
1.40113e-11
-1.7392e-11
8.08787e-12
4.01422e-12
-8.80194e-12
3.29132e-12
7.79184e-12
-1.71879e-11
2.00645e-11
-1.72081e-11
1.37244e-11
-1.47373e-11
2.0379e-11
-2.57915e-11
2.52909e-11
-1.75755e-11
6.22489e-12
3.45688e-12
-8.59377e-12
8.92156e-12
-4.832e-12
-4.18406e-12
1.77791e-11
-3.34514e-11
4.68652e-11
-5.4039e-11
5.25656e-11
-4.33814e-11
3.10662e-11
-2.12771e-11
1.51566e-11
-8.44349e-12
-2.95082e-12
1.6198e-11
-2.28215e-11
1.54782e-11
5.91102e-12
-3.37767e-11
5.60825e-11
-6.30548e-11
5.36736e-11
-3.72639e-11
2.56553e-11
-2.32534e-11
2.3906e-11
-1.82342e-11
2.76938e-12
1.62292e-11
-2.75177e-11
2.29004e-11
-3.74409e-12
-1.96401e-11
3.44514e-11
-3.42602e-11
2.28089e-11
-1.06943e-11
6.25583e-12
-9.38215e-12
1.29595e-11
-1.09524e-11
3.4335e-12
4.76785e-12
-9.26582e-12
8.59287e-12
-4.71455e-12
1.69816e-12
-3.32891e-12
9.44318e-12
-1.63336e-11
2.07402e-11
-2.29819e-11
2.40334e-11
-2.2258e-11
1.45433e-11
-1.33902e-12
-1.2046e-11
1.84882e-11
-1.40331e-11
1.07633e-13
1.68303e-11
-2.9414e-11
3.42912e-11
-3.49806e-11
3.82225e-11
-4.70979e-11
5.61608e-11
-5.50118e-11
3.73112e-11
-8.16077e-12
-1.85738e-11
2.98943e-11
-2.25087e-11
3.3164e-12
1.5917e-11
-2.63769e-11
2.73945e-11
-2.65178e-11
3.17538e-11
-4.30859e-11
5.14958e-11
-4.79831e-11
3.17337e-11
-1.03832e-11
-6.70134e-12
1.38145e-11
-1.11463e-11
3.30318e-12
3.79127e-12
-7.14325e-12
7.53758e-12
-7.16181e-12
6.16428e-12
-3.24237e-12
-1.59833e-12
5.10767e-12
-3.67751e-12
-2.55149e-12
8.49055e-12
-8.99866e-12
3.83108e-12
2.11932e-12
-4.16664e-12
1.95677e-12
-2.27453e-13
5.59809e-12
-2.18304e-11
4.44377e-11
-6.11798e-11
6.02491e-11
-4.08984e-11
1.44347e-11
4.86798e-12
-1.05785e-11
6.33065e-12
-7.8982e-13
-1.38587e-13
-2.5196e-12
1.63113e-12
9.49871e-12
-3.06645e-11
5.30511e-11
-6.53257e-11
6.17076e-11
-4.60555e-11
2.74668e-11
-1.29266e-11
3.48343e-12
2.42599e-12
-5.21044e-12
3.92154e-12
8.82737e-13
-6.87295e-12
1.11595e-11
-1.19073e-11
9.0743e-12
-5.6977e-12
5.94938e-12
-1.06932e-11
1.47672e-11
-1.19468e-11
2.11373e-12
6.93932e-12
-6.60229e-12
-4.50495e-12
1.80995e-11
-2.23513e-11
1.04534e-11
1.39349e-11
-3.91894e-11
5.30337e-11
-5.06933e-11
3.74702e-11
-2.44358e-11
1.87462e-11
-1.8038e-11
1.40373e-11
-2.63585e-12
-1.16554e-11
1.99878e-11
-1.69271e-11
3.03663e-12
1.65562e-11
-3.5476e-11
4.86301e-11
-5.43993e-11
5.36055e-11
-4.72167e-11
3.52167e-11
-1.93386e-11
4.80145e-12
1.78284e-12
1.58062e-12
-9.53142e-12
1.30412e-11
-7.92791e-12
-1.35771e-12
6.031e-12
-1.7249e-12
-8.01762e-12
1.47151e-11
-1.16963e-11
-8.99892e-13
1.45173e-11
-1.76217e-11
5.06359e-12
1.58754e-11
-3.0906e-11
3.00664e-11
-1.48221e-11
-5.68403e-12
2.27472e-11
-3.36166e-11
4.01353e-11
-4.47404e-11
4.72487e-11
-4.56811e-11
3.83479e-11
-2.60605e-11
1.2081e-11
-6.86541e-13
-6.17113e-12
9.70099e-12
-1.13631e-11
8.53762e-12
3.33652e-12
-2.39382e-11
4.43101e-11
-5.30099e-11
4.53035e-11
-2.72249e-11
1.06219e-11
-5.07606e-12
1.14647e-11
-2.21572e-11
2.67222e-11
-2.02672e-11
6.93865e-12
3.57683e-12
-5.03183e-12
2.56711e-13
1.39432e-12
6.24263e-12
-2.02613e-11
3.17735e-11
-3.4426e-11
2.78884e-11
-1.56775e-11
1.39042e-12
1.19325e-11
-2.17689e-11
2.5518e-11
-2.07237e-11
5.86529e-12
1.65885e-11
-3.90636e-11
5.20412e-11
-5.13491e-11
4.18796e-11
-3.39537e-11
3.36013e-11
-3.7035e-11
3.46161e-11
-2.15006e-11
2.83316e-12
1.03977e-11
-1.05627e-11
-1.60505e-12
1.75072e-11
-2.63575e-11
2.20775e-11
-8.03827e-12
-6.06853e-12
1.21409e-11
-9.60459e-12
2.98035e-12
4.01409e-12
-1.15769e-11
2.03623e-11
-2.75184e-11
2.71847e-11
-1.65651e-11
-5.24913e-13
1.63833e-11
-2.6274e-11
3.11707e-11
-3.56668e-11
4.30143e-11
-5.17441e-11
5.48463e-11
-4.47656e-11
2.10104e-11
5.97347e-12
-2.14578e-11
1.77082e-11
-2.08979e-13
-1.78664e-11
2.63031e-11
-2.46475e-11
1.90661e-11
-1.52103e-11
1.39802e-11
-1.37438e-11
1.33608e-11
-1.34628e-11
1.52276e-11
-1.9235e-11
2.36235e-11
-2.46111e-11
1.96536e-11
-1.12064e-11
4.46211e-12
-1.21486e-12
-3.65299e-12
1.68331e-11
-3.82071e-11
5.76155e-11
-6.21804e-11
4.69432e-11
-1.96494e-11
-5.5205e-12
1.77348e-11
-1.54089e-11
4.54509e-12
6.28731e-12
-1.20742e-11
1.39462e-11
-1.67762e-11
2.26612e-11
-2.84465e-11
2.95038e-11
-2.58613e-11
2.2106e-11
-2.2095e-11
2.41241e-11
-2.34244e-11
1.83593e-11
-1.35675e-11
1.4677e-11
-2.12631e-11
2.5392e-11
-1.83067e-11
-2.43632e-12
3.00215e-11
-5.19607e-11
5.71868e-11
-4.39429e-11
2.12086e-11
-2.14014e-12
-6.21386e-12
6.37756e-12
-5.32627e-12
5.94418e-12
-5.05848e-12
-1.45902e-12
1.23242e-11
-2.19862e-11
2.6633e-11
-2.79806e-11
2.96678e-11
-3.25112e-11
3.34392e-11
-2.92639e-11
2.01665e-11
-1.12435e-11
9.55132e-12
-1.85712e-11
3.30812e-11
-4.11206e-11
3.23103e-11
-7.14941e-12
-2.24003e-11
4.16954e-11
-4.48915e-11
3.71574e-11
-2.72491e-11
1.87915e-11
-1.03297e-11
6.33866e-13
7.76128e-12
-1.10999e-11
7.96441e-12
-8.52869e-13
-6.22083e-12
1.08527e-11
-1.44107e-11
2.01205e-11
-2.93371e-11
3.82569e-11
-3.98315e-11
2.99061e-11
-1.36507e-11
3.4996e-12
-8.98418e-12
2.69793e-11
-4.39999e-11
4.74526e-11
-3.51914e-11
1.42543e-11
6.52787e-12
-2.27452e-11
3.38971e-11
-4.00821e-11
3.98683e-11
-3.2366e-11
1.94155e-11
-6.02802e-12
-2.34001e-12
2.92673e-12
1.58101e-12
-4.84302e-12
2.64954e-12
1.49601e-12
6.98123e-13
-1.33215e-11
2.99273e-11
-3.84699e-11
3.21872e-11
-1.6455e-11
3.83061e-12
-3.42673e-12
1.42683e-11
-2.88139e-11
3.98454e-11
-4.42325e-11
4.13366e-11
-3.13078e-11
1.44568e-11
7.37125e-12
-2.9731e-11
4.53841e-11
-4.80728e-11
3.75065e-11
-2.16175e-11
1.12627e-11
-1.1687e-11
1.76728e-11
-1.91349e-11
1.15781e-11
-1.28242e-12
-1.74679e-12
-5.78035e-12
1.72586e-11
-2.35189e-11
2.07623e-11
-1.24747e-11
4.53295e-12
-6.00916e-13
9.07637e-13
-4.94505e-12
1.29701e-11
-2.53106e-11
3.96018e-11
-4.99062e-11
4.82631e-11
-3.02022e-11
3.21821e-14
2.89877e-11
-4.36254e-11
4.08435e-11
-2.98222e-11
2.25215e-11
-2.33883e-11
2.73545e-11
-2.78263e-11
2.4115e-11
-2.11411e-11
2.20821e-11
-2.45274e-11
2.35362e-11
-1.77056e-11
1.00262e-11
-4.46626e-12
1.7361e-12
8.83592e-13
-6.66692e-12
1.48252e-11
-1.94123e-11
1.29113e-11
6.46443e-12
-3.09575e-11
4.65862e-11
-4.35245e-11
2.38881e-11
1.41757e-13
-1.73758e-11
2.53435e-11
-2.82803e-11
2.90632e-11
-2.65762e-11
1.98473e-11
-1.31928e-11
1.39396e-11
-2.52809e-11
4.13873e-11
-5.172e-11
4.94783e-11
-3.67357e-11
2.13233e-11
-1.04205e-11
5.21546e-12
-1.13013e-12
-7.56084e-12
2.11661e-11
-3.32159e-11
3.54494e-11
-2.57238e-11
1.00549e-11
2.5124e-12
-7.9069e-12
8.39682e-12
-7.11394e-12
2.48109e-12
8.61381e-12
-2.36803e-11
3.28877e-11
-2.75567e-11
9.26277e-12
9.51722e-12
-1.53081e-11
3.80925e-12
1.77718e-11
-3.80005e-11
4.91675e-11
-5.03423e-11
4.44166e-11
-3.45637e-11
2.19716e-11
-7.03238e-12
-8.42319e-12
1.99211e-11
-2.37645e-11
2.11607e-11
-1.86715e-11
2.2069e-11
-3.02349e-11
3.53105e-11
-3.13041e-11
2.14532e-11
-1.61237e-11
2.15344e-11
-3.27138e-11
3.78229e-11
-2.97437e-11
1.16548e-11
7.0477e-12
-1.95445e-11
2.47758e-11
-2.42772e-11
1.76288e-11
-3.7015e-12
-1.52479e-11
3.16271e-11
-3.66226e-11
2.60901e-11
-4.67498e-12
-1.62731e-11
2.55269e-11
-2.0115e-11
7.0147e-12
2.52427e-12
-2.22408e-12
-5.69874e-12
1.48101e-11
-2.24204e-11
3.09968e-11
-4.23855e-11
5.20013e-11
-5.23462e-11
4.13189e-11
-2.58127e-11
1.47779e-11
-1.02423e-11
5.60902e-12
5.76556e-12
-2.2275e-11
3.45938e-11
-3.51558e-11
2.51397e-11
-1.3277e-11
8.10937e-12
-1.23325e-11
2.21335e-11
-3.15603e-11
3.647e-11
-3.59312e-11
3.0055e-11
-1.85582e-11
1.31457e-12
1.83318e-11
-3.23024e-11
3.12195e-11
-1.27764e-11
-1.38733e-11
3.31989e-11
-3.55676e-11
2.39614e-11
-9.57109e-12
5.07682e-13
3.49323e-12
-6.72205e-12
9.4172e-12
-7.58878e-12
-1.32195e-13
7.4507e-12
-5.50934e-12
-8.21605e-12
2.65286e-11
-3.9301e-11
4.22631e-11
-3.98024e-11
3.8691e-11
-4.09187e-11
4.19486e-11
-3.59941e-11
2.14564e-11
-2.87195e-12
-1.2625e-11
2.02901e-11
-2.10472e-11
1.91689e-11
-1.78807e-11
1.68856e-11
-1.53523e-11
1.55338e-11
-2.24659e-11
3.73959e-11
-5.28084e-11
5.57673e-11
-3.9513e-11
1.06946e-11
1.52072e-11
-2.68442e-11
2.42665e-11
-1.51745e-11
5.22103e-12
5.19058e-12
-1.60801e-11
2.23757e-11
-1.73875e-11
9.07978e-13
1.74408e-11
-2.54675e-11
1.83333e-11
-2.39438e-12
-1.1142e-11
1.50711e-11
-1.02883e-11
1.87027e-12
6.35924e-12
-1.43714e-11
2.35097e-11
-3.33937e-11
4.04925e-11
-4.11084e-11
3.51301e-11
-2.71275e-11
2.18377e-11
-1.9369e-11
1.47608e-11
-4.20576e-12
-9.31186e-12
1.72249e-11
-1.46038e-11
6.59391e-12
-4.76678e-12
1.55966e-11
-3.44325e-11
5.03359e-11
-5.67379e-11
5.51122e-11
-4.95349e-11
3.94451e-11
-2.15095e-11
-2.60352e-12
2.25941e-11
-2.72239e-11
1.48559e-11
3.65613e-12
-1.39432e-11
9.12282e-12
6.49095e-12
-2.37937e-11
3.62651e-11
-4.21893e-11
4.12797e-11
-3.27147e-11
1.63417e-11
3.93522e-12
-2.01099e-11
2.40111e-11
-1.36716e-11
-4.52766e-12
1.95263e-11
-2.36133e-11
1.7407e-11
-8.42778e-12
3.41757e-12
-2.87573e-12
2.52144e-12
-3.55353e-13
-4.82016e-13
-4.09527e-12
1.21796e-11
-1.61599e-11
1.02207e-11
2.44298e-12
-1.28531e-11
1.61174e-11
-1.71232e-11
2.39676e-11
-3.76081e-11
4.91288e-11
-4.89181e-11
3.65221e-11
-2.10259e-11
1.11103e-11
-7.54018e-12
5.26091e-12
-1.75932e-12
-3.34631e-13
-1.67277e-12
4.05329e-12
1.52691e-12
-1.98086e-11
4.52348e-11
-6.52675e-11
6.9699e-11
-5.7918e-11
3.73956e-11
-1.7436e-11
3.4139e-12
3.55735e-12
-4.25833e-12
-7.1424e-13
9.33719e-12
-1.64446e-11
1.45382e-11
8.50807e-13
-2.62552e-11
5.00356e-11
-5.99173e-11
5.18065e-11
-3.26763e-11
1.36821e-11
-1.50552e-12
-4.49982e-12
6.87666e-12
-5.03531e-12
-3.37973e-12
1.5665e-11
-2.26469e-11
1.60148e-11
2.04472e-12
-1.94839e-11
2.49332e-11
-1.80953e-11
7.98375e-12
-2.43921e-12
4.06828e-13
3.60825e-12
-1.04236e-11
1.36141e-11
-7.56211e-12
-5.03906e-12
1.49139e-11
-1.63132e-11
1.2732e-11
-1.23388e-11
1.77889e-11
-2.34785e-11
2.2263e-11
-1.41936e-11
6.39622e-12
-5.6743e-12
1.14554e-11
-1.73366e-11
1.77083e-11
-1.25348e-11
4.81271e-12
4.02684e-12
-1.56474e-11
3.08562e-11
-4.60392e-11
5.37378e-11
-4.87299e-11
3.30936e-11
-1.59816e-11
6.8631e-12
-9.03163e-12
1.78127e-11
-2.54913e-11
2.69997e-11
-2.19332e-11
1.10831e-11
5.98486e-12
-2.91537e-11
5.30278e-11
-6.72804e-11
6.34757e-11
-4.36857e-11
2.04395e-11
-7.37984e-12
8.4385e-12
-1.72129e-11
2.50411e-11
-2.87589e-11
2.90912e-11
-2.45974e-11
1.00425e-11
1.61679e-11
-4.54596e-11
6.26384e-11
-5.88909e-11
3.97228e-11
-1.99153e-11
1.00039e-11
-9.53702e-12
1.20759e-11
-1.49095e-11
2.01436e-11
-2.7751e-11
3.04703e-11
-1.98012e-11
-3.94218e-12
2.88827e-11
-4.14642e-11
3.79683e-11
-2.63674e-11
1.6496e-11
-1.12982e-11
7.44468e-12
-3.27945e-12
2.16047e-12
-7.91113e-12
1.77336e-11
-2.3072e-11
1.75309e-11
-3.86208e-12
-8.90498e-12
1.39215e-11
-1.21864e-11
9.17862e-12
-8.18221e-12
7.1568e-12
-2.96731e-12
-3.69381e-12
7.9785e-12
-6.27353e-12
-1.72393e-14
5.638e-12
-7.09981e-12
5.70191e-12
-5.62983e-12
8.47506e-12
-1.13937e-11
1.0163e-11
-4.62516e-12
-4.77603e-13
-4.12547e-13
7.77016e-12
-1.64894e-11
2.05485e-11
-1.86177e-11
1.36128e-11
-8.18655e-12
1.13059e-12
9.78621e-12
-2.27718e-11
3.07474e-11
-2.78222e-11
1.60286e-11
-5.09889e-12
3.68723e-12
-1.20477e-11
2.28778e-11
-2.9664e-11
3.17219e-11
-3.1398e-11
2.73801e-11
-1.49168e-11
-7.12832e-12
3.04924e-11
-4.25849e-11
3.75975e-11
-2.26437e-11
1.08185e-11
-9.5329e-12
1.58851e-11
-2.36792e-11
3.10494e-11
-3.98656e-11
4.79291e-11
-4.66195e-11
2.84588e-11
2.39788e-12
-3.09148e-11
4.32353e-11
-3.84488e-11
2.68352e-11
-1.86569e-11
1.58279e-11
-1.56178e-11
1.84066e-11
-2.86193e-11
4.61497e-11
-6.09994e-11
5.93448e-11
-3.69347e-11
4.13494e-12
2.25817e-11
-3.46121e-11
3.51001e-11
-3.13686e-11
2.59982e-11
-1.81687e-11
1.06247e-11
-1.17333e-11
2.69836e-11
-5.03886e-11
6.63814e-11
-6.29375e-11
4.14402e-11
-1.40334e-11
-8.38647e-12
2.30237e-11
-3.19598e-11
3.47825e-11
-2.87602e-11
1.54674e-11
-4.78949e-12
7.91731e-12
-2.66074e-11
4.98787e-11
-6.32951e-11
6.03178e-11
-4.52894e-11
2.58461e-11
-5.96754e-12
-1.35084e-11
2.91012e-11
-3.43216e-11
2.60205e-11
-1.07922e-11
1.56155e-12
-7.24961e-12
2.50443e-11
-4.41055e-11
5.50863e-11
-5.60689e-11
4.93364e-11
-3.61988e-11
1.64155e-11
6.76491e-12
-2.48754e-11
2.94393e-11
-2.03889e-11
7.151e-12
-1.34148e-12
7.38045e-12
-2.10656e-11
3.52352e-11
-4.60585e-11
5.24873e-11
-5.26174e-11
4.27901e-11
-2.258e-11
-1.50362e-12
1.85917e-11
-2.20487e-11
1.46046e-11
-5.57983e-12
2.46587e-12
-6.5883e-12
1.51289e-11
-2.60767e-11
3.86048e-11
-5.00665e-11
5.41972e-11
-4.56424e-11
2.57596e-11
-3.60534e-12
-1.09101e-11
1.41676e-11
-1.03151e-11
5.61115e-12
-3.43451e-12
4.0499e-12
-8.36606e-12
1.83635e-11
-3.3729e-11
4.84639e-11
-5.39483e-11
4.56881e-11
-2.78176e-11
9.4198e-12
2.57968e-12
-7.53611e-12
8.15465e-12
-6.41946e-12
2.79902e-12
3.80105e-13
1.83881e-12
-1.32999e-11
3.1227e-11
-4.68612e-11
5.17855e-11
-4.46583e-11
3.07646e-11
-1.66102e-11
5.04628e-12
3.49465e-12
-7.84953e-12
6.61207e-12
-2.69406e-12
6.16319e-13
2.82501e-14
2.63053e-14
4.10408e-15
0
