0
2.52867e-16
3.59921e-15
2.29215e-14
7.41402e-14
-1.29457e-13
1.43622e-12
-3.8196e-12
3.98456e-12
2.45362e-12
-1.39416e-11
2.49963e-11
-3.09824e-11
3.07029e-11
-2.69151e-11
2.31938e-11
-2.12456e-11
2.02516e-11
-1.93787e-11
1.92684e-11
-2.14114e-11
2.53167e-11
-2.80697e-11
2.64405e-11
-2.04308e-11
1.35101e-11
-9.98614e-12
1.09114e-11
-1.32335e-11
1.20439e-11
-4.97606e-12
-6.10867e-12
1.66493e-11
-2.34717e-11
2.64546e-11
-2.74309e-11
2.72627e-11
-2.5559e-11
2.21762e-11
-1.90918e-11
1.90912e-11
-2.32832e-11
2.91082e-11
-3.20848e-11
2.91363e-11
-2.16389e-11
1.43012e-11
-1.15315e-11
1.351e-11
-1.65712e-11
1.64033e-11
-1.17049e-11
4.02322e-12
4.31434e-12
-1.2369e-11
1.9871e-11
-2.60413e-11
2.89706e-11
-2.75245e-11
2.29929e-11
-1.94337e-11
2.06755e-11
-2.71685e-11
3.47384e-11
-3.78898e-11
3.39896e-11
-2.54712e-11
1.72396e-11
-1.29988e-11
1.2884e-11
-1.47814e-11
1.62772e-11
-1.62032e-11
1.39474e-11
-8.94884e-12
5.69507e-13
1.02734e-11
-2.05501e-11
2.61594e-11
-2.54283e-11
2.09217e-11
-1.82546e-11
2.15152e-11
-3.02746e-11
3.97502e-11
-4.46605e-11
4.24224e-11
-3.44929e-11
2.44942e-11
-1.60547e-11
1.10032e-11
-9.7893e-12
1.18921e-11
-1.61366e-11
1.98136e-11
-1.94377e-11
1.266e-11
-9.04901e-13
-1.11074e-11
1.81772e-11
-1.86197e-11
1.52255e-11
-1.3534e-11
1.77484e-11
-2.81744e-11
4.08126e-11
-5.02557e-11
5.26018e-11
-4.73421e-11
3.64603e-11
-2.33687e-11
1.17076e-11
-5.00222e-12
5.11591e-12
-1.11292e-11
1.88669e-11
-2.31139e-11
2.03286e-11
-1.11519e-11
-9.06757e-14
7.80782e-12
-9.18192e-12
5.98303e-12
-3.66279e-12
7.30242e-12
-1.85257e-11
3.44357e-11
-4.97433e-11
5.91014e-11
-5.94198e-11
5.0474e-11
-3.51453e-11
1.81868e-11
-4.99116e-12
-5.69247e-13
-2.44159e-12
1.08865e-11
-1.89887e-11
2.1234e-11
-1.6204e-11
7.31953e-12
-5.80878e-13
-1.14437e-13
-4.46615e-12
9.16037e-12
-8.08788e-12
-1.93058e-12
1.92964e-11
-3.89704e-11
5.48868e-11
-6.26777e-11
6.03067e-11
-4.8404e-11
3.00536e-11
-1.09976e-11
-2.29376e-12
5.57727e-12
7.65949e-14
-8.95536e-12
1.42074e-11
-1.27736e-11
7.02164e-12
-2.84731e-12
4.65627e-12
-1.20719e-11
1.9884e-11
-2.20949e-11
1.55525e-11
-1.3672e-12
-1.71064e-11
3.59027e-11
-5.11531e-11
5.85666e-11
-5.491e-11
4.02242e-11
-1.96116e-11
1.11836e-12
8.50647e-12
-8.22055e-12
2.70063e-12
1.35293e-12
-8.06184e-13
-2.08449e-12
2.14641e-12
3.43896e-12
-1.29854e-11
2.18678e-11
-2.64769e-11
2.55737e-11
-1.94897e-11
8.30565e-12
7.46089e-12
-2.53617e-11
3.997e-11
-4.53151e-11
3.85711e-11
-2.29687e-11
5.89729e-12
5.8497e-12
-1.07408e-11
1.19614e-11
-1.34173e-11
1.55128e-11
-1.56347e-11
1.12641e-11
-3.035e-12
-6.10796e-12
1.33376e-11
-1.81846e-11
2.15521e-11
-2.37294e-11
2.28028e-11
-1.64341e-11
4.61705e-12
8.57038e-12
-1.74689e-11
1.86265e-11
-1.32146e-11
4.93954e-12
3.16247e-12
-1.06908e-11
1.81889e-11
-2.51273e-11
2.90121e-11
-2.74864e-11
2.04231e-11
-1.09143e-11
3.03058e-12
9.36316e-13
-2.29215e-12
4.13525e-12
-8.58454e-12
1.47219e-11
-1.99231e-11
2.19351e-11
-2.05754e-11
1.70018e-11
-1.28829e-11
9.47541e-12
-8.0088e-12
9.48431e-12
-1.46075e-11
2.26476e-11
-3.11307e-11
3.6073e-11
-3.43603e-11
2.58925e-11
-1.46367e-11
6.22796e-12
-4.62768e-12
9.26314e-12
-1.56673e-11
1.79867e-11
-1.27131e-11
3.53587e-13
1.48215e-11
-2.77491e-11
3.51036e-11
-3.66702e-11
3.40735e-11
-2.96725e-11
2.57158e-11
-2.45502e-11
2.73944e-11
-3.31013e-11
3.7485e-11
-3.57869e-11
2.60066e-11
-1.157e-11
-1.58177e-13
2.07398e-12
7.37628e-12
-2.2845e-11
3.50793e-11
-3.7155e-11
2.80053e-11
-1.18111e-11
-6.20363e-12
2.23331e-11
-3.47308e-11
4.19354e-11
-4.32019e-11
3.94698e-11
-3.41942e-11
3.12641e-11
-3.21496e-11
3.38036e-11
-3.07995e-11
1.97397e-11
-3.4035e-12
-1.04018e-11
1.395e-11
-5.45622e-12
-1.02788e-11
2.55508e-11
-3.49825e-11
3.70228e-11
-3.268e-11
2.30304e-11
-9.13086e-12
-7.16003e-12
2.22124e-11
-3.21643e-11
3.50357e-11
-3.24356e-11
2.79521e-11
-2.4292e-11
2.08241e-11
-1.49654e-11
5.16839e-12
6.56117e-12
-1.60317e-11
1.96842e-11
-1.70998e-11
1.03026e-11
-2.04738e-12
-6.1477e-12
1.38341e-11
-2.0858e-11
2.58821e-11
-2.66851e-11
2.13634e-11
-1.05927e-11
-2.1545e-12
1.19704e-11
-1.54752e-11
1.21156e-11
-4.17254e-12
-5.09467e-12
1.27637e-11
-1.75231e-11
1.93707e-11
-1.92096e-11
1.78797e-11
-1.65075e-11
1.64162e-11
-1.86977e-11
2.22754e-11
-2.36396e-11
1.86352e-11
-6.41671e-12
-8.99932e-12
2.05214e-11
-2.3089e-11
1.71524e-11
-8.78602e-12
5.24406e-12
-1.02622e-11
2.16003e-11
-3.35093e-11
4.071e-11
-4.1393e-11
3.63545e-11
-2.7389e-11
1.64385e-11
-6.881e-12
3.20966e-12
-8.74922e-12
2.19828e-11
-3.63246e-11
4.34953e-11
-3.92401e-11
2.58792e-11
-1.06309e-11
-6.20418e-15
4.42377e-12
-6.45358e-12
1.11637e-11
-2.07233e-11
3.28239e-11
-4.33336e-11
4.90406e-11
-4.89601e-11
4.31092e-11
-3.21203e-11
1.75004e-11
-2.67921e-12
-7.91529e-12
1.0526e-11
-4.39308e-12
-7.88766e-12
2.12458e-11
-3.09501e-11
3.45971e-11
-3.29205e-11
2.79055e-11
-2.10214e-11
1.22372e-11
-1.41374e-12
-1.05578e-11
2.11107e-11
-2.74147e-11
2.78166e-11
-2.33501e-11
1.69967e-11
-1.18188e-11
8.21985e-12
-3.92265e-12
-3.79117e-12
1.44835e-11
-2.41369e-11
2.76154e-11
-2.2768e-11
1.15736e-11
1.31746e-12
-1.1862e-11
1.79291e-11
-1.92152e-11
1.58684e-11
-8.71671e-12
-6.00035e-15
5.83248e-12
-4.18008e-12
-6.27651e-12
2.0908e-11
-3.14865e-11
3.16801e-11
-2.22397e-11
1.02351e-11
-3.9563e-12
6.94052e-12
-1.67359e-11
2.74394e-11
-3.4177e-11
3.51562e-11
-3.16616e-11
2.59429e-11
-2.0024e-11
1.50601e-11
-1.19174e-11
1.05963e-11
-9.67167e-12
5.87933e-12
3.7715e-12
-1.95671e-11
3.75521e-11
-5.15311e-11
5.62142e-11
-5.03001e-11
3.66759e-11
-2.10453e-11
8.80012e-12
-2.82622e-12
2.43209e-12
-5.19823e-12
9.23221e-12
-1.4707e-11
2.22709e-11
-3.10501e-11
3.76508e-11
-3.84126e-11
3.19647e-11
-2.07057e-11
8.8838e-12
1.70492e-13
-6.39852e-12
1.19995e-11
-1.88965e-11
2.60743e-11
-3.03961e-11
2.91744e-11
-2.26911e-11
1.31449e-11
-2.49409e-12
-8.831e-12
1.99313e-11
-2.78275e-11
2.80334e-11
-1.84842e-11
2.24172e-12
1.29516e-11
-1.94865e-11
1.46247e-11
-2.66054e-12
-8.1835e-12
1.0895e-11
-4.1301e-12
-8.06944e-12
1.94631e-11
-2.57802e-11
2.59675e-11
-2.17185e-11
1.5695e-11
-1.08027e-11
9.12997e-12
-1.15308e-11
1.69938e-11
-2.34486e-11
2.84397e-11
-3.03392e-11
2.87391e-11
-2.52495e-11
2.28089e-11
-2.41436e-11
2.9004e-11
-3.3652e-11
3.26764e-11
-2.30388e-11
6.10915e-12
1.29397e-11
-2.8806e-11
3.88593e-11
-4.39521e-11
4.58066e-11
-4.45373e-11
3.80187e-11
-2.50396e-11
8.2149e-12
5.83548e-12
-1.09098e-11
5.44402e-12
6.37781e-12
-1.83342e-11
2.60331e-11
-2.87399e-11
2.76827e-11
-2.44027e-11
1.97859e-11
-1.48447e-11
1.06827e-11
-8.17467e-12
6.65129e-12
-4.05744e-12
-1.9203e-12
1.11858e-11
-2.02758e-11
2.35495e-11
-1.72179e-11
2.19085e-12
1.55895e-11
-2.86548e-11
3.18742e-11
-2.54222e-11
1.43046e-11
-5.78447e-12
4.85078e-12
-1.14934e-11
2.07983e-11
-2.69263e-11
2.66907e-11
-2.0809e-11
1.14524e-11
-1.74259e-13
-1.25484e-11
2.53873e-11
-3.55846e-11
3.99378e-11
-3.74969e-11
3.03631e-11
-2.263e-11
1.72883e-11
-1.47419e-11
1.32831e-11
-1.19683e-11
1.19517e-11
-1.5575e-11
2.30835e-11
-3.15462e-11
3.66259e-11
-3.65417e-11
3.31955e-11
-3.02267e-11
2.90512e-11
-2.75797e-11
2.15748e-11
-8.3264e-12
-1.1036e-11
3.09485e-11
-4.40768e-11
4.49213e-11
-3.33628e-11
1.4662e-11
3.21571e-12
-1.41516e-11
1.62227e-11
-1.17858e-11
4.9348e-12
5.43953e-13
-2.67786e-12
9.47204e-13
3.89969e-12
-1.02983e-11
1.53959e-11
-1.59149e-11
9.78357e-12
1.37923e-12
-1.26561e-11
1.88235e-11
-1.87146e-11
1.57641e-11
-1.48897e-11
1.77296e-11
-2.17715e-11
2.29634e-11
-1.99173e-11
1.48486e-11
-1.17889e-11
1.30312e-11
-1.77931e-11
2.29609e-11
-2.61185e-11
2.73412e-11
-2.92169e-11
3.40197e-11
-4.1385e-11
4.74682e-11
-4.7275e-11
3.73826e-11
-1.8336e-11
-5.53905e-12
2.75592e-11
-4.17942e-11
4.52834e-11
-3.91647e-11
2.70655e-11
-1.33179e-11
1.49623e-12
5.33531e-12
-5.39926e-12
-5.8658e-13
8.23258e-12
-1.17525e-11
7.83025e-12
1.22652e-12
-9.22724e-12
1.05623e-11
-4.63915e-12
-4.2768e-12
1.04046e-11
-1.10728e-11
8.01747e-12
-5.61417e-12
6.76844e-12
-1.09644e-11
1.49848e-11
-1.63132e-11
1.49817e-11
-1.33131e-11
1.3284e-11
-1.51367e-11
1.72582e-11
-1.79516e-11
1.65897e-11
-1.46595e-11
1.50623e-11
-2.07081e-11
3.18315e-11
-4.51354e-11
5.49446e-11
-5.67109e-11
4.89452e-11
-3.32701e-11
1.25133e-11
9.76282e-12
-2.92454e-11
4.08628e-11
-4.12573e-11
3.12116e-11
-1.65658e-11
5.04682e-12
-1.86786e-12
6.24057e-12
-1.25309e-11
1.43397e-11
-9.48642e-12
1.01652e-12
5.45541e-12
-6.60461e-12
3.27691e-12
8.39353e-13
-2.90888e-12
2.60468e-12
-1.84256e-12
2.58937e-12
-5.65047e-12
9.88807e-12
-1.31869e-11
1.37403e-11
-1.20034e-11
1.0471e-11
-1.18702e-11
1.61736e-11
-2.04217e-11
2.09159e-11
-1.67584e-11
1.04564e-11
-6.23466e-12
6.97117e-12
-1.33529e-11
2.42124e-11
-3.77669e-11
5.13266e-11
-6.11396e-11
6.25093e-11
-5.2199e-11
3.09095e-11
-4.73865e-12
-1.744e-11
2.85956e-11
-2.79225e-11
2.04537e-11
-1.32612e-11
1.04589e-11
-1.17596e-11
1.3853e-11
-1.37134e-11
1.03165e-11
-5.18552e-12
7.93291e-13
1.17624e-12
-1.6398e-12
3.25604e-12
-8.05365e-12
1.45541e-11
-1.84696e-11
1.5927e-11
-7.291e-12
-3.10537e-12
1.01553e-11
-1.20641e-11
1.08668e-11
-1.04068e-11
1.29218e-11
-1.79471e-11
2.28994e-11
-2.53764e-11
2.42235e-11
-1.98599e-11
1.32789e-11
-6.15267e-12
9.72771e-13
-1.28693e-12
9.71336e-12
-2.577e-11
4.45528e-11
-5.89373e-11
6.29627e-11
-5.50761e-11
3.83103e-11
-1.88393e-11
2.80568e-12
6.16653e-12
-8.73603e-12
8.45469e-12
-8.81708e-12
1.0096e-11
-1.00159e-11
6.79255e-12
-2.22744e-12
3.64478e-13
-3.70416e-12
9.8133e-12
-1.27621e-11
7.29524e-12
6.79997e-12
-2.45035e-11
3.83864e-11
-4.32413e-11
3.84081e-11
-2.76403e-11
1.59676e-11
-6.95157e-12
1.06431e-12
3.17295e-12
-7.73558e-12
1.34759e-11
-2.0063e-11
2.59657e-11
-2.94611e-11
2.92112e-11
-2.51903e-11
1.83017e-11
-1.02444e-11
3.07138e-12
4.19497e-13
2.22808e-12
-1.14857e-11
2.40613e-11
-3.44282e-11
3.81772e-11
-3.52581e-11
2.89671e-11
-2.27107e-11
1.70291e-11
-1.06818e-11
3.24317e-12
2.93375e-12
-4.38868e-12
-7.15051e-13
1.01963e-11
-1.86734e-11
2.0146e-11
-1.20218e-11
-2.86825e-12
1.68146e-11
-2.1591e-11
1.30399e-11
6.16294e-12
-2.8517e-11
4.59484e-11
-5.43397e-11
5.441e-11
-4.98743e-11
4.36663e-11
-3.62773e-11
2.63856e-11
-1.38402e-11
8.98993e-13
8.79467e-12
-1.34741e-11
1.441e-11
-1.47043e-11
1.61864e-11
-1.85214e-11
2.00293e-11
-1.96781e-11
1.72356e-11
-1.3057e-11
7.52943e-12
-1.68616e-12
-3.13651e-12
5.74084e-12
-6.05103e-12
4.64497e-12
-2.54077e-12
7.94815e-13
-8.45829e-13
3.33617e-12
-6.89076e-12
7.54447e-12
-1.46397e-12
-1.17053e-11
2.69732e-11
-3.68104e-11
3.57834e-11
-2.45008e-11
8.92921e-12
3.21851e-12
-7.308e-12
3.45499e-12
4.72272e-12
-1.38331e-11
2.27057e-11
-3.21535e-11
4.21752e-11
-5.04898e-11
5.29839e-11
-4.67716e-11
3.24514e-11
-1.49445e-11
1.19236e-12
3.17951e-12
2.38913e-12
-1.28117e-11
1.99627e-11
-1.82086e-11
7.74676e-12
5.93578e-12
-1.67255e-11
2.13643e-11
-2.00792e-11
1.40762e-11
-4.26201e-12
-8.61042e-12
2.2557e-11
-3.4876e-11
4.319e-11
-4.67021e-11
4.56688e-11
-4.1067e-11
3.39875e-11
-2.57991e-11
1.74037e-11
-9.18911e-12
1.05957e-12
6.49214e-12
-1.25805e-11
1.64899e-11
-1.87934e-11
2.05555e-11
-2.21533e-11
2.21449e-11
-1.86498e-11
1.12731e-11
-2.72889e-12
-2.63184e-12
1.66043e-12
4.46913e-12
-1.06054e-11
1.07226e-11
-2.74828e-12
-9.71417e-12
1.93413e-11
-2.02672e-11
1.14647e-11
2.90708e-12
-1.68121e-11
2.55103e-11
-2.77565e-11
2.52111e-11
-2.08526e-11
1.63364e-11
-1.12275e-11
4.07425e-12
4.30348e-12
-9.6108e-12
6.12246e-12
8.10795e-12
-2.86012e-11
4.63049e-11
-5.36385e-11
4.87261e-11
-3.58413e-11
2.17051e-11
-1.20384e-11
9.23374e-12
-1.24742e-11
1.84137e-11
-2.32626e-11
2.43725e-11
-2.13954e-11
1.51932e-11
-6.78131e-12
-3.27507e-12
1.35175e-11
-2.11455e-11
2.26797e-11
-1.64403e-11
3.58818e-12
1.2254e-11
-2.73137e-11
3.89449e-11
-4.61768e-11
4.87414e-11
-4.68885e-11
4.12661e-11
-3.368e-11
2.65738e-11
-2.2071e-11
2.00845e-11
-1.82437e-11
1.32053e-11
-3.61159e-12
-8.72352e-12
1.94886e-11
-2.48822e-11
2.36459e-11
-1.78986e-11
1.14714e-11
-7.85073e-12
7.65272e-12
-8.24697e-12
5.25835e-12
3.55139e-12
-1.60708e-11
2.66895e-11
-3.09175e-11
2.86546e-11
-2.38868e-11
2.02346e-11
-1.77844e-11
1.32233e-11
-3.71812e-12
-1.02206e-11
2.4138e-11
-3.23106e-11
3.07095e-11
-1.98746e-11
5.15523e-12
5.33526e-12
-5.68445e-12
-4.09983e-12
1.77515e-11
-2.74955e-11
2.90857e-11
-2.39865e-11
1.64593e-11
-9.88954e-12
4.78249e-12
-4.2812e-13
-3.1739e-12
4.21536e-12
-5.43742e-13
-8.6756e-12
2.12733e-11
-3.25673e-11
3.70052e-11
-3.1433e-11
1.70115e-11
6.43464e-13
-1.45048e-11
1.93872e-11
-1.4384e-11
2.20237e-12
1.25852e-11
-2.60049e-11
3.54474e-11
-3.99173e-11
3.92734e-11
-3.44617e-11
2.74673e-11
-2.14346e-11
1.91051e-11
-2.143e-11
2.65866e-11
-3.14327e-11
3.31935e-11
-3.08802e-11
2.45709e-11
-1.48842e-11
2.64594e-12
1.01673e-11
-2.06545e-11
2.5661e-11
-2.33874e-11
1.38066e-11
8.85925e-13
-1.68198e-11
2.91901e-11
-3.4842e-11
3.42658e-11
-3.18624e-11
3.23538e-11
-3.70438e-11
4.2477e-11
-4.38384e-11
3.88674e-11
-2.96272e-11
2.00224e-11
-1.28639e-11
8.03643e-12
-3.56548e-12
-2.85311e-12
1.17561e-11
-2.1198e-11
2.69916e-11
-2.55756e-11
1.68598e-11
-5.36696e-12
-3.15119e-12
6.18235e-12
-6.83871e-12
1.07153e-11
-2.0939e-11
3.48614e-11
-4.6023e-11
4.83825e-11
-4.04128e-11
2.55022e-11
-1.00262e-11
-5.48083e-13
4.29682e-12
-3.77519e-12
3.45875e-12
-6.38628e-12
1.16263e-11
-1.57642e-11
1.61341e-11
-1.37447e-11
1.21684e-11
-1.4346e-11
1.9226e-11
-2.21865e-11
1.79927e-11
-5.07443e-12
-1.30115e-11
2.89469e-11
-3.59978e-11
3.14703e-11
-1.81708e-11
2.11148e-12
1.07212e-11
-1.74095e-11
1.82682e-11
-1.56684e-11
1.17294e-11
-7.56168e-12
3.34695e-12
1.07031e-13
-9.46845e-13
-3.16538e-12
1.25909e-11
-2.44719e-11
3.32913e-11
-3.43146e-11
2.63289e-11
-1.25716e-11
-1.58418e-12
1.10574e-11
-1.30559e-11
7.17897e-12
4.42306e-12
-1.79088e-11
2.87375e-11
-3.37559e-11
3.19521e-11
-2.44322e-11
1.31528e-11
-8.7206e-13
-9.04593e-12
1.2998e-11
-9.31381e-12
-5.91489e-13
1.26214e-11
-2.28017e-11
2.88771e-11
-3.04692e-11
2.76351e-11
-2.10595e-11
1.27216e-11
-6.43007e-12
5.81109e-12
-1.22461e-11
2.3661e-11
-3.59459e-11
4.44513e-11
-4.56857e-11
3.81194e-11
-2.35461e-11
6.73165e-12
6.47336e-12
-1.27751e-11
1.27236e-11
-9.32691e-12
4.5739e-12
1.54065e-12
-9.69201e-12
1.86593e-11
-2.55401e-11
2.7608e-11
-2.47991e-11
1.97193e-11
-1.65538e-11
1.87542e-11
-2.74717e-11
4.00223e-11
-5.06985e-11
5.33833e-11
-4.58225e-11
3.11143e-11
-1.5718e-11
4.49503e-12
1.89459e-12
-6.16354e-12
1.05032e-11
-1.44673e-11
1.52908e-11
-1.07815e-11
1.15155e-12
1.03913e-11
-1.95184e-11
2.30394e-11
-2.1459e-11
1.89192e-11
-2.08948e-11
2.97372e-11
-4.25487e-11
5.25352e-11
-5.4082e-11
4.64511e-11
-3.41203e-11
2.27833e-11
-1.55219e-11
1.10613e-11
-5.96895e-12
-2.294e-12
1.27309e-11
-2.13655e-11
2.3591e-11
-1.78161e-11
6.72496e-12
4.05069e-12
-1.01773e-11
1.15599e-11
-1.25036e-11
1.77984e-11
-2.88247e-11
4.1821e-11
-5.06724e-11
5.09967e-11
-4.34356e-11
3.27701e-11
-2.46506e-11
2.13659e-11
-2.07395e-11
1.78771e-11
-9.43714e-12
-3.79777e-12
1.69495e-11
-2.46378e-11
2.43982e-11
-1.83979e-11
1.12249e-11
-6.50696e-12
3.94076e-12
-4.54037e-14
-8.87624e-12
2.28381e-11
-3.7523e-11
4.66337e-11
-4.65737e-11
3.88047e-11
-2.90287e-11
2.28572e-11
-2.23034e-11
2.45525e-11
-2.46169e-11
1.87241e-11
-7.14537e-12
-6.31122e-12
1.66476e-11
-2.12752e-11
2.12353e-11
-2.00208e-11
1.98485e-11
-1.95554e-11
1.51822e-11
-3.93346e-12
-1.28919e-11
2.96605e-11
-4.01258e-11
4.11306e-11
-3.46087e-11
2.57759e-11
-2.00895e-11
1.98465e-11
-2.33314e-11
2.5901e-11
-2.35134e-11
1.53504e-11
-4.5036e-12
-4.9753e-12
1.11627e-11
-1.56093e-11
2.0743e-11
-2.68706e-11
3.07929e-11
-2.82966e-11
1.72837e-11
2.45365e-14
-1.82344e-11
3.11998e-11
-3.53485e-11
3.12226e-11
-2.34447e-11
1.76711e-11
-1.72064e-11
2.07029e-11
-2.39469e-11
2.3293e-11
-1.86332e-11
1.23733e-11
-6.75675e-12
1.46037e-12
5.38997e-12
-1.50636e-11
2.60999e-11
-3.48126e-11
3.67783e-11
-2.94716e-11
1.37997e-11
5.24615e-12
-2.09041e-11
2.8097e-11
-2.67829e-11
2.13348e-11
-1.72236e-11
1.68371e-11
-1.89165e-11
2.05654e-11
-2.03595e-11
1.87486e-11
-1.69903e-11
1.52143e-11
-1.22787e-11
6.18157e-12
4.29289e-12
-1.84104e-11
3.23291e-11
-4.04025e-11
3.80005e-11
-2.52093e-11
7.16461e-12
8.79445e-12
-1.80013e-11
2.03906e-11
-1.93197e-11
1.80266e-11
-1.79209e-11
1.84736e-11
-1.88234e-11
1.84736e-11
-1.7921e-11
1.80266e-11
-1.93197e-11
2.03905e-11
-1.80013e-11
8.79451e-12
7.1645e-12
-2.52092e-11
3.80004e-11
-4.04024e-11
3.23291e-11
-1.84104e-11
4.29277e-12
6.18176e-12
-1.22789e-11
1.52145e-11
-1.69904e-11
1.87487e-11
-2.03596e-11
2.05654e-11
-1.89167e-11
1.68372e-11
-1.72237e-11
2.13348e-11
-2.67829e-11
2.8097e-11
-2.09041e-11
5.24627e-12
1.37995e-11
-2.94715e-11
3.67783e-11
-3.48127e-11
2.61002e-11
-1.50639e-11
5.3902e-12
1.46021e-12
-6.75661e-12
1.23731e-11
-1.86329e-11
2.32927e-11
-2.39467e-11
2.07028e-11
-1.72064e-11
1.76711e-11
-2.34447e-11
3.12224e-11
-3.53482e-11
3.11994e-11
-1.8234e-11
2.4371e-14
1.72837e-11
-2.82965e-11
3.07927e-11
-2.68705e-11
2.07428e-11
-1.56091e-11
1.11624e-11
-4.97497e-12
-4.50392e-12
1.53506e-11
-2.35135e-11
2.59011e-11
-2.33314e-11
1.98466e-11
-2.00897e-11
2.57762e-11
-3.46091e-11
4.1131e-11
-4.01261e-11
2.96608e-11
-1.28922e-11
-3.93326e-12
1.51821e-11
-1.95554e-11
1.98487e-11
-2.0021e-11
2.12356e-11
-2.12756e-11
1.66479e-11
-6.31144e-12
-7.14525e-12
1.8724e-11
-2.46168e-11
2.45524e-11
-2.23033e-11
2.28571e-11
-2.90285e-11
3.88043e-11
-4.65732e-11
4.66332e-11
-3.75225e-11
2.28378e-11
-8.87612e-12
-4.53667e-14
3.9406e-12
-6.50672e-12
1.12246e-11
-1.83976e-11
2.4398e-11
-2.46376e-11
1.69494e-11
-3.79771e-12
-9.43707e-12
1.7877e-11
-2.07393e-11
2.13659e-11
-2.46509e-11
3.27706e-11
-4.34362e-11
5.09973e-11
-5.06729e-11
4.18213e-11
-2.88247e-11
1.77984e-11
-1.25035e-11
1.15598e-11
-1.01771e-11
4.05044e-12
6.72522e-12
-1.78162e-11
2.35911e-11
-2.13653e-11
1.27307e-11
-2.2937e-12
-5.96915e-12
1.10613e-11
-1.55217e-11
2.27829e-11
-3.41198e-11
4.64507e-11
-5.40817e-11
5.2535e-11
-4.25486e-11
2.97372e-11
-2.08948e-11
1.89193e-11
-2.14592e-11
2.30396e-11
-1.95185e-11
1.03913e-11
1.15165e-12
-1.07818e-11
1.52912e-11
-1.44677e-11
1.05035e-11
-6.16365e-12
1.89454e-12
4.49518e-12
-1.57181e-11
3.11145e-11
-4.58226e-11
5.33833e-11
-5.06985e-11
4.00223e-11
-2.74717e-11
1.87542e-11
-1.65537e-11
1.97192e-11
-2.4799e-11
2.7608e-11
-2.55404e-11
1.86597e-11
-9.69247e-12
1.54109e-12
4.57354e-12
-9.32665e-12
1.27234e-11
-1.27749e-11
6.4732e-12
6.73182e-12
-2.35463e-11
3.81195e-11
-4.56857e-11
4.44513e-11
-3.59458e-11
2.3661e-11
-1.22461e-11
5.81105e-12
-6.42996e-12
1.27214e-11
-2.10592e-11
2.76347e-11
-3.04688e-11
2.88768e-11
-2.28013e-11
1.26211e-11
-5.91165e-13
-9.3142e-12
1.29985e-11
-9.04632e-12
-8.71778e-13
1.31527e-11
-2.44321e-11
3.19521e-11
-3.37559e-11
2.87376e-11
-1.79089e-11
4.4232e-12
7.17877e-12
-1.30556e-11
1.10571e-11
-1.58389e-12
-1.25718e-11
2.63291e-11
-3.43148e-11
3.32916e-11
-2.44722e-11
1.25912e-11
-3.16567e-12
-9.46629e-13
1.06877e-13
3.34709e-12
-7.56181e-12
1.17295e-11
-1.56685e-11
1.82682e-11
-1.74095e-11
1.07211e-11
2.11163e-12
-1.8171e-11
3.14705e-11
-3.5998e-11
2.89471e-11
-1.30118e-11
-5.07421e-12
1.79926e-11
-2.21865e-11
1.9226e-11
-1.43461e-11
1.21683e-11
-1.37445e-11
1.61338e-11
-1.57639e-11
1.1626e-11
-6.38615e-12
3.45867e-12
-3.77514e-12
4.2968e-12
-5.48144e-13
-1.00261e-11
2.55019e-11
-4.04125e-11
4.83821e-11
-4.60227e-11
3.48613e-11
-2.0939e-11
1.07154e-11
-6.83875e-12
6.18221e-12
-3.15086e-12
-5.36739e-12
1.68602e-11
-2.55759e-11
2.69917e-11
-2.1198e-11
1.1756e-11
-2.85298e-12
-3.56564e-12
8.0366e-12
-1.28641e-11
2.00226e-11
-2.96274e-11
3.88677e-11
-4.38386e-11
4.24772e-11
-3.7044e-11
3.23541e-11
-3.18627e-11
3.42662e-11
-3.48425e-11
2.91906e-11
-1.68201e-11
8.86073e-13
1.38067e-11
-2.33877e-11
2.56614e-11
-2.06549e-11
1.01675e-11
2.64582e-12
-1.48842e-11
2.45709e-11
-3.088e-11
3.31932e-11
-3.14323e-11
2.65862e-11
-2.14296e-11
1.91048e-11
-2.14343e-11
2.74671e-11
-3.44614e-11
3.92732e-11
-3.99172e-11
3.54474e-11
-2.60051e-11
1.25854e-11
2.20215e-12
-1.43838e-11
1.93872e-11
-1.45048e-11
6.43454e-13
1.70116e-11
-3.14333e-11
3.70056e-11
-3.25677e-11
2.12736e-11
-8.67574e-12
-5.4377e-13
4.21554e-12
-3.17415e-12
-4.27874e-13
4.78234e-12
-9.88951e-12
1.64594e-11
-2.39867e-11
2.90859e-11
-2.74958e-11
1.77517e-11
-4.09994e-12
-5.68444e-12
5.33535e-12
5.15506e-12
-1.98743e-11
3.07092e-11
-3.23103e-11
2.41379e-11
-1.02206e-11
-3.71799e-12
1.3223e-11
-1.7784e-11
2.02342e-11
-2.38865e-11
2.86544e-11
-3.09175e-11
2.66896e-11
-1.6071e-11
3.55156e-12
5.25825e-12
-8.24693e-12
7.65274e-12
-7.85078e-12
1.14714e-11
-1.78987e-11
2.36461e-11
-2.48824e-11
1.94889e-11
-8.72374e-12
-3.61149e-12
1.32054e-11
-1.8244e-11
2.00849e-11
-2.20715e-11
2.65743e-11
-3.36805e-11
4.12665e-11
-4.68888e-11
4.87416e-11
-4.6177e-11
3.89451e-11
-2.73138e-11
1.22541e-11
3.5882e-12
-1.64404e-11
2.26798e-11
-2.11455e-11
1.35174e-11
-3.27494e-12
-6.78141e-12
1.51931e-11
-2.13951e-11
2.4372e-11
-2.3262e-11
1.84131e-11
-1.24738e-11
9.23347e-12
-1.20382e-11
2.17049e-11
-3.58411e-11
4.87258e-11
-5.36383e-11
4.63049e-11
-2.86014e-11
8.10827e-12
6.12208e-12
-9.61046e-12
4.30324e-12
4.07443e-12
-1.12276e-11
1.63367e-11
-2.08528e-11
2.52113e-11
-2.77566e-11
2.55102e-11
-1.68119e-11
2.90691e-12
1.14648e-11
-2.02672e-11
1.93412e-11
-9.71414e-12
-2.7482e-12
1.07224e-11
-1.06051e-11
4.46879e-12
1.66079e-12
-2.6322e-12
-2.72855e-12
1.12728e-11
-1.86496e-11
2.21447e-11
-2.21532e-11
2.05555e-11
-1.87934e-11
1.649e-11
-1.25807e-11
6.49233e-12
1.05936e-12
-9.18886e-12
1.74034e-11
-2.57988e-11
3.39872e-11
-4.10667e-11
4.56686e-11
-4.6702e-11
4.31899e-11
-3.48761e-11
2.25571e-11
-8.61057e-12
-4.26191e-12
1.40762e-11
-2.00793e-11
2.13643e-11
-1.67255e-11
5.93567e-12
7.74697e-12
-1.82089e-11
1.9963e-11
-1.28121e-11
2.3895e-12
3.17913e-12
1.19271e-12
-1.49448e-11
3.24516e-11
-4.67717e-11
5.29838e-11
-5.04897e-11
4.2175e-11
-3.21532e-11
2.27053e-11
-1.38327e-11
4.72227e-12
3.45547e-12
-7.3085e-12
3.21897e-12
8.92881e-12
-2.45004e-11
3.57831e-11
-3.68101e-11
2.6973e-11
-1.17051e-11
-1.46417e-12
7.54474e-12
-6.89111e-12
3.33656e-12
-8.46156e-13
7.94989e-13
-2.54074e-12
4.64476e-12
-6.05069e-12
5.74044e-12
-3.13611e-12
-1.68649e-12
7.52968e-12
-1.30572e-11
1.72358e-11
-1.96784e-11
2.00296e-11
-1.85217e-11
1.61867e-11
-1.47045e-11
1.44101e-11
-1.34741e-11
8.79467e-12
8.98958e-13
-1.38401e-11
2.63855e-11
-3.62772e-11
4.36663e-11
-4.98742e-11
5.44097e-11
-5.43392e-11
4.59478e-11
-2.85164e-11
6.16253e-12
1.304e-11
-2.15908e-11
1.68142e-11
-2.8678e-12
-1.20221e-11
2.0146e-11
-1.86732e-11
1.0196e-11
-7.14671e-13
-4.38904e-12
2.93409e-12
3.24289e-12
-1.06816e-11
1.7029e-11
-2.27108e-11
2.89674e-11
-3.52585e-11
3.81777e-11
-3.44287e-11
2.40617e-11
-1.14861e-11
2.22828e-12
4.19418e-13
3.07135e-12
-1.02443e-11
1.83016e-11
-2.51901e-11
2.92111e-11
-2.9461e-11
2.59657e-11
-2.00631e-11
1.34761e-11
-7.73584e-12
3.17329e-12
1.06394e-12
-6.95121e-12
1.59673e-11
-2.76401e-11
3.84081e-11
-4.32414e-11
3.83867e-11
-2.45039e-11
6.80033e-12
7.29502e-12
-1.27621e-11
9.8134e-12
-3.70432e-12
3.64643e-13
-2.22755e-12
6.79259e-12
-1.00159e-11
1.00959e-11
-8.81688e-12
8.4544e-12
-8.73565e-12
6.16612e-12
2.80606e-12
-1.88396e-11
3.83104e-11
-5.50762e-11
6.29626e-11
-5.89372e-11
4.45526e-11
-2.57697e-11
9.71297e-12
-1.28644e-12
9.72251e-13
-6.15223e-12
1.32786e-11
-1.98598e-11
2.42234e-11
-2.53763e-11
2.28992e-11
-1.79469e-11
1.29216e-11
-1.04068e-11
1.08669e-11
-1.20642e-11
1.01552e-11
-3.10519e-12
-7.29119e-12
1.59271e-11
-1.84695e-11
1.45539e-11
-8.05335e-12
3.25586e-12
-1.63983e-12
1.17648e-12
7.92925e-13
-5.18513e-12
1.03161e-11
-1.37131e-11
1.38527e-11
-1.17593e-11
1.04586e-11
-1.3261e-11
2.04537e-11
-2.79226e-11
2.85959e-11
-1.74401e-11
-4.73855e-12
3.09095e-11
-5.2199e-11
6.25092e-11
-6.11394e-11
5.13262e-11
-3.77665e-11
2.42119e-11
-1.33524e-11
6.97069e-12
-6.23421e-12
1.0456e-11
-1.67581e-11
2.09157e-11
-2.04216e-11
1.61735e-11
-1.18701e-11
1.04709e-11
-1.20033e-11
1.37402e-11
-1.31868e-11
9.888e-12
-5.65035e-12
2.58917e-12
-1.84226e-12
2.60434e-12
-2.90857e-12
8.3912e-13
3.27708e-12
-6.60473e-12
5.45555e-12
1.01637e-12
-9.48624e-12
1.43395e-11
-1.25308e-11
6.24047e-12
-1.8678e-12
5.04678e-12
-1.65658e-11
3.12115e-11
-4.12573e-11
4.08628e-11
-2.92454e-11
9.76297e-12
1.25131e-11
-3.32699e-11
4.8945e-11
-5.67107e-11
5.49445e-11
-4.51353e-11
3.18314e-11
-2.07079e-11
1.50621e-11
-1.46593e-11
1.65896e-11
-1.79515e-11
1.72582e-11
-1.51366e-11
1.32839e-11
-1.3313e-11
1.49815e-11
-1.6313e-11
1.49845e-11
-1.0964e-11
6.76801e-12
-5.61372e-12
8.01711e-12
-1.10725e-11
1.04046e-11
-4.27693e-12
-4.63898e-12
1.05622e-11
-9.22732e-12
1.22675e-12
7.82999e-12
-1.17523e-11
8.23248e-12
-5.86563e-13
-5.39922e-12
5.33525e-12
1.49631e-12
-1.33179e-11
2.70656e-11
-3.91647e-11
4.52833e-11
-4.1794e-11
2.7559e-11
-5.53896e-12
-1.8336e-11
3.73825e-11
-4.7275e-11
4.74682e-11
-4.13851e-11
3.40198e-11
-2.9217e-11
2.73412e-11
-2.61185e-11
2.29609e-11
-1.77931e-11
1.30313e-11
-1.1789e-11
1.48486e-11
-1.99172e-11
2.29632e-11
-2.17713e-11
1.77295e-11
-1.48897e-11
1.57642e-11
-1.87146e-11
1.88234e-11
-1.26559e-11
1.37906e-12
9.78372e-12
-1.5915e-11
1.53958e-11
-1.02982e-11
3.89946e-12
9.47487e-13
-2.67813e-12
5.44187e-13
4.93464e-12
-1.17857e-11
1.62227e-11
-1.41516e-11
3.21569e-12
1.4662e-11
-3.33628e-11
4.49212e-11
-4.40766e-11
3.09483e-11
-1.10358e-11
-8.32658e-12
2.15749e-11
-2.75797e-11
2.90511e-11
-3.02265e-11
3.31952e-11
-3.65414e-11
3.66256e-11
-3.1546e-11
2.30835e-11
-1.55751e-11
1.19519e-11
-1.19686e-11
1.32833e-11
-1.47421e-11
1.72884e-11
-2.26301e-11
3.0363e-11
-3.74968e-11
3.99376e-11
-3.55844e-11
2.53872e-11
-1.25483e-11
-1.74344e-13
1.14525e-11
-2.08091e-11
2.66908e-11
-2.69264e-11
2.07984e-11
-1.14934e-11
4.85056e-12
-5.78413e-12
1.43042e-11
-2.54218e-11
3.18739e-11
-2.86546e-11
1.55894e-11
2.19092e-12
-1.72179e-11
2.35495e-11
-2.02758e-11
1.11858e-11
-1.9204e-12
-4.05724e-12
6.65105e-12
-8.17445e-12
1.06826e-11
-1.48445e-11
1.97858e-11
-2.44026e-11
2.76825e-11
-2.87397e-11
2.60329e-11
-1.8334e-11
6.37761e-12
5.44424e-12
-1.091e-11
5.83567e-12
8.21473e-12
-2.50394e-11
3.80185e-11
-4.4537e-11
4.58063e-11
-4.39516e-11
3.88589e-11
-2.88055e-11
1.29394e-11
6.10938e-12
-2.30389e-11
3.26764e-11
-3.3652e-11
2.90041e-11
-2.41438e-11
2.28091e-11
-2.52497e-11
2.87392e-11
-3.03392e-11
2.84396e-11
-2.34485e-11
1.69937e-11
-1.15308e-11
9.13012e-12
-1.0803e-11
1.56955e-11
-2.17189e-11
2.59678e-11
-2.57804e-11
1.94631e-11
-8.06935e-12
-4.13026e-12
1.08952e-11
-8.18374e-12
-2.66034e-12
1.46246e-11
-1.94864e-11
1.29515e-11
2.24184e-12
-1.84844e-11
2.80337e-11
-2.78279e-11
1.99316e-11
-8.83123e-12
-2.49396e-12
1.31449e-11
-2.26912e-11
2.91746e-11
-3.03963e-11
2.60743e-11
-1.88963e-11
1.19991e-11
-6.39804e-12
1.70024e-13
8.88418e-12
-2.07059e-11
3.19648e-11
-3.84126e-11
3.76508e-11
-3.10502e-11
2.22712e-11
-1.47075e-11
9.23286e-12
-5.19886e-12
2.43257e-12
-2.82646e-12
8.80015e-12
-2.10452e-11
3.66759e-11
-5.03001e-11
5.62143e-11
-5.15313e-11
3.75522e-11
-1.95672e-11
3.77148e-12
5.87942e-12
-9.6718e-12
1.05964e-11
-1.19175e-11
1.50601e-11
-2.00239e-11
2.59425e-11
-3.16612e-11
3.51557e-11
-3.41766e-11
2.74393e-11
-1.67359e-11
6.94047e-12
-3.95616e-12
1.0235e-11
-2.22395e-11
3.168e-11
-3.14865e-11
2.09081e-11
-6.2766e-12
-4.17997e-12
5.8323e-12
-5.70562e-15
-8.71707e-12
1.58688e-11
-1.92154e-11
1.79293e-11
-1.18621e-11
1.31754e-12
1.15735e-11
-2.27679e-11
2.76154e-11
-2.41371e-11
1.44838e-11
-3.79155e-12
-3.92226e-12
8.21952e-12
-1.18186e-11
1.69966e-11
-2.33501e-11
2.78167e-11
-2.74149e-11
2.1111e-11
-1.05582e-11
-1.41329e-12
1.22367e-11
-2.10209e-11
2.79051e-11
-3.29201e-11
3.45968e-11
-3.09499e-11
2.12457e-11
-7.88771e-12
-4.39286e-12
1.05257e-11
-7.915e-12
-2.67942e-12
1.75006e-11
-3.21204e-11
4.31093e-11
-4.89602e-11
4.90407e-11
-4.33336e-11
3.28239e-11
-2.07232e-11
1.11635e-11
-6.4534e-12
4.42357e-12
-5.97637e-15
-1.06311e-11
2.58794e-11
-3.92402e-11
4.34953e-11
-3.63246e-11
2.19827e-11
-8.74914e-12
3.20954e-12
-6.88079e-12
1.64383e-11
-2.73887e-11
3.63543e-11
-4.13928e-11
4.07099e-11
-3.35092e-11
2.16002e-11
-1.02621e-11
5.244e-12
-8.78594e-12
1.71523e-11
-2.30889e-11
2.05213e-11
-8.99923e-12
-6.4168e-12
1.86354e-11
-2.36398e-11
2.22757e-11
-1.86981e-11
1.64165e-11
-1.65077e-11
1.78799e-11
-1.92096e-11
1.93706e-11
-1.75229e-11
1.27634e-11
-5.09451e-12
-4.17261e-12
1.21156e-11
-1.54751e-11
1.19703e-11
-2.15436e-12
-1.05929e-11
2.13636e-11
-2.66854e-11
2.58825e-11
-2.08583e-11
1.38343e-11
-6.14779e-12
-2.04739e-12
1.03027e-11
-1.71e-11
1.96845e-11
-1.60321e-11
6.56156e-12
5.16805e-12
-1.49651e-11
2.08239e-11
-2.42917e-11
2.79519e-11
-3.24354e-11
3.50357e-11
-3.21645e-11
2.22127e-11
-7.16044e-12
-9.13049e-12
2.30302e-11
-3.26799e-11
3.70228e-11
-3.49826e-11
2.5551e-11
-1.0279e-11
-5.45601e-12
1.39499e-11
-1.04016e-11
-3.4037e-12
1.974e-11
-3.07999e-11
3.3804e-11
-3.215e-11
3.12643e-11
-3.41942e-11
3.94695e-11
-4.32015e-11
4.19349e-11
-3.47303e-11
2.23326e-11
-6.20333e-12
-1.18112e-11
2.80053e-11
-3.7155e-11
3.50794e-11
-2.2845e-11
7.3763e-12
2.07408e-12
-1.58406e-13
-1.15697e-11
2.60062e-11
-3.57866e-11
3.74848e-11
-3.31012e-11
2.73946e-11
-2.45506e-11
2.57163e-11
-2.9673e-11
3.4074e-11
-3.66706e-11
3.51038e-11
-2.77492e-11
1.48216e-11
3.5354e-13
-1.27131e-11
1.79868e-11
-1.56675e-11
9.26344e-12
-4.62798e-12
6.22819e-12
-1.46368e-11
2.58924e-11
-3.43602e-11
3.60729e-11
-3.11305e-11
2.26474e-11
-1.46073e-11
9.48411e-12
-8.00864e-12
9.47533e-12
-1.28829e-11
1.70019e-11
-2.05755e-11
2.19352e-11
-1.99233e-11
1.47222e-11
-8.58491e-12
4.13559e-12
-2.29237e-12
9.36387e-13
3.03063e-12
-1.09144e-11
2.04231e-11
-2.74864e-11
2.9012e-11
-2.51273e-11
1.81889e-11
-1.06908e-11
3.16245e-12
4.93959e-12
-1.32146e-11
1.86265e-11
-1.74689e-11
8.57043e-12
4.6169e-12
-1.64339e-11
2.28026e-11
-2.37292e-11
2.1552e-11
-1.81845e-11
1.33374e-11
-6.10769e-12
-3.03528e-12
1.12643e-11
-1.56348e-11
1.55128e-11
-1.34172e-11
1.19613e-11
-1.07407e-11
5.84948e-12
5.89757e-12
-2.2969e-11
3.85713e-11
-4.53152e-11
3.997e-11
-2.53616e-11
7.46086e-12
8.30573e-12
-1.94898e-11
2.5574e-11
-2.64773e-11
2.18681e-11
-1.29856e-11
3.43904e-12
2.14648e-12
-2.08467e-12
-8.05887e-13
1.35254e-12
2.70112e-12
-8.22106e-12
8.50694e-12
1.118e-12
-1.96114e-11
4.0224e-11
-5.49099e-11
5.85666e-11
-5.11531e-11
3.59029e-11
-1.71065e-11
-1.36698e-12
1.55523e-11
-2.20947e-11
1.98839e-11
-1.20719e-11
4.6564e-12
-2.84756e-12
7.02202e-12
-1.27741e-11
1.42079e-11
-8.95579e-12
7.69738e-14
5.57697e-12
-2.29352e-12
-1.09978e-11
3.00537e-11
-4.8404e-11
6.03066e-11
-6.26776e-11
5.48867e-11
-3.89702e-11
1.92962e-11
-1.93036e-12
-8.08805e-12
9.16047e-12
-4.46618e-12
-1.14464e-13
-5.80794e-13
7.3194e-12
-1.62039e-11
2.12338e-11
-1.89885e-11
1.08863e-11
-2.44132e-12
-5.69492e-13
-4.99094e-12
1.81866e-11
-3.51452e-11
5.04741e-11
-5.942e-11
5.91017e-11
-4.97437e-11
3.44361e-11
-1.85261e-11
7.30282e-12
-3.66316e-12
5.98337e-12
-9.18218e-12
7.80801e-12
-9.07562e-14
-1.11519e-11
2.03288e-11
-2.31143e-11
1.88673e-11
-1.11296e-11
5.11623e-12
-5.00235e-12
1.17075e-11
-2.33685e-11
3.646e-11
-4.73416e-11
5.26012e-11
-5.02551e-11
4.08121e-11
-2.81739e-11
1.77479e-11
-1.35335e-11
1.5225e-11
-1.86192e-11
1.81769e-11
-1.11073e-11
-9.04705e-13
1.26596e-11
-1.94374e-11
1.98133e-11
-1.61364e-11
1.1892e-11
-9.78942e-12
1.10034e-11
-1.60552e-11
2.44947e-11
-3.44935e-11
4.24229e-11
-4.4661e-11
3.97506e-11
-3.02751e-11
2.15157e-11
-1.82551e-11
2.09221e-11
-2.54285e-11
2.61595e-11
-2.05501e-11
1.02733e-11
5.69605e-13
-8.94891e-12
1.39474e-11
-1.62031e-11
1.6277e-11
-1.4781e-11
1.28836e-11
-1.29984e-11
1.72393e-11
-2.5471e-11
3.39893e-11
-3.78895e-11
3.47381e-11
-2.71682e-11
2.06752e-11
-1.94334e-11
2.29927e-11
-2.75243e-11
2.89704e-11
-2.60412e-11
1.98709e-11
-1.23689e-11
4.31417e-12
4.02344e-12
-1.17052e-11
1.64036e-11
-1.65714e-11
1.35101e-11
-1.15315e-11
1.43013e-11
-2.1639e-11
2.91364e-11
-3.20849e-11
2.91083e-11
-2.32833e-11
1.90913e-11
-1.90919e-11
2.21764e-11
-2.55592e-11
2.72629e-11
-2.74311e-11
2.6455e-11
-2.3472e-11
1.66496e-11
-6.10886e-12
-4.97596e-12
1.20439e-11
-1.32335e-11
1.09114e-11
-9.98612e-12
1.35101e-11
-2.04308e-11
2.64407e-11
-2.80698e-11
2.53168e-11
-2.14115e-11
1.92684e-11
-1.93786e-11
2.02515e-11
-2.12454e-11
2.31936e-11
-2.69148e-11
3.07026e-11
-3.09822e-11
2.49962e-11
-1.39416e-11
2.45359e-12
3.9849e-12
-3.8183e-12
1.44005e-12
-1.22247e-13
8.00404e-14
2.55068e-14
4.07728e-15
0
