0
2.52663e-16
3.60509e-15
2.3318e-14
5.12455e-14
2.51571e-13
-1.25205e-12
5.56981e-12
-1.43934e-11
2.44575e-11
-2.9197e-11
2.48191e-11
-1.27507e-11
-1.52751e-12
1.1762e-11
-1.56997e-11
1.61877e-11
-1.83446e-11
2.41672e-11
-3.04969e-11
3.13953e-11
-2.36077e-11
8.94872e-12
7.27633e-12
-2.04703e-11
2.83516e-11
-3.02644e-11
2.53792e-11
-1.3473e-11
-3.35476e-12
1.9466e-11
-2.82531e-11
2.62047e-11
-1.60126e-11
4.42588e-12
2.84733e-12
-5.66612e-12
8.26217e-12
-1.46629e-11
2.43858e-11
-3.318e-11
3.64287e-11
-3.25584e-11
2.27855e-11
-9.43299e-12
-5.73538e-12
2.05182e-11
-3.12208e-11
3.29489e-11
-2.32711e-11
5.23816e-12
1.29024e-11
-2.31215e-11
2.27804e-11
-1.59139e-11
8.72769e-12
-4.65547e-12
2.25774e-12
1.96281e-12
-1.00408e-11
2.05869e-11
-3.05712e-11
3.74924e-11
-4.04282e-11
3.83733e-11
-2.9616e-11
1.31406e-11
7.97677e-12
-2.6317e-11
3.37232e-11
-2.72585e-11
1.12884e-11
5.28866e-12
-1.53254e-11
1.71677e-11
-1.43051e-11
1.09646e-11
-8.80482e-12
6.3815e-12
-1.97031e-12
-4.74834e-12
1.293e-11
-2.25168e-11
3.37682e-11
-4.52963e-11
5.23151e-11
-4.90721e-11
3.32029e-11
-9.19571e-12
-1.34891e-11
2.56968e-11
-2.43871e-11
1.3566e-11
-8.70069e-13
-8.08346e-12
1.19507e-11
-1.24687e-11
1.12177e-11
-8.83397e-12
5.66862e-12
-2.76687e-12
4.18641e-13
3.08118e-12
-1.12178e-11
2.58649e-11
-4.44065e-11
5.93479e-11
-6.26602e-11
5.10432e-11
-2.89786e-11
5.86378e-12
9.59646e-12
-1.42718e-11
1.04075e-11
-2.72359e-12
-4.94721e-12
1.02112e-11
-1.19481e-11
9.89644e-12
-5.503e-12
1.53906e-12
-7.4978e-13
3.02986e-12
-4.5862e-12
-3.79744e-13
1.49444e-11
-3.62916e-11
5.61296e-11
-6.58739e-11
6.16414e-11
-4.63464e-11
2.69158e-11
-1.04243e-11
8.7341e-13
1.07805e-12
2.51593e-12
-8.4625e-12
1.31523e-11
-1.38714e-11
9.69536e-12
-2.69817e-12
-2.99533e-12
3.57438e-12
9.59417e-13
-6.18468e-12
5.60546e-12
4.57194e-12
-2.28584e-11
4.28595e-11
-5.71282e-11
6.08075e-11
-5.40279e-11
4.09043e-11
-2.71832e-11
1.71887e-11
-1.28447e-11
1.35417e-11
-1.71091e-11
2.0171e-11
-1.95868e-11
1.38636e-11
-4.70968e-12
-3.86228e-12
7.66149e-12
-5.41246e-12
-2.95757e-13
3.95128e-12
-7.23013e-13
-1.05046e-11
2.58852e-11
-3.93333e-11
4.61466e-11
-4.56789e-11
4.03746e-11
-3.37303e-11
2.81717e-11
-2.49842e-11
2.43525e-11
-2.58263e-11
2.7792e-11
-2.78044e-11
2.32709e-11
-1.36715e-11
1.60926e-12
7.91205e-12
-1.12067e-11
8.64438e-12
-4.65929e-12
3.84951e-12
-7.70529e-12
1.38432e-11
-1.89441e-11
2.13935e-11
-2.23087e-11
2.34854e-11
-2.55107e-11
2.70732e-11
-2.70948e-11
2.63201e-11
-2.71124e-11
3.03326e-11
-3.36346e-11
3.25983e-11
-2.48907e-11
1.23447e-11
2.15407e-13
-9.08052e-12
1.37398e-11
-1.61969e-11
1.77018e-11
-1.73405e-11
1.30621e-11
-5.05884e-12
-3.11522e-12
6.47251e-12
-3.05348e-12
-4.48e-12
1.10374e-11
-1.39394e-11
1.46387e-11
-1.67565e-11
2.18102e-11
-2.78684e-11
3.11187e-11
-2.93146e-11
2.27839e-11
-1.34216e-11
2.31591e-12
1.02311e-11
-2.31279e-11
3.24727e-11
-3.3112e-11
2.23789e-11
-3.65096e-12
-1.51046e-11
2.61361e-11
-2.70339e-11
2.10206e-11
-1.37467e-11
8.785e-12
-6.28579e-12
4.00813e-12
-9.36512e-14
-5.81058e-12
1.25168e-11
-1.85912e-11
2.23403e-11
-2.16888e-11
1.41525e-11
8.73915e-13
-2.01346e-11
3.63041e-11
-4.17767e-11
3.29672e-11
-1.29215e-11
-1.06002e-11
2.90742e-11
-3.77471e-11
3.71487e-11
-3.19852e-11
2.73039e-11
-2.56876e-11
2.62146e-11
-2.63012e-11
2.34389e-11
-1.67221e-11
6.88673e-12
3.46205e-12
-1.07467e-11
1.14102e-11
-3.94416e-12
-1.00711e-11
2.54473e-11
-3.52399e-11
3.36932e-11
-2.00672e-11
-5.44097e-13
1.97146e-11
-3.11351e-11
3.38684e-11
-3.20308e-11
3.06343e-11
-3.22318e-11
3.57331e-11
-3.85799e-11
3.88902e-11
-3.66804e-11
3.25643e-11
-2.68023e-11
1.92577e-11
-1.12775e-11
5.93423e-12
-6.2406e-12
1.16311e-11
-1.75e-11
1.80756e-11
-1.12831e-11
1.05193e-13
9.83238e-12
-1.50721e-11
1.62597e-11
-1.68124e-11
1.90191e-11
-2.23319e-11
2.4409e-11
-2.45714e-11
2.49194e-11
-2.85386e-11
3.55941e-11
-4.24953e-11
4.4352e-11
-3.92415e-11
2.91468e-11
-1.79908e-11
8.2513e-12
-3.52981e-13
-6.20407e-12
1.08516e-11
-1.22767e-11
9.76438e-12
-4.99722e-12
1.18761e-12
-7.9186e-13
2.86521e-12
-3.90235e-12
9.05196e-13
5.10483e-12
-9.47307e-12
6.96117e-12
4.14189e-12
-2.08861e-11
3.68389e-11
-4.55452e-11
4.32427e-11
-3.06537e-11
1.19947e-11
6.92543e-12
-2.12735e-11
2.80844e-11
-2.6852e-11
1.91834e-11
-8.72203e-12
-4.64297e-13
5.64874e-12
-7.36107e-12
8.83597e-12
-1.40161e-11
2.40885e-11
-3.5887e-11
4.26883e-11
-3.86549e-11
2.31084e-11
-2.18486e-12
-1.4934e-11
2.14393e-11
-1.66699e-11
4.72808e-12
8.92151e-12
-2.05267e-11
2.79525e-11
-2.99836e-11
2.58144e-11
-1.63732e-11
4.76258e-12
4.58235e-12
-9.13761e-12
1.03232e-11
-1.29072e-11
2.05605e-11
-3.23462e-11
4.27607e-11
-4.65468e-11
4.27771e-11
-3.53738e-11
2.906e-11
-2.59031e-11
2.44832e-11
-2.26577e-11
1.98202e-11
-1.75041e-11
1.71068e-11
-1.81002e-11
1.7695e-11
-1.34371e-11
5.35624e-12
3.53316e-12
-9.82568e-12
1.18914e-11
-1.0674e-11
8.02548e-12
-5.69239e-12
4.85472e-12
-6.86226e-12
1.27886e-11
-2.28683e-11
3.53051e-11
-4.6501e-11
5.18625e-11
-4.83069e-11
3.61958e-11
-2.01775e-11
6.59248e-12
1.64815e-13
-6.59548e-13
-6.3793e-13
-1.30412e-12
7.9385e-12
-1.6182e-11
2.02323e-11
-1.59023e-11
3.33674e-12
1.2846e-11
-2.68313e-11
3.43164e-11
-3.36228e-11
2.45341e-11
-8.39928e-12
-1.10879e-11
2.72853e-11
-3.34912e-11
2.69597e-11
-1.15822e-11
-4.56159e-12
1.42459e-11
-1.58959e-11
1.34629e-11
-1.26509e-11
1.56921e-11
-1.99899e-11
2.0556e-11
-1.46962e-11
3.62785e-12
9.0226e-12
-2.05955e-11
3.01692e-11
-3.75585e-11
4.16162e-11
-4.10066e-11
3.55804e-11
-2.7572e-11
2.03586e-11
-1.68225e-11
1.75376e-11
-2.09578e-11
2.43405e-11
-2.57712e-11
2.47588e-11
-2.1996e-11
1.78012e-11
-1.19942e-11
4.48824e-12
3.23887e-12
-8.51229e-12
8.72077e-12
-3.70247e-12
-3.46168e-12
7.11238e-12
-2.4541e-12
-1.11394e-11
2.86e-11
-4.23513e-11
4.71558e-11
-4.36393e-11
3.6602e-11
-3.09595e-11
2.81177e-11
-2.64243e-11
2.33047e-11
-1.75646e-11
9.20703e-12
1.10478e-12
-1.2539e-11
2.2864e-11
-2.81188e-11
2.37249e-11
-8.27565e-12
-1.39192e-11
3.35514e-11
-4.18693e-11
3.60342e-11
-2.08312e-11
4.46568e-12
6.70923e-12
-1.13136e-11
1.14088e-11
-9.78169e-12
7.56977e-12
-4.49316e-12
-2.4942e-13
6.4258e-12
-1.27907e-11
1.7623e-11
-2.01995e-11
2.07677e-11
-1.99929e-11
1.7644e-11
-1.28969e-11
4.99163e-12
5.48386e-12
-1.67551e-11
2.63066e-11
-3.24192e-11
3.48113e-11
-3.48375e-11
3.38901e-11
-3.2442e-11
3.00181e-11
-2.72054e-11
2.62114e-11
-2.93682e-11
3.56104e-11
-3.98133e-11
3.57394e-11
-2.15553e-11
2.04302e-12
1.3713e-11
-1.84747e-11
1.11355e-11
2.80714e-12
-1.55182e-11
2.13401e-11
-1.93466e-11
1.17519e-11
-1.51755e-12
-9.34375e-12
1.90043e-11
-2.56725e-11
2.82085e-11
-2.77256e-11
2.68651e-11
-2.77743e-11
2.96615e-11
-2.92649e-11
2.2907e-11
-9.54144e-12
-8.23772e-12
2.46869e-11
-3.38333e-11
3.23339e-11
-2.15992e-11
6.49981e-12
7.53876e-12
-1.78251e-11
2.45562e-11
-2.91383e-11
3.16108e-11
-3.06015e-11
2.48506e-11
-1.58217e-11
7.81462e-12
-5.82607e-12
1.14594e-11
-2.14101e-11
2.93422e-11
-3.08159e-11
2.59305e-11
-1.84824e-11
1.21038e-11
-8.35651e-12
7.04106e-12
-8.06931e-12
1.12453e-11
-1.52942e-11
1.70307e-11
-1.32748e-11
3.20484e-12
1.00059e-11
-2.09982e-11
2.54938e-11
-2.37525e-11
2.04427e-11
-2.16684e-11
3.01358e-11
-4.31157e-11
5.37089e-11
-5.53653e-11
4.53929e-11
-2.64988e-11
4.88425e-12
1.26593e-11
-2.21559e-11
2.33799e-11
-1.88493e-11
1.09064e-11
-6.77911e-13
-1.11374e-11
2.21246e-11
-2.86495e-11
2.81184e-11
-2.1608e-11
1.30072e-11
-6.35459e-12
3.0122e-12
-2.06205e-12
2.03986e-12
-2.88997e-12
5.31988e-12
-9.42113e-12
1.33514e-11
-1.47644e-11
1.29837e-11
-1.06308e-11
1.15558e-11
-1.73819e-11
2.49146e-11
-2.82105e-11
2.28419e-11
-9.69129e-12
-5.77309e-12
1.6827e-11
-1.98146e-11
1.58379e-11
-1.0306e-11
9.56883e-12
-1.73463e-11
3.20021e-11
-4.77492e-11
5.80213e-11
-5.93921e-11
5.21746e-11
-3.90467e-11
2.27645e-11
-6.00165e-12
-8.36805e-12
1.69614e-11
-1.75678e-11
1.05699e-11
4.03427e-13
-1.06228e-11
1.68266e-11
-1.91318e-11
1.95549e-11
-1.94798e-11
1.77905e-11
-1.27254e-11
4.5771e-12
3.05998e-12
-6.19377e-12
3.75573e-12
1.13565e-12
-4.15362e-12
3.15323e-12
-6.20202e-14
-9.04041e-13
-3.91947e-12
1.45632e-11
-2.69798e-11
3.46918e-11
-3.29734e-11
2.18721e-11
-6.73933e-12
-5.40956e-12
1.00471e-11
-7.803e-12
3.04115e-12
-9.4276e-13
4.37204e-12
-1.3401e-11
2.60343e-11
-3.99006e-11
5.23472e-11
-6.03462e-11
6.04446e-11
-5.09586e-11
3.38556e-11
-1.49453e-11
3.15917e-13
7.15335e-12
-8.9322e-12
7.84384e-12
-5.2479e-12
3.15896e-13
7.44266e-12
-1.64395e-11
2.30036e-11
-2.39989e-11
1.8815e-11
-1.03205e-11
3.09851e-12
-9.38613e-13
3.96408e-12
-8.56725e-12
9.66226e-12
-4.93673e-12
-3.20965e-12
8.77206e-12
-6.62281e-12
-3.96634e-12
1.82968e-11
-2.94518e-11
3.24314e-11
-2.72925e-11
1.80732e-11
-9.66682e-12
4.49644e-12
-2.56475e-12
2.88236e-12
-4.83995e-12
7.05917e-12
-6.69817e-12
2.35087e-13
1.33867e-11
-3.13368e-11
4.79256e-11
-5.8192e-11
5.9978e-11
-5.42669e-11
4.3369e-11
-2.97937e-11
1.53365e-11
-1.58297e-12
-9.77585e-12
1.62408e-11
-1.55294e-11
7.14567e-12
5.71916e-12
-1.71634e-11
2.1514e-11
-1.73852e-11
8.66024e-12
-2.32826e-12
3.40634e-12
-1.15535e-11
2.09902e-11
-2.50611e-11
2.10328e-11
-1.22558e-11
4.952e-12
-3.56314e-12
7.7656e-12
-1.41962e-11
1.94383e-11
-2.21809e-11
2.2404e-11
-2.05686e-11
1.71279e-11
-1.32469e-11
1.03504e-11
-9.66608e-12
1.13256e-11
-1.46068e-11
1.76939e-11
-1.81613e-11
1.34792e-11
-2.80761e-12
-1.23366e-11
2.84438e-11
-4.21953e-11
5.14421e-11
-5.51805e-11
5.21989e-11
-4.14349e-11
2.33059e-11
-1.76094e-12
-1.63676e-11
2.42209e-11
-1.95317e-11
6.50421e-12
6.09062e-12
-1.085e-11
6.34516e-12
2.24737e-12
-7.80732e-12
6.1325e-12
1.77881e-12
-1.19486e-11
2.04195e-11
-2.5652e-11
2.83132e-11
-3.03407e-11
3.28908e-11
-3.53658e-11
3.53864e-11
-3.12e-11
2.361e-11
-1.62357e-11
1.24349e-11
-1.27085e-11
1.43159e-11
-1.43873e-11
1.23554e-11
-1.03509e-11
1.06538e-11
-1.38959e-11
1.85098e-11
-2.23003e-11
2.33708e-11
-2.0729e-11
1.36509e-11
-2.01018e-12
-1.32025e-11
2.8602e-11
-3.9032e-11
3.95602e-11
-2.89462e-11
1.08866e-11
7.29212e-12
-1.88344e-11
2.07501e-11
-1.51465e-11
7.25485e-12
-2.61809e-12
3.79106e-12
-9.36765e-12
1.50893e-11
-1.75505e-11
1.6484e-11
-1.42859e-11
1.21546e-11
-7.91187e-12
-2.63567e-12
2.07994e-11
-4.23996e-11
5.9302e-11
-6.48672e-11
5.77659e-11
-4.25348e-11
2.61804e-11
-1.46128e-11
9.82765e-12
-1.00016e-11
1.1086e-11
-9.99218e-12
6.26511e-12
-2.14464e-12
1.78959e-13
-1.51536e-12
5.18148e-12
-9.51427e-12
1.31578e-11
-1.57688e-11
1.71877e-11
-1.71795e-11
1.52856e-11
-1.19836e-11
8.93401e-12
-8.53611e-12
1.17369e-11
-1.705e-11
2.11696e-11
-2.19258e-11
1.97637e-11
-1.70923e-11
1.53469e-11
-1.3997e-11
1.16528e-11
-8.74967e-12
7.78192e-12
-1.16716e-11
2.08376e-11
-3.22961e-11
4.01969e-11
-3.85952e-11
2.44022e-11
-3.33753e-13
-2.55153e-11
4.33025e-11
-4.74976e-11
3.97747e-11
-2.72499e-11
1.6637e-11
-1.03589e-11
6.47162e-12
-2.44716e-12
-2.15562e-12
5.3532e-12
-5.40919e-12
2.82679e-12
-8.81843e-13
3.19618e-12
-1.10993e-11
2.17118e-11
-2.93575e-11
2.8508e-11
-1.73596e-11
-1.35056e-12
2.16169e-11
-3.7587e-11
4.59797e-11
-4.73154e-11
4.4396e-11
-4.02513e-11
3.60754e-11
-3.16647e-11
2.65909e-11
-2.14773e-11
1.70215e-11
-1.31058e-11
8.66678e-12
-3.6799e-12
-1.13701e-13
1.90913e-13
3.91694e-12
-9.98433e-12
1.4543e-11
-1.58282e-11
1.44114e-11
-1.23374e-11
1.11503e-11
-1.14581e-11
1.2733e-11
-1.40774e-11
1.46849e-11
-1.50794e-11
1.68322e-11
-2.11818e-11
2.64948e-11
-2.84879e-11
2.3113e-11
-1.09947e-11
-1.81297e-12
7.08339e-12
-3.55566e-13
-1.60901e-11
3.43145e-11
-4.5805e-11
4.58799e-11
-3.57771e-11
2.0537e-11
-5.6078e-12
-6.3619e-12
1.54449e-11
-2.26825e-11
2.75721e-11
-2.81101e-11
2.23772e-11
-1.12659e-11
-1.02902e-12
8.53315e-12
-7.43312e-12
-1.17821e-12
1.09785e-11
-1.43803e-11
7.24503e-12
8.17715e-12
-2.53408e-11
3.7546e-11
-4.15889e-11
3.75743e-11
-2.73797e-11
1.29971e-11
3.2152e-12
-1.87446e-11
3.12092e-11
-3.93784e-11
4.28494e-11
-4.19658e-11
3.75746e-11
-3.16515e-11
2.64368e-11
-2.32275e-11
2.11472e-11
-1.84564e-11
1.41866e-11
-9.09834e-12
4.08296e-12
8.42458e-13
-6.29026e-12
1.14344e-11
-1.38338e-11
1.09741e-11
-3.02536e-12
-7.0079e-12
1.50411e-11
-1.89759e-11
1.96553e-11
-2.02811e-11
2.3845e-11
-3.11672e-11
3.95936e-11
-4.4477e-11
4.18717e-11
-3.17967e-11
1.84598e-11
-7.9604e-12
4.06009e-12
-6.28104e-12
1.07259e-11
-1.37992e-11
1.47278e-11
-1.58215e-11
1.93287e-11
-2.46585e-11
2.76546e-11
-2.39469e-11
1.27828e-11
1.0397e-12
-1.00655e-11
8.80469e-12
2.36809e-12
-1.76871e-11
2.9126e-11
-3.10894e-11
2.30185e-11
-9.73132e-12
-1.8231e-12
6.50164e-12
-3.94527e-12
-2.72298e-12
1.0228e-11
-1.81448e-11
2.76448e-11
-3.84639e-11
4.67503e-11
-4.73304e-11
3.73877e-11
-1.91274e-11
-1.54999e-12
1.78015e-11
-2.50721e-11
2.24818e-11
-1.34098e-11
3.7079e-12
1.08526e-12
8.7655e-13
-7.40213e-12
1.42514e-11
-1.84365e-11
1.88508e-11
-1.53384e-11
7.29329e-12
5.28177e-12
-2.0564e-11
3.45272e-11
-4.31235e-11
4.4038e-11
-3.75553e-11
2.54373e-11
-1.0334e-11
-4.9541e-12
1.75923e-11
-2.57994e-11
2.91598e-11
-2.88262e-11
2.65612e-11
-2.44645e-11
2.4198e-11
-2.65603e-11
3.03066e-11
-3.24564e-11
2.95499e-11
-2.03398e-11
6.80426e-12
6.53532e-12
-1.56481e-11
1.91054e-11
-1.87177e-11
1.72805e-11
-1.62751e-11
1.44009e-11
-9.16404e-12
-7.87901e-13
1.36367e-11
-2.54844e-11
3.27225e-11
-3.47258e-11
3.37733e-11
-3.33899e-11
3.53639e-11
-3.85109e-11
3.90351e-11
-3.35624e-11
2.19593e-11
-8.71206e-12
1.38052e-13
-3.39102e-14
6.26127e-12
-1.24698e-11
1.2784e-11
-6.47685e-12
-2.17437e-12
7.2449e-12
-5.5588e-12
-2.09267e-12
1.19649e-11
-2.02888e-11
2.52119e-11
-2.78959e-11
3.08979e-11
-3.5598e-11
3.9672e-11
-3.84457e-11
2.88448e-11
-1.35678e-11
1.74609e-13
3.77889e-12
3.52179e-12
-1.73386e-11
2.97e-11
-3.46673e-11
3.07735e-11
-2.10214e-11
1.03739e-11
-3.34859e-12
1.54521e-12
-3.54367e-12
6.50996e-12
-9.35782e-12
1.33784e-11
-2.0279e-11
2.86104e-11
-3.36022e-11
3.02794e-11
-1.81125e-11
1.94258e-12
1.05578e-11
-1.35831e-11
5.67686e-12
9.84041e-12
-2.69928e-11
3.95068e-11
-4.37577e-11
3.98698e-11
-3.11899e-11
2.13893e-11
-1.26276e-11
5.32359e-12
-1.46655e-13
-1.40168e-12
-2.1047e-12
9.64918e-12
-1.75695e-11
2.1082e-11
-1.73298e-11
6.69188e-12
7.15027e-12
-1.90746e-11
2.42151e-11
-2.01233e-11
7.50222e-12
9.84643e-12
-2.70279e-11
3.97338e-11
-4.56892e-11
4.4365e-11
-3.68714e-11
2.53829e-11
-1.31898e-11
3.61599e-12
9.41621e-13
-3.72641e-13
-3.40037e-12
7.12289e-12
-7.9832e-12
4.41622e-12
3.24354e-12
-1.34028e-11
2.34648e-11
-3.06326e-11
3.20883e-11
-2.60789e-11
1.26021e-11
5.67331e-12
-2.42182e-11
3.79822e-11
-4.3702e-11
4.08627e-11
-3.19856e-11
2.10935e-11
-1.21417e-11
6.97812e-12
-5.02499e-12
3.93819e-12
-1.84319e-12
-1.70239e-12
5.87152e-12
-1.04248e-11
1.61204e-11
-2.39054e-11
3.27324e-11
-3.93325e-11
3.95198e-11
-3.10625e-11
1.4973e-11
4.42575e-12
-2.15517e-11
3.16666e-11
-3.33468e-11
2.88743e-11
-2.29098e-11
1.8914e-11
-1.70627e-11
1.45898e-11
-9.22694e-12
1.40807e-12
5.97389e-12
-1.07551e-11
1.33605e-11
-1.65681e-11
2.27181e-11
-3.18736e-11
4.10836e-11
-4.5936e-11
4.25098e-11
-3.01474e-11
1.23792e-11
4.25013e-12
-1.44445e-11
1.74042e-11
-1.70618e-11
1.79008e-11
-2.11458e-11
2.38502e-11
-2.23126e-11
1.52913e-11
-5.16396e-12
-4.33469e-12
1.04481e-11
-1.32371e-11
1.51606e-11
-1.97723e-11
2.87589e-11
-4.00575e-11
4.79882e-11
-4.7283e-11
3.71388e-11
-2.25056e-11
1.00745e-11
-3.43785e-12
7.89239e-13
2.20161e-12
-8.44489e-12
1.69156e-11
-2.39671e-11
2.56898e-11
-2.06179e-11
1.04898e-11
2.00478e-13
-7.1995e-12
9.4498e-12
-1.04886e-11
1.5324e-11
-2.5939e-11
3.86053e-11
-4.67945e-11
4.61823e-11
-3.81304e-11
2.78405e-11
-2.03561e-11
1.70126e-11
-1.55853e-11
1.21424e-11
-4.13708e-12
-7.83184e-12
1.94407e-11
-2.52573e-11
2.23796e-11
-1.32901e-11
3.92122e-12
9.68527e-13
-1.97192e-12
3.81649e-12
-1.09115e-11
2.29768e-11
-3.54946e-11
4.30084e-11
-4.30961e-11
3.72581e-11
-2.98879e-11
2.52579e-11
-2.50526e-11
2.66723e-11
-2.50047e-11
1.61791e-11
-1.58767e-12
-1.26759e-11
2.00856e-11
-1.89853e-11
1.3117e-11
-8.08384e-12
6.34265e-12
-6.06644e-12
3.16494e-12
4.90342e-12
-1.74318e-11
3.04301e-11
-3.90182e-11
4.00956e-11
-3.49927e-11
2.88053e-11
-2.70075e-11
3.0586e-11
-3.50936e-11
3.40062e-11
-2.45544e-11
9.78591e-12
3.80376e-12
-1.14971e-11
1.28726e-11
-1.11986e-11
1.00958e-11
-1.11986e-11
1.28726e-11
-1.14971e-11
3.80383e-12
9.78585e-12
-2.45544e-11
3.40064e-11
-3.50938e-11
3.05863e-11
-2.70077e-11
2.88054e-11
-3.49927e-11
4.00956e-11
-3.90181e-11
3.04299e-11
-1.74316e-11
4.90319e-12
3.16521e-12
-6.06673e-12
6.34293e-12
-8.08405e-12
1.31172e-11
-1.89854e-11
2.00856e-11
-1.2676e-11
-1.58741e-12
1.61788e-11
-2.50044e-11
2.66721e-11
-2.50525e-11
2.52579e-11
-2.98879e-11
3.72582e-11
-4.30962e-11
4.30086e-11
-3.54949e-11
2.29772e-11
-1.0912e-11
3.8169e-12
-1.97224e-12
9.68773e-13
3.92098e-12
-1.32898e-11
2.23793e-11
-2.52569e-11
1.94403e-11
-7.83156e-12
-4.13728e-12
1.21426e-11
-1.55854e-11
1.70127e-11
-2.03561e-11
2.78404e-11
-3.81302e-11
4.6182e-11
-4.67941e-11
3.86049e-11
-2.59386e-11
1.53237e-11
-1.04884e-11
9.44953e-12
-7.19916e-12
2.00082e-13
1.04902e-11
-2.06183e-11
2.56902e-11
-2.39673e-11
1.69159e-11
-8.44512e-12
2.2018e-12
7.89153e-13
-3.43793e-12
1.00748e-11
-2.2506e-11
3.71392e-11
-4.72833e-11
4.79884e-11
-4.00576e-11
2.8759e-11
-1.97724e-11
1.51608e-11
-1.32374e-11
1.04484e-11
-4.33504e-12
-5.16359e-12
1.5291e-11
-2.23122e-11
2.38498e-11
-2.11456e-11
1.79007e-11
-1.70619e-11
1.74044e-11
-1.44449e-11
4.25046e-12
1.23789e-11
-3.01473e-11
4.25098e-11
-4.59361e-11
4.10837e-11
-3.18736e-11
2.27181e-11
-1.6568e-11
1.33603e-11
-1.07547e-11
5.97344e-12
1.40854e-12
-9.22736e-12
1.45901e-11
-1.70629e-11
1.89139e-11
-2.29096e-11
2.8874e-11
-3.33465e-11
3.16664e-11
-2.15515e-11
4.42572e-12
1.49729e-11
-3.10624e-11
3.95196e-11
-3.93323e-11
3.27323e-11
-2.39054e-11
1.61206e-11
-1.04252e-11
5.87195e-12
-1.70279e-12
-1.84287e-12
3.93802e-12
-5.02498e-12
6.97825e-12
-1.21419e-11
2.10937e-11
-3.19858e-11
4.08629e-11
-4.37022e-11
3.79822e-11
-2.42181e-11
5.67307e-12
1.26024e-11
-2.60791e-11
3.20884e-11
-3.06325e-11
2.34646e-11
-1.34025e-11
3.24319e-12
4.41649e-12
-7.98332e-12
7.12287e-12
-3.40022e-12
-3.72852e-13
9.41868e-13
3.61573e-12
-1.31896e-11
2.53827e-11
-3.68713e-11
4.4365e-11
-4.56893e-11
3.97341e-11
-2.70282e-11
9.84667e-12
7.50209e-12
-2.01233e-11
2.42152e-11
-1.90748e-11
7.15041e-12
6.69185e-12
-1.73299e-11
2.10822e-11
-1.75698e-11
9.64947e-12
-2.10499e-12
-1.40138e-12
-1.46961e-13
5.32387e-12
-1.26278e-11
2.13894e-11
-3.11898e-11
3.98695e-11
-4.37573e-11
3.95065e-11
-2.69926e-11
9.84028e-12
5.67694e-12
-1.35832e-11
1.0558e-11
1.94234e-12
-1.81123e-11
3.02792e-11
-3.3602e-11
2.86102e-11
-2.02788e-11
1.3378e-11
-9.35735e-12
6.50948e-12
-3.54331e-12
1.54505e-12
-3.34863e-12
1.03741e-11
-2.10217e-11
3.07738e-11
-3.46676e-11
2.97003e-11
-1.73389e-11
3.52214e-12
3.77859e-12
1.74823e-13
-1.35679e-11
2.88449e-11
-3.84458e-11
3.96722e-11
-3.55983e-11
3.08984e-11
-2.78964e-11
2.52123e-11
-2.0289e-11
1.19651e-11
-2.09268e-12
-5.55888e-12
7.24504e-12
-2.17456e-12
-6.47662e-12
1.27838e-11
-1.24696e-11
6.26111e-12
-3.37574e-14
1.37886e-13
-8.71186e-12
2.19591e-11
-3.35622e-11
3.90348e-11
-3.85106e-11
3.53636e-11
-3.33896e-11
3.37731e-11
-3.47257e-11
3.27224e-11
-2.54844e-11
1.36367e-11
-7.87847e-13
-9.16415e-12
1.4401e-11
-1.62752e-11
1.72805e-11
-1.87175e-11
1.9105e-11
-1.56476e-11
6.53485e-12
6.80464e-12
-2.03401e-11
2.95501e-11
-3.24566e-11
3.03067e-11
-2.65604e-11
2.41982e-11
-2.44646e-11
2.65613e-11
-2.88263e-11
2.91599e-11
-2.57996e-11
1.75925e-11
-4.95422e-12
-1.03341e-11
2.54376e-11
-3.75558e-11
4.40386e-11
-4.31241e-11
3.45277e-11
-2.05644e-11
5.28201e-12
7.29314e-12
-1.53382e-11
1.88507e-11
-1.84363e-11
1.42511e-11
-7.40185e-12
8.76369e-13
1.08531e-12
3.70799e-12
-1.341e-11
2.24821e-11
-2.50725e-11
1.78021e-11
-1.55056e-12
-1.91268e-11
3.73872e-11
-4.73299e-11
4.67499e-11
-3.84637e-11
2.76447e-11
-1.81447e-11
1.02279e-11
-2.72277e-12
-3.9456e-12
6.50202e-12
-1.82339e-12
-9.73122e-12
2.30186e-11
-3.10897e-11
2.91265e-11
-1.76876e-11
2.36854e-12
8.80431e-12
-1.00652e-11
1.03939e-12
1.27831e-11
-2.39472e-11
2.7655e-11
-2.46588e-11
1.93288e-11
-1.58216e-11
1.47279e-11
-1.37993e-11
1.0726e-11
-6.28116e-12
4.06018e-12
-7.9604e-12
1.84597e-11
-3.17965e-11
4.18715e-11
-4.44769e-11
3.95935e-11
-3.11671e-11
2.3845e-11
-2.0281e-11
1.96551e-11
-1.89756e-11
1.50407e-11
-7.00741e-12
-3.02577e-12
1.09744e-11
-1.38339e-11
1.14343e-11
-6.29014e-12
8.42332e-13
4.08307e-12
-9.09843e-12
1.41867e-11
-1.84565e-11
2.11474e-11
-2.32276e-11
2.64369e-11
-3.16515e-11
3.75745e-11
-4.19657e-11
4.28494e-11
-3.93786e-11
3.12095e-11
-1.8745e-11
3.21554e-12
1.29969e-11
-2.73796e-11
3.75744e-11
-4.15891e-11
3.75462e-11
-2.53411e-11
8.17763e-12
7.24445e-12
-1.43797e-11
1.09779e-11
-1.17775e-12
-7.4334e-12
8.53322e-12
-1.02891e-12
-1.12662e-11
2.23775e-11
-2.81104e-11
2.75723e-11
-2.26826e-11
1.54449e-11
-6.36183e-12
-5.60782e-12
2.05369e-11
-3.57768e-11
4.58794e-11
-4.58043e-11
3.43138e-11
-1.60895e-11
-3.56058e-13
7.08385e-12
-1.81339e-12
-1.09943e-11
2.31128e-11
-2.84879e-11
2.6495e-11
-2.11821e-11
1.68325e-11
-1.50798e-11
1.46851e-11
-1.40776e-11
1.27332e-11
-1.14584e-11
1.11506e-11
-1.23377e-11
1.44118e-11
-1.58284e-11
1.4543e-11
-9.9843e-12
3.9169e-12
1.90912e-13
-1.13623e-13
-3.68002e-12
8.66688e-12
-1.31059e-11
1.70214e-11
-2.14772e-11
2.65907e-11
-3.16644e-11
3.60751e-11
-4.0251e-11
4.43957e-11
-4.73152e-11
4.59795e-11
-3.75868e-11
2.16168e-11
-1.35052e-12
-1.73595e-11
2.85078e-11
-2.93573e-11
2.17116e-11
-1.10992e-11
3.19604e-12
-8.81648e-13
2.82653e-12
-5.40888e-12
5.35292e-12
-2.15541e-12
-2.44724e-12
6.47159e-12
-1.03588e-11
1.6637e-11
-2.72499e-11
3.97748e-11
-4.74977e-11
4.33027e-11
-2.55154e-11
-3.33712e-13
2.44022e-11
-3.85953e-11
4.01971e-11
-3.22963e-11
2.08378e-11
-1.16719e-11
7.78215e-12
-8.74981e-12
1.16528e-11
-1.39968e-11
1.53467e-11
-1.7092e-11
1.97634e-11
-2.19255e-11
2.11693e-11
-1.70498e-11
1.17367e-11
-8.53582e-12
8.93363e-12
-1.19832e-11
1.52853e-11
-1.71793e-11
1.71876e-11
-1.57689e-11
1.31579e-11
-9.51436e-12
5.18157e-12
-1.51544e-12
1.79028e-13
-2.1447e-12
6.26518e-12
-9.99229e-12
1.10861e-11
-1.00019e-11
9.828e-12
-1.46133e-11
2.61811e-11
-4.25356e-11
5.77666e-11
-6.48677e-11
5.93024e-11
-4.23998e-11
2.07996e-11
-2.63576e-12
-7.91182e-12
1.21546e-11
-1.42859e-11
1.64839e-11
-1.75504e-11
1.50891e-11
-9.36751e-12
3.79103e-12
-2.61819e-12
7.25501e-12
-1.51466e-11
2.07501e-11
-1.88343e-11
7.29194e-12
1.08868e-11
-2.89463e-11
3.95602e-11
-3.90317e-11
2.86016e-11
-1.32022e-11
-2.01049e-12
1.36511e-11
-2.07292e-11
2.3371e-11
-2.23005e-11
1.851e-11
-1.38959e-11
1.06536e-11
-1.03506e-11
1.23552e-11
-1.43873e-11
1.43162e-11
-1.2709e-11
1.24355e-11
-1.62363e-11
2.36104e-11
-3.12002e-11
3.53864e-11
-3.53658e-11
3.28907e-11
-3.03406e-11
2.8313e-11
-2.56517e-11
2.04191e-11
-1.19482e-11
1.7785e-12
6.13261e-12
-7.80719e-12
2.24706e-12
6.34556e-12
-1.08504e-11
6.09097e-12
6.50394e-12
-1.95315e-11
2.42208e-11
-1.63677e-11
-1.76064e-12
2.33055e-11
-4.14345e-11
5.21986e-11
-5.51803e-11
5.14421e-11
-4.21953e-11
2.84439e-11
-1.23367e-11
-2.80746e-12
1.34791e-11
-1.81612e-11
1.76939e-11
-1.46071e-11
1.1326e-11
-9.66654e-12
1.03508e-11
-1.32471e-11
1.71278e-11
-2.05684e-11
2.24036e-11
-2.21805e-11
1.94379e-11
-1.41957e-11
7.7651e-12
-3.5626e-12
4.9515e-12
-1.22554e-11
2.10325e-11
-2.5061e-11
2.09902e-11
-1.15535e-11
3.40631e-12
-2.32831e-12
8.66044e-12
-1.73855e-11
2.15144e-11
-1.71636e-11
5.71925e-12
7.14568e-12
-1.55295e-11
1.62408e-11
-9.77568e-12
-1.58319e-12
1.53367e-11
-2.97939e-11
4.33691e-11
-5.42669e-11
5.9978e-11
-5.81921e-11
4.79257e-11
-3.13368e-11
1.33866e-11
2.35244e-13
-6.6983e-12
7.05921e-12
-4.8398e-12
2.88201e-12
-2.56426e-12
4.49593e-12
-9.66636e-12
1.80728e-11
-2.72922e-11
3.24311e-11
-2.94515e-11
1.82965e-11
-3.96602e-12
-6.62312e-12
8.77236e-12
-3.20989e-12
-4.93654e-12
9.6621e-12
-8.56707e-12
3.9639e-12
-9.38447e-13
3.09843e-12
-1.03205e-11
1.88151e-11
-2.3999e-11
2.30038e-11
-1.64396e-11
7.44274e-12
3.15852e-13
-5.24787e-12
7.84385e-12
-8.93225e-12
7.15345e-12
3.15813e-13
-1.49452e-11
3.38556e-11
-5.09588e-11
6.04448e-11
-6.03464e-11
5.23475e-11
-3.99009e-11
2.60346e-11
-1.34012e-11
4.37219e-12
-9.42831e-13
3.04117e-12
-7.80304e-12
1.00473e-11
-5.40986e-12
-6.73887e-12
2.18716e-11
-3.29729e-11
3.46916e-11
-2.69797e-11
1.45632e-11
-3.9194e-12
-9.04198e-13
-6.17789e-14
3.15299e-12
-4.15343e-12
1.13554e-12
3.75581e-12
-6.19386e-12
3.06012e-12
4.57696e-12
-1.27252e-11
1.77904e-11
-1.94798e-11
1.95548e-11
-1.91316e-11
1.68264e-11
-1.06225e-11
4.03201e-13
1.057e-11
-1.75678e-11
1.69612e-11
-8.36784e-12
-6.00184e-12
2.27646e-11
-3.90468e-11
5.21747e-11
-5.93922e-11
5.80213e-11
-4.77492e-11
3.20021e-11
-1.73463e-11
9.56891e-12
-1.03062e-11
1.58381e-11
-1.98147e-11
1.68271e-11
-5.77311e-12
-9.69129e-12
2.28419e-11
-2.82105e-11
2.49147e-11
-1.7382e-11
1.15558e-11
-1.06307e-11
1.29836e-11
-1.47644e-11
1.33515e-11
-9.42122e-12
5.31998e-12
-2.88999e-12
2.03977e-12
-2.06186e-12
3.01197e-12
-6.35436e-12
1.30071e-11
-2.1608e-11
2.81184e-11
-2.86495e-11
2.21247e-11
-1.11374e-11
-6.78014e-13
1.09065e-11
-1.88495e-11
2.338e-11
-2.21559e-11
1.26592e-11
4.88448e-12
-2.6499e-11
4.53932e-11
-5.53655e-11
5.37089e-11
-4.31157e-11
3.01358e-11
-2.16684e-11
2.04427e-11
-2.37524e-11
2.54937e-11
-2.0998e-11
1.00057e-11
3.20497e-12
-1.32749e-11
1.70307e-11
-1.52942e-11
1.12453e-11
-8.0694e-12
7.04112e-12
-8.35649e-12
1.21037e-11
-1.84823e-11
2.59303e-11
-3.08157e-11
2.93422e-11
-2.14103e-11
1.14596e-11
-5.82639e-12
7.815e-12
-1.58221e-11
2.48509e-11
-3.06017e-11
3.16108e-11
-2.91381e-11
2.45559e-11
-1.78249e-11
7.53864e-12
6.49986e-12
-2.15992e-11
3.23339e-11
-3.38333e-11
2.46868e-11
-8.2376e-12
-9.54165e-12
2.29073e-11
-2.92653e-11
2.96619e-11
-2.77748e-11
2.68655e-11
-2.7726e-11
2.82088e-11
-2.56726e-11
1.90043e-11
-9.3437e-12
-1.51763e-12
1.1752e-11
-1.93466e-11
2.134e-11
-1.5518e-11
2.80692e-12
1.11357e-11
-1.84748e-11
1.37131e-11
2.04294e-12
-2.15552e-11
3.57393e-11
-3.98131e-11
3.56102e-11
-2.93679e-11
2.62111e-11
-2.72052e-11
3.0018e-11
-3.24421e-11
3.38902e-11
-3.48376e-11
3.48113e-11
-3.2419e-11
2.63063e-11
-1.67548e-11
5.48357e-12
4.99184e-12
-1.2897e-11
1.76439e-11
-1.99926e-11
2.07674e-11
-2.01991e-11
1.76227e-11
-1.27906e-11
6.42578e-12
-2.4941e-13
-4.49321e-12
7.5699e-12
-9.7819e-12
1.14091e-11
-1.13139e-11
6.70956e-12
4.46547e-12
-2.08311e-11
3.60343e-11
-4.18694e-11
3.35515e-11
-1.39192e-11
-8.27584e-12
2.37253e-11
-2.81193e-11
2.28646e-11
-1.25396e-11
1.10538e-12
9.20659e-12
-1.75643e-11
2.33046e-11
-2.64242e-11
2.81175e-11
-3.09592e-11
3.66016e-11
-4.36389e-11
4.71555e-11
-4.23512e-11
2.86e-11
-1.11396e-11
-2.45396e-12
7.11231e-12
-3.46172e-12
-3.70226e-12
8.72044e-12
-8.51187e-12
3.23842e-12
4.48865e-12
-1.19945e-11
1.78014e-11
-2.1996e-11
2.47589e-11
-2.57713e-11
2.43408e-11
-2.09581e-11
1.75379e-11
-1.68227e-11
2.03586e-11
-2.75719e-11
3.55803e-11
-4.10065e-11
4.16162e-11
-3.75583e-11
3.01689e-11
-2.05952e-11
9.02235e-12
3.62801e-12
-1.46963e-11
2.05561e-11
-1.999e-11
1.56922e-11
-1.26509e-11
1.34627e-11
-1.58956e-11
1.42457e-11
-4.56133e-12
-1.15824e-11
2.69599e-11
-3.34914e-11
2.72854e-11
-1.1088e-11
-8.39941e-12
2.45344e-11
-3.36232e-11
3.43167e-11
-2.68316e-11
1.28462e-11
3.3365e-12
-1.59021e-11
2.0232e-11
-1.61817e-11
7.93822e-12
-1.30394e-12
-6.3799e-13
-6.59577e-13
1.64899e-13
6.59238e-12
-2.01774e-11
3.61956e-11
-4.83067e-11
5.18623e-11
-4.65008e-11
3.5305e-11
-2.28681e-11
1.27885e-11
-6.86219e-12
4.85476e-12
-5.69257e-12
8.02579e-12
-1.06744e-11
1.18918e-11
-9.82606e-12
3.53349e-12
5.35601e-12
-1.34369e-11
1.76949e-11
-1.81001e-11
1.71068e-11
-1.75042e-11
1.98204e-11
-2.2658e-11
2.44835e-11
-2.59035e-11
2.90603e-11
-3.5374e-11
4.27773e-11
-4.65469e-11
4.27608e-11
-3.23462e-11
2.05604e-11
-1.2907e-11
1.03231e-11
-9.13763e-12
4.58245e-12
4.76247e-12
-1.63731e-11
2.58143e-11
-2.99836e-11
2.79524e-11
-2.05266e-11
8.92142e-12
4.72817e-12
-1.667e-11
2.14395e-11
-1.49343e-11
-2.18458e-12
2.31082e-11
-3.86548e-11
4.26883e-11
-3.58869e-11
2.40884e-11
-1.40159e-11
8.83574e-12
-7.3609e-12
5.64864e-12
-4.6423e-13
-8.72208e-12
1.91835e-11
-2.68521e-11
2.80844e-11
-2.12735e-11
6.92554e-12
1.19946e-11
-3.06536e-11
4.32428e-11
-4.55454e-11
3.68391e-11
-2.08863e-11
4.14196e-12
6.96118e-12
-9.47309e-12
5.10482e-12
9.05293e-13
-3.90248e-12
2.86534e-12
-7.91915e-13
1.18755e-12
-4.99701e-12
9.76405e-12
-1.22763e-11
1.08513e-11
-6.20391e-12
-3.52894e-13
8.25099e-12
-1.79904e-11
2.91463e-11
-3.92411e-11
4.43517e-11
-4.24951e-11
3.55939e-11
-2.85384e-11
2.49192e-11
-2.45712e-11
2.44088e-11
-2.23319e-11
1.90191e-11
-1.68127e-11
1.62602e-11
-1.50726e-11
9.83288e-12
1.04874e-13
-1.1283e-11
1.80757e-11
-1.75003e-11
1.16314e-11
-6.24082e-12
5.93443e-12
-1.12777e-11
1.92579e-11
-2.68025e-11
3.25644e-11
-3.66805e-11
3.88902e-11
-3.85799e-11
3.5733e-11
-3.22316e-11
3.0634e-11
-3.20304e-11
3.38681e-11
-3.11348e-11
1.97144e-11
-5.43906e-13
-2.00673e-11
3.36933e-11
-3.524e-11
2.54474e-11
-1.0071e-11
-3.9443e-12
1.14105e-11
-1.0747e-11
3.46231e-12
6.88661e-12
-1.67221e-11
2.34391e-11
-2.63014e-11
2.62149e-11
-2.56878e-11
2.73041e-11
-3.19854e-11
3.71489e-11
-3.77472e-11
2.90743e-11
-1.06003e-11
-1.29213e-11
3.29671e-11
-4.17768e-11
3.63044e-11
-2.01351e-11
8.74486e-13
1.4152e-11
-2.16886e-11
2.23403e-11
-1.85913e-11
1.2517e-11
-5.81078e-12
-9.34467e-14
4.00795e-12
-6.28567e-12
8.78498e-12
-1.37468e-11
2.10207e-11
-2.7034e-11
2.61362e-11
-1.51048e-11
-3.65066e-12
2.23784e-11
-3.31115e-11
3.24722e-11
-2.31276e-11
1.02309e-11
2.31589e-12
-1.34214e-11
2.27838e-11
-2.93144e-11
3.11185e-11
-2.78682e-11
2.18102e-11
-1.67565e-11
1.46388e-11
-1.39395e-11
1.10375e-11
-4.48015e-12
-3.05328e-12
6.47227e-12
-3.11496e-12
-5.05908e-12
1.30623e-11
-1.73406e-11
1.77017e-11
-1.61968e-11
1.37397e-11
-9.08039e-12
2.15314e-13
1.23448e-11
-2.48908e-11
3.25984e-11
-3.36347e-11
3.03327e-11
-2.71124e-11
2.63201e-11
-2.70948e-11
2.70733e-11
-2.55108e-11
2.34855e-11
-2.23088e-11
2.13936e-11
-1.89442e-11
1.38433e-11
-7.70533e-12
3.84951e-12
-4.65923e-12
8.64429e-12
-1.12067e-11
7.91204e-12
1.60922e-12
-1.36714e-11
2.32708e-11
-2.78044e-11
2.77919e-11
-2.58262e-11
2.43523e-11
-2.49838e-11
2.81714e-11
-3.373e-11
4.03744e-11
-4.56787e-11
4.61466e-11
-3.93335e-11
2.58855e-11
-1.05049e-11
-7.22622e-13
3.95097e-12
-2.95577e-13
-5.41249e-12
7.66145e-12
-3.86221e-12
-4.70974e-12
1.38636e-11
-1.95869e-11
2.01711e-11
-1.71093e-11
1.35419e-11
-1.28449e-11
1.71889e-11
-2.71834e-11
4.09043e-11
-5.40277e-11
6.08071e-11
-5.71276e-11
4.28589e-11
-2.28579e-11
4.57151e-12
5.60574e-12
-6.18482e-12
9.595e-13
3.57433e-12
-2.99528e-12
-2.69824e-12
9.69548e-12
-1.38715e-11
1.31524e-11
-8.46245e-12
2.51574e-12
1.07832e-12
8.73221e-13
-1.04243e-11
2.69161e-11
-4.63469e-11
6.16421e-11
-6.58746e-11
5.61303e-11
-3.62922e-11
1.49449e-11
-3.80102e-13
-4.58594e-12
3.02964e-12
-7.49498e-13
1.5387e-12
-5.50259e-12
9.89612e-12
-1.1948e-11
1.02113e-11
-4.94749e-12
-2.72327e-12
1.04073e-11
-1.42718e-11
9.59666e-12
5.86338e-12
-2.8978e-11
5.10425e-11
-6.26594e-11
5.93472e-11
-4.44059e-11
2.58645e-11
-1.12174e-11
3.08077e-12
4.19152e-13
-2.76741e-12
5.66908e-12
-8.83423e-12
1.12178e-11
-1.24686e-11
1.19505e-11
-8.08324e-12
-8.70224e-13
1.3566e-11
-2.4387e-11
2.56965e-11
-1.34885e-11
-9.19638e-12
3.32035e-11
-4.90727e-11
5.23155e-11
-4.52967e-11
3.37687e-11
-2.25173e-11
1.29306e-11
-4.74881e-12
-1.96995e-12
6.38127e-12
-8.80467e-12
1.09646e-11
-1.43051e-11
1.71677e-11
-1.53254e-11
5.28856e-12
1.12886e-11
-2.72589e-11
3.37236e-11
-2.63173e-11
7.97698e-12
1.31404e-11
-2.96159e-11
3.83731e-11
-4.04279e-11
3.7492e-11
-3.05708e-11
2.05865e-11
-1.00405e-11
1.96249e-12
2.25802e-12
-4.65568e-12
8.72787e-12
-1.59141e-11
2.27807e-11
-2.31218e-11
1.29028e-11
5.23795e-12
-2.3271e-11
3.29489e-11
-3.12209e-11
2.05182e-11
-5.73538e-12
-9.43308e-12
2.27857e-11
-3.25586e-11
3.6429e-11
-3.31803e-11
2.4386e-11
-1.46631e-11
8.26239e-12
-5.66638e-12
2.84768e-12
4.42548e-12
-1.60122e-11
2.62044e-11
-2.8253e-11
1.94661e-11
-3.35491e-12
-1.34728e-11
2.5379e-11
-3.02643e-11
2.83516e-11
-2.04705e-11
7.2765e-12
8.94858e-12
-2.36077e-11
3.13952e-11
-3.04969e-11
2.41671e-11
-1.83444e-11
1.61875e-11
-1.56995e-11
1.17618e-11
-1.52733e-12
-1.27508e-11
2.4819e-11
-2.91969e-11
2.44573e-11
-1.4393e-11
5.57109e-12
-1.24822e-12
2.58782e-13
5.71456e-14
2.59032e-14
4.08315e-15
0
