0
-5.24938e-16
-1.1513e-14
-1.11984e-13
-6.19144e-13
-9.56117e-13
-2.70026e-12
-9.7503e-12
2.46128e-11
-4.99947e-11
4.10429e-11
-1.9269e-11
-2.23138e-11
4.22596e-11
-4.72716e-11
1.81675e-11
1.28162e-11
-4.34971e-11
4.31156e-11
-2.5565e-11
-1.13795e-11
3.58319e-11
-4.52706e-11
2.53989e-11
3.35438e-12
-3.31713e-11
4.0743e-11
-2.93499e-11
7.17181e-14
2.55589e-11
-3.85988e-11
2.88816e-11
-6.11945e-12
-1.98146e-11
3.28506e-11
-2.8988e-11
9.96286e-12
1.22227e-11
-2.68026e-11
2.67058e-11
-1.35365e-11
-4.79333e-12
1.9199e-11
-2.27872e-11
1.59732e-11
-2.37873e-12
-1.0099e-11
1.7478e-11
-1.63743e-11
9.72843e-12
7.15905e-13
-9.6245e-12
1.57278e-11
-1.54631e-11
1.00708e-11
8.58413e-13
-1.22342e-11
2.07769e-11
-2.01711e-11
1.02391e-11
7.42888e-12
-2.36106e-11
3.06487e-11
-2.16976e-11
1.95239e-13
2.50747e-11
-3.94459e-11
3.43394e-11
-9.10211e-12
-2.36388e-11
4.71092e-11
-4.63089e-11
1.99356e-11
2.01856e-11
-5.20723e-11
5.76205e-11
-3.124e-11
-1.40686e-11
5.44729e-11
-6.6713e-11
4.27062e-11
6.15115e-12
-5.34776e-11
7.30471e-11
-5.29117e-11
3.24337e-12
4.92408e-11
-7.55352e-11
6.08856e-11
-1.30293e-11
-4.1816e-11
7.36474e-11
-6.53583e-11
2.2119e-11
3.18194e-11
-6.70474e-11
6.53016e-11
-2.92112e-11
-2.0192e-11
5.58577e-11
-5.99952e-11
3.29943e-11
8.16519e-12
-4.07609e-11
4.91457e-11
-3.23949e-11
2.7649e-12
2.29264e-11
-3.31242e-11
2.67091e-11
-1.11071e-11
-4.02257e-12
1.30091e-11
-1.58355e-11
1.55878e-11
-1.39317e-11
9.45652e-12
5.08192e-13
-1.53192e-11
2.89247e-11
-3.1828e-11
1.78169e-11
1.02361e-11
-3.90309e-11
5.14589e-11
-3.67437e-11
-9.79999e-13
4.30624e-11
-6.55508e-11
5.34971e-11
-1.07503e-11
-4.05414e-11
7.19228e-11
-6.49982e-11
2.26109e-11
3.2166e-11
-6.92462e-11
6.85861e-11
-3.18177e-11
-1.97349e-11
5.74556e-11
-6.26486e-11
3.55397e-11
5.72679e-12
-3.82555e-11
4.67239e-11
-3.20473e-11
6.49594e-12
1.4261e-11
-2.27825e-11
2.02591e-11
-1.45638e-11
9.99588e-12
-6.35397e-12
-1.93956e-12
1.5862e-11
-3.09198e-11
3.50459e-11
-2.0757e-11
-1.08938e-11
4.37612e-11
-5.88535e-11
4.22138e-11
-6.12994e-16
-4.73761e-11
7.16131e-11
-5.84416e-11
1.23534e-11
4.02732e-11
-7.14651e-11
6.33476e-11
-2.33148e-11
-2.60541e-11
5.65356e-11
-5.54839e-11
2.73186e-11
7.55831e-12
-3.08716e-11
3.37782e-11
-2.27409e-11
8.96906e-12
-8.85268e-13
-2.85806e-12
8.55041e-12
-1.95051e-11
3.08492e-11
-3.0754e-11
1.22392e-11
2.14108e-11
-5.13872e-11
5.91079e-11
-3.30942e-11
-1.37939e-11
5.87746e-11
-7.24853e-11
4.9037e-11
2.45442e-12
-4.88126e-11
6.92274e-11
-5.0113e-11
1.12525e-11
2.91876e-11
-4.44158e-11
3.87337e-11
-1.56873e-11
-3.50645e-13
1.0713e-11
-9.38651e-12
1.51259e-11
-2.07517e-11
3.05311e-11
-2.14594e-11
-1.12247e-14
3.69614e-11
-5.68906e-11
5.41054e-11
-1.37663e-11
-3.31024e-11
7.07542e-11
-6.55495e-11
3.09678e-11
2.33146e-11
-5.60033e-11
6.12952e-11
-3.17275e-11
-1.92408e-12
2.84141e-11
-3.03598e-11
2.28836e-11
-1.22488e-11
1.09007e-11
-9.76658e-12
1.34231e-12
1.90417e-11
-4.26083e-11
4.85689e-11
-2.98632e-11
-1.53498e-11
5.43054e-11
-7.33788e-11
4.5804e-11
-2.04162e-12
-5.08949e-11
6.23988e-11
-5.34528e-11
7.40437e-12
1.63519e-11
-4.01328e-11
2.23597e-11
-2.28534e-11
3.50851e-12
-1.86853e-11
-1.32121e-13
-2.8859e-14
-4.305e-11
4.2571e-11
-5.42308e-11
-2.28971e-12
2.87572e-11
-8.09602e-11
5.20852e-11
-3.52207e-11
-3.79909e-11
4.42415e-11
-6.64174e-11
1.48489e-11
-1.01507e-11
-3.02087e-11
5.46694e-12
-2.64568e-11
6.32435e-12
-3.92449e-11
1.83225e-11
-2.12855e-11
-3.47304e-11
4.88193e-11
-7.21684e-11
2.75208e-11
9.91679e-12
-6.24746e-11
6.39118e-11
-4.35263e-11
1.28957e-12
3.02991e-11
-3.13663e-11
3.05593e-11
-6.33723e-12
2.37664e-11
-3.91342e-12
2.52399e-11
3.2234e-11
-2.39996e-11
8.39974e-11
-1.6221e-11
2.83714e-11
8.21953e-11
-3.37026e-11
9.34927e-11
3.02439e-11
2.14837e-11
8.981e-11
2.14137e-11
7.3608e-11
4.89904e-11
7.67354e-11
5.38597e-11
6.33707e-11
1.07894e-10
1.58652e-11
1.28933e-10
6.51568e-11
4.49099e-11
1.49074e-10
2.26847e-11
1.10264e-10
9.78226e-11
5.20687e-11
1.14128e-10
6.4885e-11
9.68911e-11
5.84277e-11
1.00225e-10
6.75633e-11
4.12574e-11
1.24547e-10
-3.26034e-12
8.39939e-11
6.58428e-11
-1.76098e-11
9.0355e-11
-1.34454e-11
1.33788e-11
1.46506e-11
-2.61097e-11
-1.35402e-11
-5.61782e-11
-1.66149e-11
-1.09966e-10
-5.73177e-11
-8.26247e-11
-1.73169e-10
-6.36194e-11
-1.97175e-10
-1.70583e-10
-1.53901e-10
-2.54006e-10
-1.99066e-10
-2.63781e-10
-2.59085e-10
-3.05721e-10
-2.98784e-10
-3.1771e-10
-3.95814e-10
-3.04928e-10
-4.35179e-10
-4.02255e-10
-3.7932e-10
-4.99262e-10
-4.05946e-10
-4.81511e-10
-4.82873e-10
-4.78286e-10
-4.99977e-10
-4.89009e-10
-5.37323e-10
-4.54656e-10
-5.4796e-10
-4.93094e-10
-4.51876e-10
-5.4911e-10
-4.11345e-10
-4.71856e-10
-4.43093e-10
-3.80085e-10
-3.96105e-10
-3.30105e-10
-3.30653e-10
-2.28554e-10
-2.5947e-10
-1.62412e-10
-8.33305e-11
-1.26422e-10
6.50358e-11
4.24881e-11
1.26887e-10
2.49507e-10
2.66246e-10
3.95982e-10
4.47594e-10
5.85539e-10
6.16068e-10
7.58865e-10
8.74439e-10
8.84145e-10
1.11651e-09
1.12329e-09
1.25227e-09
1.40441e-09
1.44272e-09
1.60213e-09
1.67108e-09
1.8173e-09
1.85846e-09
2.00609e-09
2.1062e-09
2.11296e-09
2.32404e-09
2.29627e-09
2.40139e-09
2.50012e-09
2.49133e-09
2.58752e-09
2.58587e-09
2.6544e-09
2.59932e-09
2.65856e-09
2.63648e-09
2.5337e-09
2.61247e-09
2.44061e-09
2.40818e-09
2.33261e-09
2.17201e-09
2.07826e-09
1.89503e-09
1.77506e-09
1.503e-09
1.3709e-09
1.11572e-09
8.03218e-10
6.47065e-10
2.44553e-10
-1.43737e-11
-3.47284e-10
-7.18579e-10
-1.07658e-09
-1.48457e-09
-1.83422e-09
-2.35519e-09
-2.69086e-09
-3.18438e-09
-3.68901e-09
-4.06273e-09
-4.64014e-09
-5.07311e-09
-5.5873e-09
-6.06276e-09
-6.58343e-09
-7.07191e-09
-7.50342e-09
-8.09432e-09
-8.44391e-09
-8.95862e-09
-9.41261e-09
-9.76287e-09
-1.02179e-08
-1.05404e-08
-1.09141e-08
-1.11504e-08
-1.14839e-08
-1.1669e-08
-1.17999e-08
-1.20342e-08
-1.19909e-08
-1.20762e-08
-1.20236e-08
-1.19053e-08
-1.17434e-08
-1.14936e-08
-1.12314e-08
-1.07489e-08
-1.03998e-08
-9.79676e-09
-9.1579e-09
-8.53337e-09
-7.66573e-09
-6.84863e-09
-5.85864e-09
-4.86663e-09
-3.68259e-09
-2.50703e-09
-1.25508e-09
2.21969e-10
1.55199e-09
3.15143e-09
4.73623e-09
6.38661e-09
8.12874e-09
9.90789e-09
1.17961e-08
1.35916e-08
1.56368e-08
1.75325e-08
1.95125e-08
2.15894e-08
2.35302e-08
2.55936e-08
2.75574e-08
2.95952e-08
3.14686e-08
3.34149e-08
3.52901e-08
3.69681e-08
3.87762e-08
4.03044e-08
4.18219e-08
4.31865e-08
4.44428e-08
4.55256e-08
4.64154e-08
4.72743e-08
4.77226e-08
4.81691e-08
4.83204e-08
4.82137e-08
4.79468e-08
4.7368e-08
4.66006e-08
4.54362e-08
4.41847e-08
4.24777e-08
4.05309e-08
3.83732e-08
3.57569e-08
3.29682e-08
2.97787e-08
2.63738e-08
2.25314e-08
1.84986e-08
1.41472e-08
9.37357e-09
4.51347e-09
-8.05157e-10
-6.29667e-09
-1.20957e-08
-1.80816e-08
-2.43466e-08
-3.08398e-08
-3.7376e-08
-4.42992e-08
-5.11687e-08
-5.82406e-08
-6.53936e-08
-7.25871e-08
-7.98116e-08
-8.69741e-08
-9.42384e-08
-1.01201e-07
-1.08231e-07
-1.15028e-07
-1.21586e-07
-1.27975e-07
-1.34019e-07
-1.39808e-07
-1.45083e-07
-1.50143e-07
-1.54572e-07
-1.58545e-07
-1.62046e-07
-1.64835e-07
-1.67088e-07
-1.68581e-07
-1.69487e-07
-1.69463e-07
-1.68796e-07
-1.67278e-07
-1.648e-07
-1.61589e-07
-1.57341e-07
-1.52248e-07
-1.46086e-07
-1.391e-07
-1.31008e-07
-1.21926e-07
-1.11971e-07
-1.00843e-07
-8.88617e-08
-7.58079e-08
-6.1885e-08
-4.68914e-08
-3.10773e-08
-1.43941e-08
3.28062e-09
2.1569e-08
4.07575e-08
6.05567e-08
8.10782e-08
1.02061e-07
1.2362e-07
1.45632e-07
1.67822e-07
1.90455e-07
2.13092e-07
2.35864e-07
2.58506e-07
2.81086e-07
3.03325e-07
3.25127e-07
3.46585e-07
3.67212e-07
3.87225e-07
4.06273e-07
4.24388e-07
4.41265e-07
4.56932e-07
4.71261e-07
4.83894e-07
4.95073e-07
5.04344e-07
5.11804e-07
5.17171e-07
5.20521e-07
5.21591e-07
5.20268e-07
5.16699e-07
5.1044e-07
5.01723e-07
4.90272e-07
4.76209e-07
4.59271e-07
4.39589e-07
4.17157e-07
3.91717e-07
3.63608e-07
3.32557e-07
2.98796e-07
2.62152e-07
2.22931e-07
1.81019e-07
1.36477e-07
8.96404e-08
4.0318e-08
-1.11085e-08
-6.47e-08
-1.20042e-07
-1.77252e-07
-2.35936e-07
-2.95868e-07
-3.57035e-07
-4.18949e-07
-4.81569e-07
-5.44418e-07
-6.07525e-07
-6.70265e-07
-7.32562e-07
-7.94116e-07
-8.54455e-07
-9.1344e-07
-9.70586e-07
-1.02579e-06
-1.07838e-06
-1.12838e-06
-1.17525e-06
-1.21867e-06
-1.25839e-06
-1.29402e-06
-1.32534e-06
-1.35181e-06
-1.37351e-06
-1.38977e-06
-1.40055e-06
-1.40553e-06
-1.40448e-06
-1.39717e-06
-1.38332e-06
-1.36302e-06
-1.33572e-06
-1.30166e-06
-1.2605e-06
-1.21232e-06
-1.15693e-06
-1.09445e-06
-1.02492e-06
-9.4817e-07
-8.64621e-07
-7.74107e-07
-6.77009e-07
-5.73295e-07
-4.63479e-07
-3.47606e-07
-2.26016e-07
-9.92189e-08
3.2634e-08
1.68929e-07
3.09423e-07
4.53323e-07
6.00479e-07
7.50064e-07
9.01578e-07
1.05446e-06
1.20801e-06
1.36165e-06
1.51449e-06
1.66619e-06
1.81563e-06
1.96235e-06
2.10546e-06
2.24431e-06
2.37803e-06
2.50589e-06
2.62727e-06
2.74111e-06
2.84699e-06
2.94392e-06
3.0314e-06
3.10847e-06
3.1747e-06
3.22935e-06
3.2717e-06
3.30136e-06
3.31762e-06
3.32016e-06
3.30824e-06
3.28185e-06
3.2403e-06
3.18346e-06
3.11108e-06
3.02299e-06
2.91909e-06
2.79924e-06
2.66376e-06
2.51239e-06
2.34561e-06
2.16347e-06
1.96652e-06
1.75492e-06
1.52933e-06
1.29034e-06
1.03841e-06
7.7447e-07
4.99136e-07
2.13508e-07
-8.18133e-08
-3.85445e-07
-6.96554e-07
-1.01391e-06
-1.33633e-06
-1.66253e-06
-1.99114e-06
-2.32101e-06
-2.65038e-06
-2.97816e-06
-3.3026e-06
-3.62241e-06
-3.93582e-06
-4.2415e-06
-4.53783e-06
-4.82316e-06
-5.0961e-06
-5.35496e-06
-5.59842e-06
-5.82469e-06
-6.03269e-06
-6.22069e-06
-6.38753e-06
-6.53177e-06
-6.65232e-06
-6.74792e-06
-6.81741e-06
-6.86004e-06
-6.87461e-06
-6.86057e-06
-6.81696e-06
-6.74354e-06
-6.63947e-06
-6.50465e-06
-6.3388e-06
-6.14181e-06
-5.91375e-06
-5.65473e-06
-5.36532e-06
-5.04562e-06
-4.6966e-06
-4.31877e-06
-3.91327e-06
-3.48087e-06
-3.02302e-06
-2.54097e-06
-2.03612e-06
-1.51023e-06
-9.64901e-07
-4.02209e-07
1.76172e-07
7.67748e-07
1.3706e-06
1.98221e-06
2.60034e-06
3.22228e-06
3.84558e-06
4.46766e-06
5.08562e-06
5.69692e-06
6.29859e-06
6.8881e-06
7.46228e-06
8.01867e-06
8.55425e-06
9.0664e-06
9.55226e-06
1.00093e-05
1.04349e-05
1.08264e-05
1.11815e-05
1.14979e-05
1.17734e-05
1.20058e-05
1.21934e-05
1.23341e-05
1.24267e-05
1.24694e-05
1.24613e-05
1.24011e-05
1.2288e-05
1.21216e-05
1.19012e-05
1.16269e-05
1.12984e-05
1.09164e-05
1.04811e-05
9.99347e-06
9.45441e-06
8.8653e-06
8.22753e-06
7.54284e-06
6.81338e-06
6.04113e-06
5.22874e-06
4.37866e-06
3.49409e-06
2.57772e-06
1.63315e-06
6.63654e-07
-3.26979e-07
-1.33512e-06
-2.35673e-06
-3.38767e-06
-4.42394e-06
-5.46105e-06
-6.49484e-06
-7.52058e-06
-8.53419e-06
-9.5308e-06
-1.05061e-05
-1.14555e-05
-1.23748e-05
-1.32592e-05
-1.41045e-05
-1.49066e-05
-1.56613e-05
-1.63646e-05
-1.70125e-05
-1.76017e-05
-1.81284e-05
-1.85896e-05
-1.8982e-05
-1.93032e-05
-1.95503e-05
-1.97213e-05
-1.98142e-05
-1.98273e-05
-1.97594e-05
-1.96093e-05
-1.93767e-05
-1.90609e-05
-1.86623e-05
-1.81809e-05
-1.7618e-05
-1.69742e-05
-1.62513e-05
-1.5451e-05
-1.45757e-05
-1.36278e-05
-1.26102e-05
-1.15263e-05
-1.03796e-05
-9.17404e-06
-7.91373e-06
-6.60345e-06
-5.24762e-06
-3.8516e-06
-2.42046e-06
-9.59927e-07
5.24553e-07
2.02687e-06
3.54107e-06
5.06099e-06
6.58033e-06
8.09279e-06
9.5918e-06
1.10712e-05
1.25243e-05
1.39449e-05
1.53264e-05
1.6663e-05
1.79482e-05
1.91761e-05
2.0341e-05
2.14372e-05
2.24593e-05
2.34023e-05
2.42612e-05
2.50316e-05
2.57092e-05
2.62901e-05
2.6771e-05
2.71485e-05
2.74202e-05
2.75835e-05
2.76369e-05
2.75788e-05
2.74084e-05
2.7125e-05
2.6729e-05
2.62205e-05
2.56007e-05
2.48711e-05
2.40335e-05
2.30905e-05
2.20448e-05
2.09e-05
1.96596e-05
1.83282e-05
1.69102e-05
1.5411e-05
1.38357e-05
1.21905e-05
1.04814e-05
8.71506e-06
6.89824e-06
5.038e-06
3.14184e-06
1.21715e-06
-7.28172e-07
-2.68646e-06
-4.64938e-06
-6.60917e-06
-8.55742e-06
-1.04862e-05
-1.23872e-05
-1.42525e-05
-1.6074e-05
-1.7844e-05
-1.95545e-05
-2.11984e-05
-2.27682e-05
-2.4257e-05
-2.5658e-05
-2.69649e-05
-2.81719e-05
-2.92729e-05
-3.02632e-05
-3.11376e-05
-3.18921e-05
-3.25227e-05
-3.30262e-05
-3.33997e-05
-3.3641e-05
-3.37482e-05
-3.37204e-05
-3.35568e-05
-3.32575e-05
-3.2823e-05
-3.22544e-05
-3.15535e-05
-3.07223e-05
-2.97639e-05
-2.86815e-05
-2.74792e-05
-2.61612e-05
-2.47327e-05
-2.31989e-05
-2.15659e-05
-1.98399e-05
-1.80277e-05
-1.61364e-05
-1.41737e-05
-1.21473e-05
-1.00652e-05
-7.93609e-06
-5.76836e-06
-3.57095e-06
-1.35266e-06
8.7718e-07
3.10969e-06
5.33545e-06
7.54555e-06
9.73051e-06
1.18816e-05
1.39897e-05
1.60462e-05
1.80422e-05
1.99698e-05
2.18207e-05
2.35873e-05
2.5262e-05
2.68379e-05
2.83084e-05
2.96673e-05
3.09088e-05
3.20278e-05
3.30196e-05
3.38798e-05
3.4605e-05
3.5192e-05
3.56384e-05
3.59422e-05
3.61023e-05
3.61178e-05
3.59888e-05
3.57156e-05
3.52996e-05
3.47423e-05
3.40463e-05
3.32143e-05
3.22499e-05
3.11571e-05
2.99406e-05
2.86054e-05
2.7157e-05
2.56017e-05
2.39458e-05
2.21964e-05
2.03606e-05
1.84464e-05
1.64615e-05
1.44144e-05
1.23134e-05
1.01674e-05
7.98515e-06
5.77588e-06
3.54849e-06
1.31242e-06
-9.23292e-07
-3.14939e-06
-5.35681e-06
-7.5365e-06
-9.67955e-06
-1.17774e-05
-1.38214e-05
-1.58035e-05
-1.77155e-05
-1.95501e-05
-2.12999e-05
-2.2958e-05
-2.45178e-05
-2.59736e-05
-2.73195e-05
-2.85507e-05
-2.96622e-05
-3.06505e-05
-3.15115e-05
-3.22427e-05
-3.28414e-05
-3.33059e-05
-3.36348e-05
-3.38276e-05
-3.38839e-05
-3.38044e-05
-3.35901e-05
-3.32424e-05
-3.27637e-05
-3.21565e-05
-3.14242e-05
-3.05703e-05
-2.95991e-05
-2.85153e-05
-2.73241e-05
-2.60309e-05
-2.46419e-05
-2.3163e-05
-2.16013e-05
-1.99634e-05
-1.82569e-05
-1.64888e-05
-1.46673e-05
-1.28e-05
-1.08949e-05
-8.96007e-06
-7.00385e-06
-5.0343e-06
-3.05969e-06
-1.08812e-06
8.72256e-07
2.81346e-06
4.72771e-06
6.60729e-06
8.44482e-06
1.02329e-05
1.19648e-05
1.36337e-05
1.52335e-05
1.67578e-05
1.82014e-05
1.95587e-05
2.08253e-05
2.19963e-05
2.30681e-05
2.40371e-05
2.49003e-05
2.5655e-05
2.62993e-05
2.68315e-05
2.72506e-05
2.75559e-05
2.77472e-05
2.7825e-05
2.77901e-05
2.76438e-05
2.73878e-05
2.70243e-05
2.6556e-05
2.5986e-05
2.53176e-05
2.45547e-05
2.37016e-05
2.27627e-05
2.17429e-05
2.06473e-05
1.94813e-05
1.82506e-05
1.69609e-05
1.56184e-05
1.42291e-05
1.27996e-05
1.1336e-05
9.84495e-06
8.33282e-06
6.80643e-06
5.27194e-06
3.73612e-06
2.20508e-06
6.8542e-07
-8.16968e-07
-2.29582e-06
-3.74556e-06
-5.16027e-06
-6.53475e-06
-7.86363e-06
-9.14219e-06
-1.03656e-05
-1.15296e-05
-1.26301e-05
-1.36635e-05
-1.46264e-05
-1.55156e-05
-1.63286e-05
-1.70631e-05
-1.77171e-05
-1.82889e-05
-1.87775e-05
-1.9182e-05
-1.9502e-05
-1.97372e-05
-1.98881e-05
-1.99552e-05
-1.99397e-05
-1.98426e-05
-1.96658e-05
-1.94111e-05
-1.9081e-05
-1.86778e-05
-1.82046e-05
-1.76642e-05
-1.70603e-05
-1.63962e-05
-1.56759e-05
-1.4903e-05
-1.40819e-05
-1.32168e-05
-1.23122e-05
-1.13723e-05
-1.04019e-05
-9.40559e-06
-8.38812e-06
-7.35397e-06
-6.30805e-06
-5.25481e-06
-4.1991e-06
-3.14526e-06
-2.09794e-06
-1.06132e-06
-3.98472e-08
9.62495e-07
1.94164e-06
2.89391e-06
3.81559e-06
4.7033e-06
5.55377e-06
6.36406e-06
7.13138e-06
7.85317e-06
8.52715e-06
9.15125e-06
9.72374e-06
1.0243e-05
1.07078e-05
1.11171e-05
1.14703e-05
1.17666e-05
1.20061e-05
1.21886e-05
1.23146e-05
1.23844e-05
1.23989e-05
1.2359e-05
1.22661e-05
1.21214e-05
1.19269e-05
1.1684e-05
1.13952e-05
1.10622e-05
1.06878e-05
1.02742e-05
9.82433e-06
9.34059e-06
8.82619e-06
8.28379e-06
7.7167e-06
7.12771e-06
6.52023e-06
5.89716e-06
5.26197e-06
4.61753e-06
3.9673e-06
3.31414e-06
2.66145e-06
2.01197e-06
1.36897e-06
7.35045e-07
1.13321e-07
-4.93801e-07
-1.08345e-06
-1.65346e-06
-2.2012e-06
-2.72475e-06
-3.2218e-06
-3.69075e-06
-4.12964e-06
-4.53715e-06
-4.91163e-06
-5.25217e-06
-5.5575e-06
-5.82705e-06
-6.05991e-06
-6.25583e-06
-6.41433e-06
-6.53556e-06
-6.61938e-06
-6.66625e-06
-6.67639e-06
-6.65065e-06
-6.58963e-06
-6.49445e-06
-6.366e-06
-6.20571e-06
-6.0148e-06
-5.79498e-06
-5.54772e-06
-5.27491e-06
-4.97827e-06
-4.65991e-06
-4.32175e-06
-3.96605e-06
-3.59483e-06
-3.21048e-06
-2.81515e-06
-2.41129e-06
-2.00111e-06
-1.58706e-06
-1.17137e-06
-7.56491e-07
-3.44629e-07
6.18492e-08
4.60822e-07
8.50022e-07
1.22743e-06
1.59091e-06
1.93861e-06
2.2686e-06
2.5792e-06
2.86869e-06
3.13561e-06
3.37848e-06
3.5961e-06
3.78726e-06
3.95104e-06
4.08649e-06
4.19299e-06
4.26992e-06
4.31694e-06
4.33374e-06
4.3203e-06
4.27662e-06
4.20301e-06
4.09977e-06
3.96751e-06
3.80685e-06
3.61871e-06
3.40399e-06
3.1639e-06
2.89962e-06
2.61262e-06
2.30433e-06
1.97648e-06
1.63072e-06
1.26898e-06
8.93105e-07
5.05215e-07
1.07322e-07
-2.98312e-07
-7.09574e-07
-1.1241e-06
-1.53969e-06
-1.95389e-06
-2.36448e-06
-2.769e-06
-3.16526e-06
-3.55079e-06
-3.92344e-06
-4.28083e-06
-4.62091e-06
-4.94143e-06
-5.24046e-06
-5.51588e-06
-5.76597e-06
-5.98882e-06
-6.18295e-06
-6.34664e-06
-6.47865e-06
-6.57754e-06
-6.64242e-06
-6.67212e-06
-6.66605e-06
-6.62333e-06
-6.54373e-06
-6.42678e-06
-6.27258e-06
-6.08096e-06
-5.85241e-06
-5.58712e-06
-5.286e-06
-4.94961e-06
-4.57918e-06
-4.17562e-06
-3.74054e-06
-3.27524e-06
-2.78168e-06
-2.26142e-06
-1.71677e-06
-1.14961e-06
-5.62576e-07
4.21955e-08
6.61846e-07
1.29399e-06
1.93552e-06
2.58384e-06
3.2357e-06
3.88838e-06
4.53846e-06
5.18312e-06
5.8189e-06
6.44292e-06
7.05172e-06
7.64241e-06
8.21156e-06
8.75639e-06
9.2736e-06
9.76049e-06
1.02139e-05
1.06314e-05
1.10099e-05
1.13474e-05
1.16412e-05
1.18891e-05
1.20891e-05
1.22395e-05
1.23383e-05
1.23844e-05
1.23762e-05
1.23129e-05
1.21936e-05
1.20179e-05
1.17853e-05
1.14959e-05
1.11498e-05
1.07475e-05
1.02896e-05
9.77733e-06
9.21171e-06
8.59437e-06
7.927e-06
7.21164e-06
6.45055e-06
5.64626e-06
4.80152e-06
3.91924e-06
3.00266e-06
2.05514e-06
1.08037e-06
8.19855e-08
-9.35958e-07
-1.96951e-06
-3.01424e-06
-4.06599e-06
-5.12012e-06
-6.17232e-06
-7.21774e-06
-8.25196e-06
-9.27006e-06
-1.02676e-05
-1.12398e-05
-1.2182e-05
-1.30896e-05
-1.39584e-05
-1.47835e-05
-1.55612e-05
-1.62868e-05
-1.69568e-05
-1.75671e-05
-1.81144e-05
-1.8595e-05
-1.9006e-05
-1.93445e-05
-1.9608e-05
-1.97939e-05
-1.99005e-05
-1.9926e-05
-1.9869e-05
-1.97285e-05
-1.95039e-05
-1.91948e-05
-1.88013e-05
-1.83238e-05
-1.7763e-05
-1.71201e-05
-1.63968e-05
-1.55947e-05
-1.47163e-05
-1.37641e-05
-1.27411e-05
-1.16507e-05
-1.04965e-05
-9.28253e-06
-8.01298e-06
-6.69264e-06
-5.32619e-06
-3.91897e-06
-2.47612e-06
-1.00353e-06
4.93255e-07
2.008e-06
3.53487e-06
5.06727e-06
6.59911e-06
8.12367e-06
9.63478e-06
1.11256e-05
1.25899e-05
1.4021e-05
1.54127e-05
1.67584e-05
1.80523e-05
1.9288e-05
2.04599e-05
2.15622e-05
2.25895e-05
2.35367e-05
2.4399e-05
2.51717e-05
2.58507e-05
2.6432e-05
2.69122e-05
2.72883e-05
2.75574e-05
2.77174e-05
2.77664e-05
2.77031e-05
2.75266e-05
2.72366e-05
2.68329e-05
2.63164e-05
2.56878e-05
2.49489e-05
2.41014e-05
2.31482e-05
2.20919e-05
2.09363e-05
1.96849e-05
1.83423e-05
1.69131e-05
1.54027e-05
1.38163e-05
1.21602e-05
1.04405e-05
8.66382e-06
6.83699e-06
4.96729e-06
3.06206e-06
1.12898e-06
-8.2423e-07
-2.78962e-06
-4.75906e-06
-6.7245e-06
-8.67769e-06
-1.06106e-05
-1.25149e-05
-1.43826e-05
-1.62055e-05
-1.79762e-05
-1.96865e-05
-2.13293e-05
-2.28971e-05
-2.43831e-05
-2.57805e-05
-2.7083e-05
-2.82846e-05
-2.93798e-05
-3.03633e-05
-3.12305e-05
-3.19771e-05
-3.25993e-05
-3.30938e-05
-3.3458e-05
-3.36895e-05
-3.37867e-05
-3.37487e-05
-3.35747e-05
-3.32649e-05
-3.28198e-05
-3.22408e-05
-3.15293e-05
-3.06881e-05
-2.97197e-05
-2.86279e-05
-2.74162e-05
-2.60896e-05
-2.46528e-05
-2.31115e-05
-2.14714e-05
-1.97391e-05
-1.79213e-05
-1.60253e-05
-1.40585e-05
-1.20289e-05
-9.94457e-06
-7.81403e-06
-5.6458e-06
-3.44875e-06
-1.23188e-06
9.95782e-07
3.22503e-06
5.44685e-06
7.65184e-06
9.83112e-06
1.19754e-05
1.40762e-05
1.61244e-05
1.81117e-05
2.00296e-05
2.18704e-05
2.36261e-05
2.52897e-05
2.68539e-05
2.83125e-05
2.96591e-05
3.08882e-05
3.19946e-05
3.29738e-05
3.38214e-05
3.45341e-05
3.51088e-05
3.55432e-05
3.58354e-05
3.59841e-05
3.59889e-05
3.58495e-05
3.55669e-05
3.51419e-05
3.45767e-05
3.38734e-05
3.30351e-05
3.20652e-05
3.09681e-05
2.97481e-05
2.84105e-05
2.69609e-05
2.54054e-05
2.37506e-05
2.20033e-05
2.01709e-05
1.82611e-05
1.62819e-05
1.42413e-05
1.21482e-05
1.0011e-05
7.83881e-06
5.64032e-06
3.42496e-06
1.20158e-06
-1.02041e-06
-3.23218e-06
-5.42442e-06
-7.58835e-06
-9.71507e-06
-1.17961e-05
-1.38229e-05
-1.57874e-05
-1.76818e-05
-1.94985e-05
-2.12304e-05
-2.28706e-05
-2.44129e-05
-2.58511e-05
-2.71801e-05
-2.83944e-05
-2.94901e-05
-3.04627e-05
-3.13092e-05
-3.20263e-05
-3.2612e-05
-3.30644e-05
-3.33823e-05
-3.3565e-05
-3.36126e-05
-3.35256e-05
-3.3305e-05
-3.29525e-05
-3.24701e-05
-3.18609e-05
-3.11276e-05
-3.02745e-05
-2.93055e-05
-2.82254e-05
-2.70391e-05
-2.57525e-05
-2.43712e-05
-2.29018e-05
-2.13506e-05
-1.97247e-05
-1.80313e-05
-1.62778e-05
-1.44718e-05
-1.2621e-05
-1.07336e-05
-8.81722e-06
-6.88035e-06
-4.9308e-06
-2.97695e-06
-1.02652e-06
9.12169e-07
2.83148e-06
4.72353e-06
6.58093e-06
8.39619e-06
1.01622e-05
1.18723e-05
1.35198e-05
1.50985e-05
1.66025e-05
1.80264e-05
1.93649e-05
2.06134e-05
2.17674e-05
2.28235e-05
2.37778e-05
2.46276e-05
2.53702e-05
2.60039e-05
2.6527e-05
2.69384e-05
2.72377e-05
2.74247e-05
2.74998e-05
2.74637e-05
2.73181e-05
2.70644e-05
2.6705e-05
2.62424e-05
2.56798e-05
2.50204e-05
2.42681e-05
2.34271e-05
2.25018e-05
2.1497e-05
2.04177e-05
1.92693e-05
1.80572e-05
1.67874e-05
1.54655e-05
1.40979e-05
1.26905e-05
1.12498e-05
9.78199e-06
8.29368e-06
6.79101e-06
5.2805e-06
3.76845e-06
2.26113e-06
7.64671e-07
-7.14968e-07
-2.17169e-06
-3.60006e-06
-4.99433e-06
-6.34946e-06
-7.66006e-06
-8.92169e-06
-1.01295e-05
-1.12796e-05
-1.23677e-05
-1.33904e-05
-1.43443e-05
-1.52266e-05
-1.60345e-05
-1.67659e-05
-1.74189e-05
-1.79917e-05
-1.84835e-05
-1.88932e-05
-1.92206e-05
-1.94653e-05
-1.96278e-05
-1.97086e-05
-1.97086e-05
-1.96291e-05
-1.94717e-05
-1.92383e-05
-1.89309e-05
-1.85522e-05
-1.81048e-05
-1.75917e-05
-1.70159e-05
-1.63813e-05
-1.5691e-05
-1.4949e-05
-1.41592e-05
-1.33258e-05
-1.24529e-05
-1.15446e-05
-1.06057e-05
-9.64028e-06
-8.65298e-06
-7.64807e-06
-6.63038e-06
-5.60397e-06
-4.57354e-06
-3.54325e-06
-2.51757e-06
-1.50048e-06
-4.96127e-07
4.9146e-07
1.45865e-06
2.40166e-06
3.31719e-06
4.20167e-06
5.05236e-06
5.86605e-06
6.64029e-06
7.3724e-06
8.06039e-06
8.70206e-06
9.29567e-06
9.83979e-06
1.0333e-05
1.07744e-05
1.11629e-05
1.14984e-05
1.17801e-05
1.20082e-05
1.21827e-05
1.23041e-05
1.23728e-05
1.23896e-05
1.23558e-05
1.22723e-05
1.21406e-05
1.19621e-05
1.17389e-05
1.14725e-05
1.11652e-05
1.08189e-05
1.04362e-05
1.00192e-05
9.57055e-06
9.09283e-06
8.58855e-06
8.06054e-06
7.51139e-06
6.94412e-06
6.36114e-06
5.76561e-06
5.16005e-06
4.5474e-06
3.93021e-06
3.31135e-06
2.69338e-06
2.07878e-06
1.47022e-06
8.6995e-07
2.80486e-07
-2.96253e-07
-8.57768e-07
-1.40238e-06
-1.92802e-06
-2.43305e-06
-2.91571e-06
-3.37461e-06
-3.80845e-06
-4.2158e-06
-4.59586e-06
-4.94746e-06
-5.27008e-06
-5.56274e-06
-5.8253e-06
-6.05718e-06
-6.25825e-06
-6.42841e-06
-6.56776e-06
-6.67653e-06
-6.75483e-06
-6.80344e-06
-6.82261e-06
-6.81325e-06
-6.7759e-06
-6.71174e-06
-6.62147e-06
-6.50627e-06
-6.36733e-06
-6.20576e-06
-6.02294e-06
-5.82005e-06
-5.59878e-06
-5.36019e-06
-5.10605e-06
-4.83768e-06
-4.55675e-06
-4.26462e-06
-3.96293e-06
-3.65332e-06
-3.33706e-06
-3.01595e-06
-2.69127e-06
-2.36473e-06
-2.03744e-06
-1.71116e-06
-1.38703e-06
-1.06641e-06
-7.50595e-07
-4.40761e-07
-1.38142e-07
1.56425e-07
4.41555e-07
7.16642e-07
9.80576e-07
1.23275e-06
1.4722e-06
1.69848e-06
1.91099e-06
2.10905e-06
2.29249e-06
2.46075e-06
2.61378e-06
2.75108e-06
2.8729e-06
2.9789e-06
3.06921e-06
3.14393e-06
3.20319e-06
3.24726e-06
3.27624e-06
3.2908e-06
3.29095e-06
3.27741e-06
3.25049e-06
3.21089e-06
3.15899e-06
3.09548e-06
3.02111e-06
2.9363e-06
2.84198e-06
2.73866e-06
2.62731e-06
2.50834e-06
2.38282e-06
2.25135e-06
2.11464e-06
1.97356e-06
1.82878e-06
1.68116e-06
1.53116e-06
1.37989e-06
1.22771e-06
1.07548e-06
9.23787e-07
7.73336e-07
6.24684e-07
4.7833e-07
3.35102e-07
1.95151e-07
5.92718e-08
-7.22903e-08
-1.98919e-07
-3.20459e-07
-4.36398e-07
-5.46392e-07
-6.5039e-07
-7.47875e-07
-8.38874e-07
-9.23e-07
-1.00042e-06
-1.07069e-06
-1.13399e-06
-1.19027e-06
-1.2394e-06
-1.28157e-06
-1.31669e-06
-1.3451e-06
-1.36654e-06
-1.38156e-06
-1.39008e-06
-1.39235e-06
-1.38861e-06
-1.37906e-06
-1.36405e-06
-1.34359e-06
-1.31836e-06
-1.28826e-06
-1.25383e-06
-1.21529e-06
-1.17302e-06
-1.12728e-06
-1.07836e-06
-1.02683e-06
-9.72627e-07
-9.16444e-07
-8.58375e-07
-7.98902e-07
-7.38164e-07
-6.76628e-07
-6.14596e-07
-5.52141e-07
-4.89887e-07
-4.27805e-07
-3.66372e-07
-3.05628e-07
-2.46062e-07
-1.87688e-07
-1.30732e-07
-7.55886e-08
-2.21418e-08
2.91925e-08
7.84737e-08
1.25318e-07
1.69916e-07
2.11929e-07
2.51294e-07
2.88124e-07
3.22109e-07
3.53421e-07
3.81824e-07
4.0759e-07
4.30376e-07
4.50438e-07
4.67779e-07
4.82266e-07
4.9416e-07
5.03334e-07
5.10064e-07
5.14113e-07
5.15924e-07
5.15347e-07
5.12494e-07
5.07624e-07
5.0066e-07
4.91881e-07
4.81188e-07
4.69033e-07
4.55173e-07
4.39964e-07
4.23531e-07
4.05848e-07
3.87214e-07
3.676e-07
3.47354e-07
3.26258e-07
3.04798e-07
2.82881e-07
2.60602e-07
2.3824e-07
2.15725e-07
1.93323e-07
1.70904e-07
1.48905e-07
1.27062e-07
1.05649e-07
8.47911e-08
6.43731e-08
4.46565e-08
2.553e-08
7.28369e-09
-1.03682e-08
-2.70472e-08
-4.28749e-08
-5.78991e-08
-7.18687e-08
-8.49845e-08
-9.70421e-08
-1.0826e-07
-1.18317e-07
-1.27513e-07
-1.35729e-07
-1.42848e-07
-1.49152e-07
-1.54395e-07
-1.58798e-07
-1.6217e-07
-1.64814e-07
-1.66501e-07
-1.67341e-07
-1.67538e-07
-1.66807e-07
-1.65489e-07
-1.6341e-07
-1.60793e-07
-1.57463e-07
-1.53656e-07
-1.49391e-07
-1.44492e-07
-1.39372e-07
-1.33734e-07
-1.27834e-07
-1.21584e-07
-1.15159e-07
-1.08487e-07
-1.01576e-07
-9.47255e-08
-8.75658e-08
-8.05003e-08
-7.33654e-08
-6.62538e-08
-5.91751e-08
-5.21698e-08
-4.53594e-08
-3.84878e-08
-3.19959e-08
-2.55397e-08
-1.93046e-08
-1.33418e-08
-7.55906e-09
-2.07748e-09
3.23739e-09
8.09962e-09
1.2881e-08
1.72455e-08
2.12964e-08
2.51615e-08
2.85935e-08
3.18142e-08
3.46377e-08
3.72922e-08
3.94911e-08
4.14819e-08
4.32351e-08
4.45349e-08
4.57493e-08
4.65681e-08
4.71994e-08
4.75196e-08
4.76802e-08
4.75829e-08
4.71905e-08
4.67961e-08
4.59904e-08
4.51532e-08
4.4122e-08
4.29163e-08
4.1601e-08
4.01312e-08
3.86491e-08
3.68855e-08
3.525e-08
3.34155e-08
3.15077e-08
2.96707e-08
2.76671e-08
2.57353e-08
2.37016e-08
2.17881e-08
1.97363e-08
1.77791e-08
1.59038e-08
1.38768e-08
1.20973e-08
1.02228e-08
8.45523e-09
6.72258e-09
5.07965e-09
3.50032e-09
1.90447e-09
5.76217e-10
-9.00779e-10
-2.15431e-09
-3.333e-09
-4.52161e-09
-5.51956e-09
-6.51672e-09
-7.34215e-09
-8.21918e-09
-8.85405e-09
-9.50411e-09
-1.01191e-08
-1.04808e-08
-1.09765e-08
-1.12524e-08
-1.15162e-08
-1.16925e-08
-1.18252e-08
-1.18926e-08
-1.1822e-08
-1.188e-08
-1.16604e-08
-1.1544e-08
-1.13732e-08
-1.10537e-08
-1.08311e-08
-1.04708e-08
-1.01612e-08
-9.71864e-09
-9.38038e-09
-8.93788e-09
-8.43412e-09
-8.09493e-09
-7.51383e-09
-7.09154e-09
-6.61166e-09
-6.09898e-09
-5.6309e-09
-5.12346e-09
-4.69663e-09
-4.12475e-09
-3.75595e-09
-3.25565e-09
-2.76587e-09
-2.43339e-09
-1.91505e-09
-1.56749e-09
-1.1611e-09
-8.04189e-10
-4.33522e-10
-1.00795e-10
1.58368e-10
5.61512e-10
7.18665e-10
1.03251e-09
1.28936e-09
1.42341e-09
1.69769e-09
1.82012e-09
2.00602e-09
2.10263e-09
2.26625e-09
2.34499e-09
2.38069e-09
2.55593e-09
2.48061e-09
2.58689e-09
2.6125e-09
2.55679e-09
2.61541e-09
2.55039e-09
2.55551e-09
2.46274e-09
2.47488e-09
2.37942e-09
2.27749e-09
2.30834e-09
2.10023e-09
2.09634e-09
1.99896e-09
1.85393e-09
1.81523e-09
1.67134e-09
1.60457e-09
1.4472e-09
1.41078e-09
1.2604e-09
1.13301e-09
1.12769e-09
8.96639e-10
8.88104e-10
7.73564e-10
6.31666e-10
6.01903e-10
4.64599e-10
4.13503e-10
2.84169e-10
2.67717e-10
1.45279e-10
6.09587e-11
8.34914e-11
-1.08071e-10
-6.51672e-11
-1.44515e-10
-2.41907e-10
-2.11394e-10
-3.13953e-10
-3.13918e-10
-3.80479e-10
-3.6506e-10
-4.28706e-10
-4.58137e-10
-3.98319e-10
-5.36797e-10
-4.40292e-10
-4.82248e-10
-5.37861e-10
-4.45304e-10
-5.28717e-10
-4.81144e-10
-4.92845e-10
-4.71874e-10
-4.77166e-10
-4.76493e-10
-4.01596e-10
-4.95561e-10
-3.76241e-10
-3.99776e-10
-4.33271e-10
-3.03564e-10
-3.94965e-10
-3.17348e-10
-2.98876e-10
-3.0624e-10
-2.59998e-10
-2.6506e-10
-2.00679e-10
-2.55923e-10
-1.56093e-10
-1.73021e-10
-1.99829e-10
-6.64626e-11
-1.76175e-10
-8.57669e-11
-6.0572e-11
-1.13308e-10
-2.00221e-11
-5.96298e-11
-1.70148e-11
-2.9589e-11
1.11844e-11
9.94316e-12
-1.68369e-11
8.70239e-11
-2.08701e-11
6.26675e-11
8.0911e-11
-6.2383e-12
1.21678e-10
3.85087e-11
6.49372e-11
9.77278e-11
5.60639e-11
9.46617e-11
6.27947e-11
1.12175e-10
5.02554e-11
9.6148e-11
1.08727e-10
2.12835e-11
1.47806e-10
4.37731e-11
6.41469e-11
1.28048e-10
1.50986e-11
1.07243e-10
6.28302e-11
5.34241e-11
7.64003e-11
4.87503e-11
7.34565e-11
2.13472e-11
8.98204e-11
2.1568e-11
3.0394e-11
9.37051e-11
-3.34351e-11
8.2514e-11
2.87348e-11
-1.58171e-11
8.44358e-11
-2.35301e-11
3.2728e-11
2.57561e-11
-3.38091e-12
2.43117e-11
-5.782e-12
3.11186e-11
-3.08034e-11
3.08597e-11
1.84725e-12
-4.29759e-11
6.44537e-11
-6.19446e-11
1.04342e-11
2.80222e-11
-7.16826e-11
4.92861e-11
-3.42819e-11
-2.08581e-11
1.87295e-11
-3.88598e-11
6.68679e-12
-2.61155e-11
5.78365e-12
-2.99128e-11
-9.87908e-12
1.5099e-11
-6.619e-11
4.44475e-11
-3.78068e-11
-3.50564e-11
5.22282e-11
-8.08355e-11
2.88623e-11
-2.20204e-12
-5.41604e-11
4.26251e-11
-4.30112e-11
-4.34727e-15
-1.21657e-13
-1.86868e-11
3.49469e-12
-2.28778e-11
2.23255e-11
-4.01765e-11
1.63006e-11
7.34523e-12
-5.3518e-11
6.23275e-11
-5.09707e-11
-2.12221e-12
4.57204e-11
-7.34655e-11
5.42165e-11
-1.54402e-11
-2.99546e-11
4.84764e-11
-4.26997e-11
1.89492e-11
1.25208e-12
-9.85668e-12
1.08126e-11
-1.23349e-11
2.27991e-11
-3.04414e-11
2.83346e-11
-2.00047e-12
-3.18013e-11
6.12248e-11
-5.60711e-11
2.32505e-11
3.09065e-11
-6.56072e-11
7.06996e-11
-3.31535e-11
-1.38144e-11
5.40605e-11
-5.69321e-11
3.69222e-11
-4.61116e-14
-2.14931e-11
3.05018e-11
-2.07795e-11
1.51013e-11
-9.40874e-12
1.06928e-11
-3.68461e-13
-1.57028e-11
3.87194e-11
-4.44273e-11
2.91768e-11
1.12438e-11
-5.01201e-11
6.92208e-11
-4.88171e-11
2.45028e-12
4.9034e-11
-7.24871e-11
5.87725e-11
-1.3794e-11
-3.30953e-11
5.91088e-11
-5.13875e-11
2.14123e-11
1.22392e-11
-3.07523e-11
3.08496e-11
-1.95037e-11
8.55116e-12
-2.85743e-12
-8.84524e-13
8.96923e-12
-2.27408e-11
3.3778e-11
-3.08723e-11
7.55755e-12
2.73174e-11
-5.54856e-11
5.65337e-11
-2.60566e-11
-2.33176e-11
6.33443e-11
-7.14687e-11
4.02691e-11
1.23488e-11
-5.84464e-11
7.16077e-11
-4.73817e-11
-6.62043e-15
4.22072e-11
-5.88601e-11
4.37539e-11
-1.09012e-11
-2.07645e-11
3.50375e-11
-3.09276e-11
1.58528e-11
-1.9478e-12
-6.36349e-12
9.98707e-12
-1.45735e-11
2.02498e-11
-2.27925e-11
1.42513e-11
6.48566e-12
-3.20572e-11
4.67134e-11
-3.82657e-11
5.71644e-12
3.55289e-11
-6.26585e-11
5.74441e-11
-1.97446e-11
-3.18293e-11
6.85763e-11
-6.92575e-11
3.21557e-11
2.26001e-11
-6.50088e-11
7.19122e-11
-4.05521e-11
-1.07608e-11
5.34865e-11
-6.55613e-11
4.30519e-11
-9.90345e-13
-3.67541e-11
5.14486e-11
-3.90411e-11
1.02257e-11
1.7807e-11
-3.18385e-11
2.89149e-11
-1.53294e-11
4.98162e-13
9.44666e-12
-1.39419e-11
1.55781e-11
-1.58455e-11
1.29994e-11
-4.03223e-12
-1.11172e-11
2.66999e-11
-3.31346e-11
2.29175e-11
2.75454e-12
-3.24039e-11
4.91357e-11
-4.07702e-11
8.15561e-12
3.29846e-11
-6.00044e-11
5.58478e-11
-2.0201e-11
-2.92211e-11
6.52924e-11
-6.70568e-11
3.18097e-11
2.21099e-11
-6.53681e-11
7.36384e-11
-4.18256e-11
-1.30386e-11
6.08763e-11
-7.55447e-11
4.92313e-11
3.23417e-12
-5.29215e-11
7.30383e-11
-5.34877e-11
6.14248e-12
4.26962e-11
-6.67219e-11
5.44631e-11
-1.40777e-11
-3.12496e-11
5.76112e-11
-5.20818e-11
2.01762e-11
1.99262e-11
-4.63185e-11
4.71e-11
-2.36486e-11
-9.11136e-12
3.43299e-11
-3.94557e-11
2.50658e-11
1.85044e-13
-2.17064e-11
3.06386e-11
-2.36196e-11
7.41927e-12
1.02295e-11
-2.01802e-11
2.07668e-11
-1.22429e-11
8.48096e-13
1.00621e-11
-1.54734e-11
1.57191e-11
-9.63464e-12
7.06875e-13
9.71862e-12
-1.63837e-11
1.74684e-11
-1.01085e-11
-2.38835e-12
1.59638e-11
-2.27969e-11
1.91895e-11
-4.80275e-12
-1.35463e-11
2.66967e-11
-2.68127e-11
1.22138e-11
9.95266e-12
-2.89968e-11
3.28405e-11
-1.98236e-11
-6.12936e-12
2.88724e-11
-3.86087e-11
2.55498e-11
6.16622e-14
-2.93588e-11
4.07328e-11
-3.31801e-11
3.34422e-12
2.53899e-11
-4.52805e-11
3.58226e-11
-1.13891e-11
-2.55745e-11
4.31061e-11
-4.35066e-11
1.28066e-11
1.81582e-11
-4.72814e-11
4.22506e-11
-2.23238e-11
-1.92779e-11
4.10329e-11
-5.00038e-11
2.46035e-11
-9.75758e-12
-2.70347e-12
-9.53283e-13
-6.15049e-13
-1.09819e-13
-1.104e-14
0
