0
2.50022e-16
3.639e-15
2.66361e-14
-6.31698e-14
1.28858e-12
-3.70087e-12
3.83297e-13
1.75216e-11
-3.69267e-11
4.09006e-11
-3.53321e-11
3.48531e-11
-4.05653e-11
3.83147e-11
-1.84867e-11
-9.85246e-12
2.84222e-11
-3.1401e-11
3.03353e-11
-3.71189e-11
4.68561e-11
-4.40111e-11
2.29204e-11
3.35313e-12
-1.83083e-11
2.08754e-11
-2.45187e-11
3.73095e-11
-4.99986e-11
4.68723e-11
-2.62567e-11
3.31284e-12
7.72864e-12
-1.00442e-11
1.76139e-11
-3.51841e-11
5.00034e-11
-4.71013e-11
2.78779e-11
-9.03557e-12
2.16747e-12
-7.50216e-13
-9.77576e-12
3.09604e-11
-4.73934e-11
4.45793e-11
-2.70509e-11
1.26492e-11
-1.07213e-11
1.10126e-11
1.51959e-12
-2.55855e-11
4.26673e-11
-3.91693e-11
2.29356e-11
-1.35599e-11
1.74172e-11
-2.01443e-11
5.88481e-12
2.01909e-11
-3.64091e-11
3.05675e-11
-1.52925e-11
1.16187e-11
-2.20336e-11
2.69625e-11
-1.08887e-11
-1.60747e-11
2.89299e-11
-1.89751e-11
4.53613e-12
-7.43749e-12
2.41323e-11
-3.00822e-11
1.17822e-11
1.40404e-11
-2.07063e-11
5.17862e-12
7.81302e-12
1.8489e-12
-2.32456e-11
2.79611e-11
-7.57947e-12
-1.45119e-11
1.23501e-11
8.89286e-12
-1.96458e-11
4.1278e-12
1.8687e-11
-1.98566e-11
-1.76294e-12
1.72705e-11
-5.21462e-12
-2.06091e-11
2.852e-11
-9.90475e-12
-1.02887e-11
6.21836e-12
1.48111e-11
-2.20461e-11
1.10264e-12
2.69917e-11
-3.2754e-11
1.50627e-11
-1.28456e-12
1.05848e-11
-2.92475e-11
2.85517e-11
-2.13583e-12
-2.60958e-11
3.17639e-11
-1.93933e-11
1.37577e-11
-2.68378e-11
4.22957e-11
-3.68862e-11
9.46418e-12
1.779e-11
-2.65343e-11
2.21114e-11
-2.36756e-11
3.82253e-11
-5.19107e-11
4.6832e-11
-2.24192e-11
-4.5834e-12
1.88317e-11
-2.1946e-11
2.71465e-11
-4.17285e-11
5.69829e-11
-5.73796e-11
3.75585e-11
-9.24898e-12
-1.06621e-11
1.73055e-11
-2.19504e-11
3.66625e-11
-5.74565e-11
6.57684e-11
-4.95681e-11
1.89419e-11
3.32838e-12
-7.8701e-12
8.94706e-12
-2.52952e-11
5.32978e-11
-6.81224e-11
5.2994e-11
-2.14519e-11
2.10498e-12
-4.25832e-12
7.15509e-12
1.14527e-11
-4.42829e-11
6.08693e-11
-4.52712e-11
1.62409e-11
-4.30471e-12
1.38822e-11
-1.97324e-11
1.05063e-12
3.01677e-11
-4.36465e-11
2.82231e-11
-5.18082e-12
7.81362e-13
-1.47745e-11
2.31162e-11
-1.00895e-11
-1.25044e-11
2.07045e-11
-7.812e-12
-9.23074e-12
1.08759e-11
3.00177e-12
-1.58711e-11
1.48035e-11
-4.44393e-12
-1.95135e-13
-9.12302e-12
2.46406e-11
-3.07093e-11
1.93722e-11
1.12697e-12
-1.47339e-11
1.43552e-11
-1.02485e-11
1.80284e-11
-3.8685e-11
5.35463e-11
-4.42797e-11
1.53019e-11
9.04749e-12
-1.29562e-11
8.08934e-12
-1.84254e-11
4.73106e-11
-6.97767e-11
6.12607e-11
-2.84295e-11
1.52523e-12
2.13726e-12
1.85204e-12
1.22555e-11
-4.52918e-11
6.99196e-11
-6.36847e-11
3.52171e-11
-1.24706e-11
8.88487e-12
-1.07672e-11
-2.01212e-12
2.9435e-11
-5.16601e-11
5.18638e-11
-3.38461e-11
1.53585e-11
-9.0432e-12
1.14174e-11
-9.70884e-12
-3.7153e-12
2.24564e-11
-3.16338e-11
2.25027e-11
-3.46894e-12
-6.57252e-12
-2.18229e-12
1.79898e-11
-2.02688e-11
4.65034e-12
9.41358e-12
-1.95421e-12
-2.10659e-11
3.19038e-11
-1.4305e-11
-1.6002e-11
2.97973e-11
-2.0282e-11
9.99217e-12
-2.08438e-11
4.49876e-11
-5.41587e-11
3.38301e-11
7.47964e-14
-2.15987e-11
2.3795e-11
-2.24613e-11
3.3126e-11
-5.23215e-11
6.23309e-11
-5.10055e-11
2.30362e-11
5.29171e-12
-2.08811e-11
2.3764e-11
-2.56353e-11
3.6684e-11
-5.28333e-11
5.68883e-11
-3.72909e-11
4.35637e-12
1.69335e-11
-1.43322e-11
2.83044e-12
-6.60206e-12
2.76572e-11
-4.20247e-11
2.9423e-11
-3.64549e-13
-1.53119e-11
3.70564e-12
1.75157e-11
-2.24694e-11
7.73417e-12
6.29929e-12
-2.67818e-12
-1.2552e-11
1.90266e-11
-5.62326e-12
-1.95934e-11
3.91537e-11
-4.2668e-11
3.36666e-11
-2.4668e-11
2.4565e-11
-2.89971e-11
2.26705e-11
3.82987e-12
-3.97035e-11
6.05654e-11
-5.42486e-11
3.52655e-11
-2.81467e-11
3.66587e-11
-3.87761e-11
1.49322e-11
2.46919e-11
-5.0061e-11
4.55103e-11
-2.63499e-11
1.78332e-11
-2.56369e-11
3.26384e-11
-2.27261e-11
-5.7613e-13
1.93102e-11
-2.04391e-11
6.53858e-12
8.22388e-12
-1.06952e-11
-9.45042e-13
1.50555e-11
-1.74421e-11
7.14758e-12
-5.80715e-13
1.35091e-11
-3.96623e-11
5.31644e-11
-3.73913e-11
5.35355e-12
1.47822e-11
-1.34099e-11
9.19678e-12
-2.35483e-11
5.20925e-11
-6.95505e-11
5.89834e-11
-2.94526e-11
3.06269e-12
8.10575e-12
-9.94004e-12
1.50486e-11
-2.91965e-11
4.60224e-11
-5.22295e-11
3.8685e-11
-1.15731e-11
-9.42485e-12
8.86226e-12
6.41995e-12
-1.35411e-11
4.25214e-13
1.7969e-11
-1.77237e-11
-3.26204e-12
2.0431e-11
-1.1623e-11
-1.72536e-11
4.0254e-11
-4.15258e-11
2.92539e-11
-2.15154e-11
2.47146e-11
-2.95407e-11
2.24674e-11
1.24394e-12
-3.3405e-11
5.7139e-11
-5.93502e-11
4.3115e-11
-2.70357e-11
2.5645e-11
-3.16193e-11
2.32246e-11
7.12555e-12
-3.95513e-11
4.7319e-11
-2.81593e-11
6.06806e-12
-2.95064e-12
1.52423e-11
-2.30655e-11
1.52717e-11
-3.15272e-13
-6.02473e-12
-3.46586e-12
2.19891e-11
-3.47763e-11
2.91926e-11
-5.76928e-12
-1.98413e-11
2.99231e-11
-2.44764e-11
2.22367e-11
-3.78015e-11
6.00485e-11
-6.25916e-11
3.48736e-11
3.82166e-12
-2.63405e-11
2.63518e-11
-2.05758e-11
2.51134e-11
-3.83855e-11
4.61416e-11
-3.79777e-11
1.58111e-11
7.56223e-12
-1.7057e-11
6.5317e-12
1.29226e-11
-2.09846e-11
8.96166e-12
8.53767e-12
-1.04846e-11
-3.74731e-12
1.13772e-11
5.95926e-12
-3.91359e-11
6.12363e-11
-5.72078e-11
3.62575e-11
-1.73447e-11
9.12908e-12
-6.18842e-12
-2.03751e-12
2.11325e-11
-4.61062e-11
6.18272e-11
-5.42542e-11
2.64907e-11
-6.83201e-13
-3.30842e-12
-9.70296e-12
1.61595e-11
-3.11869e-12
-1.57586e-11
1.80273e-11
-1.1939e-13
-1.91831e-11
2.04299e-11
-1.49742e-12
-2.4428e-11
4.22155e-11
-4.4471e-11
3.53831e-11
-2.75813e-11
3.06378e-11
-3.78559e-11
3.02261e-11
1.26256e-12
-3.98025e-11
5.78345e-11
-4.68889e-11
2.59316e-11
-1.75402e-11
2.36252e-11
-2.82443e-11
1.92844e-11
-4.28402e-13
-1.48696e-11
1.53543e-11
4.65965e-13
-2.16409e-11
2.98473e-11
-1.491e-11
-1.25048e-11
2.94409e-11
-2.65477e-11
1.89529e-11
-2.69728e-11
4.89272e-11
-6.2584e-11
5.04348e-11
-1.84587e-11
-1.34846e-11
3.00164e-11
-3.01718e-11
2.25738e-11
-1.94821e-11
2.63029e-11
-3.59116e-11
3.20277e-11
-1.01106e-11
-1.33556e-11
1.43048e-11
9.22173e-12
-3.50486e-11
3.96082e-11
-2.38298e-11
4.90912e-12
3.16853e-12
-3.47634e-12
5.92694e-12
-1.93478e-11
4.22563e-11
-6.41346e-11
6.71717e-11
-4.48106e-11
1.03226e-11
1.02953e-11
-8.05242e-12
-2.19698e-12
-1.10333e-12
1.76217e-11
-2.99131e-11
2.35578e-11
-4.47507e-12
-1.16007e-11
1.11467e-11
7.14934e-12
-3.39301e-11
5.13601e-11
-4.77196e-11
2.9032e-11
-1.55916e-11
1.77084e-11
-2.2535e-11
9.68122e-12
2.23068e-11
-5.23738e-11
6.05694e-11
-4.54462e-11
2.21791e-11
-5.51038e-12
3.52994e-12
-1.18687e-11
1.93597e-11
-1.34988e-11
-6.13027e-13
6.49624e-12
8.76357e-12
-3.05009e-11
3.54441e-11
-1.19103e-11
-2.21519e-11
4.66542e-11
-5.05516e-11
4.34354e-11
-3.39106e-11
3.22863e-11
-3.47788e-11
3.42574e-11
-1.6027e-11
-1.35882e-11
3.68637e-11
-3.16239e-11
7.07682e-12
1.50431e-11
-1.37952e-11
-1.90043e-12
1.86131e-11
-2.33706e-11
2.1926e-11
-1.95278e-11
2.73471e-11
-4.33052e-11
5.81661e-11
-5.0974e-11
1.95468e-11
1.91641e-11
-3.76517e-11
3.2061e-11
-1.81106e-11
1.44197e-11
-2.1118e-11
2.76285e-11
-2.50278e-11
1.20987e-11
2.55547e-12
-6.7604e-12
-1.06906e-11
3.90346e-11
-5.72921e-11
4.56946e-11
-1.74135e-11
-8.46254e-12
1.48411e-11
-1.56238e-11
1.80274e-11
-3.27133e-11
4.56561e-11
-5.42296e-11
4.09256e-11
-1.61728e-11
-1.31425e-11
1.56508e-11
1.22246e-12
-2.87828e-11
3.31053e-11
-2.49103e-11
7.17763e-12
-5.07894e-12
3.42722e-12
-6.36373e-12
-8.278e-12
2.83993e-11
-5.9156e-11
6.77854e-11
-5.60589e-11
1.97151e-11
1.73924e-12
-7.08042e-12
-8.2387e-12
1.26433e-11
-1.15209e-11
-6.41732e-13
2.59792e-12
9.71485e-14
-1.49536e-11
2.09595e-11
-1.10892e-11
-2.31005e-11
5.5962e-11
-6.80937e-11
5.27259e-11
-2.95619e-11
1.62165e-11
-1.36197e-11
1.62131e-11
-1.08583e-11
1.04347e-12
1.69167e-11
-1.9838e-11
9.876e-12
1.9558e-11
-2.84919e-11
1.97726e-11
1.81501e-11
-3.9756e-11
5.6196e-11
-4.32092e-11
3.9999e-11
-2.4598e-11
3.38969e-11
-2.71417e-11
2.83979e-11
5.9401e-12
-2.10048e-11
3.71771e-11
-6.40249e-12
-8.59745e-12
3.27011e-11
-1.20284e-11
1.89126e-12
3.37553e-11
-3.38948e-11
4.41183e-11
-2.42847e-11
3.84726e-11
-3.85965e-11
5.6362e-11
-2.92767e-11
9.46302e-12
2.79525e-11
-2.46399e-11
2.1418e-11
1.06054e-11
-1.93963e-11
2.53783e-11
1.46922e-12
-1.71036e-11
2.87981e-11
-2.00353e-11
2.26041e-11
-3.42227e-11
5.16699e-11
-5.93711e-11
4.52281e-11
-2.19395e-11
-1.42578e-11
2.36519e-11
-2.30785e-11
-1.2016e-11
1.78111e-11
-2.78417e-11
-3.29038e-12
-5.11005e-13
-2.14108e-11
6.20825e-13
-2.50746e-11
1.40463e-11
-5.98484e-11
5.0811e-11
-7.49043e-11
1.72544e-11
-1.35623e-11
-3.50685e-11
-5.07e-12
-1.03622e-11
-3.99425e-11
7.05683e-12
-3.44302e-11
-1.679e-11
-1.46722e-11
-1.91908e-11
-2.09445e-11
-3.21102e-11
2.20824e-11
-8.12868e-11
4.407e-11
-5.95243e-11
-4.9565e-12
-7.41357e-12
-2.75826e-11
-2.15235e-11
1.37402e-11
-4.80227e-11
1.23632e-11
-2.28439e-11
-2.61008e-13
-2.11131e-11
5.94396e-12
-5.43536e-12
-2.57552e-11
4.71905e-11
-6.08738e-11
5.13415e-11
-1.34399e-11
-1.03187e-12
1.91561e-11
1.73719e-11
-1.39014e-11
5.47695e-11
-2.10943e-11
4.90349e-11
2.82372e-12
4.43067e-11
1.77631e-12
4.96554e-11
3.3765e-11
1.92125e-12
8.33839e-11
-4.20008e-12
5.90933e-11
4.70802e-11
2.5145e-11
5.18399e-11
6.64616e-11
3.49715e-12
9.71745e-11
1.04082e-11
8.05119e-11
2.20274e-11
8.24124e-11
2.1797e-11
6.98988e-11
5.45483e-11
2.45971e-11
8.16054e-11
3.56909e-11
3.22239e-11
7.72052e-11
2.10006e-11
4.05869e-11
7.0475e-11
-1.17548e-11
8.44335e-11
-4.97506e-12
5.3664e-11
-1.70143e-12
5.364e-11
-1.31325e-11
2.81693e-11
9.60226e-12
-5.30714e-12
-2.10879e-13
1.47898e-11
-5.55433e-11
3.25548e-11
-4.88221e-11
-3.67962e-11
3.90863e-12
-8.24901e-11
-9.40821e-12
-6.96124e-11
-4.54309e-11
-7.24175e-11
-4.54421e-11
-9.67968e-11
-5.94722e-11
-8.96685e-11
-7.63704e-11
-1.19767e-10
-4.66395e-11
-1.60307e-10
-5.24109e-11
-1.30798e-10
-1.22809e-10
-8.10263e-11
-1.426e-10
-1.14e-10
-1.0449e-10
-1.40034e-10
-1.11108e-10
-1.161e-10
-1.38685e-10
-9.95015e-11
-1.35942e-10
-9.53735e-11
-1.50529e-10
-5.74582e-11
-1.6167e-10
-6.45904e-11
-1.09008e-10
-1.02902e-10
-7.0385e-11
-7.65898e-11
-1.05815e-10
-1.03321e-11
-1.06491e-10
-2.00405e-11
-4.09135e-11
-4.25463e-11
-1.00336e-12
-2.14327e-11
1.13128e-11
-5.94471e-13
4.91229e-11
9.78813e-12
6.27292e-11
6.13245e-11
6.48634e-11
7.98319e-11
1.25453e-10
5.01868e-11
1.91188e-10
7.29535e-11
1.69223e-10
1.57145e-10
1.51382e-10
1.80244e-10
1.97939e-10
1.67071e-10
2.34114e-10
1.91999e-10
2.26699e-10
2.23039e-10
2.39369e-10
2.32978e-10
2.34062e-10
2.73981e-10
2.04118e-10
2.97807e-10
2.18865e-10
2.54127e-10
2.6554e-10
2.33348e-10
2.29574e-10
2.81389e-10
1.68933e-10
2.86752e-10
1.73779e-10
2.23915e-10
1.95063e-10
1.88344e-10
1.60617e-10
1.73952e-10
1.33033e-10
1.33741e-10
1.08623e-10
1.0291e-10
5.66468e-11
8.19933e-11
2.47868e-11
1.18846e-13
4.09551e-11
-8.20636e-11
-2.0766e-12
-8.92115e-11
-1.00056e-10
-9.69505e-11
-1.40775e-10
-1.86453e-10
-1.33359e-10
-2.60512e-10
-1.80322e-10
-2.79987e-10
-2.50555e-10
-3.05454e-10
-2.89704e-10
-3.48067e-10
-3.35221e-10
-3.61515e-10
-3.81531e-10
-3.99378e-10
-3.82357e-10
-4.53307e-10
-3.94212e-10
-4.45388e-10
-4.68914e-10
-3.9799e-10
-5.02657e-10
-4.23748e-10
-4.56436e-10
-4.67547e-10
-4.33399e-10
-4.3492e-10
-4.68103e-10
-3.76041e-10
-4.59417e-10
-3.62239e-10
-4.11596e-10
-3.4167e-10
-3.7264e-10
-2.97789e-10
-3.24163e-10
-2.69803e-10
-2.5037e-10
-2.19189e-10
-2.16678e-10
-1.22706e-10
-1.79909e-10
-6.2454e-11
-6.95906e-11
-5.74214e-11
5.04927e-11
9.63265e-12
8.81584e-11
1.34395e-10
1.28667e-10
2.08586e-10
2.41424e-10
2.32163e-10
3.49481e-10
3.01877e-10
4.05656e-10
3.88635e-10
4.66418e-10
4.51528e-10
5.35346e-10
5.15586e-10
5.76133e-10
5.82076e-10
6.3423e-10
5.97585e-10
7.09075e-10
6.18213e-10
7.23493e-10
6.94962e-10
6.86107e-10
7.42656e-10
7.10444e-10
7.00284e-10
7.5924e-10
6.69367e-10
7.28472e-10
7.02518e-10
6.47439e-10
7.00314e-10
6.16094e-10
6.3252e-10
5.91836e-10
5.68443e-10
5.22938e-10
5.20635e-10
4.4294e-10
4.42609e-10
3.64906e-10
3.68639e-10
2.54209e-10
2.98013e-10
1.50705e-10
1.792e-10
9.17569e-11
3.35025e-11
-4.29839e-12
-4.59294e-11
-1.6483e-10
-1.09984e-10
-2.87591e-10
-2.52927e-10
-3.34229e-10
-4.16402e-10
-4.22028e-10
-5.00047e-10
-5.66972e-10
-5.60167e-10
-6.73354e-10
-6.75337e-10
-7.21278e-10
-7.88852e-10
-7.87497e-10
-8.5788e-10
-8.61371e-10
-9.15812e-10
-9.07832e-10
-9.7089e-10
-9.51469e-10
-9.86962e-10
-9.89581e-10
-1.00899e-09
-9.72492e-10
-1.04984e-09
-9.33099e-10
-1.03655e-09
-9.46246e-10
-9.51641e-10
-9.45761e-10
-9.024e-10
-8.53048e-10
-8.97673e-10
-7.37358e-10
-8.2261e-10
-6.93049e-10
-6.72534e-10
-6.39606e-10
-5.56811e-10
-5.04485e-10
-4.84215e-10
-3.53121e-10
-3.60457e-10
-2.4755e-10
-1.97225e-10
-1.35763e-10
-5.12474e-11
8.53968e-12
8.48899e-11
1.45193e-10
2.37099e-10
2.83377e-10
3.69208e-10
4.36912e-10
4.9547e-10
5.63619e-10
6.57686e-10
6.47549e-10
8.07573e-10
7.70015e-10
8.83394e-10
9.24412e-10
9.49477e-10
1.01063e-09
1.08117e-09
1.02756e-09
1.1899e-09
1.09011e-09
1.20042e-09
1.19259e-09
1.19112e-09
1.21847e-09
1.24274e-09
1.17409e-09
1.27294e-09
1.1565e-09
1.21941e-09
1.16534e-09
1.14561e-09
1.11749e-09
1.09658e-09
1.02745e-09
1.02769e-09
9.40226e-10
9.19294e-10
8.43824e-10
8.06604e-10
7.22486e-10
6.7418e-10
6.06564e-10
5.14244e-10
4.81164e-10
3.68294e-10
3.05319e-10
2.46565e-10
1.30686e-10
7.6023e-11
1.0148e-11
-1.36794e-10
-1.15852e-10
-2.93026e-10
-3.16606e-10
-3.96628e-10
-5.06094e-10
-5.52913e-10
-6.08097e-10
-7.58905e-10
-7.02369e-10
-8.91936e-10
-8.6773e-10
-9.5582e-10
-1.0221e-09
-1.05601e-09
-1.08328e-09
-1.19522e-09
-1.12539e-09
-1.27112e-09
-1.21054e-09
-1.28117e-09
-1.28328e-09
-1.30492e-09
-1.28746e-09
-1.33842e-09
-1.2698e-09
-1.33059e-09
-1.2587e-09
-1.28494e-09
-1.22446e-09
-1.23324e-09
-1.16375e-09
-1.15587e-09
-1.0946e-09
-1.05649e-09
-9.99264e-10
-9.6404e-10
-8.64086e-10
-8.57599e-10
-7.44133e-10
-6.96357e-10
-6.44486e-10
-5.22382e-10
-4.97419e-10
-4.01382e-10
-2.97931e-10
-2.74925e-10
-1.39753e-10
-7.54909e-11
-3.64992e-11
1.31639e-10
1.17326e-10
2.56757e-10
3.30083e-10
3.66071e-10
4.89856e-10
5.50595e-10
5.71254e-10
7.40639e-10
6.88595e-10
8.40431e-10
8.62569e-10
9.03908e-10
9.83397e-10
1.02795e-09
1.02275e-09
1.15646e-09
1.07429e-09
1.20291e-09
1.16987e-09
1.2076e-09
1.22137e-09
1.24438e-09
1.20481e-09
1.28342e-09
1.18489e-09
1.2618e-09
1.18333e-09
1.20715e-09
1.15268e-09
1.15881e-09
1.08065e-09
1.10148e-09
1.00122e-09
1.01424e-09
9.12782e-10
9.14707e-10
8.05647e-10
8.05071e-10
6.93412e-10
6.69585e-10
5.80683e-10
5.34131e-10
4.38124e-10
4.16003e-10
2.77612e-10
2.81468e-10
1.50991e-10
1.06211e-10
3.89426e-11
-5.15806e-11
-1.15751e-10
-1.55866e-10
-2.91728e-10
-2.75784e-10
-4.0742e-10
-4.47609e-10
-4.83269e-10
-5.94261e-10
-6.10068e-10
-6.60443e-10
-7.63701e-10
-7.29427e-10
-8.43425e-10
-8.61437e-10
-8.61415e-10
-9.68438e-10
-9.27925e-10
-9.80222e-10
-1.03201e-09
-9.79405e-10
-1.05978e-09
-1.04674e-09
-1.0126e-09
-1.09871e-09
-1.00494e-09
-1.05221e-09
-1.04632e-09
-9.81744e-10
-1.02007e-09
-9.76979e-10
-9.14872e-10
-9.73851e-10
-8.40168e-10
-8.78749e-10
-8.19832e-10
-7.54115e-10
-7.526e-10
-6.90299e-10
-6.08361e-10
-6.41735e-10
-4.88162e-10
-5.21594e-10
-4.24357e-10
-3.67598e-10
-3.33681e-10
-2.69812e-10
-1.8108e-10
-1.97787e-10
-4.27693e-11
-7.59016e-11
3.81666e-11
7.36885e-11
1.2839e-10
1.78501e-10
2.63075e-10
2.48565e-10
3.86541e-10
3.48347e-10
4.60735e-10
4.67122e-10
5.28024e-10
5.50089e-10
6.23035e-10
5.9924e-10
7.07998e-10
6.58708e-10
7.53447e-10
7.285e-10
7.85092e-10
7.70952e-10
8.27498e-10
7.8558e-10
8.60873e-10
7.98367e-10
8.65865e-10
8.11679e-10
8.57372e-10
8.06427e-10
8.46781e-10
7.82572e-10
8.26681e-10
7.52498e-10
7.90706e-10
7.13647e-10
7.46017e-10
6.64081e-10
6.93165e-10
6.07789e-10
6.27556e-10
5.45451e-10
5.59202e-10
4.69815e-10
4.90435e-10
3.86302e-10
4.10867e-10
3.10745e-10
3.17801e-10
2.32791e-10
2.29196e-10
1.38441e-10
1.53456e-10
3.98016e-11
6.6546e-11
-4.18693e-11
-3.54247e-11
-1.15754e-10
-1.25788e-10
-2.09015e-10
-1.94771e-10
-3.05593e-10
-2.68215e-10
-3.76062e-10
-3.60757e-10
-4.32378e-10
-4.38058e-10
-5.04423e-10
-4.84496e-10
-5.83718e-10
-5.31992e-10
-6.31149e-10
-5.97167e-10
-6.56059e-10
-6.50182e-10
-6.96478e-10
-6.6529e-10
-7.44051e-10
-6.75276e-10
-7.61684e-10
-7.05647e-10
-7.49444e-10
-7.24213e-10
-7.49444e-10
-7.05648e-10
-7.61683e-10
-6.75277e-10
-7.44051e-10
-6.6529e-10
-6.96479e-10
-6.50181e-10
-6.56059e-10
-5.97167e-10
-6.31149e-10
-5.31993e-10
-5.83717e-10
-4.84497e-10
-5.04423e-10
-4.38058e-10
-4.32378e-10
-3.60757e-10
-3.76063e-10
-2.68214e-10
-3.05593e-10
-1.94771e-10
-2.09015e-10
-1.25788e-10
-1.15753e-10
-3.5425e-11
-4.1869e-11
6.65457e-11
3.98017e-11
1.53456e-10
1.38441e-10
2.29196e-10
2.32791e-10
3.17801e-10
3.10744e-10
4.10868e-10
3.86302e-10
4.90435e-10
4.69815e-10
5.59202e-10
5.45451e-10
6.27556e-10
6.07789e-10
6.93165e-10
6.64081e-10
7.46017e-10
7.13647e-10
7.90706e-10
7.52498e-10
8.26682e-10
7.82572e-10
8.46781e-10
8.06427e-10
8.57372e-10
8.11679e-10
8.65864e-10
7.98367e-10
8.60873e-10
7.8558e-10
8.27498e-10
7.70952e-10
7.85092e-10
7.285e-10
7.53447e-10
6.58708e-10
7.07999e-10
5.9924e-10
6.23035e-10
5.50089e-10
5.28024e-10
4.67122e-10
4.60734e-10
3.48347e-10
3.86541e-10
2.48565e-10
2.63075e-10
1.78501e-10
1.2839e-10
7.36885e-11
3.81667e-11
-7.59018e-11
-4.27692e-11
-1.97787e-10
-1.8108e-10
-2.69812e-10
-3.33681e-10
-3.67598e-10
-4.24357e-10
-5.21594e-10
-4.88163e-10
-6.41734e-10
-6.08362e-10
-6.90298e-10
-7.526e-10
-7.54115e-10
-8.19832e-10
-8.7875e-10
-8.40168e-10
-9.73851e-10
-9.14872e-10
-9.76979e-10
-1.02007e-09
-9.81744e-10
-1.04632e-09
-1.05221e-09
-1.00494e-09
-1.0987e-09
-1.0126e-09
-1.04674e-09
-1.05978e-09
-9.79406e-10
-1.03201e-09
-9.80223e-10
-9.27925e-10
-9.68439e-10
-8.61414e-10
-8.61437e-10
-8.43425e-10
-7.29426e-10
-7.63702e-10
-6.60443e-10
-6.10069e-10
-5.94261e-10
-4.83269e-10
-4.47609e-10
-4.0742e-10
-2.75785e-10
-2.91728e-10
-1.55867e-10
-1.15751e-10
-5.15807e-11
3.89426e-11
1.06211e-10
1.50991e-10
2.81468e-10
2.77611e-10
4.16004e-10
4.38124e-10
5.34131e-10
5.80683e-10
6.69585e-10
6.93412e-10
8.05071e-10
8.05647e-10
9.14707e-10
9.12782e-10
1.01424e-09
1.00122e-09
1.10148e-09
1.08065e-09
1.15881e-09
1.15268e-09
1.20715e-09
1.18333e-09
1.2618e-09
1.18489e-09
1.28342e-09
1.20481e-09
1.24438e-09
1.22137e-09
1.20759e-09
1.16987e-09
1.20291e-09
1.07429e-09
1.15646e-09
1.02275e-09
1.02795e-09
9.83397e-10
9.03908e-10
8.62569e-10
8.40431e-10
6.88595e-10
7.40639e-10
5.71253e-10
5.50595e-10
4.89856e-10
3.66072e-10
3.30083e-10
2.56757e-10
1.17326e-10
1.31638e-10
-3.64986e-11
-7.54914e-11
-1.39752e-10
-2.74925e-10
-2.97931e-10
-4.01382e-10
-4.97419e-10
-5.22381e-10
-6.44486e-10
-6.96357e-10
-7.44133e-10
-8.576e-10
-8.64086e-10
-9.6404e-10
-9.99263e-10
-1.05649e-09
-1.0946e-09
-1.15587e-09
-1.16375e-09
-1.23324e-09
-1.22446e-09
-1.28494e-09
-1.2587e-09
-1.33059e-09
-1.2698e-09
-1.33842e-09
-1.28746e-09
-1.30492e-09
-1.28328e-09
-1.28117e-09
-1.21054e-09
-1.27112e-09
-1.12539e-09
-1.19522e-09
-1.08328e-09
-1.05601e-09
-1.0221e-09
-9.5582e-10
-8.6773e-10
-8.91936e-10
-7.02369e-10
-7.58905e-10
-6.08096e-10
-5.52913e-10
-5.06094e-10
-3.96628e-10
-3.16606e-10
-2.93026e-10
-1.15853e-10
-1.36793e-10
1.01478e-11
7.60232e-11
1.30686e-10
2.46565e-10
3.05319e-10
3.68294e-10
4.81164e-10
5.14244e-10
6.06564e-10
6.7418e-10
7.22486e-10
8.06604e-10
8.43824e-10
9.19294e-10
9.40226e-10
1.02769e-09
1.02745e-09
1.09658e-09
1.11749e-09
1.14561e-09
1.16534e-09
1.21941e-09
1.1565e-09
1.27294e-09
1.17409e-09
1.24274e-09
1.21847e-09
1.19112e-09
1.19259e-09
1.20042e-09
1.09011e-09
1.1899e-09
1.02756e-09
1.08117e-09
1.01063e-09
9.49477e-10
9.24412e-10
8.83393e-10
7.70016e-10
8.07572e-10
6.47549e-10
6.57685e-10
5.63619e-10
4.9547e-10
4.36912e-10
3.69208e-10
2.83376e-10
2.37099e-10
1.45193e-10
8.489e-11
8.53967e-12
-5.12475e-11
-1.35763e-10
-1.97225e-10
-2.47549e-10
-3.60457e-10
-3.53121e-10
-4.84215e-10
-5.04486e-10
-5.56811e-10
-6.39606e-10
-6.72534e-10
-6.93049e-10
-8.22611e-10
-7.37358e-10
-8.97673e-10
-8.53048e-10
-9.024e-10
-9.45761e-10
-9.51641e-10
-9.46246e-10
-1.03655e-09
-9.33099e-10
-1.04984e-09
-9.72492e-10
-1.00899e-09
-9.89582e-10
-9.86962e-10
-9.51469e-10
-9.7089e-10
-9.07832e-10
-9.15812e-10
-8.61371e-10
-8.5788e-10
-7.87497e-10
-7.88852e-10
-7.21277e-10
-6.75338e-10
-6.73354e-10
-5.60167e-10
-5.66972e-10
-5.00047e-10
-4.22028e-10
-4.16402e-10
-3.34228e-10
-2.52927e-10
-2.87591e-10
-1.09983e-10
-1.64831e-10
-4.5929e-11
-4.29857e-12
3.35025e-11
9.17572e-11
1.792e-10
1.50705e-10
2.98013e-10
2.54209e-10
3.68639e-10
3.64906e-10
4.42609e-10
4.42941e-10
5.20635e-10
5.22938e-10
5.68443e-10
5.91836e-10
6.3252e-10
6.16094e-10
7.00315e-10
6.47439e-10
7.02518e-10
7.28472e-10
6.69367e-10
7.5924e-10
7.00284e-10
7.10444e-10
7.42656e-10
6.86107e-10
6.94962e-10
7.23493e-10
6.18213e-10
7.09074e-10
5.97586e-10
6.3423e-10
5.82076e-10
5.76133e-10
5.15586e-10
5.35346e-10
4.51527e-10
4.66418e-10
3.88634e-10
4.05656e-10
3.01877e-10
3.49481e-10
2.32163e-10
2.41424e-10
2.08586e-10
1.28667e-10
1.34395e-10
8.81585e-11
9.6327e-12
5.04926e-11
-5.74213e-11
-6.95908e-11
-6.24538e-11
-1.79909e-10
-1.22707e-10
-2.16678e-10
-2.1919e-10
-2.5037e-10
-2.69803e-10
-3.24163e-10
-2.97789e-10
-3.7264e-10
-3.41669e-10
-4.11596e-10
-3.62238e-10
-4.59417e-10
-3.76041e-10
-4.68103e-10
-4.3492e-10
-4.33399e-10
-4.67547e-10
-4.56436e-10
-4.23748e-10
-5.02657e-10
-3.97991e-10
-4.68914e-10
-4.45388e-10
-3.94212e-10
-4.53307e-10
-3.82357e-10
-3.99377e-10
-3.81531e-10
-3.61515e-10
-3.35221e-10
-3.48067e-10
-2.89704e-10
-3.05454e-10
-2.50555e-10
-2.79986e-10
-1.80322e-10
-2.60511e-10
-1.33359e-10
-1.86453e-10
-1.40775e-10
-9.69513e-11
-1.00055e-10
-8.92123e-11
-2.07599e-12
-8.20639e-11
4.09551e-11
1.18997e-13
2.47868e-11
8.19933e-11
5.66467e-11
1.0291e-10
1.08623e-10
1.33742e-10
1.33033e-10
1.73953e-10
1.60617e-10
1.88344e-10
1.95064e-10
2.23914e-10
1.7378e-10
2.86752e-10
1.68933e-10
2.8139e-10
2.29574e-10
2.33348e-10
2.6554e-10
2.54127e-10
2.18866e-10
2.97807e-10
2.04118e-10
2.73981e-10
2.34062e-10
2.32978e-10
2.39369e-10
2.23039e-10
2.26699e-10
1.91999e-10
2.34114e-10
1.67072e-10
1.97939e-10
1.80244e-10
1.51382e-10
1.57145e-10
1.69223e-10
7.29532e-11
1.91188e-10
5.01866e-11
1.25453e-10
7.98321e-11
6.48631e-11
6.13246e-11
6.27293e-11
9.7879e-12
4.91232e-11
-5.94588e-13
1.13127e-11
-2.14325e-11
-1.0035e-12
-4.25464e-11
-4.09133e-11
-2.00407e-11
-1.06491e-10
-1.0332e-11
-1.05815e-10
-7.65893e-11
-7.03853e-11
-1.02902e-10
-1.09008e-10
-6.45905e-11
-1.6167e-10
-5.74582e-11
-1.50528e-10
-9.53738e-11
-1.35942e-10
-9.9502e-11
-1.38685e-10
-1.161e-10
-1.11109e-10
-1.40033e-10
-1.04491e-10
-1.13999e-10
-1.426e-10
-8.10264e-11
-1.22809e-10
-1.30798e-10
-5.24112e-11
-1.60306e-10
-4.66399e-11
-1.19767e-10
-7.63701e-11
-8.96688e-11
-5.94721e-11
-9.67967e-11
-4.54423e-11
-7.24174e-11
-4.54309e-11
-6.96125e-11
-9.40792e-12
-8.24905e-11
3.90897e-12
-3.67963e-11
-4.8822e-11
3.25546e-11
-5.55431e-11
1.47897e-11
-2.10742e-13
-5.30734e-12
9.6025e-12
2.81692e-11
-1.31324e-11
5.364e-11
-1.70168e-12
5.36645e-11
-4.97555e-12
8.44339e-11
-1.17551e-11
7.04752e-11
4.05867e-11
2.10007e-11
7.72051e-11
3.22242e-11
3.56906e-11
8.16055e-11
2.4597e-11
5.45484e-11
6.98988e-11
2.17969e-11
8.24128e-11
2.2027e-11
8.05123e-11
1.04079e-11
9.71747e-11
3.49704e-12
6.64616e-11
5.184e-11
2.5145e-11
4.708e-11
5.90937e-11
-4.2004e-12
8.33841e-11
1.92131e-12
3.37647e-11
4.96559e-11
1.77554e-12
4.43073e-11
2.82359e-12
4.90345e-11
-2.10937e-11
5.47691e-11
-1.39014e-11
1.73722e-11
1.91558e-11
-1.03164e-12
-1.34399e-11
5.13411e-11
-6.08732e-11
4.71901e-11
-2.57552e-11
-5.43504e-12
5.94357e-12
-2.11128e-11
-2.61151e-13
-2.28438e-11
1.23631e-11
-4.80226e-11
1.37401e-11
-2.15235e-11
-2.75825e-11
-7.4138e-12
-4.95607e-12
-5.95248e-11
4.40704e-11
-8.12871e-11
2.20828e-11
-3.21106e-11
-2.09442e-11
-1.91908e-11
-1.46723e-11
-1.67899e-11
-3.44304e-11
7.0572e-12
-3.99429e-11
-1.03616e-11
-5.07087e-12
-3.50674e-11
-1.35634e-11
1.72552e-11
-7.49046e-11
5.0811e-11
-5.98481e-11
1.40459e-11
-2.50744e-11
6.2076e-13
-2.14107e-11
-5.11295e-13
-3.2898e-12
-2.78424e-11
1.78117e-11
-1.20165e-11
-2.30781e-11
2.36518e-11
-1.4258e-11
-2.19394e-11
4.52281e-11
-5.93714e-11
5.16704e-11
-3.42232e-11
2.26044e-11
-2.00356e-11
2.87984e-11
-1.71038e-11
1.46935e-12
2.53782e-11
-1.93962e-11
1.06055e-11
2.14175e-11
-2.46393e-11
2.79519e-11
9.46346e-12
-2.9277e-11
5.63623e-11
-3.85968e-11
3.84731e-11
-2.42851e-11
4.41186e-11
-3.38949e-11
3.37555e-11
1.89112e-12
-1.20284e-11
3.27011e-11
-8.59732e-12
-6.40267e-12
3.71771e-11
-2.10046e-11
5.93994e-12
2.83978e-11
-2.71416e-11
3.38972e-11
-2.45986e-11
3.99997e-11
-4.32097e-11
5.61963e-11
-3.97561e-11
1.81502e-11
1.97726e-11
-2.84917e-11
1.95577e-11
9.87626e-12
-1.98382e-11
1.69167e-11
1.04381e-12
-1.08587e-11
1.62132e-11
-1.36195e-11
1.62164e-11
-2.95621e-11
5.27263e-11
-6.80942e-11
5.59624e-11
-2.31009e-11
-1.10889e-11
2.09592e-11
-1.49533e-11
9.67729e-14
2.59841e-12
-6.42154e-13
-1.15208e-11
1.26436e-11
-8.23927e-12
-7.07983e-12
1.73879e-12
1.97154e-11
-5.60592e-11
6.77858e-11
-5.91564e-11
2.83996e-11
-8.27816e-12
-6.36362e-12
3.4271e-12
-5.07884e-12
7.17767e-12
-2.49105e-11
3.31056e-11
-2.87832e-11
1.22272e-12
1.56508e-11
-1.31426e-11
-1.61727e-11
4.09256e-11
-5.42299e-11
4.56566e-11
-3.27138e-11
1.80276e-11
-1.56238e-11
1.4841e-11
-8.46253e-12
-1.74133e-11
4.56943e-11
-5.72918e-11
3.90346e-11
-1.06908e-11
-6.7601e-12
2.55508e-12
1.20991e-11
-2.50281e-11
2.76286e-11
-2.11179e-11
1.44198e-11
-1.8111e-11
3.20615e-11
-3.76523e-11
1.91645e-11
1.95468e-11
-5.09741e-11
5.81663e-11
-4.33052e-11
2.73467e-11
-1.95273e-11
2.19257e-11
-2.33708e-11
1.86137e-11
-1.90117e-12
-1.37946e-11
1.50426e-11
7.07712e-12
-3.16241e-11
3.68638e-11
-1.35884e-11
-1.60267e-11
3.42571e-11
-3.47786e-11
3.22864e-11
-3.3911e-11
4.34361e-11
-5.05524e-11
4.66549e-11
-2.21523e-11
-1.19102e-11
3.54442e-11
-3.05011e-11
8.76379e-12
6.49618e-12
-6.1309e-13
-1.34989e-11
1.936e-11
-1.18692e-11
3.53037e-12
-5.51074e-12
2.21794e-11
-4.54464e-11
6.0569e-11
-5.23729e-11
2.23058e-11
9.68177e-12
-2.2535e-11
1.77083e-11
-1.55916e-11
2.90323e-11
-4.772e-11
5.13605e-11
-3.39303e-11
7.14918e-12
1.11474e-11
-1.16017e-11
-4.47432e-12
2.35575e-11
-2.9913e-11
1.76216e-11
-1.10305e-12
-2.19739e-12
-8.05199e-12
1.02949e-11
1.03229e-11
-4.48108e-11
6.71718e-11
-6.41348e-11
4.22565e-11
-1.93479e-11
5.92713e-12
-3.47665e-12
3.16894e-12
4.90876e-12
-2.38296e-11
3.96083e-11
-3.50489e-11
9.22202e-12
1.43046e-11
-1.33556e-11
-1.01107e-11
3.20279e-11
-3.59121e-11
2.63035e-11
-1.94826e-11
2.25741e-11
-3.01717e-11
3.00162e-11
-1.34846e-11
-1.84585e-11
5.04345e-11
-6.25838e-11
4.89273e-11
-2.69731e-11
1.89532e-11
-2.65476e-11
2.94404e-11
-1.25043e-11
-1.49104e-11
2.98473e-11
-2.16408e-11
4.66191e-13
1.53538e-11
-1.4869e-11
-4.28781e-13
1.92845e-11
-2.82442e-11
2.36252e-11
-1.75403e-11
2.59317e-11
-4.68889e-11
5.78345e-11
-3.98025e-11
1.26253e-12
3.02262e-11
-3.78561e-11
3.06379e-11
-2.75812e-11
3.53829e-11
-4.44707e-11
4.22154e-11
-2.4428e-11
-1.49749e-12
2.043e-11
-1.91832e-11
-1.19392e-13
1.80273e-11
-1.57585e-11
-3.1188e-12
1.61594e-11
-9.70272e-12
-3.30872e-12
-6.82918e-13
2.64905e-11
-5.42542e-11
6.18273e-11
-4.61063e-11
2.11325e-11
-2.03729e-12
-6.18867e-12
9.12921e-12
-1.73446e-11
3.62573e-11
-5.72076e-11
6.12362e-11
-3.9136e-11
5.95939e-12
1.1377e-11
-3.74713e-12
-1.04847e-11
8.53761e-12
8.96166e-12
-2.09843e-11
1.2922e-11
6.53214e-12
-1.70571e-11
7.56225e-12
1.58109e-11
-3.79773e-11
4.6141e-11
-3.83851e-11
2.51132e-11
-2.05758e-11
2.63518e-11
-2.63402e-11
3.82114e-12
3.48742e-11
-6.2592e-11
6.00487e-11
-3.78015e-11
2.22367e-11
-2.44766e-11
2.99235e-11
-1.98417e-11
-5.76892e-12
2.91925e-11
-3.47763e-11
2.19891e-11
-3.46576e-12
-6.02479e-12
-3.15282e-13
1.52717e-11
-2.30652e-11
1.52419e-11
-2.95049e-12
6.06834e-12
-2.81597e-11
4.7319e-11
-3.95509e-11
7.12506e-12
2.32247e-11
-3.16191e-11
2.56448e-11
-2.70356e-11
4.31151e-11
-5.93503e-11
5.7139e-11
-3.34051e-11
1.244e-12
2.24674e-11
-2.95407e-11
2.47144e-11
-2.15152e-11
2.92537e-11
-4.15257e-11
4.0254e-11
-1.72533e-11
-1.16236e-11
2.04316e-11
-3.26223e-12
-1.77238e-11
1.79691e-11
4.2538e-13
-1.35415e-11
6.4203e-12
8.8622e-12
-9.42512e-12
-1.15727e-11
3.86847e-11
-5.22294e-11
4.60223e-11
-2.91962e-11
1.50481e-11
-9.93961e-12
8.1055e-12
3.06289e-12
-2.94529e-11
5.89838e-11
-6.95507e-11
5.20926e-11
-2.35484e-11
9.19695e-12
-1.341e-11
1.47822e-11
5.35352e-12
-3.73911e-11
5.31642e-11
-3.96623e-11
1.35093e-11
-5.80818e-13
7.14732e-12
-1.74417e-11
1.50553e-11
-9.45183e-13
-1.0695e-11
8.22377e-12
6.53853e-12
-2.0439e-11
1.93101e-11
-5.76043e-13
-2.2726e-11
3.26381e-11
-2.56366e-11
1.7833e-11
-2.635e-11
4.55106e-11
-5.00612e-11
2.4692e-11
1.49324e-11
-3.87764e-11
3.66588e-11
-2.81464e-11
3.52649e-11
-5.4248e-11
6.05652e-11
-3.97036e-11
3.82997e-12
2.26707e-11
-2.89976e-11
2.45657e-11
-2.46685e-11
3.36668e-11
-4.26679e-11
3.91536e-11
-1.95935e-11
-5.6228e-12
1.90261e-11
-1.25518e-11
-2.67796e-12
6.29894e-12
7.73434e-12
-2.24693e-11
1.75155e-11
3.70562e-12
-1.53114e-11
-3.65087e-13
2.94233e-11
-4.20246e-11
2.76572e-11
-6.60229e-12
2.83084e-12
-1.43325e-11
1.69336e-11
4.35632e-12
-3.72908e-11
5.68883e-11
-5.28334e-11
3.66841e-11
-2.56353e-11
2.3764e-11
-2.08811e-11
5.29194e-12
2.3036e-11
-5.10053e-11
6.23308e-11
-5.23215e-11
3.3126e-11
-2.24614e-11
2.37951e-11
-2.15988e-11
7.48251e-14
3.38301e-11
-5.41585e-11
4.49873e-11
-2.08434e-11
9.99182e-12
-2.02818e-11
2.97973e-11
-1.6002e-11
-1.43051e-11
3.19039e-11
-2.10661e-11
-1.95412e-12
9.41365e-12
4.6501e-12
-2.02684e-11
1.79894e-11
-2.182e-12
-6.57265e-12
-3.46887e-12
2.25025e-11
-3.16334e-11
2.24559e-11
-3.71484e-12
-9.70899e-12
1.14173e-11
-9.04297e-12
1.53585e-11
-3.38463e-11
5.18639e-11
-5.166e-11
2.94347e-11
-2.0116e-12
-1.07677e-11
8.8852e-12
-1.24709e-11
3.52176e-11
-6.36851e-11
6.992e-11
-4.52921e-11
1.22559e-11
1.8514e-12
2.13798e-12
1.52476e-12
-2.84295e-11
6.12609e-11
-6.97766e-11
4.731e-11
-1.84245e-11
8.08874e-12
-1.29563e-11
9.0481e-12
1.53014e-11
-4.42799e-11
5.3547e-11
-3.86855e-11
1.80284e-11
-1.02479e-11
1.43545e-11
-1.47336e-11
1.12719e-12
1.93718e-11
-3.07092e-11
2.46409e-11
-9.12346e-12
-1.94762e-13
-4.44409e-12
1.48035e-11
-1.5871e-11
3.00169e-12
1.08759e-11
-9.23058e-12
-7.81227e-12
2.07048e-11
-1.25044e-11
-1.00896e-11
2.31164e-11
-1.47745e-11
7.81134e-13
-5.1805e-12
2.82229e-11
-4.36463e-11
3.01676e-11
1.05077e-12
-1.97326e-11
1.38825e-11
-4.30508e-12
1.62413e-11
-4.52715e-11
6.08696e-11
-4.42833e-11
1.1453e-11
7.15486e-12
-4.25808e-12
2.10467e-12
-2.14516e-11
5.29937e-11
-6.81223e-11
5.32978e-11
-2.52952e-11
8.94702e-12
-7.86998e-12
3.3283e-12
1.89419e-11
-4.9568e-11
6.57682e-11
-5.74563e-11
3.66625e-11
-2.19504e-11
1.73054e-11
-1.06619e-11
-9.24905e-12
3.75585e-11
-5.73796e-11
5.6983e-11
-4.17286e-11
2.71464e-11
-2.19457e-11
1.88314e-11
-4.58325e-12
-2.24191e-11
4.68319e-11
-5.19109e-11
3.82259e-11
-2.36762e-11
2.21116e-11
-2.65342e-11
1.779e-11
9.46367e-12
-3.68854e-11
4.22951e-11
-2.68377e-11
1.37577e-11
-1.9393e-11
3.17632e-11
-2.60951e-11
-2.13602e-12
2.85516e-11
-2.92476e-11
1.05855e-11
-1.28526e-12
1.50629e-11
-3.27537e-11
2.69917e-11
1.10204e-12
-2.20453e-11
1.48108e-11
6.21805e-12
-1.02884e-11
-9.90452e-12
2.85194e-11
-2.06085e-11
-5.2146e-12
1.72701e-11
-1.76279e-12
-1.98563e-11
1.86866e-11
4.12807e-12
-1.96458e-11
8.89278e-12
1.23502e-11
-1.45118e-11
-7.57976e-12
2.79615e-11
-2.32459e-11
1.84888e-12
7.81307e-12
5.17888e-12
-2.07069e-11
1.4041e-11
1.1782e-11
-3.00823e-11
2.41321e-11
-7.4368e-12
4.53527e-12
-1.89746e-11
2.89299e-11
-1.60747e-11
-1.08892e-11
2.69634e-11
-2.20343e-11
1.1619e-11
-1.52925e-11
3.05678e-11
-3.64097e-11
2.01915e-11
5.88449e-12
-2.01442e-11
1.74171e-11
-1.35596e-11
2.29353e-11
-3.91691e-11
4.26672e-11
-2.55855e-11
1.51953e-12
1.10127e-11
-1.07216e-11
1.26495e-11
-2.70509e-11
4.45791e-11
-4.73933e-11
3.09607e-11
-9.77637e-12
-7.49767e-13
2.16752e-12
-9.03585e-12
2.78778e-11
-4.71007e-11
5.00026e-11
-3.51836e-11
1.76139e-11
-1.00443e-11
7.72843e-12
3.31335e-12
-2.62571e-11
4.68726e-11
-4.99987e-11
3.73096e-11
-2.45188e-11
2.08755e-11
-1.83084e-11
3.35331e-12
2.29202e-11
-4.40111e-11
4.68563e-11
-3.71191e-11
3.03354e-11
-3.1401e-11
2.84222e-11
-9.85258e-12
-1.84865e-11
3.83146e-11
-4.05653e-11
3.4853e-11
-3.53319e-11
4.09005e-11
-3.69268e-11
1.75221e-11
3.84518e-13
-3.69701e-12
1.29582e-12
-5.72659e-14
2.92178e-14
4.11543e-15
0
