0
2.53069e-16
3.56681e-15
2.35388e-14
7.88455e-14
-3.6351e-13
3.69098e-12
-1.37759e-11
2.90208e-11
-3.91384e-11
3.84761e-11
-3.1796e-11
2.62355e-11
-2.52297e-11
2.65244e-11
-2.55077e-11
2.07126e-11
-1.70139e-11
2.11332e-11
-3.42743e-11
4.8922e-11
-5.4366e-11
4.44992e-11
-2.20933e-11
-3.69828e-12
2.28462e-11
-3.0688e-11
3.00931e-11
-2.83397e-11
2.96709e-11
-3.17232e-11
2.89993e-11
-2.04896e-11
1.19612e-11
-1.1564e-11
2.25944e-11
-4.06577e-11
5.55954e-11
-5.77094e-11
4.39046e-11
-2.05553e-11
-1.33722e-12
1.44808e-11
-2.02617e-11
2.46147e-11
-3.07862e-11
3.59026e-11
-3.48322e-11
2.55557e-11
-1.23521e-11
3.88256e-12
-8.08372e-12
2.54023e-11
-4.69028e-11
5.96017e-11
-5.64543e-11
4.07468e-11
-2.1923e-11
6.94053e-12
3.50531e-12
-1.29964e-11
2.41238e-11
-3.53073e-11
4.06508e-11
-3.47236e-11
1.85265e-11
-1.82389e-12
-3.30271e-12
-8.0914e-12
2.94976e-11
-4.86998e-11
5.65068e-11
-5.18614e-11
3.99382e-11
-2.7376e-11
1.70203e-11
-6.55094e-12
-8.26866e-12
2.68138e-11
-4.14057e-11
4.26505e-11
-2.87188e-11
8.0503e-12
6.28164e-12
-5.86422e-12
-8.63583e-12
2.87392e-11
-4.41962e-11
4.91657e-11
-4.56501e-11
3.98631e-11
-3.5215e-11
2.82815e-11
-1.35439e-11
-9.10156e-12
3.15462e-11
-4.31585e-11
3.82598e-11
-2.03521e-11
-2.83958e-14
1.10858e-11
-7.27603e-12
-7.48079e-12
2.3267e-11
-3.29036e-11
3.66172e-11
-3.91282e-11
4.22657e-11
-4.23717e-11
3.36365e-11
-1.4211e-11
-1.11746e-11
3.24958e-11
-4.00964e-11
3.08935e-11
-1.16525e-11
-5.56837e-12
1.1892e-11
-7.37325e-12
-1.90602e-12
1.0373e-11
-1.71701e-11
2.42594e-11
-3.282e-11
4.04538e-11
-4.19347e-11
3.22372e-11
-1.15676e-11
-1.27278e-11
2.95309e-11
-3.18675e-11
2.13517e-11
-6.1317e-12
-5.92695e-12
1.13473e-11
-1.11589e-11
7.90442e-12
-3.47569e-12
-2.34723e-12
1.07808e-11
-2.16567e-11
3.09317e-11
-3.25987e-11
2.33301e-11
-6.26812e-12
-1.10534e-11
2.15156e-11
-2.23688e-11
1.50681e-11
-3.84891e-12
-6.62221e-12
1.30914e-11
-1.54566e-11
1.54912e-11
-1.43728e-11
1.10656e-11
-4.54071e-12
-4.0103e-12
1.10744e-11
-1.35844e-11
1.03147e-11
-2.26838e-12
-7.77018e-12
1.52071e-11
-1.59873e-11
9.45e-12
5.79484e-13
-9.24175e-12
1.41198e-11
-1.61708e-11
1.73417e-11
-1.91033e-11
2.15339e-11
-2.32698e-11
2.16517e-11
-1.55281e-11
7.48905e-12
-2.86531e-12
4.45559e-12
-9.66233e-12
1.25901e-11
-9.55467e-12
1.40991e-12
7.49657e-12
-1.27234e-11
1.23943e-11
-9.38559e-12
9.81269e-12
-1.82247e-11
3.22338e-11
-4.37433e-11
4.56132e-11
-3.79782e-11
2.7022e-11
-1.92896e-11
1.65255e-11
-1.56551e-11
1.1637e-11
-2.12061e-12
-9.85611e-12
1.68762e-11
-1.36908e-11
3.04937e-12
4.78234e-12
-5.01918e-13
-1.66363e-11
3.82593e-11
-5.39618e-11
5.81204e-11
-5.25173e-11
4.32487e-11
-3.57989e-11
3.04919e-11
-2.29591e-11
9.10989e-12
8.58819e-12
-2.13757e-11
2.10585e-11
-8.08815e-12
-8.09533e-12
1.5673e-11
-8.73028e-12
-1.01253e-11
3.22728e-11
-4.89595e-11
5.59043e-11
-5.50811e-11
5.11716e-11
-4.6423e-11
3.81683e-11
-2.30467e-11
2.53738e-12
1.57643e-11
-2.37188e-11
1.83894e-11
-3.93445e-12
-1.15177e-11
1.97063e-11
-1.6212e-11
2.34937e-12
1.55024e-11
-3.06414e-11
3.99533e-11
-4.41387e-11
4.40134e-11
-3.90115e-11
2.85506e-11
-1.4329e-11
-4.90225e-13
1.25026e-11
-1.87533e-11
1.6713e-11
-6.52318e-12
-7.56269e-12
1.85231e-11
-2.12487e-11
1.51047e-11
-3.55689e-12
-8.45164e-12
1.61497e-11
-1.71745e-11
1.29297e-11
-7.99255e-12
5.6739e-12
-4.91871e-12
1.61099e-12
5.8888e-12
-1.41775e-11
1.71545e-11
-1.1531e-11
-6.89286e-13
1.32291e-11
-1.97736e-11
1.78942e-11
-1.15084e-11
8.26904e-12
-1.35097e-11
2.45788e-11
-3.26479e-11
3.02807e-11
-1.85011e-11
5.48042e-12
4.22736e-13
2.71909e-12
-1.02642e-11
1.5003e-11
-1.26667e-11
4.55639e-12
3.37011e-12
-6.15181e-12
5.01155e-12
-7.41174e-12
1.96338e-11
-3.9877e-11
5.83197e-11
-6.50304e-11
5.68357e-11
-3.86203e-11
1.89404e-11
-5.39502e-12
9.11987e-13
-3.19263e-12
6.93378e-12
-8.76899e-12
9.31241e-12
-1.07993e-11
1.23077e-11
-9.51795e-12
-1.48067e-12
1.99872e-11
-4.11696e-11
5.85749e-11
-6.68008e-11
6.26733e-11
-4.71648e-11
2.57485e-11
-6.44775e-12
-4.7782e-12
6.47407e-12
-1.3112e-12
-6.60701e-12
1.3201e-11
-1.58463e-11
1.41227e-11
-9.983e-12
5.02891e-12
1.63029e-12
-1.24943e-11
2.69211e-11
-3.91171e-11
4.14232e-11
-3.10819e-11
1.27593e-11
4.32588e-12
-1.2577e-11
9.95908e-12
-1.09793e-12
-6.03168e-12
5.6895e-12
3.88927e-13
-4.51522e-12
2.2979e-13
1.07915e-11
-2.04751e-11
2.19127e-11
-1.56095e-11
7.85143e-12
-5.08812e-12
8.88986e-12
-1.55863e-11
1.88579e-11
-1.48418e-11
5.62645e-12
1.26994e-12
6.8381e-13
-1.10055e-11
2.17159e-11
-2.40458e-11
1.47126e-11
2.77864e-12
-2.22908e-11
3.85589e-11
-4.87278e-11
5.18979e-11
-4.92489e-11
4.2903e-11
-3.46096e-11
2.47984e-11
-1.43415e-11
5.73812e-12
-2.40839e-12
5.72942e-12
-1.42006e-11
2.41799e-11
-3.12205e-11
3.00731e-11
-1.68711e-11
-7.26337e-12
3.41387e-11
-5.30129e-11
5.76692e-11
-5.03099e-11
3.81067e-11
-2.75875e-11
2.08406e-11
-1.61799e-11
1.05366e-11
-3.1505e-12
-2.77844e-12
1.76666e-12
8.02261e-12
-2.1083e-11
2.72385e-11
-2.03735e-11
3.87215e-12
1.1855e-11
-1.81357e-11
1.3826e-11
-4.86801e-12
-1.38281e-12
9.57833e-13
4.3719e-12
-8.92614e-12
7.13468e-12
1.55705e-12
-1.21398e-11
1.8069e-11
-1.70668e-11
1.17084e-11
-5.64305e-12
-4.0233e-13
7.63877e-12
-1.66958e-11
2.64305e-11
-3.53652e-11
4.17316e-11
-4.3147e-11
3.71855e-11
-2.44532e-11
9.68143e-12
1.97573e-13
-3.69949e-13
-9.63989e-12
2.54373e-11
-3.94107e-11
4.34445e-11
-3.38125e-11
1.40014e-11
7.18122e-12
-2.27169e-11
3.21036e-11
-3.97122e-11
4.78823e-11
-5.34939e-11
5.06948e-11
-3.73983e-11
1.80386e-11
-1.59175e-12
-4.01753e-12
-3.48297e-12
1.84297e-11
-3.04129e-11
3.10729e-11
-2.06447e-11
6.96032e-12
1.63681e-12
-3.31935e-12
2.13657e-12
-2.79075e-12
6.3044e-12
-1.09001e-11
1.41217e-11
-1.43589e-11
1.08106e-11
-4.35715e-12
-2.69231e-12
7.85073e-12
-1.06528e-11
1.22188e-11
-1.3586e-11
1.40854e-11
-1.22572e-11
6.57303e-12
4.01479e-12
-1.9724e-11
3.75214e-11
-5.03979e-11
5.06166e-11
-3.67073e-11
1.62236e-11
-1.22826e-12
-7.32541e-13
-9.10676e-12
2.31194e-11
-3.36918e-11
3.71952e-11
-3.49348e-11
3.04934e-11
-2.61292e-11
1.97093e-11
-6.69888e-12
-1.44152e-11
3.76944e-11
-5.29409e-11
5.33807e-11
-4.12805e-11
2.52758e-11
-1.37784e-11
9.96957e-12
-1.23612e-11
1.709e-11
-2.02661e-11
1.90922e-11
-1.3669e-11
7.00362e-12
-3.15294e-12
3.82745e-12
-7.74292e-12
1.18971e-11
-1.36524e-11
1.11339e-11
-4.39514e-12
-3.70927e-12
8.16365e-12
-6.16864e-12
4.46041e-14
4.72364e-12
-5.90631e-12
7.11528e-12
-1.39696e-11
2.69155e-11
-3.92936e-11
4.15499e-11
-2.84633e-11
2.68144e-12
2.61773e-11
-4.68624e-11
5.23879e-11
-4.42979e-11
3.09245e-11
-2.12422e-11
1.83156e-11
-1.92791e-11
2.02197e-11
-2.087e-11
2.32439e-11
-2.80017e-11
3.28168e-11
-3.49651e-11
3.30369e-11
-2.67551e-11
1.58393e-11
-1.39789e-12
-1.3064e-11
2.26436e-11
-2.47229e-11
2.06683e-11
-1.5003e-11
1.22015e-11
-1.43823e-11
1.94656e-11
-2.18059e-11
1.52561e-11
1.0234e-12
-1.99323e-11
3.00893e-11
-2.49289e-11
7.87208e-12
1.07458e-11
-2.26366e-11
2.64771e-11
-2.6147e-11
2.51354e-11
-2.4125e-11
2.16338e-11
-1.65483e-11
9.53123e-12
-4.03997e-12
4.79432e-12
-1.46193e-11
3.08948e-11
-4.64709e-11
5.39017e-11
-5.00503e-11
3.6249e-11
-1.64233e-11
-4.65335e-12
2.12618e-11
-2.8698e-11
2.65894e-11
-2.08004e-11
1.90771e-11
-2.44615e-11
3.2274e-11
-3.49102e-11
2.84903e-11
-1.59568e-11
3.90445e-12
1.97254e-12
-4.07959e-13
-5.41907e-12
1.00977e-11
-1.05907e-11
8.77003e-12
-9.7614e-12
1.58609e-11
-2.31819e-11
2.43371e-11
-1.5782e-11
1.28571e-12
1.08235e-11
-1.40634e-11
6.61463e-12
9.32572e-12
-2.94692e-11
4.74611e-11
-5.63177e-11
5.16777e-11
-3.54639e-11
1.47553e-11
2.64336e-12
-1.29394e-11
1.70273e-11
-1.88967e-11
2.23917e-11
-2.87054e-11
3.47637e-11
-3.56517e-11
2.92431e-11
-1.96814e-11
1.41778e-11
-1.63434e-11
2.21055e-11
-2.39766e-11
1.84396e-11
-9.52113e-12
4.29681e-12
-6.65331e-12
1.45062e-11
-2.25155e-11
2.52868e-11
-1.98325e-11
6.54193e-12
9.8712e-12
-2.21443e-11
2.39481e-11
-1.36657e-11
-5.41072e-12
2.67618e-11
-4.33699e-11
4.96476e-11
-4.42585e-11
3.12251e-11
-1.79228e-11
9.1007e-12
-3.31458e-12
-4.79529e-12
1.73102e-11
-2.98287e-11
3.52812e-11
-3.14948e-11
2.32435e-11
-1.79439e-11
1.91734e-11
-2.50266e-11
3.03364e-11
-3.06784e-11
2.46122e-11
-1.49163e-11
7.07384e-12
-6.12803e-12
1.26999e-11
-2.26106e-11
2.95423e-11
-2.90822e-11
1.99365e-11
-3.93959e-12
-1.4321e-11
2.7349e-11
-2.79026e-11
1.40815e-11
7.50319e-12
-2.61914e-11
3.52208e-11
-3.62226e-11
3.50051e-11
-3.47661e-11
3.31561e-11
-2.61635e-11
1.26923e-11
3.7638e-12
-1.78089e-11
2.51896e-11
-2.53382e-11
2.142e-11
-1.87709e-11
2.09537e-11
-2.71493e-11
3.25376e-11
-3.2674e-11
2.66761e-11
-1.73039e-11
8.12174e-12
-2.52867e-12
3.63531e-12
-1.32265e-11
2.81009e-11
-3.95214e-11
3.81408e-11
-2.21414e-11
-5.43819e-13
1.78112e-11
-2.25041e-11
1.57954e-11
-4.02257e-12
-7.4434e-12
1.66708e-11
-2.44685e-11
3.18192e-11
-3.86134e-11
4.27979e-11
-4.15416e-11
3.32848e-11
-2.0114e-11
6.58715e-12
3.47115e-12
-9.76074e-12
1.40838e-11
-1.79787e-11
2.17326e-11
-2.59616e-11
3.12102e-11
-3.58633e-11
3.48715e-11
-2.39734e-11
5.35488e-12
1.1062e-11
-1.47262e-11
2.8618e-12
1.70024e-11
-3.33274e-11
3.82334e-11
-3.12623e-11
1.72623e-11
-3.00985e-12
-6.15606e-12
7.93347e-12
-3.75117e-12
-3.19598e-12
1.02632e-11
-1.69142e-11
2.33909e-11
-2.95788e-11
3.479e-11
-3.89721e-11
4.19522e-11
-4.22448e-11
3.71129e-11
-2.61089e-11
1.30475e-11
-3.53364e-12
-1.18271e-12
5.79493e-12
-1.59668e-11
3.08936e-11
-4.26796e-11
4.2566e-11
-2.85929e-11
6.68886e-12
1.3583e-11
-2.48021e-11
2.39822e-11
-1.29414e-11
-2.9532e-12
1.6448e-11
-2.20446e-11
1.86714e-11
-1.01627e-11
2.24283e-12
3.23337e-13
4.09216e-12
-1.35899e-11
2.29193e-11
-2.65373e-11
2.27356e-11
-1.62366e-11
1.45343e-11
-2.13408e-11
3.27104e-11
-4.11629e-11
4.25903e-11
-3.93439e-11
3.56981e-11
-3.25531e-11
2.67132e-11
-1.56266e-11
4.29591e-13
1.4863e-11
-2.66378e-11
3.23232e-11
-2.99127e-11
1.8113e-11
1.05228e-12
-2.14487e-11
3.50892e-11
-3.71935e-11
2.88762e-11
-1.65217e-11
7.63531e-12
-6.79847e-12
1.24859e-11
-1.77447e-11
1.43877e-11
2.60979e-13
-2.06393e-11
3.65076e-11
-4.09828e-11
3.46046e-11
-2.32221e-11
1.2322e-11
-4.96133e-12
2.83069e-12
-7.47874e-12
1.7979e-11
-2.94096e-11
3.50952e-11
-3.24572e-11
2.50109e-11
-1.86251e-11
1.52226e-11
-1.19258e-11
5.28675e-12
3.73822e-12
-1.03315e-11
9.75319e-12
-1.34644e-12
-1.15145e-11
2.3531e-11
-3.07465e-11
3.23008e-11
-3.1095e-11
3.14905e-11
-3.60361e-11
4.27281e-11
-4.64779e-11
4.25281e-11
-2.94952e-11
9.04492e-12
1.47162e-11
-3.55918e-11
4.57567e-11
-4.00167e-11
2.06804e-11
1.56234e-12
-1.47526e-11
1.43327e-11
-6.07767e-12
-4.26523e-13
-6.10932e-14
5.52692e-12
-1.11007e-11
1.34342e-11
-1.16674e-11
5.43819e-12
4.83747e-12
-1.66133e-11
2.49904e-11
-2.62819e-11
2.10272e-11
-1.39573e-11
9.90685e-12
-1.07171e-11
1.47278e-11
-1.93681e-11
2.30561e-11
-2.62309e-11
3.02956e-11
-3.60843e-11
4.15487e-11
-4.20385e-11
3.33167e-11
-1.63393e-11
-2.16189e-12
1.39002e-11
-1.53351e-11
9.02316e-12
-2.68012e-13
-7.50962e-12
1.31127e-11
-1.60686e-11
1.62453e-11
-1.63558e-11
2.16883e-11
-3.55611e-11
5.35057e-11
-6.451e-11
5.89138e-11
-3.67486e-11
7.55989e-12
1.66315e-11
-2.91216e-11
2.99572e-11
-2.32252e-11
1.35819e-11
-5.39292e-12
1.65118e-12
-2.71268e-12
5.27008e-12
-4.74654e-12
-1.33627e-12
1.10485e-11
-1.96296e-11
2.22757e-11
-1.7108e-11
5.89756e-12
6.47214e-12
-1.49674e-11
1.73769e-11
-1.59825e-11
1.487e-11
-1.59405e-11
1.69225e-11
-1.48402e-11
1.02003e-11
-7.628e-12
1.10249e-11
-1.97817e-11
2.94463e-11
-3.63317e-11
3.93055e-11
-3.81936e-11
3.15556e-11
-1.89401e-11
4.1348e-12
5.18467e-12
-3.96653e-12
-4.98034e-12
1.2518e-11
-1.15922e-11
3.18027e-12
4.82851e-12
-4.67991e-12
-6.33501e-12
2.53006e-11
-4.65227e-11
6.32709e-11
-6.94573e-11
6.1581e-11
-4.17033e-11
1.7305e-11
2.20729e-12
-1.11574e-11
1.0112e-11
-4.83117e-12
1.94609e-12
-5.17901e-12
1.27953e-11
-1.8772e-11
1.64827e-11
-3.89615e-12
-1.47731e-11
3.1675e-11
-4.09747e-11
4.14458e-11
-3.52361e-11
2.45213e-11
-1.12276e-11
-1.75755e-12
1.04228e-11
-1.30674e-11
1.22879e-11
-1.28526e-11
1.61532e-11
-1.87098e-11
1.62008e-11
-9.4228e-12
3.99007e-12
-4.62368e-12
9.75637e-12
-1.36392e-11
1.23882e-11
-7.78067e-12
4.18902e-12
-4.09076e-12
6.56944e-12
-1.01741e-11
1.43725e-11
-1.84366e-11
1.93804e-11
-1.40322e-11
3.01744e-12
7.23074e-12
-8.63803e-12
-2.52713e-12
2.23501e-11
-4.21595e-11
5.36145e-11
-5.31767e-11
4.28466e-11
-2.88122e-11
1.78596e-11
-1.41078e-11
1.65861e-11
-2.03851e-11
1.97251e-11
-1.17959e-11
-2.07351e-12
1.67641e-11
-2.54245e-11
2.17554e-11
-3.90473e-12
-2.30598e-11
4.81849e-11
-6.12318e-11
5.9199e-11
-4.78806e-11
3.59591e-11
-2.83809e-11
2.41897e-11
-2.04246e-11
1.54445e-11
-9.00354e-12
5.26276e-14
1.2062e-11
-2.46171e-11
3.06997e-11
-2.45451e-11
7.28194e-12
1.26772e-11
-2.67116e-11
3.23485e-11
-3.33295e-11
3.33647e-11
-3.22408e-11
2.74001e-11
-1.87227e-11
9.14407e-12
-1.57946e-12
-4.19986e-12
9.82349e-12
-1.52352e-11
1.78604e-11
-1.61259e-11
1.18098e-11
-8.7423e-12
8.33953e-12
-8.23071e-12
4.76239e-12
2.57666e-12
-1.04156e-11
1.3887e-11
-1.04522e-11
1.08065e-12
1.02791e-11
-1.8915e-11
2.10596e-11
-1.59532e-11
6.28986e-12
2.59744e-12
-5.78593e-12
1.05788e-12
9.87143e-12
-2.24916e-11
3.10275e-11
-3.13135e-11
2.32666e-11
-1.23393e-11
6.5753e-12
-1.11919e-11
2.37918e-11
-3.58412e-11
3.86763e-11
-2.97593e-11
1.30152e-11
4.71523e-12
-1.75978e-11
2.13284e-11
-1.3613e-11
-4.21956e-12
2.51075e-11
-3.91293e-11
4.02169e-11
-3.18158e-11
2.40766e-11
-2.53383e-11
3.50822e-11
-4.57992e-11
4.98007e-11
-4.44479e-11
3.09988e-11
-1.20508e-11
-8.91646e-12
2.55798e-11
-3.04927e-11
2.03556e-11
-5.48064e-13
-1.81687e-11
2.77952e-11
-2.9099e-11
2.87434e-11
-3.22137e-11
3.92065e-11
-4.5998e-11
4.94292e-11
-4.8448e-11
4.20024e-11
-2.87968e-11
9.54925e-12
1.04366e-11
-2.3743e-11
2.59543e-11
-1.91166e-11
8.96804e-12
1.36729e-14
-7.55995e-12
1.53979e-11
-2.42304e-11
3.24966e-11
-3.83819e-11
4.10455e-11
-4.05871e-11
3.66984e-11
-2.91061e-11
1.83691e-11
-6.58875e-12
-3.94259e-12
1.17791e-11
-1.6876e-11
1.93835e-11
-1.90993e-11
1.52015e-11
-7.32258e-12
-3.92981e-12
1.62003e-11
-2.60283e-11
3.00323e-11
-2.73548e-11
2.03535e-11
-1.33923e-11
9.39077e-12
-8.1614e-12
7.04151e-12
-3.82056e-12
-2.04002e-12
9.59847e-12
-1.75876e-11
2.37268e-11
-2.46136e-11
1.72414e-11
-2.84979e-12
-1.21e-11
1.93825e-11
-1.55835e-11
4.57147e-12
5.73723e-12
-9.94031e-12
7.75848e-12
-2.26473e-12
-3.63144e-12
7.38079e-12
-6.09665e-12
-2.51608e-12
1.62569e-11
-2.75878e-11
2.81371e-11
-1.64261e-11
-2.52529e-14
1.01674e-11
-8.34076e-12
-2.80549e-12
1.61054e-11
-2.59414e-11
2.95891e-11
-2.58788e-11
1.46957e-11
2.30339e-13
-1.09418e-11
9.79251e-12
3.14461e-12
-1.88319e-11
2.5919e-11
-2.03087e-11
7.46094e-12
3.0589e-12
-5.29784e-12
-1.22894e-12
1.39316e-11
-2.96268e-11
4.33845e-11
-4.85048e-11
4.00952e-11
-2.08962e-11
1.28264e-12
7.65861e-12
-3.06751e-12
-8.34661e-12
1.65916e-11
-1.65952e-11
9.93206e-12
-1.46642e-12
-4.65369e-12
5.01766e-12
3.26821e-12
-2.07849e-11
4.22508e-11
-5.76339e-11
5.83265e-11
-4.43435e-11
2.43499e-11
-9.08348e-12
3.48866e-12
-5.40134e-12
9.37791e-12
-1.14405e-11
9.74721e-12
-4.00771e-12
-4.42072e-12
1.08834e-11
-8.90565e-12
-5.32802e-12
2.82157e-11
-5.00392e-11
6.11244e-11
-5.84795e-11
4.62624e-11
-3.16647e-11
1.98555e-11
-1.28763e-11
1.03821e-11
-1.07179e-11
1.05804e-11
-6.4492e-12
-2.73118e-12
1.29458e-11
-1.70487e-11
9.59284e-12
8.52736e-12
-3.0731e-11
4.88631e-11
-5.79617e-11
5.73064e-11
-4.94029e-11
3.79368e-11
-2.70141e-11
1.96952e-11
-1.66642e-11
1.5157e-11
-1.1017e-11
1.94207e-12
9.77456e-12
-1.85627e-11
1.89492e-11
-9.23547e-12
-8.09482e-12
2.77904e-11
-4.45147e-11
5.42483e-11
-5.55976e-11
4.98997e-11
-4.09335e-11
3.26878e-11
-2.73085e-11
2.36728e-11
-1.88385e-11
1.03377e-11
1.4039e-12
-1.32249e-11
2.05708e-11
-2.00197e-11
1.05754e-11
5.56095e-12
-2.40604e-11
3.98519e-11
-4.94052e-11
5.17427e-11
-4.87221e-11
4.33463e-11
-3.8188e-11
3.38027e-11
-2.90257e-11
2.17925e-11
-1.10917e-11
-2.09201e-12
1.44017e-11
-2.17462e-11
2.101e-11
-1.19071e-11
-3.1505e-12
1.99215e-11
-3.43957e-11
4.38626e-11
-4.78062e-11
4.73925e-11
-4.48859e-11
4.19677e-11
-3.88833e-11
3.40442e-11
-2.56159e-11
1.30507e-11
1.56922e-12
-1.44808e-11
2.17511e-11
-2.12829e-11
1.31602e-11
3.35895e-13
-1.58238e-11
2.95739e-11
-3.90737e-11
4.37013e-11
-4.5011e-11
4.50855e-11
-4.50111e-11
4.37014e-11
-3.90737e-11
2.95737e-11
-1.58234e-11
3.35331e-13
1.31608e-11
-2.12835e-11
2.17516e-11
-1.44811e-11
1.56938e-12
1.30507e-11
-2.56158e-11
3.40441e-11
-3.8883e-11
4.19675e-11
-4.48857e-11
4.73925e-11
-4.78064e-11
4.38629e-11
-3.43961e-11
1.99219e-11
-3.15087e-12
-1.19068e-11
2.10098e-11
-2.1746e-11
1.44015e-11
-2.09157e-12
-1.10923e-11
2.1793e-11
-2.9026e-11
3.38028e-11
-3.81881e-11
4.33463e-11
-4.8722e-11
5.17425e-11
-4.94051e-11
3.98518e-11
-2.40603e-11
5.56079e-12
1.05757e-11
-2.00203e-11
2.05715e-11
-1.32256e-11
1.40445e-12
1.03373e-11
-1.88383e-11
2.36725e-11
-2.73083e-11
3.26877e-11
-4.09334e-11
4.98996e-11
-5.55975e-11
5.42483e-11
-4.4515e-11
2.77909e-11
-8.09552e-12
-9.23472e-12
1.89485e-11
-1.85621e-11
9.77407e-12
1.94246e-12
-1.10173e-11
1.51573e-11
-1.66645e-11
1.96955e-11
-2.70144e-11
3.7937e-11
-4.94029e-11
5.73062e-11
-5.79614e-11
4.88626e-11
-3.07304e-11
8.52679e-12
9.59338e-12
-1.70491e-11
1.29462e-11
-2.73146e-12
-6.44896e-12
1.05801e-11
-1.07177e-11
1.03819e-11
-1.2876e-11
1.98552e-11
-3.16645e-11
4.62623e-11
-5.84795e-11
6.11246e-11
-5.00395e-11
2.82159e-11
-5.32823e-12
-8.90549e-12
1.08832e-11
-4.42061e-12
-4.00782e-12
9.74735e-12
-1.14408e-11
9.37831e-12
-5.40184e-12
3.48914e-12
-9.08385e-12
2.43501e-11
-4.43437e-11
5.83267e-11
-5.76341e-11
4.22509e-11
-2.0785e-11
3.26829e-12
5.01758e-12
-4.65366e-12
-1.46633e-12
9.93181e-12
-1.65949e-11
1.65912e-11
-8.34626e-12
-3.06786e-12
7.65901e-12
1.28217e-12
-2.08957e-11
4.00948e-11
-4.85044e-11
4.33842e-11
-2.96265e-11
1.39314e-11
-1.22888e-12
-5.29781e-12
3.05884e-12
7.46098e-12
-2.03087e-11
2.59191e-11
-1.88321e-11
3.14501e-12
9.792e-12
-1.09412e-11
2.29874e-13
1.46961e-11
-2.58791e-11
2.95893e-11
-2.59416e-11
1.61054e-11
-2.80554e-12
-8.34065e-12
1.01672e-11
-2.51098e-14
-1.64261e-11
2.8137e-11
-2.75875e-11
1.62566e-11
-2.51575e-12
-6.09699e-12
7.38112e-12
-3.63169e-12
-2.26461e-12
7.75852e-12
-9.9404e-12
5.73726e-12
4.57155e-12
-1.55837e-11
1.93826e-11
-1.21e-11
-2.84987e-12
1.72416e-11
-2.46138e-11
2.37271e-11
-1.75879e-11
9.59871e-12
-2.04012e-12
-3.82067e-12
7.04178e-12
-8.16167e-12
9.39091e-12
-1.33923e-11
2.03534e-11
-2.73547e-11
3.00323e-11
-2.60282e-11
1.62003e-11
-3.92989e-12
-7.3224e-12
1.52012e-11
-1.90992e-11
1.93836e-11
-1.68763e-11
1.17794e-11
-3.94273e-12
-6.58881e-12
1.83693e-11
-2.91063e-11
3.66986e-11
-4.05873e-11
4.10457e-11
-3.8382e-11
3.24966e-11
-2.42303e-11
1.53978e-11
-7.55998e-12
1.38084e-14
8.96792e-12
-1.91166e-11
2.59544e-11
-2.37432e-11
1.04369e-11
9.54891e-12
-2.87964e-11
4.2002e-11
-4.84478e-11
4.94291e-11
-4.59979e-11
3.92064e-11
-3.22136e-11
2.87433e-11
-2.90988e-11
2.77952e-11
-1.81687e-11
-5.47886e-13
2.03554e-11
-3.04924e-11
2.55796e-11
-8.91621e-12
-1.2051e-11
3.09989e-11
-4.44479e-11
4.98007e-11
-4.57993e-11
3.50823e-11
-2.53386e-11
2.40768e-11
-3.1816e-11
4.0217e-11
-3.91293e-11
2.51074e-11
-4.21943e-12
-1.36131e-11
2.13285e-11
-1.75978e-11
4.7152e-12
1.30152e-11
-2.97594e-11
3.86763e-11
-3.58412e-11
2.37916e-11
-1.11918e-11
6.57517e-12
-1.23391e-11
2.32665e-11
-3.13134e-11
3.10275e-11
-2.24916e-11
9.87151e-12
1.05784e-12
-5.78593e-12
2.59744e-12
6.28985e-12
-1.59531e-11
2.10593e-11
-1.89146e-11
1.02788e-11
1.08069e-12
-1.04521e-11
1.38868e-11
-1.04155e-11
2.57666e-12
4.76235e-12
-8.23063e-12
8.33935e-12
-8.74204e-12
1.18096e-11
-1.61259e-11
1.78607e-11
-1.52357e-11
9.82397e-12
-4.20011e-12
-1.57943e-12
9.14414e-12
-1.87227e-11
2.74001e-11
-3.22408e-11
3.33646e-11
-3.33293e-11
3.23482e-11
-2.67112e-11
1.26771e-11
7.28189e-12
-2.45449e-11
3.06995e-11
-2.4617e-11
1.20621e-11
5.24618e-14
-9.00351e-12
1.54446e-11
-2.04248e-11
2.41899e-11
-2.83811e-11
3.59594e-11
-4.78809e-11
5.91992e-11
-6.1232e-11
4.8185e-11
-2.306e-11
-3.90442e-12
2.17551e-11
-2.54242e-11
1.67641e-11
-2.07368e-12
-1.17956e-11
1.97247e-11
-2.03847e-11
1.65857e-11
-1.41076e-11
1.78594e-11
-2.88119e-11
4.28464e-11
-5.31764e-11
5.36143e-11
-4.21594e-11
2.23501e-11
-2.52728e-12
-8.63769e-12
7.23025e-12
3.01798e-12
-1.40327e-11
1.93807e-11
-1.84367e-11
1.43725e-11
-1.0174e-11
6.56944e-12
-4.09074e-12
4.18898e-12
-7.7806e-12
1.23881e-11
-1.3639e-11
9.75599e-12
-4.62314e-12
3.98946e-12
-9.42226e-12
1.62005e-11
-1.87098e-11
1.61535e-11
-1.28531e-11
1.22883e-11
-1.30678e-11
1.04231e-11
-1.75761e-12
-1.12276e-11
2.45214e-11
-3.52361e-11
4.14456e-11
-4.09744e-11
3.16746e-11
-1.47727e-11
-3.8963e-12
1.64825e-11
-1.87716e-11
1.27949e-11
-5.17881e-12
1.94609e-12
-4.83135e-12
1.01123e-11
-1.11578e-11
2.20771e-12
1.73047e-11
-4.17031e-11
6.1581e-11
-6.94574e-11
6.3271e-11
-4.65227e-11
2.53006e-11
-6.33511e-12
-4.67967e-12
4.82813e-12
3.18079e-12
-1.15928e-11
1.25186e-11
-4.98093e-12
-3.96606e-12
5.18438e-12
4.13495e-12
-1.89402e-11
3.15557e-11
-3.81937e-11
3.93056e-11
-3.63317e-11
2.94463e-11
-1.97815e-11
1.10247e-11
-7.62772e-12
1.01999e-11
-1.48398e-11
1.6922e-11
-1.59401e-11
1.48697e-11
-1.59822e-11
1.73766e-11
-1.4967e-11
6.47182e-12
5.89782e-12
-1.71082e-11
2.22759e-11
-1.96299e-11
1.10489e-11
-1.33657e-12
-4.7464e-12
5.27024e-12
-2.71314e-12
1.65184e-12
-5.39363e-12
1.35826e-11
-2.32257e-11
2.99577e-11
-2.91219e-11
1.66316e-11
7.55992e-12
-3.67486e-11
5.89138e-11
-6.45098e-11
5.35056e-11
-3.55612e-11
2.16886e-11
-1.63563e-11
1.62458e-11
-1.60689e-11
1.31129e-11
-7.50973e-12
-2.6799e-13
9.02324e-12
-1.53354e-11
1.39006e-11
-2.16232e-12
-1.63389e-11
3.33164e-11
-4.20383e-11
4.15486e-11
-3.60842e-11
3.02956e-11
-2.6231e-11
2.30563e-11
-1.93684e-11
1.47281e-11
-1.07173e-11
9.9071e-12
-1.39576e-11
2.10275e-11
-2.62821e-11
2.49905e-11
-1.66131e-11
4.83712e-12
5.43858e-12
-1.16677e-11
1.34344e-11
-1.11008e-11
5.52701e-12
-6.11404e-14
-4.26459e-13
-6.07778e-12
1.43328e-11
-1.47526e-11
1.56216e-12
2.06807e-11
-4.00171e-11
4.5757e-11
-3.55921e-11
1.47165e-11
9.04472e-12
-2.94951e-11
4.25281e-11
-4.64779e-11
4.27281e-11
-3.60361e-11
3.14906e-11
-3.10952e-11
3.23011e-11
-3.07467e-11
2.35311e-11
-1.15144e-11
-1.34655e-12
9.75325e-12
-1.03314e-11
3.73805e-12
5.287e-12
-1.19261e-11
1.52227e-11
-1.86251e-11
2.50108e-11
-3.24571e-11
3.50952e-11
-2.94097e-11
1.7979e-11
-7.47878e-12
2.83072e-12
-4.96134e-12
1.2322e-11
-2.3222e-11
3.46044e-11
-4.09827e-11
3.65075e-11
-2.06393e-11
2.60954e-13
1.43878e-11
-1.77448e-11
1.24859e-11
-6.79837e-12
7.63515e-12
-1.65215e-11
2.88761e-11
-3.71934e-11
3.50891e-11
-2.14486e-11
1.05215e-12
1.81132e-11
-2.99129e-11
3.23235e-11
-2.6638e-11
1.48631e-11
4.29649e-13
-1.56267e-11
2.67133e-11
-3.25532e-11
3.56981e-11
-3.9344e-11
4.25904e-11
-4.11631e-11
3.27107e-11
-2.13411e-11
1.45347e-11
-1.62369e-11
2.27358e-11
-2.65375e-11
2.29195e-11
-1.35901e-11
4.09215e-12
3.23496e-13
2.2426e-12
-1.01625e-11
1.86714e-11
-2.20448e-11
1.64483e-11
-2.95364e-12
-1.2941e-11
2.39819e-11
-2.48019e-11
1.3583e-11
6.68892e-12
-2.85931e-11
4.25662e-11
-4.26799e-11
3.08939e-11
-1.59669e-11
5.79484e-12
-1.18233e-12
-3.53423e-12
1.30481e-11
-2.61095e-11
3.71134e-11
-4.22452e-11
4.19526e-11
-3.89724e-11
3.47902e-11
-2.95788e-11
2.33908e-11
-1.6914e-11
1.02629e-11
-3.19574e-12
-3.75134e-12
7.93354e-12
-6.15599e-12
-3.01003e-12
1.72625e-11
-3.12625e-11
3.82336e-11
-3.33276e-11
1.70026e-11
2.86162e-12
-1.4726e-11
1.10618e-11
5.35504e-12
-2.39735e-11
3.48715e-11
-3.58632e-11
3.121e-11
-2.59613e-11
2.17322e-11
-1.79782e-11
1.40834e-11
-9.76048e-12
3.4711e-12
6.587e-12
-2.01137e-11
3.32845e-11
-4.15414e-11
4.27977e-11
-3.86132e-11
3.1819e-11
-2.44683e-11
1.66705e-11
-7.44306e-12
-4.02286e-12
1.57956e-11
-2.25041e-11
1.78112e-11
-5.43773e-13
-2.21414e-11
3.81408e-11
-3.95214e-11
2.8101e-11
-1.32266e-11
3.63538e-12
-2.52877e-12
8.12188e-12
-1.7304e-11
2.66762e-11
-3.2674e-11
3.25376e-11
-2.71494e-11
2.09539e-11
-1.87711e-11
2.14202e-11
-2.53383e-11
2.51897e-11
-1.78089e-11
3.76382e-12
1.26922e-11
-2.61632e-11
3.31557e-11
-3.47656e-11
3.50048e-11
-3.62223e-11
3.52205e-11
-2.61913e-11
7.50316e-12
1.40814e-11
-2.79026e-11
2.73491e-11
-1.43212e-11
-3.93943e-12
1.99364e-11
-2.90822e-11
2.95423e-11
-2.26106e-11
1.26999e-11
-6.12812e-12
7.07395e-12
-1.49164e-11
2.46123e-11
-3.06783e-11
3.03362e-11
-2.50263e-11
1.9173e-11
-1.79436e-11
2.32432e-11
-3.14946e-11
3.52812e-11
-2.98287e-11
1.73104e-11
-4.79551e-12
-3.31448e-12
9.10078e-12
-1.7923e-11
3.12252e-11
-4.42583e-11
4.96473e-11
-4.33694e-11
2.67613e-11
-5.41028e-12
-1.36661e-11
2.39484e-11
-2.21446e-11
9.87149e-12
6.54164e-12
-1.98323e-11
2.52866e-11
-2.25154e-11
1.45063e-11
-6.6535e-12
4.29703e-12
-9.52127e-12
1.84396e-11
-2.39763e-11
2.21052e-11
-1.6343e-11
1.41776e-11
-1.96814e-11
2.92431e-11
-3.56515e-11
3.47634e-11
-2.8705e-11
2.23915e-11
-1.88967e-11
1.70277e-11
-1.294e-11
2.64393e-12
1.47548e-11
-3.54636e-11
5.16775e-11
-5.63175e-11
4.7461e-11
-2.94691e-11
9.32558e-12
6.61474e-12
-1.40634e-11
1.08234e-11
1.28596e-12
-1.57823e-11
2.43375e-11
-2.31822e-11
1.58611e-11
-9.76139e-12
8.76997e-12
-1.05907e-11
1.00979e-11
-5.41932e-12
-4.07717e-13
1.97235e-12
3.90464e-12
-1.59571e-11
2.84906e-11
-3.49105e-11
3.22744e-11
-2.44617e-11
1.90773e-11
-2.08003e-11
2.65893e-11
-2.86979e-11
2.12618e-11
-4.65346e-12
-1.64231e-11
3.62489e-11
-5.00502e-11
5.39017e-11
-4.64709e-11
3.0895e-11
-1.46195e-11
4.79452e-12
-4.04016e-12
9.53143e-12
-1.65485e-11
2.16339e-11
-2.41251e-11
2.51355e-11
-2.61472e-11
2.64775e-11
-2.2637e-11
1.07464e-11
7.8714e-12
-2.49281e-11
3.00886e-11
-1.99318e-11
1.02318e-12
1.52561e-11
-2.18057e-11
1.94654e-11
-1.43823e-11
1.22016e-11
-1.50034e-11
2.06688e-11
-2.47235e-11
2.26442e-11
-1.30645e-11
-1.39747e-12
1.5839e-11
-2.6755e-11
3.3037e-11
-3.49654e-11
3.28171e-11
-2.80021e-11
2.32441e-11
-2.087e-11
2.02196e-11
-1.92787e-11
1.83151e-11
-2.12417e-11
3.09241e-11
-4.42977e-11
5.2388e-11
-4.68627e-11
2.61776e-11
2.68114e-12
-2.8463e-11
4.15496e-11
-3.92931e-11
2.6915e-11
-1.39691e-11
7.11484e-12
-5.90603e-12
4.72356e-12
4.45551e-14
-6.16853e-12
8.16354e-12
-3.70916e-12
-4.39525e-12
1.1134e-11
-1.36524e-11
1.18969e-11
-7.74275e-12
3.8273e-12
-3.15278e-12
7.00341e-12
-1.36687e-11
1.90919e-11
-2.02658e-11
1.70898e-11
-1.2361e-11
9.96942e-12
-1.37783e-11
2.52757e-11
-4.12805e-11
5.33806e-11
-5.29408e-11
3.76945e-11
-1.44155e-11
-6.69841e-12
1.97087e-11
-2.61287e-11
3.04931e-11
-3.49347e-11
3.71955e-11
-3.36923e-11
2.31199e-11
-9.1071e-12
-7.32416e-13
-1.22827e-12
1.62236e-11
-3.67074e-11
5.06166e-11
-5.03978e-11
3.75212e-11
-1.97236e-11
4.01444e-12
6.57325e-12
-1.22572e-11
1.40852e-11
-1.35857e-11
1.22186e-11
-1.06527e-11
7.85093e-12
-2.69259e-12
-4.35694e-12
1.08106e-11
-1.43591e-11
1.41221e-11
-1.09006e-11
6.30501e-12
-2.79125e-12
2.13688e-12
-3.31944e-12
1.63679e-12
6.96035e-12
-2.06447e-11
3.10729e-11
-3.0413e-11
1.84299e-11
-3.48308e-12
-4.01751e-12
-1.59157e-12
1.80381e-11
-3.73976e-11
5.06941e-11
-5.34934e-11
4.7882e-11
-3.97121e-11
3.21036e-11
-2.27169e-11
7.18117e-12
1.40015e-11
-3.38127e-11
4.34448e-11
-3.9411e-11
2.54376e-11
-9.64013e-12
-3.69781e-13
1.97454e-13
9.68155e-12
-2.44533e-11
3.71857e-11
-4.31472e-11
4.17316e-11
-3.5365e-11
2.64303e-11
-1.66956e-11
7.63886e-12
-4.02696e-13
-5.64251e-12
1.17079e-11
-1.70665e-11
1.80689e-11
-1.214e-11
1.55725e-12
7.13459e-12
-8.92617e-12
4.37196e-12
9.57874e-13
-1.38299e-12
-4.8677e-12
1.38257e-11
-1.81355e-11
1.1855e-11
3.87199e-12
-2.03733e-11
2.72384e-11
-2.10831e-11
8.02285e-12
1.76644e-12
-2.77831e-12
-3.15052e-12
1.05366e-11
-1.61798e-11
2.08405e-11
-2.75875e-11
3.81068e-11
-5.03101e-11
5.76695e-11
-5.30132e-11
3.4139e-11
-7.2637e-12
-1.68708e-11
3.00728e-11
-3.12202e-11
2.41796e-11
-1.42004e-11
5.72937e-12
-2.40845e-12
5.7382e-12
-1.43415e-11
2.47983e-11
-3.46094e-11
4.29028e-11
-4.92487e-11
5.18977e-11
-4.87276e-11
3.85587e-11
-2.22905e-11
2.77837e-12
1.47129e-11
-2.4046e-11
2.17161e-11
-1.10057e-11
6.84021e-13
1.26975e-12
5.62658e-12
-1.48419e-11
1.88579e-11
-1.55863e-11
8.88988e-12
-5.08809e-12
7.85133e-12
-1.56093e-11
2.19125e-11
-2.0475e-11
1.07914e-11
2.29794e-13
-4.51516e-12
3.88827e-13
5.6896e-12
-6.03174e-12
-1.09786e-12
9.95898e-12
-1.25769e-11
4.32586e-12
1.27592e-11
-3.10816e-11
4.14228e-11
-3.91167e-11
2.69206e-11
-1.24939e-11
1.62998e-12
5.02911e-12
-9.98315e-12
1.41229e-11
-1.58464e-11
1.3201e-11
-6.60695e-12
-1.31133e-12
6.4742e-12
-4.77822e-12
-6.44788e-12
2.57488e-11
-4.71652e-11
6.26736e-11
-6.68011e-11
5.85751e-11
-4.11697e-11
1.99873e-11
-1.48093e-12
-9.51766e-12
1.23075e-11
-1.07992e-11
9.31246e-12
-8.76908e-12
6.93384e-12
-3.1926e-12
9.1188e-13
-5.39486e-12
1.89402e-11
-3.86202e-11
5.68358e-11
-6.50305e-11
5.83198e-11
-3.9877e-11
1.96338e-11
-7.41165e-12
5.01147e-12
-6.15177e-12
3.37014e-12
4.55633e-12
-1.26666e-11
1.5003e-11
-1.02643e-11
2.71925e-12
4.22692e-13
5.48031e-12
-1.85008e-11
3.02804e-11
-3.26476e-11
2.45787e-11
-1.35096e-11
8.26893e-12
-1.15082e-11
1.78941e-11
-1.97735e-11
1.32291e-11
-6.89393e-13
-1.15308e-11
1.71544e-11
-1.41775e-11
5.88886e-12
1.61091e-12
-4.91862e-12
5.67376e-12
-7.99232e-12
1.29294e-11
-1.71741e-11
1.61494e-11
-8.45149e-12
-3.55691e-12
1.51046e-11
-2.12486e-11
1.85231e-11
-7.5627e-12
-6.52315e-12
1.67131e-11
-1.87533e-11
1.25026e-11
-4.90112e-13
-1.43292e-11
2.85509e-11
-3.90117e-11
4.40135e-11
-4.41387e-11
3.99531e-11
-3.06412e-11
1.55022e-11
2.34938e-12
-1.62119e-11
1.97062e-11
-1.15176e-11
-3.93453e-12
1.83895e-11
-2.37189e-11
1.57644e-11
2.5372e-12
-2.30466e-11
3.81684e-11
-4.64233e-11
5.1172e-11
-5.50814e-11
5.59045e-11
-4.89595e-11
3.22727e-11
-1.01252e-11
-8.73046e-12
1.56731e-11
-8.09541e-12
-8.08804e-12
2.10584e-11
-2.13756e-11
8.58814e-12
9.1098e-12
-2.29588e-11
3.04915e-11
-3.57984e-11
4.32484e-11
-5.25172e-11
5.81205e-11
-5.39619e-11
3.82593e-11
-1.66362e-11
-5.01919e-13
4.78223e-12
3.0496e-12
-1.3691e-11
1.68764e-11
-9.85612e-12
-2.12077e-12
1.16372e-11
-1.56553e-11
1.65256e-11
-1.92896e-11
2.70221e-11
-3.79784e-11
4.56135e-11
-4.37435e-11
3.22338e-11
-1.82245e-11
9.81239e-12
-9.38529e-12
1.23941e-11
-1.27232e-11
7.4965e-12
1.41002e-12
-9.55482e-12
1.25902e-11
-9.66236e-12
4.45551e-12
-2.86518e-12
7.48896e-12
-1.55281e-11
2.16517e-11
-2.32699e-11
2.15339e-11
-1.91033e-11
1.73417e-11
-1.61709e-11
1.41201e-11
-9.24204e-12
5.79797e-13
9.44974e-12
-1.59871e-11
1.52069e-11
-7.76998e-12
-2.26855e-12
1.03148e-11
-1.35844e-11
1.10742e-11
-4.01001e-12
-4.54096e-12
1.10657e-11
-1.43728e-11
1.54912e-11
-1.54565e-11
1.30912e-11
-6.62193e-12
-3.84928e-12
1.50685e-11
-2.23692e-11
2.15158e-11
-1.10534e-11
-6.26838e-12
2.33305e-11
-3.25991e-11
3.09321e-11
-2.1657e-11
1.07811e-11
-2.34741e-12
-3.47559e-12
7.90448e-12
-1.11592e-11
1.13478e-11
-5.92748e-12
-6.1313e-12
2.13515e-11
-3.18676e-11
2.95312e-11
-1.2728e-11
-1.15673e-11
3.2237e-11
-4.19345e-11
4.04536e-11
-3.28198e-11
2.42593e-11
-1.71702e-11
1.03734e-11
-1.90657e-12
-7.37273e-12
1.18917e-11
-5.56826e-12
-1.16524e-11
3.08933e-11
-4.00963e-11
3.24958e-11
-1.11746e-11
-1.4211e-11
3.36365e-11
-4.23716e-11
4.22655e-11
-3.91277e-11
3.66165e-11
-3.29029e-11
2.32664e-11
-7.4804e-12
-7.27617e-12
1.10857e-11
-2.82446e-14
-2.03522e-11
3.82597e-11
-4.31583e-11
3.1546e-11
-9.10129e-12
-1.35443e-11
2.8282e-11
-3.52157e-11
3.9864e-11
-4.5651e-11
4.91664e-11
-4.41966e-11
2.87393e-11
-8.63569e-12
-5.86442e-12
6.28176e-12
8.05035e-12
-2.8719e-11
4.26507e-11
-4.1406e-11
2.68143e-11
-8.26921e-12
-6.55023e-12
1.70195e-11
-2.73752e-11
3.99376e-11
-5.18611e-11
5.65068e-11
-4.87e-11
2.94977e-11
-8.09148e-12
-3.3027e-12
-1.82381e-12
1.85263e-11
-3.47234e-11
4.06506e-11
-3.53069e-11
2.41233e-11
-1.29959e-11
3.50486e-12
6.94086e-12
-2.19232e-11
4.07469e-11
-5.64543e-11
5.96016e-11
-4.69027e-11
2.54023e-11
-8.08375e-12
3.88264e-12
-1.23522e-11
2.55558e-11
-3.48322e-11
3.59027e-11
-3.07862e-11
2.46148e-11
-2.02619e-11
1.4481e-11
-1.33734e-12
-2.05552e-11
4.39046e-11
-5.77094e-11
5.55954e-11
-4.06576e-11
2.25943e-11
-1.15639e-11
1.19613e-11
-2.04898e-11
2.89995e-11
-3.17233e-11
2.96709e-11
-2.83395e-11
3.00929e-11
-3.06879e-11
2.28462e-11
-3.69827e-12
-2.20934e-11
4.44993e-11
-5.43661e-11
4.8922e-11
-3.42742e-11
2.11329e-11
-1.70136e-11
2.07125e-11
-2.55078e-11
2.65245e-11
-2.52299e-11
2.62357e-11
-3.17961e-11
3.84761e-11
-3.91384e-11
2.90212e-11
-1.37746e-11
3.69483e-12
-3.56293e-13
8.47474e-14
2.61228e-14
4.04433e-15
0
