0
2.52929e-16
3.5957e-15
2.21852e-14
9.5316e-14
-3.37746e-13
2.47315e-12
-7.82423e-12
1.7044e-11
-2.78868e-11
3.55683e-11
-3.54817e-11
2.57272e-11
-1.00742e-11
-2.97886e-12
5.09732e-12
5.55651e-12
-2.28829e-11
3.71169e-11
-4.20962e-11
3.77477e-11
-2.74196e-11
1.34691e-11
3.10128e-12
-2.05535e-11
3.41525e-11
-3.79463e-11
2.91687e-11
-1.24133e-11
-2.43115e-12
6.71765e-12
9.3046e-13
-1.52539e-11
2.89301e-11
-3.74215e-11
3.96668e-11
-3.61664e-11
2.63018e-11
-9.47076e-12
-1.17616e-11
3.0036e-11
-3.73869e-11
3.08502e-11
-1.51893e-11
-3.97251e-13
7.78352e-12
-4.70815e-12
-5.54609e-12
1.78504e-11
-2.91376e-11
3.77357e-11
-4.125e-11
3.60954e-11
-2.07533e-11
-1.60419e-12
2.29111e-11
-3.43674e-11
3.16727e-11
-1.83072e-11
2.6029e-12
7.83093e-12
-1.01217e-11
5.1323e-12
4.78352e-12
-1.75452e-11
3.06585e-11
-4.03393e-11
4.13129e-11
-3.01416e-11
8.89276e-12
1.41365e-11
-2.93358e-11
3.12618e-11
-2.14523e-11
6.31746e-12
6.82269e-12
-1.38584e-11
1.41924e-11
-8.66534e-12
-2.46995e-12
1.78011e-11
-3.28541e-11
4.05635e-11
-3.55519e-11
1.79367e-11
5.21148e-12
-2.3547e-11
2.94907e-11
-2.2978e-11
9.72759e-12
3.74094e-12
-1.40218e-11
1.99711e-11
-2.06692e-11
1.42238e-11
4.91112e-14
-1.87522e-11
3.34038e-11
-3.53077e-11
2.21451e-11
-7.80684e-13
-1.77746e-11
2.55919e-11
-2.21648e-11
1.22738e-11
-1.0973e-12
-9.75682e-12
2.0549e-11
-2.92983e-11
3.0284e-11
-1.92464e-11
-9.49446e-13
1.99562e-11
-2.70411e-11
1.86886e-11
-1.37276e-12
-1.39527e-11
2.01379e-11
-1.82818e-11
1.33628e-11
-7.53356e-12
-1.82124e-12
1.65683e-11
-3.27427e-11
4.1213e-11
-3.51682e-11
1.68317e-11
2.40019e-12
-1.08112e-11
5.59987e-12
5.65341e-12
-1.34609e-11
1.46635e-11
-1.32289e-11
1.32427e-11
-1.32211e-11
6.86614e-12
9.28337e-12
-3.00178e-11
4.36259e-11
-4.22374e-11
2.90713e-11
-1.56751e-11
1.11169e-11
-1.5023e-11
1.95809e-11
-1.84699e-11
1.28357e-11
-9.47351e-12
1.21026e-11
-1.61481e-11
1.25606e-11
2.14741e-12
-2.16898e-11
3.52525e-11
-3.74349e-11
3.22188e-11
-2.86571e-11
3.16215e-11
-3.73927e-11
3.77472e-11
-2.93868e-11
1.74854e-11
-1.04102e-11
1.08903e-11
-1.39607e-11
1.2055e-11
-2.55254e-12
-1.02194e-11
1.92793e-11
-2.24454e-11
2.42601e-11
-3.08612e-11
4.24445e-11
-5.25811e-11
5.38415e-11
-4.45202e-11
2.95204e-11
-1.64474e-11
9.54249e-12
-7.48691e-12
5.92357e-12
-2.75427e-12
-6.51328e-13
2.34925e-12
-3.6026e-12
8.22141e-12
-1.94217e-11
3.61925e-11
-5.28752e-11
6.16549e-11
-5.79113e-11
4.32661e-11
-2.45038e-11
8.64011e-12
4.20678e-13
-2.84822e-12
1.0267e-12
2.42764e-12
-6.37632e-12
9.85449e-12
-1.01638e-11
2.82063e-12
1.41443e-11
-3.66737e-11
5.52147e-11
-6.05206e-11
4.95065e-11
-2.79768e-11
6.66711e-12
6.00334e-12
-9.25238e-12
7.37152e-12
-3.70285e-12
-2.46567e-12
1.21477e-11
-2.21716e-11
2.47539e-11
-1.34856e-11
-1.0003e-11
3.42684e-11
-4.56451e-11
3.8614e-11
-1.99845e-11
1.76946e-12
8.65999e-12
-1.2451e-11
1.40596e-11
-1.46743e-11
1.02911e-11
2.64704e-12
-2.07454e-11
3.318e-11
-3.05696e-11
1.39053e-11
5.21635e-12
-1.45564e-11
1.04953e-11
6.57014e-13
-1.00295e-11
1.3743e-11
-1.49481e-11
1.80363e-11
-2.23384e-11
2.16888e-11
-1.15856e-11
-5.17913e-12
1.99865e-11
-2.60565e-11
2.34937e-11
-1.85825e-11
1.77806e-11
-2.25892e-11
2.85473e-11
-3.02359e-11
2.64019e-11
-2.08798e-11
1.80441e-11
-1.91197e-11
2.15463e-11
-2.15774e-11
1.65963e-11
-7.1025e-12
-4.05981e-12
1.41045e-11
-2.29604e-11
3.21584e-11
-4.21856e-11
5.04153e-11
-5.24761e-11
4.50655e-11
-2.97534e-11
1.36731e-11
-5.80665e-12
9.70218e-12
-2.04948e-11
2.87226e-11
-2.81209e-11
1.90633e-11
-6.37198e-12
-6.42315e-12
1.97772e-11
-3.591e-11
5.27208e-11
-6.20538e-11
5.5416e-11
-3.33766e-11
7.36957e-12
8.0822e-12
-6.50057e-12
-6.97672e-12
2.08236e-11
-2.68411e-11
2.4949e-11
-2.02049e-11
1.488e-11
-5.81328e-12
-1.04721e-11
3.03185e-11
-4.35243e-11
4.11092e-11
-2.33986e-11
1.10229e-13
1.62459e-11
-1.92273e-11
1.16287e-11
-1.56292e-12
-5.39373e-12
9.18733e-12
-1.24182e-11
1.55204e-11
-1.64599e-11
1.31493e-11
-6.26215e-12
-7.16479e-13
3.02628e-12
1.77793e-12
-1.17664e-11
2.1434e-11
-2.59885e-11
2.42739e-11
-1.92287e-11
1.51931e-11
-1.47814e-11
1.5899e-11
-1.29431e-11
1.67653e-12
1.55067e-11
-3.09413e-11
3.79028e-11
-3.6261e-11
3.1348e-11
-2.87466e-11
2.90568e-11
-2.83653e-11
2.33847e-11
-1.71331e-11
1.70516e-11
-2.6933e-11
4.03743e-11
-4.48225e-11
3.18917e-11
-4.84237e-12
-2.42501e-11
4.33783e-11
-4.88053e-11
4.51822e-11
-3.92378e-11
3.28544e-11
-2.3835e-11
1.1871e-11
-2.53468e-12
2.99156e-12
-1.5078e-11
3.21963e-11
-4.36027e-11
4.11541e-11
-2.47073e-11
1.63743e-12
1.81284e-11
-2.85892e-11
2.94611e-11
-2.40918e-11
1.59838e-11
-7.67111e-12
1.34822e-13
6.41753e-12
-1.13086e-11
1.20413e-11
-6.52193e-12
-3.77159e-12
1.30179e-11
-1.55209e-11
1.03856e-11
-2.96117e-12
5.90579e-13
-6.62008e-12
1.65411e-11
-2.17352e-11
1.76657e-11
-9.32951e-12
6.50198e-12
-1.42849e-11
2.8029e-11
-3.82713e-11
3.88795e-11
-3.14583e-11
2.18539e-11
-1.37027e-11
4.54814e-12
1.0155e-11
-2.99263e-11
4.64644e-11
-5.0298e-11
3.93004e-11
-2.12216e-11
7.54397e-12
-6.02451e-12
1.64813e-11
-3.24142e-11
4.54154e-11
-5.02886e-11
4.62993e-11
-3.54932e-11
1.99884e-11
-1.92765e-12
-1.61726e-11
3.10651e-11
-3.93883e-11
3.79401e-11
-2.61547e-11
8.64919e-12
5.14517e-12
-7.32335e-12
-2.33403e-12
1.57085e-11
-2.3057e-11
2.02515e-11
-1.17041e-11
5.654e-12
-6.53911e-12
1.05511e-11
-1.03628e-11
3.47084e-12
4.40176e-12
-5.68444e-12
-1.32611e-12
1.10076e-11
-1.68046e-11
1.72971e-11
-1.72393e-11
2.20715e-11
-3.18444e-11
3.93757e-11
-3.61057e-11
1.95199e-11
4.18966e-12
-2.52213e-11
3.62958e-11
-3.58754e-11
2.72601e-11
-1.68091e-11
1.05327e-11
-1.12211e-11
1.74246e-11
-2.62454e-11
3.57016e-11
-4.50666e-11
5.26212e-11
-5.46561e-11
4.6264e-11
-2.54372e-11
-3.02602e-12
2.74429e-11
-3.68301e-11
2.95908e-11
-1.52345e-11
5.68162e-12
-5.75101e-12
1.0858e-11
-1.36041e-11
1.09462e-11
-6.58767e-12
6.22009e-12
-1.13478e-11
1.7038e-11
-1.72635e-11
1.12108e-11
-4.2097e-12
1.61626e-12
-3.94368e-12
7.15859e-12
-7.314e-12
3.60881e-12
6.43826e-13
-5.18613e-14
-9.52457e-12
2.68917e-11
-4.51778e-11
5.51628e-11
-5.09577e-11
3.3266e-11
-9.5703e-12
-1.03759e-11
2.05911e-11
-2.26496e-11
2.20291e-11
-2.16139e-11
1.92151e-11
-1.29188e-11
6.25249e-12
-7.08344e-12
2.00328e-11
-4.10736e-11
5.86594e-11
-6.1909e-11
4.85651e-11
-2.6928e-11
8.58238e-12
5.2312e-13
-3.10027e-12
4.9462e-12
-8.96886e-12
1.36394e-11
-1.60161e-11
1.3979e-11
-7.65368e-12
-6.54633e-13
7.25548e-12
-9.87753e-12
8.97391e-12
-6.91355e-12
5.08692e-12
-2.76948e-12
-2.39143e-12
1.13633e-11
-2.10843e-11
2.43962e-11
-1.60185e-11
-8.00838e-13
1.39276e-11
-1.17228e-11
-7.37492e-12
3.35439e-11
-5.39957e-11
6.15718e-11
-5.76707e-11
4.79465e-11
-3.66793e-11
2.38833e-11
-8.40014e-12
-7.86818e-12
1.92634e-11
-2.14746e-11
1.55954e-11
-7.51509e-12
3.19315e-12
-5.72886e-12
1.41966e-11
-2.42487e-11
2.96897e-11
-2.69879e-11
1.85312e-11
-1.15488e-11
1.17915e-11
-1.85962e-11
2.47364e-11
-2.22637e-11
9.05621e-12
8.1884e-12
-1.89721e-11
1.73979e-11
-6.67667e-12
-5.9331e-12
1.66525e-11
-2.72173e-11
3.91894e-11
-4.94088e-11
5.11716e-11
-4.0293e-11
1.90601e-11
3.92029e-12
-1.87896e-11
2.0214e-11
-1.08794e-11
-1.03055e-12
7.03171e-12
-3.03661e-12
-9.64558e-12
2.50164e-11
-3.5862e-11
3.83998e-11
-3.56514e-11
3.40122e-11
-3.64155e-11
3.87777e-11
-3.49125e-11
2.3271e-11
-8.91726e-12
-1.64044e-12
5.96965e-12
-7.32382e-12
1.01796e-11
-1.47934e-11
1.53789e-11
-5.74094e-12
-1.36015e-11
3.36288e-11
-4.361e-11
3.85625e-11
-2.17563e-11
1.27073e-12
1.3945e-11
-1.80029e-11
1.07782e-11
1.31704e-12
-9.7246e-12
9.46706e-12
-2.03154e-12
-7.77664e-12
1.63977e-11
-2.42874e-11
3.38619e-11
-4.54784e-11
5.44812e-11
-5.4446e-11
4.3665e-11
-2.85729e-11
1.80454e-11
-1.50464e-11
1.40987e-11
-7.99914e-12
-4.94622e-12
1.91808e-11
-2.66273e-11
2.19402e-11
-6.16424e-12
-1.36975e-11
2.80754e-11
-3.05273e-11
2.08796e-11
-5.01635e-12
-8.92238e-12
1.46496e-11
-1.15165e-11
4.23205e-12
1.37533e-12
-3.97013e-12
6.23072e-12
-9.34139e-12
8.85491e-12
1.04979e-12
-2.0458e-11
4.14506e-11
-5.42594e-11
5.44648e-11
-4.58283e-11
3.63284e-11
-3.20648e-11
3.25438e-11
-3.1935e-11
2.42441e-11
-8.73816e-12
-9.78808e-12
2.38792e-11
-2.73977e-11
1.81691e-11
-4.53522e-13
-1.63242e-11
2.31689e-11
-1.85955e-11
8.71583e-12
-7.6654e-13
-3.48671e-12
6.61391e-12
-1.02745e-11
1.18345e-11
-7.25758e-12
-4.12361e-12
1.67729e-11
-2.20043e-11
1.41344e-11
4.32909e-12
-2.45794e-11
3.80785e-11
-4.24193e-11
4.07565e-11
-3.82974e-11
3.88445e-11
-4.32273e-11
4.75669e-11
-4.47472e-11
2.97348e-11
-5.88173e-12
-1.60869e-11
2.57521e-11
-2.0979e-11
7.93557e-12
4.68049e-12
-1.21798e-11
1.513e-11
-1.64265e-11
1.65955e-11
-1.32108e-11
4.41513e-12
6.63391e-12
-1.3216e-11
1.05331e-11
-6.0372e-14
-1.23122e-11
2.0112e-11
-1.9205e-11
8.75762e-12
7.19095e-12
-2.09841e-11
2.63318e-11
-2.44438e-11
2.32741e-11
-3.03885e-11
4.52722e-11
-5.92632e-11
6.18327e-11
-4.87816e-11
2.51155e-11
-1.58327e-12
-1.32575e-11
1.76135e-11
-1.49997e-11
8.75712e-12
-1.54611e-13
-9.93557e-12
1.90454e-11
-2.47279e-11
2.58484e-11
-2.23853e-11
1.46324e-11
-5.13962e-12
-7.86398e-13
-1.61731e-12
1.09227e-11
-1.9442e-11
1.91646e-11
-9.04565e-12
-4.23406e-12
1.15539e-11
-9.18359e-12
1.94592e-12
1.12245e-13
9.73906e-12
-2.9459e-11
4.97224e-11
-6.11488e-11
5.91949e-11
-4.50166e-11
2.36546e-11
-2.78942e-12
-1.05896e-11
1.41513e-11
-1.1608e-11
7.78812e-12
-3.54705e-12
-4.07964e-12
1.60697e-11
-2.85009e-11
3.53088e-11
-3.42115e-11
2.85204e-11
-2.43644e-11
2.50786e-11
-2.84287e-11
2.81892e-11
-2.01538e-11
6.25301e-12
6.34547e-12
-1.10438e-11
5.90363e-12
5.48857e-12
-1.59923e-11
1.72228e-11
-4.44524e-12
-1.87301e-11
4.03485e-11
-4.85854e-11
4.07245e-11
-2.44818e-11
9.87468e-12
-1.61346e-12
-2.15937e-12
5.07729e-12
-8.73042e-12
1.15272e-11
-1.07124e-11
4.46347e-12
6.36474e-12
-1.91656e-11
3.11676e-11
-4.08952e-11
4.75972e-11
-5.11174e-11
5.13658e-11
-4.77113e-11
3.79088e-11
-2.06033e-11
-5.09025e-13
1.5642e-11
-1.60116e-11
2.07191e-12
1.5507e-11
-2.47067e-11
2.08357e-11
-8.33865e-12
-4.44195e-12
1.04623e-11
-7.38835e-12
-1.85149e-12
1.04036e-11
-1.22263e-11
6.39886e-12
1.74077e-12
-4.87352e-12
-9.42237e-13
1.2713e-11
-2.23759e-11
2.22049e-11
-1.0895e-11
-6.2088e-12
2.22956e-11
-3.49577e-11
4.53088e-11
-5.33301e-11
5.55255e-11
-4.88138e-11
3.41744e-11
-1.63537e-11
3.34027e-13
9.89639e-12
-1.18459e-11
5.7791e-12
3.38766e-12
-8.95284e-12
8.19366e-12
-5.82955e-12
9.67131e-12
-2.32761e-11
4.15981e-11
-5.42831e-11
5.27558e-11
-3.68198e-11
1.49209e-11
1.2945e-12
-4.95224e-12
-2.84074e-12
1.51055e-11
-2.40914e-11
2.44183e-11
-1.53663e-11
1.44547e-12
9.53118e-12
-1.26799e-11
1.02044e-11
-8.93063e-12
1.23033e-11
-1.70637e-11
1.74017e-11
-1.17009e-11
2.99854e-12
4.96136e-12
-1.10491e-11
1.54914e-11
-1.81762e-11
1.79265e-11
-1.33064e-11
2.68225e-12
1.44508e-11
-3.58737e-11
5.54954e-11
-6.57803e-11
6.17403e-11
-4.49693e-11
2.36668e-11
-8.53131e-12
5.16345e-12
-9.92666e-12
1.30394e-11
-7.92099e-12
-3.18886e-12
1.16931e-11
-1.04846e-11
-1.81924e-12
2.10503e-11
-3.9893e-11
4.98021e-11
-4.55065e-11
2.95631e-11
-1.23839e-11
4.29558e-12
-7.64414e-12
1.60726e-11
-2.18264e-11
2.17595e-11
-1.78526e-11
1.31964e-11
-9.49163e-12
6.39937e-12
-2.81708e-12
-2.20903e-12
8.22827e-12
-1.37415e-11
1.69548e-11
-1.7125e-11
1.45018e-11
-1.03675e-11
5.95065e-12
-1.266e-12
-5.88166e-12
1.71148e-11
-2.94442e-11
3.44071e-11
-2.46515e-11
1.18744e-12
2.59666e-11
-4.56449e-11
5.25939e-11
-4.872e-11
3.93908e-11
-3.08238e-11
2.75564e-11
-2.95915e-11
3.05818e-11
-2.25789e-11
3.89389e-12
1.71168e-11
-2.81174e-11
2.20786e-11
-2.18931e-12
-2.16151e-11
3.90496e-11
-4.49732e-11
4.06195e-11
-3.19587e-11
2.52866e-11
-2.37672e-11
2.59797e-11
-2.79439e-11
2.58249e-11
-1.89508e-11
1.04734e-11
-5.57385e-12
6.69882e-12
-1.12228e-11
1.38423e-11
-1.23995e-11
9.24544e-12
-7.42922e-12
6.2801e-12
-3.16528e-12
-2.35419e-12
7.14676e-12
-7.97746e-12
3.55636e-12
5.85583e-12
-1.91386e-11
3.20908e-11
-3.75589e-11
3.01446e-11
-1.24278e-11
-6.13714e-12
1.67328e-11
-1.83407e-11
1.68345e-11
-1.9191e-11
2.77893e-11
-3.93212e-11
4.64373e-11
-4.20607e-11
2.379e-11
3.00154e-12
-2.73082e-11
3.82096e-11
-3.15652e-11
1.22097e-11
8.86807e-12
-2.19802e-11
2.48986e-11
-2.37628e-11
2.65779e-11
-3.61048e-11
4.77742e-11
-5.45236e-11
5.1693e-11
-3.89943e-11
1.96632e-11
-3.09771e-13
-1.12921e-11
1.07601e-11
-1.33248e-12
-9.04916e-12
1.48996e-11
-1.74321e-11
2.04395e-11
-2.48261e-11
2.79717e-11
-2.82185e-11
2.65727e-11
-2.47767e-11
2.29363e-11
-2.09192e-11
1.94352e-11
-1.90735e-11
1.83039e-11
-1.53171e-11
1.09562e-11
-9.0805e-12
1.21245e-11
-1.78145e-11
2.00928e-11
-1.43532e-11
1.17885e-12
1.3231e-11
-2.09698e-11
1.7043e-11
-2.88002e-12
-1.47021e-11
2.73635e-11
-3.02257e-11
2.39299e-11
-1.4259e-11
8.4808e-12
-1.05833e-11
1.69792e-11
-1.82372e-11
6.39098e-12
1.70554e-11
-4.14517e-11
5.46425e-11
-5.12905e-11
3.41377e-11
-1.09446e-11
-9.39582e-12
1.95382e-11
-1.78454e-11
1.02269e-11
-6.23222e-12
9.92727e-12
-1.5831e-11
1.40593e-11
-6.2726e-14
-2.21983e-11
4.42115e-11
-5.87307e-11
6.15152e-11
-5.20749e-11
3.4375e-11
-1.63819e-11
4.96124e-12
-1.10455e-12
1.28117e-13
2.21975e-12
-5.64335e-12
6.34034e-12
-1.67611e-12
-7.94935e-12
1.98902e-11
-3.13589e-11
3.99091e-11
-4.41143e-11
4.36818e-11
-3.96445e-11
3.31934e-11
-2.53241e-11
1.67331e-11
-8.78212e-12
3.43919e-12
-2.93179e-12
7.82746e-12
-1.57835e-11
2.17769e-11
-2.19393e-11
1.7001e-11
-1.22903e-11
1.26517e-11
-1.84077e-11
2.54555e-11
-2.93143e-11
2.7465e-11
-2.0115e-11
1.02481e-11
-4.04704e-12
7.40304e-12
-2.02657e-11
3.40575e-11
-3.7982e-11
2.79824e-11
-1.00036e-11
-6.03842e-12
1.32487e-11
-1.04744e-11
6.98755e-13
9.8904e-12
-1.41968e-11
8.8889e-12
7.89134e-13
-4.05914e-12
-6.08656e-12
2.5547e-11
-4.24973e-11
4.65384e-11
-3.5324e-11
1.36633e-11
9.83188e-12
-2.63422e-11
3.0136e-11
-2.27184e-11
1.24772e-11
-8.57303e-12
1.27348e-11
-1.81669e-11
1.57545e-11
-2.1185e-12
-1.84262e-11
3.69101e-11
-4.49612e-11
3.82967e-11
-1.90891e-11
-4.93534e-12
2.42344e-11
-3.33615e-11
3.35456e-11
-3.07779e-11
3.0213e-11
-3.25001e-11
3.3512e-11
-2.81823e-11
1.44498e-11
4.44552e-12
-2.19072e-11
3.15122e-11
-3.04226e-11
1.9706e-11
-3.46941e-12
-1.32068e-11
2.60418e-11
-3.38835e-11
3.8553e-11
-4.24197e-11
4.49173e-11
-4.31232e-11
3.51072e-11
-2.2737e-11
9.65909e-12
1.57469e-12
-1.01781e-11
1.48538e-11
-1.38768e-11
7.03754e-12
3.17575e-12
-1.43486e-11
2.59293e-11
-3.77229e-11
4.66741e-11
-4.85542e-11
4.2492e-11
-3.29321e-11
2.49676e-11
-1.9827e-11
1.5216e-11
-9.77817e-12
4.25089e-12
2.69695e-13
-3.43456e-12
3.30077e-12
3.56446e-12
-1.80579e-11
3.45244e-11
-4.43054e-11
4.31009e-11
-3.45679e-11
2.55998e-11
-2.06404e-11
2.00655e-11
-2.24491e-11
2.49105e-11
-2.33267e-11
1.48813e-11
-2.81345e-12
-4.36633e-12
-2.0535e-13
1.46781e-11
-3.01415e-11
3.79268e-11
-3.55297e-11
2.5935e-11
-1.49376e-11
8.66766e-12
-1.15097e-11
2.22001e-11
-3.30584e-11
3.48389e-11
-2.50507e-11
1.03146e-11
-9.95794e-13
2.76954e-12
-1.37458e-11
2.67866e-11
-3.42062e-11
3.10166e-11
-1.80308e-11
2.44438e-12
5.44903e-12
1.46307e-13
-1.58185e-11
3.10517e-11
-3.64897e-11
3.00452e-11
-1.74566e-11
7.40323e-12
-6.45095e-12
1.51576e-11
-2.76919e-11
3.45703e-11
-2.90811e-11
1.23292e-11
6.46382e-12
-1.63013e-11
1.15826e-11
4.26441e-12
-2.1813e-11
3.15372e-11
-2.97015e-11
1.99352e-11
-1.08411e-11
9.92312e-12
-1.86131e-11
3.07505e-11
-3.68031e-11
3.00604e-11
-1.17049e-11
-9.69031e-12
2.29986e-11
-2.17243e-11
7.72008e-12
1.00953e-11
-2.2063e-11
2.3552e-11
-1.74156e-11
1.10696e-11
-1.16051e-11
2.07475e-11
-3.34655e-11
4.03623e-11
-3.41592e-11
1.50769e-11
8.26833e-12
-2.46497e-11
2.71864e-11
-1.7174e-11
1.79259e-12
1.04777e-11
-1.4687e-11
1.15704e-11
-7.36544e-12
9.41624e-12
-2.04968e-11
3.52774e-11
-4.38189e-11
3.87275e-11
-2.07789e-11
-2.32479e-12
2.08493e-11
-2.82667e-11
2.34134e-11
-1.10339e-11
-7.96614e-13
5.4071e-12
-2.9153e-12
8.83754e-14
-4.65667e-12
1.80635e-11
-3.43681e-11
4.46156e-11
-4.28757e-11
2.859e-11
-6.69521e-12
-1.4375e-11
2.59732e-11
-2.47172e-11
1.50184e-11
-5.99552e-12
3.60604e-12
-6.36472e-12
7.5312e-12
-1.61872e-12
-1.20686e-11
2.93384e-11
-4.33817e-11
4.69446e-11
-3.64184e-11
1.52001e-11
6.71678e-12
-1.95823e-11
2.06063e-11
-1.50333e-11
1.01546e-11
-9.75443e-12
1.24879e-11
-1.42446e-11
1.01675e-11
2.65355e-12
-2.24313e-11
4.11581e-11
-4.89553e-11
4.11583e-11
-2.24316e-11
2.6538e-12
1.01673e-11
-1.42444e-11
1.24876e-11
-9.75407e-12
1.01541e-11
-1.50328e-11
2.06058e-11
-1.9582e-11
6.71679e-12
1.51999e-11
-3.64182e-11
4.69446e-11
-4.33817e-11
2.93384e-11
-1.20686e-11
-1.61885e-12
7.53147e-12
-6.36514e-12
3.6065e-12
-5.99583e-12
1.50184e-11
-2.47171e-11
2.59731e-11
-1.4375e-11
-6.6951e-12
2.85898e-11
-4.28754e-11
4.46154e-11
-3.4368e-11
1.80636e-11
-4.65686e-12
8.85359e-14
-2.91533e-12
5.407e-12
-7.96485e-13
-1.1034e-11
2.34134e-11
-2.82665e-11
2.0849e-11
-2.32448e-12
-2.07792e-11
3.87277e-11
-4.38191e-11
3.52776e-11
-2.04969e-11
9.4164e-12
-7.36563e-12
1.15706e-11
-1.46871e-11
1.04777e-11
1.79269e-12
-1.71741e-11
2.71866e-11
-2.465e-11
8.26871e-12
1.50766e-11
-3.41589e-11
4.03621e-11
-3.34652e-11
2.07472e-11
-1.16048e-11
1.10693e-11
-1.74153e-11
2.35518e-11
-2.2063e-11
1.00955e-11
7.7198e-12
-2.1724e-11
2.29984e-11
-9.69017e-12
-1.17051e-11
3.00607e-11
-3.68035e-11
3.0751e-11
-1.86138e-11
9.92377e-12
-1.08416e-11
1.99354e-11
-2.97016e-11
3.15371e-11
-2.1813e-11
4.26442e-12
1.15826e-11
-1.63013e-11
6.46401e-12
1.23288e-11
-2.90805e-11
3.45694e-11
-2.76911e-11
1.51569e-11
-6.45044e-12
7.40291e-12
-1.74564e-11
3.00451e-11
-3.64896e-11
3.10516e-11
-1.58185e-11
1.464e-13
5.44879e-12
2.44482e-12
-1.80314e-11
3.10173e-11
-3.42069e-11
2.67872e-11
-1.37462e-11
2.76985e-12
-9.95946e-13
1.03146e-11
-2.50506e-11
3.48389e-11
-3.30584e-11
2.22001e-11
-1.15096e-11
8.66749e-12
-1.49373e-11
2.59347e-11
-3.55293e-11
3.79265e-11
-3.01413e-11
1.4678e-11
-2.05405e-13
-4.36629e-12
-2.81337e-12
1.48811e-11
-2.33264e-11
2.49101e-11
-2.24487e-11
2.00651e-11
-2.06401e-11
2.55997e-11
-3.45678e-11
4.31008e-11
-4.43054e-11
3.45244e-11
-1.8058e-11
3.56464e-12
3.30048e-12
-3.43409e-12
2.69057e-13
4.25164e-12
-9.77893e-12
1.52167e-11
-1.98276e-11
2.4968e-11
-3.29324e-11
4.24922e-11
-4.85542e-11
4.6674e-11
-3.77227e-11
2.59289e-11
-1.43481e-11
3.17511e-12
7.03827e-12
-1.38776e-11
1.48545e-11
-1.01786e-11
1.57508e-12
9.65878e-12
-2.27368e-11
3.5107e-11
-4.31231e-11
4.49173e-11
-4.24199e-11
3.85533e-11
-3.38839e-11
2.60422e-11
-1.32071e-11
-3.46931e-12
1.97061e-11
-3.04226e-11
3.15122e-11
-2.19071e-11
4.44537e-12
1.445e-11
-2.81824e-11
3.35122e-11
-3.25002e-11
3.02131e-11
-3.0778e-11
3.35458e-11
-3.33618e-11
2.42347e-11
-4.93562e-12
-1.90888e-11
3.82965e-11
-4.4961e-11
3.691e-11
-1.84263e-11
-2.1183e-12
1.57542e-11
-1.81666e-11
1.27345e-11
-8.57283e-12
1.24772e-11
-2.27185e-11
3.0136e-11
-2.6342e-11
9.83148e-12
1.36638e-11
-3.53243e-11
4.65386e-11
-4.24973e-11
2.55468e-11
-6.08635e-12
-4.05925e-12
7.88958e-13
8.8894e-12
-1.41974e-11
9.89085e-12
6.98648e-13
-1.04746e-11
1.32491e-11
-6.03886e-12
-1.00032e-11
2.79821e-11
-3.79818e-11
3.40574e-11
-2.02655e-11
7.40263e-12
-4.04642e-12
1.02475e-11
-2.01145e-11
2.74648e-11
-2.93144e-11
2.54557e-11
-1.84081e-11
1.26521e-11
-1.22906e-11
1.70012e-11
-2.19395e-11
2.17771e-11
-1.57837e-11
7.82765e-12
-2.93189e-12
3.43915e-12
-8.78195e-12
1.67329e-11
-2.53239e-11
3.31932e-11
-3.96443e-11
4.36817e-11
-4.41143e-11
3.99091e-11
-3.1359e-11
1.98903e-11
-7.94956e-12
-1.67578e-12
6.33992e-12
-5.64293e-12
2.21943e-12
1.28305e-13
-1.10461e-12
4.9612e-12
-1.63818e-11
3.43749e-11
-5.20747e-11
6.1515e-11
-5.87304e-11
4.42112e-11
-2.21979e-11
-6.30671e-14
1.40595e-11
-1.58311e-11
9.92723e-12
-6.23212e-12
1.02268e-11
-1.78453e-11
1.95381e-11
-9.39566e-12
-1.09448e-11
3.41379e-11
-5.12908e-11
5.46427e-11
-4.14518e-11
1.70554e-11
6.39101e-12
-1.82373e-11
1.69793e-11
-1.05833e-11
8.48093e-12
-1.42592e-11
2.39302e-11
-3.02259e-11
2.73637e-11
-1.47022e-11
-2.87989e-12
1.70429e-11
-2.09697e-11
1.32308e-11
1.17909e-12
-1.43534e-11
2.00929e-11
-1.78144e-11
1.21242e-11
-9.08019e-12
1.0956e-11
-1.5317e-11
1.83039e-11
-1.90736e-11
1.94353e-11
-2.09192e-11
2.29363e-11
-2.47765e-11
2.65725e-11
-2.82183e-11
2.79716e-11
-2.48261e-11
2.04396e-11
-1.74322e-11
1.48996e-11
-9.04902e-12
-1.33276e-12
1.07605e-11
-1.12926e-11
-3.09371e-13
1.9663e-11
-3.89944e-11
5.16933e-11
-5.45239e-11
4.77744e-11
-3.6105e-11
2.6578e-11
-2.37629e-11
2.48988e-11
-2.19806e-11
8.86857e-12
1.22092e-11
-3.1565e-11
3.82096e-11
-2.73084e-11
3.00173e-12
2.37898e-11
-4.20607e-11
4.64374e-11
-3.93212e-11
2.77892e-11
-1.91908e-11
1.68343e-11
-1.83406e-11
1.6733e-11
-6.13755e-12
-1.24274e-11
3.01443e-11
-3.75589e-11
3.2091e-11
-1.9139e-11
5.85621e-12
3.55607e-12
-7.97726e-12
7.14661e-12
-2.35398e-12
-3.16559e-12
6.2805e-12
-7.42965e-12
9.24576e-12
-1.23997e-11
1.38421e-11
-1.12225e-11
6.69848e-12
-5.57352e-12
1.04731e-11
-1.89505e-11
2.58247e-11
-2.79437e-11
2.59796e-11
-2.37672e-11
2.52866e-11
-3.19588e-11
4.06197e-11
-4.49735e-11
3.905e-11
-2.16154e-11
-2.18918e-12
2.20787e-11
-2.81175e-11
1.7117e-11
3.89373e-12
-2.25787e-11
3.05818e-11
-2.95915e-11
2.75563e-11
-3.08235e-11
3.93902e-11
-4.87194e-11
5.25935e-11
-4.56449e-11
2.59668e-11
1.18704e-12
-2.46511e-11
3.44069e-11
-2.94442e-11
1.71149e-11
-5.88159e-12
-1.26627e-12
5.95111e-12
-1.03681e-11
1.45023e-11
-1.71253e-11
1.69548e-11
-1.37413e-11
8.22809e-12
-2.20896e-12
-2.81705e-12
6.39936e-12
-9.49176e-12
1.31967e-11
-1.78529e-11
2.17598e-11
-2.18265e-11
1.60726e-11
-7.64409e-12
4.29554e-12
-1.23839e-11
2.95632e-11
-4.55065e-11
4.98021e-11
-3.98929e-11
2.105e-11
-1.81905e-12
-1.04846e-11
1.1693e-11
-3.18855e-12
-7.92131e-12
1.30396e-11
-9.9267e-12
5.16336e-12
-8.53118e-12
2.36667e-11
-4.49693e-11
6.17404e-11
-6.57806e-11
5.54957e-11
-3.5874e-11
1.44509e-11
2.68239e-12
-1.33067e-11
1.79267e-11
-1.81763e-11
1.54912e-11
-1.10488e-11
4.96104e-12
2.99881e-12
-1.1701e-11
1.74014e-11
-1.70632e-11
1.23028e-11
-8.93034e-12
1.02044e-11
-1.268e-11
9.53134e-12
1.44539e-12
-1.53663e-11
2.44184e-11
-2.40917e-11
1.51058e-11
-2.84092e-12
-4.95211e-12
1.29433e-12
1.49212e-11
-3.68202e-11
5.27562e-11
-5.42835e-11
4.15983e-11
-2.32762e-11
9.67141e-12
-5.82962e-12
8.19363e-12
-8.95261e-12
3.38719e-12
5.77978e-12
-1.18467e-11
9.89714e-12
3.33368e-13
-1.63532e-11
3.4174e-11
-4.88135e-11
5.55253e-11
-5.33299e-11
4.53087e-11
-3.49578e-11
2.22958e-11
-6.20916e-12
-1.08947e-11
2.22047e-11
-2.2376e-11
1.27131e-11
-9.42247e-13
-4.87366e-12
1.74101e-12
6.39865e-12
-1.22261e-11
1.04035e-11
-1.85137e-12
-7.38849e-12
1.04625e-11
-4.44225e-12
-8.33824e-12
2.08352e-11
-2.47063e-11
1.55068e-11
2.07198e-12
-1.60115e-11
1.5642e-11
-5.08931e-13
-2.06034e-11
3.7909e-11
-4.77115e-11
5.1366e-11
-5.11175e-11
4.75973e-11
-4.08953e-11
3.11678e-11
-1.91657e-11
6.36499e-12
4.46322e-12
-1.07121e-11
1.1527e-11
-8.73014e-12
5.07704e-12
-2.1592e-12
-1.61349e-12
9.87461e-12
-2.44816e-11
4.07243e-11
-4.85851e-11
4.03482e-11
-1.87298e-11
-4.44561e-12
1.72231e-11
-1.59926e-11
5.4888e-12
5.90346e-12
-1.10438e-11
6.34564e-12
6.25261e-12
-2.01533e-11
2.81888e-11
-2.84285e-11
2.50785e-11
-2.43643e-11
2.85203e-11
-3.42114e-11
3.53087e-11
-2.85008e-11
1.60696e-11
-4.0796e-12
-3.54711e-12
7.78825e-12
-1.16082e-11
1.41515e-11
-1.05899e-11
-2.78923e-12
2.36545e-11
-4.50168e-11
5.91951e-11
-6.1149e-11
4.97225e-11
-2.9459e-11
9.73918e-12
1.11968e-13
1.94633e-12
-9.18399e-12
1.15542e-11
-4.23421e-12
-9.04563e-12
1.91646e-11
-1.94422e-11
1.09228e-11
-1.61744e-12
-7.8627e-13
-5.13976e-12
1.46325e-11
-2.23855e-11
2.58485e-11
-2.47277e-11
1.90452e-11
-9.93529e-12
-1.54878e-13
8.75735e-12
-1.49999e-11
1.76137e-11
-1.32576e-11
-1.58317e-12
2.51155e-11
-4.87816e-11
6.18326e-11
-5.92631e-11
4.52721e-11
-3.03884e-11
2.32741e-11
-2.44439e-11
2.63319e-11
-2.09842e-11
7.19099e-12
8.7577e-12
-1.92052e-11
2.01123e-11
-1.23125e-11
-6.00902e-14
1.05328e-11
-1.32157e-11
6.63363e-12
4.41527e-12
-1.32107e-11
1.65952e-11
-1.6426e-11
1.51294e-11
-1.21793e-11
4.68007e-12
7.93597e-12
-2.09794e-11
2.57525e-11
-1.60873e-11
-5.88142e-12
2.97346e-11
-4.47471e-11
4.75669e-11
-4.32273e-11
3.88446e-11
-3.82976e-11
4.07567e-11
-4.24195e-11
3.80787e-11
-2.45795e-11
4.32902e-12
1.41346e-11
-2.20047e-11
1.67733e-11
-4.12385e-12
-7.25756e-12
1.18347e-11
-1.02746e-11
6.61399e-12
-3.48677e-12
-7.66459e-13
8.71573e-12
-1.85954e-11
2.31688e-11
-1.63241e-11
-4.53614e-13
1.81692e-11
-2.73977e-11
2.38793e-11
-9.78811e-12
-8.7381e-12
2.42441e-11
-3.19351e-11
3.2544e-11
-3.2065e-11
3.63286e-11
-4.58283e-11
5.44648e-11
-5.42595e-11
4.14508e-11
-2.04583e-11
1.0501e-12
8.85471e-12
-9.34132e-12
6.23077e-12
-3.97027e-12
1.37555e-12
4.23183e-12
-1.15163e-11
1.46495e-11
-8.92229e-12
-5.01647e-12
2.08798e-11
-3.05275e-11
2.80754e-11
-1.36974e-11
-6.16436e-12
2.19402e-11
-2.6627e-11
1.91804e-11
-4.94579e-12
-7.99944e-12
1.40988e-11
-1.50464e-11
1.80455e-11
-2.85731e-11
4.36654e-11
-5.44465e-11
5.44816e-11
-4.54788e-11
3.38622e-11
-2.42877e-11
1.6398e-11
-7.77683e-12
-2.03148e-12
9.46718e-12
-9.72486e-12
1.31735e-12
1.0778e-11
-1.80028e-11
1.39451e-11
1.27055e-12
-2.17562e-11
3.85626e-11
-4.36103e-11
3.36292e-11
-1.36018e-11
-5.74075e-12
1.53789e-11
-1.47935e-11
1.01798e-11
-7.32402e-12
5.96983e-12
-1.64051e-12
-8.91737e-12
2.32713e-11
-3.49129e-11
3.87781e-11
-3.64157e-11
3.40123e-11
-3.56515e-11
3.83999e-11
-3.58621e-11
2.50165e-11
-9.64567e-12
-3.03657e-12
7.03171e-12
-1.03055e-12
-1.08793e-11
2.02139e-11
-1.87895e-11
3.92019e-12
1.90602e-11
-4.0293e-11
5.11714e-11
-4.94083e-11
3.91888e-11
-2.72168e-11
1.66522e-11
-5.93305e-12
-6.67654e-12
1.73978e-11
-1.89721e-11
8.18858e-12
9.05592e-12
-2.22635e-11
2.47364e-11
-1.85964e-11
1.17917e-11
-1.15491e-11
1.85315e-11
-2.69882e-11
2.96899e-11
-2.42488e-11
1.41966e-11
-5.72869e-12
3.19282e-12
-7.5147e-12
1.55951e-11
-2.14745e-11
1.92634e-11
-7.86831e-12
-8.39999e-12
2.38833e-11
-3.66794e-11
4.79467e-11
-5.76709e-11
6.15721e-11
-5.39959e-11
3.3544e-11
-7.37492e-12
-1.17228e-11
1.39276e-11
-8.00632e-13
-1.60189e-11
2.43967e-11
-2.10848e-11
1.13638e-11
-2.39186e-12
-2.76909e-12
5.08663e-12
-6.91339e-12
8.97389e-12
-9.87757e-12
7.25557e-12
-6.54728e-13
-7.65357e-12
1.39789e-11
-1.60159e-11
1.36391e-11
-8.96853e-12
4.94588e-12
-3.09997e-12
5.22848e-13
8.58263e-12
-2.69282e-11
4.85652e-11
-6.19092e-11
5.86596e-11
-4.10739e-11
2.00333e-11
-7.08404e-12
6.25313e-12
-1.29194e-11
1.92157e-11
-2.16143e-11
2.20295e-11
-2.26498e-11
2.05912e-11
-1.0376e-11
-9.57009e-12
3.32657e-11
-5.09573e-11
5.51625e-11
-4.51776e-11
2.68915e-11
-9.52435e-12
-5.20968e-14
6.4399e-13
3.60883e-12
-7.3142e-12
7.15885e-12
-3.94386e-12
1.61631e-12
-4.20967e-12
1.12108e-11
-1.72636e-11
1.70381e-11
-1.13478e-11
6.22005e-12
-6.58755e-12
1.09461e-11
-1.3604e-11
1.08579e-11
-5.75102e-12
5.68175e-12
-1.52347e-11
2.95911e-11
-3.68304e-11
2.74432e-11
-3.0263e-12
-2.5437e-11
4.62637e-11
-5.4656e-11
5.26213e-11
-4.50669e-11
3.57019e-11
-2.62457e-11
1.74248e-11
-1.12212e-11
1.05327e-11
-1.6809e-11
2.726e-11
-3.58753e-11
3.62956e-11
-2.52211e-11
4.18952e-12
1.95199e-11
-3.61056e-11
3.93756e-11
-3.18443e-11
2.20713e-11
-1.7239e-11
1.72968e-11
-1.68043e-11
1.10074e-11
-1.32599e-12
-5.68448e-12
4.40178e-12
3.47083e-12
-1.03627e-11
1.0551e-11
-6.53905e-12
5.65389e-12
-1.17039e-11
2.02513e-11
-2.30568e-11
1.57083e-11
-2.33389e-12
-7.32328e-12
5.14494e-12
8.64946e-12
-2.61548e-11
3.794e-11
-3.9388e-11
3.10647e-11
-1.61723e-11
-1.92783e-12
1.99885e-11
-3.54933e-11
4.62993e-11
-5.02883e-11
4.54149e-11
-3.24135e-11
1.64807e-11
-6.02415e-12
7.54386e-12
-2.12216e-11
3.93005e-11
-5.02982e-11
4.64646e-11
-2.99264e-11
1.01551e-11
4.54819e-12
-1.37029e-11
2.18542e-11
-3.14587e-11
3.888e-11
-3.82718e-11
2.80294e-11
-1.42853e-11
6.50233e-12
-9.3298e-12
1.76659e-11
-2.17354e-11
1.65413e-11
-6.62006e-12
5.90421e-13
-2.96099e-12
1.03856e-11
-1.55211e-11
1.30184e-11
-3.77204e-12
-6.52158e-12
1.2041e-11
-1.13083e-11
6.41707e-12
1.35344e-13
-7.67146e-12
1.59838e-11
-2.40916e-11
2.94609e-11
-2.85892e-11
1.81287e-11
1.63705e-12
-2.4707e-11
4.11539e-11
-4.36027e-11
3.21963e-11
-1.50779e-11
2.99143e-12
-2.53456e-12
1.18709e-11
-2.38351e-11
3.28545e-11
-3.92378e-11
4.51822e-11
-4.88051e-11
4.33781e-11
-2.42498e-11
-4.8425e-12
3.18917e-11
-4.48223e-11
4.03741e-11
-2.69329e-11
1.70516e-11
-1.7133e-11
2.33846e-11
-2.8365e-11
2.90565e-11
-2.87463e-11
3.13478e-11
-3.6261e-11
3.79029e-11
-3.09413e-11
1.55067e-11
1.67653e-12
-1.29431e-11
1.58989e-11
-1.47813e-11
1.51932e-11
-1.92288e-11
2.42742e-11
-2.59891e-11
2.14346e-11
-1.1767e-11
1.77835e-12
3.02609e-12
-7.16486e-13
-6.26204e-12
1.31492e-11
-1.64598e-11
1.55204e-11
-1.24181e-11
9.18731e-12
-5.39377e-12
-1.56273e-12
1.16283e-11
-1.92268e-11
1.62453e-11
1.10623e-13
-2.33987e-11
4.11093e-11
-4.35244e-11
3.03186e-11
-1.04723e-11
-5.8131e-12
1.48801e-11
-2.02051e-11
2.49494e-11
-2.68414e-11
2.08237e-11
-6.97661e-12
-6.50076e-12
8.0824e-12
7.3694e-12
-3.33764e-11
5.54158e-11
-6.20536e-11
5.27206e-11
-3.591e-11
1.97775e-11
-6.42366e-12
-6.37132e-12
1.90627e-11
-2.81205e-11
2.87225e-11
-2.04949e-11
9.70239e-12
-5.80681e-12
1.36732e-11
-2.97534e-11
4.50656e-11
-5.24762e-11
5.04153e-11
-4.21852e-11
3.21578e-11
-2.29597e-11
1.4104e-11
-4.05951e-12
-7.10257e-12
1.65963e-11
-2.15773e-11
2.15462e-11
-1.91197e-11
1.80439e-11
-2.08796e-11
2.64018e-11
-3.02359e-11
2.85475e-11
-2.25896e-11
1.7781e-11
-1.85829e-11
2.3494e-11
-2.60567e-11
1.99865e-11
-5.17901e-12
-1.15858e-11
2.1689e-11
-2.23385e-11
1.80364e-11
-1.49481e-11
1.3743e-11
-1.00293e-11
6.56788e-13
1.04955e-11
-1.45566e-11
5.21634e-12
1.39054e-11
-3.05698e-11
3.31803e-11
-2.07455e-11
2.64703e-12
1.02912e-11
-1.46744e-11
1.40598e-11
-1.24512e-11
8.66009e-12
1.76954e-12
-1.99848e-11
3.86143e-11
-4.56455e-11
3.42688e-11
-1.00033e-11
-1.34855e-11
2.47539e-11
-2.21719e-11
1.21481e-11
-2.46617e-12
-3.70246e-12
7.37138e-12
-9.2525e-12
6.00366e-12
6.6667e-12
-2.79764e-11
4.95061e-11
-6.05202e-11
5.52144e-11
-3.66735e-11
1.41444e-11
2.82043e-12
-1.01635e-11
9.8542e-12
-6.37609e-12
2.42754e-12
1.02668e-12
-2.84811e-12
4.20545e-13
8.64023e-12
-2.45039e-11
4.32662e-11
-5.79115e-11
6.16553e-11
-5.28755e-11
3.61928e-11
-1.94217e-11
8.22129e-12
-3.60242e-12
2.34911e-12
-6.51218e-13
-2.75442e-12
5.92383e-12
-7.48721e-12
9.54268e-12
-1.64474e-11
2.952e-11
-4.45197e-11
5.38411e-11
-5.25808e-11
4.24444e-11
-3.08612e-11
2.42601e-11
-2.24454e-11
1.92794e-11
-1.02197e-11
-2.5522e-12
1.20547e-11
-1.39605e-11
1.08903e-11
-1.04103e-11
1.74855e-11
-2.93869e-11
3.77473e-11
-3.73927e-11
3.16217e-11
-2.86573e-11
3.2219e-11
-3.74351e-11
3.52525e-11
-2.16897e-11
2.14721e-12
1.25608e-11
-1.61483e-11
1.21029e-11
-9.47376e-12
1.28359e-11
-1.84699e-11
1.95808e-11
-1.50226e-11
1.11164e-11
-1.56746e-11
2.9071e-11
-4.22372e-11
4.36259e-11
-3.00179e-11
9.28361e-12
6.86579e-12
-1.32207e-11
1.32423e-11
-1.32287e-11
1.46637e-11
-1.34613e-11
5.65401e-12
5.59926e-12
-1.08107e-11
2.39981e-12
1.6832e-11
-3.51683e-11
4.1213e-11
-3.27425e-11
1.65679e-11
-1.82084e-12
-7.5338e-12
1.33628e-11
-1.82815e-11
2.01375e-11
-1.39523e-11
-1.37314e-12
1.8689e-11
-2.70415e-11
1.99565e-11
-9.49646e-13
-1.92464e-11
3.02842e-11
-2.92985e-11
2.05492e-11
-9.75688e-12
-1.09736e-12
1.2274e-11
-2.21649e-11
2.55921e-11
-1.77748e-11
-7.80432e-13
2.21449e-11
-3.53076e-11
3.34038e-11
-1.87523e-11
4.92627e-14
1.42236e-11
-2.0669e-11
1.9971e-11
-1.40217e-11
3.74094e-12
9.72753e-12
-2.2978e-11
2.94907e-11
-2.3547e-11
5.21155e-12
1.79367e-11
-3.55519e-11
4.05634e-11
-3.28539e-11
1.78009e-11
-2.46974e-12
-8.66539e-12
1.41923e-11
-1.38583e-11
6.82263e-12
6.3174e-12
-2.14521e-11
3.12616e-11
-2.93357e-11
1.41364e-11
8.89291e-12
-3.01418e-11
4.1313e-11
-4.03394e-11
3.06584e-11
-1.75449e-11
4.78323e-12
5.13253e-12
-1.01218e-11
7.83095e-12
2.60293e-12
-1.83072e-11
3.16728e-11
-3.43675e-11
2.29113e-11
-1.60428e-12
-2.07533e-11
3.60955e-11
-4.12503e-11
3.7736e-11
-2.9138e-11
1.78508e-11
-5.5464e-12
-4.7079e-12
7.78334e-12
-3.97102e-13
-1.51894e-11
3.08502e-11
-3.73869e-11
3.0036e-11
-1.17616e-11
-9.47061e-12
2.63015e-11
-3.6166e-11
3.96664e-11
-3.74211e-11
2.89297e-11
-1.52535e-11
9.30034e-13
6.71799e-12
-2.43129e-12
-1.24134e-11
2.91689e-11
-3.79464e-11
3.41525e-11
-2.05534e-11
3.10114e-12
1.34693e-11
-2.74197e-11
3.7748e-11
-4.20967e-11
3.71174e-11
-2.28834e-11
5.55672e-12
5.09737e-12
-2.97901e-12
-1.00741e-11
2.57271e-11
-3.54816e-11
3.55681e-11
-2.78865e-11
1.7044e-11
-7.82275e-12
2.47695e-12
-3.30521e-13
1.01218e-13
2.47688e-14
4.07304e-15
0
