0
2.53345e-16
3.55734e-15
2.18142e-14
1.19936e-13
-5.0643e-13
2.22545e-12
-3.39741e-12
3.74818e-12
-8.69473e-12
2.16219e-11
-3.90813e-11
5.43787e-11
-5.9632e-11
5.03302e-11
-3.17985e-11
1.50152e-11
-6.17525e-12
3.35118e-12
-1.50909e-12
-5.1465e-12
2.04485e-11
-4.0915e-11
5.58296e-11
-5.76321e-11
4.78069e-11
-3.2796e-11
1.88671e-11
-1.12433e-11
9.9809e-12
-7.79054e-12
-2.99236e-12
2.14138e-11
-4.04273e-11
5.34229e-11
-5.61395e-11
4.74844e-11
-3.3285e-11
2.25911e-11
-1.84731e-11
1.60939e-11
-1.02867e-11
-1.28755e-12
1.88388e-11
-3.85326e-11
5.17533e-11
-5.31941e-11
4.59984e-11
-3.65755e-11
2.82195e-11
-2.25477e-11
1.93626e-11
-1.41455e-11
1.49556e-12
1.69708e-11
-3.44863e-11
4.63547e-11
-5.11457e-11
4.78829e-11
-3.89911e-11
3.07191e-11
-2.63717e-11
2.24826e-11
-1.52921e-11
4.33815e-12
1.03095e-11
-2.79707e-11
4.31677e-11
-4.96701e-11
4.74827e-11
-4.1215e-11
3.34999e-11
-2.61006e-11
2.14492e-11
-1.84121e-11
1.0907e-11
3.85233e-12
-2.1811e-11
3.75571e-11
-4.79056e-11
4.93939e-11
-4.12697e-11
2.97774e-11
-2.30525e-11
2.17862e-11
-2.10464e-11
1.65557e-11
-5.5027e-12
-1.35041e-11
3.49486e-11
-4.79242e-11
4.67675e-11
-3.62905e-11
2.45342e-11
-1.74196e-11
1.81671e-11
-2.44298e-11
2.59206e-11
-1.3742e-11
-9.38863e-12
3.19982e-11
-4.44702e-11
4.26054e-11
-2.85877e-11
1.26e-11
-7.69185e-12
1.66074e-11
-2.88058e-11
3.13547e-11
-1.9133e-11
-4.75281e-12
2.98026e-11
-4.17411e-11
3.3327e-11
-1.33303e-11
-1.42612e-12
9.12459e-13
1.26769e-11
-2.92976e-11
3.54268e-11
-2.2115e-11
-5.33135e-12
2.86869e-11
-3.31584e-11
1.88688e-11
2.38787e-12
-1.63614e-11
1.26709e-11
7.4487e-12
-2.86776e-11
3.31327e-11
-1.72537e-11
-6.96477e-12
2.36465e-11
-2.2814e-11
4.11608e-12
2.02949e-11
-3.19371e-11
2.17708e-11
1.00628e-12
-1.94747e-11
2.28423e-11
-1.06776e-11
-8.49137e-12
1.93907e-11
-1.07964e-11
-1.27509e-11
3.43047e-11
-4.09058e-11
3.12796e-11
-1.23862e-11
-4.83392e-12
9.4351e-12
-2.34514e-13
-1.10411e-11
1.11415e-11
2.07298e-12
-2.18466e-11
3.96678e-11
-4.77973e-11
4.18706e-11
-2.69339e-11
1.41141e-11
-9.25046e-12
8.82237e-12
-7.72817e-12
3.23576e-12
6.88356e-12
-2.29715e-11
3.9271e-11
-4.86111e-11
4.95726e-11
-4.4966e-11
3.56407e-11
-2.26762e-11
1.0801e-11
-3.98958e-12
-2.36126e-13
6.39563e-12
-1.58879e-11
2.8615e-11
-4.44639e-11
5.81767e-11
-6.03886e-11
4.76308e-11
-2.72666e-11
9.20362e-12
1.00066e-12
-2.15582e-12
-1.96716e-12
7.42348e-13
1.46752e-11
-3.99178e-11
5.98509e-11
-6.30811e-11
4.8593e-11
-2.34826e-11
2.80978e-13
7.62438e-12
1.90428e-12
-1.51464e-11
1.5123e-11
2.42087e-12
-2.86469e-11
4.97806e-11
-5.36684e-11
3.61037e-11
-7.85416e-12
-1.13147e-11
9.98754e-12
5.53222e-12
-2.04277e-11
2.32045e-11
-1.03508e-11
-1.2287e-11
2.97585e-11
-2.88037e-11
1.08572e-11
9.33932e-12
-1.88376e-11
1.44645e-11
-1.83014e-13
-1.60304e-11
2.37907e-11
-1.8642e-11
7.7216e-12
-2.14829e-12
4.96215e-12
-1.22802e-11
2.03394e-11
-2.59093e-11
2.40338e-11
-1.33777e-11
-9.37176e-13
1.36329e-11
-2.44271e-11
3.26323e-11
-3.45758e-11
2.99364e-11
-2.52239e-11
2.57641e-11
-3.02208e-11
3.40371e-11
-3.30444e-11
2.18589e-11
2.07065e-12
-3.10358e-11
4.99704e-11
-5.09577e-11
3.93563e-11
-2.65447e-11
2.14962e-11
-2.84443e-11
4.2746e-11
-4.97461e-11
3.58001e-11
-3.56299e-12
-2.9936e-11
4.87463e-11
-4.79906e-11
3.24769e-11
-1.46902e-11
9.47643e-12
-2.18616e-11
3.96627e-11
-4.52465e-11
3.2109e-11
-7.38476e-12
-1.73269e-11
3.13051e-11
-2.84658e-11
1.29953e-11
1.15308e-12
-3.43449e-12
-4.06427e-12
1.25622e-11
-1.71126e-11
1.64576e-11
-1.01886e-11
1.03426e-12
4.23909e-12
-2.31898e-12
-3.62595e-12
1.0475e-11
-1.91701e-11
2.7865e-11
-2.94731e-11
1.99312e-11
-4.15607e-12
-1.02921e-11
1.88495e-11
-1.92435e-11
1.24267e-11
-7.33322e-12
1.52566e-11
-3.64342e-11
5.69992e-11
-6.24285e-11
4.84787e-11
-2.08984e-11
-8.74163e-12
2.61455e-11
-2.39341e-11
1.076e-11
-5.26516e-12
1.73275e-11
-4.04265e-11
6.04681e-11
-6.63986e-11
5.31807e-11
-2.52265e-11
-2.766e-12
1.59251e-11
-1.34204e-11
6.59323e-12
-5.09696e-12
1.01332e-11
-1.95317e-11
2.98057e-11
-3.49218e-11
3.02667e-11
-1.91152e-11
8.32925e-12
-3.50429e-14
-7.1546e-12
1.02894e-11
-4.53808e-12
-8.15972e-12
1.91122e-11
-2.21561e-11
1.65731e-11
-4.46227e-12
-8.62769e-12
1.25872e-11
-2.36568e-12
-1.27772e-11
1.6173e-11
-7.65689e-13
-2.63081e-11
5.17345e-11
-6.35754e-11
5.4917e-11
-3.0451e-11
6.9636e-12
9.57977e-14
8.00836e-12
-1.67592e-11
1.38577e-11
2.61762e-12
-2.76556e-11
5.16897e-11
-6.31512e-11
5.66871e-11
-3.98752e-11
2.48756e-11
-1.59182e-11
9.55871e-12
-4.41507e-12
1.77628e-12
5.78829e-14
-4.98044e-12
1.27945e-11
-2.07071e-11
2.76998e-11
-3.21816e-11
2.78763e-11
-1.12109e-11
-9.58254e-12
1.94699e-11
-1.17926e-11
-7.36288e-12
2.65672e-11
-3.5849e-11
2.91441e-11
-1.02637e-11
-5.44968e-12
3.33576e-12
1.4497e-11
-3.16107e-11
3.36776e-11
-1.83243e-11
-8.44543e-12
3.6063e-11
-5.23644e-11
5.12636e-11
-3.9886e-11
3.10409e-11
-2.94261e-11
2.97636e-11
-2.76562e-11
2.35264e-11
-1.71478e-11
5.73363e-12
1.01134e-11
-2.60436e-11
3.91146e-11
-4.78212e-11
4.69501e-11
-3.20909e-11
9.60961e-12
5.10721e-12
-3.20971e-12
-9.94601e-12
2.21839e-11
-2.44714e-11
1.33076e-11
6.91558e-12
-2.25365e-11
1.91033e-11
2.93473e-12
-2.68597e-11
3.58739e-11
-2.69393e-11
7.17454e-12
1.44022e-11
-2.96031e-11
3.31001e-11
-2.83273e-11
2.51863e-11
-2.87396e-11
3.40526e-11
-3.57947e-11
3.53432e-11
-3.49942e-11
3.0585e-11
-1.68678e-11
-4.76061e-12
2.76038e-11
-4.54027e-11
5.19791e-11
-4.26641e-11
2.19352e-11
-5.63367e-12
6.64581e-12
-2.11721e-11
3.34035e-11
-3.19125e-11
1.62915e-11
6.13515e-12
-2.40078e-11
2.54968e-11
-8.27636e-12
-1.52674e-11
2.83891e-11
-2.62461e-11
1.60569e-11
-4.92614e-12
-5.86768e-12
1.51917e-11
-2.05678e-11
2.24866e-11
-2.43882e-11
2.67676e-11
-2.84194e-11
3.20568e-11
-4.16362e-11
5.186e-11
-4.94539e-11
2.77614e-11
4.28946e-12
-3.12161e-11
4.29431e-11
-3.79338e-11
2.1715e-11
-7.11483e-12
7.21549e-12
-2.23685e-11
3.74751e-11
-3.79433e-11
2.37556e-11
-5.59708e-12
-7.94372e-12
1.33314e-11
-9.13912e-12
-3.01187e-12
1.62707e-11
-2.46625e-11
2.85108e-11
-2.96057e-11
2.39291e-11
-7.65984e-12
-1.2806e-11
2.44265e-11
-2.24075e-11
1.45288e-11
-1.18292e-11
1.97581e-11
-3.77633e-11
5.85817e-11
-6.8329e-11
5.53916e-11
-2.41922e-11
-6.46983e-12
2.12002e-11
-2.05086e-11
1.36976e-11
-7.62605e-12
5.12385e-12
-7.95285e-12
1.42253e-11
-1.81407e-11
1.66292e-11
-1.34472e-11
1.15535e-11
-7.34735e-12
-2.09492e-12
9.27877e-12
-2.74886e-12
-1.86213e-11
4.30695e-11
-5.74525e-11
5.52113e-11
-3.69171e-11
1.02979e-11
1.00739e-11
-1.31433e-11
3.38998e-12
2.4596e-12
6.1231e-12
-2.42713e-11
4.074e-11
-4.98267e-11
5.05221e-11
-4.24251e-11
2.73679e-11
-1.14074e-11
-9.52871e-13
9.78687e-12
-1.42339e-11
8.57823e-12
8.6057e-12
-2.64795e-11
3.01501e-11
-1.72991e-11
-2.81735e-13
9.65699e-12
-6.89465e-12
-4.43928e-12
1.5703e-11
-1.53613e-11
-3.4195e-12
3.29275e-11
-5.57549e-11
6.14055e-11
-5.45111e-11
4.39722e-11
-3.20792e-11
1.74416e-11
-3.3164e-12
-4.88666e-12
6.09053e-12
-3.37107e-12
-6.16883e-13
2.0331e-12
4.84033e-12
-2.02893e-11
3.23803e-11
-2.6989e-11
4.5632e-12
1.81738e-11
-2.52386e-11
1.38812e-11
8.36245e-12
-3.2097e-11
4.82734e-11
-5.09715e-11
4.26297e-11
-3.30109e-11
2.77607e-11
-2.30065e-11
1.41888e-11
-5.5902e-12
3.68021e-12
-5.43489e-12
3.38159e-13
1.57766e-11
-3.57841e-11
4.88627e-11
-4.81631e-11
3.18018e-11
-5.0965e-12
-1.76638e-11
2.12798e-11
-4.76097e-12
-1.68864e-11
2.87436e-11
-2.99429e-11
2.8125e-11
-2.69199e-11
2.4586e-11
-2.12881e-11
1.96071e-11
-1.96474e-11
1.90069e-11
-1.68971e-11
1.2127e-11
6.43115e-13
-2.51476e-11
5.25458e-11
-6.47997e-11
5.26982e-11
-2.62605e-11
3.53288e-12
5.64439e-12
-2.62069e-12
-7.15662e-12
1.72908e-11
-2.13778e-11
1.76436e-11
-1.23284e-11
1.21489e-11
-1.54328e-11
1.58743e-11
-1.44257e-11
1.84999e-11
-2.87331e-11
3.33455e-11
-2.09463e-11
-6.6469e-12
3.6624e-11
-5.66959e-11
6.01563e-11
-4.6811e-11
2.45697e-11
-8.00477e-12
6.31544e-12
-1.41684e-11
1.86013e-11
-1.54819e-11
1.14684e-11
-1.16188e-11
1.16551e-11
-7.03742e-12
1.44265e-12
-2.76198e-12
1.29166e-11
-2.73336e-11
3.8863e-11
-3.97159e-11
2.28249e-11
9.39162e-12
-4.12549e-11
5.48511e-11
-4.7939e-11
3.38821e-11
-2.52778e-11
2.21224e-11
-1.92885e-11
1.62308e-11
-1.59247e-11
1.74643e-11
-1.74155e-11
1.42877e-11
-8.74851e-12
7.29741e-13
6.56447e-12
-4.25902e-12
-1.39903e-11
3.93184e-11
-5.212e-11
4.10515e-11
-1.41447e-11
-1.24258e-11
2.98303e-11
-3.86284e-11
4.05952e-11
-3.66813e-11
2.97841e-11
-2.36986e-11
1.88329e-11
-1.45972e-11
1.40951e-11
-2.03582e-11
2.7363e-11
-2.31483e-11
5.37012e-12
1.18609e-11
-1.2078e-11
-6.00473e-12
2.92973e-11
-4.48216e-11
4.78923e-11
-3.89225e-11
2.06451e-11
8.35736e-13
-1.83471e-11
2.98712e-11
-3.76552e-11
4.05488e-11
-3.30821e-11
1.64203e-11
-3.45641e-12
6.47887e-12
-2.15436e-11
3.22941e-11
-2.81208e-11
1.36403e-11
-1.66499e-13
-4.94251e-12
-2.24159e-13
1.44822e-11
-3.22326e-11
4.47211e-11
-4.7234e-11
4.27548e-11
-3.45043e-11
1.9096e-11
6.49818e-12
-3.34221e-11
4.49357e-11
-3.45591e-11
1.40691e-11
-7.14632e-13
5.77886e-13
-8.0967e-12
1.58294e-11
-1.98827e-11
1.82142e-11
-1.18113e-11
6.11377e-12
-6.91234e-12
1.28483e-11
-1.86932e-11
2.45451e-11
-3.66927e-11
5.42506e-11
-6.36999e-11
5.12529e-11
-2.05027e-11
-1.06755e-11
2.71352e-11
-2.79028e-11
1.93965e-11
-7.75589e-12
-2.97807e-12
8.58853e-12
-8.59256e-12
5.99589e-12
-2.80971e-12
-4.06699e-12
1.48776e-11
-2.21696e-11
1.77586e-11
-7.19061e-12
6.10867e-12
-2.28699e-11
4.68586e-11
-6.09214e-11
5.76788e-11
-4.28464e-11
2.38595e-11
-5.17813e-12
-9.83337e-12
1.67542e-11
-1.46319e-11
5.53486e-12
8.70867e-12
-2.68862e-11
4.16361e-11
-4.12701e-11
2.20746e-11
2.89417e-12
-1.58633e-11
1.2924e-11
-6.4334e-12
7.95249e-12
-1.64074e-11
2.41815e-11
-2.88776e-11
3.31697e-11
-3.71373e-11
3.68595e-11
-2.97004e-11
1.6711e-11
-3.99227e-13
-1.41715e-11
1.75923e-11
-1.79884e-12
-2.7951e-11
5.34715e-11
-5.97235e-11
4.93935e-11
-3.54496e-11
2.4353e-11
-1.15062e-11
-5.38114e-12
1.89464e-11
-1.99706e-11
9.94854e-12
1.24926e-12
-5.12969e-12
6.10284e-13
9.1883e-12
-1.81297e-11
1.8967e-11
-8.31243e-12
-6.17059e-12
1.13106e-11
-1.77372e-12
-1.39771e-11
2.62659e-11
-3.5834e-11
4.89626e-11
-6.22087e-11
6.2275e-11
-4.18414e-11
1.08971e-11
1.26841e-11
-1.92084e-11
1.14487e-11
3.23152e-12
-1.86444e-11
2.96008e-11
-3.29157e-11
3.01359e-11
-2.56186e-11
1.97482e-11
-9.51173e-12
-3.50888e-12
9.86089e-12
-4.18045e-12
-4.8467e-12
1.51476e-12
1.7035e-11
-3.68835e-11
4.24493e-11
-3.3388e-11
1.96638e-11
-8.47391e-12
-1.29517e-12
9.6506e-12
-1.20298e-11
3.09633e-12
1.57736e-11
-3.91812e-11
5.93964e-11
-6.85237e-11
5.94504e-11
-3.50643e-11
9.03335e-12
3.70437e-12
-2.73903e-12
-1.35307e-12
1.3873e-12
-3.20914e-12
1.2774e-11
-2.46738e-11
2.58443e-11
-1.40219e-11
6.51593e-13
1.60646e-12
6.3877e-12
-1.4784e-11
1.51863e-11
-6.74875e-12
-8.26171e-12
2.54569e-11
-3.89866e-11
4.34575e-11
-3.95261e-11
3.12793e-11
-1.98818e-11
2.68517e-12
1.67735e-11
-2.50926e-11
1.08572e-11
1.98414e-11
-4.70326e-11
5.68563e-11
-5.31014e-11
4.68387e-11
-4.04236e-11
2.83524e-11
-1.01569e-11
-4.40924e-12
6.28162e-12
3.30619e-12
-1.49612e-11
2.12914e-11
-2.00205e-11
1.31068e-11
-4.95325e-12
2.49763e-12
-8.68461e-12
1.81968e-11
-2.09718e-11
1.46591e-11
-5.87132e-12
7.30726e-14
8.18287e-12
-2.55139e-11
4.62409e-11
-5.30653e-11
3.72173e-11
-9.0113e-12
-1.21757e-11
1.80663e-11
-1.36294e-11
5.40298e-12
7.74015e-12
-2.75419e-11
4.88895e-11
-6.15458e-11
5.98622e-11
-4.55435e-11
2.50077e-11
-6.00401e-12
-3.39797e-12
-2.792e-13
1.14502e-11
-1.9337e-11
1.95778e-11
-1.83975e-11
2.22269e-11
-2.70953e-11
2.37722e-11
-1.30631e-11
7.42794e-12
-1.53558e-11
2.79216e-11
-2.86213e-11
1.23257e-11
9.09667e-12
-2.25418e-11
2.58958e-11
-2.51769e-11
2.17635e-11
-1.21494e-11
-4.73419e-12
2.15269e-11
-2.92637e-11
2.27939e-11
-3.53491e-12
-2.34565e-11
4.81226e-11
-6.00704e-11
5.47769e-11
-3.95513e-11
2.45049e-11
-1.31516e-11
1.18359e-12
1.0137e-11
-1.11216e-11
-5.83586e-12
3.14259e-11
-4.72695e-11
4.44039e-11
-3.31026e-11
2.71825e-11
-2.84223e-11
2.71914e-11
-1.96171e-11
1.24634e-11
-1.35158e-11
1.92864e-11
-2.02398e-11
1.20804e-11
-7.30302e-13
-5.78774e-12
3.59799e-12
6.06176e-12
-1.96639e-11
3.11096e-11
-3.40644e-11
2.65559e-11
-1.31581e-11
-1.11578e-12
1.63442e-11
-3.3669e-11
4.65564e-11
-4.28521e-11
1.93267e-11
1.02695e-11
-2.66822e-11
2.43656e-11
-1.3284e-11
2.97441e-12
9.53155e-12
-3.02459e-11
5.35109e-11
-6.31143e-11
5.09407e-11
-2.65925e-11
7.44734e-12
-7.50328e-13
1.77042e-12
-4.30187e-12
9.1018e-12
-1.84864e-11
3.02256e-11
-3.80311e-11
3.86967e-11
-3.34386e-11
2.5992e-11
-1.99204e-11
1.90123e-11
-2.38704e-11
2.9423e-11
-2.75954e-11
1.70566e-11
-5.7758e-12
2.36412e-12
-5.26161e-12
6.6508e-12
-5.23987e-12
9.94838e-12
-2.62303e-11
4.417e-11
-4.63034e-11
2.76201e-11
-1.5758e-12
-1.57818e-11
2.23299e-11
-2.62586e-11
2.94335e-11
-2.31427e-11
1.56378e-12
2.56375e-11
-4.0765e-11
3.50174e-11
-1.52609e-11
-6.83343e-12
2.52664e-11
-3.98083e-11
4.83686e-11
-4.68371e-11
3.37002e-11
-1.39823e-11
-4.81554e-12
1.58292e-11
-1.52124e-11
2.30923e-12
1.70864e-11
-3.34731e-11
4.00943e-11
-3.95719e-11
3.79895e-11
-3.6415e-11
2.92437e-11
-1.57931e-11
5.24809e-12
-8.19509e-12
2.14012e-11
-3.0491e-11
2.62799e-11
-1.66893e-11
1.50624e-11
-2.32094e-11
2.94679e-11
-2.65939e-11
2.155e-11
-2.57345e-11
3.69727e-11
-4.09544e-11
2.85135e-11
-7.90586e-12
-5.5957e-12
6.13453e-12
-5.21811e-13
-4.82135e-12
1.185e-11
-2.51081e-11
4.09134e-11
-4.86121e-11
4.09072e-11
-2.0868e-11
-2.36285e-12
2.07434e-11
-3.00648e-11
2.84988e-11
-1.67232e-11
-1.26122e-12
1.96577e-11
-3.3843e-11
4.03913e-11
-3.52557e-11
1.59815e-11
1.24433e-11
-3.68455e-11
4.55742e-11
-3.86792e-11
2.58538e-11
-1.3785e-11
3.74252e-13
1.66307e-11
-2.91589e-11
2.43506e-11
-6.99312e-13
-2.64775e-11
4.02923e-11
-3.93079e-11
3.5164e-11
-3.43974e-11
3.031e-11
-1.5348e-11
-3.68873e-12
1.0552e-11
1.13227e-12
-1.95491e-11
2.89947e-11
-2.76546e-11
2.62736e-11
-3.12041e-11
3.58255e-11
-3.11691e-11
1.97529e-11
-1.33388e-11
1.78989e-11
-2.65269e-11
2.86747e-11
-2.29398e-11
1.6755e-11
-1.60515e-11
1.89858e-11
-2.11301e-11
2.21571e-11
-2.54943e-11
3.20281e-11
-3.81496e-11
3.90371e-11
-3.31223e-11
2.19682e-11
-9.25627e-12
-4.28459e-13
2.4831e-12
4.12047e-12
-1.5906e-11
2.76572e-11
-3.74018e-11
4.50441e-11
-4.79715e-11
4.0051e-11
-1.9709e-11
-4.48119e-12
1.87106e-11
-1.72572e-11
6.26068e-12
5.4061e-12
-1.72921e-11
3.33899e-11
-5.04386e-11
5.50913e-11
-3.84404e-11
8.33385e-12
1.63297e-11
-2.50923e-11
2.3195e-11
-1.97714e-11
1.29956e-11
5.16467e-12
-3.26826e-11
5.23116e-11
-4.85865e-11
2.47971e-11
8.44228e-13
-1.607e-11
2.41472e-11
-3.24446e-11
3.67884e-11
-2.56791e-11
-2.07226e-12
3.01184e-11
-4.01447e-11
3.00569e-11
-1.30711e-11
-3.77024e-13
1.24203e-11
-2.84986e-11
4.33758e-11
-4.40789e-11
2.58117e-11
-8.43248e-14
-1.67599e-11
1.93044e-11
-1.44823e-11
8.68843e-12
1.21563e-13
-1.6055e-11
3.46898e-11
-4.4617e-11
3.91799e-11
-2.36956e-11
8.9333e-12
-4.89669e-13
-3.46705e-12
5.14166e-12
-2.50566e-12
-7.25022e-12
2.16091e-11
-3.34141e-11
3.70858e-11
-3.30483e-11
2.54126e-11
-1.76758e-11
1.11632e-11
-6.82488e-12
5.88309e-12
-8.92684e-12
1.48562e-11
-2.17838e-11
2.76923e-11
-3.07305e-11
2.94835e-11
-2.47653e-11
1.97928e-11
-1.77818e-11
1.84646e-11
-1.90001e-11
1.79863e-11
-1.78341e-11
2.09437e-11
-2.54447e-11
2.63838e-11
-2.25295e-11
1.87527e-11
-2.05293e-11
2.6391e-11
-2.95991e-11
2.66317e-11
-2.20328e-11
2.17824e-11
-2.49175e-11
2.44342e-11
-1.78069e-11
1.1735e-11
-1.45997e-11
2.50811e-11
-3.33748e-11
3.301e-11
-2.85983e-11
2.80605e-11
-3.10469e-11
2.89227e-11
-1.78848e-11
6.17884e-12
-5.57234e-12
1.66126e-11
-2.82771e-11
3.16778e-11
-3.05034e-11
3.33127e-11
-3.97075e-11
3.91169e-11
-2.56571e-11
7.9532e-12
-7.52253e-13
7.60687e-12
-1.82519e-11
2.28096e-11
-2.43059e-11
3.1665e-11
-4.43076e-11
4.95126e-11
-3.82822e-11
1.78442e-11
-4.49354e-12
4.74534e-12
-1.02737e-11
1.16122e-11
-1.20601e-11
2.15977e-11
-4.02533e-11
5.37082e-11
-4.93831e-11
3.14682e-11
-1.58572e-11
1.08701e-11
-1.00662e-11
4.95172e-12
1.7143e-13
6.72473e-12
-2.77092e-11
4.8315e-11
-5.29669e-11
4.20608e-11
-2.94439e-11
2.36184e-11
-1.89678e-11
7.42012e-12
5.86522e-12
-6.33229e-12
-1.14821e-11
3.48539e-11
-4.6763e-11
4.42637e-11
-3.85007e-11
3.69183e-11
-3.33838e-11
1.89383e-11
1.53565e-12
-1.14944e-11
1.5356e-12
1.89382e-11
-3.33834e-11
3.69178e-11
-3.85003e-11
4.42636e-11
-4.67631e-11
3.4854e-11
-1.14821e-11
-6.33218e-12
5.86484e-12
7.42068e-12
-1.89682e-11
2.36185e-11
-2.94437e-11
4.20607e-11
-5.29669e-11
4.83149e-11
-2.77089e-11
6.72426e-12
1.71833e-13
4.95163e-12
-1.00663e-11
1.08702e-11
-1.58571e-11
3.14681e-11
-4.93831e-11
5.37084e-11
-4.02535e-11
2.15978e-11
-1.206e-11
1.16122e-11
-1.02739e-11
4.74569e-12
-4.49387e-12
1.78444e-11
-3.82824e-11
4.95128e-11
-4.43077e-11
3.16651e-11
-2.43057e-11
2.28092e-11
-1.82513e-11
7.60625e-12
-7.51719e-13
7.95283e-12
-2.56569e-11
3.91168e-11
-3.97076e-11
3.33131e-11
-3.0504e-11
3.16785e-11
-2.82778e-11
1.66131e-11
-5.57267e-12
6.179e-12
-1.78849e-11
2.89225e-11
-3.10465e-11
2.80599e-11
-2.85977e-11
3.30094e-11
-3.33744e-11
2.50809e-11
-1.45997e-11
1.1735e-11
-1.7807e-11
2.44343e-11
-2.49177e-11
2.17827e-11
-2.2033e-11
2.66318e-11
-2.9599e-11
2.63909e-11
-2.05294e-11
1.87528e-11
-2.25297e-11
2.63838e-11
-2.54447e-11
2.09438e-11
-1.78342e-11
1.79864e-11
-1.90002e-11
1.84644e-11
-1.77815e-11
1.97924e-11
-2.47651e-11
2.94833e-11
-3.07304e-11
2.76921e-11
-2.17836e-11
1.48562e-11
-8.9271e-12
5.88346e-12
-6.82519e-12
1.11633e-11
-1.76758e-11
2.54128e-11
-3.30485e-11
3.7086e-11
-3.34141e-11
2.16089e-11
-7.25006e-12
-2.50565e-12
5.14157e-12
-3.4671e-12
-4.89419e-13
8.93303e-12
-2.36955e-11
3.91799e-11
-4.4617e-11
3.46897e-11
-1.60548e-11
1.21554e-13
8.68824e-12
-1.4482e-11
1.93042e-11
-1.67596e-11
-8.45369e-14
2.5812e-11
-4.40791e-11
4.3376e-11
-2.84985e-11
1.242e-11
-3.76554e-13
-1.30716e-11
3.00574e-11
-4.0145e-11
3.01188e-11
-2.07254e-12
-2.56788e-11
3.67885e-11
-3.24448e-11
2.41476e-11
-1.60703e-11
8.44681e-13
2.47967e-11
-4.85861e-11
5.23113e-11
-3.26823e-11
5.16452e-12
1.29957e-11
-1.97713e-11
2.31948e-11
-2.5092e-11
1.63294e-11
8.33417e-12
-3.84406e-11
5.50917e-11
-5.0439e-11
3.33904e-11
-1.72923e-11
5.40606e-12
6.26089e-12
-1.72573e-11
1.87106e-11
-4.48123e-12
-1.97088e-11
4.00505e-11
-4.79711e-11
4.50439e-11
-3.74018e-11
2.76572e-11
-1.59059e-11
4.12013e-12
2.4833e-12
-4.28517e-13
-9.25651e-12
2.19684e-11
-3.31225e-11
3.90372e-11
-3.81498e-11
3.20283e-11
-2.54948e-11
2.21575e-11
-2.11304e-11
1.89857e-11
-1.60515e-11
1.67548e-11
-2.29398e-11
2.86745e-11
-2.65269e-11
1.78984e-11
-1.33385e-11
1.97526e-11
-3.11692e-11
3.58256e-11
-3.12043e-11
2.62734e-11
-2.76546e-11
2.89947e-11
-1.95495e-11
1.13253e-12
1.05518e-11
-3.68898e-12
-1.53479e-11
3.031e-11
-3.43977e-11
3.5164e-11
-3.93077e-11
4.02919e-11
-2.64773e-11
-6.99254e-13
2.43504e-11
-2.91589e-11
1.66309e-11
3.74179e-13
-1.37852e-11
2.58542e-11
-3.86793e-11
4.55741e-11
-3.68453e-11
1.24434e-11
1.59813e-11
-3.52555e-11
4.03916e-11
-3.38431e-11
1.96579e-11
-1.26099e-12
-1.67232e-11
2.84988e-11
-3.00642e-11
2.07431e-11
-2.36255e-12
-2.08678e-11
4.09074e-11
-4.8612e-11
4.09136e-11
-2.51078e-11
1.18497e-11
-4.82058e-12
-5.22249e-13
6.13513e-12
-5.59566e-12
-7.90575e-12
2.85138e-11
-4.09543e-11
3.69731e-11
-2.5735e-11
2.1551e-11
-2.65945e-11
2.94685e-11
-2.32092e-11
1.50624e-11
-1.66891e-11
2.62799e-11
-3.04905e-11
2.14005e-11
-8.19413e-12
5.24757e-12
-1.57928e-11
2.92437e-11
-3.64149e-11
3.79896e-11
-3.95721e-11
4.00948e-11
-3.34737e-11
1.70868e-11
2.30891e-12
-1.52122e-11
1.58289e-11
-4.81551e-12
-1.39823e-11
3.37e-11
-4.68371e-11
4.83685e-11
-3.98084e-11
2.52661e-11
-6.83346e-12
-1.52611e-11
3.50172e-11
-4.07653e-11
2.56376e-11
1.56322e-12
-2.31427e-11
2.94331e-11
-2.62587e-11
2.23294e-11
-1.57819e-11
-1.57617e-12
2.76197e-11
-4.63033e-11
4.41694e-11
-2.62303e-11
9.94781e-12
-5.23973e-12
6.65001e-12
-5.26135e-12
2.36348e-12
-5.77587e-12
1.70563e-11
-2.75957e-11
2.9423e-11
-2.3871e-11
1.90126e-11
-1.99212e-11
2.59924e-11
-3.34392e-11
3.86969e-11
-3.80314e-11
3.02255e-11
-1.84864e-11
9.10155e-12
-4.30178e-12
1.77017e-12
-7.50082e-13
7.44711e-12
-2.65925e-11
5.09408e-11
-6.31143e-11
5.35108e-11
-3.02456e-11
9.53167e-12
2.97431e-12
-1.32836e-11
2.43658e-11
-2.66822e-11
1.02698e-11
1.9327e-11
-4.28519e-11
4.65566e-11
-3.36684e-11
1.63442e-11
-1.11526e-12
-1.3158e-11
2.65565e-11
-3.40642e-11
3.11099e-11
-1.96633e-11
6.06192e-12
3.59847e-12
-5.78752e-12
-7.29667e-13
1.20805e-11
-2.02393e-11
1.92868e-11
-1.35155e-11
1.24638e-11
-1.96168e-11
2.71917e-11
-2.84219e-11
2.71827e-11
-3.31021e-11
4.4404e-11
-4.72691e-11
3.14259e-11
-5.83536e-12
-1.11216e-11
1.01373e-11
1.18386e-12
-1.31518e-11
2.45055e-11
-3.95516e-11
5.47774e-11
-6.00707e-11
4.81231e-11
-2.3457e-11
-3.53458e-12
2.27939e-11
-2.9264e-11
2.15271e-11
-4.73451e-12
-1.21494e-11
2.17631e-11
-2.5177e-11
2.58956e-11
-2.25422e-11
9.09671e-12
1.23252e-11
-2.86215e-11
2.79213e-11
-1.53563e-11
7.42798e-12
-1.3064e-11
2.37725e-11
-2.70964e-11
2.22271e-11
-1.83984e-11
1.95776e-11
-1.93373e-11
1.14493e-11
-2.79096e-13
-3.39893e-12
-6.00385e-12
2.50065e-11
-4.55431e-11
5.98612e-11
-6.1546e-11
4.88891e-11
-2.75424e-11
7.73982e-12
5.40229e-12
-1.36291e-11
1.80653e-11
-1.21756e-11
-9.01183e-12
3.72172e-11
-5.30657e-11
4.62406e-11
-2.55138e-11
8.18224e-12
7.33411e-14
-5.87187e-12
1.46593e-11
-2.0972e-11
1.81965e-11
-8.68421e-12
2.49726e-12
-4.95289e-12
1.31065e-11
-2.00199e-11
2.1291e-11
-1.49608e-11
3.30631e-12
6.28171e-12
-4.4088e-12
-1.01569e-11
2.83529e-11
-4.04234e-11
4.68392e-11
-5.31016e-11
5.68574e-11
-4.70328e-11
1.98423e-11
1.08572e-11
-2.50919e-11
1.67738e-11
2.68559e-12
-1.98813e-11
3.12795e-11
-3.95252e-11
4.34573e-11
-3.89856e-11
2.54572e-11
-8.26135e-12
-6.74822e-12
1.51869e-11
-1.47838e-11
6.38845e-12
1.60651e-12
6.52425e-13
-1.4022e-11
2.58451e-11
-2.46736e-11
1.27744e-11
-3.2088e-12
1.38737e-12
-1.35243e-12
-2.73913e-12
3.70467e-12
9.03376e-12
-3.50644e-11
5.94507e-11
-6.85237e-11
5.93964e-11
-3.9181e-11
1.57733e-11
3.09691e-12
-1.20307e-11
9.65142e-12
-1.29595e-12
-8.47357e-12
1.96634e-11
-3.33879e-11
4.24489e-11
-3.68836e-11
1.70346e-11
1.51472e-12
-4.84712e-12
-4.18075e-12
9.86074e-12
-3.50949e-12
-9.51166e-12
1.97472e-11
-2.56181e-11
3.01344e-11
-3.29151e-11
2.95996e-11
-1.86444e-11
3.23101e-12
1.14483e-11
-1.92089e-11
1.26837e-11
1.08967e-11
-4.18419e-11
6.22747e-11
-6.2209e-11
4.89621e-11
-3.58343e-11
2.62657e-11
-1.39776e-11
-1.77371e-12
1.13097e-11
-6.17016e-12
-8.3135e-12
1.89674e-11
-1.81305e-11
9.18855e-12
6.0974e-13
-5.12972e-12
1.24908e-12
9.94831e-12
-1.99705e-11
1.89458e-11
-5.38061e-12
-1.15068e-11
2.43532e-11
-3.54496e-11
4.93934e-11
-5.97234e-11
5.34718e-11
-2.79511e-11
-1.79866e-12
1.75925e-11
-1.41714e-11
-3.99206e-13
1.67116e-11
-2.97005e-11
3.68599e-11
-3.7137e-11
3.31696e-11
-2.88768e-11
2.41813e-11
-1.64067e-11
7.95261e-12
-6.43294e-12
1.29242e-11
-1.58629e-11
2.89463e-12
2.20745e-11
-4.12693e-11
4.1636e-11
-2.68856e-11
8.70874e-12
5.53527e-12
-1.46314e-11
1.67542e-11
-9.83274e-12
-5.17791e-12
2.38597e-11
-4.28461e-11
5.76792e-11
-6.09214e-11
4.68588e-11
-2.28695e-11
6.10867e-12
-7.19034e-12
1.77588e-11
-2.21694e-11
1.48777e-11
-4.06689e-12
-2.80958e-12
5.9961e-12
-8.59273e-12
8.58881e-12
-2.97812e-12
-7.75584e-12
1.93964e-11
-2.79028e-11
2.71352e-11
-1.06757e-11
-2.05026e-11
5.12528e-11
-6.36998e-11
5.42502e-11
-3.66923e-11
2.45446e-11
-1.86932e-11
1.28483e-11
-6.91285e-12
6.11387e-12
-1.18115e-11
1.82137e-11
-1.98826e-11
1.58291e-11
-8.09695e-12
5.77539e-13
-7.14488e-13
1.40685e-11
-3.45592e-11
4.49357e-11
-3.34229e-11
6.49874e-12
1.9095e-11
-3.4504e-11
4.27546e-11
-4.72346e-11
4.47213e-11
-3.22329e-11
1.4482e-11
-2.24369e-13
-4.94257e-12
-1.66692e-13
1.36399e-11
-2.81204e-11
3.22934e-11
-2.15435e-11
6.47876e-12
-3.45675e-12
1.64207e-11
-3.30828e-11
4.05493e-11
-3.76557e-11
2.98713e-11
-1.83471e-11
8.35597e-13
2.06452e-11
-3.89226e-11
4.78923e-11
-4.48216e-11
2.92972e-11
-6.00445e-12
-1.20783e-11
1.18613e-11
5.36996e-12
-2.3148e-11
2.7363e-11
-2.03582e-11
1.40955e-11
-1.45975e-11
1.88332e-11
-2.36985e-11
2.97843e-11
-3.66814e-11
4.05956e-11
-3.86284e-11
2.98305e-11
-1.24258e-11
-1.41442e-11
4.10513e-11
-5.21196e-11
3.93183e-11
-1.39899e-11
-4.25904e-12
6.56463e-12
7.29953e-13
-8.74839e-12
1.42878e-11
-1.74154e-11
1.74646e-11
-1.5925e-11
1.62313e-11
-1.92887e-11
2.21228e-11
-2.5278e-11
3.38823e-11
-4.79388e-11
5.48509e-11
-4.12545e-11
9.39143e-12
2.2825e-11
-3.97158e-11
3.88628e-11
-2.73331e-11
1.29161e-11
-2.76151e-12
1.44247e-12
-7.03756e-12
1.16554e-11
-1.16192e-11
1.14687e-11
-1.54821e-11
1.86012e-11
-1.4168e-11
6.31493e-12
-8.00453e-12
2.45697e-11
-4.68113e-11
6.01565e-11
-5.66962e-11
3.66242e-11
-6.64719e-12
-2.09462e-11
3.33453e-11
-2.87331e-11
1.84996e-11
-1.44255e-11
1.5874e-11
-1.54325e-11
1.21486e-11
-1.23282e-11
1.76434e-11
-2.13781e-11
1.72911e-11
-7.15708e-12
-2.62046e-12
5.64428e-12
3.53255e-12
-2.62601e-11
5.26976e-11
-6.47996e-11
5.25458e-11
-2.5148e-11
6.43545e-13
1.21266e-11
-1.68969e-11
1.90069e-11
-1.96475e-11
1.9607e-11
-2.1288e-11
2.4586e-11
-2.69198e-11
2.81249e-11
-2.99428e-11
2.87434e-11
-1.68862e-11
-4.76118e-12
2.128e-11
-1.76639e-11
-5.09643e-12
3.18016e-11
-4.81627e-11
4.88622e-11
-3.57835e-11
1.57763e-11
3.38324e-13
-5.43482e-12
3.68011e-12
-5.59004e-12
1.41887e-11
-2.30064e-11
2.77606e-11
-3.30109e-11
4.26299e-11
-5.09718e-11
4.82738e-11
-3.20971e-11
8.36228e-12
1.38818e-11
-2.52393e-11
1.81745e-11
4.56283e-12
-2.69888e-11
3.23803e-11
-2.02891e-11
4.84028e-12
2.03309e-12
-6.16676e-13
-3.37116e-12
6.09049e-12
-4.88635e-12
-3.31674e-12
1.7442e-11
-3.20793e-11
4.39721e-11
-5.45108e-11
6.14052e-11
-5.57546e-11
3.29275e-11
-3.41959e-12
-1.53611e-11
1.57029e-11
-4.43919e-12
-6.89478e-12
9.65716e-12
-2.81775e-13
-1.72991e-11
3.015e-11
-2.64793e-11
8.60538e-12
8.57844e-12
-1.4234e-11
9.78693e-12
-9.52942e-13
-1.14075e-11
2.7368e-11
-4.24251e-11
5.05219e-11
-4.98265e-11
4.074e-11
-2.42713e-11
6.12291e-12
2.45992e-12
3.38974e-12
-1.31433e-11
1.00739e-11
1.0298e-11
-3.69171e-11
5.52112e-11
-5.74526e-11
4.30698e-11
-1.86217e-11
-2.74865e-12
9.27877e-12
-2.09507e-12
-7.34715e-12
1.15532e-11
-1.34469e-11
1.6629e-11
-1.81405e-11
1.42249e-11
-7.95242e-12
5.12345e-12
-7.62576e-12
1.36974e-11
-2.05083e-11
2.11998e-11
-6.46933e-12
-2.41928e-11
5.53922e-11
-6.83293e-11
5.85817e-11
-3.77632e-11
1.97579e-11
-1.1829e-11
1.45287e-11
-2.24075e-11
2.44266e-11
-1.2806e-11
-7.65999e-12
2.39293e-11
-2.96059e-11
2.85111e-11
-2.46627e-11
1.62709e-11
-3.01194e-12
-9.13919e-12
1.33316e-11
-7.9439e-12
-5.59692e-12
2.37555e-11
-3.79432e-11
3.7475e-11
-2.23683e-11
7.21519e-12
-7.11445e-12
2.17146e-11
-3.79334e-11
4.29428e-11
-3.12159e-11
4.28928e-12
2.77616e-11
-4.9454e-11
5.18601e-11
-4.16363e-11
3.20569e-11
-2.84195e-11
2.67676e-11
-2.43881e-11
2.24864e-11
-2.05677e-11
1.51917e-11
-5.86755e-12
-4.92638e-12
1.60572e-11
-2.62464e-11
2.83895e-11
-1.52678e-11
-8.27609e-12
2.54969e-11
-2.4008e-11
6.1352e-12
1.62916e-11
-3.19127e-11
3.34038e-11
-2.11725e-11
6.64628e-12
-5.63381e-12
2.1935e-11
-4.26638e-11
5.19789e-11
-4.54026e-11
2.76038e-11
-4.76077e-12
-1.68675e-11
3.05846e-11
-3.49939e-11
3.5343e-11
-3.57946e-11
3.40524e-11
-2.87394e-11
2.51862e-11
-2.83272e-11
3.30999e-11
-2.96028e-11
1.44018e-11
7.17496e-12
-2.69398e-11
3.58744e-11
-2.686e-11
2.93484e-12
1.91033e-11
-2.25364e-11
6.91537e-12
1.33078e-11
-2.44716e-11
2.2184e-11
-9.946e-12
-3.20988e-12
5.10748e-12
9.60948e-12
-3.20911e-11
4.69504e-11
-4.78213e-11
3.91145e-11
-2.60433e-11
1.01131e-11
5.73397e-12
-1.71479e-11
2.35263e-11
-2.76559e-11
2.97633e-11
-2.94258e-11
3.10406e-11
-3.98858e-11
5.12634e-11
-5.23641e-11
3.60628e-11
-8.44519e-12
-1.83245e-11
3.3678e-11
-3.16112e-11
1.44976e-11
3.3353e-12
-5.44934e-12
-1.02638e-11
2.91442e-11
-3.58491e-11
2.65674e-11
-7.36316e-12
-1.17924e-11
1.94698e-11
-9.58263e-12
-1.12106e-11
2.78761e-11
-3.21813e-11
2.76997e-11
-2.07069e-11
1.27943e-11
-4.98025e-12
5.77141e-14
1.77647e-12
-4.41528e-12
9.55895e-12
-1.59185e-11
2.48761e-11
-3.98757e-11
5.66874e-11
-6.31512e-11
5.16896e-11
-2.76555e-11
2.61753e-12
1.38576e-11
-1.6759e-11
8.00799e-12
9.60634e-14
6.96355e-12
-3.04511e-11
5.49171e-11
-6.35755e-11
5.17345e-11
-2.6308e-11
-7.658e-13
1.61731e-11
-1.27771e-11
-2.36585e-12
1.25873e-11
-8.62775e-12
-4.46225e-12
1.65731e-11
-2.21563e-11
1.91124e-11
-8.15977e-12
-4.53822e-12
1.02896e-11
-7.15481e-12
-3.47903e-14
8.32903e-12
-1.91151e-11
3.02667e-11
-3.49219e-11
2.98057e-11
-1.95316e-11
1.01331e-11
-5.09691e-12
6.59313e-12
-1.34202e-11
1.59249e-11
-2.7657e-12
-2.52268e-11
5.3181e-11
-6.63986e-11
6.04679e-11
-4.04261e-11
1.73271e-11
-5.2649e-12
1.076e-11
-2.39343e-11
2.6146e-11
-8.74202e-12
-2.08984e-11
4.84791e-11
-6.24293e-11
5.7e-11
-3.64348e-11
1.52569e-11
-7.33317e-12
1.24264e-11
-1.92433e-11
1.88497e-11
-1.02927e-11
-4.15535e-12
1.99306e-11
-2.94726e-11
2.78647e-11
-1.917e-11
1.04749e-11
-3.62563e-12
-2.31946e-12
4.23956e-12
1.03394e-12
-1.01884e-11
1.64574e-11
-1.71124e-11
1.25619e-11
-4.06402e-12
-3.43472e-12
1.15327e-12
1.29953e-11
-2.84659e-11
3.13052e-11
-1.73269e-11
-7.38471e-12
3.21089e-11
-4.52463e-11
3.96625e-11
-2.18614e-11
9.47613e-12
-1.46898e-11
3.24766e-11
-4.79903e-11
4.87459e-11
-2.99356e-11
-3.56335e-12
3.58005e-11
-4.97464e-11
4.27463e-11
-2.84446e-11
2.14966e-11
-2.65451e-11
3.93566e-11
-5.09579e-11
4.99706e-11
-3.1036e-11
2.07076e-12
2.18588e-11
-3.30443e-11
3.4037e-11
-3.02207e-11
2.5764e-11
-2.52238e-11
2.99363e-11
-3.45757e-11
3.26322e-11
-2.44271e-11
1.3633e-11
-9.37317e-13
-1.33776e-11
2.40338e-11
-2.59095e-11
2.03397e-11
-1.22805e-11
4.96236e-12
-2.14834e-12
7.72154e-12
-1.86419e-11
2.37907e-11
-1.60306e-11
-1.82701e-13
1.44641e-11
-1.88374e-11
9.3392e-12
1.08572e-11
-2.88037e-11
2.97585e-11
-1.22871e-11
-1.03506e-11
2.32043e-11
-2.04276e-11
5.53233e-12
9.98731e-12
-1.13145e-11
-7.85428e-12
3.61037e-11
-5.36684e-11
4.97806e-11
-2.8647e-11
2.42114e-12
1.51227e-11
-1.51461e-11
1.90407e-12
7.62453e-12
2.80916e-13
-2.34825e-11
4.8593e-11
-6.30809e-11
5.98507e-11
-3.99176e-11
1.4675e-11
7.42495e-13
-1.96724e-12
-2.15581e-12
1.00068e-12
9.20364e-12
-2.72667e-11
4.76309e-11
-6.03888e-11
5.81769e-11
-4.44641e-11
2.86151e-11
-1.58877e-11
6.39543e-12
-2.35993e-13
-3.98953e-12
1.08007e-11
-2.26757e-11
3.56402e-11
-4.49657e-11
4.95726e-11
-4.86113e-11
3.92713e-11
-2.29717e-11
6.88346e-12
3.23614e-12
-7.72869e-12
8.82285e-12
-9.25075e-12
1.41142e-11
-2.69338e-11
4.18704e-11
-4.77971e-11
3.96678e-11
-2.18467e-11
2.07325e-12
1.11412e-11
-1.10408e-11
-2.34718e-13
9.43507e-12
-4.83369e-12
-1.23865e-11
3.12798e-11
-4.09058e-11
3.43046e-11
-1.27506e-11
-1.07966e-11
1.93907e-11
-8.49129e-12
-1.06777e-11
2.28424e-11
-1.94748e-11
1.00627e-12
2.17708e-11
-3.1937e-11
2.02948e-11
4.11616e-12
-2.2814e-11
2.36465e-11
-6.96462e-12
-1.72538e-11
3.31327e-11
-2.86774e-11
7.4484e-12
1.2671e-11
-1.63613e-11
2.38764e-12
1.88691e-11
-3.31586e-11
2.86869e-11
-5.33101e-12
-2.21154e-11
3.5427e-11
-2.92974e-11
1.26765e-11
9.12885e-13
-1.42637e-12
-1.33303e-11
3.33274e-11
-4.17416e-11
2.98028e-11
-4.75251e-12
-1.91336e-11
3.13554e-11
-2.88063e-11
1.66074e-11
-7.69143e-12
1.25995e-11
-2.85875e-11
4.26057e-11
-4.44708e-11
3.1999e-11
-9.38923e-12
-1.37417e-11
2.59207e-11
-2.44301e-11
1.81673e-11
-1.74193e-11
2.45337e-11
-3.62898e-11
4.67668e-11
-4.79237e-11
3.49484e-11
-1.3504e-11
-5.50289e-12
1.65561e-11
-2.10468e-11
2.17867e-11
-2.30529e-11
2.97778e-11
-4.12701e-11
4.93943e-11
-4.7906e-11
3.75575e-11
-2.18114e-11
3.85275e-12
1.09066e-11
-1.84117e-11
2.14488e-11
-2.61002e-11
3.34995e-11
-4.12145e-11
4.74823e-11
-4.96697e-11
4.31674e-11
-2.79703e-11
1.0309e-11
4.33868e-12
-1.52926e-11
2.24831e-11
-2.6372e-11
3.07193e-11
-3.89913e-11
4.78832e-11
-5.11461e-11
4.63553e-11
-3.44869e-11
1.69714e-11
1.49519e-12
-1.41454e-11
1.93626e-11
-2.25477e-11
2.82193e-11
-3.65751e-11
4.59979e-11
-5.31935e-11
5.17528e-11
-3.85323e-11
1.88388e-11
-1.28769e-12
-1.02865e-11
1.6094e-11
-1.84733e-11
2.25915e-11
-3.32855e-11
4.74848e-11
-5.61396e-11
5.34228e-11
-4.04271e-11
2.14136e-11
-2.99225e-12
-7.79048e-12
9.98071e-12
-1.1243e-11
1.88668e-11
-3.27959e-11
4.78069e-11
-5.76322e-11
5.58298e-11
-4.09151e-11
2.04486e-11
-5.14645e-12
-1.50923e-12
3.35134e-12
-6.17534e-12
1.50152e-11
-3.17984e-11
5.03301e-11
-5.96318e-11
5.43786e-11
-3.90813e-11
2.1622e-11
-8.6948e-12
3.74855e-12
-3.39613e-12
2.22932e-12
-4.99208e-13
1.25841e-13
2.43967e-14
4.03413e-15
0
