0
2.52953e-16
3.58702e-15
2.36392e-14
5.74582e-14
2.13247e-14
1.05513e-12
-5.08453e-12
1.27985e-11
-1.90874e-11
1.89048e-11
-1.24981e-11
1.86541e-12
1.13273e-11
-2.57253e-11
3.91203e-11
-4.8921e-11
5.32587e-11
-5.27469e-11
4.99457e-11
-4.73536e-11
4.45448e-11
-3.84693e-11
2.62795e-11
-9.15381e-12
-7.67123e-12
1.79335e-11
-1.86979e-11
1.14653e-11
-7.12955e-13
-9.33007e-12
1.60701e-11
-1.85836e-11
1.6114e-11
-8.02539e-12
-5.36553e-12
2.11919e-11
-3.50473e-11
4.35462e-11
-4.70847e-11
4.87965e-11
-5.1356e-11
5.37889e-11
-5.23569e-11
4.36752e-11
-2.81832e-11
1.01221e-11
4.77497e-12
-1.29296e-11
1.40808e-11
-1.03495e-11
3.60558e-12
5.03708e-12
-1.41933e-11
2.05646e-11
-2.03477e-11
1.19327e-11
1.99318e-12
-1.63705e-11
2.71914e-11
-3.43003e-11
4.02355e-11
-4.7308e-11
5.45723e-11
-5.8333e-11
5.48599e-11
-4.39204e-11
2.88948e-11
-1.43616e-11
2.7277e-12
5.81213e-12
-1.14062e-11
1.25826e-11
-7.69028e-12
-2.69823e-12
1.4323e-11
-2.15686e-11
2.08186e-11
-1.29982e-11
2.15693e-12
7.75791e-12
-1.61193e-11
2.49302e-11
-3.58728e-11
4.72284e-11
-5.49204e-11
5.57305e-11
-5.02127e-11
4.14342e-11
-3.20924e-11
2.22894e-11
-1.10598e-11
-1.16414e-12
1.0988e-11
-1.41928e-11
8.93422e-12
1.89295e-12
-1.25139e-11
1.80524e-11
-1.78512e-11
1.43313e-11
-9.74073e-12
3.46924e-12
6.34251e-12
-1.98211e-11
3.35883e-11
-4.31721e-11
4.62646e-11
-4.45612e-11
4.15095e-11
-3.90919e-11
3.5731e-11
-2.83519e-11
1.58423e-11
-1.51204e-12
-9.04842e-12
1.19547e-11
-8.02414e-12
1.07273e-12
5.46654e-12
-1.09173e-11
1.57126e-11
-1.90723e-11
1.80897e-11
-1.03963e-11
-3.17016e-12
1.77772e-11
-2.78589e-11
3.09136e-11
-2.94842e-11
2.8371e-11
-3.03912e-11
3.36247e-11
-3.36722e-11
2.76591e-11
-1.70013e-11
5.63979e-12
2.99621e-12
-8.05496e-12
9.91365e-12
-8.58135e-12
3.12327e-12
6.23814e-12
-1.66024e-11
2.26018e-11
-1.99852e-11
8.93438e-12
5.01884e-12
-1.48815e-11
1.6967e-11
-1.34519e-11
9.64976e-12
-9.72815e-12
1.37309e-11
-1.88478e-11
2.18902e-11
-2.14453e-11
1.74649e-11
-1.06125e-11
1.61349e-12
7.7848e-12
-1.45447e-11
1.49493e-11
-7.50592e-12
-5.05838e-12
1.60965e-11
-1.93357e-11
1.30334e-11
-1.48406e-12
-8.34419e-12
1.11575e-11
-6.42352e-12
-2.42249e-12
1.02836e-11
-1.34724e-11
1.08632e-11
-4.0166e-12
-4.3115e-12
1.09571e-11
-1.32815e-11
9.58202e-12
-6.17114e-13
-9.99683e-12
1.67742e-11
-1.58632e-11
7.54145e-12
3.37416e-12
-1.06275e-11
9.97477e-12
-1.97127e-12
-8.48247e-12
1.45753e-11
-1.17989e-11
2.65591e-13
1.53736e-11
-2.91325e-11
3.644e-11
-3.58442e-11
2.84637e-11
-1.74567e-11
6.7419e-12
-7.51882e-14
-6.52649e-13
-3.96534e-12
1.06374e-11
-1.50155e-11
1.37253e-11
-7.04412e-12
-8.29805e-13
3.91209e-12
9.46144e-13
-1.15178e-11
2.10336e-11
-2.28338e-11
1.41658e-11
2.46141e-12
-2.16983e-11
3.81937e-11
-4.88935e-11
5.27782e-11
-5.01673e-11
4.18675e-11
-3.00178e-11
1.82493e-11
-1.07674e-11
9.27674e-12
-1.15409e-11
1.26903e-11
-9.69683e-12
4.02824e-12
-7.91262e-13
4.02882e-12
-1.33015e-11
2.34356e-11
-2.84065e-11
2.50107e-11
-1.44778e-11
1.70233e-13
1.51448e-11
-3.07164e-11
4.58375e-11
-5.80187e-11
6.30836e-11
-5.86653e-11
4.66575e-11
-3.2673e-11
2.17437e-11
-1.52858e-11
1.11111e-11
-6.9894e-12
3.09977e-12
-2.06729e-12
5.84027e-12
-1.34295e-11
2.07572e-11
-2.39081e-11
2.19189e-11
-1.73204e-11
1.2808e-11
-8.32538e-12
7.85115e-13
1.22136e-11
-2.94012e-11
4.56356e-11
-5.54808e-11
5.62289e-11
-4.90831e-11
3.7316e-11
-2.44522e-11
1.28262e-11
-4.09152e-12
-4.50515e-13
-3.10434e-13
5.76604e-12
-1.29698e-11
1.74044e-11
-1.62508e-11
1.04449e-11
-4.38467e-12
2.33302e-12
-5.47743e-12
1.08317e-11
-1.34752e-11
9.36849e-12
1.84491e-12
-1.66251e-11
2.9041e-11
-3.42615e-11
3.075e-11
-2.08567e-11
8.80753e-12
1.07083e-12
-5.95357e-12
4.74874e-12
1.32033e-12
-9.12812e-12
1.42862e-11
-1.32879e-11
5.1959e-12
6.95901e-12
-1.7282e-11
1.96276e-11
-1.17517e-11
-2.8852e-12
1.65966e-11
-2.27544e-11
1.99037e-11
-1.24031e-11
6.33667e-12
-5.39309e-12
8.91598e-12
-1.38605e-11
1.72031e-11
-1.7706e-11
1.52359e-11
-1.00989e-11
2.66622e-12
5.21888e-12
-9.84021e-12
6.83965e-12
4.92697e-12
-2.1227e-11
3.38307e-11
-3.61109e-11
2.72438e-11
-1.23204e-11
-2.40298e-12
1.36525e-11
-2.23195e-11
3.05253e-11
-3.88125e-11
4.50282e-11
-4.65636e-11
4.27014e-11
-3.57289e-11
2.8718e-11
-2.31089e-11
1.77288e-11
-1.12579e-11
4.49144e-12
-6.84089e-13
2.56703e-12
-1.00577e-11
1.99301e-11
-2.8384e-11
3.29179e-11
-3.30437e-11
2.88879e-11
-2.03929e-11
7.01521e-12
1.07745e-11
-3.04624e-11
4.71509e-11
-5.58696e-11
5.42491e-11
-4.45233e-11
3.20818e-11
-2.25625e-11
1.85607e-11
-1.90538e-11
2.04342e-11
-1.9304e-11
1.4385e-11
-7.59568e-12
2.48288e-12
-2.01537e-12
6.39737e-12
-1.35667e-11
2.05234e-11
-2.48675e-11
2.44974e-11
-1.78643e-11
4.77752e-12
1.17076e-11
-2.56997e-11
3.09525e-11
-2.51448e-11
1.17749e-11
1.08396e-12
-5.8804e-12
2.58383e-13
1.1122e-11
-2.02916e-11
2.14296e-11
-1.46345e-11
4.22417e-12
5.15519e-12
-1.16126e-11
1.50979e-11
-1.5663e-11
1.25828e-11
-6.07429e-12
-1.74828e-12
7.40118e-12
-8.92073e-12
7.56592e-12
-7.52957e-12
1.24617e-11
-2.24006e-11
3.27814e-11
-3.77132e-11
3.40444e-11
-2.37878e-11
1.19731e-11
-3.12169e-12
-1.38573e-12
2.27482e-12
-5.21176e-13
-4.08045e-12
1.18967e-11
-2.23752e-11
3.30342e-11
-4.02698e-11
4.05067e-11
-3.2313e-11
1.71778e-11
7.84038e-13
-1.72683e-11
2.95523e-11
-3.73398e-11
4.14675e-11
-4.30007e-11
4.2448e-11
-4.02567e-11
3.6771e-11
-3.25501e-11
2.77499e-11
-2.2087e-11
1.48052e-11
-6.31622e-12
-6.90731e-13
1.48079e-12
7.0896e-12
-2.30913e-11
3.8784e-11
-4.52323e-11
3.79845e-11
-2.02412e-11
1.29433e-13
1.44245e-11
-2.02423e-11
1.90308e-11
-1.50197e-11
1.15408e-11
-1.00906e-11
1.08045e-11
-1.38665e-11
1.89332e-11
-2.41743e-11
2.582e-11
-2.0791e-11
9.54056e-12
2.95485e-12
-1.06535e-11
1.06248e-11
-5.25324e-12
-2.41097e-13
1.55705e-12
1.69068e-12
-6.51231e-12
8.61067e-12
-5.43127e-12
-2.68563e-12
1.27864e-11
-2.1713e-11
2.76785e-11
-3.07861e-11
3.14391e-11
-2.94873e-11
2.40787e-11
-1.51766e-11
4.30531e-12
5.11152e-12
-9.24387e-12
5.5065e-12
5.42481e-12
-1.98442e-11
3.27065e-11
-4.06171e-11
4.26126e-11
-3.9309e-11
3.09818e-11
-1.79976e-11
2.10639e-12
1.26499e-11
-2.23085e-11
2.58907e-11
-2.68131e-11
2.99909e-11
-3.77735e-11
4.71335e-11
-5.16231e-11
4.58638e-11
-3.0287e-11
1.13736e-11
2.03509e-12
-4.63246e-12
-2.81443e-12
1.48617e-11
-2.57775e-11
3.19867e-11
-3.24244e-11
2.71699e-11
-1.75289e-11
6.14388e-12
3.09912e-12
-7.09257e-12
5.01191e-12
8.661e-13
-6.58755e-12
8.25059e-12
-4.30782e-12
-3.79712e-12
1.21377e-11
-1.69696e-11
1.6775e-11
-1.31441e-11
8.83417e-12
-5.67992e-12
3.06331e-12
9.5805e-13
-7.85611e-12
1.65505e-11
-2.37559e-11
2.58287e-11
-2.19309e-11
1.47203e-11
-8.40677e-12
4.58775e-12
-8.43566e-13
-7.12937e-12
2.07442e-11
-3.66783e-11
4.87018e-11
-5.22164e-11
4.65003e-11
-3.44118e-11
1.98426e-11
-6.44585e-12
-2.88596e-12
5.47964e-12
2.6344e-13
-1.37236e-11
3.06226e-11
-4.42335e-11
4.83983e-11
-4.16645e-11
2.81901e-11
-1.52647e-11
8.15477e-12
-7.25212e-12
8.40783e-12
-6.63127e-12
-8.5553e-13
1.28915e-11
-2.5477e-11
3.37578e-11
-3.50606e-11
3.02174e-11
-2.30992e-11
1.74488e-11
-1.46016e-11
1.3116e-11
-1.13083e-11
8.90101e-12
-7.05752e-12
6.21436e-12
-5.25728e-12
2.11454e-12
3.83682e-12
-1.07869e-11
1.49701e-11
-1.34128e-11
5.80939e-12
5.10904e-12
-1.6065e-11
2.52224e-11
-3.25581e-11
3.74469e-11
-3.74836e-11
2.97163e-11
-1.45382e-11
-2.76596e-12
1.40784e-11
-1.3815e-11
2.24512e-12
1.468e-11
-2.94303e-11
3.67741e-11
-3.62726e-11
3.1392e-11
-2.71045e-11
2.62792e-11
-2.81216e-11
2.86942e-11
-2.4122e-11
1.30024e-11
2.60187e-12
-1.88622e-11
3.19305e-11
-3.96398e-11
4.1453e-11
-3.82286e-11
3.12652e-11
-2.24977e-11
1.44682e-11
-1.03127e-11
1.17944e-11
-1.76535e-11
2.33032e-11
-2.40669e-11
1.85429e-11
-9.84225e-12
2.39839e-12
1.55452e-12
-3.2833e-12
4.70575e-12
-5.65702e-12
3.32556e-12
4.6686e-12
-1.75088e-11
3.02647e-11
-3.66597e-11
3.26137e-11
-1.92784e-11
2.4621e-12
1.02992e-11
-1.42048e-11
9.17325e-12
7.11249e-13
-1.04761e-11
1.67863e-11
-1.94572e-11
2.05357e-11
-2.28249e-11
2.75585e-11
-3.36577e-11
3.81266e-11
-3.83101e-11
3.30365e-11
-2.27426e-11
8.1623e-12
9.3855e-12
-2.71494e-11
4.02969e-11
-4.44343e-11
3.87789e-11
-2.78041e-11
1.82627e-11
-1.48575e-11
1.72509e-11
-2.16365e-11
2.40459e-11
-2.34236e-11
2.12638e-11
-1.96081e-11
1.83857e-11
-1.54711e-11
8.57396e-12
1.62749e-12
-1.10084e-11
1.39928e-11
-7.62845e-12
-6.41957e-12
2.23096e-11
-3.33714e-11
3.51034e-11
-2.74516e-11
1.43967e-11
-2.08691e-12
-4.81293e-12
5.29724e-12
-2.06937e-12
-1.57636e-12
4.19003e-12
-6.69968e-12
1.01511e-11
-1.45502e-11
1.9189e-11
-2.43942e-11
3.10668e-11
-3.90137e-11
4.51393e-11
-4.48915e-11
3.52017e-11
-1.74779e-11
-2.89492e-12
1.92808e-11
-2.78446e-11
2.90755e-11
-2.68447e-11
2.4859e-11
-2.43907e-11
2.4038e-11
-2.23566e-11
1.96859e-11
-1.83416e-11
2.01557e-11
-2.4682e-11
2.8585e-11
-2.76051e-11
1.88278e-11
-3.25609e-12
-1.3858e-11
2.47396e-11
-2.373e-11
1.08931e-11
7.45997e-12
-2.31711e-11
3.10529e-11
-3.12358e-11
2.68194e-11
-2.08592e-11
1.46409e-11
-8.88986e-12
4.60128e-12
-3.07468e-12
4.39232e-12
-7.24261e-12
9.6072e-12
-1.07338e-11
1.16752e-11
-1.48332e-11
2.16876e-11
-3.13729e-11
4.03277e-11
-4.45833e-11
4.20422e-11
-3.39224e-11
2.32911e-11
-1.31162e-11
4.47632e-12
2.99913e-12
-1.02699e-11
1.7308e-11
-2.27829e-11
2.43493e-11
-2.09209e-11
1.44664e-11
-1.02559e-11
1.31708e-11
-2.3463e-11
3.49087e-11
-3.87658e-11
2.97331e-11
-1.00149e-11
-1.26141e-11
2.9613e-11
-3.6327e-11
3.26882e-11
-2.18787e-11
7.79354e-12
6.11188e-12
-1.76724e-11
2.56018e-11
-2.94491e-11
2.91185e-11
-2.54022e-11
1.9888e-11
-1.48953e-11
1.21819e-11
-1.23892e-11
1.46651e-11
-1.76857e-11
2.02361e-11
-2.20463e-11
2.33921e-11
-2.47862e-11
2.59675e-11
-2.62011e-11
2.49626e-11
-2.33344e-11
2.32613e-11
-2.56365e-11
2.80941e-11
-2.63849e-11
1.79231e-11
-5.21233e-12
-5.54447e-12
8.8882e-12
-4.6881e-12
-2.02717e-12
4.53593e-12
8.0869e-13
-1.27485e-11
2.57032e-11
-3.30035e-11
3.00166e-11
-1.68454e-11
-2.04136e-12
2.02175e-11
-3.3229e-11
4.00714e-11
-4.22534e-11
4.07672e-11
-3.50165e-11
2.37046e-11
-7.5709e-12
-9.74339e-12
2.27602e-11
-2.7581e-11
2.41688e-11
-1.67645e-11
1.0976e-11
-1.06698e-11
1.59362e-11
-2.43276e-11
3.2695e-11
-3.87477e-11
4.05785e-11
-3.67782e-11
2.70436e-11
-1.37212e-11
1.20562e-12
5.99242e-12
-6.0333e-12
1.67554e-13
8.13932e-12
-1.5315e-11
1.87833e-11
-1.82446e-11
1.56624e-11
-1.44034e-11
1.62999e-11
-1.98779e-11
2.0904e-11
-1.63617e-11
7.3493e-12
1.09956e-12
-4.2626e-12
1.16304e-12
4.90436e-12
-9.90323e-12
1.22988e-11
-1.42866e-11
1.92981e-11
-2.89606e-11
4.07968e-11
-4.93841e-11
4.93207e-11
-3.91533e-11
2.24887e-11
-6.40892e-12
-2.84572e-12
3.03372e-12
2.90453e-12
-9.12437e-12
1.00041e-11
-3.40649e-12
-8.78383e-12
2.20102e-11
-3.22692e-11
3.76906e-11
-3.83609e-11
3.41561e-11
-2.43026e-11
8.55472e-12
1.04658e-11
-2.77074e-11
3.80979e-11
-3.96952e-11
3.37636e-11
-2.32372e-11
1.06792e-11
1.56377e-12
-1.11923e-11
1.60726e-11
-1.58178e-11
1.21155e-11
-8.24164e-12
7.24906e-12
-1.11333e-11
1.98457e-11
-3.11221e-11
4.03992e-11
-4.30059e-11
3.69407e-11
-2.51089e-11
1.35826e-11
-7.75183e-12
8.41864e-12
-1.20409e-11
1.37715e-11
-1.1644e-11
7.62035e-12
-5.93547e-12
9.22646e-12
-1.64847e-11
2.3378e-11
-2.56951e-11
2.22036e-11
-1.56637e-11
1.02521e-11
-8.57155e-12
9.62145e-12
-1.01381e-11
7.06756e-12
-4.04207e-13
-6.44813e-12
8.05359e-12
-6.24675e-13
-1.51405e-11
3.32389e-11
-4.58794e-11
4.81629e-11
-4.1284e-11
3.06515e-11
-2.1809e-11
1.69054e-11
-1.52434e-11
1.52382e-11
-1.61153e-11
1.70946e-11
-1.6827e-11
1.34139e-11
-5.91404e-12
-5.3079e-12
1.85311e-11
-3.13509e-11
4.04324e-11
-4.23904e-11
3.51176e-11
-1.97435e-11
2.1899e-13
1.84204e-11
-3.25396e-11
4.01597e-11
-4.0579e-11
3.38181e-11
-2.17922e-11
8.6048e-12
4.42999e-13
-2.10621e-12
-2.77036e-12
9.23881e-12
-1.14651e-11
5.93667e-12
6.36221e-12
-2.10834e-11
3.3014e-11
-3.92951e-11
4.01998e-11
-3.81435e-11
3.49252e-11
-3.05311e-11
2.34072e-11
-1.28083e-11
2.27698e-13
1.02811e-11
-1.43715e-11
9.96164e-12
5.18556e-13
-1.11605e-11
1.5847e-11
-1.28463e-11
6.04427e-12
-2.30615e-12
5.79085e-12
-1.49587e-11
2.38017e-11
-2.69548e-11
2.32048e-11
-1.5905e-11
9.85531e-12
-8.56079e-12
1.2388e-11
-1.9018e-11
2.45602e-11
-2.61645e-11
2.37703e-11
-2.04679e-11
1.95917e-11
-2.18182e-11
2.42322e-11
-2.35356e-11
1.93535e-11
-1.51585e-11
1.49145e-11
-1.97337e-11
2.6635e-11
-3.10031e-11
2.91918e-11
-2.04149e-11
6.45914e-12
8.74605e-12
-2.06224e-11
2.53079e-11
-2.15816e-11
1.09674e-11
3.1147e-12
-1.73463e-11
2.90449e-11
-3.6376e-11
3.80376e-11
-3.42655e-11
2.71591e-11
-2.04187e-11
1.721e-11
-1.86911e-11
2.32971e-11
-2.8186e-11
3.05681e-11
-2.89833e-11
2.28878e-11
-1.23745e-11
-2.29348e-12
1.96836e-11
-3.66175e-11
4.80438e-11
-4.9303e-11
3.86274e-11
-1.90717e-11
-2.82052e-12
1.98589e-11
-2.78102e-11
2.66941e-11
-2.04698e-11
1.44054e-11
-1.24724e-11
1.49648e-11
-1.89953e-11
2.07888e-11
-1.91078e-11
1.57317e-11
-1.32852e-11
1.15396e-11
-7.06871e-12
-3.9251e-12
2.12035e-11
-3.96659e-11
5.19257e-11
-5.30404e-11
4.2883e-11
-2.61662e-11
9.69464e-12
5.73144e-13
-2.70758e-12
-4.73312e-13
3.127e-12
-1.05715e-12
-5.16486e-12
1.05866e-11
-1.06868e-11
5.24464e-12
1.42149e-12
-4.81761e-12
3.9428e-12
-1.99775e-12
3.12841e-12
-9.43914e-12
1.94348e-11
-2.93144e-11
3.4783e-11
-3.36509e-11
2.70727e-11
-1.95189e-11
1.57286e-11
-1.74373e-11
2.16344e-11
-2.3232e-11
1.90905e-11
-1.08534e-11
3.2457e-12
-6.1055e-13
3.78949e-12
-1.05014e-11
1.71602e-11
-2.13312e-11
2.2303e-11
-2.1052e-11
1.8934e-11
-1.69357e-11
1.48251e-11
-1.19205e-11
7.99975e-12
-4.50841e-12
3.7555e-12
-7.49353e-12
1.5029e-11
-2.34947e-11
2.91463e-11
-2.97601e-11
2.54907e-11
-1.8843e-11
1.29498e-11
-1.03891e-11
1.20889e-11
-1.76965e-11
2.56862e-11
-3.39567e-11
3.97117e-11
-4.03534e-11
3.43191e-11
-2.24627e-11
7.74875e-12
5.72404e-12
-1.47254e-11
1.75524e-11
-1.43438e-11
6.37007e-12
4.02712e-12
-1.42608e-11
2.19841e-11
-2.60536e-11
2.62056e-11
-2.29784e-11
1.74646e-11
-1.22316e-11
1.09326e-11
-1.67477e-11
2.92901e-11
-4.38302e-11
5.3217e-11
-5.23437e-11
4.06652e-11
-2.2114e-11
2.16676e-12
1.43567e-11
-2.47768e-11
2.83825e-11
-2.63659e-11
2.05626e-11
-1.24709e-11
2.44492e-12
8.83346e-12
-1.8985e-11
2.38781e-11
-2.09644e-11
1.22379e-11
-4.44147e-12
4.54941e-12
-1.50731e-11
3.20477e-11
-4.79451e-11
5.57347e-11
-5.22677e-11
3.86529e-11
-1.94842e-11
3.8167e-13
1.43346e-11
-2.37867e-11
2.96357e-11
-3.35046e-11
3.41914e-11
-2.8808e-11
1.62183e-11
-2.15117e-13
-1.22007e-11
1.54158e-11
-9.66597e-12
6.4707e-13
4.05052e-12
2.85499e-13
-1.34855e-11
3.05865e-11
-4.45412e-11
4.93473e-11
-4.34498e-11
3.01836e-11
-1.54585e-11
3.1374e-12
6.96816e-12
-1.75608e-11
2.93879e-11
-3.93473e-11
4.22445e-11
-3.55171e-11
2.15997e-11
-6.9791e-12
-2.01557e-12
2.49924e-12
3.3439e-12
-9.8332e-12
1.0604e-11
-2.58582e-12
-1.21097e-11
2.69573e-11
-3.54725e-11
3.51819e-11
-2.88876e-11
2.12473e-11
-1.48404e-11
8.29482e-12
1.18432e-12
-1.45402e-11
2.88824e-11
-3.92443e-11
4.14406e-11
-3.50005e-11
2.34262e-11
-1.27515e-11
7.94211e-12
-1.01181e-11
1.54337e-11
-1.7843e-11
1.30952e-11
-2.02518e-12
-1.04906e-11
1.90089e-11
-2.14948e-11
1.97074e-11
-1.71338e-11
1.55574e-11
-1.40091e-11
9.60539e-12
-3.97643e-13
-1.28838e-11
2.63332e-11
-3.5112e-11
3.61213e-11
-3.04214e-11
2.24897e-11
-1.75634e-11
1.78224e-11
-2.12909e-11
2.32846e-11
-2.02455e-11
1.2006e-11
-1.93224e-12
-5.91086e-12
9.27501e-12
-9.15391e-12
8.27505e-12
-8.9608e-12
1.09341e-11
-1.16747e-11
8.07675e-12
7.37483e-13
-1.25736e-11
2.30098e-11
-2.84406e-11
2.81164e-11
-2.47281e-11
2.2099e-11
-2.26857e-11
2.56523e-11
-2.78891e-11
2.61562e-11
-1.9783e-11
1.09413e-11
-3.36052e-12
-5.37259e-13
9.13349e-13
-3.09219e-13
1.20678e-12
-4.27939e-12
7.59616e-12
-8.29099e-12
4.40803e-12
3.34158e-12
-1.21488e-11
1.86045e-11
-2.11718e-11
2.08654e-11
-2.06037e-11
2.26056e-11
-2.67938e-11
3.04885e-11
-3.06877e-11
2.61247e-11
-1.84867e-11
1.09368e-11
-6.21838e-12
4.75375e-12
-4.97602e-12
4.42714e-12
-1.8375e-12
-2.18506e-12
5.2332e-12
-5.00884e-12
7.99562e-13
5.56597e-12
-1.11992e-11
1.40485e-11
-1.46799e-11
1.54158e-11
-1.85211e-11
2.39744e-11
-2.96075e-11
3.23755e-11
-3.0683e-11
2.50901e-11
-1.81372e-11
1.25173e-11
-9.78191e-12
9.23324e-12
-8.79031e-12
6.36514e-12
-1.87836e-12
-2.72553e-12
4.64948e-12
-2.72553e-12
-1.87832e-12
6.365e-12
-8.79006e-12
9.23292e-12
-9.78161e-12
1.25171e-11
-1.81371e-11
2.50901e-11
-3.06829e-11
3.23754e-11
-2.96073e-11
2.39741e-11
-1.85208e-11
1.54156e-11
-1.46798e-11
1.40485e-11
-1.11993e-11
5.5661e-12
7.99412e-13
-5.00864e-12
5.23293e-12
-2.18473e-12
-1.83783e-12
4.42739e-12
-4.97616e-12
4.7538e-12
-6.21839e-12
1.09369e-11
-1.84868e-11
2.61249e-11
-3.06879e-11
3.04887e-11
-2.67939e-11
2.26056e-11
-2.06036e-11
2.08652e-11
-2.11717e-11
1.86043e-11
-1.21485e-11
3.34123e-12
4.40838e-12
-8.29128e-12
7.59636e-12
-4.2795e-12
1.20684e-12
-3.09284e-13
9.1344e-13
-5.37365e-13
-3.36042e-12
1.09412e-11
-1.97829e-11
2.61562e-11
-2.78891e-11
2.56524e-11
-2.26858e-11
2.20991e-11
-2.47283e-11
2.81167e-11
-2.84409e-11
2.30101e-11
-1.25738e-11
7.37594e-13
8.07667e-12
-1.16746e-11
1.0934e-11
-8.96066e-12
8.27495e-12
-9.15387e-12
9.275e-12
-5.91085e-12
-1.93228e-12
1.20061e-11
-2.02455e-11
2.32846e-11
-2.12908e-11
1.78222e-11
-1.75632e-11
2.24895e-11
-3.04212e-11
3.61212e-11
-3.51119e-11
2.63331e-11
-1.28837e-11
-3.97765e-13
9.60546e-12
-1.40091e-11
1.55574e-11
-1.71338e-11
1.97074e-11
-2.1495e-11
1.9009e-11
-1.04908e-11
-2.02507e-12
1.30952e-11
-1.78431e-11
1.54338e-11
-1.01182e-11
7.94216e-12
-1.27516e-11
2.34263e-11
-3.50006e-11
4.14407e-11
-3.92443e-11
2.88823e-11
-1.454e-11
1.18413e-12
8.29493e-12
-1.48404e-11
2.12472e-11
-2.88874e-11
3.51816e-11
-3.54722e-11
2.69571e-11
-1.21095e-11
-2.58595e-12
1.06041e-11
-9.83327e-12
3.3439e-12
2.49934e-12
-2.01575e-12
-6.9789e-12
2.15995e-11
-3.55171e-11
4.22447e-11
-3.93476e-11
2.93882e-11
-1.7561e-11
6.96829e-12
3.1374e-12
-1.54587e-11
3.01838e-11
-4.34501e-11
4.93477e-11
-4.45415e-11
3.05867e-11
-1.34857e-11
2.85575e-13
4.05053e-12
6.46983e-13
-9.66583e-12
1.54156e-11
-1.22005e-11
-2.15177e-13
1.62182e-11
-2.88078e-11
3.41911e-11
-3.35041e-11
2.96353e-11
-2.37865e-11
1.43346e-11
3.81462e-13
-1.94839e-11
3.86526e-11
-5.22675e-11
5.57346e-11
-4.7945e-11
3.20477e-11
-1.5073e-11
4.54941e-12
-4.44155e-12
1.2238e-11
-2.09646e-11
2.38782e-11
-1.89849e-11
8.83313e-12
2.44543e-12
-1.24714e-11
2.05631e-11
-2.63662e-11
2.83825e-11
-2.47767e-11
1.43565e-11
2.16687e-12
-2.2114e-11
4.06651e-11
-5.23436e-11
5.32169e-11
-4.38302e-11
2.929e-11
-1.67476e-11
1.09325e-11
-1.22316e-11
1.74648e-11
-2.29787e-11
2.62061e-11
-2.60541e-11
2.19846e-11
-1.42611e-11
4.0273e-12
6.37006e-12
-1.43438e-11
1.75525e-11
-1.47255e-11
5.72405e-12
7.74886e-12
-2.24629e-11
3.43193e-11
-4.03536e-11
3.97118e-11
-3.39567e-11
2.56861e-11
-1.76963e-11
1.20885e-11
-1.03887e-11
1.29494e-11
-1.88426e-11
2.54903e-11
-2.97597e-11
2.9146e-11
-2.34946e-11
1.5029e-11
-7.49375e-12
3.75575e-12
-4.50858e-12
7.99978e-12
-1.19204e-11
1.4825e-11
-1.69355e-11
1.89339e-11
-2.1052e-11
2.23032e-11
-2.13315e-11
1.71605e-11
-1.05017e-11
3.78975e-12
-6.1083e-13
3.24604e-12
-1.08538e-11
1.90908e-11
-2.32322e-11
2.16344e-11
-1.74371e-11
1.57283e-11
-1.95187e-11
2.70726e-11
-3.36509e-11
3.4783e-11
-2.93144e-11
1.94347e-11
-9.43893e-12
3.1281e-12
-1.99741e-12
3.94251e-12
-4.81742e-12
1.4214e-12
5.2447e-12
-1.06869e-11
1.05867e-11
-5.1651e-12
-1.05691e-12
3.12681e-12
-4.73194e-13
-2.70764e-12
5.73202e-13
9.69456e-12
-2.61661e-11
4.28829e-11
-5.30404e-11
5.19258e-11
-3.96662e-11
2.12039e-11
-3.92554e-12
-7.06837e-12
1.15394e-11
-1.32851e-11
1.57318e-11
-1.91078e-11
2.07887e-11
-1.89952e-11
1.49646e-11
-1.24722e-11
1.44052e-11
-2.04696e-11
2.66939e-11
-2.78099e-11
1.98586e-11
-2.82021e-12
-1.90719e-11
3.86274e-11
-4.93028e-11
4.80434e-11
-3.66171e-11
1.96833e-11
-2.29315e-12
-1.23748e-11
2.28881e-11
-2.89835e-11
3.05682e-11
-2.8186e-11
2.32971e-11
-1.86909e-11
1.72099e-11
-2.04187e-11
2.71591e-11
-3.42657e-11
3.80379e-11
-3.63763e-11
2.90451e-11
-1.73465e-11
3.11467e-12
1.09676e-11
-2.15818e-11
2.53083e-11
-2.06229e-11
8.74654e-12
6.45873e-12
-2.04147e-11
2.91918e-11
-3.10034e-11
2.66354e-11
-1.9734e-11
1.49148e-11
-1.51588e-11
1.93537e-11
-2.35357e-11
2.42323e-11
-2.18182e-11
1.95917e-11
-2.04679e-11
2.37704e-11
-2.61646e-11
2.45604e-11
-1.90182e-11
1.23882e-11
-8.56088e-12
9.85522e-12
-1.59048e-11
2.32045e-11
-2.69545e-11
2.38015e-11
-1.49586e-11
5.7907e-12
-2.30595e-12
6.04401e-12
-1.2846e-11
1.58467e-11
-1.11602e-11
5.18287e-13
9.96192e-12
-1.43718e-11
1.02814e-11
2.27513e-13
-1.28083e-11
2.34074e-11
-3.05315e-11
3.49256e-11
-3.81438e-11
4.01999e-11
-3.9295e-11
3.30138e-11
-2.10832e-11
6.36214e-12
5.93662e-12
-1.1465e-11
9.23858e-12
-2.77011e-12
-2.10647e-12
4.43272e-13
8.60452e-12
-2.17919e-11
3.38179e-11
-4.05789e-11
4.01596e-11
-3.25397e-11
1.84205e-11
2.18928e-13
-1.97435e-11
3.51176e-11
-4.23904e-11
4.04324e-11
-3.13509e-11
1.8531e-11
-5.30768e-12
-5.91433e-12
1.34142e-11
-1.68271e-11
1.70946e-11
-1.61152e-11
1.5238e-11
-1.52433e-11
1.69055e-11
-2.18091e-11
3.06518e-11
-4.12842e-11
4.8163e-11
-4.58794e-11
3.32388e-11
-1.51403e-11
-6.24933e-13
8.05388e-12
-6.44846e-12
-4.03802e-13
7.06711e-12
-1.01377e-11
9.62115e-12
-8.57147e-12
1.02523e-11
-1.5664e-11
2.2204e-11
-2.56954e-11
2.33783e-11
-1.64849e-11
9.22659e-12
-5.93561e-12
7.62055e-12
-1.16443e-11
1.37717e-11
-1.20412e-11
8.41887e-12
-7.75199e-12
1.35826e-11
-2.51089e-11
3.69407e-11
-4.30059e-11
4.03992e-11
-3.11221e-11
1.98456e-11
-1.11332e-11
7.2489e-12
-8.24142e-12
1.21152e-11
-1.58175e-11
1.60722e-11
-1.11919e-11
1.5634e-12
1.06795e-11
-2.32374e-11
3.37638e-11
-3.96952e-11
3.80977e-11
-2.7707e-11
1.04653e-11
8.55535e-12
-2.43033e-11
3.41568e-11
-3.83616e-11
3.76911e-11
-3.22696e-11
2.20105e-11
-8.78402e-12
-3.40634e-12
1.0004e-11
-9.12422e-12
2.90435e-12
3.03395e-12
-2.846e-12
-6.40861e-12
2.24884e-11
-3.9153e-11
4.93205e-11
-4.9384e-11
4.07969e-11
-2.8961e-11
1.92988e-11
-1.42874e-11
1.22998e-11
-9.90415e-12
4.90512e-12
1.16251e-12
-4.26232e-12
1.09947e-12
7.34929e-12
-1.63616e-11
2.09039e-11
-1.98779e-11
1.62999e-11
-1.44035e-11
1.56627e-11
-1.82449e-11
1.87837e-11
-1.53153e-11
8.13959e-12
1.67418e-13
-6.03332e-12
5.99258e-12
1.20537e-12
-1.3721e-11
2.70434e-11
-3.67781e-11
4.05784e-11
-3.87477e-11
3.2695e-11
-2.43277e-11
1.59364e-11
-1.067e-11
1.09763e-11
-1.67648e-11
2.41691e-11
-2.75813e-11
2.27604e-11
-9.74346e-12
-7.57098e-12
2.37049e-11
-3.50168e-11
4.07675e-11
-4.22537e-11
4.00716e-11
-3.32291e-11
2.02176e-11
-2.04148e-12
-1.68452e-11
3.00164e-11
-3.30033e-11
2.5703e-11
-1.27483e-11
8.08422e-13
4.53629e-12
-2.02758e-12
-4.68771e-12
8.88795e-12
-5.54442e-12
-5.21221e-12
1.7923e-11
-2.63848e-11
2.80941e-11
-2.56365e-11
2.32613e-11
-2.33344e-11
2.49624e-11
-2.62008e-11
2.59673e-11
-2.4786e-11
2.3392e-11
-2.20463e-11
2.02361e-11
-1.76856e-11
1.4665e-11
-1.23891e-11
1.21818e-11
-1.48952e-11
1.98879e-11
-2.54022e-11
2.91185e-11
-2.94491e-11
2.56019e-11
-1.76725e-11
6.11206e-12
7.79338e-12
-2.18786e-11
3.26882e-11
-3.6327e-11
2.96131e-11
-1.26142e-11
-1.00149e-11
2.97332e-11
-3.8766e-11
3.49089e-11
-2.34634e-11
1.31712e-11
-1.02562e-11
1.44667e-11
-2.09211e-11
2.43493e-11
-2.27829e-11
1.7308e-11
-1.02699e-11
2.99921e-12
4.47618e-12
-1.3116e-11
2.32909e-11
-3.39221e-11
4.20419e-11
-4.45831e-11
4.03277e-11
-3.13731e-11
2.1688e-11
-1.48335e-11
1.16754e-11
-1.07339e-11
9.60721e-12
-7.24256e-12
4.39228e-12
-3.0747e-12
4.60137e-12
-8.89002e-12
1.46411e-11
-2.08593e-11
2.68195e-11
-3.12358e-11
3.10528e-11
-2.3171e-11
7.45994e-12
1.0893e-11
-2.37299e-11
2.47394e-11
-1.38577e-11
-3.25639e-12
1.88281e-11
-2.76054e-11
2.85854e-11
-2.46824e-11
2.01561e-11
-1.83419e-11
1.96862e-11
-2.23569e-11
2.40383e-11
-2.43911e-11
2.48593e-11
-2.68451e-11
2.90759e-11
-2.78449e-11
1.9281e-11
-2.895e-12
-1.74779e-11
3.52019e-11
-4.48918e-11
4.51396e-11
-3.9014e-11
3.1067e-11
-2.43943e-11
1.91891e-11
-1.45502e-11
1.01513e-11
-6.69987e-12
4.19016e-12
-1.57636e-12
-2.0695e-12
5.29746e-12
-4.81314e-12
-2.08676e-12
1.43966e-11
-2.74516e-11
3.51034e-11
-3.33715e-11
2.23097e-11
-6.4197e-12
-7.62825e-12
1.39925e-11
-1.10081e-11
1.62716e-12
8.57429e-12
-1.54715e-11
1.83861e-11
-1.96085e-11
2.12644e-11
-2.34241e-11
2.40464e-11
-2.16368e-11
1.72511e-11
-1.48575e-11
1.82627e-11
-2.78042e-11
3.87789e-11
-4.44343e-11
4.02969e-11
-2.71494e-11
9.3856e-12
8.16215e-12
-2.27424e-11
3.30364e-11
-3.831e-11
3.81266e-11
-3.36577e-11
2.75586e-11
-2.2825e-11
2.05358e-11
-1.94571e-11
1.67862e-11
-1.0476e-11
7.1118e-13
9.17327e-12
-1.42047e-11
1.02992e-11
2.46203e-12
-1.92783e-11
3.26136e-11
-3.66597e-11
3.02648e-11
-1.75089e-11
4.6686e-12
3.32562e-12
-5.65703e-12
4.70563e-12
-3.28302e-12
1.55415e-12
2.39875e-12
-9.84248e-12
1.8543e-11
-2.40668e-11
2.3303e-11
-1.76532e-11
1.17942e-11
-1.03125e-11
1.44681e-11
-2.24976e-11
3.12651e-11
-3.82286e-11
4.14531e-11
-3.96401e-11
3.19308e-11
-1.88625e-11
2.60207e-12
1.30024e-11
-2.4122e-11
2.86941e-11
-2.81215e-11
2.62792e-11
-2.71046e-11
3.13923e-11
-3.62729e-11
3.67743e-11
-2.94304e-11
1.468e-11
2.24516e-12
-1.3815e-11
1.40783e-11
-2.76593e-12
-1.45382e-11
2.97162e-11
-3.74834e-11
3.74468e-11
-3.25581e-11
2.52225e-11
-1.60652e-11
5.10912e-12
5.80942e-12
-1.34129e-11
1.49703e-11
-1.07869e-11
3.83671e-12
2.1147e-12
-5.25737e-12
6.21431e-12
-7.05732e-12
8.90072e-12
-1.1308e-11
1.31158e-11
-1.46015e-11
1.74487e-11
-2.30992e-11
3.02176e-11
-3.50609e-11
3.3758e-11
-2.54772e-11
1.28916e-11
-8.55573e-13
-6.6313e-12
8.40793e-12
-7.25224e-12
8.15488e-12
-1.52647e-11
2.81902e-11
-4.16646e-11
4.83985e-11
-4.42338e-11
3.0623e-11
-1.3724e-11
2.63742e-13
5.47939e-12
-2.88573e-12
-6.44606e-12
1.98428e-11
-3.44118e-11
4.65003e-11
-5.22163e-11
4.87017e-11
-3.66783e-11
2.07443e-11
-7.12958e-12
-8.43229e-13
4.58734e-12
-8.40636e-12
1.472e-11
-2.19307e-11
2.58287e-11
-2.37558e-11
1.65504e-11
-7.85592e-12
9.57813e-13
3.06354e-12
-5.68006e-12
8.83425e-12
-1.31441e-11
1.6775e-11
-1.69697e-11
1.21378e-11
-3.79723e-12
-4.30768e-12
8.2504e-12
-6.58729e-12
8.65812e-13
5.01215e-12
-7.09268e-12
3.09909e-12
6.144e-12
-1.7529e-11
2.717e-11
-3.24243e-11
3.19866e-11
-2.57774e-11
1.48617e-11
-2.81455e-12
-4.63225e-12
2.03483e-12
1.13739e-11
-3.02873e-11
4.5864e-11
-5.16233e-11
4.71337e-11
-3.77737e-11
2.9991e-11
-2.68132e-11
2.58908e-11
-2.23087e-11
1.26501e-11
2.10613e-12
-1.79974e-11
3.09817e-11
-3.9309e-11
4.26127e-11
-4.0617e-11
3.27063e-11
-1.98439e-11
5.42433e-12
5.50697e-12
-9.24428e-12
5.11192e-12
4.30493e-12
-1.51762e-11
2.40784e-11
-2.94871e-11
3.1439e-11
-3.0786e-11
2.76784e-11
-2.17128e-11
1.27862e-11
-2.68539e-12
-5.43148e-12
8.61087e-12
-6.51253e-12
1.69091e-12
1.55686e-12
-2.40998e-13
-5.25323e-12
1.06248e-11
-1.06534e-11
2.95492e-12
9.5404e-12
-2.07908e-11
2.58198e-11
-2.41741e-11
1.89331e-11
-1.38665e-11
1.08045e-11
-1.00905e-11
1.15407e-11
-1.50195e-11
1.90306e-11
-2.0242e-11
1.44244e-11
1.29447e-13
-2.0241e-11
3.79842e-11
-4.5232e-11
3.87837e-11
-2.30912e-11
7.0896e-12
1.48071e-12
-6.90608e-13
-6.31628e-12
1.48052e-11
-2.20868e-11
2.77497e-11
-3.255e-11
3.67711e-11
-4.02569e-11
4.24481e-11
-4.30009e-11
4.14676e-11
-3.73398e-11
2.95522e-11
-1.72682e-11
7.83772e-13
1.71781e-11
-3.23132e-11
4.05068e-11
-4.02699e-11
3.30342e-11
-2.23753e-11
1.1897e-11
-4.08083e-12
-5.20762e-13
2.27449e-12
-1.38554e-12
-3.12172e-12
1.1973e-11
-2.37876e-11
3.40441e-11
-3.77129e-11
3.2781e-11
-2.24004e-11
1.24615e-11
-7.52957e-12
7.56604e-12
-8.92093e-12
7.4014e-12
-1.74848e-12
-6.07411e-12
1.25827e-11
-1.56628e-11
1.50977e-11
-1.16123e-11
5.15494e-12
4.22439e-12
-1.46346e-11
2.14297e-11
-2.02917e-11
1.11218e-11
2.58652e-13
-5.88081e-12
1.08446e-12
1.17744e-11
-2.51445e-11
3.09524e-11
-2.56997e-11
1.17076e-11
4.77752e-12
-1.78644e-11
2.44976e-11
-2.48678e-11
2.05238e-11
-1.3567e-11
6.39751e-12
-2.01529e-12
2.4826e-12
-7.59526e-12
1.43847e-11
-1.93038e-11
2.04343e-11
-1.90541e-11
1.85611e-11
-2.25628e-11
3.20821e-11
-4.45235e-11
5.42492e-11
-5.58696e-11
4.7151e-11
-3.04627e-11
1.0775e-11
7.01465e-12
-2.03924e-11
2.88875e-11
-3.30435e-11
3.2918e-11
-2.83842e-11
1.99304e-11
-1.0058e-11
2.56721e-12
-6.84165e-13
4.49146e-12
-1.12579e-11
1.77288e-11
-2.3109e-11
2.87182e-11
-3.57292e-11
4.27016e-11
-4.65637e-11
4.50282e-11
-3.88123e-11
3.05251e-11
-2.23193e-11
1.36523e-11
-2.40283e-12
-1.23205e-11
2.72439e-11
-3.6111e-11
3.38307e-11
-2.12269e-11
4.92688e-12
6.83976e-12
-9.84033e-12
5.21908e-12
2.66592e-12
-1.00985e-11
1.52355e-11
-1.77057e-11
1.7203e-11
-1.38604e-11
8.91601e-12
-5.39314e-12
6.33674e-12
-1.24032e-11
1.99039e-11
-2.27546e-11
1.65968e-11
-2.88526e-12
-1.17517e-11
1.96276e-11
-1.7282e-11
6.95896e-12
5.19599e-12
-1.3288e-11
1.42861e-11
-9.12806e-12
1.32032e-12
4.74866e-12
-5.95338e-12
1.07061e-12
8.80773e-12
-2.08568e-11
3.075e-11
-3.42614e-11
2.9041e-11
-1.6625e-11
1.84482e-12
9.36861e-12
-1.34753e-11
1.08317e-11
-5.47732e-12
2.33278e-12
-4.38434e-12
1.04446e-11
-1.62505e-11
1.74042e-11
-1.29695e-11
5.76573e-12
-3.10134e-13
-4.50729e-13
-4.09144e-12
1.28262e-11
-2.44524e-11
3.73163e-11
-4.90834e-11
5.62292e-11
-5.54811e-11
4.56359e-11
-2.94014e-11
1.22136e-11
7.85216e-13
-8.32561e-12
1.28084e-11
-1.73207e-11
2.19192e-11
-2.39083e-11
2.07573e-11
-1.34295e-11
5.84021e-12
-2.06715e-12
3.09957e-12
-6.98915e-12
1.11108e-11
-1.52855e-11
2.17434e-11
-3.26728e-11
4.66573e-11
-5.8665e-11
6.30834e-11
-5.80185e-11
4.58374e-11
-3.07164e-11
1.5145e-11
1.70026e-13
-1.44776e-11
2.50107e-11
-2.84066e-11
2.34358e-11
-1.33018e-11
4.02909e-12
-7.91497e-13
4.02844e-12
-9.69695e-12
1.26903e-11
-1.15409e-11
9.27672e-12
-1.07674e-11
1.82494e-11
-3.00179e-11
4.18676e-11
-5.01674e-11
5.27782e-11
-4.88934e-11
3.81936e-11
-2.16982e-11
2.46137e-12
1.41658e-11
-2.28337e-11
2.10336e-11
-1.15177e-11
9.46038e-13
3.91217e-12
-8.29799e-13
-7.04419e-12
1.37254e-11
-1.50155e-11
1.06374e-11
-3.96527e-12
-6.52695e-13
-7.51982e-14
6.74199e-12
-1.74568e-11
2.84638e-11
-3.58444e-11
3.64403e-11
-2.91328e-11
1.53738e-11
2.65386e-13
-1.17988e-11
1.45753e-11
-8.48253e-12
-1.97117e-12
9.97467e-12
-1.06274e-11
3.37404e-12
7.54161e-12
-1.58634e-11
1.67744e-11
-9.99682e-12
-6.17229e-13
9.58223e-12
-1.32817e-11
1.09574e-11
-4.31181e-12
-4.01627e-12
1.08629e-11
-1.34722e-11
1.02835e-11
-2.42245e-12
-6.42344e-12
1.11573e-11
-8.34398e-12
-1.48431e-12
1.30337e-11
-1.9336e-11
1.60969e-11
-5.05869e-12
-7.50571e-12
1.49492e-11
-1.45448e-11
7.785e-12
1.61323e-12
-1.06122e-11
1.74647e-11
-2.14452e-11
2.18901e-11
-1.88479e-11
1.3731e-11
-9.72828e-12
9.64992e-12
-1.34521e-11
1.69673e-11
-1.48819e-11
5.01929e-12
8.93391e-12
-1.99847e-11
2.26014e-11
-1.66021e-11
6.23794e-12
3.12332e-12
-8.58126e-12
9.91352e-12
-8.05487e-12
2.99623e-12
5.63968e-12
-1.70012e-11
2.7659e-11
-3.36721e-11
3.36246e-11
-3.0391e-11
2.83707e-11
-2.94839e-11
3.09132e-11
-2.78584e-11
1.77767e-11
-3.16964e-12
-1.03968e-11
1.80902e-11
-1.90726e-11
1.57128e-11
-1.09174e-11
5.46671e-12
1.07251e-12
-8.02388e-12
1.19545e-11
-9.0483e-12
-1.51206e-12
1.58423e-11
-2.8352e-11
3.57312e-11
-3.90922e-11
4.15099e-11
-4.45616e-11
4.62651e-11
-4.31725e-11
3.35887e-11
-1.98215e-11
6.34289e-12
3.4689e-12
-9.74036e-12
1.43309e-11
-1.78508e-11
1.8052e-11
-1.25136e-11
1.89274e-12
8.9343e-12
-1.41928e-11
1.0988e-11
-1.16424e-12
-1.10596e-11
2.22892e-11
-3.20921e-11
4.1434e-11
-5.02125e-11
5.57303e-11
-5.49201e-11
4.72281e-11
-3.58724e-11
2.49298e-11
-1.61188e-11
7.75739e-12
2.15749e-12
-1.29987e-11
2.0819e-11
-2.15689e-11
1.43233e-11
-2.69844e-12
-7.69008e-12
1.25825e-11
-1.14061e-11
5.81213e-12
2.72763e-12
-1.43615e-11
2.88948e-11
-4.39204e-11
5.486e-11
-5.83332e-11
5.45726e-11
-4.73084e-11
4.02359e-11
-3.43008e-11
2.71919e-11
-1.6371e-11
1.99372e-12
1.19322e-11
-2.03472e-11
2.05641e-11
-1.41929e-11
5.03693e-12
3.60552e-12
-1.03492e-11
1.40804e-11
-1.29293e-11
4.77479e-12
1.01221e-11
-2.81831e-11
4.3675e-11
-5.23567e-11
5.37887e-11
-5.13558e-11
4.87963e-11
-4.70844e-11
4.35458e-11
-3.50468e-11
2.11914e-11
-5.36492e-12
-8.02591e-12
1.61144e-11
-1.85837e-11
1.60699e-11
-9.32973e-12
-7.13322e-13
1.14656e-11
-1.8698e-11
1.79335e-11
-7.67109e-12
-9.15396e-12
2.62797e-11
-3.84694e-11
4.45448e-11
-4.73536e-11
4.99457e-11
-5.2747e-11
5.32589e-11
-4.89213e-11
3.91207e-11
-2.57256e-11
1.13275e-11
1.86543e-12
-1.24982e-11
1.89051e-11
-1.90876e-11
1.27989e-11
-5.08324e-12
1.05896e-12
2.85362e-14
6.33581e-14
2.62246e-14
4.06513e-15
0
