0
2.52317e-16
3.63095e-15
2.22692e-14
5.78236e-14
3.43048e-13
-2.10087e-12
6.6505e-12
-7.89055e-12
-2.09724e-12
2.00401e-11
-3.51202e-11
4.03119e-11
-3.82337e-11
3.69188e-11
-4.06514e-11
4.47819e-11
-4.13879e-11
2.87372e-11
-1.45709e-11
8.35317e-12
-1.18177e-11
1.68423e-11
-1.36165e-11
-4.06012e-14
1.65834e-11
-2.70014e-11
2.97586e-11
-3.15064e-11
3.81222e-11
-4.74271e-11
5.08303e-11
-4.28433e-11
2.74178e-11
-1.53089e-11
1.37118e-11
-1.94763e-11
2.22992e-11
-1.5584e-11
2.31074e-12
9.09269e-12
-1.45045e-11
1.78602e-11
-2.61873e-11
4.0443e-11
-5.29715e-11
5.41241e-11
-4.25481e-11
2.70309e-11
-1.84776e-11
1.96265e-11
-2.39258e-11
2.2943e-11
-1.51116e-11
6.12462e-12
-1.81669e-12
4.6018e-13
5.63449e-12
-2.1315e-11
4.15079e-11
-5.4974e-11
5.41938e-11
-4.22713e-11
2.94162e-11
-2.3703e-11
2.42029e-11
-2.41026e-11
1.91839e-11
-1.28402e-11
1.10466e-11
-1.43327e-11
1.53375e-11
-5.78394e-12
-1.51149e-11
3.82686e-11
-5.20504e-11
5.17678e-11
-4.29455e-11
3.4393e-11
-2.9856e-11
2.6215e-11
-1.98815e-11
1.23721e-11
-9.70297e-12
1.53045e-11
-2.47494e-11
2.75546e-11
-1.63938e-11
-6.13972e-12
2.93603e-11
-4.37644e-11
4.7337e-11
-4.4631e-11
4.0214e-11
-3.4575e-11
2.54005e-11
-1.33353e-11
4.2493e-12
-5.10814e-12
1.62929e-11
-2.98174e-11
3.47922e-11
-2.58431e-11
6.19959e-12
1.54112e-11
-3.17957e-11
4.1021e-11
-4.48635e-11
4.38913e-11
-3.65858e-11
2.26192e-11
-6.59615e-12
-3.59647e-12
1.8123e-12
1.11222e-11
-2.73094e-11
3.6503e-11
-3.32048e-11
1.90903e-11
-2.49368e-13
-1.78799e-11
3.21258e-11
-4.08742e-11
4.23608e-11
-3.51452e-11
1.98336e-11
-1.53317e-12
-1.14241e-11
1.20777e-11
-1.42379e-13
-1.77903e-11
3.20983e-11
-3.5871e-11
2.7926e-11
-1.25751e-11
-4.4775e-12
1.93434e-11
-3.02733e-11
3.50865e-11
-3.10461e-11
1.71998e-11
2.42874e-12
-1.93681e-11
2.46019e-11
-1.49293e-11
-4.21507e-12
2.19158e-11
-2.98332e-11
2.68623e-11
-1.76481e-11
6.83686e-12
3.86546e-12
-1.45939e-11
2.32364e-11
-2.44435e-11
1.34251e-11
7.41018e-12
-2.76314e-11
3.55086e-11
-2.7424e-11
1.0004e-11
5.69862e-12
-1.32044e-11
1.39074e-11
-1.32407e-11
1.31515e-11
-1.02706e-11
1.27796e-12
1.01011e-11
-1.44525e-11
4.97501e-12
1.49411e-11
-3.36504e-11
4.02357e-11
-3.34893e-11
2.16291e-11
-1.38349e-11
1.12871e-11
-8.11231e-12
-3.09631e-13
1.0771e-11
-1.56317e-11
1.11243e-11
-2.52446e-12
-1.86787e-13
-8.56855e-12
2.39713e-11
-3.54527e-11
3.67356e-11
-3.15441e-11
2.82063e-11
-3.05921e-11
3.41713e-11
-3.1382e-11
1.93583e-11
-3.38847e-12
-8.23542e-12
1.20105e-11
-1.23694e-11
1.58229e-11
-2.37877e-11
3.12063e-11
-3.27088e-11
2.82925e-11
-2.39334e-11
2.59373e-11
-3.51183e-11
4.51894e-11
-4.81492e-11
4.05821e-11
-2.56909e-11
9.08288e-12
5.42469e-12
-1.719e-11
2.65753e-11
-3.30634e-11
3.44888e-11
-2.94397e-11
1.99593e-11
-1.22332e-11
1.25656e-11
-2.29298e-11
3.88787e-11
-5.20839e-11
5.46902e-11
-4.42477e-11
2.48238e-11
-3.90373e-12
-1.32365e-11
2.52267e-11
-3.24588e-11
3.38496e-11
-2.75226e-11
1.38264e-11
1.46129e-12
-8.80011e-12
1.08419e-12
1.91761e-11
-4.03435e-11
4.98786e-11
-4.38081e-11
2.7757e-11
-1.07043e-11
-2.67459e-12
1.32333e-11
-2.28412e-11
2.86403e-11
-2.43332e-11
7.5278e-12
1.41064e-11
-2.71064e-11
2.28841e-11
-5.20649e-12
-1.35327e-11
2.23299e-11
-1.9741e-11
1.24683e-11
-7.40513e-12
4.59956e-12
4.69085e-13
-9.32177e-12
1.62269e-11
-1.34831e-11
-6.60992e-13
1.90655e-11
-3.14049e-11
3.21254e-11
-2.46779e-11
1.7364e-11
-1.56311e-11
1.74759e-11
-1.72128e-11
1.17917e-11
-3.64511e-12
-2.67536e-12
4.58708e-12
-3.63341e-12
3.65972e-12
-7.657e-12
1.4899e-11
-2.21985e-11
2.7091e-11
-3.02987e-11
3.42126e-11
-4.03767e-11
4.71166e-11
-4.97508e-11
4.29353e-11
-2.56338e-11
3.44956e-12
1.41363e-11
-2.0868e-11
1.76816e-11
-1.1238e-11
7.94825e-12
-9.70427e-12
1.3815e-11
-1.8043e-11
2.42449e-11
-3.6372e-11
5.32526e-11
-6.59047e-11
6.32436e-11
-4.22375e-11
1.15343e-11
1.40572e-11
-2.44811e-11
2.06299e-11
-1.16693e-11
5.38751e-12
-2.44386e-12
-7.12588e-13
3.9746e-12
-1.92598e-12
-1.03385e-11
2.99172e-11
-4.63672e-11
4.87484e-11
-3.44923e-11
1.14934e-11
7.77517e-12
-1.5948e-11
1.43167e-11
-8.86665e-12
3.51846e-12
1.54951e-12
-7.65206e-12
1.4322e-11
-1.90066e-11
1.85856e-11
-1.25775e-11
4.22879e-12
1.21017e-12
-7.8634e-13
-4.27795e-12
9.47536e-12
-1.04246e-11
5.65596e-12
1.60241e-12
-5.85566e-12
4.33975e-12
-8.91519e-13
2.8026e-12
-1.41111e-11
3.11578e-11
-4.55689e-11
5.06836e-11
-4.67246e-11
3.92081e-11
-3.28454e-11
2.62651e-11
-1.49251e-11
-1.45019e-12
1.5191e-11
-1.71133e-11
5.74926e-12
9.43074e-12
-1.50852e-11
4.06183e-12
1.90625e-11
-4.24555e-11
5.63834e-11
-5.95964e-11
5.62272e-11
-4.90963e-11
3.69489e-11
-1.88755e-11
-1.47855e-12
1.62663e-11
-1.89002e-11
8.86778e-12
6.78864e-12
-1.786e-11
1.73625e-11
-5.89142e-12
-1.02614e-11
2.35768e-11
-2.9512e-11
2.77136e-11
-2.16496e-11
1.53646e-11
-1.02607e-11
4.38472e-12
3.55627e-12
-1.10991e-11
1.30971e-11
-6.98956e-12
-4.21006e-12
1.3426e-11
-1.56877e-11
1.28108e-11
-1.24298e-11
1.98755e-11
-3.16604e-11
3.75004e-11
-3.05734e-11
1.42888e-11
4.10946e-13
-4.81936e-12
-1.13404e-12
9.90721e-12
-1.38956e-11
1.13055e-11
-5.80359e-12
-2.81965e-14
8.44276e-12
-2.35432e-11
4.43725e-11
-6.33632e-11
7.09406e-11
-6.24873e-11
4.11667e-11
-1.64929e-11
-1.21904e-12
6.2898e-12
-4.85209e-13
-9.59417e-12
1.68284e-11
-1.73532e-11
1.12724e-11
-1.70044e-12
-8.5832e-12
1.91842e-11
-3.09361e-11
4.1503e-11
-4.48691e-11
3.62102e-11
-1.81935e-11
3.46443e-13
7.73212e-12
-4.24056e-12
-3.82944e-12
6.84123e-12
-1.80875e-12
-4.96413e-12
4.24134e-12
6.17839e-12
-1.95187e-11
2.67976e-11
-2.51803e-11
1.86658e-11
-1.31251e-11
1.07562e-11
-9.65268e-12
6.99623e-12
-3.40811e-12
2.84428e-12
-8.52878e-12
1.82203e-11
-2.49807e-11
2.15806e-11
-5.29971e-12
-2.063e-11
4.74836e-11
-6.48559e-11
6.62355e-11
-5.37012e-11
3.5938e-11
-2.18205e-11
1.44988e-11
-1.17356e-11
1.00259e-11
-9.08884e-12
1.14262e-11
-1.7975e-11
2.36043e-11
-1.99097e-11
3.32212e-12
1.92312e-11
-3.53597e-11
3.74097e-11
-2.8443e-11
1.79653e-11
-1.35343e-11
1.4911e-11
-1.59443e-11
1.08959e-11
-3.23311e-13
-9.87128e-12
1.37939e-11
-1.02455e-11
1.72974e-12
8.34544e-12
-1.76383e-11
2.47045e-11
-2.9361e-11
3.17594e-11
-3.1123e-11
2.53057e-11
-1.40141e-11
1.49605e-12
4.32946e-12
2.32239e-12
-1.98398e-11
3.80007e-11
-4.40266e-11
3.15687e-11
-6.20297e-12
-1.95033e-11
3.6198e-11
-4.38398e-11
4.73438e-11
-4.92421e-11
4.70862e-11
-3.81016e-11
2.39058e-11
-1.11408e-11
6.44014e-12
-1.103e-11
1.90008e-11
-2.24091e-11
1.7657e-11
-7.93477e-12
-7.34583e-13
3.98321e-12
-1.58943e-12
-3.00596e-12
4.16643e-12
1.77174e-12
-1.27436e-11
2.09378e-11
-1.9019e-11
6.1476e-12
1.09892e-11
-2.36991e-11
2.72248e-11
-2.32275e-11
1.59953e-11
-7.09945e-12
-6.35049e-12
2.60661e-11
-4.68363e-11
5.78933e-11
-5.23601e-11
3.3913e-11
-1.45967e-11
5.53118e-12
-1.00441e-11
2.26847e-11
-3.43169e-11
3.80715e-11
-3.31484e-11
2.31866e-11
-1.25522e-11
3.2951e-12
4.61823e-12
-1.2553e-11
2.14598e-11
-3.02731e-11
3.51115e-11
-3.27628e-11
2.46098e-11
-1.64352e-11
1.22157e-11
-9.96144e-12
4.0656e-12
7.29857e-12
-1.86288e-11
2.03074e-11
-7.10684e-12
-1.6208e-11
3.67443e-11
-4.32627e-11
3.43993e-11
-1.86252e-11
5.98568e-12
-1.57103e-12
4.7821e-12
-1.28035e-11
2.24244e-11
-3.10053e-11
3.66707e-11
-3.85242e-11
3.52597e-11
-2.52405e-11
8.09989e-12
1.27701e-11
-3.09207e-11
3.99317e-11
-3.81024e-11
3.03098e-11
-2.53319e-11
2.80634e-11
-3.4418e-11
3.44703e-11
-2.2864e-11
4.67441e-12
8.65381e-12
-9.45874e-12
-1.01907e-12
1.48648e-11
-2.41735e-11
2.54323e-11
-2.03473e-11
1.26238e-11
-5.02954e-12
-1.50234e-12
5.81753e-12
-5.92966e-12
-4.01495e-14
1.2046e-11
-2.79842e-11
4.30022e-11
-4.99193e-11
4.22607e-11
-2.05485e-11
-5.81043e-12
2.43313e-11
-2.94336e-11
2.58765e-11
-2.3588e-11
2.83672e-11
-3.76533e-11
4.32893e-11
-3.94174e-11
2.75336e-11
-1.5064e-11
8.25868e-12
-7.94524e-12
1.09091e-11
-1.44298e-11
1.73437e-11
-1.90591e-11
1.8696e-11
-1.59504e-11
1.04449e-11
-1.52318e-12
-1.03301e-11
2.04998e-11
-2.1486e-11
8.24387e-12
1.59749e-11
-4.00936e-11
5.14848e-11
-4.48255e-11
2.57145e-11
-6.35321e-12
-4.71326e-12
8.39026e-12
-1.18128e-11
1.95296e-11
-2.98471e-11
3.78188e-11
-4.04208e-11
3.75904e-11
-3.13444e-11
2.4364e-11
-1.92514e-11
1.67385e-11
-1.56978e-11
1.47004e-11
-1.43083e-11
1.62928e-11
-2.12934e-11
2.61759e-11
-2.48604e-11
1.23958e-11
8.81507e-12
-2.78597e-11
3.19462e-11
-1.72328e-11
-7.85353e-12
2.95214e-11
-3.93344e-11
3.76985e-11
-3.03044e-11
2.23182e-11
-1.59715e-11
1.02328e-11
-2.71438e-12
-8.12311e-12
2.08394e-11
-3.19183e-11
3.79235e-11
-3.80004e-11
3.40626e-11
-2.96139e-11
2.64769e-11
-2.31394e-11
1.66569e-11
-8.17967e-12
4.21299e-12
-1.08867e-11
2.57801e-11
-3.81312e-11
3.72385e-11
-2.14481e-11
-1.34433e-12
1.94601e-11
-2.47585e-11
1.61138e-11
7.12837e-13
-1.73581e-11
2.76229e-11
-3.06065e-11
2.94851e-11
-2.85808e-11
2.96194e-11
-3.02241e-11
2.52408e-11
-1.20765e-11
-5.74715e-12
2.07798e-11
-2.89923e-11
3.27127e-11
-3.62889e-11
3.93551e-11
-3.71988e-11
2.6567e-11
-1.06517e-11
-2.66404e-12
5.86925e-12
3.05533e-12
-1.9377e-11
3.36981e-11
-3.76094e-11
2.84583e-11
-1.1109e-11
-5.19684e-12
1.17498e-11
-5.85666e-12
-7.31268e-12
1.81016e-11
-2.07806e-11
1.8365e-11
-1.90531e-11
2.68636e-11
-3.78365e-11
4.44034e-11
-4.26151e-11
3.35167e-11
-2.03471e-11
5.43848e-12
9.71841e-12
-2.39753e-11
3.5563e-11
-4.2022e-11
4.04203e-11
-2.96218e-11
1.20537e-11
5.79996e-12
-1.60802e-11
1.34312e-11
4.77386e-13
-1.65339e-11
2.35462e-11
-1.76385e-11
5.70521e-12
7.23105e-13
3.77185e-12
-1.50645e-11
2.45732e-11
-2.68998e-11
2.21944e-11
-1.49466e-11
1.10566e-11
-1.51491e-11
2.71195e-11
-4.16241e-11
5.10564e-11
-5.08634e-11
4.16343e-11
-2.76731e-11
1.29084e-11
1.30446e-12
-1.55536e-11
2.84545e-11
-3.49956e-11
2.97084e-11
-1.33518e-11
-5.77983e-12
1.78399e-11
-1.9565e-11
1.5138e-11
-1.11688e-11
1.1216e-11
-1.47948e-11
1.78588e-11
-1.46994e-11
1.30664e-12
1.96488e-11
-3.86009e-11
4.50359e-11
-3.60467e-11
1.86749e-11
-5.02778e-12
3.46982e-12
-1.36625e-11
2.77488e-11
-3.73171e-11
3.90934e-11
-3.55154e-11
2.9935e-11
-2.35647e-11
1.60801e-11
-8.10481e-12
7.65349e-13
5.07743e-12
-8.46092e-12
7.17937e-12
-1.88835e-13
-9.83413e-12
1.77662e-11
-2.18946e-11
2.59521e-11
-3.46073e-11
4.64546e-11
-5.36278e-11
4.76592e-11
-2.67827e-11
-2.28552e-12
2.78025e-11
-4.01088e-11
3.67997e-11
-2.36685e-11
1.00598e-11
-3.41235e-12
5.37922e-12
-1.18208e-11
1.51917e-11
-1.01951e-11
-1.35722e-12
1.06045e-11
-9.44121e-12
-2.01218e-12
1.55457e-11
-2.31535e-11
2.29859e-11
-1.84461e-11
1.3143e-11
-9.23534e-12
8.05017e-12
-1.06415e-11
1.65925e-11
-2.46407e-11
3.37543e-11
-4.3314e-11
5.09399e-11
-5.23397e-11
4.378e-11
-2.62014e-11
5.94458e-12
8.28175e-12
-1.16146e-11
6.69579e-12
-1.83888e-12
3.20915e-12
-9.08532e-12
1.12536e-11
-2.96611e-12
-1.56613e-11
3.78955e-11
-5.46705e-11
5.79373e-11
-4.45119e-11
1.91083e-11
6.26792e-12
-2.0283e-11
2.05781e-11
-1.47245e-11
1.18716e-11
-1.51006e-11
2.05865e-11
-2.30691e-11
2.00403e-11
-1.29105e-11
5.1765e-12
-5.72156e-13
7.94385e-13
-5.01409e-12
1.05051e-11
-1.4772e-11
1.65401e-11
-1.63335e-11
1.53425e-11
-1.40603e-11
1.10962e-11
-5.52475e-12
1.26843e-13
-1.58957e-12
1.42548e-11
-3.44774e-11
5.18886e-11
-5.78765e-11
5.13533e-11
-3.78179e-11
2.40479e-11
-1.50779e-11
1.24103e-11
-1.3037e-11
1.00559e-11
1.44862e-12
-1.84036e-11
2.98582e-11
-2.56526e-11
4.69908e-12
2.37166e-11
-4.67808e-11
5.57398e-11
-5.01294e-11
3.60875e-11
-2.18054e-11
1.22316e-11
-7.39381e-12
3.72331e-12
2.38227e-12
-1.21637e-11
2.29211e-11
-2.93313e-11
2.69753e-11
-1.69054e-11
5.20601e-12
2.18038e-12
-4.70552e-12
5.40369e-12
-5.73594e-12
3.5006e-12
2.95254e-12
-1.15558e-11
1.79004e-11
-1.93749e-11
1.58507e-11
-8.84206e-12
1.33533e-12
1.38263e-12
5.10332e-12
-1.95932e-11
3.40894e-11
-4.01454e-11
3.5857e-11
-2.73724e-11
2.29869e-11
-2.66554e-11
3.49357e-11
-3.97747e-11
3.38212e-11
-1.60056e-11
-7.27555e-12
2.52165e-11
-2.88972e-11
1.5943e-11
7.64671e-12
-3.06939e-11
4.31799e-11
-4.3247e-11
3.77499e-11
-3.56983e-11
3.95286e-11
-4.39177e-11
4.15836e-11
-2.98281e-11
1.09716e-11
9.8218e-12
-2.64088e-11
3.27339e-11
-2.6628e-11
1.22789e-11
2.26881e-12
-1.2153e-11
1.83172e-11
-2.37547e-11
2.80721e-11
-2.82507e-11
2.27692e-11
-1.39299e-11
5.18614e-12
1.42786e-12
-5.97927e-12
9.30638e-12
-1.27005e-11
1.69077e-11
-2.1172e-11
2.25658e-11
-1.83273e-11
8.6942e-12
1.50871e-12
-5.4883e-12
-9.93955e-13
1.52528e-11
-2.84795e-11
3.13897e-11
-2.16979e-11
5.6934e-12
6.6067e-12
-8.8203e-12
9.06581e-13
1.19703e-11
-2.26577e-11
2.51221e-11
-1.90665e-11
1.17189e-11
-1.34518e-11
2.80069e-11
-4.7989e-11
6.02621e-11
-5.67596e-11
3.90592e-11
-1.53835e-11
-5.28128e-12
1.61101e-11
-1.47985e-11
5.00293e-12
5.02627e-12
-9.19698e-12
8.86501e-12
-1.13089e-11
2.17181e-11
-3.8244e-11
5.36014e-11
-6.09959e-11
5.74198e-11
-4.41962e-11
2.54377e-11
-6.69496e-12
-7.57577e-12
1.55342e-11
-1.81522e-11
1.70011e-11
-1.28436e-11
5.26884e-12
5.61838e-12
-1.80738e-11
2.84642e-11
-3.37492e-11
3.37549e-11
-3.13935e-11
2.89399e-11
-2.53759e-11
1.7465e-11
-4.34592e-12
-1.08277e-11
2.28579e-11
-2.79032e-11
2.41494e-11
-1.25225e-11
-2.28402e-12
1.21436e-11
-1.1244e-11
1.77424e-12
6.87142e-12
-6.90846e-12
-1.20213e-12
1.00799e-11
-1.26585e-11
6.33567e-12
6.66479e-12
-2.06699e-11
2.77274e-11
-2.23541e-11
7.0483e-12
7.08842e-12
-8.79965e-12
-4.15981e-12
2.33628e-11
-3.7337e-11
3.93067e-11
-3.01478e-11
1.60665e-11
-5.32832e-12
3.698e-12
-1.07391e-11
1.90469e-11
-1.98186e-11
9.9797e-12
4.55598e-12
-1.3432e-11
9.08282e-12
8.0682e-12
-3.05488e-11
4.83934e-11
-5.51311e-11
5.05341e-11
-3.98187e-11
2.93444e-11
-2.30204e-11
2.03093e-11
-1.74821e-11
1.03708e-11
1.48704e-12
-1.34115e-11
1.80699e-11
-1.14887e-11
-4.0997e-12
2.24444e-11
-3.8434e-11
4.96298e-11
-5.50849e-11
5.41662e-11
-4.79717e-11
3.90078e-11
-2.89937e-11
1.72024e-11
-3.4308e-12
-9.26398e-12
1.60307e-11
-1.54418e-11
1.03359e-11
-3.78505e-12
-4.77245e-12
1.70319e-11
-3.18725e-11
4.49864e-11
-5.27557e-11
5.35721e-11
-4.6711e-11
3.19759e-11
-1.27888e-11
-3.61748e-12
1.10282e-11
-1.01887e-11
7.31088e-12
-7.4698e-12
9.79119e-12
-9.87112e-12
4.0391e-12
8.32144e-12
-2.5123e-11
4.09649e-11
-4.82982e-11
4.16541e-11
-2.33647e-11
3.09472e-12
8.90523e-12
-9.54727e-12
3.617e-12
9.58232e-13
8.71081e-13
-8.91217e-12
1.78224e-11
-2.0241e-11
1.12616e-11
6.86553e-12
-2.50417e-11
3.26787e-11
-2.53935e-11
7.88677e-12
9.1049e-12
-1.62539e-11
1.12011e-11
1.67274e-13
-8.32858e-12
6.41192e-12
5.01935e-12
-1.88023e-11
2.57155e-11
-2.07185e-11
6.18139e-12
8.7834e-12
-1.41741e-11
5.90032e-12
1.05124e-11
-2.39819e-11
2.57947e-11
-1.5723e-11
8.00598e-13
9.82686e-12
-1.03657e-11
6.48931e-13
1.33844e-11
-2.28066e-11
2.1383e-11
-1.13117e-11
1.93527e-12
-2.21736e-12
1.30019e-11
-2.73698e-11
3.65291e-11
-3.55925e-11
2.45844e-11
-8.08212e-12
-6.25123e-12
1.08592e-11
-4.23018e-12
-7.23211e-12
1.4295e-11
-1.35186e-11
9.24957e-12
-8.44328e-12
1.41971e-11
-2.51624e-11
3.75047e-11
-4.6322e-11
4.61681e-11
-3.48923e-11
1.69895e-11
-1.76525e-12
-4.52611e-12
3.12517e-12
2.40888e-13
-2.20015e-12
3.32265e-12
-5.51887e-12
9.8018e-12
-1.74743e-11
2.94431e-11
-4.34643e-11
5.30091e-11
-5.24073e-11
4.20789e-11
-2.8042e-11
1.55771e-11
-6.04484e-12
-1.19446e-12
5.53061e-12
-6.27672e-12
4.29053e-12
-9.31225e-13
-4.9591e-12
1.56305e-11
-3.04299e-11
4.42689e-11
-5.21489e-11
5.2996e-11
-4.88795e-11
4.0999e-11
-2.94923e-11
1.57412e-11
-3.29517e-12
-5.3008e-12
1.00247e-11
-1.16078e-11
8.80506e-12
-1.73339e-13
-1.30076e-11
2.66348e-11
-3.77656e-11
4.61535e-11
-5.2227e-11
5.43081e-11
-5.02553e-11
4.01096e-11
-2.65252e-11
1.20155e-11
1.65901e-12
-1.22851e-11
1.65276e-11
-1.2867e-11
3.42069e-12
7.63442e-12
-1.81588e-11
2.85457e-11
-3.93376e-11
4.8895e-11
-5.47977e-11
5.53656e-11
-4.99484e-11
3.80496e-11
-2.08491e-11
2.48609e-12
1.10112e-11
-1.60773e-11
1.3575e-11
-7.09848e-12
-8.64501e-13
9.70155e-12
-1.96439e-11
3.04354e-11
-4.17149e-11
5.22337e-11
-5.90544e-11
5.78976e-11
-4.67481e-11
2.82982e-11
-9.01926e-12
-5.35935e-12
1.24684e-11
-1.32132e-11
9.59864e-12
-3.86913e-12
-2.5554e-12
9.77831e-12
-1.97334e-11
3.35327e-11
-4.89144e-11
6.00845e-11
-6.17702e-11
5.26685e-11
-3.61622e-11
1.75802e-11
-1.9951e-12
-7.50948e-12
1.04029e-11
-9.09975e-12
6.77245e-12
-4.55775e-12
3.05191e-14
9.98677e-12
-2.5874e-11
4.36353e-11
-5.74635e-11
6.26099e-11
-5.74636e-11
4.36353e-11
-2.58739e-11
9.98664e-12
3.06342e-14
-4.55781e-12
6.77245e-12
-9.09967e-12
1.04028e-11
-7.50929e-12
-1.99527e-12
1.75803e-11
-3.61622e-11
5.26686e-11
-6.17704e-11
6.00848e-11
-4.89147e-11
3.35329e-11
-1.97335e-11
9.77824e-12
-2.55521e-12
-3.8694e-12
9.59889e-12
-1.32134e-11
1.24685e-11
-5.35945e-12
-9.01908e-12
2.82979e-11
-4.67478e-11
5.78973e-11
-5.90542e-11
5.22337e-11
-4.1715e-11
3.04355e-11
-1.96441e-11
9.70167e-12
-8.64583e-13
-7.09842e-12
1.35749e-11
-1.60772e-11
1.10111e-11
2.48617e-12
-2.08491e-11
3.80496e-11
-4.99483e-11
5.53656e-11
-5.47977e-11
4.8895e-11
-3.93376e-11
2.85457e-11
-1.81588e-11
7.63434e-12
3.42075e-12
-1.28669e-11
1.65274e-11
-1.22849e-11
1.65884e-12
1.20156e-11
-2.65253e-11
4.01096e-11
-5.02552e-11
5.43081e-11
-5.2227e-11
4.61536e-11
-3.77658e-11
2.66349e-11
-1.30076e-11
-1.73498e-13
8.80531e-12
-1.16081e-11
1.00249e-11
-5.30098e-12
-3.29508e-12
1.57411e-11
-2.94923e-11
4.09988e-11
-4.88791e-11
5.29956e-11
-5.21486e-11
4.42687e-11
-3.04299e-11
1.56307e-11
-4.95936e-12
-9.309e-13
4.29022e-12
-6.2765e-12
5.53045e-12
-1.19421e-12
-6.0453e-12
1.55777e-11
-2.80427e-11
4.20794e-11
-5.24077e-11
5.30093e-11
-4.34643e-11
2.94429e-11
-1.74739e-11
9.80147e-12
-5.5186e-12
3.32235e-12
-2.1997e-12
2.40275e-13
3.12589e-12
-4.52682e-12
-1.76463e-12
1.6989e-11
-3.48921e-11
4.61681e-11
-4.63223e-11
3.7505e-11
-2.51627e-11
1.41973e-11
-8.44353e-12
9.24988e-12
-1.3519e-11
1.42955e-11
-7.2326e-12
-4.2297e-12
1.08588e-11
-6.25103e-12
-8.08208e-12
2.45841e-11
-3.55922e-11
3.65289e-11
-2.73698e-11
1.3002e-11
-2.21752e-12
1.93544e-12
-1.13118e-11
2.13829e-11
-2.28064e-11
1.33841e-11
6.49055e-13
-1.03657e-11
9.82668e-12
8.00768e-13
-1.5723e-11
2.57945e-11
-2.39814e-11
1.05117e-11
5.90103e-12
-1.41746e-11
8.7837e-12
6.18129e-12
-2.07185e-11
2.57154e-11
-1.88023e-11
5.01932e-12
6.41187e-12
-8.32839e-12
1.66868e-13
1.12017e-11
-1.62547e-11
9.10563e-12
7.88617e-12
-2.5393e-11
3.26782e-11
-2.50413e-11
6.86526e-12
1.12618e-11
-2.02409e-11
1.78222e-11
-8.91189e-12
8.70752e-13
9.58539e-13
3.61677e-12
-9.54708e-12
8.90497e-12
3.09513e-12
-2.33653e-11
4.16547e-11
-4.82987e-11
4.09652e-11
-2.51231e-11
8.32135e-12
4.03918e-12
-9.87107e-12
9.79094e-12
-7.46939e-12
7.31046e-12
-1.01885e-11
1.10283e-11
-3.61787e-12
-1.27883e-11
3.19754e-11
-4.67107e-11
5.3572e-11
-5.27557e-11
4.49863e-11
-3.18723e-11
1.70314e-11
-4.77182e-12
-3.78561e-12
1.03363e-11
-1.54418e-11
1.60305e-11
-9.2637e-12
-3.43102e-12
1.72025e-11
-2.89936e-11
3.90077e-11
-4.79717e-11
5.41663e-11
-5.50851e-11
4.963e-11
-3.84341e-11
2.24443e-11
-4.09943e-12
-1.1489e-11
1.80701e-11
-1.34115e-11
1.48675e-12
1.03712e-11
-1.74826e-11
2.03097e-11
-2.30207e-11
2.93447e-11
-3.9819e-11
5.05345e-11
-5.51316e-11
4.83939e-11
-3.05493e-11
8.06842e-12
9.08291e-12
-1.34324e-11
4.55654e-12
9.97904e-12
-1.9818e-11
1.90464e-11
-1.07387e-11
3.69767e-12
-5.32803e-12
1.60662e-11
-3.01476e-11
3.93065e-11
-3.73368e-11
2.33627e-11
-4.15986e-12
-8.79937e-12
7.08794e-12
7.04887e-12
-2.23546e-11
2.77278e-11
-2.067e-11
6.66469e-12
6.33589e-12
-1.26587e-11
1.008e-11
-1.20206e-12
-6.90862e-12
6.87155e-12
1.77424e-12
-1.12442e-11
1.21439e-11
-2.28428e-12
-1.25223e-11
2.41494e-11
-2.79033e-11
2.28581e-11
-1.0828e-11
-4.34565e-12
1.74649e-11
-2.53759e-11
2.894e-11
-3.13936e-11
3.37549e-11
-3.37492e-11
2.84642e-11
-1.80736e-11
5.61818e-12
5.26899e-12
-1.28435e-11
1.70008e-11
-1.81519e-11
1.5534e-11
-7.57567e-12
-6.69497e-12
2.54376e-11
-4.41961e-11
5.74197e-11
-6.09959e-11
5.36015e-11
-3.82441e-11
2.17181e-11
-1.13087e-11
8.86467e-12
-9.19672e-12
5.02619e-12
5.00286e-12
-1.47983e-11
1.611e-11
-5.28123e-12
-1.53835e-11
3.90592e-11
-5.67597e-11
6.02623e-11
-4.79893e-11
2.80073e-11
-1.3452e-11
1.17188e-11
-1.90663e-11
2.51219e-11
-2.26576e-11
1.19703e-11
9.0652e-13
-8.82027e-12
6.60673e-12
5.69331e-12
-2.16979e-11
3.13897e-11
-2.84797e-11
1.52532e-11
-9.94352e-13
-5.48797e-12
1.50856e-12
8.69416e-12
-1.83271e-11
2.25655e-11
-2.11717e-11
1.69074e-11
-1.27002e-11
9.30607e-12
-5.97891e-12
1.42746e-12
5.18658e-12
-1.39304e-11
2.27696e-11
-2.82509e-11
2.8072e-11
-2.37544e-11
1.83168e-11
-1.21525e-11
2.26834e-12
1.22792e-11
-2.66281e-11
3.27339e-11
-2.64088e-11
9.82191e-12
1.09713e-11
-2.98279e-11
4.15835e-11
-4.39178e-11
3.95288e-11
-3.56985e-11
3.775e-11
-4.3247e-11
4.31797e-11
-3.06935e-11
7.64637e-12
1.59432e-11
-2.88973e-11
2.52166e-11
-7.27579e-12
-1.60053e-11
3.3821e-11
-3.97747e-11
3.4936e-11
-2.66559e-11
2.29874e-11
-2.73728e-11
3.58573e-11
-4.01455e-11
3.40895e-11
-1.95933e-11
5.10359e-12
1.38224e-12
1.33569e-12
-8.84225e-12
1.58507e-11
-1.93746e-11
1.79e-11
-1.15554e-11
2.95237e-12
3.50066e-12
-5.73595e-12
5.40373e-12
-4.70558e-12
2.18044e-12
5.20594e-12
-1.69053e-11
2.69754e-11
-2.93314e-11
2.29213e-11
-1.21639e-11
2.3824e-12
3.72324e-12
-7.39376e-12
1.22316e-11
-2.18054e-11
3.60876e-11
-5.01295e-11
5.57399e-11
-4.67811e-11
2.37169e-11
4.69869e-12
-2.56521e-11
2.98579e-11
-1.84033e-11
1.4486e-12
1.00557e-11
-1.30367e-11
1.24101e-11
-1.50778e-11
2.40479e-11
-3.78179e-11
5.13532e-11
-5.78762e-11
5.18883e-11
-3.4477e-11
1.42546e-11
-1.58948e-12
1.26875e-13
-5.52482e-12
1.10963e-11
-1.40603e-11
1.53424e-11
-1.63334e-11
1.65401e-11
-1.47721e-11
1.05053e-11
-5.01414e-12
7.94314e-13
-5.72035e-13
5.17648e-12
-1.29107e-11
2.00407e-11
-2.30694e-11
2.05867e-11
-1.51006e-11
1.18714e-11
-1.47243e-11
2.05779e-11
-2.02829e-11
6.2679e-12
1.91082e-11
-4.45118e-11
5.79373e-11
-5.46706e-11
3.78956e-11
-1.56612e-11
-2.96635e-12
1.1254e-11
-9.08568e-12
3.20944e-12
-1.83913e-12
6.69606e-12
-1.16148e-11
8.28185e-12
5.94467e-12
-2.62016e-11
4.37803e-11
-5.234e-11
5.09401e-11
-4.33141e-11
3.37544e-11
-2.46406e-11
1.65924e-11
-1.06414e-11
8.05017e-12
-9.23534e-12
1.3143e-11
-1.84459e-11
2.29856e-11
-2.31532e-11
1.55456e-11
-2.01236e-12
-9.44075e-12
1.06038e-11
-1.35649e-12
-1.01958e-11
1.51923e-11
-1.18212e-11
5.37936e-12
-3.41235e-12
1.00598e-11
-2.36686e-11
3.67998e-11
-4.01089e-11
2.78026e-11
-2.2854e-12
-2.6783e-11
4.76597e-11
-5.36283e-11
4.64552e-11
-3.46077e-11
2.59524e-11
-2.18947e-11
1.77662e-11
-9.83431e-12
-1.88462e-13
7.17886e-12
-8.46039e-12
5.077e-12
7.65625e-13
-8.10493e-12
1.60801e-11
-2.35645e-11
2.99348e-11
-3.55152e-11
3.90932e-11
-3.73168e-11
2.77485e-11
-1.36622e-11
3.46956e-12
-5.02767e-12
1.86749e-11
-3.60467e-11
4.50359e-11
-3.86008e-11
1.96486e-11
1.30682e-12
-1.46995e-11
1.78589e-11
-1.47949e-11
1.12162e-11
-1.1169e-11
1.51383e-11
-1.95653e-11
1.78401e-11
-5.77975e-12
-1.3352e-11
2.97086e-11
-3.49958e-11
2.84548e-11
-1.55539e-11
1.30485e-12
1.29079e-11
-2.76727e-11
4.16341e-11
-5.08633e-11
5.10565e-11
-4.16243e-11
2.71197e-11
-1.51494e-11
1.10567e-11
-1.49467e-11
2.21944e-11
-2.68998e-11
2.45732e-11
-1.50645e-11
3.7719e-12
7.23038e-13
5.7053e-12
-1.76386e-11
2.35463e-11
-1.6534e-11
4.77404e-13
1.34312e-11
-1.60801e-11
5.79976e-12
1.20539e-11
-2.96219e-11
4.04202e-11
-4.20217e-11
3.55627e-11
-2.3975e-11
9.71808e-12
5.43884e-12
-2.03474e-11
3.35171e-11
-4.26154e-11
4.44037e-11
-3.78367e-11
2.68637e-11
-1.90531e-11
1.83649e-11
-2.07805e-11
1.81016e-11
-7.31263e-12
-5.85677e-12
1.175e-11
-5.19723e-12
-1.11086e-11
2.8458e-11
-3.76092e-11
3.36981e-11
-1.93771e-11
3.05544e-12
5.86912e-12
-2.66385e-12
-1.06519e-11
2.65674e-11
-3.71991e-11
3.93552e-11
-3.62888e-11
3.27125e-11
-2.8992e-11
2.07796e-11
-5.74696e-12
-1.20767e-11
2.52411e-11
-3.02243e-11
2.96197e-11
-2.8581e-11
2.94854e-11
-3.06066e-11
2.76228e-11
-1.73579e-11
7.12615e-13
1.61139e-11
-2.47585e-11
1.946e-11
-1.34432e-12
-2.14482e-11
3.72386e-11
-3.81315e-11
2.57806e-11
-1.08873e-11
4.21351e-12
-8.18007e-12
1.66572e-11
-2.31396e-11
2.64769e-11
-2.96138e-11
3.40625e-11
-3.80003e-11
3.79233e-11
-3.1918e-11
2.08391e-11
-8.12283e-12
-2.71459e-12
1.02329e-11
-1.59716e-11
2.23184e-11
-3.03047e-11
3.7699e-11
-3.93349e-11
2.95216e-11
-7.85357e-12
-1.72329e-11
3.19463e-11
-2.78597e-11
8.81497e-12
1.23959e-11
-2.48605e-11
2.6176e-11
-2.12934e-11
1.62928e-11
-1.43084e-11
1.47006e-11
-1.5698e-11
1.67387e-11
-1.92514e-11
2.43639e-11
-3.13443e-11
3.75904e-11
-4.04209e-11
3.7819e-11
-2.98472e-11
1.95296e-11
-1.18127e-11
8.39003e-12
-4.71301e-12
-6.35343e-12
2.57146e-11
-4.48256e-11
5.14847e-11
-4.00935e-11
1.59747e-11
8.24415e-12
-2.14863e-11
2.05001e-11
-1.03303e-11
-1.52303e-12
1.04448e-11
-1.59503e-11
1.86959e-11
-1.9059e-11
1.73435e-11
-1.44297e-11
1.0909e-11
-7.94509e-12
8.25855e-12
-1.5064e-11
2.75337e-11
-3.94176e-11
4.32894e-11
-3.76533e-11
2.83671e-11
-2.35878e-11
2.58764e-11
-2.94337e-11
2.43315e-11
-5.81065e-12
-2.05484e-11
4.22607e-11
-4.99193e-11
4.30022e-11
-2.7984e-11
1.20458e-11
-3.97279e-14
-5.93013e-12
5.81799e-12
-1.50275e-12
-5.02916e-12
1.26234e-11
-2.03468e-11
2.54319e-11
-2.41733e-11
1.48648e-11
-1.01916e-12
-9.45864e-12
8.6538e-12
4.67433e-12
-2.28639e-11
3.44702e-11
-3.4418e-11
2.80634e-11
-2.53319e-11
3.03098e-11
-3.81024e-11
3.99317e-11
-3.09206e-11
1.27699e-11
8.10009e-12
-2.52407e-11
3.52598e-11
-3.85243e-11
3.66708e-11
-3.10053e-11
2.24242e-11
-1.28032e-11
4.78167e-12
-1.57063e-12
5.98544e-12
-1.86251e-11
3.43993e-11
-4.32629e-11
3.67445e-11
-1.62081e-11
-7.10672e-12
2.03075e-11
-1.86289e-11
7.29871e-12
4.06554e-12
-9.96148e-12
1.22159e-11
-1.64353e-11
2.46098e-11
-3.27627e-11
3.51114e-11
-3.02728e-11
2.14594e-11
-1.25525e-11
4.61778e-12
3.29542e-12
-1.25523e-11
2.31866e-11
-3.31483e-11
3.80714e-11
-3.43169e-11
2.26847e-11
-1.00441e-11
5.53112e-12
-1.45966e-11
3.39128e-11
-5.236e-11
5.78932e-11
-4.68362e-11
2.6066e-11
-6.35057e-12
-7.09923e-12
1.5995e-11
-2.32272e-11
2.72246e-11
-2.36991e-11
1.09894e-11
6.14724e-12
-1.90187e-11
2.09377e-11
-1.27437e-11
1.772e-12
4.1661e-12
-3.00567e-12
-1.58963e-12
3.98335e-12
-7.34719e-13
-7.93456e-12
1.76567e-11
-2.24088e-11
1.90004e-11
-1.10295e-11
6.43959e-12
-1.11402e-11
2.39053e-11
-3.81012e-11
4.7086e-11
-4.92421e-11
4.73438e-11
-4.38397e-11
3.61977e-11
-1.95028e-11
-6.20347e-12
3.15692e-11
-4.40269e-11
3.80008e-11
-1.98396e-11
2.32202e-12
4.32989e-12
1.49565e-12
-1.40138e-11
2.53055e-11
-3.11229e-11
3.17594e-11
-2.9361e-11
2.47045e-11
-1.76382e-11
8.34525e-12
1.73004e-12
-1.02459e-11
1.37944e-11
-9.87181e-12
-3.22757e-13
1.08954e-11
-1.59438e-11
1.49105e-11
-1.35339e-11
1.79649e-11
-2.84427e-11
3.74095e-11
-3.53596e-11
1.92312e-11
3.32193e-12
-1.99095e-11
2.36042e-11
-1.7975e-11
1.14266e-11
-9.08931e-12
1.00264e-11
-1.1736e-11
1.44991e-11
-2.18206e-11
3.59381e-11
-5.37012e-11
6.62354e-11
-6.48557e-11
4.74833e-11
-2.06297e-11
-5.29983e-12
2.15806e-11
-2.49806e-11
1.82201e-11
-8.52879e-12
2.84442e-12
-3.40827e-12
6.99634e-12
-9.65269e-12
1.07562e-11
-1.31251e-11
1.86659e-11
-2.51803e-11
2.67975e-11
-1.95186e-11
6.17826e-12
4.24141e-12
-4.96408e-12
-1.80886e-12
6.84136e-12
-3.82953e-12
-4.2405e-12
7.73206e-12
3.46525e-13
-1.81935e-11
3.62103e-11
-4.48692e-11
4.15029e-11
-3.09358e-11
1.91838e-11
-8.58274e-12
-1.70081e-12
1.12727e-11
-1.73534e-11
1.68286e-11
-9.5944e-12
-4.8505e-13
6.28985e-12
-1.21932e-12
-1.64925e-11
4.11665e-11
-6.24874e-11
7.0941e-11
-6.33638e-11
4.43731e-11
-2.35435e-11
8.44311e-12
-2.86181e-14
-5.80309e-12
1.13051e-11
-1.38953e-11
9.90722e-12
-1.13422e-12
-4.81913e-12
4.1079e-13
1.42888e-11
-3.05734e-11
3.75003e-11
-3.16603e-11
1.98753e-11
-1.24296e-11
1.28106e-11
-1.56874e-11
1.34256e-11
-4.20971e-12
-6.98971e-12
1.3097e-11
-1.10988e-11
3.55588e-12
4.38501e-12
-1.02608e-11
1.53646e-11
-2.16495e-11
2.77135e-11
-2.95119e-11
2.35767e-11
-1.02614e-11
-5.89138e-12
1.73624e-11
-1.78597e-11
6.78827e-12
8.86818e-12
-1.89005e-11
1.62666e-11
-1.47856e-12
-1.88757e-11
3.69493e-11
-4.90965e-11
5.62272e-11
-5.95961e-11
5.63829e-11
-4.2455e-11
1.90621e-11
4.06219e-12
-1.50855e-11
9.43108e-12
5.74894e-12
-1.71131e-11
1.51909e-11
-1.45024e-12
-1.49249e-11
2.6265e-11
-3.28454e-11
3.92083e-11
-4.6725e-11
5.06839e-11
-4.5569e-11
3.11578e-11
-1.41111e-11
2.80282e-12
-8.92003e-13
4.34035e-12
-5.85609e-12
1.60255e-12
5.65603e-12
-1.04247e-11
9.47531e-12
-4.27781e-12
-7.86394e-13
1.21001e-12
4.22913e-12
-1.25778e-11
1.85857e-11
-1.90064e-11
1.43217e-11
-7.6518e-12
1.54935e-12
3.51858e-12
-8.86677e-12
1.43169e-11
-1.59481e-11
7.77521e-12
1.14935e-11
-3.44924e-11
4.87485e-11
-4.63675e-11
2.99176e-11
-1.03389e-11
-1.92568e-12
3.97453e-12
-7.12653e-13
-2.44377e-12
5.38747e-12
-1.16693e-11
2.06298e-11
-2.44809e-11
1.4057e-11
1.15343e-11
-4.22372e-11
6.32429e-11
-6.59039e-11
5.3252e-11
-3.63717e-11
2.42447e-11
-1.80429e-11
1.38149e-11
-9.70428e-12
7.94844e-12
-1.12383e-11
1.76818e-11
-2.0868e-11
1.4136e-11
3.45004e-12
-2.56343e-11
4.29359e-11
-4.97512e-11
4.71169e-11
-4.0377e-11
3.42127e-11
-3.02986e-11
2.70908e-11
-2.21984e-11
1.48988e-11
-7.65694e-12
3.65972e-12
-3.63345e-12
4.58717e-12
-2.6755e-12
-3.64493e-12
1.17915e-11
-1.72126e-11
1.74758e-11
-1.5631e-11
1.7364e-11
-2.46779e-11
3.21254e-11
-3.1405e-11
1.90657e-11
-6.61294e-13
-1.34827e-11
1.62265e-11
-9.32151e-12
4.69027e-13
4.59948e-12
-7.40498e-12
1.24682e-11
-1.97409e-11
2.23299e-11
-1.35327e-11
-5.20641e-12
2.28839e-11
-2.71062e-11
1.4106e-11
7.52821e-12
-2.43336e-11
2.86405e-11
-2.28412e-11
1.32332e-11
-2.67457e-12
-1.07042e-11
2.77568e-11
-4.38079e-11
4.98785e-11
-4.03435e-11
1.91761e-11
1.08421e-12
-8.80019e-12
1.4614e-12
1.38264e-11
-2.75226e-11
3.38497e-11
-3.24588e-11
2.52265e-11
-1.32362e-11
-3.90404e-12
2.4824e-11
-4.42478e-11
5.46903e-11
-5.20839e-11
3.88787e-11
-2.29297e-11
1.25655e-11
-1.22329e-11
1.99591e-11
-2.94394e-11
3.44885e-11
-3.30632e-11
2.65754e-11
-1.71903e-11
5.42519e-12
9.0824e-12
-2.56906e-11
4.05819e-11
-4.81491e-11
4.51894e-11
-3.51185e-11
2.59378e-11
-2.39342e-11
2.82933e-11
-3.27094e-11
3.12065e-11
-2.37875e-11
1.58224e-11
-1.23689e-11
1.201e-11
-8.23495e-12
-3.38889e-12
1.93586e-11
-3.1382e-11
3.41709e-11
-3.05913e-11
2.82055e-11
-3.15435e-11
3.67354e-11
-3.54527e-11
2.39714e-11
-8.5687e-12
-1.86536e-13
-2.52483e-12
1.11247e-11
-1.5632e-11
1.07711e-11
-3.0937e-13
-8.11269e-12
1.12874e-11
-1.38351e-11
2.16291e-11
-3.34894e-11
4.02359e-11
-3.36505e-11
1.49412e-11
4.97508e-12
-1.44527e-11
1.01012e-11
1.2779e-12
-1.02706e-11
1.31515e-11
-1.32406e-11
1.39072e-11
-1.32043e-11
5.69858e-12
1.00039e-11
-2.74238e-11
3.55084e-11
-2.76313e-11
7.41016e-12
1.34251e-11
-2.44434e-11
2.32362e-11
-1.45937e-11
3.86522e-12
6.83715e-12
-1.76483e-11
2.68625e-11
-2.98333e-11
2.19158e-11
-4.21507e-12
-1.49293e-11
2.46019e-11
-1.9368e-11
2.42869e-12
1.71999e-11
-3.10462e-11
3.50866e-11
-3.02734e-11
1.93435e-11
-4.47776e-12
-1.25747e-11
2.79256e-11
-3.58707e-11
3.2098e-11
-1.77902e-11
-1.42378e-13
1.20777e-11
-1.1424e-11
-1.53324e-12
1.98337e-11
-3.51453e-11
4.23608e-11
-4.0874e-11
3.21253e-11
-1.78794e-11
-2.49846e-13
1.90906e-11
-3.32049e-11
3.6503e-11
-2.73094e-11
1.11221e-11
1.81254e-12
-3.59677e-12
-6.59589e-12
2.26191e-11
-3.6586e-11
4.38917e-11
-4.4864e-11
4.10215e-11
-3.1796e-11
1.54114e-11
6.19954e-12
-2.58431e-11
3.47924e-11
-2.98176e-11
1.62931e-11
-5.10824e-12
4.24924e-12
-1.3335e-11
2.54001e-11
-3.45746e-11
4.02137e-11
-4.46307e-11
4.73369e-11
-4.37643e-11
2.93603e-11
-6.13975e-12
-1.63938e-11
2.75547e-11
-2.47496e-11
1.53048e-11
-9.70337e-12
1.23725e-11
-1.9882e-11
2.62153e-11
-2.98563e-11
3.43932e-11
-4.29457e-11
5.17679e-11
-5.20505e-11
3.82688e-11
-1.51151e-11
-5.78359e-12
1.5337e-11
-1.43321e-11
1.1046e-11
-1.28396e-11
1.91835e-11
-2.41023e-11
2.42026e-11
-2.37028e-11
2.9416e-11
-4.22711e-11
5.41936e-11
-5.49738e-11
4.15077e-11
-2.13146e-11
5.63394e-12
4.60847e-13
-1.81732e-12
6.12511e-12
-1.51119e-11
2.29433e-11
-2.39261e-11
1.96268e-11
-1.84778e-11
2.70309e-11
-4.25479e-11
5.4124e-11
-5.29716e-11
4.04433e-11
-2.61878e-11
1.78607e-11
-1.45048e-11
9.09298e-12
2.3104e-12
-1.55836e-11
2.22989e-11
-1.94762e-11
1.37119e-11
-1.53092e-11
2.74181e-11
-4.28434e-11
5.08303e-11
-4.7427e-11
3.81221e-11
-3.15063e-11
2.97584e-11
-2.7001e-11
1.6583e-11
-4.03074e-14
-1.36166e-11
1.68422e-11
-1.18175e-11
8.35304e-12
-1.45707e-11
2.8737e-11
-4.13877e-11
4.47817e-11
-4.06514e-11
3.69189e-11
-3.82339e-11
4.03121e-11
-3.51204e-11
2.00403e-11
-2.0974e-12
-7.89012e-12
6.65176e-12
-2.09702e-12
3.50267e-13
6.3726e-14
2.48528e-14
4.10826e-15
0
