0
0
0
0
0
0
0
0
0
0
0
0
0
0
0
0
0
0
0
0
0
0
0
0
0
0
0
0
0
0
0
0
0
0
0
0
0
0
0
0
0
0
0
0
0
0
0
0
0
0
0
0
0
0
0
0
0
0
0
0
0
0
0
0
0
0
0
0
0
0
0
0
0
0
0
0
0
0
0
0
0
0
0
0
0
0
0
0
0
0
0
0
0
0
0
0
0
0
0
0
0
0
0
0
0
0
0
0
0
0
0
0
0
0
0
0
0
0
0
0
0
0
0
0
0
0
0
0
0
0
0
0
0
0
0
0
0
0
0
0
0
0
0
0
0
0
0
0
0
0
0
0
0
0
0
0
0
0
0
0
0
0
0
0
0
0
0
0
0
0
0
0
0
0
0
0
0
0
0
0
0
0
0
0
0
0
0
7.44557e-321
1.37736e-319
2.40666e-318
4.17926e-317
7.21751e-316
1.23982e-314
2.11847e-313
3.60069e-312
6.08764e-311
1.02381e-309
1.71275e-308
2.85023e-307
4.71824e-306
7.76955e-305
1.27271e-303
2.0739e-302
3.36179e-301
5.42102e-300
8.69604e-299
1.3877e-297
2.20296e-296
3.479e-295
5.46568e-294
8.54236e-293
1.32818e-291
2.05441e-290
3.16131e-289
4.83951e-288
7.37042e-287
1.11671e-285
1.68326e-284
2.52421e-283
3.76587e-282
5.5895e-281
8.25373e-280
1.21255e-278
1.77225e-277
2.57707e-276
3.72827e-275
5.36622e-274
7.68446e-273
1.09482e-271
1.55188e-270
2.18859e-269
3.07086e-268
4.28696e-267
5.95434e-266
8.22837e-265
1.13134e-263
1.54764e-262
2.10645e-261
2.85257e-260
3.84349e-259
5.15254e-258
6.87269e-257
9.12099e-256
1.2044e-254
1.58237e-253
2.06854e-252
2.69052e-251
3.48198e-250
4.48368e-249
5.74465e-248
7.32345e-247
9.28946e-246
1.17244e-244
1.47237e-243
1.83979e-242
2.28745e-241
2.82984e-240
3.48341e-239
4.26658e-238
5.19981e-237
6.30566e-236
7.60866e-235
9.13531e-234
1.09138e-232
1.29738e-231
1.53461e-230
1.80621e-229
2.11534e-228
2.4651e-227
2.85847e-226
3.29819e-225
3.78671e-224
4.32609e-223
4.91784e-222
5.5629e-221
6.26146e-220
7.01292e-219
7.81576e-218
8.6675e-217
9.5646e-216
1.05025e-214
1.14754e-213
1.24765e-212
1.34982e-211
1.45315e-210
1.55667e-209
1.65935e-208
1.76009e-207
1.85774e-206
1.95116e-205
2.03917e-204
2.12067e-203
2.19455e-202
2.25984e-201
2.3156e-200
2.36106e-199
2.39557e-198
2.41862e-197
2.42986e-196
2.42915e-195
2.41649e-194
2.39206e-193
2.35623e-192
2.30951e-191
2.25258e-190
2.18624e-189
2.11141e-188
2.0291e-187
1.94041e-186
1.84646e-185
1.7484e-184
1.64741e-183
1.5446e-182
1.44108e-181
1.33787e-180
1.23594e-179
1.13614e-178
1.03926e-177
9.45958e-177
8.56785e-176
7.72191e-175
6.92518e-174
6.18001e-173
5.48782e-172
4.8491e-171
4.26357e-170
3.73023e-169
3.24749e-168
2.81324e-167
2.42502e-166
2.08004e-165
1.77531e-164
1.50772e-163
1.27413e-162
1.0714e-161
8.96462e-161
7.4637e-160
6.18327e-159
5.0971e-158
4.18087e-157
3.41232e-156
2.77121e-155
2.23937e-154
1.8006e-153
1.4406e-152
1.14684e-151
9.08432e-151
7.16001e-150
5.61519e-149
4.38171e-148
3.40211e-147
2.62833e-146
2.02039e-145
1.5453e-144
1.17601e-143
8.90495e-143
6.70917e-142
5.02948e-141
3.7514e-140
2.78404e-139
2.05576e-138
1.51035e-137
1.10406e-136
8.02998e-136
5.81088e-135
4.18381e-134
2.99713e-133
2.13618e-132
1.51484e-131
1.0688e-130
7.50267e-130
5.23998e-129
3.6411e-128
2.51724e-127
1.73142e-126
1.18485e-125
8.06693e-125
5.46426e-124
3.68241e-123
2.46893e-122
1.64686e-121
1.09289e-120
7.21548e-120
4.73935e-119
3.09696e-118
2.01333e-117
1.30212e-116
8.37805e-116
5.36276e-115
3.41495e-114
2.16336e-113
1.36338e-112
8.54771e-112
5.33115e-111
3.30772e-110
2.0416e-109
1.25356e-108
7.65677e-108
4.65235e-107
2.81203e-106
1.69078e-105
1.01128e-104
6.01681e-104
3.56099e-103
2.09644e-102
1.22771e-101
7.15169e-101
4.14398e-100
2.38847e-99
1.36934e-98
7.80884e-98
4.42939e-97
2.49908e-96
1.40246e-95
7.82839e-95
4.34631e-94
2.40011e-93
1.31826e-92
7.20157e-92
3.91295e-91
2.1146e-90
1.13656e-89
6.07574e-89
3.23027e-88
1.70808e-87
8.98266e-87
4.6981e-86
2.44375e-85
1.26416e-84
6.50364e-84
3.32746e-83
1.69305e-82
8.56679e-82
4.31078e-81
2.15713e-80
1.07344e-79
5.31192e-79
2.61393e-78
1.27909e-77
6.22392e-77
3.01148e-76
1.44892e-75
6.93187e-75
3.29756e-74
1.55979e-73
7.33607e-73
3.43068e-72
1.59518e-71
7.37476e-71
3.3899e-70
1.54925e-69
7.03952e-69
3.18016e-68
1.42834e-67
6.37796e-67
2.83137e-66
1.24959e-65
5.48261e-65
2.39139e-64
1.03693e-63
4.46971e-63
1.91527e-62
8.1582e-62
3.45435e-61
1.45391e-60
6.08277e-60
2.52958e-59
1.04562e-58
4.29602e-58
1.75437e-57
7.12077e-57
2.87261e-56
1.15176e-55
4.58962e-55
1.81765e-54
7.15404e-54
2.7983e-53
1.08775e-52
4.2019e-52
1.61301e-51
6.15304e-51
2.33237e-50
8.78517e-50
3.28804e-49
1.22278e-48
4.51826e-48
1.65882e-47
6.0509e-47
2.19292e-46
7.89578e-46
2.82441e-45
1.00371e-44
3.54345e-44
1.24271e-43
4.32937e-43
1.49824e-42
5.15021e-42
1.75851e-41
5.96387e-41
2.00891e-40
6.72093e-40
2.23317e-39
7.36922e-39
2.41499e-38
7.85944e-38
2.53999e-37
8.15124e-37
2.59747e-36
8.2186e-36
2.58195e-35
8.05354e-35
2.494e-34
7.66762e-34
2.34024e-33
7.09058e-33
2.13257e-32
6.36661e-32
1.88659e-31
5.5487e-31
1.61968e-30
4.69218e-30
1.34897e-29
3.84854e-29
1.08951e-28
3.06044e-28
8.52971e-28
2.35862e-27
6.47043e-27
1.76089e-26
4.75371e-26
1.27294e-25
3.38087e-25
8.90577e-25
2.32652e-24
6.02706e-24
1.54824e-23
3.94343e-23
9.95825e-23
2.49305e-22
6.18706e-22
1.52198e-21
3.71081e-21
8.96661e-21
2.14708e-20
5.09434e-20
1.19759e-19
2.7891e-19
6.43451e-19
1.47032e-18
3.32744e-18
7.45691e-18
1.65465e-17
3.63494e-17
7.90456e-17
1.70133e-16
3.62384e-16
7.63754e-16
1.59248e-15
3.28446e-15
6.69953e-15
1.35126e-14
2.69442e-14
5.31048e-14
1.03432e-13
1.99034e-13
3.78312e-13
7.10084e-13
1.31579e-12
2.40634e-12
4.34191e-12
7.72704e-12
1.3558e-11
2.34451e-11
3.99394e-11
6.69941e-11
1.10595e-10
1.79576e-10
2.86621e-10
4.49375e-10
6.91532e-10
1.04361e-09
1.54295e-09
2.23235e-09
3.15643e-09
4.355e-09
5.8527e-09
7.64471e-09
9.67974e-09
1.18428e-08
1.39427e-08
1.57115e-08
1.68237e-08
1.69436e-08
1.5803e-08
1.33012e-08
9.60649e-09
5.21665e-09
9.25245e-10
-2.36255e-09
-3.99022e-09
-4.04523e-09
-3.83743e-09
-6.07742e-09
-1.43706e-08
-3.16613e-08
-5.75085e-08
-8.46343e-08
-9.60534e-08
-6.50617e-08
3.90172e-08
2.36881e-07
5.16943e-07
8.09177e-07
9.66178e-07
7.6907e-07
-2.13523e-08
-1.55408e-06
-3.7237e-06
-5.99349e-06
-7.29031e-06
-6.09233e-06
-8.30785e-07
9.33804e-06
2.34867e-05
3.79204e-05
4.57951e-05
3.8046e-05
6.18668e-06
-5.301e-05
-0.000131908
-0.000207656
-0.000242235
-0.000190084
-1.4875e-05
0.000286537
0.000660042
0.00098194
0.00107227
0.00074391
-0.000113794
-0.00143616
-0.00290782
-0.00396151
-0.00389525
-0.00211961
0.00151
0.00638767
0.0110376
0.013336
0.0111443
0.00326419
-0.00957682
-0.0241546
-0.0350518
-0.0360939
-0.0227551
0.00515753
0.0416605
0.0747824
0.0895079
0.0731974
0.0219407
-0.0547053
-0.133318
-0.182215
-0.172524
-0.0914606
0.0474739
0.20289
0.315697
0.329785
0.216725
-0.0055152
-0.269687
-0.47721
-0.53364
-0.389606
-0.0701114
0.323084
0.642015
0.748131
0.572374
0.153741
-0.363899
-0.780868
-0.920543
-0.706409
-0.202889
0.401574
0.866579
0.999085
0.737634
0.183134
-0.439958
-0.877381
-0.953455
-0.645999
-0.0940023
0.465404
0.801794
0.790341
0.460484
-0.025688
-0.452439
-0.648005
-0.555535
-0.247117
0.120875
0.385587
0.449933
0.31688
0.0744452
-0.155619
-0.277047
-0.257775
-0.133296
0.0213353
0.132638
0.161531
0.114004
0.0288467
-0.0472391
-0.0828012
-0.0724739
-0.0330863
0.00971216
0.0356531
0.0378597
0.0223801
0.00168642
-0.0130799
-0.0169941
-0.0117919
-0.00295278
0.00413411
0.00674116
0.00523184
0.00182357
-0.00114695
-0.00241565
-0.00202467
-0.000815745
0.000292885
0.000796635
0.000696387
0.000295867
-7.62962e-05
-0.000245151
-0.000214834
-8.98731e-05
2.27942e-05
7.0813e-05
5.95066e-05
2.28627e-05
-7.74347e-06
-1.91058e-05
-1.4683e-05
-4.72043e-06
2.6313e-06
4.73945e-06
3.17412e-06
7.14407e-07
-8.10881e-07
-1.05518e-06
-5.77957e-07
-4.58896e-08
2.1088e-07
2.03983e-07
8.60951e-08
-1.44945e-08
-4.87471e-08
-3.24804e-08
-6.0619e-09
5.99221e-09
6.43491e-09
4.79076e-09
1.77981e-09
-2.4746e-09
-2.7593e-09
8.88191e-10
1.57205e-09
-1.19108e-09
-1.01302e-09
1.62532e-09
7.56939e-10
-1.79873e-09
-4.17936e-10
1.84981e-09
-7.05987e-12
-1.822e-09
4.56054e-10
1.68993e-09
-8.91342e-10
-1.43557e-09
1.27787e-09
1.05949e-09
-1.57388e-09
-5.78487e-10
1.73623e-09
2.66441e-11
-1.72823e-09
5.44115e-10
1.52806e-09
-1.06691e-09
-1.13694e-09
1.46711e-09
5.85896e-10
-1.67378e-09
6.14421e-11
1.63436e-09
-7.12281e-10
-1.33022e-09
1.25589e-09
7.89508e-10
-1.58278e-09
-9.26864e-11
1.6097e-09
-6.33303e-10
-1.30549e-09
1.23492e-09
7.10617e-10
-1.56495e-09
5.75519e-11
1.5229e-09
-8.20471e-10
-1.09258e-09
1.37675e-09
3.63559e-10
-1.55761e-09
4.75806e-10
1.2856e-09
-1.18012e-09
-6.16291e-10
1.51842e-09
-2.57292e-10
-1.35684e-09
1.04999e-09
7.23303e-10
-1.47501e-09
1.77109e-10
1.35433e-09
-1.01543e-09
-7.06802e-10
1.45505e-09
-2.3066e-10
-1.29409e-09
1.07487e-09
5.73844e-10
-1.44913e-09
4.07076e-10
1.1607e-09
-1.20123e-09
-3.18477e-10
1.41478e-09
-6.83724e-10
-9.16178e-10
1.33772e-09
-6.22079e-11
-1.28183e-09
1.00894e-09
5.19971e-10
-1.39211e-09
5.39363e-10
9.69219e-10
-1.28232e-09
3.45552e-11
1.24559e-09
-1.01782e-09
-4.2623e-10
1.35209e-09
-6.69786e-10
-7.96545e-10
1.31847e-09
-2.9936e-10
-1.05944e-09
1.18597e-09
4.95015e-11
-1.21944e-09
9.96059e-10
3.50848e-10
-1.29377e-09
7.83873e-10
5.93806e-10
-1.30494e-09
5.75652e-10
7.78203e-10
-1.27557e-09
3.88805e-10
9.10224e-10
-1.22546e-09
2.33436e-10
9.98845e-10
-1.17025e-09
1.14375e-10
1.05329e-09
-1.12126e-09
3.31351e-11
1.08139e-09
-1.08585e-09
-1.05171e-11
1.08871e-09
-1.06794e-09
-1.74789e-11
1.07813e-09
-1.06849e-09
1.12571e-11
1.04975e-09
-1.08574e-09
7.46981e-11
1.00111e-09
-1.11529e-09
1.715e-10
9.2759e-10
-1.14996e-09
2.99225e-10
8.23072e-10
-1.17961e-09
4.53254e-10
6.81066e-10
-1.19115e-09
6.25489e-10
4.96296e-10
-1.16903e-09
8.03054e-10
2.66864e-10
-1.0964e-09
9.67355e-10
-3.12233e-12
-9.57497e-10
1.09404e-09
-3.00781e-10
-7.41203e-10
1.15453e-09
-6.02231e-10
-4.45796e-10
1.11966e-09
-8.71954e-10
-8.41775e-11
9.66034e-10
-1.06505e-09
3.1178e-10
6.84477e-10
-1.13366e-09
6.89881e-10
2.89423e-10
-1.03803e-09
9.81746e-10
-1.73729e-10
-7.6144e-10
1.11455e-09
-6.27349e-10
-3.25585e-10
1.03073e-09
-9.7078e-10
1.99282e-10
7.12599e-10
-1.10273e-09
6.96903e-10
2.04687e-10
-9.55215e-10
1.0267e-09
-3.77553e-10
-5.30701e-10
1.06579e-09
-8.64238e-10
7.31379e-11
7.62729e-10
-1.07874e-09
6.69613e-10
1.82958e-10
-9.09203e-10
1.03332e-09
-4.81912e-10
-3.78711e-10
9.89989e-10
-9.63781e-10
3.24891e-10
5.15285e-10
-1.02701e-09
8.95558e-10
-2.1056e-10
-5.99699e-10
1.03878e-09
-8.45123e-10
1.43554e-10
6.39613e-10
-1.03794e-09
8.2134e-10
-1.24716e-10
-6.40242e-10
1.0305e-09
-8.26924e-10
1.53283e-10
6.03007e-10
-1.01581e-09
8.59231e-10
-2.27503e-10
-5.25552e-10
9.86933e-10
-9.10208e-10
3.43791e-10
4.02995e-10
-9.31332e-10
9.65664e-10
-4.94579e-10
-2.30518e-10
8.32362e-10
-1.00453e-09
6.65268e-10
7.45556e-12
-6.72366e-10
9.9913e-10
-8.31109e-10
2.5723e-10
4.38155e-10
-9.18016e-10
9.55575e-10
-5.3899e-10
-1.29158e-10
7.32824e-10
-9.92594e-10
7.93477e-10
-2.32804e-10
-4.30076e-10
8.95324e-10
-9.57834e-10
5.9546e-10
2.65489e-11
-6.33188e-10
9.62057e-10
-8.75782e-10
4.1692e-10
2.15352e-10
-7.53475e-10
9.74929e-10
-7.92799e-10
2.8733e-10
3.31684e-10
-8.13362e-10
9.67269e-10
-7.37111e-10
2.18804e-10
3.81567e-10
-8.30824e-10
9.58982e-10
-7.21972e-10
2.14395e-10
3.70155e-10
-8.13969e-10
9.56048e-10
-7.4905e-10
2.72852e-10
2.98078e-10
-7.59673e-10
9.51103e-10
-8.09589e-10
3.89021e-10
1.62266e-10
-6.54987e-10
9.24062e-10
-8.83027e-10
5.50135e-10
-3.89625e-11
-4.81661e-10
8.43916e-10
-9.34602e-10
7.29195e-10
-2.9661e-10
-2.25324e-10
6.74642e-10
-9.155e-10
8.78396e-10
-5.78766e-10
1.09532e-10
3.88862e-10
-7.70988e-10
9.28588e-10
-8.20244e-10
4.80811e-10
-8.99869e-12
-4.62262e-10
8.03589e-10
-9.2427e-10
7.95384e-10
-4.55345e-10
-2.64329e-12
4.56949e-10
-7.90074e-10
9.18675e-10
-8.1352e-10
5.04887e-10
-7.28656e-11
-3.74213e-10
7.2725e-10
-9.02763e-10
8.61899e-10
-6.17977e-10
2.31425e-10
2.05989e-10
-5.93376e-10
8.4396e-10
-9.04024e-10
7.63583e-10
-4.56905e-10
5.33583e-11
3.58858e-10
-6.92203e-10
8.78186e-10
-8.80874e-10
7.02999e-10
-3.83882e-10
-9.94243e-12
3.99044e-10
-7.07247e-10
8.76315e-10
-8.76424e-10
7.10681e-10
-4.13186e-10
4.14268e-11
3.35242e-10
-6.48681e-10
8.44131e-10
-8.89364e-10
7.79367e-10
-5.36064e-10
2.03415e-10
1.60949e-10
-4.95938e-10
7.47213e-10
-8.75744e-10
8.63415e-10
-7.14976e-10
4.56293e-10
-1.29394e-10
-2.14673e-10
5.23955e-10
-7.53378e-10
8.71061e-10
-8.62346e-10
7.31103e-10
-4.98323e-10
1.9839e-10
1.26278e-10
-4.31381e-10
6.76759e-10
-8.31511e-10
8.77579e-10
-8.11456e-10
6.43918e-10
-3.9798e-10
1.05451e-10
1.97374e-10
-4.74292e-10
6.93468e-10
-8.30932e-10
8.7293e-10
-8.16959e-10
6.71468e-10
-4.54358e-10
1.90555e-10
9.10313e-11
-3.60749e-10
5.91319e-10
-7.60491e-10
8.53006e-10
-8.61728e-10
7.87886e-10
-6.40505e-10
4.35109e-10
-1.91925e-10
-6.62379e-11
3.16185e-10
-5.36411e-10
7.08875e-10
-8.20346e-10
8.63233e-10
-8.35881e-10
7.42354e-10
-5.91768e-10
3.97264e-10
-1.74745e-10
-5.84992e-11
2.85174e-10
-4.89252e-10
6.57046e-10
-7.78035e-10
8.45392e-10
-8.56214e-10
8.11462e-10
-7.1564e-10
5.76276e-10
-4.03231e-10
2.07939e-10
-2.58756e-12
-2.00657e-10
3.9037e-10
-5.56477e-10
6.90728e-10
-7.87027e-10
8.41613e-10
-8.53088e-10
8.22319e-10
-7.52227e-10
6.47485e-10
-5.14156e-10
3.59293e-10
-1.90533e-10
1.56898e-11
1.5761e-10
-3.22253e-10
4.7191e-10
-6.01243e-10
7.06045e-10
-7.83323e-10
8.31314e-10
-8.49453e-10
8.3829e-10
-7.99379e-10
7.35127e-10
-6.48638e-10
5.43537e-10
-4.23802e-10
2.93595e-10
-1.5711e-10
1.84325e-11
1.1858e-10
-2.50394e-10
3.73879e-10
-4.86359e-10
5.85647e-10
-6.7006e-10
7.38413e-10
-7.90006e-10
8.24585e-10
-8.42314e-10
8.43717e-10
-8.29635e-10
8.01165e-10
-7.59613e-10
7.06435e-10
-6.43189e-10
5.71489e-10
-4.92964e-10
4.09216e-10
-3.21796e-10
2.3217e-10
-1.41701e-10
5.16375e-11
3.69038e-11
-1.22942e-10
2.05634e-10
-2.84276e-10
3.58298e-10
-4.27257e-10
4.90835e-10
-5.48823e-10
6.01115e-10
-6.47696e-10
6.88634e-10
-7.24063e-10
7.54179e-10
-7.79225e-10
7.99483e-10
-8.15267e-10
8.26912e-10
-8.34769e-10
8.39193e-10
-8.40546e-10
8.39185e-10
-8.35461e-10
8.29715e-10
-8.22274e-10
8.13451e-10
-8.03542e-10
7.92824e-10
-7.81556e-10
7.6998e-10
-7.58313e-10
7.4676e-10
-7.35502e-10
7.24706e-10
-7.14519e-10
7.05071e-10
-6.96476e-10
6.88835e-10
-6.8223e-10
6.76733e-10
-6.724e-10
6.69274e-10
-6.67386e-10
6.66755e-10
-6.67386e-10
6.69274e-10
-6.724e-10
6.76733e-10
-6.8223e-10
6.88835e-10
-6.96476e-10
7.05071e-10
-7.14519e-10
7.24706e-10
-7.35502e-10
7.4676e-10
-7.58313e-10
7.6998e-10
-7.81556e-10
7.92824e-10
-8.03542e-10
8.13451e-10
-8.22274e-10
8.29715e-10
-8.35461e-10
8.39185e-10
-8.40546e-10
8.39193e-10
-8.34769e-10
8.26912e-10
-8.15267e-10
7.99483e-10
-7.79225e-10
7.54179e-10
-7.24063e-10
6.88634e-10
-6.47696e-10
6.01115e-10
-5.48823e-10
4.90835e-10
-4.27257e-10
3.58298e-10
-2.84276e-10
2.05634e-10
-1.22942e-10
3.69038e-11
5.16375e-11
-1.41701e-10
2.3217e-10
-3.21796e-10
4.09216e-10
-4.92964e-10
5.71489e-10
-6.43189e-10
7.06435e-10
-7.59613e-10
8.01165e-10
-8.29635e-10
8.43717e-10
-8.42314e-10
8.24585e-10
-7.90006e-10
7.38413e-10
-6.7006e-10
5.85647e-10
-4.86359e-10
3.73879e-10
-2.50394e-10
1.1858e-10
1.84325e-11
-1.5711e-10
2.93595e-10
-4.23802e-10
5.43537e-10
-6.48638e-10
7.35127e-10
-7.99379e-10
8.3829e-10
-8.49453e-10
8.31314e-10
-7.83323e-10
7.06045e-10
-6.01243e-10
4.7191e-10
-3.22253e-10
1.5761e-10
1.56898e-11
-1.90533e-10
3.59293e-10
-5.14156e-10
6.47485e-10
-7.52227e-10
8.22319e-10
-8.53088e-10
8.41613e-10
-7.87027e-10
6.90728e-10
-5.56477e-10
3.9037e-10
-2.00657e-10
-2.58756e-12
2.07939e-10
-4.03231e-10
5.76276e-10
-7.1564e-10
8.11462e-10
-8.56214e-10
8.45392e-10
-7.78035e-10
6.57046e-10
-4.89252e-10
2.85174e-10
-5.84992e-11
-1.74745e-10
3.97264e-10
-5.91768e-10
7.42354e-10
-8.35881e-10
8.63233e-10
-8.20346e-10
7.08875e-10
-5.36411e-10
3.16185e-10
-6.62379e-11
-1.91925e-10
4.35109e-10
-6.40505e-10
7.87886e-10
-8.61728e-10
8.53006e-10
-7.60491e-10
5.91319e-10
-3.60749e-10
9.10313e-11
1.90555e-10
-4.54358e-10
6.71468e-10
-8.16959e-10
8.7293e-10
-8.30932e-10
6.93468e-10
-4.74292e-10
1.97374e-10
1.05451e-10
-3.9798e-10
6.43918e-10
-8.11456e-10
8.77579e-10
-8.31511e-10
6.76759e-10
-4.31381e-10
1.26278e-10
1.9839e-10
-4.98323e-10
7.31103e-10
-8.62346e-10
8.71061e-10
-7.53378e-10
5.23955e-10
-2.14673e-10
-1.29394e-10
4.56293e-10
-7.14976e-10
8.63415e-10
-8.75744e-10
7.47213e-10
-4.95938e-10
1.60949e-10
2.03415e-10
-5.36064e-10
7.79367e-10
-8.89364e-10
8.44131e-10
-6.48681e-10
3.35242e-10
4.14268e-11
-4.13186e-10
7.10681e-10
-8.76424e-10
8.76315e-10
-7.07247e-10
3.99044e-10
-9.94243e-12
-3.83882e-10
7.02999e-10
-8.80874e-10
8.78186e-10
-6.92203e-10
3.58858e-10
5.33583e-11
-4.56905e-10
7.63583e-10
-9.04024e-10
8.4396e-10
-5.93376e-10
2.05989e-10
2.31425e-10
-6.17977e-10
8.61899e-10
-9.02763e-10
7.2725e-10
-3.74213e-10
-7.28656e-11
5.04887e-10
-8.1352e-10
9.18675e-10
-7.90074e-10
4.56949e-10
-2.64329e-12
-4.55345e-10
7.95384e-10
-9.2427e-10
8.03589e-10
-4.62262e-10
-8.99869e-12
4.80811e-10
-8.20244e-10
9.28588e-10
-7.70988e-10
3.88862e-10
1.09532e-10
-5.78766e-10
8.78396e-10
-9.155e-10
6.74642e-10
-2.25324e-10
-2.9661e-10
7.29195e-10
-9.34602e-10
8.43916e-10
-4.81661e-10
-3.89625e-11
5.50135e-10
-8.83027e-10
9.24062e-10
-6.54987e-10
1.62266e-10
3.89021e-10
-8.09589e-10
9.51103e-10
-7.59673e-10
2.98078e-10
2.72852e-10
-7.4905e-10
9.56048e-10
-8.13969e-10
3.70155e-10
2.14395e-10
-7.21972e-10
9.58982e-10
-8.30824e-10
3.81567e-10
2.18804e-10
-7.37111e-10
9.67269e-10
-8.13362e-10
3.31684e-10
2.8733e-10
-7.92799e-10
9.74929e-10
-7.53475e-10
2.15352e-10
4.1692e-10
-8.75782e-10
9.62057e-10
-6.33188e-10
2.65489e-11
5.9546e-10
-9.57834e-10
8.95324e-10
-4.30076e-10
-2.32804e-10
7.93477e-10
-9.92594e-10
7.32824e-10
-1.29158e-10
-5.3899e-10
9.55575e-10
-9.18016e-10
4.38155e-10
2.5723e-10
-8.31109e-10
9.9913e-10
-6.72366e-10
7.45556e-12
6.65268e-10
-1.00453e-09
8.32362e-10
-2.30518e-10
-4.94579e-10
9.65664e-10
-9.31332e-10
4.02995e-10
3.43791e-10
-9.10208e-10
9.86933e-10
-5.25552e-10
-2.27503e-10
8.59231e-10
-1.01581e-09
6.03007e-10
1.53283e-10
-8.26924e-10
1.0305e-09
-6.40242e-10
-1.24716e-10
8.2134e-10
-1.03794e-09
6.39613e-10
1.43554e-10
-8.45123e-10
1.03878e-09
-5.99699e-10
-2.1056e-10
8.95558e-10
-1.02701e-09
5.15285e-10
3.24891e-10
-9.63781e-10
9.89989e-10
-3.78711e-10
-4.81912e-10
1.03332e-09
-9.09203e-10
1.82958e-10
6.69613e-10
-1.07874e-09
7.62729e-10
7.31379e-11
-8.64238e-10
1.06579e-09
-5.30701e-10
-3.77553e-10
1.0267e-09
-9.55215e-10
2.04687e-10
6.96903e-10
-1.10273e-09
7.12599e-10
1.99282e-10
-9.7078e-10
1.03073e-09
-3.25585e-10
-6.27349e-10
1.11455e-09
-7.6144e-10
-1.73729e-10
9.81746e-10
-1.03803e-09
2.89423e-10
6.89881e-10
-1.13366e-09
6.84477e-10
3.1178e-10
-1.06505e-09
9.66034e-10
-8.41775e-11
-8.71954e-10
1.11966e-09
-4.45796e-10
-6.02231e-10
1.15453e-09
-7.41203e-10
-3.00781e-10
1.09404e-09
-9.57497e-10
-3.12233e-12
9.67355e-10
-1.0964e-09
2.66864e-10
8.03054e-10
-1.16903e-09
4.96296e-10
6.25489e-10
-1.19115e-09
6.81066e-10
4.53254e-10
-1.17961e-09
8.23072e-10
2.99225e-10
-1.14996e-09
9.2759e-10
1.715e-10
-1.11529e-09
1.00111e-09
7.46981e-11
-1.08574e-09
1.04975e-09
1.12571e-11
-1.06849e-09
1.07813e-09
-1.74789e-11
-1.06794e-09
1.08871e-09
-1.05171e-11
-1.08585e-09
1.08139e-09
3.31351e-11
-1.12126e-09
1.05329e-09
1.14375e-10
-1.17025e-09
9.98845e-10
2.33436e-10
-1.22546e-09
9.10224e-10
3.88805e-10
-1.27557e-09
7.78203e-10
5.75652e-10
-1.30494e-09
5.93806e-10
7.83873e-10
-1.29377e-09
3.50848e-10
9.96059e-10
-1.21944e-09
4.95015e-11
1.18597e-09
-1.05944e-09
-2.9936e-10
1.31847e-09
-7.96545e-10
-6.69786e-10
1.35209e-09
-4.2623e-10
-1.01782e-09
1.24559e-09
3.45552e-11
-1.28232e-09
9.69219e-10
5.39363e-10
-1.39211e-09
5.19971e-10
1.00894e-09
-1.28183e-09
-6.22079e-11
1.33772e-09
-9.16178e-10
-6.83724e-10
1.41478e-09
-3.18477e-10
-1.20123e-09
1.1607e-09
4.07076e-10
-1.44913e-09
5.73844e-10
1.07487e-09
-1.29409e-09
-2.3066e-10
1.45505e-09
-7.06802e-10
-1.01543e-09
1.35433e-09
1.77109e-10
-1.47501e-09
7.23303e-10
1.04999e-09
-1.35684e-09
-2.57292e-10
1.51842e-09
-6.16291e-10
-1.18012e-09
1.2856e-09
4.75806e-10
-1.55761e-09
3.63559e-10
1.37675e-09
-1.09258e-09
-8.20471e-10
1.5229e-09
5.75519e-11
-1.56495e-09
7.10617e-10
1.23492e-09
-1.30549e-09
-6.33303e-10
1.6097e-09
-9.26864e-11
-1.58278e-09
7.89508e-10
1.25589e-09
-1.33022e-09
-7.12281e-10
1.63436e-09
6.14421e-11
-1.67378e-09
5.85896e-10
1.46711e-09
-1.13694e-09
-1.06691e-09
1.52806e-09
5.44115e-10
-1.72823e-09
2.66441e-11
1.73623e-09
-5.78487e-10
-1.57388e-09
1.05949e-09
1.27787e-09
-1.43557e-09
-8.91342e-10
1.68993e-09
4.56054e-10
-1.822e-09
-7.05987e-12
1.84981e-09
-4.17936e-10
-1.79873e-09
7.56939e-10
1.62532e-09
-1.01302e-09
-1.19108e-09
1.57205e-09
8.88191e-10
-2.7593e-09
-2.4746e-09
1.77981e-09
4.79076e-09
6.43491e-09
5.99221e-09
-6.0619e-09
-3.24804e-08
-4.87471e-08
-1.44945e-08
8.60951e-08
2.03983e-07
2.1088e-07
-4.58896e-08
-5.77957e-07
-1.05518e-06
-8.10881e-07
7.14407e-07
3.17412e-06
4.73945e-06
2.6313e-06
-4.72043e-06
-1.4683e-05
-1.91058e-05
-7.74347e-06
2.28627e-05
5.95066e-05
7.0813e-05
2.27942e-05
-8.98731e-05
-0.000214834
-0.000245151
-7.62962e-05
0.000295867
0.000696387
0.000796635
0.000292885
-0.000815745
-0.00202467
-0.00241565
-0.00114695
0.00182357
0.00523184
0.00674116
0.00413411
-0.00295278
-0.0117919
-0.0169941
-0.0130799
0.00168642
0.0223801
0.0378597
0.0356531
0.00971216
-0.0330863
-0.0724739
-0.0828012
-0.0472391
0.0288467
0.114004
0.161531
0.132638
0.0213353
-0.133296
-0.257775
-0.277047
-0.155619
0.0744452
0.31688
0.449933
0.385587
0.120875
-0.247117
-0.555535
-0.648005
-0.452439
-0.025688
0.460484
0.790341
0.801794
0.465404
-0.0940023
-0.645999
-0.953455
-0.877381
-0.439958
0.183134
0.737634
0.999085
0.866579
0.401574
-0.202889
-0.706409
-0.920543
-0.780868
-0.363899
0.153741
0.572374
0.748131
0.642015
0.323084
-0.0701114
-0.389606
-0.53364
-0.47721
-0.269687
-0.0055152
0.216725
0.329785
0.315697
0.20289
0.0474739
-0.0914606
-0.172524
-0.182215
-0.133318
-0.0547053
0.0219407
0.0731974
0.0895079
0.0747824
0.0416605
0.00515753
-0.0227551
-0.0360939
-0.0350518
-0.0241546
-0.00957682
0.00326419
0.0111443
0.013336
0.0110376
0.00638767
0.00151
-0.00211961
-0.00389525
-0.00396151
-0.00290782
-0.00143616
-0.000113794
0.00074391
0.00107227
0.00098194
0.000660042
0.000286537
-1.4875e-05
-0.000190084
-0.000242235
-0.000207656
-0.000131908
-5.301e-05
6.18668e-06
3.8046e-05
4.57951e-05
3.79204e-05
2.34867e-05
9.33804e-06
-8.30785e-07
-6.09233e-06
-7.29031e-06
-5.99349e-06
-3.7237e-06
-1.55408e-06
-2.13523e-08
7.6907e-07
9.66178e-07
8.09177e-07
5.16943e-07
2.36881e-07
3.90172e-08
-6.50617e-08
-9.60534e-08
-8.46343e-08
-5.75085e-08
-3.16613e-08
-1.43706e-08
-6.07742e-09
-3.83743e-09
-4.04523e-09
-3.99022e-09
-2.36255e-09
9.25245e-10
5.21665e-09
9.60649e-09
1.33012e-08
1.5803e-08
1.69436e-08
1.68237e-08
1.57115e-08
1.39427e-08
1.18428e-08
9.67974e-09
7.64471e-09
5.8527e-09
4.355e-09
3.15643e-09
2.23235e-09
1.54295e-09
1.04361e-09
6.91532e-10
4.49375e-10
2.86621e-10
1.79576e-10
1.10595e-10
6.69941e-11
3.99394e-11
2.34451e-11
1.3558e-11
7.72704e-12
4.34191e-12
2.40634e-12
1.31579e-12
7.10084e-13
3.78312e-13
1.99034e-13
1.03432e-13
5.31048e-14
2.69442e-14
1.35126e-14
6.69953e-15
3.28446e-15
1.59248e-15
7.63754e-16
3.62384e-16
1.70133e-16
7.90456e-17
3.63494e-17
1.65465e-17
7.45691e-18
3.32744e-18
1.47032e-18
6.43451e-19
2.7891e-19
1.19759e-19
5.09434e-20
2.14708e-20
8.96661e-21
3.71081e-21
1.52198e-21
6.18706e-22
2.49305e-22
9.95825e-23
3.94343e-23
1.54824e-23
6.02706e-24
2.32652e-24
8.90577e-25
3.38087e-25
1.27294e-25
4.75371e-26
1.76089e-26
6.47043e-27
2.35862e-27
8.52971e-28
3.06044e-28
1.08951e-28
3.84854e-29
1.34897e-29
4.69218e-30
1.61968e-30
5.5487e-31
1.88659e-31
6.36661e-32
2.13257e-32
7.09058e-33
2.34024e-33
7.66762e-34
2.494e-34
8.05354e-35
2.58195e-35
8.2186e-36
2.59747e-36
8.15124e-37
2.53999e-37
7.85944e-38
2.41499e-38
7.36922e-39
2.23317e-39
6.72093e-40
2.00891e-40
5.96387e-41
1.75851e-41
5.15021e-42
1.49824e-42
4.32937e-43
1.24271e-43
3.54345e-44
1.00371e-44
2.82441e-45
7.89578e-46
2.19292e-46
6.0509e-47
1.65882e-47
4.51826e-48
1.22278e-48
3.28804e-49
8.78517e-50
2.33237e-50
6.15304e-51
1.61301e-51
4.2019e-52
1.08775e-52
2.7983e-53
7.15404e-54
1.81765e-54
4.58962e-55
1.15176e-55
2.87261e-56
7.12077e-57
1.75437e-57
4.29602e-58
1.04562e-58
2.52958e-59
6.08277e-60
1.45391e-60
3.45435e-61
8.1582e-62
1.91527e-62
4.46971e-63
1.03693e-63
2.39139e-64
5.48261e-65
1.24959e-65
2.83137e-66
6.37796e-67
1.42834e-67
3.18016e-68
7.03952e-69
1.54925e-69
3.3899e-70
7.37476e-71
1.59518e-71
3.43068e-72
7.33607e-73
1.55979e-73
3.29756e-74
6.93187e-75
1.44892e-75
3.01148e-76
6.22392e-77
1.27909e-77
2.61393e-78
5.31192e-79
1.07344e-79
2.15713e-80
4.31078e-81
8.56679e-82
1.69305e-82
3.32746e-83
6.50364e-84
1.26416e-84
2.44375e-85
4.6981e-86
8.98266e-87
1.70808e-87
3.23027e-88
6.07574e-89
1.13656e-89
2.1146e-90
3.91295e-91
7.20157e-92
1.31826e-92
2.40011e-93
4.34631e-94
7.82839e-95
1.40246e-95
2.49908e-96
4.42939e-97
7.80884e-98
1.36934e-98
2.38847e-99
4.14398e-100
7.15169e-101
1.22771e-101
2.09644e-102
3.56099e-103
6.01681e-104
1.01128e-104
1.69078e-105
2.81203e-106
4.65235e-107
7.65677e-108
1.25356e-108
2.0416e-109
3.30772e-110
5.33115e-111
8.54771e-112
1.36338e-112
2.16336e-113
3.41495e-114
5.36276e-115
8.37805e-116
1.30212e-116
2.01333e-117
3.09696e-118
4.73935e-119
7.21548e-120
1.09289e-120
1.64686e-121
2.46893e-122
3.68241e-123
5.46426e-124
8.06693e-125
1.18485e-125
1.73142e-126
2.51724e-127
3.6411e-128
5.23998e-129
7.50267e-130
1.0688e-130
1.51484e-131
2.13618e-132
2.99713e-133
4.18381e-134
5.81088e-135
8.02998e-136
1.10406e-136
1.51035e-137
2.05576e-138
2.78404e-139
3.7514e-140
5.02948e-141
6.70917e-142
8.90495e-143
1.17601e-143
1.5453e-144
2.02039e-145
2.62833e-146
3.40211e-147
4.38171e-148
5.61519e-149
7.16001e-150
9.08432e-151
1.14684e-151
1.4406e-152
1.8006e-153
2.23937e-154
2.77121e-155
3.41232e-156
4.18087e-157
5.0971e-158
6.18327e-159
7.4637e-160
8.96462e-161
1.0714e-161
1.27413e-162
1.50772e-163
1.77531e-164
2.08004e-165
2.42502e-166
2.81324e-167
3.24749e-168
3.73023e-169
4.26357e-170
4.8491e-171
5.48782e-172
6.18001e-173
6.92518e-174
7.72191e-175
8.56785e-176
9.45958e-177
1.03926e-177
1.13614e-178
1.23594e-179
1.33787e-180
1.44108e-181
1.5446e-182
1.64741e-183
1.7484e-184
1.84646e-185
1.94041e-186
2.0291e-187
2.11141e-188
2.18624e-189
2.25258e-190
2.30951e-191
2.35623e-192
2.39206e-193
2.41649e-194
2.42915e-195
2.42986e-196
2.41862e-197
2.39557e-198
2.36106e-199
2.3156e-200
2.25984e-201
2.19455e-202
2.12067e-203
2.03917e-204
1.95116e-205
1.85774e-206
1.76009e-207
1.65935e-208
1.55667e-209
1.45315e-210
1.34982e-211
1.24765e-212
1.14754e-213
1.05025e-214
9.5646e-216
8.6675e-217
7.81576e-218
7.01292e-219
6.26146e-220
5.5629e-221
4.91784e-222
4.32609e-223
3.78671e-224
3.29819e-225
2.85847e-226
2.4651e-227
2.11534e-228
1.80621e-229
1.53461e-230
1.29738e-231
1.09138e-232
9.13531e-234
7.60866e-235
6.30566e-236
5.19981e-237
4.26658e-238
3.48341e-239
2.82984e-240
2.28745e-241
1.83979e-242
1.47237e-243
1.17244e-244
9.28946e-246
7.32345e-247
5.74465e-248
4.48368e-249
3.48198e-250
2.69052e-251
2.06854e-252
1.58237e-253
1.2044e-254
9.12099e-256
6.87269e-257
5.15254e-258
3.84349e-259
2.85257e-260
2.10645e-261
1.54764e-262
1.13134e-263
8.22837e-265
5.95434e-266
4.28696e-267
3.07086e-268
2.18859e-269
1.55188e-270
1.09482e-271
7.68446e-273
5.36622e-274
3.72827e-275
2.57707e-276
1.77225e-277
1.21255e-278
8.25373e-280
5.5895e-281
3.76587e-282
2.52421e-283
1.68326e-284
1.11671e-285
7.37042e-287
4.83951e-288
3.16131e-289
2.05441e-290
1.32818e-291
8.54236e-293
5.46568e-294
3.479e-295
2.20296e-296
1.3877e-297
8.69604e-299
5.42102e-300
3.36179e-301
2.0739e-302
1.27271e-303
7.76955e-305
4.71824e-306
2.85023e-307
1.71275e-308
1.02381e-309
6.08764e-311
3.60069e-312
2.11847e-313
1.23982e-314
7.21751e-316
4.17926e-317
2.40666e-318
1.37736e-319
7.44557e-321
0
0
0
0
0
0
0
0
0
0
0
0
0
0
0
0
0
0
0
0
0
0
0
0
0
0
0
0
0
0
0
0
0
0
0
0
0
0
0
0
0
0
0
0
0
0
0
0
0
0
0
0
0
0
0
0
0
0
0
0
0
0
0
0
0
0
0
0
0
0
0
0
0
0
0
0
0
0
0
0
0
0
0
0
0
0
0
0
0
0
0
0
0
0
0
0
0
0
0
0
0
0
0
0
0
0
0
0
0
0
0
0
0
0
0
0
0
0
0
0
0
0
0
0
0
0
0
0
0
0
0
0
0
0
0
0
0
0
0
0
0
0
0
0
0
0
0
0
0
0
0
0
0
0
0
0
0
0
0
0
0
0
0
0
0
0
0
0
0
0
0
0
0
0
0
0
0
0
0
0
0
0
0
0
0
0
