0
2.52354e-16
3.62301e-15
2.30671e-14
4.20818e-14
4.41194e-13
-2.23109e-12
6.42682e-12
-8.62099e-12
4.33753e-12
4.21954e-12
-1.20333e-11
1.63405e-11
-1.76301e-11
1.72469e-11
-1.62827e-11
1.57402e-11
-1.69263e-11
1.94201e-11
-2.02796e-11
1.60601e-11
-7.21678e-12
-1.33905e-12
4.11831e-12
-3.81424e-13
-5.73987e-12
9.1312e-12
-7.88349e-12
2.96947e-12
3.6778e-12
-1.04564e-11
1.53189e-11
-1.67038e-11
1.52957e-11
-1.47407e-11
1.8071e-11
-2.40995e-11
2.74604e-11
-2.39152e-11
1.4397e-11
-4.35885e-12
-1.34983e-12
1.45977e-12
2.14694e-12
-7.00013e-12
1.04885e-11
-1.01048e-11
4.49556e-12
4.15942e-12
-1.11086e-11
1.29444e-11
-1.15347e-11
1.21478e-11
-1.81848e-11
2.72881e-11
-3.38012e-11
3.35304e-11
-2.66801e-11
1.62058e-11
-5.82929e-12
-1.10871e-12
1.8569e-12
3.55306e-12
-1.10809e-11
1.44326e-11
-1.05062e-11
2.12515e-12
4.49819e-12
-6.14303e-12
5.15163e-12
-6.7634e-12
1.37454e-11
-2.47425e-11
3.57547e-11
-4.27915e-11
4.25788e-11
-3.38816e-11
1.90706e-11
-4.83333e-12
-1.75671e-12
-1.46329e-12
9.45025e-12
-1.46047e-11
1.30587e-11
-7.32487e-12
2.38892e-12
-1.01471e-12
1.84735e-12
-1.61059e-12
-2.95383e-12
1.35853e-11
-2.96072e-11
4.62685e-11
-5.60049e-11
5.28183e-11
-3.78243e-11
1.92279e-11
-6.69255e-12
4.07645e-12
-8.10536e-12
1.23934e-11
-1.30779e-11
1.02577e-11
-6.62405e-12
4.87657e-12
-6.53374e-12
1.03118e-11
-1.17146e-11
4.62939e-12
1.35077e-11
-3.80432e-11
5.83699e-11
-6.52098e-11
5.68547e-11
-3.99273e-11
2.36108e-11
-1.39027e-11
1.11864e-11
-1.2323e-11
1.32234e-11
-1.1409e-11
7.18254e-12
-4.11177e-12
6.34228e-12
-1.4611e-11
2.33426e-11
-2.35693e-11
9.35812e-12
1.66054e-11
-4.43624e-11
6.287e-11
-6.67964e-11
5.80609e-11
-4.33657e-11
2.96045e-11
-2.10384e-11
1.77236e-11
-1.64772e-11
1.32085e-11
-6.86757e-12
9.70881e-13
-1.49706e-12
1.10438e-11
-2.52623e-11
3.43602e-11
-2.99485e-11
1.06548e-11
1.68723e-11
-4.26898e-11
5.87843e-11
-6.24311e-11
5.58079e-11
-4.43761e-11
3.37721e-11
-2.71336e-11
2.3169e-11
-1.8042e-11
9.36528e-12
1.00134e-13
-4.04183e-12
-2.20626e-12
1.65597e-11
-3.10357e-11
3.68e-11
-2.98051e-11
1.18507e-11
1.1264e-11
-3.29027e-11
4.73444e-11
-5.1866e-11
4.78122e-11
-4.0168e-11
3.36193e-11
-2.90694e-11
2.34032e-11
-1.41117e-11
2.97436e-12
4.44189e-12
-3.87542e-12
-4.30663e-12
1.56151e-11
-2.51406e-11
2.93081e-11
-2.61036e-11
1.48667e-11
2.02078e-12
-1.91211e-11
3.05138e-11
-3.41874e-11
3.25976e-11
-2.9542e-11
2.60894e-11
-2.10239e-11
1.37311e-11
-6.24239e-12
1.0441e-12
1.20115e-12
-1.64772e-12
5.00683e-13
3.33717e-12
-1.01464e-11
1.69071e-11
-1.91646e-11
1.47034e-11
-5.73997e-12
-3.58643e-12
1.02609e-11
-1.35486e-11
1.32746e-11
-9.58583e-12
3.91373e-12
2.58147e-13
-1.74539e-13
-3.28011e-12
5.4489e-12
-2.46212e-12
-4.99714e-12
1.18361e-11
-1.32986e-11
8.45122e-12
-3.96467e-13
-6.86881e-12
1.05419e-11
-1.00572e-11
6.78286e-12
-4.1233e-12
5.79159e-12
-1.31635e-11
2.26867e-11
-2.76427e-11
2.29837e-11
-1.03142e-11
-2.76661e-12
7.82961e-12
-1.9295e-12
-1.10362e-11
2.3394e-11
-2.90696e-11
2.62463e-11
-1.74595e-11
7.1744e-12
4.46035e-13
-4.14941e-12
6.41277e-12
-1.22657e-11
2.47543e-11
-4.12147e-11
5.32631e-11
-5.2763e-11
3.82728e-11
-1.71726e-11
3.91159e-13
4.6216e-12
2.13695e-12
-1.53621e-11
2.83053e-11
-3.60385e-11
3.62951e-11
-3.02061e-11
2.14527e-11
-1.39669e-11
8.01328e-12
3.46301e-13
-1.55176e-11
3.64028e-11
-5.55158e-11
6.38765e-11
-5.80952e-11
4.2065e-11
-2.35441e-11
8.96384e-12
-1.85147e-12
3.09758e-12
-1.15145e-11
2.30849e-11
-3.24164e-11
3.5729e-11
-3.35278e-11
2.87297e-11
-2.3034e-11
1.49023e-11
-2.3633e-12
-1.37732e-11
2.93273e-11
-4.01904e-11
4.47204e-11
-4.35986e-11
3.7472e-11
-2.69164e-11
1.38429e-11
-2.68802e-12
-1.9649e-12
-1.53665e-12
1.03207e-11
-1.93679e-11
2.44808e-11
-2.42865e-11
1.94794e-11
-1.21019e-11
4.69513e-12
5.99039e-14
-1.20168e-12
5.27779e-13
-1.9884e-12
7.94634e-12
-1.64046e-11
2.14362e-11
-1.82368e-11
7.45275e-12
4.53149e-12
-1.0806e-11
8.89224e-12
-2.17491e-12
-3.60982e-12
4.10574e-12
1.35009e-12
-1.00804e-11
1.67174e-11
-1.55564e-11
3.86412e-12
1.45311e-11
-3.04569e-11
3.5227e-11
-2.76835e-11
1.47694e-11
-5.76174e-12
4.72742e-12
-9.03137e-12
1.31994e-11
-1.4259e-11
1.28334e-11
-1.16782e-11
1.3426e-11
-1.98441e-11
3.02045e-11
-4.01757e-11
4.24765e-11
-3.1715e-11
8.96561e-12
1.7592e-11
-3.82334e-11
4.76508e-11
-4.71484e-11
4.11387e-11
-3.33375e-11
2.52759e-11
-1.80654e-11
1.31856e-11
-1.20456e-11
1.44579e-11
-1.91423e-11
2.47989e-11
-3.11236e-11
3.75187e-11
-4.20314e-11
4.13334e-11
-3.3194e-11
1.80998e-11
6.79667e-13
-1.932e-11
3.45123e-11
-4.36288e-11
4.42071e-11
-3.57665e-11
2.17245e-11
-9.35875e-12
5.11823e-12
-9.8421e-12
1.78131e-11
-2.20053e-11
1.96185e-11
-1.37182e-11
9.28445e-12
-9.22691e-12
1.28229e-11
-1.73884e-11
1.94475e-11
-1.60603e-11
6.28743e-12
6.42057e-12
-1.51844e-11
1.42149e-11
-4.53361e-12
-6.09375e-12
9.00384e-12
-2.14193e-12
-8.64888e-12
1.44115e-11
-1.01199e-11
-2.84445e-12
1.84696e-11
-3.02769e-11
3.37313e-11
-2.77413e-11
1.46041e-11
5.74464e-13
-1.26624e-11
1.91889e-11
-2.18119e-11
2.39388e-11
-2.73211e-11
2.98899e-11
-2.80957e-11
2.06319e-11
-1.07151e-11
3.64988e-12
-3.1423e-12
9.06959e-12
-1.92793e-11
3.15889e-11
-4.4183e-11
5.36109e-11
-5.50056e-11
4.48631e-11
-2.48076e-11
1.08925e-12
1.90803e-11
-3.17106e-11
3.63457e-11
-3.47084e-11
2.92655e-11
-2.35027e-11
2.0671e-11
-2.16098e-11
2.31569e-11
-2.11552e-11
1.50116e-11
-9.72847e-12
1.14845e-11
-2.16555e-11
3.43178e-11
-4.07341e-11
3.56884e-11
-2.12021e-11
4.24192e-12
7.80579e-12
-1.13104e-11
7.19932e-12
-1.54016e-13
-4.06765e-12
1.31435e-12
8.02262e-12
-1.88339e-11
2.3814e-11
-1.87025e-11
5.37981e-12
9.11983e-12
-1.82465e-11
2.03148e-11
-1.86056e-11
1.66318e-11
-1.47678e-11
1.06446e-11
-2.98777e-12
-6.82604e-12
1.60765e-11
-2.34417e-11
2.86576e-11
-3.0909e-11
2.81021e-11
-1.95392e-11
7.90282e-12
1.36095e-12
-3.76127e-12
-2.19256e-12
1.5059e-11
-3.20929e-11
4.90665e-11
-6.0319e-11
6.02051e-11
-4.72469e-11
2.6231e-11
-6.13332e-12
-6.25727e-12
1.06271e-11
-1.24825e-11
1.73132e-11
-2.58591e-11
3.35066e-11
-3.48779e-11
2.82822e-11
-1.72976e-11
7.82908e-12
-4.70859e-12
9.24597e-12
-1.92985e-11
2.97584e-11
-3.47035e-11
3.03086e-11
-1.83156e-11
5.64787e-12
-4.40506e-14
3.73445e-12
-1.19964e-11
1.72438e-11
-1.55455e-11
8.34212e-12
3.77912e-13
-8.18793e-12
1.42736e-11
-1.75937e-11
1.57624e-11
-7.40215e-12
-5.82944e-12
1.93708e-11
-2.90699e-11
3.33449e-11
-3.32586e-11
3.01924e-11
-2.47772e-11
1.68118e-11
-6.4447e-12
-5.78599e-12
1.87225e-11
-3.06381e-11
3.83581e-11
-3.80627e-11
2.76191e-11
-1.02843e-11
-5.1724e-12
8.88897e-12
2.67571e-12
-2.37766e-11
4.30906e-11
-5.20958e-11
4.9861e-11
-4.17261e-11
3.34482e-11
-2.76749e-11
2.37979e-11
-2.01995e-11
1.50239e-11
-6.93583e-12
-4.06811e-12
1.52561e-11
-2.25125e-11
2.32401e-11
-1.90789e-11
1.44117e-11
-1.27561e-11
1.3623e-11
-1.38169e-11
1.0658e-11
-4.62551e-12
-1.9325e-12
7.13514e-12
-1.09517e-11
1.32816e-11
-1.22824e-11
4.81311e-12
9.61341e-12
-2.6286e-11
3.67402e-11
-3.48504e-11
2.12792e-11
-3.24733e-12
-1.07072e-11
1.5124e-11
-9.34462e-12
-3.89139e-12
1.96381e-11
-3.26323e-11
3.93564e-11
-4.057e-11
4.04134e-11
-4.25814e-11
4.57802e-11
-4.43579e-11
3.32493e-11
-1.3587e-11
-7.46167e-12
2.15521e-11
-2.52368e-11
2.12078e-11
-1.53603e-11
1.19571e-11
-1.2048e-11
1.45297e-11
-1.84664e-11
2.29356e-11
-2.61842e-11
2.53589e-11
-1.90312e-11
9.11411e-12
-6.04264e-13
-2.04517e-12
-2.42231e-12
1.16633e-11
-2.1975e-11
2.93864e-11
-3.03572e-11
2.26218e-11
-7.8678e-12
-7.73964e-12
1.64992e-11
-1.50271e-11
6.59441e-12
1.80397e-12
-6.11631e-12
8.37838e-12
-1.43563e-11
2.71098e-11
-4.35033e-11
5.57062e-11
-5.70188e-11
4.59906e-11
-2.69347e-11
6.38315e-12
1.00439e-11
-1.93728e-11
2.08576e-11
-1.62568e-11
9.54446e-12
-5.79473e-12
7.87803e-12
-1.47612e-11
2.2455e-11
-2.76512e-11
2.92897e-11
-2.78587e-11
2.34606e-11
-1.66119e-11
9.80824e-12
-7.70646e-12
1.32612e-11
-2.42157e-11
3.32407e-11
-3.35189e-11
2.39633e-11
-1.02234e-11
-3.52968e-13
4.256e-12
-4.06041e-12
4.79289e-12
-9.00025e-12
1.4065e-11
-1.47886e-11
7.3619e-12
7.87377e-12
-2.72553e-11
4.52411e-11
-5.62292e-11
5.58954e-11
-4.37699e-11
2.42711e-11
-5.20099e-12
-7.15666e-12
1.13683e-11
-1.05804e-11
8.45118e-12
-6.78371e-12
5.96192e-12
-7.29568e-12
1.25313e-11
-2.15485e-11
3.03151e-11
-3.32123e-11
2.74356e-11
-1.64751e-11
7.98079e-12
-8.20782e-12
1.67557e-11
-2.73339e-11
3.28398e-11
-3.09657e-11
2.45484e-11
-1.8198e-11
1.4103e-11
-1.1547e-11
8.35995e-12
-2.98399e-12
-5.16283e-12
1.4823e-11
-2.24954e-11
2.28749e-11
-1.24038e-11
-7.50796e-12
2.99897e-11
-4.69848e-11
5.37385e-11
-5.07875e-11
4.14984e-11
-2.92113e-11
1.58574e-11
-3.5901e-12
-4.45646e-12
5.44832e-12
-4.50772e-13
-4.7715e-12
3.02312e-12
8.03901e-12
-2.341e-11
3.39915e-11
-3.39974e-11
2.48778e-11
-1.35407e-11
6.35131e-12
-5.6126e-12
9.61811e-12
-1.54449e-11
2.04242e-11
-2.30654e-11
2.30865e-11
-2.18347e-11
2.1069e-11
-2.14718e-11
2.11771e-11
-1.70681e-11
7.29446e-12
6.0345e-12
-1.76356e-11
2.21019e-11
-1.76546e-11
6.28115e-12
8.53971e-12
-2.46327e-11
4.03876e-11
-5.27574e-11
5.66662e-11
-4.90037e-11
3.26893e-11
-1.66598e-11
9.4378e-12
-1.27321e-11
2.0039e-11
-2.23048e-11
1.44474e-11
1.45364e-12
-1.88259e-11
3.10113e-11
-3.49017e-11
3.09446e-11
-2.188e-11
1.09473e-11
-1.50489e-12
-3.9394e-12
4.44621e-12
-1.4064e-12
-2.91887e-12
7.05383e-12
-1.13002e-11
1.59701e-11
-1.99608e-11
2.09048e-11
-1.79028e-11
1.25229e-11
-7.33868e-12
2.82535e-12
2.38948e-12
-8.6837e-12
1.25347e-11
-8.47359e-12
-6.15259e-12
2.70742e-11
-4.49593e-11
5.14473e-11
-4.55807e-11
3.40984e-11
-2.62017e-11
2.63973e-11
-3.24277e-11
3.81979e-11
-3.89519e-11
3.3046e-11
-2.11717e-11
4.67684e-12
1.37917e-11
-2.98488e-11
3.81948e-11
-3.58372e-11
2.38345e-11
-6.90999e-12
-9.41551e-12
2.0732e-11
-2.49904e-11
2.23619e-11
-1.54177e-11
8.05293e-12
-4.02858e-12
4.4074e-12
-6.73722e-12
6.35133e-12
-6.57904e-13
-8.07698e-12
1.37588e-11
-1.21776e-11
5.15555e-12
3.64935e-13
1.30569e-12
-9.88928e-12
1.96135e-11
-2.49477e-11
2.47941e-11
-2.24163e-11
2.12129e-11
-2.21124e-11
2.39248e-11
-2.62394e-11
3.01256e-11
-3.65062e-11
4.30593e-11
-4.43432e-11
3.50949e-11
-1.52389e-11
-9.00631e-12
2.82576e-11
-3.56596e-11
2.96606e-11
-1.38364e-11
-5.6766e-12
2.21683e-11
-3.09362e-11
3.11112e-11
-2.65167e-11
2.30259e-11
-2.4775e-11
3.10852e-11
-3.76149e-11
3.96825e-11
-3.57933e-11
2.74743e-11
-1.71002e-11
5.45135e-12
7.379e-12
-1.98831e-11
2.79367e-11
-2.77642e-11
1.96961e-11
-9.3835e-12
3.27816e-12
-3.28044e-12
5.16807e-12
-3.60042e-12
-2.32258e-12
7.64763e-12
-6.44874e-12
-2.83825e-12
1.54855e-11
-2.42664e-11
2.44535e-11
-1.68861e-11
6.09266e-12
3.14644e-12
-8.41864e-12
8.93372e-12
-4.6189e-12
-4.0026e-12
1.44107e-11
-2.26757e-11
2.54851e-11
-2.28703e-11
1.80532e-11
-1.56174e-11
1.87215e-11
-2.8161e-11
4.18509e-11
-5.52866e-11
6.21141e-11
-5.69517e-11
3.85934e-11
-1.22998e-11
-1.23585e-11
2.64051e-11
-2.69736e-11
1.82458e-11
-7.86906e-12
7.47341e-13
3.37754e-12
-7.65437e-12
1.32736e-11
-1.85054e-11
2.13979e-11
-2.3199e-11
2.71179e-11
-3.44996e-11
4.18305e-11
-4.30835e-11
3.46203e-11
-1.90883e-11
3.52722e-12
5.89502e-12
-8.75657e-12
9.45015e-12
-1.25025e-11
1.78732e-11
-2.15715e-11
1.95577e-11
-1.17613e-11
1.69608e-12
6.19589e-12
-9.41879e-12
7.44848e-12
-1.19934e-12
-7.64373e-12
1.61905e-11
-2.12128e-11
2.03397e-11
-1.37616e-11
4.07068e-12
4.65121e-12
-8.99477e-12
7.31359e-12
-3.43599e-13
-9.56246e-12
1.85974e-11
-2.25545e-11
1.85718e-11
-8.35548e-12
-1.30012e-12
1.82312e-12
1.06317e-11
-3.19648e-11
5.23168e-11
-6.28979e-11
6.08151e-11
-4.94301e-11
3.3991e-11
-1.80831e-11
2.98807e-12
9.56212e-12
-1.63172e-11
1.43795e-11
-5.28216e-12
-4.60375e-12
8.14587e-12
-3.84279e-12
-2.62398e-12
2.7098e-12
7.57726e-12
-2.48442e-11
4.12359e-11
-5.07717e-11
5.23844e-11
-4.88583e-11
4.28325e-11
-3.49095e-11
2.42581e-11
-1.13888e-11
-1.14457e-12
1.01554e-11
-1.46837e-11
1.60727e-11
-1.61294e-11
1.48097e-11
-1.09693e-11
4.07631e-12
4.35027e-12
-1.17917e-11
1.59205e-11
-1.59301e-11
1.24942e-11
-7.81609e-12
4.55994e-12
-4.93755e-12
9.0185e-12
-1.42608e-11
1.60115e-11
-1.05749e-11
-1.86976e-12
1.60695e-11
-2.50003e-11
2.44567e-11
-1.60554e-11
5.14713e-12
3.12491e-12
-6.73514e-12
5.53878e-12
6.39016e-13
-1.23996e-11
2.79807e-11
-4.17808e-11
4.61775e-11
-3.72179e-11
1.84817e-11
-1.05877e-13
-8.18348e-12
3.74577e-12
7.27144e-12
-1.5679e-11
1.61554e-11
-1.01623e-11
2.32716e-12
3.87862e-12
-7.61732e-12
8.10524e-12
-3.08375e-12
-1.00673e-11
3.04334e-11
-5.19294e-11
6.54933e-11
-6.52321e-11
5.2537e-11
-3.52598e-11
2.14979e-11
-1.45124e-11
1.19143e-11
-9.67389e-12
5.50687e-12
4.69018e-14
-5.50508e-12
9.66163e-12
-1.20087e-11
1.16432e-11
-7.32376e-12
-1.89435e-12
1.50218e-11
-2.92375e-11
4.09596e-11
-4.79818e-11
4.98755e-11
-4.76219e-11
4.22815e-11
-3.49178e-11
2.63479e-11
-1.72802e-11
7.69133e-12
2.44661e-12
-1.22386e-11
1.89266e-11
-1.95942e-11
1.35174e-11
-3.82122e-12
-4.50803e-12
7.89511e-12
-7.02169e-12
5.80547e-12
-8.22629e-12
1.46783e-11
-2.213e-11
2.69307e-11
-2.81398e-11
2.68342e-11
-2.34576e-11
1.60866e-11
-3.18604e-12
-1.29437e-11
2.53575e-11
-2.70412e-11
1.63733e-11
3.29135e-13
-1.28784e-11
1.41089e-11
-4.98475e-12
-7.40536e-12
1.58539e-11
-1.81608e-11
1.61523e-11
-1.1984e-11
5.67977e-12
2.70539e-12
-1.0455e-11
1.20894e-11
-3.87467e-12
-1.19165e-11
2.65002e-11
-3.03713e-11
2.01402e-11
-1.5814e-12
-1.48246e-11
2.09438e-11
-1.56711e-11
3.18833e-12
1.12467e-11
-2.45278e-11
3.48665e-11
-4.0351e-11
3.87456e-11
-3.0133e-11
1.84233e-11
-1.02504e-11
1.03502e-11
-1.80595e-11
2.70748e-11
-2.99769e-11
2.30289e-11
-8.56994e-12
-7.41299e-12
1.88991e-11
-2.26497e-11
1.80112e-11
-6.3748e-12
-9.61409e-12
2.60625e-11
-3.90769e-11
4.5895e-11
-4.62901e-11
4.2285e-11
-3.72815e-11
3.38743e-11
-3.27446e-11
3.23702e-11
-3.05476e-11
2.52958e-11
-1.58583e-11
2.98904e-12
1.02737e-11
-1.96733e-11
2.17194e-11
-1.61646e-11
5.67466e-12
6.02606e-12
-1.67847e-11
2.63555e-11
-3.54976e-11
4.38449e-11
-4.95859e-11
5.05822e-11
-4.68845e-11
4.07871e-11
-3.48133e-11
2.88556e-11
-2.08332e-11
9.46706e-12
2.99762e-12
-1.21489e-11
1.47431e-11
-1.17974e-11
7.45276e-12
-5.34338e-12
4.73799e-12
-1.2982e-12
-8.78978e-12
2.42442e-11
-3.92982e-11
4.80511e-11
-4.91356e-11
4.53132e-11
-3.99139e-11
3.32581e-11
-2.36641e-11
1.07779e-11
1.73204e-12
-8.4675e-12
6.94919e-12
-9.65718e-13
-2.24702e-12
-1.96445e-12
1.10008e-11
-1.721e-11
1.40683e-11
-1.62708e-12
-1.44482e-11
2.77379e-11
-3.57743e-11
3.94957e-11
-3.99658e-11
3.57313e-11
-2.49467e-11
9.05206e-12
5.52168e-12
-1.14009e-11
6.10403e-12
4.83776e-12
-1.19321e-11
8.85335e-12
2.59919e-12
-1.48572e-11
2.06237e-11
-1.79134e-11
9.32063e-12
1.46772e-12
-1.27202e-11
2.35859e-11
-3.18478e-11
3.30468e-11
-2.39901e-11
6.76096e-12
1.03562e-11
-1.81607e-11
1.3026e-11
1.6644e-13
-1.21498e-11
1.56605e-11
-9.83952e-12
-1.06972e-12
1.15236e-11
-1.83258e-11
2.05152e-11
-1.77939e-11
9.38325e-12
3.86661e-12
-1.75855e-11
2.46007e-11
-1.99228e-11
4.83156e-12
1.28919e-11
-2.40391e-11
2.34111e-11
-1.2781e-11
-1.31894e-12
1.18827e-11
-1.54363e-11
1.21054e-11
-3.91502e-12
-6.97523e-12
1.75494e-11
-2.37834e-11
2.19314e-11
-1.17782e-11
-2.25696e-12
1.26881e-11
-1.34728e-11
3.49067e-12
1.23171e-11
-2.61414e-11
3.16562e-11
-2.73813e-11
1.59791e-11
-2.10734e-12
-9.86603e-12
1.62843e-11
-1.50841e-11
6.4686e-12
6.23006e-12
-1.77403e-11
2.28072e-11
-1.92041e-11
9.07295e-12
1.56871e-12
-6.42908e-12
2.29821e-12
9.20143e-12
-2.32974e-11
3.43104e-11
-3.80708e-11
3.28864e-11
-2.03712e-11
4.63021e-12
8.9591e-12
-1.5985e-11
1.43268e-11
-5.40679e-12
-6.42848e-12
1.55546e-11
-1.82093e-11
1.40506e-11
-6.26684e-12
-4.6298e-13
1.74542e-12
4.39856e-12
-1.67463e-11
3.08606e-11
-4.12708e-11
4.36202e-11
-3.67185e-11
2.26677e-11
-6.34278e-12
-6.83068e-12
1.28857e-11
-1.11186e-11
3.65218e-12
5.52747e-12
-1.23917e-11
1.39949e-11
-1.00917e-11
3.31708e-12
1.60515e-12
-5.43388e-13
-8.09233e-12
2.20992e-11
-3.65799e-11
4.58423e-11
-4.63598e-11
3.80289e-11
-2.4059e-11
8.88959e-12
3.17901e-12
-9.29134e-12
8.41698e-12
-2.16538e-12
-5.84548e-12
1.12022e-11
-1.1144e-11
5.86424e-12
1.02388e-12
-4.48575e-12
6.44797e-13
1.05649e-11
-2.56202e-11
3.91966e-11
-4.69965e-11
4.68069e-11
-3.8973e-11
2.57441e-11
-1.10079e-11
-1.01533e-12
6.85021e-12
-5.49685e-12
-1.07812e-12
8.24126e-12
-1.13305e-11
8.2413e-12
-1.07815e-12
-5.49685e-12
6.85024e-12
-1.01531e-12
-1.1008e-11
2.57444e-11
-3.89732e-11
4.68071e-11
-4.69965e-11
3.91965e-11
-2.56201e-11
1.05648e-11
6.44841e-13
-4.48577e-12
1.0239e-12
5.86422e-12
-1.1144e-11
1.12023e-11
-5.8455e-12
-2.16539e-12
8.41705e-12
-9.29145e-12
3.1791e-12
8.88956e-12
-2.40591e-11
3.80291e-11
-4.636e-11
4.58425e-11
-3.65801e-11
2.20994e-11
-8.09242e-12
-5.4338e-13
1.6052e-12
3.31702e-12
-1.00917e-11
1.39948e-11
-1.23917e-11
5.52738e-12
3.65229e-12
-1.11188e-11
1.28859e-11
-6.83092e-12
-6.34245e-12
2.26673e-11
-3.67181e-11
4.36199e-11
-4.12706e-11
3.08605e-11
-1.67463e-11
4.39856e-12
1.74537e-12
-4.62866e-13
-6.26702e-12
1.40509e-11
-1.82095e-11
1.55548e-11
-6.42869e-12
-5.40652e-12
1.43264e-11
-1.59846e-11
8.95868e-12
4.63056e-12
-2.03714e-11
3.28866e-11
-3.8071e-11
3.43105e-11
-2.32975e-11
9.20142e-12
2.2983e-12
-6.4292e-12
1.56884e-12
9.07282e-12
-1.9204e-11
2.28069e-11
-1.774e-11
6.22971e-12
6.4689e-12
-1.50844e-11
1.62845e-11
-9.86623e-12
-2.1071e-12
1.59789e-11
-2.7381e-11
3.1656e-11
-2.61413e-11
1.2317e-11
3.49082e-12
-1.34729e-11
1.26881e-11
-2.25677e-12
-1.17785e-11
2.19317e-11
-2.37836e-11
1.75494e-11
-6.97522e-12
-3.915e-12
1.21053e-11
-1.54361e-11
1.18824e-11
-1.31858e-12
-1.27814e-11
2.34115e-11
-2.40395e-11
1.28922e-11
4.83146e-12
-1.99229e-11
2.4601e-11
-1.75858e-11
3.86675e-12
9.38328e-12
-1.77941e-11
2.05154e-11
-1.83259e-11
1.15236e-11
-1.06951e-12
-9.8399e-12
1.5661e-11
-1.21503e-11
1.66884e-13
1.30257e-11
-1.81606e-11
1.03563e-11
6.76074e-12
-2.39899e-11
3.30466e-11
-3.18477e-11
2.35861e-11
-1.27205e-11
1.468e-12
9.32054e-12
-1.79135e-11
2.06241e-11
-1.48576e-11
2.59959e-12
8.85308e-12
-1.1932e-11
4.83773e-12
6.10395e-12
-1.14008e-11
5.52145e-12
9.05227e-12
-2.49468e-11
3.57312e-11
-3.99656e-11
3.94955e-11
-3.57743e-11
2.77382e-11
-1.44486e-11
-1.62667e-12
1.4068e-11
-1.72099e-11
1.10008e-11
-1.9645e-12
-2.24695e-12
-9.65802e-13
6.94929e-12
-8.46758e-12
1.73207e-12
1.07779e-11
-2.36641e-11
3.3258e-11
-3.99136e-11
4.53128e-11
-4.91351e-11
4.80507e-11
-3.92979e-11
2.42441e-11
-8.78978e-12
-1.29817e-12
4.73798e-12
-5.34342e-12
7.45283e-12
-1.17975e-11
1.47432e-11
-1.2149e-11
2.99758e-12
9.46724e-12
-2.08335e-11
2.8856e-11
-3.48138e-11
4.07875e-11
-4.68849e-11
5.05823e-11
-4.9586e-11
4.38449e-11
-3.54977e-11
2.63557e-11
-1.67848e-11
6.02617e-12
5.67456e-12
-1.61645e-11
2.17193e-11
-1.96732e-11
1.02738e-11
2.98884e-12
-1.58579e-11
2.52955e-11
-3.05472e-11
3.23699e-11
-3.27443e-11
3.38741e-11
-3.72813e-11
4.22848e-11
-4.629e-11
4.5895e-11
-3.90769e-11
2.60624e-11
-9.6139e-12
-6.37504e-12
1.80114e-11
-2.26498e-11
1.88991e-11
-7.41285e-12
-8.57018e-12
2.30292e-11
-2.99772e-11
2.70751e-11
-1.80596e-11
1.03503e-11
-1.02504e-11
1.84232e-11
-3.0133e-11
3.87456e-11
-4.03511e-11
3.48666e-11
-2.45279e-11
1.12469e-11
3.1882e-12
-1.56711e-11
2.09439e-11
-1.48248e-11
-1.58123e-12
2.01401e-11
-3.03713e-11
2.65003e-11
-1.19166e-11
-3.87459e-12
1.20894e-11
-1.04549e-11
2.70525e-12
5.67993e-12
-1.19842e-11
1.61524e-11
-1.81609e-11
1.58539e-11
-7.40537e-12
-4.98478e-12
1.4109e-11
-1.28786e-11
3.29341e-13
1.63731e-11
-2.7041e-11
2.53573e-11
-1.29434e-11
-3.1863e-12
1.60868e-11
-2.34579e-11
2.68345e-11
-2.81401e-11
2.6931e-11
-2.21302e-11
1.46783e-11
-8.22621e-12
5.80534e-12
-7.02152e-12
7.89487e-12
-4.50771e-12
-3.82164e-12
1.35179e-11
-1.95947e-11
1.8927e-11
-1.22389e-11
2.44683e-12
7.69116e-12
-1.72801e-11
2.63478e-11
-3.49178e-11
4.22814e-11
-4.76218e-11
4.98755e-11
-4.79818e-11
4.09597e-11
-2.92377e-11
1.50222e-11
-1.8947e-12
-7.32344e-12
1.1643e-11
-1.20086e-11
9.66163e-12
-5.50516e-12
4.70597e-14
5.50667e-12
-9.67373e-12
1.19143e-11
-1.45125e-11
2.14982e-11
-3.52601e-11
5.25372e-11
-6.52321e-11
6.54933e-11
-5.19293e-11
3.04334e-11
-1.00674e-11
-3.08354e-12
8.10501e-12
-7.61709e-12
3.87836e-12
2.32748e-12
-1.01626e-11
1.61556e-11
-1.5679e-11
7.2712e-12
3.74615e-12
-8.18382e-12
-1.05692e-13
1.84817e-11
-3.72179e-11
4.61775e-11
-4.17807e-11
2.79805e-11
-1.23995e-11
6.38854e-13
5.53897e-12
-6.73543e-12
3.12528e-12
5.14679e-12
-1.60552e-11
2.44567e-11
-2.50006e-11
1.60699e-11
-1.87012e-12
-1.05747e-11
1.60115e-11
-1.42608e-11
9.0186e-12
-4.93767e-12
4.56007e-12
-7.8162e-12
1.24942e-11
-1.593e-11
1.59204e-11
-1.17915e-11
4.35009e-12
4.07638e-12
-1.09692e-11
1.48096e-11
-1.61292e-11
1.60725e-11
-1.46835e-11
1.01552e-11
-1.14448e-12
-1.13887e-11
2.4258e-11
-3.49092e-11
4.28322e-11
-4.88581e-11
5.23842e-11
-5.07715e-11
4.12357e-11
-2.48441e-11
7.57725e-12
2.70969e-12
-2.62382e-12
-3.84286e-12
8.14579e-12
-4.60357e-12
-5.28233e-12
1.43796e-11
-1.63172e-11
9.5621e-12
2.98809e-12
-1.80832e-11
3.39911e-11
-4.94303e-11
6.08154e-11
-6.28982e-11
5.2317e-11
-3.19649e-11
1.06317e-11
1.82319e-12
-1.30026e-12
-8.3553e-12
1.85717e-11
-2.25544e-11
1.85974e-11
-9.56247e-12
-3.43585e-13
7.31357e-12
-8.9947e-12
4.65104e-12
4.07091e-12
-1.37618e-11
2.03398e-11
-2.12126e-11
1.61902e-11
-7.64352e-12
-1.19945e-12
7.4485e-12
-9.41881e-12
6.19597e-12
1.69598e-12
-1.17613e-11
1.95577e-11
-2.15717e-11
1.78734e-11
-1.25026e-11
9.45015e-12
-8.75643e-12
5.8948e-12
3.52744e-12
-1.90884e-11
3.46203e-11
-4.30834e-11
4.18303e-11
-3.44993e-11
2.71175e-11
-2.31986e-11
2.13975e-11
-1.85051e-11
1.32734e-11
-7.6545e-12
3.37795e-12
7.46819e-13
-7.86861e-12
1.82456e-11
-2.69736e-11
2.64051e-11
-1.23585e-11
-1.22998e-11
3.85934e-11
-5.69517e-11
6.21141e-11
-5.52868e-11
4.18513e-11
-2.81614e-11
1.8722e-11
-1.56178e-11
1.80535e-11
-2.28705e-11
2.54851e-11
-2.26756e-11
1.44106e-11
-4.00251e-12
-4.61894e-12
8.9337e-12
-8.41858e-12
3.14637e-12
6.09271e-12
-1.68862e-11
2.44535e-11
-2.42664e-11
1.54855e-11
-2.83809e-12
-6.44909e-12
7.64813e-12
-2.32313e-12
-3.59993e-12
5.16768e-12
-3.28016e-12
3.278e-12
-9.38346e-12
1.96962e-11
-2.77644e-11
2.79369e-11
-1.98831e-11
7.37884e-12
5.45165e-12
-1.71005e-11
2.74745e-11
-3.57934e-11
3.96825e-11
-3.76147e-11
3.1085e-11
-2.47747e-11
2.30257e-11
-2.65166e-11
3.11113e-11
-3.09364e-11
2.21686e-11
-5.67673e-12
-1.38365e-11
2.96608e-11
-3.56598e-11
2.82578e-11
-9.00634e-12
-1.52389e-11
3.50949e-11
-4.43431e-11
4.30592e-11
-3.65061e-11
3.01254e-11
-2.62393e-11
2.39247e-11
-2.21123e-11
2.1213e-11
-2.24165e-11
2.47943e-11
-2.49478e-11
1.96134e-11
-9.88902e-12
1.30541e-12
3.65106e-13
5.15555e-12
-1.21778e-11
1.3759e-11
-8.07727e-12
-6.57582e-13
6.35106e-12
-6.7371e-12
4.40751e-12
-4.02889e-12
8.05333e-12
-1.54181e-11
2.23621e-11
-2.49905e-11
2.07322e-11
-9.41568e-12
-6.90979e-12
2.38343e-11
-3.5837e-11
3.81946e-11
-2.98485e-11
1.37915e-11
4.67696e-12
-2.11717e-11
3.3046e-11
-3.89519e-11
3.8198e-11
-3.24277e-11
2.63971e-11
-2.62013e-11
3.40979e-11
-4.55804e-11
5.14471e-11
-4.49592e-11
2.70743e-11
-6.15267e-12
-8.47344e-12
1.25344e-11
-8.68337e-12
2.38915e-12
2.82562e-12
-7.33889e-12
1.25231e-11
-1.7903e-11
2.09049e-11
-1.99609e-11
1.597e-11
-1.13e-11
7.05353e-12
-2.91858e-12
-1.40667e-12
4.44644e-12
-3.93958e-12
-1.5048e-12
1.09473e-11
-2.188e-11
3.09446e-11
-3.49016e-11
3.10111e-11
-1.88257e-11
1.45355e-12
1.44473e-11
-2.23047e-11
2.00388e-11
-1.2732e-11
9.43778e-12
-1.666e-11
3.26897e-11
-4.90042e-11
5.66667e-11
-5.2758e-11
4.03881e-11
-2.46333e-11
8.54029e-12
6.2806e-12
-1.76542e-11
2.21016e-11
-1.76354e-11
6.03448e-12
7.29443e-12
-1.7068e-11
2.11768e-11
-2.14714e-11
2.10685e-11
-2.18342e-11
2.30861e-11
-2.30651e-11
2.0424e-11
-1.54448e-11
9.61799e-12
-5.61249e-12
6.35119e-12
-1.35405e-11
2.48776e-11
-3.39973e-11
3.39915e-11
-2.341e-11
8.03897e-12
3.02322e-12
-4.77162e-12
-4.50652e-13
5.44822e-12
-4.45632e-12
-3.59033e-12
1.58578e-11
-2.92116e-11
4.14987e-11
-5.07876e-11
5.37386e-11
-4.69849e-11
2.99898e-11
-7.50806e-12
-1.24038e-11
2.2875e-11
-2.24956e-11
1.48231e-11
-5.16285e-12
-2.984e-12
8.35991e-12
-1.15469e-11
1.41029e-11
-1.8198e-11
2.45483e-11
-3.09656e-11
3.28396e-11
-2.73336e-11
1.67553e-11
-8.20751e-12
7.98054e-12
-1.64749e-11
2.74354e-11
-3.32122e-11
3.03152e-11
-2.15487e-11
1.25315e-11
-7.29581e-12
5.96209e-12
-6.784e-12
8.45166e-12
-1.0581e-11
1.13688e-11
-7.15708e-12
-5.20076e-12
2.42711e-11
-4.377e-11
5.58956e-11
-5.62294e-11
4.52413e-11
-2.72555e-11
7.87384e-12
7.36194e-12
-1.47886e-11
1.4065e-11
-9.00025e-12
4.7929e-12
-4.06046e-12
4.25613e-12
-3.5317e-13
-1.02231e-11
2.39629e-11
-3.35185e-11
3.32403e-11
-2.42154e-11
1.32611e-11
-7.70648e-12
9.80832e-12
-1.6612e-11
2.34607e-11
-2.78589e-11
2.92899e-11
-2.76516e-11
2.24556e-11
-1.47619e-11
7.87881e-12
-5.79543e-12
9.54498e-12
-1.6257e-11
2.08576e-11
-1.93726e-11
1.00436e-11
6.38341e-12
-2.69348e-11
4.59906e-11
-5.70186e-11
5.57058e-11
-4.35028e-11
2.71092e-11
-1.43557e-11
8.37789e-12
-6.11588e-12
1.80359e-12
6.59476e-12
-1.50274e-11
1.64995e-11
-7.73983e-12
-7.86765e-12
2.26217e-11
-3.03572e-11
2.93865e-11
-2.19751e-11
1.16635e-11
-2.42243e-12
-2.04517e-12
-6.04122e-13
9.1139e-12
-1.9031e-11
2.53588e-11
-2.61843e-11
2.29359e-11
-1.84666e-11
1.45299e-11
-1.2048e-11
1.19571e-11
-1.53603e-11
2.12079e-11
-2.5237e-11
2.15525e-11
-7.46208e-12
-1.35866e-11
3.32489e-11
-4.43576e-11
4.57799e-11
-4.25812e-11
4.04133e-11
-4.05699e-11
3.93563e-11
-3.26322e-11
1.9638e-11
-3.89123e-12
-9.34479e-12
1.51241e-11
-1.07073e-11
-3.24735e-12
2.12793e-11
-3.48504e-11
3.674e-11
-2.62856e-11
9.61293e-12
4.81354e-12
-1.22827e-11
1.32817e-11
-1.09517e-11
7.13516e-12
-1.93259e-12
-4.62538e-12
1.06579e-11
-1.38169e-11
1.36232e-11
-1.27563e-11
1.44119e-11
-1.90791e-11
2.32402e-11
-2.25126e-11
1.52561e-11
-4.06812e-12
-6.9358e-12
1.50239e-11
-2.01995e-11
2.3798e-11
-2.76751e-11
3.34484e-11
-4.17264e-11
4.98611e-11
-5.20959e-11
4.30906e-11
-2.37766e-11
2.67562e-12
8.88915e-12
-5.17264e-12
-1.0284e-11
2.76189e-11
-3.80626e-11
3.83581e-11
-3.06381e-11
1.87225e-11
-5.78597e-12
-6.44465e-12
1.68116e-11
-2.4777e-11
3.01922e-11
-3.32583e-11
3.33447e-11
-2.90697e-11
1.93706e-11
-5.82936e-12
-7.40216e-12
1.57625e-11
-1.75938e-11
1.42738e-11
-8.1882e-12
3.7819e-13
8.34193e-12
-1.55455e-11
1.72439e-11
-1.19966e-11
3.73476e-12
-4.43389e-14
5.64804e-12
-1.83156e-11
3.03084e-11
-3.47031e-11
2.9758e-11
-1.92982e-11
9.2457e-12
-4.70829e-12
7.82872e-12
-1.72972e-11
2.82818e-11
-3.48775e-11
3.35065e-11
-2.58592e-11
1.73136e-11
-1.24831e-11
1.06278e-11
-6.25796e-12
-6.13286e-12
2.62308e-11
-4.7247e-11
6.02053e-11
-6.03194e-11
4.90669e-11
-3.20933e-11
1.50593e-11
-2.1928e-12
-3.76106e-12
1.36075e-12
7.90299e-12
-1.95393e-11
2.81019e-11
-3.09085e-11
2.8657e-11
-2.3441e-11
1.60759e-11
-6.82563e-12
-2.98794e-12
1.06446e-11
-1.47677e-11
1.66317e-11
-1.86056e-11
2.03149e-11
-1.82467e-11
9.12005e-12
5.37962e-12
-1.87024e-11
2.38139e-11
-1.88338e-11
8.02242e-12
1.31464e-12
-4.06794e-12
-1.53776e-13
7.19914e-12
-1.13102e-11
7.80558e-12
4.24217e-12
-2.12023e-11
3.56888e-11
-4.07345e-11
3.43184e-11
-2.1656e-11
1.1485e-11
-9.72887e-12
1.50119e-11
-2.11554e-11
2.3157e-11
-2.16098e-11
2.0671e-11
-2.35027e-11
2.92656e-11
-3.47086e-11
3.6346e-11
-3.17108e-11
1.90804e-11
1.08913e-12
-2.48074e-11
4.48628e-11
-5.50052e-11
5.36106e-11
-4.41828e-11
3.15888e-11
-1.92792e-11
9.06954e-12
-3.14224e-12
3.64978e-12
-1.07149e-11
2.06318e-11
-2.80956e-11
2.98899e-11
-2.73212e-11
2.39389e-11
-2.1812e-11
1.91891e-11
-1.26626e-11
5.74719e-13
1.46038e-11
-2.77411e-11
3.37311e-11
-3.02768e-11
1.84695e-11
-2.84441e-12
-1.012e-11
1.44116e-11
-8.64907e-12
-2.14177e-12
9.00378e-12
-6.09381e-12
-4.53348e-12
1.42148e-11
-1.51844e-11
6.42073e-12
6.28721e-12
-1.60601e-11
1.94473e-11
-1.73882e-11
1.28227e-11
-9.22659e-12
9.28409e-12
-1.37178e-11
1.9618e-11
-2.20048e-11
1.78127e-11
-9.84198e-12
5.11838e-12
-9.35908e-12
2.17249e-11
-3.57668e-11
4.42074e-11
-4.3629e-11
3.45124e-11
-1.93198e-11
6.79451e-13
1.81e-11
-3.31941e-11
4.13335e-11
-4.20316e-11
3.7519e-11
-3.1124e-11
2.47992e-11
-1.91424e-11
1.44577e-11
-1.20452e-11
1.31852e-11
-1.8065e-11
2.52756e-11
-3.33373e-11
4.11386e-11
-4.71484e-11
4.76509e-11
-3.82334e-11
1.75919e-11
8.96573e-12
-3.17151e-11
4.24764e-11
-4.01755e-11
3.02045e-11
-1.98442e-11
1.34262e-11
-1.16785e-11
1.28336e-11
-1.42592e-11
1.31996e-11
-9.03158e-12
4.72762e-12
-5.76187e-12
1.47694e-11
-2.76834e-11
3.5227e-11
-3.04568e-11
1.45311e-11
3.86415e-12
-1.55563e-11
1.67172e-11
-1.00802e-11
1.34985e-12
4.10596e-12
-3.61001e-12
-2.17468e-12
8.89196e-12
-1.08057e-11
4.53134e-12
7.45277e-12
-1.82367e-11
2.1436e-11
-1.64045e-11
7.94628e-12
-1.98838e-12
5.27808e-13
-1.20175e-12
6.00239e-14
4.69498e-12
-1.21018e-11
1.94792e-11
-2.42864e-11
2.44808e-11
-1.93679e-11
1.03208e-11
-1.53674e-12
-1.96483e-12
-2.68803e-12
1.38428e-11
-2.69163e-11
3.74718e-11
-4.35984e-11
4.47203e-11
-4.01903e-11
2.93273e-11
-1.37732e-11
-2.36319e-12
1.49021e-11
-2.30337e-11
2.87294e-11
-3.35274e-11
3.57287e-11
-3.24162e-11
2.30848e-11
-1.15145e-11
3.09771e-12
-1.85168e-12
8.96408e-12
-2.35443e-11
4.20651e-11
-5.80952e-11
6.38764e-11
-5.55156e-11
3.64025e-11
-1.55173e-11
3.46098e-13
8.01345e-12
-1.39671e-11
2.14528e-11
-3.02062e-11
3.62952e-11
-3.60385e-11
2.83053e-11
-1.5362e-11
2.13694e-12
4.62146e-12
3.91438e-13
-1.71729e-11
3.82731e-11
-5.2763e-11
5.3263e-11
-4.12144e-11
2.4754e-11
-1.22654e-11
6.41256e-12
-4.14924e-12
4.4589e-13
7.17457e-12
-1.74596e-11
2.62463e-11
-2.90694e-11
2.33936e-11
-1.10357e-11
-1.93004e-12
7.82996e-12
-2.76665e-12
-1.03144e-11
2.29841e-11
-2.76433e-11
2.26872e-11
-1.31639e-11
5.7919e-12
-4.12359e-12
6.7832e-12
-1.00575e-11
1.05421e-11
-6.86875e-12
-3.96771e-13
8.45169e-12
-1.32991e-11
1.18365e-11
-4.99738e-12
-2.46208e-12
5.44907e-12
-3.28036e-12
-1.74299e-13
2.58019e-13
3.91378e-12
-9.58588e-12
1.32747e-11
-1.35487e-11
1.0261e-11
-3.58647e-12
-5.74e-12
1.47035e-11
-1.91648e-11
1.69073e-11
-1.01467e-11
3.33739e-12
5.00575e-13
-1.64766e-12
1.20105e-12
1.04431e-12
-6.24268e-12
1.37314e-11
-2.10241e-11
2.60896e-11
-2.95421e-11
3.25977e-11
-3.41874e-11
3.05138e-11
-1.91211e-11
2.0208e-12
1.48667e-11
-2.61036e-11
2.93081e-11
-2.51406e-11
1.5615e-11
-4.30638e-12
-3.87574e-12
4.44219e-12
2.97415e-12
-1.41115e-11
2.34031e-11
-2.90692e-11
3.36192e-11
-4.01679e-11
4.78122e-11
-5.1866e-11
4.73445e-11
-3.29029e-11
1.12642e-11
1.18505e-11
-2.98049e-11
3.68e-11
-3.10358e-11
1.65597e-11
-2.20624e-12
-4.04192e-12
1.0021e-13
9.36533e-12
-1.80422e-11
2.31692e-11
-2.71338e-11
3.37722e-11
-4.43762e-11
5.58079e-11
-6.24309e-11
5.8784e-11
-4.26895e-11
1.68722e-11
1.0655e-11
-2.99486e-11
3.43604e-11
-2.52625e-11
1.10439e-11
-1.4971e-12
9.70828e-13
-6.86743e-12
1.32083e-11
-1.6477e-11
1.77233e-11
-2.10381e-11
2.96043e-11
-4.33656e-11
5.80609e-11
-6.67964e-11
6.28701e-11
-4.43625e-11
1.66055e-11
9.35812e-12
-2.35693e-11
2.33426e-11
-1.46111e-11
6.34234e-12
-4.11185e-12
7.18273e-12
-1.14093e-11
1.32238e-11
-1.23234e-11
1.11869e-11
-1.3903e-11
2.36111e-11
-3.99275e-11
5.68549e-11
-6.52101e-11
5.83703e-11
-3.80436e-11
1.3508e-11
4.62915e-12
-1.17144e-11
1.03117e-11
-6.53361e-12
4.87632e-12
-6.62362e-12
1.02572e-11
-1.30774e-11
1.2393e-11
-8.10505e-12
4.07616e-12
-6.69219e-12
1.92275e-11
-3.78238e-11
5.28178e-11
-5.60044e-11
4.62681e-11
-2.96069e-11
1.35851e-11
-2.95361e-12
-1.61092e-12
1.84782e-12
-1.01522e-12
2.38939e-12
-7.32522e-12
1.3059e-11
-1.46049e-11
9.4505e-12
-1.46366e-12
-1.7562e-12
-4.83388e-12
1.90712e-11
-3.3882e-11
4.2579e-11
-4.27917e-11
3.57549e-11
-2.47429e-11
1.37459e-11
-6.76398e-12
5.15218e-12
-6.14343e-12
4.49842e-12
2.12506e-12
-1.05061e-11
1.44324e-11
-1.10805e-11
3.55266e-12
1.85727e-12
-1.10896e-12
-5.82915e-12
1.62058e-11
-2.668e-11
3.35302e-11
-3.38008e-11
2.72876e-11
-1.81842e-11
1.21474e-11
-1.15344e-11
1.29443e-11
-1.11086e-11
4.15934e-12
4.49574e-12
-1.0105e-11
1.04888e-11
-7.0003e-12
2.147e-12
1.45982e-12
-1.34989e-12
-4.35885e-12
1.43972e-11
-2.39155e-11
2.74608e-11
-2.41e-11
1.80714e-11
-1.47408e-11
1.52957e-11
-1.67038e-11
1.5319e-11
-1.04566e-11
3.67799e-12
2.96932e-12
-7.88342e-12
9.13125e-12
-5.73999e-12
-3.81295e-13
4.11829e-12
-1.33917e-12
-7.21652e-12
1.60598e-11
-2.02793e-11
1.94201e-11
-1.69263e-11
1.57402e-11
-1.62827e-11
1.72468e-11
-1.763e-11
1.63404e-11
-1.20333e-11
4.2196e-12
4.33742e-12
-8.62055e-12
6.42806e-12
-2.22723e-12
4.48406e-13
4.79831e-14
2.56517e-14
4.10075e-15
0
