0
2.52429e-16
3.6061e-15
2.393e-14
3.02248e-14
4.51374e-13
-1.61361e-12
2.87264e-12
-4.39203e-13
-4.81069e-12
7.11346e-12
-3.48571e-12
-5.26541e-12
1.63484e-11
-2.73851e-11
3.68942e-11
-4.39405e-11
4.72491e-11
-4.61623e-11
4.13389e-11
-3.47765e-11
2.78512e-11
-2.05139e-11
1.18671e-11
-2.4629e-12
-5.271e-12
8.32875e-12
-5.9664e-12
3.33276e-13
4.78324e-12
-6.72162e-12
4.63438e-12
1.05503e-12
-9.95347e-12
2.11061e-11
-3.2507e-11
4.11665e-11
-4.51936e-11
4.48852e-11
-4.24029e-11
3.92473e-11
-3.50703e-11
2.82495e-11
-1.85616e-11
8.06231e-12
-4.10051e-14
-3.70924e-12
3.53364e-12
-1.13696e-12
-2.13368e-12
5.05922e-12
-6.05486e-12
2.89298e-12
5.42365e-12
-1.73629e-11
2.8999e-11
-3.69695e-11
4.05676e-11
-4.17653e-11
4.23369e-11
-4.21952e-11
3.9673e-11
-3.39657e-11
2.59457e-11
-1.75606e-11
9.97015e-12
-3.60627e-12
-1.03185e-12
2.49154e-12
-1.98875e-14
-4.75205e-12
7.56186e-12
-4.70429e-12
-4.17066e-12
1.55658e-11
-2.53746e-11
3.16419e-11
-3.53018e-11
3.78324e-11
-3.96863e-11
4.01747e-11
-3.92156e-11
3.73774e-11
-3.48575e-11
3.02141e-11
-2.20597e-11
1.13291e-11
-2.13365e-12
-1.42173e-12
-1.27881e-12
6.16263e-12
-7.87745e-12
3.67252e-12
4.86529e-12
-1.43315e-11
2.2209e-11
-2.79542e-11
3.14034e-11
-3.23776e-11
3.14189e-11
-3.09861e-11
3.36206e-11
-3.92147e-11
4.35944e-11
-4.17089e-11
3.20063e-11
-1.86629e-11
8.18935e-12
-4.44256e-12
5.82693e-12
-7.87131e-12
6.95959e-12
-2.4054e-12
-4.98271e-12
1.39431e-11
-2.2798e-11
2.85228e-11
-2.84118e-11
2.27947e-11
-1.67067e-11
1.65851e-11
-2.50331e-11
3.76642e-11
-4.65254e-11
4.61789e-11
-3.77168e-11
2.65011e-11
-1.76292e-11
1.2686e-11
-1.07209e-11
9.91133e-12
-8.52353e-12
4.2068e-12
4.84663e-12
-1.76526e-11
2.87763e-11
-3.15482e-11
2.35184e-11
-9.95517e-12
3.59656e-13
-1.63144e-12
1.29833e-11
-2.77217e-11
3.85213e-11
-4.21369e-11
3.93055e-11
-3.26742e-11
2.48057e-11
-1.83747e-11
1.53722e-11
-1.54855e-11
1.45808e-11
-7.40799e-12
-7.6087e-12
2.50452e-11
-3.56123e-11
3.27674e-11
-1.81481e-11
1.7873e-13
1.16661e-11
-1.28399e-11
4.5826e-12
8.45345e-12
-2.14992e-11
3.05993e-11
-3.34407e-11
3.01355e-11
-2.41812e-11
2.0322e-11
-2.09167e-11
2.29508e-11
-2.01002e-11
7.86472e-12
1.15089e-11
-2.98315e-11
3.80932e-11
-3.26214e-11
1.65059e-11
2.89996e-12
-1.84908e-11
2.571e-11
-2.34924e-11
1.36946e-11
-7.22634e-13
-1.03736e-11
1.61045e-11
-1.68741e-11
1.62323e-11
-1.79492e-11
2.20395e-11
-2.4363e-11
1.95698e-11
-6.0056e-12
-1.25533e-11
2.86332e-11
-3.56911e-11
3.11727e-11
-1.73203e-11
-1.04909e-12
1.86017e-11
-3.12024e-11
3.62081e-11
-3.33856e-11
2.49933e-11
-1.51827e-11
7.32919e-12
-2.24391e-12
-1.97676e-12
7.13581e-12
-1.26318e-11
1.50123e-11
-1.10663e-11
7.47671e-13
1.19638e-11
-2.20596e-11
2.63696e-11
-2.45917e-11
1.73526e-11
-5.22742e-12
-1.08116e-11
2.75802e-11
-4.03338e-11
4.52067e-11
-4.22656e-11
3.50095e-11
-2.7525e-11
2.12515e-11
-1.55545e-11
1.00468e-11
-6.31855e-12
5.96404e-12
-8.40529e-12
1.07185e-11
-1.09122e-11
9.93364e-12
-1.06383e-11
1.36229e-11
-1.54888e-11
1.10232e-11
1.59227e-12
-1.8778e-11
3.39159e-11
-4.24962e-11
4.4079e-11
-4.10119e-11
3.55769e-11
-2.97533e-11
2.57588e-11
-2.59671e-11
3.0281e-11
-3.48586e-11
3.38305e-11
-2.44904e-11
1.02409e-11
1.18506e-12
-4.13006e-12
-7.25127e-13
7.07694e-12
-8.52048e-12
2.67075e-12
8.08026e-12
-1.94417e-11
2.75527e-11
-3.04719e-11
2.81567e-11
-2.30565e-11
1.95759e-11
-2.2412e-11
3.27635e-11
-4.6344e-11
5.4792e-11
-5.13311e-11
3.54326e-11
-1.36867e-11
-4.7675e-12
1.3639e-11
-1.28894e-11
7.19964e-12
-2.29909e-12
1.11542e-12
-3.21442e-12
5.98928e-12
-7.00597e-12
4.97568e-12
-6.45833e-13
-3.36935e-12
2.99189e-12
4.94899e-12
-2.03193e-11
3.79899e-11
-4.99289e-11
4.95141e-11
-3.62536e-11
1.59813e-11
2.95172e-12
-1.52915e-11
2.05921e-11
-2.1275e-11
1.89373e-11
-1.36936e-11
5.5119e-12
3.9318e-12
-1.22779e-11
1.82106e-11
-2.23914e-11
2.52915e-11
-2.54572e-11
1.99982e-11
-8.3019e-12
-6.08416e-12
1.70792e-11
-2.07599e-11
1.73738e-11
-9.87084e-12
2.79826e-13
1.0879e-11
-2.26921e-11
3.14332e-11
-3.21992e-11
2.27336e-11
-6.44951e-12
-9.8299e-12
2.05874e-11
-2.52459e-11
2.67319e-11
-2.81755e-11
3.03434e-11
-3.24623e-11
3.34399e-11
-3.27016e-11
2.94579e-11
-2.317e-11
1.45704e-11
-7.03705e-12
5.02923e-12
-1.0882e-11
2.16005e-11
-3.00638e-11
2.93787e-11
-1.80823e-11
1.04826e-12
1.35229e-11
-1.97225e-11
1.71733e-11
-1.09269e-11
7.4668e-12
-1.09692e-11
2.12403e-11
-3.49392e-11
4.72501e-11
-5.39009e-11
5.22554e-11
-4.29472e-11
2.99776e-11
-1.92973e-11
1.4851e-11
-1.5773e-11
1.64701e-11
-1.13827e-11
-1.53225e-13
1.24535e-11
-1.81455e-11
1.38641e-11
-2.79486e-12
-8.65404e-12
1.52045e-11
-1.50529e-11
8.4126e-12
3.68971e-12
-1.94343e-11
3.47958e-11
-4.45529e-11
4.50466e-11
-3.72028e-11
2.54392e-11
-1.41226e-11
4.27727e-12
5.18276e-12
-1.44451e-11
2.09277e-11
-2.16281e-11
1.59805e-11
-6.84078e-12
-2.32514e-12
1.00429e-11
-1.74185e-11
2.52926e-11
-3.20326e-11
3.36006e-11
-2.708e-11
1.34265e-11
2.12317e-12
-1.32157e-11
1.54948e-11
-8.69794e-12
-4.04666e-12
1.76731e-11
-2.74936e-11
3.03583e-11
-2.57911e-11
1.60013e-11
-5.6642e-12
-4.91348e-13
5.88873e-13
2.12771e-12
-1.34243e-12
-7.71067e-12
2.36182e-11
-3.93475e-11
4.7018e-11
-4.40965e-11
3.48103e-11
-2.66722e-11
2.44513e-11
-2.78228e-11
3.2899e-11
-3.59178e-11
3.4477e-11
-2.75698e-11
1.54326e-11
-1.05826e-12
-1.00376e-11
1.23603e-11
-4.96389e-12
-7.20495e-12
1.60645e-11
-1.62916e-11
8.2971e-12
3.1897e-12
-1.40424e-11
2.3219e-11
-3.18154e-11
3.97182e-11
-4.48259e-11
4.4534e-11
-3.84434e-11
2.85271e-11
-1.77781e-11
7.85968e-12
1.14392e-12
-9.77219e-12
1.71387e-11
-2.08798e-11
1.83809e-11
-9.16489e-12
-4.65419e-12
1.90687e-11
-3.01704e-11
3.49299e-11
-3.18408e-11
2.09319e-11
-4.88056e-12
-1.08405e-11
1.92034e-11
-1.58938e-11
2.76668e-12
1.21809e-11
-2.0497e-11
1.9259e-11
-1.30003e-11
8.94443e-12
-1.1061e-11
1.71725e-11
-2.18606e-11
2.07184e-11
-1.30955e-11
9.80017e-13
1.26018e-11
-2.47112e-11
3.2235e-11
-3.32743e-11
2.89261e-11
-2.41416e-11
2.45038e-11
-3.19949e-11
4.26607e-11
-4.95199e-11
4.73319e-11
-3.63229e-11
2.12368e-11
-7.99451e-12
-1.40298e-13
3.08854e-12
-2.46559e-12
-8.43842e-13
6.59082e-12
-1.39222e-11
1.98751e-11
-2.06154e-11
1.37413e-11
-6.74951e-13
-1.41297e-11
2.58209e-11
-3.2451e-11
3.50462e-11
-3.56015e-11
3.44672e-11
-3.07866e-11
2.39909e-11
-1.49215e-11
4.43659e-12
7.20338e-12
-1.94638e-11
2.91041e-11
-3.06841e-11
2.00602e-11
7.23805e-13
-2.30596e-11
3.64002e-11
-3.56405e-11
2.41219e-11
-1.08172e-11
3.47977e-12
-4.52522e-12
1.1058e-11
-1.8485e-11
2.31656e-11
-2.38248e-11
2.09804e-11
-1.65501e-11
1.27719e-11
-1.16803e-11
1.38788e-11
-1.81771e-11
2.15524e-11
-2.11118e-11
1.59615e-11
-8.35142e-12
1.73715e-12
1.86797e-12
-3.90498e-12
7.71581e-12
-1.56323e-11
2.64204e-11
-3.65999e-11
4.346e-11
-4.74257e-11
5.00694e-11
-5.08886e-11
4.60802e-11
-3.23851e-11
1.13777e-11
9.5415e-12
-2.18107e-11
2.09801e-11
-9.27494e-12
-6.90648e-12
2.07436e-11
-2.80935e-11
2.7685e-11
-2.08129e-11
1.04874e-11
-1.02178e-12
-4.05957e-12
3.99573e-12
-1.79997e-12
1.75113e-12
-6.01193e-12
1.21669e-11
-1.48306e-11
9.2918e-12
4.32351e-12
-2.05327e-11
3.14272e-11
-3.2255e-11
2.42702e-11
-1.33894e-11
4.99004e-12
-6.20153e-13
-1.75648e-12
4.22852e-12
-7.18088e-12
9.93418e-12
-1.32474e-11
1.93225e-11
-2.97367e-11
4.25442e-11
-5.28908e-11
5.59958e-11
-5.06009e-11
3.88108e-11
-2.42236e-11
9.95841e-12
9.27324e-13
-5.4935e-12
1.91945e-12
8.14094e-12
-1.95946e-11
2.62113e-11
-2.48225e-11
1.71888e-11
-8.88341e-12
4.69556e-12
-4.97308e-12
4.98698e-12
8.29724e-13
-1.40538e-11
2.98782e-11
-4.0243e-11
3.90701e-11
-2.65222e-11
8.13772e-12
9.00357e-12
-2.05622e-11
2.5431e-11
-2.4313e-11
1.81331e-11
-8.94526e-12
2.47595e-13
4.24603e-12
-3.74479e-12
1.03021e-12
-4.79099e-13
4.40843e-12
-1.21745e-11
2.14305e-11
-3.06042e-11
3.90041e-11
-4.57472e-11
4.83454e-11
-4.41094e-11
3.26314e-11
-1.78803e-11
6.36613e-12
-3.26552e-12
8.49993e-12
-1.69974e-11
2.21041e-11
-2.0706e-11
1.51545e-11
-1.12977e-11
1.29727e-11
-1.85832e-11
2.19276e-11
-1.74875e-11
4.31455e-12
1.36242e-11
-3.08379e-11
4.26982e-11
-4.64069e-11
4.05906e-11
-2.63067e-11
7.58021e-12
9.17076e-12
-1.85289e-11
1.89761e-11
-1.3759e-11
7.80853e-12
-4.34678e-12
3.14938e-12
-2.52827e-12
1.49079e-12
-6.04969e-13
9.15543e-14
1.4473e-12
-6.90474e-12
1.7943e-11
-3.28094e-11
4.57688e-11
-5.04471e-11
4.42226e-11
-3.10928e-11
1.89299e-11
-1.38838e-11
1.57851e-11
-1.95587e-11
1.9999e-11
-1.62529e-11
1.1422e-11
-9.54342e-12
1.21976e-11
-1.82435e-11
2.48249e-11
-2.89651e-11
2.77004e-11
-1.89344e-11
2.62124e-12
1.75007e-11
-3.49523e-11
4.34971e-11
-4.09898e-11
2.99986e-11
-1.59457e-11
3.51784e-12
5.05177e-12
-1.0129e-11
1.26484e-11
-1.28333e-11
1.006e-11
-5.08386e-12
1.04984e-12
-2.07684e-12
8.88961e-12
-1.67829e-11
1.7888e-11
-7.48828e-12
-1.206e-11
3.23901e-11
-4.52567e-11
4.75736e-11
-4.25152e-11
3.55793e-11
-3.05685e-11
2.77235e-11
-2.55013e-11
2.23911e-11
-1.8112e-11
1.3121e-11
-8.69708e-12
6.47742e-12
-8.14384e-12
1.4032e-11
-2.26528e-11
3.0485e-11
-3.34333e-11
2.85152e-11
-1.61793e-11
3.55624e-13
1.34776e-11
-2.19658e-11
2.49628e-11
-2.40508e-11
1.9602e-11
-1.09457e-11
-1.35759e-12
1.31604e-11
-1.86705e-11
1.47665e-11
-4.78657e-12
-3.16081e-12
1.65122e-12
1.01181e-11
-2.578e-11
3.59514e-11
-3.45674e-11
2.1695e-11
-2.5958e-12
-1.63795e-11
3.08955e-11
-4.00701e-11
4.48817e-11
-4.63634e-11
4.44198e-11
-3.91549e-11
3.18215e-11
-2.46762e-11
1.88717e-11
-1.40127e-11
9.25643e-12
-5.39161e-12
4.23611e-12
-6.83173e-12
1.17619e-11
-1.64875e-11
1.92307e-11
-2.01868e-11
1.99759e-11
-1.82222e-11
1.32656e-11
-4.64476e-12
-5.04577e-12
1.037e-11
-6.97382e-12
-4.76443e-12
1.86396e-11
-2.64625e-11
2.32891e-11
-1.13458e-11
-1.35283e-12
6.00784e-12
7.7614e-13
-1.53578e-11
3.01804e-11
-3.95996e-11
4.21661e-11
-3.90597e-11
3.06741e-11
-1.65148e-11
-2.78457e-12
2.33695e-11
-3.96554e-11
4.71921e-11
-4.54114e-11
3.73247e-11
-2.77725e-11
2.05061e-11
-1.68886e-11
1.56862e-11
-1.47429e-11
1.21204e-11
-7.15438e-12
2.76969e-13
6.72658e-12
-1.13497e-11
1.10631e-11
-5.25879e-12
-3.881e-12
1.1781e-11
-1.47175e-11
1.27738e-11
-1.06266e-11
1.3617e-11
-2.30611e-11
3.42876e-11
-4.0523e-11
3.80907e-11
-2.90985e-11
1.87241e-11
-1.12858e-11
7.73091e-12
-6.96765e-12
8.05256e-12
-1.19574e-11
2.02459e-11
-3.25586e-11
4.4265e-11
-4.82388e-11
3.93828e-11
-1.94026e-11
-3.62223e-12
1.99958e-11
-2.46961e-11
1.93433e-11
-1.003e-11
2.55262e-12
1.60259e-13
1.59118e-12
-6.03625e-12
1.06836e-11
-1.29202e-11
1.02025e-11
-1.64132e-12
-1.12315e-11
2.45945e-11
-3.45111e-11
3.83984e-11
-3.5863e-11
2.78143e-11
-1.59217e-11
1.73573e-12
1.30242e-11
-2.63573e-11
3.55921e-11
-3.89219e-11
3.7032e-11
-3.36951e-11
3.26416e-11
-3.41002e-11
3.38755e-11
-2.75456e-11
1.5021e-11
-1.88448e-12
-4.88045e-12
2.03873e-12
7.1656e-12
-1.56895e-11
1.75317e-11
-1.20973e-11
3.91075e-12
8.98113e-13
6.10316e-13
-6.9725e-12
1.43093e-11
-2.01993e-11
2.4746e-11
-2.90713e-11
3.22484e-11
-3.11837e-11
2.31536e-11
-9.71212e-12
-3.03222e-12
7.68024e-12
-7.80921e-13
-1.52634e-11
3.37193e-11
-4.75909e-11
5.21917e-11
-4.6548e-11
3.29176e-11
-1.60535e-11
1.05802e-12
8.27167e-12
-1.08865e-11
8.20432e-12
-3.72388e-12
1.34884e-12
-3.63544e-12
9.77286e-12
-1.6317e-11
1.95628e-11
-1.83504e-11
1.35761e-11
-6.26213e-12
-4.02195e-12
1.74311e-11
-3.178e-11
4.1979e-11
-4.31715e-11
3.41322e-11
-1.89445e-11
4.27249e-12
4.92206e-12
-8.95802e-12
1.23562e-11
-1.98149e-11
3.14946e-11
-4.25921e-11
4.6705e-11
-4.12715e-11
2.955e-11
-1.83808e-11
1.25977e-11
-1.1934e-11
1.21121e-11
-9.73784e-12
5.11544e-12
-1.37678e-12
4.59354e-13
-1.3306e-12
1.14423e-12
1.27929e-12
-4.02678e-12
2.87302e-12
5.34885e-12
-2.00877e-11
3.60354e-11
-4.60255e-11
4.5241e-11
-3.45631e-11
1.93605e-11
-6.10224e-12
-1.04045e-12
4.8821e-13
7.13035e-12
-1.9528e-11
3.2435e-11
-4.10305e-11
4.19188e-11
-3.51956e-11
2.39231e-11
-1.25863e-11
4.70178e-12
-1.93941e-12
3.77529e-12
-8.54681e-12
1.39438e-11
-1.76433e-11
1.70808e-11
-1.04739e-11
-1.86584e-12
1.58792e-11
-2.48908e-11
2.27932e-11
-8.54684e-12
-1.25818e-11
3.16166e-11
-4.18122e-11
4.23375e-11
-3.77233e-11
3.28648e-11
-2.92536e-11
2.46687e-11
-1.6865e-11
6.30676e-12
3.60732e-12
-9.69439e-12
1.16323e-11
-1.27942e-11
1.72763e-11
-2.61517e-11
3.52212e-11
-3.79482e-11
3.06907e-11
-1.64545e-11
2.37197e-12
5.89359e-12
-8.49405e-12
9.83613e-12
-1.41933e-11
2.16887e-11
-2.85512e-11
2.97518e-11
-2.2847e-11
9.40577e-12
5.8876e-12
-1.87945e-11
2.77623e-11
-3.38534e-11
3.78514e-11
-3.89022e-11
3.53841e-11
-2.77861e-11
1.92785e-11
-1.40919e-11
1.42449e-11
-1.84186e-11
2.26275e-11
-2.29336e-11
1.73255e-11
-6.93019e-12
-4.86409e-12
1.35871e-11
-1.56662e-11
9.42926e-12
3.86735e-12
-2.04504e-11
3.48431e-11
-4.21958e-11
4.01396e-11
-3.02934e-11
1.7303e-11
-6.76695e-12
2.167e-12
-3.94766e-12
1.02365e-11
-1.90702e-11
2.8711e-11
-3.69525e-11
4.02128e-11
-3.55347e-11
2.32577e-11
-8.55036e-12
-1.22058e-12
6.3828e-13
9.97152e-12
-2.46501e-11
3.48128e-11
-3.46223e-11
2.42744e-11
-9.64769e-12
-2.62987e-12
9.46139e-12
-1.20411e-11
1.20385e-11
-8.81983e-12
4.37908e-15
1.45568e-11
-3.08396e-11
4.20472e-11
-4.3299e-11
3.49496e-11
-2.30806e-11
1.54659e-11
-1.64444e-11
2.33998e-11
-2.90239e-11
2.69049e-11
-1.66773e-11
3.26967e-12
7.63687e-12
-1.42746e-11
1.85321e-11
-2.28064e-11
2.654e-11
-2.65646e-11
1.97145e-11
-6.32638e-12
-9.35822e-12
2.14688e-11
-2.686e-11
2.69606e-11
-2.63586e-11
2.82524e-11
-3.17697e-11
3.25508e-11
-2.69277e-11
1.49436e-11
-6.68074e-13
-1.11668e-11
1.81695e-11
-2.15102e-11
2.37742e-11
-2.66719e-11
2.96026e-11
-3.08766e-11
2.90867e-11
-2.43205e-11
1.74626e-11
-9.48036e-12
4.57281e-13
9.72937e-12
-2.05458e-11
2.96235e-11
-3.37067e-11
3.03681e-11
-2.00671e-11
5.71023e-12
8.74884e-12
-2.02323e-11
2.67843e-11
-2.80101e-11
2.51259e-11
-2.12516e-11
1.97829e-11
-2.26283e-11
2.87181e-11
-3.48924e-11
3.72463e-11
-3.31665e-11
2.23228e-11
-7.40224e-12
-7.29268e-12
1.77762e-11
-2.22933e-11
2.06163e-11
-1.3037e-11
4.79867e-14
1.58072e-11
-2.95791e-11
3.57203e-11
-3.20255e-11
2.12878e-11
-1.02372e-11
5.54094e-12
-1.03882e-11
2.23809e-11
-3.51218e-11
4.18717e-11
-3.99627e-11
3.14552e-11
-2.06154e-11
1.00657e-11
-4.79126e-13
-7.41995e-12
1.07393e-11
-6.10208e-12
-7.21002e-12
2.47935e-11
-3.88101e-11
4.19746e-11
-3.24537e-11
1.53514e-11
-2.92985e-13
-4.85623e-12
-1.32945e-12
1.34864e-11
-2.45407e-11
3.05404e-11
-3.21389e-11
3.14014e-11
-2.89058e-11
2.32208e-11
-1.38632e-11
3.53227e-12
1.94426e-12
2.45077e-12
-1.68218e-11
3.45097e-11
-4.57433e-11
4.37146e-11
-2.95454e-11
1.10825e-11
2.51217e-12
-6.91493e-12
3.82133e-12
1.9883e-12
-7.41802e-12
1.24704e-11
-1.86012e-11
2.5246e-11
-2.92e-11
2.68433e-11
-1.8316e-11
8.67523e-12
-5.34257e-12
1.24037e-11
-2.7278e-11
4.16618e-11
-4.72846e-11
4.11101e-11
-2.70508e-11
1.21461e-11
-1.63994e-12
-3.95843e-12
6.90213e-12
-8.84057e-12
8.60481e-12
-4.05879e-12
-5.04377e-12
1.52322e-11
-2.14532e-11
2.06282e-11
-1.4751e-11
9.76083e-12
-1.16142e-11
2.1393e-11
-3.44678e-11
4.35962e-11
-4.43806e-11
3.75056e-11
-2.72509e-11
1.72839e-11
-8.65661e-12
2.92011e-13
8.25137e-12
-1.54961e-11
1.8377e-11
-1.49585e-11
6.37662e-12
2.89587e-12
-8.29541e-12
8.54864e-12
-7.04679e-12
8.68315e-12
-1.58975e-11
2.65381e-11
-3.60941e-11
4.08369e-11
-4.01193e-11
3.55667e-11
-2.94722e-11
2.27459e-11
-1.48345e-11
4.7091e-12
6.81092e-12
-1.67166e-11
2.14063e-11
-1.99648e-11
1.48153e-11
-9.81998e-12
6.77706e-12
-4.63098e-12
7.63893e-13
6.31421e-12
-1.60789e-11
2.60513e-11
-3.34941e-11
3.67535e-11
-3.64587e-11
3.4366e-11
-3.1601e-11
2.71844e-11
-1.95686e-11
8.66483e-12
3.09141e-12
-1.27189e-11
1.85364e-11
-2.10082e-11
2.1362e-11
-2.06521e-11
1.88473e-11
-1.51604e-11
8.40045e-12
1.44688e-12
-1.26666e-11
2.23146e-11
-2.8613e-11
3.18166e-11
-3.34719e-11
3.41405e-11
-3.3116e-11
2.9236e-11
-2.24005e-11
1.33608e-11
-3.49304e-12
-5.92035e-12
1.3736e-11
-1.97137e-11
2.41133e-11
-2.70184e-11
2.72248e-11
-2.32894e-11
1.49532e-11
-4.1279e-12
-6.67221e-12
1.57137e-11
-2.2734e-11
2.78516e-11
-3.12763e-11
3.29764e-11
-3.29322e-11
3.06314e-11
-2.57094e-11
1.84104e-11
-9.99717e-12
1.43966e-12
7.07884e-12
-1.58412e-11
2.39797e-11
-2.96388e-11
3.09683e-11
-2.7629e-11
2.0416e-11
-1.08519e-11
4.75185e-13
9.0789e-12
-1.69534e-11
2.31421e-11
-2.81959e-11
3.18513e-11
-3.32757e-11
3.18512e-11
-2.81958e-11
2.31419e-11
-1.69532e-11
9.07876e-12
4.75205e-13
-1.08518e-11
2.04157e-11
-2.76286e-11
3.0968e-11
-2.96387e-11
2.39797e-11
-1.58414e-11
7.07901e-12
1.43958e-12
-9.99722e-12
1.84106e-11
-2.57096e-11
3.06316e-11
-3.29323e-11
3.29766e-11
-3.12765e-11
2.78517e-11
-2.2734e-11
1.57136e-11
-6.67196e-12
-4.12818e-12
1.49533e-11
-2.32894e-11
2.72247e-11
-2.70183e-11
2.41132e-11
-1.97138e-11
1.37363e-11
-5.92068e-12
-3.49277e-12
1.33607e-11
-2.24004e-11
2.92359e-11
-3.3116e-11
3.41405e-11
-3.3472e-11
3.18167e-11
-2.86131e-11
2.23147e-11
-1.26666e-11
1.44677e-12
8.40058e-12
-1.51604e-11
1.88471e-11
-2.06517e-11
2.13616e-11
-2.10078e-11
1.85362e-11
-1.27188e-11
3.09141e-12
8.66479e-12
-1.95685e-11
2.71842e-11
-3.16009e-11
3.43659e-11
-3.64586e-11
3.67535e-11
-3.34942e-11
2.60515e-11
-1.6079e-11
6.31414e-12
7.64156e-13
-4.63134e-12
6.7774e-12
-9.82021e-12
1.48154e-11
-1.99648e-11
2.14062e-11
-1.67165e-11
6.81076e-12
4.70928e-12
-1.48347e-11
2.2746e-11
-2.94723e-11
3.55667e-11
-4.01192e-11
4.08368e-11
-3.60941e-11
2.65382e-11
-1.58977e-11
8.68335e-12
-7.04694e-12
8.54869e-12
-8.29537e-12
2.89579e-12
6.3767e-12
-1.49585e-11
1.83771e-11
-1.54962e-11
8.25156e-12
2.91761e-13
-8.65637e-12
1.72837e-11
-2.72508e-11
3.75055e-11
-4.43805e-11
4.35961e-11
-3.44677e-11
2.13929e-11
-1.16142e-11
9.76091e-12
-1.47511e-11
2.06282e-11
-2.14532e-11
1.52321e-11
-5.04365e-12
-4.05881e-12
8.60467e-12
-8.84027e-12
6.90174e-12
-3.95804e-12
-1.64029e-12
1.21464e-11
-2.70511e-11
4.11105e-11
-4.72849e-11
4.1662e-11
-2.72781e-11
1.24037e-11
-5.34249e-12
8.6752e-12
-1.8316e-11
2.68434e-11
-2.92001e-11
2.5246e-11
-1.86011e-11
1.24701e-11
-7.41763e-12
1.98788e-12
3.82175e-12
-6.91538e-12
2.51272e-12
1.10818e-11
-2.95447e-11
4.3714e-11
-4.57428e-11
3.45094e-11
-1.68217e-11
2.45077e-12
1.94424e-12
3.53232e-12
-1.38633e-11
2.3221e-11
-2.8906e-11
3.14017e-11
-3.21391e-11
3.05406e-11
-2.45409e-11
1.34868e-11
-1.33012e-12
-4.85535e-12
-2.93953e-13
1.53523e-11
-3.24545e-11
4.19751e-11
-3.88104e-11
2.47936e-11
-7.20989e-12
-6.10241e-12
1.07398e-11
-7.42046e-12
-4.78693e-13
1.00654e-11
-2.06153e-11
3.14551e-11
-3.99625e-11
4.18714e-11
-3.51213e-11
2.23801e-11
-1.03874e-11
5.54009e-12
-1.02364e-11
2.12872e-11
-3.2025e-11
3.57201e-11
-2.95792e-11
1.58075e-11
4.74807e-14
-1.30365e-11
2.06159e-11
-2.2293e-11
1.7776e-11
-7.29261e-12
-7.40232e-12
2.2323e-11
-3.31668e-11
3.72467e-11
-3.48929e-11
2.87187e-11
-2.26289e-11
1.97835e-11
-2.12521e-11
2.51263e-11
-2.80102e-11
2.67843e-11
-2.02322e-11
8.74865e-12
5.71045e-12
-2.00673e-11
3.03683e-11
-3.37068e-11
2.96236e-11
-2.05459e-11
9.72949e-12
4.57103e-13
-9.48011e-12
1.74623e-11
-2.43201e-11
2.90863e-11
-3.08762e-11
2.96022e-11
-2.66715e-11
2.37739e-11
-2.151e-11
1.81695e-11
-1.11669e-11
-6.6792e-13
1.49435e-11
-2.69275e-11
3.25506e-11
-3.17696e-11
2.82522e-11
-2.63584e-11
2.69604e-11
-2.68598e-11
2.14686e-11
-9.358e-12
-6.32666e-12
1.97149e-11
-2.6565e-11
2.65403e-11
-2.28065e-11
1.85321e-11
-1.42744e-11
7.63659e-12
3.26999e-12
-1.66776e-11
2.69052e-11
-2.90242e-11
2.34e-11
-1.64445e-11
1.5466e-11
-2.30806e-11
3.49497e-11
-4.32992e-11
4.20473e-11
-3.08397e-11
1.4557e-11
4.27198e-15
-8.81983e-12
1.20386e-11
-1.20414e-11
9.46186e-12
-2.63042e-12
-9.64713e-12
2.42739e-11
-3.4622e-11
3.48126e-11
-2.46499e-11
9.97138e-12
6.38451e-13
-1.22074e-12
-8.55026e-12
2.32577e-11
-3.55347e-11
4.02129e-11
-3.69526e-11
2.87111e-11
-1.90703e-11
1.02368e-11
-3.94807e-12
2.16751e-12
-6.7675e-12
1.73035e-11
-3.02938e-11
4.014e-11
-4.21961e-11
3.48435e-11
-2.04507e-11
3.86763e-12
9.42913e-12
-1.56663e-11
1.35873e-11
-4.86435e-12
-6.92994e-12
1.73253e-11
-2.29335e-11
2.26273e-11
-1.84183e-11
1.42445e-11
-1.40914e-11
1.92781e-11
-2.77857e-11
3.53838e-11
-3.89018e-11
3.7851e-11
-3.3853e-11
2.7762e-11
-1.87944e-11
5.88767e-12
9.40558e-12
-2.28467e-11
2.97516e-11
-2.8551e-11
2.16886e-11
-1.4193e-11
9.83576e-12
-8.49361e-12
5.89317e-12
2.3723e-12
-1.64547e-11
3.06909e-11
-3.79483e-11
3.52213e-11
-2.61517e-11
1.72763e-11
-1.27942e-11
1.16324e-11
-9.69446e-12
3.60739e-12
6.30679e-12
-1.68652e-11
2.4669e-11
-2.9254e-11
3.28652e-11
-3.77237e-11
4.23379e-11
-4.18126e-11
3.16168e-11
-1.25819e-11
-8.54687e-12
2.27934e-11
-2.4891e-11
1.58794e-11
-1.86579e-12
-1.0474e-11
1.7081e-11
-1.76434e-11
1.39437e-11
-8.54659e-12
3.77499e-12
-1.93908e-12
4.70147e-12
-1.2586e-11
2.39228e-11
-3.51954e-11
4.19186e-11
-4.10304e-11
3.2435e-11
-1.9528e-11
7.13036e-12
4.88272e-13
-1.04057e-12
-6.10211e-12
1.93604e-11
-3.45631e-11
4.52411e-11
-4.60256e-11
3.60355e-11
-2.00877e-11
5.34884e-12
2.87303e-12
-4.02678e-12
1.2793e-12
1.1442e-12
-1.33056e-12
4.59349e-13
-1.37683e-12
5.11556e-12
-9.73798e-12
1.21122e-11
-1.1934e-11
1.25977e-11
-1.83809e-11
2.95502e-11
-4.12718e-11
4.67054e-11
-4.25924e-11
3.14949e-11
-1.98151e-11
1.23564e-11
-8.9582e-12
4.92221e-12
4.2724e-12
-1.89445e-11
3.41323e-11
-4.31716e-11
4.19791e-11
-3.178e-11
1.74312e-11
-4.02215e-12
-6.26182e-12
1.35757e-11
-1.83501e-11
1.95626e-11
-1.63169e-11
9.77287e-12
-3.6355e-12
1.34891e-12
-3.72392e-12
8.20433e-12
-1.08865e-11
8.27157e-12
1.05818e-12
-1.60537e-11
3.29177e-11
-4.6548e-11
5.21916e-11
-4.75907e-11
3.37191e-11
-1.52633e-11
-7.80901e-13
7.68002e-12
-3.03181e-12
-9.71265e-12
2.31542e-11
-3.11841e-11
3.22487e-11
-2.90714e-11
2.47459e-11
-2.01991e-11
1.43091e-11
-6.9723e-12
6.10133e-13
8.98285e-13
3.91061e-12
-1.20972e-11
1.75317e-11
-1.56894e-11
7.1655e-12
2.03889e-12
-4.88065e-12
-1.88431e-12
1.50209e-11
-2.75456e-11
3.38756e-11
-3.41003e-11
3.26417e-11
-3.36951e-11
3.7032e-11
-3.89219e-11
3.55922e-11
-2.63576e-11
1.30246e-11
1.73536e-12
-1.59214e-11
2.78142e-11
-3.58631e-11
3.83987e-11
-3.45115e-11
2.45949e-11
-1.12319e-11
-1.64094e-12
1.02022e-11
-1.292e-11
1.06835e-11
-6.03623e-12
1.59116e-12
1.60339e-13
2.55245e-12
-1.00298e-11
1.93431e-11
-2.4696e-11
1.99959e-11
-3.6225e-12
-1.94023e-11
3.93825e-11
-4.82387e-11
4.4265e-11
-3.25587e-11
2.02461e-11
-1.19575e-11
8.05249e-12
-6.96748e-12
7.73068e-12
-1.12855e-11
1.87239e-11
-2.90984e-11
3.80907e-11
-4.05232e-11
3.42881e-11
-2.30616e-11
1.36175e-11
-1.06269e-11
1.27738e-11
-1.47174e-11
1.17808e-11
-3.88092e-12
-5.25876e-12
1.1063e-11
-1.13495e-11
6.72641e-12
2.77122e-13
-7.15448e-12
1.21205e-11
-1.47428e-11
1.56861e-11
-1.68884e-11
2.05059e-11
-2.77724e-11
3.73247e-11
-4.54114e-11
4.7192e-11
-3.96553e-11
2.33693e-11
-2.7843e-12
-1.65151e-11
3.06745e-11
-3.906e-11
4.21665e-11
-3.95999e-11
3.01806e-11
-1.5358e-11
7.76352e-13
6.00751e-12
-1.35241e-12
-1.13462e-11
2.32893e-11
-2.64626e-11
1.86396e-11
-4.76448e-12
-6.97368e-12
1.03698e-11
-5.04558e-12
-4.64484e-12
1.32655e-11
-1.8222e-11
1.99758e-11
-2.01866e-11
1.92306e-11
-1.64874e-11
1.17617e-11
-6.83143e-12
4.23581e-12
-5.39135e-12
9.25625e-12
-1.40126e-11
1.88717e-11
-2.46761e-11
3.18214e-11
-3.91549e-11
4.44197e-11
-4.63633e-11
4.48816e-11
-4.00699e-11
3.08953e-11
-1.63791e-11
-2.59621e-12
2.16954e-11
-3.45678e-11
3.59517e-11
-2.57803e-11
1.01182e-11
1.6512e-12
-3.16087e-12
-4.78648e-12
1.47664e-11
-1.86705e-11
1.31604e-11
-1.35764e-12
-1.09456e-11
1.96021e-11
-2.40508e-11
2.49629e-11
-2.19659e-11
1.34776e-11
3.55596e-13
-1.61792e-11
2.85151e-11
-3.3433e-11
3.04847e-11
-2.26525e-11
1.40318e-11
-8.14364e-12
6.47735e-12
-8.69717e-12
1.31212e-11
-1.81122e-11
2.23912e-11
-2.55014e-11
2.77235e-11
-3.05685e-11
3.55793e-11
-4.25152e-11
4.75735e-11
-4.52565e-11
3.23899e-11
-1.20599e-11
-7.48827e-12
1.78879e-11
-1.67825e-11
8.8892e-12
-2.07645e-12
1.04951e-12
-5.08356e-12
1.00597e-11
-1.28331e-11
1.26483e-11
-1.01291e-11
5.05201e-12
3.51753e-12
-1.59454e-11
2.99984e-11
-4.09897e-11
4.34971e-11
-3.49525e-11
1.7501e-11
2.62099e-12
-1.89343e-11
2.77003e-11
-2.89651e-11
2.48248e-11
-1.82434e-11
1.21976e-11
-9.54346e-12
1.14222e-11
-1.62532e-11
1.99993e-11
-1.9559e-11
1.57853e-11
-1.38839e-11
1.89299e-11
-3.10928e-11
4.42227e-11
-5.04473e-11
4.57691e-11
-3.28098e-11
1.79434e-11
-6.90531e-12
1.44792e-12
9.09754e-14
-6.04499e-13
1.49047e-12
-2.52807e-12
3.14929e-12
-4.34677e-12
7.80859e-12
-1.37591e-11
1.89761e-11
-1.85288e-11
9.17059e-12
7.58036e-12
-2.63068e-11
4.05906e-11
-4.64069e-11
4.26982e-11
-3.0838e-11
1.36243e-11
4.31442e-12
-1.74874e-11
2.19275e-11
-1.85831e-11
1.29727e-11
-1.12978e-11
1.51546e-11
-2.07062e-11
2.21043e-11
-1.69976e-11
8.50012e-12
-3.2657e-12
6.36635e-12
-1.78806e-11
3.26316e-11
-4.41096e-11
4.83455e-11
-4.57473e-11
3.90043e-11
-3.06045e-11
2.14309e-11
-1.2175e-11
4.4088e-12
-4.79357e-13
1.03038e-12
-3.7449e-12
4.24613e-12
2.47482e-13
-8.94512e-12
1.8133e-11
-2.43129e-11
2.54309e-11
-2.05622e-11
9.00368e-12
8.13765e-12
-2.65223e-11
3.90704e-11
-4.02436e-11
2.98789e-11
-1.40544e-11
8.30205e-13
4.98667e-12
-4.9729e-12
4.69548e-12
-8.88341e-12
1.71889e-11
-2.48227e-11
2.62117e-11
-1.95951e-11
8.14143e-12
1.91903e-12
-5.49321e-12
9.27203e-13
9.95841e-12
-2.42235e-11
3.88107e-11
-5.06009e-11
5.59958e-11
-5.28907e-11
4.25441e-11
-2.97364e-11
1.93222e-11
-1.32471e-11
9.93405e-12
-7.1809e-12
4.22867e-12
-1.75668e-12
-6.19951e-13
4.98989e-12
-1.33893e-11
2.42702e-11
-3.22549e-11
3.1427e-11
-2.05324e-11
4.32318e-12
9.2921e-12
-1.48308e-11
1.21671e-11
-6.012e-12
1.75119e-12
-1.80002e-12
3.99575e-12
-4.05951e-12
-1.02195e-12
1.04877e-11
-2.08133e-11
2.76855e-11
-2.8094e-11
2.07441e-11
-6.90674e-12
-9.27482e-12
2.09801e-11
-2.18108e-11
9.54171e-12
1.13774e-11
-3.23848e-11
4.60798e-11
-5.08881e-11
5.00689e-11
-4.74253e-11
4.34599e-11
-3.66001e-11
2.64208e-11
-1.56327e-11
7.71628e-12
-3.90535e-12
1.8682e-12
1.73709e-12
-8.35149e-12
1.59616e-11
-2.1112e-11
2.15526e-11
-1.81773e-11
1.3879e-11
-1.16805e-11
1.27722e-11
-1.65501e-11
2.09803e-11
-2.38246e-11
2.31652e-11
-1.84847e-11
1.10578e-11
-4.52518e-12
3.47995e-12
-1.08176e-11
2.41225e-11
-3.56411e-11
3.64007e-11
-2.306e-11
7.24069e-13
2.00601e-11
-3.0684e-11
2.9104e-11
-1.94638e-11
7.20352e-12
4.4364e-12
-1.49213e-11
2.39909e-11
-3.07867e-11
3.44674e-11
-3.56017e-11
3.50464e-11
-3.24511e-11
2.5821e-11
-1.41299e-11
-6.74696e-13
1.3741e-11
-2.06151e-11
1.98747e-11
-1.39218e-11
6.59045e-12
-8.43525e-13
-2.46583e-12
3.08875e-12
-1.40569e-13
-7.99411e-12
2.12363e-11
-3.63224e-11
4.73317e-11
-4.952e-11
4.26611e-11
-3.19955e-11
2.45043e-11
-2.41419e-11
2.89261e-11
-3.32741e-11
3.22346e-11
-2.47108e-11
1.26013e-11
9.80463e-13
-1.30959e-11
2.07187e-11
-2.18608e-11
1.71727e-11
-1.10611e-11
8.94455e-12
-1.30003e-11
1.9259e-11
-2.04967e-11
1.21806e-11
2.76709e-12
-1.58942e-11
1.92037e-11
-1.08408e-11
-4.88031e-12
2.09318e-11
-3.18408e-11
3.493e-11
-3.01705e-11
1.90687e-11
-4.65407e-12
-9.16513e-12
1.83812e-11
-2.08799e-11
1.71387e-11
-9.77209e-12
1.14387e-12
7.85957e-12
-1.77778e-11
2.85266e-11
-3.84428e-11
4.45334e-11
-4.48253e-11
3.97177e-11
-3.18151e-11
2.32188e-11
-1.40422e-11
3.18958e-12
8.29721e-12
-1.62917e-11
1.60645e-11
-7.20492e-12
-4.96396e-12
1.23604e-11
-1.00375e-11
-1.05853e-12
1.54331e-11
-2.75704e-11
3.44776e-11
-3.59182e-11
3.28993e-11
-2.7823e-11
2.44515e-11
-2.66724e-11
3.48103e-11
-4.40965e-11
4.70178e-11
-3.93474e-11
2.3618e-11
-7.71054e-12
-1.34256e-12
2.12784e-12
5.8883e-13
-4.91422e-13
-5.664e-12
1.6001e-11
-2.57908e-11
3.03581e-11
-2.74934e-11
1.7673e-11
-4.04662e-12
-8.69791e-12
1.54947e-11
-1.32156e-11
2.123e-12
1.34267e-11
-2.708e-11
3.36007e-11
-3.20327e-11
2.52929e-11
-1.74189e-11
1.00433e-11
-2.3254e-12
-6.84067e-12
1.59805e-11
-2.16282e-11
2.09278e-11
-1.44453e-11
5.18289e-12
4.27723e-12
-1.41227e-11
2.54393e-11
-3.72029e-11
4.50466e-11
-4.45528e-11
3.47958e-11
-1.94344e-11
3.68996e-12
8.41223e-12
-1.50525e-11
1.52042e-11
-8.65383e-12
-2.79492e-12
1.3864e-11
-1.81454e-11
1.24533e-11
-1.53181e-13
-1.13826e-11
1.64699e-11
-1.57729e-11
1.4851e-11
-1.92974e-11
2.99777e-11
-4.29473e-11
5.22554e-11
-5.39008e-11
4.72501e-11
-3.49391e-11
2.12403e-11
-1.09693e-11
7.46693e-12
-1.0927e-11
1.71733e-11
-1.97224e-11
1.35227e-11
1.04855e-12
-1.80825e-11
2.93789e-11
-3.00638e-11
2.16004e-11
-1.08819e-11
5.02913e-12
-7.03689e-12
1.45701e-11
-2.31696e-11
2.94575e-11
-3.27011e-11
3.34396e-11
-3.2462e-11
3.03432e-11
-2.81755e-11
2.6732e-11
-2.52461e-11
2.05877e-11
-9.83019e-12
-6.44924e-12
2.27333e-11
-3.2199e-11
3.14331e-11
-2.26922e-11
1.08793e-11
2.79286e-13
-9.87019e-12
1.73731e-11
-2.07593e-11
1.70788e-11
-6.08382e-12
-8.30215e-12
1.99984e-11
-2.54572e-11
2.52914e-11
-2.23912e-11
1.82103e-11
-1.22776e-11
3.93141e-12
5.51233e-12
-1.36939e-11
1.89375e-11
-2.1275e-11
2.05919e-11
-1.52911e-11
2.95129e-12
1.59817e-11
-3.6254e-11
4.95144e-11
-4.99291e-11
3.799e-11
-2.03192e-11
4.9488e-12
2.99207e-12
-3.36945e-12
-6.45725e-13
4.97546e-12
-7.00556e-12
5.98873e-12
-3.21385e-12
1.11498e-12
-2.29884e-12
7.1996e-12
-1.28895e-11
1.36392e-11
-4.76777e-12
-1.36864e-11
3.54325e-11
-5.13311e-11
5.47922e-11
-4.63442e-11
3.27635e-11
-2.24119e-11
1.95758e-11
-2.30565e-11
2.81569e-11
-3.04722e-11
2.7553e-11
-1.94419e-11
8.08043e-12
2.67062e-12
-8.5204e-12
7.07696e-12
-7.25259e-13
-4.12983e-12
1.18484e-12
1.0241e-11
-2.44904e-11
3.38304e-11
-3.48585e-11
3.02809e-11
-2.5967e-11
2.57588e-11
-2.97534e-11
3.55771e-11
-4.10121e-11
4.40793e-11
-4.24964e-11
3.39159e-11
-1.8778e-11
1.59233e-12
1.10231e-11
-1.54885e-11
1.36225e-11
-1.06381e-11
9.93361e-12
-1.09123e-11
1.07188e-11
-8.40557e-12
5.96429e-12
-6.31871e-12
1.00469e-11
-1.55544e-11
2.12513e-11
-2.75247e-11
3.50093e-11
-4.22655e-11
4.52066e-11
-4.03338e-11
2.75801e-11
-1.08114e-11
-5.2276e-12
1.73527e-11
-2.45917e-11
2.63695e-11
-2.20595e-11
1.19636e-11
7.47979e-13
-1.10667e-11
1.50127e-11
-1.26321e-11
7.1359e-12
-1.97676e-12
-2.2439e-12
7.32914e-12
-1.51827e-11
2.49932e-11
-3.33856e-11
3.62082e-11
-3.12025e-11
1.86018e-11
-1.04925e-12
-1.73201e-11
3.11726e-11
-3.56911e-11
2.86335e-11
-1.25536e-11
-6.00528e-12
1.95696e-11
-2.43628e-11
2.20394e-11
-1.7949e-11
1.62321e-11
-1.68738e-11
1.61043e-11
-1.03735e-11
-7.22621e-13
1.36944e-11
-2.34921e-11
2.57097e-11
-1.84906e-11
2.89988e-12
1.65058e-11
-3.26213e-11
3.80931e-11
-2.98315e-11
1.1509e-11
7.86468e-12
-2.01002e-11
2.29508e-11
-2.09169e-11
2.03223e-11
-2.41813e-11
3.01355e-11
-3.34404e-11
3.05989e-11
-2.14988e-11
8.45316e-12
4.58275e-12
-1.28399e-11
1.16661e-11
1.78711e-13
-1.81481e-11
3.27673e-11
-3.56121e-11
2.5045e-11
-7.60853e-12
-7.40804e-12
1.45807e-11
-1.54853e-11
1.53721e-11
-1.83748e-11
2.48059e-11
-3.26744e-11
3.93058e-11
-4.21372e-11
3.85215e-11
-2.77219e-11
1.29835e-11
-1.63148e-12
3.59656e-13
-9.95519e-12
2.35185e-11
-3.15484e-11
2.87764e-11
-1.76526e-11
4.84647e-12
4.20704e-12
-8.52375e-12
9.91149e-12
-1.0721e-11
1.2686e-11
-1.76291e-11
2.65008e-11
-3.77164e-11
4.61785e-11
-4.65252e-11
3.76641e-11
-2.50332e-11
1.65852e-11
-1.67067e-11
2.27948e-11
-2.84119e-11
2.8523e-11
-2.27983e-11
1.39435e-11
-4.9832e-12
-2.40489e-12
6.95914e-12
-7.87103e-12
5.82691e-12
-4.44278e-12
8.18972e-12
-1.86632e-11
3.20065e-11
-4.17089e-11
4.35943e-11
-3.92145e-11
3.36204e-11
-3.0986e-11
3.14187e-11
-3.23773e-11
3.1403e-11
-2.79537e-11
2.22084e-11
-1.43309e-11
4.8647e-12
3.67292e-12
-7.87761e-12
6.16262e-12
-1.27872e-12
-1.42174e-12
-2.13373e-12
1.13293e-11
-2.20599e-11
3.02143e-11
-3.48577e-11
3.73775e-11
-3.92157e-11
4.01747e-11
-3.96864e-11
3.78327e-11
-3.53022e-11
3.16424e-11
-2.5375e-11
1.55662e-11
-4.17095e-12
-4.70401e-12
7.56155e-12
-4.75167e-12
-2.02947e-14
2.49196e-12
-1.0322e-12
-3.60602e-12
9.97008e-12
-1.75607e-11
2.59459e-11
-3.39659e-11
3.96731e-11
-4.21951e-11
4.23367e-11
-4.17652e-11
4.05673e-11
-3.69692e-11
2.89986e-11
-1.73624e-11
5.42309e-12
2.89361e-12
-6.05548e-12
5.05978e-12
-2.13407e-12
-1.13678e-12
3.53369e-12
-3.70945e-12
-4.07088e-14
8.06202e-12
-1.85613e-11
2.82493e-11
-3.50702e-11
3.92472e-11
-4.24029e-11
4.48854e-11
-4.51939e-11
4.11669e-11
-3.25075e-11
2.11067e-11
-9.95402e-12
1.05545e-12
4.63414e-12
-6.72154e-12
4.7833e-12
3.33126e-13
-5.96618e-12
8.32852e-12
-5.27076e-12
-2.4631e-12
1.18673e-11
-2.0514e-11
2.78512e-11
-3.47764e-11
4.13387e-11
-4.6162e-11
4.72488e-11
-4.39403e-11
3.6894e-11
-2.7385e-11
1.63483e-11
-5.26539e-12
-3.48572e-12
7.11346e-12
-4.81064e-12
-4.38946e-13
2.874e-12
-1.6098e-12
4.5859e-13
3.61253e-14
2.65149e-14
4.08399e-15
0
