0
1.41031e-13
1.92339e-12
1.26338e-11
3.95868e-11
6.45352e-11
5.84496e-11
3.27436e-11
-1.74044e-12
-4.1531e-11
-9.07085e-11
-7.51116e-11
-1.87027e-10
-1.37001e-10
-2.21476e-10
-2.32331e-10
-2.56818e-10
-2.82848e-10
-3.17863e-10
-3.31969e-10
-3.33386e-10
-4.10015e-10
-3.44041e-10
-4.365e-10
-4.00726e-10
-4.30517e-10
-4.31753e-10
-4.5422e-10
-4.36867e-10
-4.49622e-10
-4.76039e-10
-4.11499e-10
-4.92293e-10
-4.14719e-10
-4.55477e-10
-4.22513e-10
-4.3531e-10
-3.94328e-10
-4.12993e-10
-3.90174e-10
-3.45503e-10
-3.95715e-10
-2.97584e-10
-3.50284e-10
-2.81713e-10
-2.97982e-10
-2.39946e-10
-2.62167e-10
-2.03633e-10
-1.9131e-10
-1.99411e-10
-1.12189e-10
-1.67504e-10
-7.40088e-11
-1.08155e-10
-3.66386e-11
-6.61299e-11
9.76932e-12
-1.19419e-11
2.20679e-11
6.83527e-11
2.81585e-11
1.22589e-10
6.64417e-11
1.49186e-10
1.04061e-10
1.82233e-10
1.33472e-10
1.97735e-10
1.87824e-10
1.81485e-10
2.44905e-10
1.79046e-10
2.65885e-10
1.98816e-10
2.73413e-10
2.07334e-10
2.82402e-10
2.21974e-10
2.5866e-10
2.64374e-10
2.1535e-10
2.8879e-10
2.03185e-10
2.75935e-10
2.00053e-10
2.68533e-10
1.80434e-10
2.51491e-10
1.91775e-10
1.88364e-10
2.23451e-10
1.37765e-10
2.09093e-10
1.27086e-10
1.82096e-10
9.48302e-11
1.76134e-10
6.90783e-11
1.24081e-10
9.98545e-11
4.47553e-11
1.0584e-10
2.19327e-11
6.7555e-11
6.24236e-13
6.54919e-11
-5.00604e-11
4.84618e-11
-3.72169e-11
-3.38327e-11
-1.33685e-12
-7.5242e-11
-3.11564e-11
-7.53475e-11
-4.13766e-11
-1.24331e-10
-2.00776e-11
-1.4113e-10
-7.37925e-11
-8.74794e-11
-1.31919e-10
-8.77235e-11
-1.18633e-10
-1.10277e-10
-1.40049e-10
-7.05954e-11
-1.80082e-10
-7.54573e-11
-1.34948e-10
-1.34609e-10
-9.9538e-11
-1.25742e-10
-1.23633e-10
-1.10627e-10
-9.46023e-11
-1.50243e-10
-5.69312e-11
-1.33842e-10
-9.35393e-11
-7.94656e-11
-1.00909e-10
-8.77807e-11
-6.3344e-11
-8.50525e-11
-7.69891e-11
-3.68942e-11
-8.65781e-11
-3.75723e-11
-4.21059e-11
-5.48694e-11
-2.82242e-11
-2.16831e-11
-4.29867e-11
-1.90189e-12
-1.99719e-11
-1.2465e-11
2.28994e-12
3.71063e-12
-5.7142e-12
2.61406e-11
5.5765e-12
1.60248e-11
3.97571e-11
2.25905e-12
5.4968e-11
1.29894e-11
5.17443e-11
2.47729e-11
5.91369e-11
2.10915e-11
6.58848e-11
3.87356e-11
3.59469e-11
8.24856e-11
6.86016e-12
9.02136e-11
2.34873e-11
7.20631e-11
2.71004e-11
8.50011e-11
1.36034e-11
7.13494e-11
5.85612e-11
7.4593e-12
1.00674e-10
-1.64518e-12
7.38081e-11
2.01006e-11
7.11276e-11
-8.52781e-12
8.65186e-11
4.70713e-12
2.44704e-11
7.1297e-11
-2.4882e-11
6.65159e-11
-9.61696e-13
4.16001e-11
-1.55959e-11
6.74172e-11
-3.85606e-11
4.18002e-11
1.4808e-11
-2.49512e-11
4.36418e-11
-2.45147e-11
1.65161e-11
-1.57078e-11
2.48797e-11
-4.44128e-11
3.36382e-11
-3.14999e-11
-7.54255e-12
5.27039e-12
-3.18967e-11
1.14436e-12
-2.00617e-11
-1.19724e-11
-2.14538e-11
-4.95679e-12
-3.38048e-11
-1.68636e-12
-2.79304e-11
-1.81838e-11
-1.20693e-11
-2.58278e-11
-2.24494e-11
-8.70193e-13
-4.65741e-11
4.8833e-12
-2.72001e-11
-2.66189e-11
-3.42768e-12
-2.40725e-11
-2.18606e-11
-1.23075e-11
-1.40308e-12
-5.6778e-11
4.43989e-11
-6.64804e-11
1.3675e-11
-1.27455e-11
-2.0351e-11
-9.57021e-12
-1.10347e-12
-1.1995e-11
-3.13303e-11
4.80275e-11
-7.82652e-11
5.69497e-11
-4.17519e-11
8.54685e-12
-6.3903e-12
4.58133e-12
-1.22438e-11
-6.32155e-13
2.1735e-11
-4.53683e-11
5.91045e-11
-5.3143e-11
4.14088e-11
-1.98649e-11
1.4093e-11
-1.69622e-12
6.68099e-12
3.72612e-12
1.34169e-13
1.93715e-11
-2.06974e-11
3.975e-11
-2.78209e-11
2.68582e-11
4.3137e-12
-5.29018e-12
1.53285e-11
1.21018e-11
-1.48648e-11
2.95441e-11
-2.80017e-12
-3.78647e-12
2.13071e-11
4.86883e-12
-1.53475e-11
3.74071e-11
-1.387e-11
-5.61983e-12
4.33515e-11
-4.06241e-11
3.75483e-11
-1.27706e-11
1.74179e-11
-2.08129e-11
4.3316e-11
-3.8562e-11
2.69866e-11
8.04335e-12
-2.84784e-11
4.66184e-11
-4.33155e-11
4.16153e-11
-3.41836e-11
3.63367e-11
-3.43719e-11
3.40928e-11
-2.66859e-11
1.44018e-11
6.67222e-12
-2.93292e-11
4.45284e-11
-4.69095e-11
3.29582e-11
-1.63789e-11
5.99962e-12
-1.47819e-11
2.53312e-11
-3.09833e-11
1.3643e-11
9.4988e-12
-3.18902e-11
2.55819e-11
-5.71975e-12
-2.15601e-11
2.42911e-11
-1.35124e-11
-1.25882e-11
2.21374e-11
-2.12089e-11
3.93661e-12
-1.06532e-12
6.04651e-12
-2.76604e-11
4.07027e-11
-4.9098e-11
3.69037e-11
-2.26825e-11
1.50796e-12
1.09822e-11
-2.46728e-11
2.66386e-11
-2.92932e-11
2.86274e-11
-3.82358e-11
4.75331e-11
-5.71992e-11
4.8962e-11
-2.54659e-11
-9.36132e-12
3.07843e-11
-3.35966e-11
1.89839e-11
-7.4236e-12
9.72746e-12
-2.8737e-11
4.52473e-11
-4.34977e-11
2.09718e-11
6.11642e-12
-2.09012e-11
1.58079e-11
2.65178e-12
-1.80807e-11
2.09637e-11
-1.25977e-11
3.62285e-12
2.51297e-12
-2.53431e-12
5.99564e-13
1.98302e-12
1.42542e-12
-9.27499e-12
2.53944e-11
-4.40518e-11
5.90253e-11
-5.56721e-11
3.67421e-11
-1.0159e-11
-6.02854e-12
8.18615e-12
9.19876e-13
-9.0374e-13
-1.62801e-11
4.65341e-11
-6.64768e-11
6.51084e-11
-4.10015e-11
1.23753e-11
5.80804e-12
-4.40523e-12
-4.03766e-12
8.12789e-12
-1.15189e-12
-9.78296e-12
1.98409e-11
-2.18528e-11
1.6556e-11
-6.03406e-12
-3.84298e-12
1.12845e-11
-1.00153e-11
-3.46352e-12
2.55629e-11
-4.23746e-11
4.40616e-11
-3.05139e-11
1.30172e-11
-5.89175e-12
1.48487e-11
-2.79277e-11
2.58004e-11
-1.72944e-12
-3.31025e-11
5.94254e-11
-6.47097e-11
4.98852e-11
-3.01784e-11
1.94182e-11
-1.94741e-11
2.09272e-11
-1.78034e-11
8.1234e-12
5.51524e-12
-1.99635e-11
2.96201e-11
-3.25522e-11
2.59022e-11
-1.00497e-11
-9.00651e-12
1.66724e-11
-6.39556e-12
-1.52903e-11
3.19035e-11
-3.29567e-11
1.86771e-11
-4.30656e-12
5.4258e-12
-2.38729e-11
4.22511e-11
-4.38436e-11
2.43704e-11
5.76229e-12
-3.24307e-11
4.46567e-11
-4.4035e-11
3.8906e-11
-3.53119e-11
3.22037e-11
-2.99397e-11
2.94054e-11
-2.82991e-11
2.05289e-11
-3.76533e-12
-1.87103e-11
3.66591e-11
-3.77283e-11
1.84143e-11
7.20226e-12
-1.91669e-11
1.00076e-11
1.04071e-11
-2.57356e-11
2.52778e-11
-1.22797e-11
1.96563e-12
-6.79496e-12
2.38833e-11
-4.05592e-11
4.78416e-11
-4.34956e-11
2.88292e-11
-7.72674e-12
-1.40871e-11
3.18089e-11
-4.05968e-11
3.71858e-11
-2.64651e-11
2.16205e-11
-2.98555e-11
4.32462e-11
-4.63869e-11
3.08248e-11
-1.50353e-12
-2.46286e-11
3.04247e-11
-1.41091e-11
-8.32762e-12
2.02094e-11
-1.78338e-11
7.61921e-12
2.90129e-12
-8.82905e-12
1.00933e-11
-1.04095e-11
1.21319e-11
-1.52372e-11
2.26733e-11
-3.82188e-11
5.65253e-11
-6.33753e-11
4.9347e-11
-1.90685e-11
-1.23028e-11
2.85811e-11
-2.42e-11
1.05964e-11
-6.29009e-12
1.73196e-11
-3.30825e-11
4.00924e-11
-3.37497e-11
1.78693e-11
-1.07149e-12
-8.47209e-12
8.28296e-12
-7.85871e-13
-1.29719e-11
3.09084e-11
-4.38854e-11
4.08443e-11
-2.23154e-11
9.41979e-13
9.96752e-12
-6.865e-12
-1.85305e-12
4.52998e-13
1.94505e-11
-4.80439e-11
6.55259e-11
-6.21493e-11
4.33977e-11
-2.06191e-11
2.47471e-12
6.59344e-12
-7.60417e-12
3.973e-12
2.34357e-12
-8.96156e-12
8.99846e-12
1.14269e-12
-1.32026e-11
1.37998e-11
-4.18285e-13
-1.58147e-11
1.95302e-11
-2.55857e-12
-2.91399e-11
5.67322e-11
-6.42444e-11
5.27891e-11
-3.57474e-11
2.2304e-11
-1.33962e-11
7.68122e-12
-4.25035e-12
9.09523e-13
4.29776e-12
-1.29511e-11
2.58876e-11
-3.85616e-11
3.89902e-11
-2.03599e-11
-6.93353e-12
2.27465e-11
-1.63581e-11
-6.74815e-12
3.14857e-11
-4.38366e-11
4.00511e-11
-2.9525e-11
2.36051e-11
-2.34201e-11
2.29704e-11
-2.03684e-11
1.68436e-11
-9.64343e-12
-6.04092e-12
2.88424e-11
-5.02546e-11
5.88354e-11
-4.69142e-11
1.91166e-11
5.80912e-12
-1.08402e-11
-2.5379e-12
1.83977e-11
-2.47944e-11
2.13051e-11
-1.41798e-11
1.02269e-11
-1.29252e-11
1.94381e-11
-2.49643e-11
2.82898e-11
-2.82791e-11
1.78013e-11
8.0762e-12
-4.03131e-11
6.05889e-11
-5.8574e-11
3.91993e-11
-1.71792e-11
6.73098e-12
-1.17455e-11
2.17396e-11
-2.32764e-11
1.47727e-11
-5.14607e-12
-1.07656e-13
1.71331e-12
8.08019e-13
-1.03094e-11
2.49645e-11
-3.69761e-11
3.66641e-11
-1.79688e-11
-1.49857e-11
4.49265e-11
-5.44875e-11
4.36982e-11
-2.87255e-11
2.25507e-11
-2.51058e-11
2.94618e-11
-2.99337e-11
2.39143e-11
-1.32413e-11
2.1389e-12
7.22834e-12
-1.37256e-11
1.11551e-11
6.31491e-12
-3.1381e-11
4.49981e-11
-3.53647e-11
8.45466e-12
1.97202e-11
-3.62002e-11
3.74855e-11
-3.09308e-11
2.75946e-11
-3.0798e-11
3.43596e-11
-3.43442e-11
3.33264e-11
-3.12931e-11
2.15275e-11
-1.93245e-12
-1.78583e-11
2.41918e-11
-1.12938e-11
-1.4801e-11
3.81527e-11
-4.28546e-11
2.68039e-11
-3.95665e-12
-1.21744e-11
2.0741e-11
-2.6717e-11
3.00039e-11
-2.90823e-11
2.74275e-11
-3.033e-11
3.79169e-11
-4.47093e-11
4.19054e-11
-2.33993e-11
-4.96321e-12
2.44643e-11
-2.08661e-11
-6.05879e-13
2.27505e-11
-3.48854e-11
3.64097e-11
-2.93478e-11
1.5369e-11
1.71397e-12
-1.70974e-11
2.61675e-11
-2.57327e-11
1.87817e-11
-1.71564e-11
2.94496e-11
-4.7524e-11
5.31909e-11
-3.91748e-11
1.49151e-11
5.58967e-12
-1.45603e-11
1.05092e-11
3.08994e-12
-2.01475e-11
3.56743e-11
-4.58546e-11
4.38934e-11
-2.52919e-11
-1.43984e-12
1.82971e-11
-1.75255e-11
9.39023e-12
-8.3624e-12
1.80363e-11
-3.22098e-11
4.21271e-11
-4.18048e-11
3.13759e-11
-1.69718e-11
3.45809e-12
8.00414e-12
-1.30494e-11
2.33019e-12
2.46942e-11
-5.19987e-11
6.08164e-11
-4.82316e-11
2.58636e-11
-6.60545e-12
-3.55298e-12
5.667e-12
-5.8286e-12
8.66946e-12
-1.28013e-11
1.56205e-11
-2.0196e-11
2.84715e-11
-3.21683e-11
2.06315e-11
1.98488e-12
-1.80699e-11
1.44778e-11
6.66348e-12
-3.37519e-11
5.42559e-11
-6.07263e-11
5.39492e-11
-4.03012e-11
2.34524e-11
-4.57292e-12
-9.95382e-12
1.03404e-11
1.88439e-12
-1.14745e-11
6.72707e-12
7.02639e-12
-1.62706e-11
1.38094e-11
-2.35043e-12
-1.02817e-11
1.54807e-11
-9.54395e-12
-4.48184e-12
2.2459e-11
-4.36615e-11
6.33338e-11
-6.84571e-11
5.04337e-11
-1.9627e-11
-3.3767e-12
8.22834e-12
-4.42783e-13
-1.02936e-11
1.82e-11
-2.149e-11
2.09131e-11
-1.8564e-11
1.46112e-11
-9.39558e-12
7.74428e-12
-1.41438e-11
2.1181e-11
-1.38087e-11
-1.15523e-11
3.9808e-11
-5.40266e-11
5.07096e-11
-3.64387e-11
1.76525e-11
3.27257e-13
-1.17702e-11
1.2103e-11
1.07988e-13
-2.25049e-11
4.54172e-11
-5.45357e-11
4.43373e-11
-2.68946e-11
1.82583e-11
-2.00619e-11
2.17757e-11
-1.78521e-11
1.146e-11
-4.7678e-12
-4.70211e-12
1.66095e-11
-2.4983e-11
2.27911e-11
-7.49422e-12
-1.56307e-11
3.22288e-11
-2.82178e-11
4.20979e-12
2.39072e-11
-4.29372e-11
5.26013e-11
-5.57912e-11
4.86999e-11
-2.96003e-11
8.41999e-12
9.02748e-13
4.84666e-12
-1.72926e-11
2.55927e-11
-2.42292e-11
1.57775e-11
-9.66608e-12
1.28117e-11
-2.16734e-11
2.76854e-11
-2.94785e-11
3.0274e-11
-2.60513e-11
7.65016e-12
2.2162e-11
-4.57158e-11
4.81343e-11
-3.15537e-11
8.50167e-12
1.00646e-11
-1.85704e-11
1.54021e-11
-2.85677e-12
-1.53269e-11
3.52852e-11
-5.03222e-11
5.11343e-11
-3.69688e-11
2.13644e-11
-1.85699e-11
2.59895e-11
-2.98767e-11
2.44139e-11
-1.59324e-11
9.4303e-12
-3.26986e-12
-2.7275e-12
2.60851e-12
8.25626e-12
-2.69073e-11
4.3562e-11
-4.66478e-11
2.96503e-11
8.75417e-13
-2.83304e-11
4.10853e-11
-4.14748e-11
3.52756e-11
-2.15016e-11
2.51696e-14
1.72719e-11
-1.6172e-11
-2.2748e-12
2.2608e-11
-3.30573e-11
3.40321e-11
-3.15327e-11
2.94816e-11
-2.94028e-11
3.06542e-11
-3.15517e-11
3.17951e-11
-3.18837e-11
2.76294e-11
-1.31099e-11
-7.44541e-12
1.76236e-11
-6.92365e-12
-1.60833e-11
3.47853e-11
-4.30719e-11
4.35735e-11
-3.52051e-11
1.3705e-11
1.61047e-11
-3.97395e-11
4.5386e-11
-3.2983e-11
1.16248e-11
6.45258e-12
-1.28012e-11
7.90436e-12
1.02872e-12
-1.02225e-11
2.14476e-11
-3.28487e-11
3.56015e-11
-2.72818e-11
1.96555e-11
-2.47187e-11
3.74543e-11
-4.29652e-11
3.57309e-11
-2.30455e-11
1.15265e-11
-1.73804e-12
-5.03236e-12
3.11821e-12
1.08259e-11
-3.28503e-11
5.28261e-11
-5.91781e-11
4.5278e-11
-1.69566e-11
-1.03279e-11
2.53314e-11
-2.92787e-11
2.60742e-11
-1.33318e-11
-9.31062e-12
2.89024e-11
-2.96397e-11
1.20167e-11
8.01025e-12
-1.92432e-11
2.38536e-11
-2.69856e-11
2.76814e-11
-2.4361e-11
2.03569e-11
-2.04681e-11
2.50017e-11
-2.99555e-11
2.93651e-11
-1.96522e-11
5.09235e-12
2.20562e-12
5.55927e-12
-2.26831e-11
3.77677e-11
-4.7915e-11
5.55349e-11
-5.55756e-11
3.81521e-11
-6.65945e-12
-1.96174e-11
2.5138e-11
-1.28371e-11
-5.59777e-12
2.38312e-11
-3.98353e-11
4.77088e-11
-4.07132e-11
1.96486e-11
5.9765e-12
-2.48948e-11
2.98449e-11
-2.16068e-11
8.89535e-12
-1.33014e-12
-1.07832e-13
5.07213e-13
-2.79239e-13
-5.82859e-12
1.6221e-11
-2.02025e-11
1.33534e-11
-7.20109e-12
1.41081e-11
-3.01227e-11
4.12629e-11
-4.25161e-11
3.91202e-11
-3.32664e-11
2.06587e-11
-2.34456e-12
-1.07498e-11
7.94802e-12
1.06216e-11
-3.58315e-11
5.62359e-11
-6.34948e-11
5.55315e-11
-3.71864e-11
1.48454e-11
7.04099e-12
-2.25095e-11
2.17105e-11
-1.20286e-12
-2.66743e-11
4.31589e-11
-4.27812e-11
3.43397e-11
-2.39873e-11
8.29746e-12
1.18775e-11
-2.42281e-11
1.92996e-11
-4.86677e-12
-3.99954e-12
3.05308e-12
4.47953e-13
-1.84541e-12
3.42901e-12
-6.92258e-12
9.25944e-12
-8.29589e-12
6.53129e-12
-8.74282e-12
1.75926e-11
-3.14632e-11
4.30056e-11
-4.33753e-11
3.09572e-11
-1.44223e-11
2.5596e-12
3.87491e-12
-6.03688e-12
-2.11467e-12
2.55751e-11
-5.43088e-11
6.8442e-11
-6.02608e-11
4.03464e-11
-2.07667e-11
2.57566e-12
1.38353e-11
-1.85511e-11
2.43079e-12
2.69347e-11
-5.08346e-11
5.81339e-11
-5.16397e-11
3.74965e-11
-1.86351e-11
-1.30799e-12
1.46741e-11
-1.53393e-11
3.84486e-12
1.30349e-11
-2.65032e-11
2.98419e-11
-2.33157e-11
1.37088e-11
-6.82016e-12
1.30475e-12
5.30968e-12
-9.21149e-12
5.45651e-12
7.02034e-13
1.50378e-12
-1.21853e-11
1.84495e-11
-1.27902e-11
3.15892e-12
2.79111e-13
8.26744e-14
2.08317e-12
-2.09332e-12
-1.03787e-11
3.2541e-11
-4.8277e-11
4.70859e-11
-3.42873e-11
1.92859e-11
-4.64257e-12
-9.00318e-12
1.45097e-11
-4.03338e-12
-2.03698e-11
4.66316e-11
-6.28324e-11
6.35124e-11
-4.98635e-11
2.75654e-11
-4.87591e-12
-1.10505e-11
1.5392e-11
-5.17123e-12
-1.8781e-11
4.66859e-11
-6.33203e-11
6.07885e-11
-4.55079e-11
2.772e-11
-1.02515e-11
-6.83278e-12
1.53491e-11
-5.47885e-12
-1.81965e-11
3.76136e-11
-4.21449e-11
3.79177e-11
-3.33193e-11
2.53097e-11
-9.54148e-12
-5.73111e-12
7.34595e-12
3.65372e-12
-1.3345e-11
1.40501e-11
-1.20642e-11
1.35388e-11
-1.45226e-11
9.62643e-12
-3.11232e-12
2.56054e-12
-7.0387e-12
8.22014e-12
-2.2698e-12
-6.62709e-12
1.28608e-11
-1.4926e-11
1.31715e-11
-7.69632e-12
-7.96255e-13
9.43755e-12
-1.42083e-11
1.0806e-11
2.64959e-12
-2.20607e-11
3.73985e-11
-4.09803e-11
3.38144e-11
-2.16164e-11
6.48968e-12
1.04691e-11
-2.13259e-11
1.46922e-11
9.20444e-12
-3.55316e-11
5.04518e-11
-5.38171e-11
5.0294e-11
-3.73993e-11
1.20802e-11
1.4577e-11
-2.35331e-11
9.18283e-12
1.50207e-11
-3.55575e-11
5.14074e-11
-6.35645e-11
6.30385e-11
-4.20059e-11
1.01558e-11
1.16413e-11
-1.39169e-11
3.7799e-12
1.07673e-11
-3.02962e-11
5.29547e-11
-6.64311e-11
5.936e-11
-3.6467e-11
1.31782e-11
8.63307e-13
-6.33851e-12
4.15613e-12
8.23811e-12
-2.91815e-11
4.81263e-11
-5.45212e-11
4.71458e-11
-3.26554e-11
1.73642e-11
-4.89783e-12
-1.75372e-12
-1.79197e-13
1.01236e-11
-2.37227e-11
3.4918e-11
-3.90444e-11
3.46685e-11
-2.50288e-11
1.55744e-11
-9.54115e-12
6.2368e-12
-5.37139e-12
8.92862e-12
-1.6864e-11
2.32107e-11
-2.23698e-11
1.68266e-11
-1.40259e-11
1.51634e-11
-1.45173e-11
9.98981e-12
-7.685e-12
1.11224e-11
-1.3884e-11
8.92011e-12
-1.07141e-12
6.1271e-13
-7.79439e-12
1.27095e-11
-1.15398e-11
1.12936e-11
-1.57872e-11
1.64391e-11
-5.70722e-12
-8.94287e-12
1.37353e-11
-7.76905e-12
1.45535e-12
1.36902e-12
-7.91873e-12
1.9664e-11
-2.46666e-11
1.34317e-11
5.68237e-12
-1.75194e-11
1.94497e-11
-1.9518e-11
1.83232e-11
-7.57675e-12
-1.25446e-11
2.67685e-11
-2.30356e-11
7.22289e-12
7.31744e-12
-1.79709e-11
2.91917e-11
-3.69434e-11
2.97183e-11
-7.17155e-12
-1.50823e-11
2.30617e-11
-1.86703e-11
9.86923e-12
3.24316e-12
-2.36163e-11
4.31701e-11
-4.69937e-11
3.13455e-11
-8.71257e-12
-8.24207e-12
1.79049e-11
-2.20486e-11
1.56611e-11
5.48928e-12
-3.28036e-11
4.94783e-11
-4.79877e-11
3.45651e-11
-1.73853e-11
-1.70106e-12
1.97303e-11
-2.67872e-11
1.46996e-11
1.09142e-11
-3.52143e-11
4.8413e-11
-5.05353e-11
4.28315e-11
-2.42274e-11
-1.65048e-12
2.21005e-11
-2.52548e-11
1.10514e-11
1.08697e-11
-3.22872e-11
4.91933e-11
-5.67008e-11
4.84347e-11
-2.5127e-11
-1.95349e-12
1.93108e-11
-2.17892e-11
1.1758e-11
7.23625e-12
-3.15371e-11
5.27929e-11
-6.00966e-11
4.88542e-11
-2.56689e-11
1.66627e-12
1.5418e-11
-2.19644e-11
1.49102e-11
5.90622e-12
-3.3181e-11
5.39471e-11
-5.9173e-11
4.89646e-11
-2.918e-11
5.74472e-12
1.47808e-11
-2.40193e-11
1.58531e-11
6.7165e-12
-3.27794e-11
5.15008e-11
-5.80455e-11
5.15008e-11
-3.27794e-11
6.71654e-12
1.5853e-11
-2.40193e-11
1.47809e-11
5.74453e-12
-2.91798e-11
4.89644e-11
-5.91728e-11
5.39468e-11
-3.31808e-11
5.90622e-12
1.49101e-11
-2.19643e-11
1.54178e-11
1.66658e-12
-2.56694e-11
4.88546e-11
-6.00969e-11
5.27931e-11
-3.15372e-11
7.23624e-12
1.17581e-11
-2.17895e-11
1.93111e-11
-1.95393e-12
-2.51265e-11
4.84343e-11
-5.67006e-11
4.91932e-11
-3.22872e-11
1.08698e-11
1.10511e-11
-2.52544e-11
2.20999e-11
-1.65005e-12
-2.42278e-11
4.28318e-11
-5.05355e-11
4.8413e-11
-3.52141e-11
1.09138e-11
1.47e-11
-2.67876e-11
1.97306e-11
-1.70134e-12
-1.73851e-11
3.45651e-11
-4.79879e-11
4.94786e-11
-3.28038e-11
5.48942e-12
1.5661e-11
-2.20485e-11
1.79049e-11
-8.24222e-12
-8.7124e-12
3.13454e-11
-4.69936e-11
4.31701e-11
-2.36163e-11
3.2434e-12
9.869e-12
-1.86702e-11
2.30617e-11
-1.50822e-11
-7.17161e-12
2.97181e-11
-3.69431e-11
2.91915e-11
-1.79709e-11
7.3175e-12
7.22294e-12
-2.30357e-11
2.67683e-11
-1.25443e-11
-7.57692e-12
1.83231e-11
-1.95178e-11
1.94496e-11
-1.75193e-11
5.68215e-12
1.34319e-11
-2.46667e-11
1.96638e-11
-7.91852e-12
1.36884e-12
1.45561e-12
-7.7694e-12
1.37356e-11
-8.94288e-12
-5.70733e-12
1.64391e-11
-1.57873e-11
1.12938e-11
-1.15402e-11
1.27098e-11
-7.79438e-12
6.12671e-13
-1.07152e-12
8.92025e-12
-1.38839e-11
1.11222e-11
-7.68486e-12
9.98981e-12
-1.45172e-11
1.51633e-11
-1.40257e-11
1.68266e-11
-2.23698e-11
2.32106e-11
-1.68639e-11
8.92862e-12
-5.37144e-12
6.23683e-12
-9.54116e-12
1.55745e-11
-2.50289e-11
3.46687e-11
-3.90445e-11
3.4918e-11
-2.37228e-11
1.01237e-11
-1.79238e-13
-1.75381e-12
-4.89768e-12
1.73641e-11
-3.26552e-11
4.71455e-11
-5.4521e-11
4.81262e-11
-2.91815e-11
8.23817e-12
4.15592e-12
-6.33819e-12
8.62972e-13
1.31784e-11
-3.64672e-11
5.93601e-11
-6.64311e-11
5.29545e-11
-3.02958e-11
1.07669e-11
3.78025e-12
-1.39172e-11
1.16414e-11
1.01558e-11
-4.2006e-11
6.30388e-11
-6.35649e-11
5.14078e-11
-3.55579e-11
1.5021e-11
9.18277e-12
-2.35331e-11
1.45771e-11
1.208e-11
-3.73989e-11
5.02935e-11
-5.38167e-11
5.04515e-11
-3.55313e-11
9.2043e-12
1.46922e-11
-2.13258e-11
1.04687e-11
6.49023e-12
-2.1617e-11
3.3815e-11
-4.09807e-11
3.73988e-11
-2.20609e-11
2.64962e-12
1.08063e-11
-1.42089e-11
9.43832e-12
-7.96813e-13
-7.69602e-12
1.31712e-11
-1.49257e-11
1.28607e-11
-6.62736e-12
-2.2693e-12
8.21971e-12
-7.03847e-12
2.56037e-12
-3.11208e-12
9.62619e-12
-1.45225e-11
1.35389e-11
-1.20644e-11
1.40502e-11
-1.3345e-11
3.65384e-12
7.34573e-12
-5.73089e-12
-9.54164e-12
2.53098e-11
-3.33194e-11
3.79178e-11
-4.21447e-11
3.76133e-11
-1.81963e-11
-5.47896e-12
1.53492e-11
-6.83288e-12
-1.02514e-11
2.77201e-11
-4.55082e-11
6.07888e-11
-6.33202e-11
4.66856e-11
-1.87807e-11
-5.17135e-12
1.5392e-11
-1.10506e-11
-4.87578e-12
2.75657e-11
-4.98641e-11
6.35132e-11
-6.2833e-11
4.66319e-11
-2.03699e-11
-4.0334e-12
1.45099e-11
-9.00367e-12
-4.6419e-12
1.92853e-11
-3.42868e-11
4.70857e-11
-4.8277e-11
3.2541e-11
-1.03787e-11
-2.09325e-12
2.08304e-12
8.27437e-14
2.79134e-13
3.15895e-12
-1.27904e-11
1.84499e-11
-1.21857e-11
1.50418e-12
7.01633e-13
5.45688e-12
-9.21167e-12
5.30954e-12
1.30514e-12
-6.82061e-12
1.37092e-11
-2.3316e-11
2.98421e-11
-2.65033e-11
1.30349e-11
3.84501e-12
-1.53396e-11
1.46743e-11
-1.30792e-12
-1.86354e-11
3.74968e-11
-5.16399e-11
5.81341e-11
-5.08348e-11
2.69348e-11
2.43089e-12
-1.85514e-11
1.38358e-11
2.57513e-12
-2.07662e-11
4.03461e-11
-6.02608e-11
6.8442e-11
-5.43087e-11
2.55751e-11
-2.11504e-12
-6.03638e-12
3.87471e-12
2.55948e-12
-1.44223e-11
3.09575e-11
-4.33756e-11
4.30056e-11
-3.14632e-11
1.75927e-11
-8.74299e-12
6.53141e-12
-8.29587e-12
9.25929e-12
-6.92233e-12
3.42872e-12
-1.84515e-12
4.47746e-13
3.05327e-12
-3.99969e-12
-4.86671e-12
1.92996e-11
-2.42283e-11
1.18778e-11
8.29718e-12
-2.39872e-11
3.43396e-11
-4.27811e-11
4.31588e-11
-2.66744e-11
-1.20259e-12
2.17103e-11
-2.25094e-11
7.04091e-12
1.48454e-11
-3.71864e-11
5.55315e-11
-6.34947e-11
5.62355e-11
-3.58311e-11
1.06214e-11
7.94795e-12
-1.07497e-11
-2.34467e-12
2.0659e-11
-3.32669e-11
3.91207e-11
-4.25163e-11
4.12629e-11
-3.01226e-11
1.41078e-11
-7.2006e-12
1.33529e-11
-2.02022e-11
1.62208e-11
-5.82852e-12
-2.79123e-13
5.06853e-13
-1.07335e-13
-1.33057e-12
8.89563e-12
-2.16069e-11
2.98449e-11
-2.48947e-11
5.97632e-12
1.96488e-11
-4.07134e-11
4.77092e-11
-3.98356e-11
2.38313e-11
-5.59777e-12
-1.28371e-11
2.51381e-11
-1.96177e-11
-6.65902e-12
3.81517e-11
-5.55753e-11
5.55347e-11
-4.79149e-11
3.77679e-11
-2.26837e-11
5.55991e-12
2.20506e-12
5.09276e-12
-1.96525e-11
2.93653e-11
-2.99554e-11
2.50014e-11
-2.04676e-11
2.03564e-11
-2.43607e-11
2.76812e-11
-2.69853e-11
2.38533e-11
-1.9243e-11
8.01005e-12
1.20171e-11
-2.96401e-11
2.89026e-11
-9.31058e-12
-1.3332e-11
2.60745e-11
-2.92793e-11
2.53323e-11
-1.03288e-11
-1.69559e-11
4.52773e-11
-5.91776e-11
5.28259e-11
-3.28506e-11
1.08264e-11
3.11762e-12
-5.03169e-12
-1.73871e-12
1.1527e-11
-2.30457e-11
3.57308e-11
-4.29649e-11
3.74541e-11
-2.47186e-11
1.96555e-11
-2.72819e-11
3.56019e-11
-3.28493e-11
2.14481e-11
-1.02226e-11
1.02847e-12
7.90476e-12
-1.28016e-11
6.45304e-12
1.16243e-11
-3.29826e-11
4.53859e-11
-3.97398e-11
1.61052e-11
1.37047e-11
-3.5205e-11
4.35735e-11
-4.30718e-11
3.47852e-11
-1.60833e-11
-6.92358e-12
1.76235e-11
-7.44526e-12
-1.311e-11
2.76296e-11
-3.18842e-11
3.17958e-11
-3.15522e-11
3.06543e-11
-2.94027e-11
2.94812e-11
-3.15322e-11
3.40316e-11
-3.30569e-11
2.26077e-11
-2.27463e-12
-1.6172e-11
1.72717e-11
2.5301e-14
-2.15013e-11
3.5275e-11
-4.14742e-11
4.1085e-11
-2.83303e-11
8.75374e-13
2.96502e-11
-4.66475e-11
4.35615e-11
-2.69068e-11
8.25584e-12
2.60863e-12
-2.72726e-12
-3.27018e-12
9.43038e-12
-1.59323e-11
2.44136e-11
-2.98765e-11
2.59893e-11
-1.85696e-11
2.1364e-11
-3.69685e-11
5.11342e-11
-5.03223e-11
3.52854e-11
-1.53271e-11
-2.85658e-12
1.54019e-11
-1.85701e-11
1.00642e-11
8.50216e-12
-3.15542e-11
4.81347e-11
-4.5716e-11
2.21621e-11
7.65017e-12
-2.60514e-11
3.02744e-11
-2.94789e-11
2.76858e-11
-2.16736e-11
1.28119e-11
-9.66601e-12
1.57774e-11
-2.42292e-11
2.55928e-11
-1.72928e-11
4.84703e-12
9.02269e-13
8.42052e-12
-2.96008e-11
4.87002e-11
-5.57912e-11
5.26012e-11
-4.2937e-11
2.39068e-11
4.2102e-12
-2.82181e-11
3.22288e-11
-1.56307e-11
-7.49395e-12
2.27908e-11
-2.49827e-11
1.66094e-11
-4.70184e-12
-4.76816e-12
1.14603e-11
-1.78521e-11
2.17755e-11
-2.00617e-11
1.82583e-11
-2.68949e-11
4.43377e-11
-5.4536e-11
4.54174e-11
-2.2505e-11
1.08165e-13
1.21029e-11
-1.17703e-11
3.27796e-13
1.76517e-11
-3.6438e-11
5.07091e-11
-5.40262e-11
3.98076e-11
-1.15518e-11
-1.38092e-11
2.11815e-11
-1.41441e-11
7.74457e-12
-9.39584e-12
1.46115e-11
-1.85644e-11
2.09133e-11
-2.14898e-11
1.81993e-11
-1.02927e-11
-4.43604e-13
8.22902e-12
-3.37736e-12
-1.96264e-11
5.04332e-11
-6.84569e-11
6.33338e-11
-4.36616e-11
2.24591e-11
-4.48186e-12
-9.54407e-12
1.54809e-11
-1.02818e-11
-2.3504e-12
1.38094e-11
-1.62705e-11
7.02612e-12
6.72744e-12
-1.14748e-11
1.88446e-12
1.03406e-11
-9.95421e-12
-4.57242e-12
2.34518e-11
-4.03004e-11
5.39484e-11
-6.07256e-11
5.42554e-11
-3.37515e-11
6.66328e-12
1.44778e-11
-1.807e-11
1.98505e-12
2.06313e-11
-3.21683e-11
2.84717e-11
-2.01965e-11
1.56211e-11
-1.28019e-11
8.67001e-12
-5.8292e-12
5.66769e-12
-3.55359e-12
-6.60514e-12
2.58636e-11
-4.82319e-11
6.08167e-11
-5.19988e-11
2.46943e-11
2.32989e-12
-1.30489e-11
8.00377e-12
3.45831e-12
-1.69719e-11
3.1376e-11
-4.1805e-11
4.21274e-11
-3.22101e-11
1.80365e-11
-8.3624e-12
9.39026e-12
-1.75255e-11
1.8297e-11
-1.43966e-12
-2.5292e-11
4.38935e-11
-4.58547e-11
3.56743e-11
-2.01475e-11
3.09001e-12
1.0509e-11
-1.456e-11
5.58938e-12
1.49154e-11
-3.91751e-11
5.31911e-11
-4.7524e-11
2.94494e-11
-1.71561e-11
1.87815e-11
-2.57326e-11
2.61676e-11
-1.70976e-11
1.71394e-12
1.53693e-11
-2.93482e-11
3.641e-11
-3.48857e-11
2.27507e-11
-6.06002e-13
-2.08662e-11
2.44645e-11
-4.96372e-12
-2.33988e-11
4.19053e-11
-4.47096e-11
3.79173e-11
-3.03302e-11
2.74273e-11
-2.90821e-11
3.00039e-11
-2.67171e-11
2.07411e-11
-1.21744e-11
-3.95666e-12
2.68037e-11
-4.28543e-11
3.81523e-11
-1.48008e-11
-1.12936e-11
2.41914e-11
-1.7858e-11
-1.93244e-12
2.15275e-11
-3.12934e-11
3.33269e-11
-3.43447e-11
3.43601e-11
-3.07982e-11
2.75946e-11
-3.09308e-11
3.74856e-11
-3.62002e-11
1.972e-11
8.45497e-12
-3.53648e-11
4.49981e-11
-3.13809e-11
6.31497e-12
1.11549e-11
-1.37252e-11
7.22789e-12
2.13933e-12
-1.32416e-11
2.39146e-11
-2.99339e-11
2.94618e-11
-2.51057e-11
2.25505e-11
-2.87253e-11
4.36983e-11
-5.44877e-11
4.49267e-11
-1.49858e-11
-1.79687e-11
3.66641e-11
-3.69762e-11
2.49646e-11
-1.03095e-11
8.08179e-13
1.71302e-12
-1.07373e-13
-5.14623e-12
1.47727e-11
-2.32764e-11
2.17397e-11
-1.17457e-11
6.73124e-12
-1.71796e-11
3.91996e-11
-5.85741e-11
6.05888e-11
-4.0313e-11
8.07622e-12
1.78012e-11
-2.8279e-11
2.82898e-11
-2.49644e-11
1.94383e-11
-1.29254e-11
1.02271e-11
-1.418e-11
2.13054e-11
-2.47947e-11
1.83978e-11
-2.53791e-12
-1.08402e-11
5.80916e-12
1.91168e-11
-4.69145e-11
5.88358e-11
-5.0255e-11
2.88427e-11
-6.041e-12
-9.64348e-12
1.68437e-11
-2.03686e-11
2.29705e-11
-2.34202e-11
2.3605e-11
-2.9525e-11
4.00512e-11
-4.38368e-11
3.14859e-11
-6.74836e-12
-1.63579e-11
2.27465e-11
-6.93343e-12
-2.036e-11
3.89902e-11
-3.85616e-11
2.58876e-11
-1.29512e-11
4.29799e-12
9.09267e-13
-4.2501e-12
7.68109e-12
-1.33962e-11
2.2304e-11
-3.57473e-11
5.2789e-11
-6.42444e-11
5.6732e-11
-2.91395e-11
-2.55914e-12
1.95309e-11
-1.58151e-11
-4.1822e-13
1.38e-11
-1.3203e-11
1.14298e-12
8.99836e-12
-8.96158e-12
2.34366e-12
3.97288e-12
-7.60402e-12
6.59334e-12
2.47464e-12
-2.06189e-11
4.33972e-11
-6.21488e-11
6.55255e-11
-4.80438e-11
1.94506e-11
4.52897e-13
-1.85297e-12
-6.86511e-12
9.96757e-12
9.42041e-13
-2.23156e-11
4.08447e-11
-4.38858e-11
3.09086e-11
-1.29721e-11
-7.85718e-13
8.28264e-12
-8.47174e-12
-1.07171e-12
1.78692e-11
-3.37496e-11
4.00924e-11
-3.30828e-11
1.732e-11
-6.29051e-12
1.05965e-11
-2.41999e-11
2.85808e-11
-1.23026e-11
-1.90686e-11
4.93471e-11
-6.33754e-11
5.65254e-11
-3.82189e-11
2.26733e-11
-1.52372e-11
1.21319e-11
-1.04095e-11
1.00934e-11
-8.82903e-12
2.90117e-12
7.61938e-12
-1.7834e-11
2.02096e-11
-8.32767e-12
-1.41091e-11
3.04246e-11
-2.46284e-11
-1.50376e-12
3.0825e-11
-4.6387e-11
4.32462e-11
-2.98555e-11
2.16206e-11
-2.64652e-11
3.71859e-11
-4.05967e-11
3.18087e-11
-1.40868e-11
-7.72689e-12
2.88294e-11
-4.34955e-11
4.78417e-11
-4.05594e-11
2.38838e-11
-6.79539e-12
1.96599e-12
-1.22798e-11
2.52779e-11
-2.57357e-11
1.04075e-11
1.00071e-11
-1.91664e-11
7.20199e-12
1.84144e-11
-3.77283e-11
3.66591e-11
-1.87102e-11
-3.76513e-12
2.05287e-11
-2.82988e-11
2.94051e-11
-2.99393e-11
3.22036e-11
-3.5312e-11
3.89063e-11
-4.40353e-11
4.46569e-11
-3.24305e-11
5.76188e-12
2.43709e-11
-4.38438e-11
4.2251e-11
-2.38725e-11
5.42523e-12
-4.30608e-12
1.8677e-11
-3.29569e-11
3.19039e-11
-1.52907e-11
-6.39548e-12
1.66727e-11
-9.00707e-12
-1.00493e-11
2.5902e-11
-3.25525e-11
2.96206e-11
-1.99642e-11
5.51555e-12
8.1233e-12
-1.78035e-11
2.09271e-11
-1.94739e-11
1.94178e-11
-3.01781e-11
4.98849e-11
-6.47098e-11
5.94253e-11
-3.31024e-11
-1.72979e-12
2.58005e-11
-2.79277e-11
1.48482e-11
-5.89107e-12
1.30163e-11
-3.05134e-11
4.40613e-11
-4.23747e-11
2.55629e-11
-3.46339e-12
-1.00159e-11
1.12852e-11
-3.84386e-12
-6.03341e-12
1.65555e-11
-2.18528e-11
1.98411e-11
-9.78329e-12
-1.15175e-12
8.12788e-12
-4.03803e-12
-4.40487e-12
5.80785e-12
1.23752e-11
-4.10013e-11
6.51082e-11
-6.64767e-11
4.65342e-11
-1.62801e-11
-9.03686e-13
9.1989e-13
8.18635e-12
-6.02878e-12
-1.01586e-11
3.67419e-11
-5.56718e-11
5.90253e-11
-4.40516e-11
2.53943e-11
-9.27449e-12
1.42509e-12
1.98355e-12
5.99428e-13
-2.53408e-12
2.51318e-12
3.62294e-12
-1.25976e-11
2.09642e-11
-1.80811e-11
2.6523e-12
1.5808e-11
-2.09013e-11
6.11697e-12
2.09718e-11
-4.34977e-11
4.52477e-11
-2.8737e-11
9.72774e-12
-7.42341e-12
1.8984e-11
-3.35965e-11
3.07846e-11
-9.36122e-12
-2.54658e-11
4.89622e-11
-5.7199e-11
4.75329e-11
-3.82352e-11
2.8627e-11
-2.92929e-11
2.66387e-11
-2.46728e-11
1.09821e-11
1.50831e-12
-2.26828e-11
3.69041e-11
-4.90983e-11
4.07028e-11
-2.76605e-11
6.04658e-12
-1.06544e-12
3.93649e-12
-2.12089e-11
2.21371e-11
-1.25882e-11
-1.35127e-11
2.42911e-11
-2.15605e-11
-5.7195e-12
2.55813e-11
-3.189e-11
9.4983e-12
1.36431e-11
-3.09837e-11
2.53312e-11
-1.47825e-11
5.99984e-12
-1.63796e-11
3.29583e-11
-4.69099e-11
4.45281e-11
-2.93292e-11
6.67167e-12
1.44017e-11
-2.66862e-11
3.40924e-11
-3.43719e-11
3.63364e-11
-3.41841e-11
4.16156e-11
-4.33163e-11
4.66187e-11
-2.84789e-11
8.04321e-12
2.69865e-11
-3.85621e-11
4.33157e-11
-2.08129e-11
1.74176e-11
-1.27706e-11
3.7548e-11
-4.06241e-11
4.33512e-11
-5.61976e-12
-1.38699e-11
3.74069e-11
-1.53472e-11
4.86857e-12
2.13073e-11
-3.78637e-12
-2.8003e-12
2.95445e-11
-1.48649e-11
1.2102e-11
1.53289e-11
-5.29044e-12
4.31433e-12
2.68581e-11
-2.78206e-11
3.97505e-11
-2.06974e-11
1.93719e-11
1.34547e-13
3.7261e-12
6.68176e-12
-1.69634e-12
1.40937e-11
-1.98647e-11
4.14092e-11
-5.31426e-11
5.91049e-11
-4.5368e-11
2.17357e-11
-6.32312e-13
-1.22428e-11
4.5812e-12
-6.3896e-12
8.54702e-12
-4.17515e-11
5.69499e-11
-7.82646e-11
4.80274e-11
-3.13296e-11
-1.1995e-11
-1.10302e-12
-9.57002e-12
-2.03506e-11
-1.27454e-11
1.36754e-11
-6.64804e-11
4.43991e-11
-5.67778e-11
-1.40324e-12
-1.23071e-11
-2.18607e-11
-2.40725e-11
-3.42752e-12
-2.66189e-11
-2.72004e-11
4.88377e-12
-4.65749e-11
-8.69738e-13
-2.24498e-11
-2.5828e-11
-1.20694e-11
-1.81838e-11
-2.79312e-11
-1.68584e-12
-3.38058e-11
-4.95671e-12
-2.14541e-11
-1.19728e-11
-2.00622e-11
1.14445e-12
-3.18978e-11
5.27072e-12
-7.54335e-12
-3.15004e-11
3.3638e-11
-4.44134e-11
2.48792e-11
-1.57078e-11
1.65151e-11
-2.45148e-11
4.36413e-11
-2.49519e-11
1.48079e-11
4.17994e-11
-3.85609e-11
6.74168e-11
-1.55965e-11
4.15999e-11
-9.62019e-13
6.65154e-11
-2.4882e-11
7.12964e-11
2.44704e-11
4.7067e-12
8.65184e-11
-8.52799e-12
7.11274e-11
2.01005e-11
7.3808e-11
-1.64543e-12
1.00674e-10
7.45914e-12
5.85613e-11
7.13493e-11
1.36034e-11
8.50012e-11
2.71004e-11
7.20634e-11
2.34874e-11
9.02136e-11
6.86069e-12
8.24855e-11
3.59474e-11
3.8736e-11
6.5885e-11
2.10919e-11
5.91375e-11
2.47727e-11
5.17453e-11
1.29894e-11
5.49685e-11
2.25954e-12
3.97576e-11
1.60249e-11
5.57766e-12
2.61402e-11
-5.71318e-12
3.71089e-12
2.29035e-12
-1.24645e-11
-1.99713e-11
-1.90192e-12
-4.29856e-11
-2.16831e-11
-2.82235e-11
-5.4869e-11
-4.21057e-11
-3.75719e-11
-8.65776e-11
-3.68941e-11
-7.69885e-11
-8.50524e-11
-6.33436e-11
-8.77803e-11
-1.00909e-10
-7.94653e-11
-9.35391e-11
-1.33842e-10
-5.69309e-11
-1.50243e-10
-9.46021e-11
-1.10627e-10
-1.23633e-10
-1.25742e-10
-9.95378e-11
-1.34609e-10
-1.34948e-10
-7.54575e-11
-1.80082e-10
-7.05958e-11
-1.40049e-10
-1.10278e-10
-1.18633e-10
-8.77239e-11
-1.31919e-10
-8.74799e-11
-7.37926e-11
-1.4113e-10
-2.00778e-11
-1.24332e-10
-4.13767e-11
-7.53481e-11
-3.11566e-11
-7.52425e-11
-1.33714e-12
-3.38332e-11
-3.72172e-11
4.84612e-11
-5.00606e-11
6.54914e-11
6.23965e-13
6.75544e-11
2.19326e-11
1.05839e-10
4.47553e-11
9.98539e-11
1.24081e-10
6.90779e-11
1.76134e-10
9.48295e-11
1.82096e-10
1.27085e-10
2.09094e-10
1.37765e-10
2.23451e-10
1.88364e-10
1.91776e-10
2.5149e-10
1.80435e-10
2.68532e-10
2.00054e-10
2.75935e-10
2.03185e-10
2.8879e-10
2.1535e-10
2.64374e-10
2.5866e-10
2.21974e-10
2.82402e-10
2.07334e-10
2.73413e-10
1.98816e-10
2.65885e-10
1.79046e-10
2.44906e-10
1.81485e-10
1.87825e-10
1.97735e-10
1.33473e-10
1.82233e-10
1.04061e-10
1.49187e-10
6.64421e-11
1.22589e-10
2.81592e-11
6.83528e-11
2.20683e-11
-1.19415e-11
9.76956e-12
-6.61296e-11
-3.66381e-11
-1.08155e-10
-7.40082e-11
-1.67504e-10
-1.12189e-10
-1.9941e-10
-1.9131e-10
-2.03632e-10
-2.62166e-10
-2.39946e-10
-2.97981e-10
-2.81713e-10
-3.50284e-10
-2.97583e-10
-3.95715e-10
-3.45503e-10
-3.90174e-10
-4.12994e-10
-3.94327e-10
-4.3531e-10
-4.22513e-10
-4.55476e-10
-4.14719e-10
-4.92293e-10
-4.11499e-10
-4.76039e-10
-4.49622e-10
-4.36867e-10
-4.54221e-10
-4.31752e-10
-4.30517e-10
-4.00726e-10
-4.365e-10
-3.44042e-10
-4.10014e-10
-3.33387e-10
-3.31969e-10
-3.17862e-10
-2.82848e-10
-2.56818e-10
-2.3233e-10
-2.21476e-10
-1.37001e-10
-1.87028e-10
-7.5112e-11
-9.07083e-11
-4.15316e-11
-1.74014e-12
3.27446e-11
5.84532e-11
6.45421e-11
3.95921e-11
1.26342e-11
1.91077e-12
0
