0
2.53003e-16
3.57811e-15
2.26098e-14
7.88949e-14
1.80043e-14
-7.4183e-13
5.74527e-12
-1.38573e-11
1.46817e-11
-1.75732e-12
-1.80576e-11
3.31046e-11
-3.7537e-11
3.19622e-11
-1.89856e-11
2.06913e-12
1.14189e-11
-1.3128e-11
1.99247e-12
1.21692e-11
-1.73219e-11
9.51843e-12
6.09176e-12
-2.27653e-11
3.56695e-11
-4.0128e-11
3.17681e-11
-1.28669e-11
-5.57869e-12
1.18126e-11
-4.31921e-12
-8.28108e-12
1.63853e-11
-1.61531e-11
7.15717e-12
9.92745e-12
-3.06367e-11
4.44652e-11
-4.21125e-11
2.503e-11
-5.38427e-12
-5.39089e-12
4.81401e-12
2.86926e-12
-1.31539e-11
2.12307e-11
-2.00393e-11
4.26822e-12
2.1277e-11
-4.25394e-11
4.77314e-11
-3.73695e-11
2.06957e-11
-6.14618e-12
-2.32432e-12
1.75675e-12
9.04524e-12
-2.41504e-11
3.03462e-11
-1.83963e-11
-7.32251e-12
3.25608e-11
-4.64462e-11
4.72243e-11
-3.7824e-11
2.13484e-11
-4.20972e-12
-3.05802e-12
-6.03768e-12
2.44399e-11
-3.60848e-11
3.03584e-11
-1.02427e-11
-1.4629e-11
3.67945e-11
-5.13306e-11
5.22311e-11
-3.71448e-11
1.46847e-11
-1.29102e-12
6.06561e-12
-2.24488e-11
3.60324e-11
-3.82973e-11
2.86627e-11
-8.61619e-12
-1.95053e-11
4.65727e-11
-5.85472e-11
4.89031e-11
-2.75608e-11
1.17696e-11
-1.03587e-11
1.92747e-11
-3.11333e-11
4.11607e-11
-4.39967e-11
3.16055e-11
-2.3393e-12
-3.17524e-11
5.24158e-11
-5.22081e-11
3.91719e-11
-2.58783e-11
1.81218e-11
-1.7067e-11
2.4424e-11
-3.94197e-11
5.19197e-11
-4.78717e-11
2.35091e-11
9.0061e-12
-3.37394e-11
4.44028e-11
-4.44214e-11
3.76746e-11
-2.67293e-11
1.77516e-11
-1.98743e-11
3.45108e-11
-5.03216e-11
5.27418e-11
-3.8202e-11
1.48493e-11
7.92621e-12
-2.63978e-11
3.84855e-11
-4.05386e-11
3.2079e-11
-2.1331e-11
1.93912e-11
-2.88656e-11
4.1071e-11
-4.60316e-11
4.13214e-11
-3.0338e-11
1.52685e-11
3.15852e-12
-2.09734e-11
3.0905e-11
-3.00085e-11
2.39868e-11
-2.15468e-11
2.50509e-11
-2.98792e-11
3.16801e-11
-3.11508e-11
3.00025e-11
-2.61759e-11
1.61196e-11
-1.37047e-12
-1.14601e-11
1.7815e-11
-2.00044e-11
2.23415e-11
-2.44146e-11
2.22129e-11
-1.59095e-11
1.15898e-11
-1.38993e-11
1.9366e-11
-2.08651e-11
1.62472e-11
-9.36318e-12
2.43156e-12
6.6623e-12
-1.8082e-11
2.47458e-11
-1.93456e-11
4.52807e-12
7.92301e-12
-9.79187e-12
3.22589e-12
5.21165e-12
-1.32336e-11
2.0322e-11
-2.17346e-11
1.12825e-11
7.64136e-12
-2.12145e-11
1.79218e-11
-6.93292e-13
-1.81288e-11
2.93844e-11
-3.17836e-11
2.52186e-11
-8.88933e-12
-1.28182e-11
2.70668e-11
-2.33776e-11
5.29186e-12
1.14052e-11
-1.41173e-11
2.25638e-12
1.68066e-11
-3.65936e-11
5.14627e-11
-5.42754e-11
3.96226e-11
-1.26425e-11
-1.16806e-11
1.99183e-11
-1.20957e-11
-6.92736e-13
7.01243e-12
-2.94474e-12
-1.04255e-11
3.03161e-11
-5.17404e-11
6.51558e-11
-6.17092e-11
4.16475e-11
-1.67319e-11
2.87068e-13
3.63172e-12
-1.27541e-12
-1.37136e-13
-1.75524e-12
7.02466e-12
-1.79145e-11
3.52487e-11
-5.27825e-11
5.98916e-11
-5.26582e-11
3.82969e-11
-2.64954e-11
1.87029e-11
-1.00573e-11
-5.6644e-13
8.05576e-12
-9.68589e-12
1.06057e-11
-1.6885e-11
2.66047e-11
-3.27714e-11
3.37816e-11
-3.48883e-11
3.85116e-11
-3.82961e-11
2.72005e-11
-7.9967e-12
-8.49116e-12
1.52088e-11
-1.40641e-11
9.9554e-12
-4.25489e-12
-2.24627e-12
4.42995e-12
3.9593e-12
-2.09702e-11
3.48616e-11
-3.40048e-11
1.79494e-11
3.12696e-12
-1.8025e-11
2.18904e-11
-1.49947e-11
-7.55134e-13
2.09589e-11
-3.61882e-11
3.59236e-11
-1.84774e-11
-4.60086e-12
1.71833e-11
-1.26561e-11
-2.30542e-12
1.65277e-11
-2.38086e-11
2.20264e-11
-9.06617e-12
-1.50103e-11
4.12411e-11
-5.51253e-11
4.93956e-11
-3.23288e-11
1.84146e-11
-1.43612e-11
1.58259e-11
-1.77379e-11
1.95097e-11
-2.08661e-11
1.616e-11
-7.65296e-13
-2.13282e-11
3.88423e-11
-4.56579e-11
4.53649e-11
-4.50089e-11
4.47448e-11
-4.00016e-11
2.89819e-11
-1.71516e-11
1.00408e-11
-7.72831e-12
5.24288e-12
-2.94575e-13
-5.78284e-12
1.1627e-11
-2.04652e-11
3.4596e-11
-4.94188e-11
5.36476e-11
-4.12113e-11
1.81556e-11
1.65428e-12
-9.94546e-12
7.76847e-12
-1.19321e-13
-1.04998e-11
2.01568e-11
-2.07759e-11
5.91057e-12
1.81836e-11
-3.48556e-11
3.16834e-11
-1.23484e-11
-9.3699e-12
2.28076e-11
-2.57052e-11
1.85884e-11
-1.86917e-12
-1.99913e-11
3.60667e-11
-3.6666e-11
2.35077e-11
-9.06088e-12
4.8946e-12
-1.17105e-11
2.18536e-11
-2.84379e-11
3.04691e-11
-2.87272e-11
2.17375e-11
-7.33891e-12
-1.12947e-11
2.66908e-11
-3.40744e-11
3.69811e-11
-4.10225e-11
4.55803e-11
-4.36029e-11
3.28143e-11
-2.05466e-11
1.65065e-11
-2.05644e-11
2.4167e-11
-2.03393e-11
1.01551e-11
3.56554e-12
-2.08471e-11
4.10725e-11
-5.59117e-11
5.44107e-11
-3.46694e-11
9.10659e-12
6.2676e-12
-4.89455e-12
-7.13242e-12
1.98103e-11
-2.66374e-11
2.52676e-11
-1.45454e-11
-4.09328e-12
2.31045e-11
-3.05677e-11
1.96396e-11
3.33887e-12
-2.30529e-11
2.84615e-11
-2.13999e-11
1.04372e-11
-4.93061e-13
-9.53749e-12
1.90207e-11
-2.34965e-11
2.06336e-11
-1.64769e-11
1.84062e-11
-2.622e-11
3.17133e-11
-3.07581e-11
2.77889e-11
-2.96436e-11
3.40916e-11
-3.234e-11
1.80986e-11
4.42716e-12
-2.65005e-11
4.14155e-11
-4.83296e-11
4.69262e-11
-3.72956e-11
2.18863e-11
-1.01655e-11
1.16362e-11
-2.70036e-11
4.31035e-11
-4.49192e-11
2.8005e-11
-2.41559e-12
-1.97923e-11
3.25954e-11
-3.59203e-11
2.85246e-11
-1.12225e-11
-8.54306e-12
1.7763e-11
-1.09178e-11
-4.51243e-12
1.49137e-11
-1.50445e-11
1.01032e-11
-7.62532e-12
8.38086e-12
-8.92101e-12
8.04116e-12
-9.38465e-12
1.58134e-11
-2.50941e-11
3.20059e-11
-3.47056e-11
3.56383e-11
-3.53858e-11
2.84989e-11
-9.21703e-12
-1.81687e-11
3.9614e-11
-4.37159e-11
3.32798e-11
-2.07774e-11
1.59748e-11
-1.93284e-11
2.79778e-11
-3.9789e-11
5.13367e-11
-5.36549e-11
3.89417e-11
-9.5504e-12
-1.97731e-11
3.42674e-11
-3.02793e-11
1.71696e-11
-5.94225e-12
1.05846e-12
2.85607e-13
-1.81283e-14
-2.82049e-12
8.96992e-12
-1.38483e-11
1.26633e-11
-6.66508e-12
3.40248e-12
-6.26723e-12
1.03168e-11
-8.95334e-12
5.08833e-12
-8.54066e-12
2.40943e-11
-4.37565e-11
5.44977e-11
-4.97983e-11
3.31844e-11
-1.17279e-11
-9.26535e-12
2.56752e-11
-3.2485e-11
2.66263e-11
-1.29298e-11
3.94787e-12
-1.07839e-11
3.16358e-11
-5.23952e-11
5.88135e-11
-4.92177e-11
3.20444e-11
-1.54539e-11
6.82286e-13
1.18531e-11
-1.85684e-11
1.55482e-11
-6.49927e-12
-6.84802e-13
1.85481e-12
-1.78491e-12
5.5106e-12
-1.13739e-11
1.09764e-11
-7.1679e-13
-1.3573e-11
2.01389e-11
-1.43011e-11
1.88869e-12
5.45087e-12
-2.13704e-12
-1.04295e-11
2.76614e-11
-4.70763e-11
6.3237e-11
-6.70468e-11
5.11951e-11
-2.16708e-11
-5.30084e-12
1.59845e-11
-1.19493e-11
4.72077e-12
-3.98738e-12
9.38585e-12
-1.62511e-11
2.19104e-11
-2.77432e-11
3.35041e-11
-3.57869e-11
3.10091e-11
-2.1282e-11
1.23471e-11
-6.96161e-12
1.15368e-12
8.5729e-12
-1.71725e-11
1.36191e-11
5.94111e-12
-3.12001e-11
4.61509e-11
-4.34424e-11
2.85792e-11
-1.15797e-11
-1.26627e-12
8.13898e-12
-7.8869e-12
7.61695e-13
8.42456e-12
-9.84457e-12
-3.52569e-12
2.83272e-11
-5.08952e-11
5.9274e-11
-5.31893e-11
4.27495e-11
-3.5277e-11
2.8751e-11
-1.7148e-11
1.45755e-12
1.08967e-11
-1.41397e-11
1.02601e-11
-3.93089e-12
-2.6255e-12
9.54819e-12
-1.376e-11
9.81279e-12
3.9895e-12
-1.9536e-11
2.39199e-11
-1.08729e-11
-1.106e-11
2.51817e-11
-2.09314e-11
2.10024e-12
2.01107e-11
-3.81269e-11
5.07175e-11
-5.70141e-11
5.40821e-11
-4.18647e-11
2.68208e-11
-1.69105e-11
1.32579e-11
-9.8685e-12
1.61105e-12
8.45027e-12
-1.2384e-11
6.91683e-12
5.253e-13
1.22757e-12
-1.54097e-11
3.23396e-11
-3.92668e-11
3.15803e-11
-1.51695e-11
-2.44138e-12
1.65409e-11
-2.37083e-11
1.8488e-11
8.60321e-13
-2.73011e-11
4.66656e-11
-4.98388e-11
3.97277e-11
-2.85476e-11
2.4739e-11
-2.64044e-11
2.46302e-11
-1.58209e-11
5.24079e-12
-8.23854e-13
2.32899e-12
-2.77132e-12
-3.59169e-12
1.4893e-11
-2.689e-11
3.74545e-11
-4.60314e-11
4.79604e-11
-3.69932e-11
1.26057e-11
1.4205e-11
-2.78332e-11
2.01024e-11
1.77218e-12
-2.22081e-11
3.06008e-11
-2.93071e-11
2.6705e-11
-2.67099e-11
2.61134e-11
-2.2334e-11
1.78527e-11
-1.64542e-11
1.70441e-11
-1.54034e-11
1.01761e-11
-4.70297e-12
1.31515e-12
3.6274e-12
-1.6841e-11
3.88981e-11
-5.92688e-11
6.31779e-11
-4.53554e-11
1.63449e-11
6.56148e-12
-1.39888e-11
9.30755e-12
-4.45193e-13
-8.56471e-12
1.73735e-11
-2.42095e-11
2.57909e-11
-2.17797e-11
1.70213e-11
-1.68004e-11
2.08462e-11
-2.30266e-11
1.88139e-11
-1.16998e-11
1.02568e-11
-1.69149e-11
2.23327e-11
-1.3577e-11
-1.15265e-11
4.08644e-11
-5.8804e-11
5.89446e-11
-4.59091e-11
2.8024e-11
-1.09609e-11
-2.24156e-12
8.5302e-12
-5.42294e-12
-5.25877e-12
1.60938e-11
-1.98084e-11
1.68109e-11
-1.51257e-11
2.03571e-11
-2.80354e-11
2.82761e-11
-1.85233e-11
7.78667e-12
-7.66781e-12
1.9572e-11
-3.30472e-11
3.50298e-11
-2.11576e-11
-2.54482e-12
2.60772e-11
-4.32874e-11
5.19702e-11
-5.06606e-11
3.80807e-11
-1.8339e-11
1.33299e-12
4.33504e-12
-1.85588e-13
-4.81177e-12
4.48942e-12
-2.80503e-12
8.01034e-12
-2.22444e-11
3.66601e-11
-3.96664e-11
2.83894e-11
-1.29194e-11
6.44701e-12
-1.33961e-11
2.64737e-11
-3.59355e-11
3.7103e-11
-3.03022e-11
1.58896e-11
5.0655e-12
-2.75986e-11
4.25443e-11
-4.35305e-11
3.26994e-11
-1.96763e-11
1.21612e-11
-8.99893e-12
2.61503e-12
9.55922e-12
-1.93308e-11
1.48027e-11
5.70954e-12
-3.04039e-11
4.42347e-11
-4.21335e-11
3.08104e-11
-2.07672e-11
1.73724e-11
-1.97965e-11
2.50288e-11
-3.14011e-11
3.68635e-11
-3.68942e-11
2.6942e-11
-8.8729e-12
-8.43712e-12
1.70246e-11
-1.81276e-11
1.93571e-11
-2.42318e-11
2.63887e-11
-1.64292e-11
-6.46852e-12
3.03284e-11
-3.92885e-11
2.70175e-11
-2.04477e-12
-2.08272e-11
3.31379e-11
-3.67538e-11
3.68533e-11
-3.53055e-11
3.14967e-11
-2.69303e-11
2.49714e-11
-2.66287e-11
2.83533e-11
-2.59979e-11
1.99512e-11
-1.54776e-11
1.60737e-11
-1.76234e-11
1.12057e-11
5.67867e-12
-2.29227e-11
2.52588e-11
-7.37032e-12
-2.04058e-11
4.09392e-11
-4.46562e-11
3.46399e-11
-2.04104e-11
7.70274e-12
4.4946e-12
-1.88924e-11
3.33874e-11
-4.23585e-11
4.27314e-11
-3.69916e-11
2.86901e-11
-1.87463e-11
7.34913e-12
1.27882e-12
-5.4358e-13
-1.16047e-11
2.74285e-11
-3.42202e-11
2.52352e-11
-7.4762e-12
-3.85215e-12
-8.64948e-13
1.65892e-11
-3.02654e-11
3.42827e-11
-3.26218e-11
3.31641e-11
-3.76023e-11
3.90823e-11
-2.99649e-11
9.66705e-12
1.40751e-11
-3.20399e-11
3.95629e-11
-3.69933e-11
2.55016e-11
-6.88846e-12
-1.33576e-11
2.56082e-11
-2.33389e-11
9.58701e-12
4.79946e-12
-1.14408e-11
1.17182e-11
-1.44498e-11
2.49594e-11
-3.79863e-11
4.19532e-11
-3.21186e-11
1.70542e-11
-1.11904e-11
2.01961e-11
-3.60051e-11
4.4853e-11
-3.97329e-11
2.432e-11
-7.736e-12
-3.8812e-12
9.74071e-12
-1.09912e-11
6.72727e-12
3.96735e-12
-1.83074e-11
3.02841e-11
-3.65374e-11
3.86398e-11
-3.89497e-11
3.48661e-11
-2.06297e-11
-5.10839e-12
3.33949e-11
-4.94269e-11
4.43347e-11
-2.42536e-11
5.39245e-12
3.81985e-13
4.48163e-12
-8.77097e-12
5.59288e-12
7.28625e-13
-9.49262e-13
-8.6314e-12
2.17801e-11
-2.87405e-11
2.55597e-11
-1.75306e-11
1.28431e-11
-1.52349e-11
2.27743e-11
-3.25329e-11
4.24448e-11
-4.95166e-11
4.85273e-11
-3.60716e-11
1.51882e-11
4.52735e-12
-1.40435e-11
1.22627e-11
-6.62233e-12
4.07978e-12
-2.75154e-12
-6.18179e-12
2.6393e-11
-4.89209e-11
5.77967e-11
-4.44605e-11
1.56319e-11
1.19189e-11
-2.55842e-11
2.57874e-11
-2.2407e-11
2.2576e-11
-2.43637e-11
2.13515e-11
-1.19593e-11
1.43751e-12
3.45567e-12
-7.95328e-13
-6.36935e-12
1.36366e-11
-1.88953e-11
2.15759e-11
-2.07128e-11
1.51977e-11
-7.88812e-12
6.14904e-12
-1.5995e-11
3.42901e-11
-4.97599e-11
5.22933e-11
-4.22481e-11
2.9211e-11
-2.22211e-11
2.02727e-11
-1.42667e-11
-1.67619e-12
2.06357e-11
-2.75711e-11
1.34283e-11
1.52303e-11
-4.17904e-11
5.30484e-11
-4.84768e-11
3.69376e-11
-2.65963e-11
1.76531e-11
-5.67026e-12
-1.05282e-11
2.53968e-11
-3.20709e-11
2.8409e-11
-1.79013e-11
5.32913e-12
5.86675e-12
-1.34143e-11
1.45757e-11
-7.57393e-12
-5.44015e-12
1.70174e-11
-1.96904e-11
1.32734e-11
-6.45827e-12
8.21873e-12
-1.867e-11
2.87151e-11
-2.99667e-11
2.36467e-11
-1.99917e-11
2.70896e-11
-4.10885e-11
4.78916e-11
-3.69336e-11
1.21767e-11
1.04738e-11
-1.74569e-11
8.01607e-12
7.52942e-12
-1.91863e-11
2.56075e-11
-3.27124e-11
4.41351e-11
-5.53301e-11
5.7074e-11
-4.48606e-11
2.27073e-11
5.28533e-13
-1.7734e-11
2.58017e-11
-2.4587e-11
1.48246e-11
1.1411e-12
-1.82335e-11
2.95982e-11
-3.169e-11
2.7209e-11
-2.21024e-11
1.82632e-11
-1.16377e-11
-2.23865e-12
2.04964e-11
-3.30138e-11
3.06029e-11
-1.49569e-11
-1.07876e-12
4.14974e-12
6.78363e-12
-1.99483e-11
2.25702e-11
-1.35099e-11
3.14415e-12
-2.40732e-12
1.13955e-11
-1.97731e-11
1.7702e-11
-6.99726e-12
-3.47262e-13
-6.14004e-12
2.49642e-11
-4.46344e-11
5.37997e-11
-4.9988e-11
3.88115e-11
-2.72216e-11
1.73175e-11
-7.4394e-12
-2.88335e-12
1.00232e-11
-9.69702e-12
8.69776e-13
1.37349e-11
-3.06447e-11
4.67608e-11
-5.87383e-11
6.18122e-11
-5.20463e-11
3.04191e-11
-5.35051e-12
-1.21359e-11
1.66829e-11
-1.26704e-11
8.21416e-12
-6.26744e-12
1.56257e-12
1.22245e-11
-3.32852e-11
4.95333e-11
-4.82606e-11
2.82246e-11
-2.49996e-12
-1.29443e-11
1.29199e-11
-6.22227e-12
4.99202e-12
-1.24288e-11
1.98603e-11
-1.66884e-11
2.22817e-12
1.21334e-11
-1.40935e-11
2.2283e-12
1.28078e-11
-1.89397e-11
1.31009e-11
-2.9707e-12
-1.46671e-12
-3.11289e-12
1.15695e-11
-1.73971e-11
1.92486e-11
-2.09851e-11
2.57331e-11
-3.22578e-11
3.60233e-11
-3.36871e-11
2.53479e-11
-1.39679e-11
2.56645e-12
6.35175e-12
-9.92146e-12
4.64181e-12
1.00903e-11
-2.94817e-11
4.52615e-11
-5.19876e-11
5.05159e-11
-4.60654e-11
4.16456e-11
-3.44472e-11
1.91154e-11
3.51894e-12
-2.31887e-11
2.68765e-11
-1.0624e-11
-1.62941e-11
3.83343e-11
-4.66106e-11
4.48484e-11
-4.3447e-11
4.66394e-11
-4.73896e-11
3.50143e-11
-8.50758e-12
-1.96088e-11
3.24476e-11
-2.33345e-11
1.10295e-12
1.79534e-11
-2.4775e-11
2.36594e-11
-2.512e-11
3.2812e-11
-3.94451e-11
3.43715e-11
-1.53616e-11
-8.08449e-12
2.20864e-11
-2.0473e-11
9.02067e-12
1.06315e-12
-3.94464e-12
2.39284e-12
-2.77001e-12
7.36019e-12
-1.24399e-11
1.22727e-11
-5.54133e-12
-3.49786e-12
9.15763e-12
-9.61785e-12
7.05173e-12
-4.79768e-12
4.46665e-12
-6.17426e-12
9.4725e-12
-1.41641e-11
1.90651e-11
-2.1661e-11
1.94584e-11
-1.31628e-11
6.6431e-12
-3.6589e-12
3.88589e-12
-3.9425e-12
1.71943e-12
-2.55243e-13
5.54825e-12
-2.03699e-11
3.90144e-11
-5.04268e-11
4.71932e-11
-3.25797e-11
1.71706e-11
-9.31701e-12
7.88728e-12
-5.24334e-12
-3.26807e-12
1.19596e-11
-9.18209e-12
-1.07996e-11
3.98045e-11
-6.13702e-11
6.39316e-11
-5.01854e-11
3.31556e-11
-2.36171e-11
2.01859e-11
-1.32247e-11
-2.56378e-12
1.96704e-11
-2.35495e-11
6.08841e-12
2.53004e-11
-5.28866e-11
6.28358e-11
-5.60567e-11
4.4409e-11
-3.77408e-11
3.44047e-11
-2.53018e-11
5.56466e-12
1.7394e-11
-2.88253e-11
1.93033e-11
6.14574e-12
-3.23878e-11
4.66949e-11
-4.81628e-11
4.47984e-11
-4.35162e-11
4.26184e-11
-3.47868e-11
1.61434e-11
7.15976e-12
-2.28577e-11
2.24108e-11
-7.96934e-12
-1.07223e-11
2.45572e-11
-3.1482e-11
3.50822e-11
-3.86805e-11
4.04456e-11
-3.56328e-11
2.22353e-11
-4.46743e-12
-1.01938e-11
1.60244e-11
-1.27011e-11
4.07216e-12
5.41685e-12
-1.39348e-11
2.12579e-11
-2.68095e-11
2.88928e-11
-2.64083e-11
1.96812e-11
-1.0694e-11
1.73935e-12
5.39464e-12
-9.75234e-12
1.01285e-11
-5.80747e-12
-2.06728e-12
9.87003e-12
-1.40454e-11
1.35094e-11
-1.05949e-11
8.53786e-12
-8.3762e-12
7.49048e-12
-2.95688e-12
-4.56159e-12
1.01514e-11
-9.29703e-12
2.32928e-12
4.86389e-12
-6.06219e-12
4.44145e-13
6.08072e-12
-6.87133e-12
1.09047e-12
5.10156e-12
-4.9633e-12
-2.08109e-12
9.19833e-12
-9.01505e-12
1.17807e-12
6.31192e-12
-4.89712e-12
-6.09549e-12
1.802e-11
-2.1116e-11
1.35123e-11
-3.16349e-12
-2.94703e-13
-5.0587e-12
1.13383e-11
-9.42734e-12
-1.27611e-12
1.11002e-11
-9.3714e-12
-5.22657e-12
2.24512e-11
-2.98407e-11
2.38829e-11
-1.30223e-11
8.44548e-12
-1.29052e-11
1.80368e-11
-1.3705e-11
-1.00172e-12
1.51982e-11
-1.60277e-11
8.04513e-13
1.96693e-11
-3.11967e-11
2.87652e-11
-2.02456e-11
1.7141e-11
-2.27096e-11
2.8252e-11
-2.25097e-11
4.05647e-12
1.52833e-11
-2.0869e-11
8.34169e-12
1.23042e-11
-2.62826e-11
2.71612e-11
-2.19563e-11
2.21764e-11
-3.0987e-11
3.90332e-11
-3.41134e-11
1.38925e-11
9.92445e-12
-2.12811e-11
1.36541e-11
4.28097e-12
-1.78784e-11
2.02758e-11
-1.7823e-11
2.15393e-11
-3.4571e-11
4.7197e-11
-4.57588e-11
2.63099e-11
-7.72234e-14
-1.6152e-11
1.4298e-11
-1.16492e-12
-9.66358e-12
1.11167e-11
-9.18385e-12
1.51319e-11
-3.22441e-11
5.02136e-11
-5.41687e-11
3.84005e-11
-1.25331e-11
-6.70193e-12
9.70432e-12
-1.68923e-12
-4.66052e-12
2.80402e-12
9.89417e-13
4.81737e-12
-2.41701e-11
4.70492e-11
-5.73234e-11
4.70494e-11
-2.41703e-11
4.81747e-12
9.89584e-13
2.80368e-12
-4.66019e-12
-1.68937e-12
9.70425e-12
-6.70174e-12
-1.25333e-11
3.84005e-11
-5.41686e-11
5.02135e-11
-3.22441e-11
1.51322e-11
-9.18435e-12
1.11172e-11
-9.66383e-12
-1.16495e-12
1.42982e-11
-1.61523e-11
-7.71016e-14
2.63099e-11
-4.57587e-11
4.71967e-11
-3.45704e-11
2.15386e-11
-1.78225e-11
2.02756e-11
-1.78786e-11
4.28137e-12
1.36537e-11
-2.12809e-11
9.92418e-12
1.38929e-11
-3.41139e-11
3.90337e-11
-3.09875e-11
2.21765e-11
-2.1956e-11
2.71607e-11
-2.62821e-11
1.23037e-11
8.3421e-12
-2.08694e-11
1.52836e-11
4.05621e-12
-2.25096e-11
2.8252e-11
-2.27098e-11
1.71414e-11
-2.02462e-11
2.87657e-11
-3.11971e-11
1.96694e-11
8.04557e-13
-1.60277e-11
1.51982e-11
-1.0018e-12
-1.37048e-11
1.80364e-11
-1.29047e-11
8.44503e-12
-1.30222e-11
2.38831e-11
-2.9841e-11
2.24514e-11
-5.22668e-12
-9.37132e-12
1.11e-11
-1.27574e-12
-9.42773e-12
1.13385e-11
-5.05862e-12
-2.94979e-13
-3.1632e-12
1.35122e-11
-2.1116e-11
1.802e-11
-6.09544e-12
-4.89725e-12
6.31201e-12
1.17811e-12
-9.01521e-12
9.19852e-12
-2.08118e-12
-4.96335e-12
5.10171e-12
1.09029e-12
-6.87114e-12
6.08051e-12
4.44388e-13
-6.06242e-12
4.86403e-12
2.3293e-12
-9.29717e-12
1.01516e-11
-4.5618e-12
-2.95664e-12
7.49015e-12
-8.37576e-12
8.5374e-12
-1.05946e-11
1.35094e-11
-1.40455e-11
9.87028e-12
-2.06748e-12
-5.80733e-12
1.01284e-11
-9.75205e-12
5.39422e-12
1.7398e-12
-1.06944e-11
1.96813e-11
-2.64082e-11
2.88927e-11
-2.68094e-11
2.12579e-11
-1.39348e-11
5.41677e-12
4.07234e-12
-1.27014e-11
1.60246e-11
-1.01939e-11
-4.46733e-12
2.22352e-11
-3.56327e-11
4.04456e-11
-3.86804e-11
3.50821e-11
-3.14819e-11
2.45572e-11
-1.07223e-11
-7.9692e-12
2.24106e-11
-2.28575e-11
7.15965e-12
1.61435e-11
-3.4787e-11
4.26186e-11
-4.35166e-11
4.47987e-11
-4.8163e-11
4.66949e-11
-3.23878e-11
6.1457e-12
1.93033e-11
-2.88254e-11
1.73942e-11
5.56437e-12
-2.53014e-11
3.44044e-11
-3.77405e-11
4.44087e-11
-5.60565e-11
6.28356e-11
-5.28865e-11
2.53005e-11
6.08818e-12
-2.35492e-11
1.967e-11
-2.56344e-12
-1.3225e-11
2.01863e-11
-2.36174e-11
3.31558e-11
-5.01854e-11
6.39315e-11
-6.13699e-11
3.98041e-11
-1.07991e-11
-9.18256e-12
1.19599e-11
-3.2683e-12
-5.24327e-12
7.88735e-12
-9.31717e-12
1.71709e-11
-3.25801e-11
4.71938e-11
-5.04275e-11
3.90151e-11
-2.03704e-11
5.54847e-12
-2.55216e-13
1.71928e-12
-3.94233e-12
3.88567e-12
-3.65854e-12
6.64254e-12
-1.31622e-11
1.94577e-11
-2.16605e-11
1.90648e-11
-1.41639e-11
9.47237e-12
-6.17422e-12
4.46676e-12
-4.79794e-12
7.05205e-12
-9.61813e-12
9.15785e-12
-3.4981e-12
-5.54097e-12
1.22722e-11
-1.24395e-11
7.36e-12
-2.77004e-12
2.39293e-12
-3.9446e-12
1.06294e-12
9.02093e-12
-2.04731e-11
2.20863e-11
-8.08418e-12
-1.53619e-11
3.43716e-11
-3.9445e-11
3.28119e-11
-2.51201e-11
2.36597e-11
-2.47753e-11
1.79537e-11
1.10286e-12
-2.33345e-11
3.24476e-11
-1.96086e-11
-8.50778e-12
3.50145e-11
-4.73898e-11
4.66395e-11
-4.3447e-11
4.48484e-11
-4.66105e-11
3.83342e-11
-1.6294e-11
-1.06241e-11
2.68766e-11
-2.31888e-11
3.51912e-12
1.91152e-11
-3.4447e-11
4.16454e-11
-4.60652e-11
5.05158e-11
-5.19875e-11
4.52614e-11
-2.94816e-11
1.00902e-11
4.64195e-12
-9.92154e-12
6.35173e-12
2.56655e-12
-1.3968e-11
2.5348e-11
-3.36871e-11
3.60233e-11
-3.2258e-11
2.57334e-11
-2.09854e-11
1.92489e-11
-1.73973e-11
1.15698e-11
-3.11312e-12
-1.46645e-12
-2.97094e-12
1.3101e-11
-1.89398e-11
1.28078e-11
2.2284e-12
-1.40937e-11
1.21337e-11
2.22787e-12
-1.66881e-11
1.986e-11
-1.24285e-11
4.9917e-12
-6.22198e-12
1.29197e-11
-1.29442e-11
-2.5e-12
2.82245e-11
-4.82606e-11
4.95333e-11
-3.32852e-11
1.22245e-11
1.56271e-12
-6.26766e-12
8.21445e-12
-1.26706e-11
1.66831e-11
-1.2136e-11
-5.35049e-12
3.0419e-11
-5.20461e-11
6.18119e-11
-5.87381e-11
4.67608e-11
-3.06449e-11
1.37351e-11
8.69628e-13
-9.69707e-12
1.00234e-11
-2.88357e-12
-7.43925e-12
1.73174e-11
-2.72216e-11
3.88115e-11
-4.9988e-11
5.37997e-11
-4.46344e-11
2.49644e-11
-6.14034e-12
-3.46774e-13
-6.9979e-12
1.77027e-11
-1.97737e-11
1.13959e-11
-2.40752e-12
3.14424e-12
-1.351e-11
2.25703e-11
-1.99483e-11
6.78339e-12
4.15021e-12
-1.07939e-12
-1.49563e-11
3.06023e-11
-3.30132e-11
2.04958e-11
-2.23799e-12
-1.16383e-11
1.82638e-11
-2.21028e-11
2.72093e-11
-3.16902e-11
2.95983e-11
-1.82334e-11
1.14074e-12
1.48253e-11
-2.45878e-11
2.58026e-11
-1.77348e-11
5.2924e-13
2.27066e-11
-4.486e-11
5.70735e-11
-5.53298e-11
4.4135e-11
-3.27124e-11
2.56077e-11
-1.91864e-11
7.5296e-12
8.01593e-12
-1.74568e-11
1.04739e-11
1.21765e-11
-3.69334e-11
4.78916e-11
-4.10886e-11
2.70899e-11
-1.9992e-11
2.36472e-11
-2.99672e-11
2.87157e-11
-1.86707e-11
8.21942e-12
-6.45877e-12
1.32736e-11
-1.96905e-11
1.70174e-11
-5.44001e-12
-7.57414e-12
1.4576e-11
-1.34146e-11
5.86701e-12
5.32893e-12
-1.79012e-11
2.84088e-11
-3.20708e-11
2.53968e-11
-1.05282e-11
-5.67036e-12
1.76534e-11
-2.65967e-11
3.6938e-11
-4.8477e-11
5.30484e-11
-4.17903e-11
1.52302e-11
1.34283e-11
-2.7571e-11
2.06358e-11
-1.67633e-12
-1.42666e-11
2.02727e-11
-2.22213e-11
2.92113e-11
-4.22483e-11
5.22935e-11
-4.976e-11
3.42903e-11
-1.5995e-11
6.14881e-12
-7.88766e-12
1.51971e-11
-2.07123e-11
2.15756e-11
-1.8895e-11
1.36364e-11
-6.36924e-12
-7.95355e-13
3.4556e-12
1.43761e-12
-1.19594e-11
2.13515e-11
-2.43638e-11
2.25762e-11
-2.24073e-11
2.57877e-11
-2.55842e-11
1.19187e-11
1.56321e-11
-4.44605e-11
5.77963e-11
-4.89205e-11
2.63926e-11
-6.18173e-12
-2.75124e-12
4.07929e-12
-6.6219e-12
1.22625e-11
-1.40435e-11
4.52737e-12
1.51883e-11
-3.60717e-11
4.85275e-11
-4.95167e-11
4.24446e-11
-3.25325e-11
2.27738e-11
-1.52344e-11
1.28428e-11
-1.75304e-11
2.55598e-11
-2.87408e-11
2.17806e-11
-8.63183e-12
-9.49043e-13
7.28648e-13
5.5928e-12
-8.771e-12
4.48186e-12
3.81766e-13
5.39243e-12
-2.42532e-11
4.43341e-11
-4.94262e-11
3.33945e-11
-5.10821e-12
-2.06298e-11
3.48662e-11
-3.89497e-11
3.86398e-11
-3.65372e-11
3.02839e-11
-1.83072e-11
3.96733e-12
6.72736e-12
-1.09914e-11
9.74111e-12
-3.88152e-12
-7.73589e-12
2.43202e-11
-3.97332e-11
4.48532e-11
-3.60049e-11
2.01958e-11
-1.119e-11
1.70539e-11
-3.21183e-11
4.1953e-11
-3.79862e-11
2.49594e-11
-1.44498e-11
1.17182e-11
-1.14407e-11
4.79941e-12
9.58689e-12
-2.33385e-11
2.56076e-11
-1.3357e-11
-6.88877e-12
2.55016e-11
-3.69932e-11
3.95628e-11
-3.20399e-11
1.40751e-11
9.6669e-12
-2.99647e-11
3.90821e-11
-3.76021e-11
3.31642e-11
-3.26221e-11
3.42829e-11
-3.02655e-11
1.6589e-11
-8.64769e-13
-3.8521e-12
-7.47664e-12
2.52357e-11
-3.42205e-11
2.74284e-11
-1.16044e-11
-5.43835e-13
1.27874e-12
7.34926e-12
-1.87464e-11
2.869e-11
-3.69915e-11
4.27316e-11
-4.23591e-11
3.3388e-11
-1.88928e-11
4.49462e-12
7.7028e-12
-2.04104e-11
3.46398e-11
-4.46562e-11
4.09394e-11
-2.04062e-11
-7.36988e-12
2.52584e-11
-2.29225e-11
5.67851e-12
1.12058e-11
-1.76235e-11
1.60736e-11
-1.54773e-11
1.99509e-11
-2.59977e-11
2.83533e-11
-2.6629e-11
2.49717e-11
-2.69305e-11
3.1497e-11
-3.53058e-11
3.68538e-11
-3.67542e-11
3.31382e-11
-2.08272e-11
-2.0449e-12
2.70179e-11
-3.92889e-11
3.03289e-11
-6.4689e-12
-1.64287e-11
2.63884e-11
-2.42314e-11
1.93569e-11
-1.81274e-11
1.70249e-11
-8.43746e-12
-8.87242e-12
2.69419e-11
-3.68942e-11
3.68638e-11
-3.14012e-11
2.5029e-11
-1.97965e-11
1.73726e-11
-2.07672e-11
3.08105e-11
-4.21335e-11
4.42349e-11
-3.0404e-11
5.70967e-12
1.48029e-11
-1.93309e-11
9.55949e-12
2.61502e-12
-8.99901e-12
1.21615e-11
-1.96765e-11
3.26994e-11
-4.35303e-11
4.25442e-11
-2.75985e-11
5.06555e-12
1.58896e-11
-3.03023e-11
3.71032e-11
-3.59357e-11
2.64738e-11
-1.33963e-11
6.44719e-12
-1.29198e-11
2.83898e-11
-3.96668e-11
3.66602e-11
-2.22444e-11
8.0102e-12
-2.80506e-12
4.48928e-12
-4.8117e-12
-1.85946e-13
4.33519e-12
1.33273e-12
-1.8339e-11
3.80805e-11
-5.06605e-11
5.19698e-11
-4.32875e-11
2.60772e-11
-2.54509e-12
-2.11578e-11
3.503e-11
-3.30478e-11
1.95722e-11
-7.66803e-12
7.78647e-12
-1.85234e-11
2.82761e-11
-2.80358e-11
2.03572e-11
-1.51259e-11
1.68107e-11
-1.98082e-11
1.60935e-11
-5.25867e-12
-5.4231e-12
8.53e-12
-2.24138e-12
-1.09613e-11
2.80242e-11
-4.59092e-11
5.89445e-11
-5.88039e-11
4.08643e-11
-1.15265e-11
-1.35769e-11
2.23328e-11
-1.69153e-11
1.02576e-11
-1.17007e-11
1.88147e-11
-2.30271e-11
2.08465e-11
-1.68004e-11
1.70214e-11
-2.17795e-11
2.57909e-11
-2.42093e-11
1.73737e-11
-8.56456e-12
-4.4504e-13
9.30781e-12
-1.39888e-11
6.56168e-12
1.63453e-11
-4.53556e-11
6.31784e-11
-5.92688e-11
3.88982e-11
-1.68403e-11
3.62699e-12
1.3161e-12
-4.70339e-12
1.01768e-11
-1.54034e-11
1.70444e-11
-1.64538e-11
1.78527e-11
-2.23334e-11
2.61132e-11
-2.67092e-11
2.67047e-11
-2.93066e-11
3.06007e-11
-2.22077e-11
1.77235e-12
2.01024e-11
-2.78328e-11
1.42049e-11
1.26058e-11
-3.69929e-11
4.79603e-11
-4.60313e-11
3.74545e-11
-2.68899e-11
1.48929e-11
-3.59165e-12
-2.77125e-12
2.32871e-12
-8.23571e-13
5.24033e-12
-1.58205e-11
2.46295e-11
-2.64039e-11
2.47382e-11
-2.85473e-11
3.97272e-11
-4.98388e-11
4.66652e-11
-2.73012e-11
8.59978e-13
1.84878e-11
-2.37085e-11
1.65405e-11
-2.44166e-12
-1.51697e-11
3.15799e-11
-3.92671e-11
3.23394e-11
-1.54102e-11
1.22737e-12
5.24854e-13
6.91669e-12
-1.23846e-11
8.45021e-12
1.61055e-12
-9.8687e-12
1.32574e-11
-1.69106e-11
2.68203e-11
-4.1865e-11
5.4082e-11
-5.70145e-11
5.07172e-11
-3.8127e-11
2.01104e-11
2.09996e-12
-2.09314e-11
2.51814e-11
-1.10601e-11
-1.0873e-11
2.39199e-11
-1.95362e-11
3.98937e-12
9.81306e-12
-1.37605e-11
9.54854e-12
-2.62561e-12
-3.93079e-12
1.02601e-11
-1.41395e-11
1.08967e-11
1.45783e-12
-1.7148e-11
2.87514e-11
-3.52771e-11
4.27501e-11
-5.31894e-11
5.92745e-11
-5.0895e-11
2.83276e-11
-3.52545e-12
-9.84403e-12
8.42474e-12
7.62095e-13
-7.88639e-12
8.13921e-12
-1.26573e-12
-1.15794e-11
2.85798e-11
-4.34422e-11
4.61515e-11
-3.11997e-11
5.94135e-12
1.36197e-11
-1.71721e-11
8.57336e-12
1.1539e-12
-6.96098e-12
1.23473e-11
-2.12817e-11
3.10095e-11
-3.57865e-11
3.35044e-11
-2.77429e-11
2.19107e-11
-1.62508e-11
9.38579e-12
-3.98677e-12
4.72064e-12
-1.19489e-11
1.59846e-11
-5.30068e-12
-2.16707e-11
5.11951e-11
-6.70465e-11
6.32366e-11
-4.7076e-11
2.76611e-11
-1.04293e-11
-2.13744e-12
5.45106e-12
1.8882e-12
-1.4301e-11
2.01383e-11
-1.35729e-11
-7.17465e-13
1.09764e-11
-1.13744e-11
5.51033e-12
-1.7853e-12
1.85461e-12
-6.85512e-13
-6.49925e-12
1.55474e-11
-1.85685e-11
1.18525e-11
6.81984e-13
-1.54543e-11
3.20439e-11
-4.92179e-11
5.88128e-11
-5.23953e-11
3.16351e-11
-1.0784e-11
3.94713e-12
-1.29301e-11
2.6626e-11
-3.24859e-11
2.56754e-11
-9.26618e-12
-1.1728e-11
3.31841e-11
-4.97989e-11
5.44979e-11
-4.37574e-11
2.40946e-11
-8.54114e-12
5.08796e-12
-8.95308e-12
1.0316e-11
-6.26671e-12
3.40173e-12
-6.66467e-12
1.26631e-11
-1.38484e-11
8.97032e-12
-2.82095e-12
-1.77082e-14
2.85621e-13
1.05831e-12
-5.94158e-12
1.71692e-11
-3.02787e-11
3.42674e-11
-1.9773e-11
-9.54994e-12
3.89418e-11
-5.36545e-11
5.13371e-11
-3.97888e-11
2.79783e-11
-1.93281e-11
1.59751e-11
-2.07767e-11
3.32799e-11
-4.37153e-11
3.96146e-11
-1.81685e-11
-9.21646e-12
2.84995e-11
-3.53857e-11
3.56391e-11
-3.47055e-11
3.20066e-11
-2.5094e-11
1.58141e-11
-9.38442e-12
8.04158e-12
-8.92069e-12
8.38152e-12
-7.62543e-12
1.01039e-11
-1.50443e-11
1.4914e-11
-4.51228e-12
-1.09171e-11
1.77627e-11
-8.54232e-12
-1.12227e-11
2.8525e-11
-3.59204e-11
3.25957e-11
-1.97923e-11
-2.41555e-12
2.80051e-11
-4.49192e-11
4.31033e-11
-2.70032e-11
1.16357e-11
-1.01653e-11
2.18858e-11
-3.72954e-11
4.69257e-11
-4.83295e-11
4.14152e-11
-2.65009e-11
4.42718e-12
1.80981e-11
-3.23403e-11
3.40914e-11
-2.9644e-11
2.77887e-11
-3.07586e-11
3.17131e-11
-2.62204e-11
1.84058e-11
-1.64771e-11
2.0633e-11
-2.34966e-11
1.902e-11
-9.53742e-12
-4.93921e-13
1.04372e-11
-2.14005e-11
2.84612e-11
-2.30531e-11
3.33837e-12
1.96395e-11
-3.05681e-11
2.31041e-11
-4.09332e-12
-1.4546e-11
2.52676e-11
-2.66377e-11
1.98099e-11
-7.13231e-12
-4.89519e-12
6.26797e-12
9.10589e-12
-3.4669e-11
5.44102e-11
-5.59115e-11
4.10722e-11
-2.08468e-11
3.56509e-12
1.01555e-11
-2.03396e-11
2.41673e-11
-2.05646e-11
1.65069e-11
-2.0547e-11
3.28149e-11
-4.36032e-11
4.55809e-11
-4.10228e-11
3.69816e-11
-3.40742e-11
2.66906e-11
-1.1294e-11
-7.3391e-12
2.17379e-11
-2.87269e-11
3.04692e-11
-2.84373e-11
2.18534e-11
-1.17099e-11
4.89473e-12
-9.06088e-12
2.35085e-11
-3.66663e-11
3.60675e-11
-1.99914e-11
-1.86867e-12
1.85885e-11
-2.57049e-11
2.28079e-11
-9.36982e-12
-1.2348e-11
3.16837e-11
-3.48555e-11
1.8184e-11
5.91067e-12
-2.07755e-11
2.01566e-11
-1.0499e-11
-1.19773e-13
7.76895e-12
-9.94538e-12
1.65428e-12
1.81559e-11
-4.12113e-11
5.36477e-11
-4.94188e-11
3.45958e-11
-2.04646e-11
1.16264e-11
-5.78234e-12
-2.94859e-13
5.24297e-12
-7.72845e-12
1.00409e-11
-1.71518e-11
2.89819e-11
-4.00019e-11
4.4745e-11
-4.50092e-11
4.53649e-11
-4.56581e-11
3.88422e-11
-2.13283e-11
-7.65431e-13
1.61598e-11
-2.08661e-11
1.95093e-11
-1.77378e-11
1.58255e-11
-1.43613e-11
1.84145e-11
-3.23292e-11
4.93957e-11
-5.51258e-11
4.12413e-11
-1.50107e-11
-9.06632e-12
2.20265e-11
-2.3809e-11
1.65277e-11
-2.30566e-12
-1.26563e-11
1.71833e-11
-4.60126e-12
-1.84771e-11
3.59231e-11
-3.6188e-11
2.09588e-11
-7.5535e-13
-1.49947e-11
2.18904e-11
-1.80252e-11
3.1269e-12
1.79493e-11
-3.40047e-11
3.48612e-11
-2.09699e-11
3.95921e-12
4.42993e-12
-2.24635e-12
-4.25464e-12
9.95516e-12
-1.40639e-11
1.52087e-11
-8.4909e-12
-7.99698e-12
2.72009e-11
-3.82961e-11
3.85116e-11
-3.48882e-11
3.37818e-11
-3.27715e-11
2.66049e-11
-1.6885e-11
1.0606e-11
-9.68619e-12
8.05623e-12
-5.66558e-13
-1.00572e-11
1.8703e-11
-2.64953e-11
3.82971e-11
-5.26582e-11
5.98918e-11
-5.27824e-11
3.52486e-11
-1.79141e-11
7.02453e-12
-1.75497e-12
-1.3719e-13
-1.27527e-12
3.63194e-12
2.86854e-13
-1.67315e-11
4.16473e-11
-6.17091e-11
6.51559e-11
-5.17403e-11
3.03163e-11
-1.04255e-11
-2.94461e-12
7.01252e-12
-6.92942e-13
-1.20953e-11
1.9918e-11
-1.16804e-11
-1.26425e-11
3.96227e-11
-5.42756e-11
5.14629e-11
-3.65937e-11
1.68067e-11
2.25605e-12
-1.41169e-11
1.14049e-11
5.29186e-12
-2.33774e-11
2.70667e-11
-1.28184e-11
-8.8891e-12
2.52182e-11
-3.17832e-11
2.93839e-11
-1.81284e-11
-6.9361e-13
1.79217e-11
-2.12142e-11
7.64094e-12
1.12826e-11
-2.17345e-11
2.03215e-11
-1.32331e-11
5.21102e-12
3.2264e-12
-9.79222e-12
7.92286e-12
4.52851e-12
-1.93462e-11
2.47461e-11
-1.8082e-11
6.66197e-12
2.43193e-12
-9.36369e-12
1.62476e-11
-2.08655e-11
1.93659e-11
-1.38989e-11
1.15893e-11
-1.59092e-11
2.22129e-11
-2.44147e-11
2.23417e-11
-2.00048e-11
1.78154e-11
-1.14604e-11
-1.37053e-12
1.61199e-11
-2.61763e-11
3.00027e-11
-3.11508e-11
3.168e-11
-2.9879e-11
2.50505e-11
-2.15463e-11
2.39866e-11
-3.00086e-11
3.09053e-11
-2.09736e-11
3.15866e-12
1.52685e-11
-3.03381e-11
4.13218e-11
-4.60322e-11
4.10715e-11
-2.88657e-11
1.93911e-11
-2.13308e-11
3.20789e-11
-4.05385e-11
3.84856e-11
-2.6398e-11
7.92673e-12
1.48487e-11
-3.82015e-11
5.27416e-11
-5.03217e-11
3.4511e-11
-1.98744e-11
1.77516e-11
-2.67292e-11
3.76744e-11
-4.4421e-11
4.44023e-11
-3.3739e-11
9.00585e-12
2.35092e-11
-4.78718e-11
5.19198e-11
-3.94198e-11
2.44241e-11
-1.70671e-11
1.8122e-11
-2.58785e-11
3.91722e-11
-5.22084e-11
5.24161e-11
-3.17527e-11
-2.33901e-12
3.16052e-11
-4.39966e-11
4.11608e-11
-3.11333e-11
1.92746e-11
-1.03584e-11
1.17693e-11
-2.75604e-11
4.89026e-11
-5.85467e-11
4.65722e-11
-1.95051e-11
-8.61616e-12
2.86626e-11
-3.82974e-11
3.60326e-11
-2.24491e-11
6.06592e-12
-1.29148e-12
1.46853e-11
-3.71453e-11
5.22314e-11
-5.13307e-11
3.67946e-11
-1.46292e-11
-1.02424e-11
3.03581e-11
-3.60845e-11
2.44395e-11
-6.03715e-12
-3.05841e-12
-4.20955e-12
2.13483e-11
-3.78237e-11
4.72239e-11
-4.64458e-11
3.25605e-11
-7.32212e-12
-1.83968e-11
3.03466e-11
-2.41506e-11
9.0453e-12
1.75663e-12
-2.32403e-12
-6.14654e-12
2.06961e-11
-3.73699e-11
4.77319e-11
-4.25399e-11
2.12774e-11
4.26811e-12
-2.00393e-11
2.12306e-11
-1.31538e-11
2.86912e-12
4.81416e-12
-5.39115e-12
-5.38383e-12
2.50295e-11
-4.21122e-11
4.4465e-11
-3.06366e-11
9.92736e-12
7.1572e-12
-1.6153e-11
1.63852e-11
-8.28112e-12
-4.31901e-12
1.18124e-11
-5.57842e-12
-1.28671e-11
3.17683e-11
-4.01281e-11
3.56695e-11
-2.27652e-11
6.09164e-12
9.51859e-12
-1.7322e-11
1.21692e-11
1.99265e-12
-1.31282e-11
1.1419e-11
2.06906e-12
-1.89854e-11
3.19621e-11
-3.75371e-11
3.31048e-11
-1.80576e-11
-1.75737e-12
1.46818e-11
-1.38569e-11
5.74645e-12
-7.37935e-13
2.52222e-14
8.47983e-14
2.51927e-14
4.05512e-15
0
