0
1.80128e-09
7.97337e-09
-1.21327e-07
-1.31383e-06
-4.86335e-06
-9.90129e-06
-1.43243e-05
-1.73406e-05
-1.93696e-05
-2.10353e-05
-2.26147e-05
-2.41137e-05
-2.55255e-05
-2.68436e-05
-2.80622e-05
-2.91753e-05
-3.01781e-05
-3.10654e-05
-3.18332e-05
-3.24774e-05
-3.29946e-05
-3.33823e-05
-3.36377e-05
-3.37595e-05
-3.37462e-05
-3.35973e-05
-3.33127e-05
-3.28928e-05
-3.23389e-05
-3.16523e-05
-3.08357e-05
-2.98914e-05
-2.8823e-05
-2.76345e-05
-2.63298e-05
-2.49144e-05
-2.33932e-05
-2.17724e-05
-2.0058e-05
-1.82569e-05
-1.63764e-05
-1.44235e-05
-1.24064e-05
-1.0333e-05
-8.21169e-06
-6.05113e-06
-3.85993e-06
-1.64733e-06
5.78041e-07
2.80665e-06
5.02964e-06
7.2377e-06
9.42166e-06
1.15727e-05
1.36816e-05
1.574e-05
1.7739e-05
1.96704e-05
2.15262e-05
2.32984e-05
2.498e-05
2.65636e-05
2.80428e-05
2.94113e-05
3.06634e-05
3.17939e-05
3.27978e-05
3.36712e-05
3.44102e-05
3.5012e-05
3.54738e-05
3.57936e-05
3.59705e-05
3.60032e-05
3.5892e-05
3.56371e-05
3.52398e-05
3.47017e-05
3.40249e-05
3.32127e-05
3.2268e-05
3.11952e-05
2.99985e-05
2.86832e-05
2.72547e-05
2.57189e-05
2.40826e-05
2.23523e-05
2.05354e-05
1.86395e-05
1.66724e-05
1.46425e-05
1.25581e-05
1.0428e-05
8.2609e-06
6.06588e-06
3.85202e-06
1.62835e-06
-5.9578e-07
-2.8115e-06
-5.0095e-06
-7.18097e-06
-9.31699e-06
-1.14089e-05
-1.34484e-05
-1.5427e-05
-1.73371e-05
-1.91709e-05
-2.09212e-05
-2.25812e-05
-2.41444e-05
-2.56047e-05
-2.69565e-05
-2.81948e-05
-2.9315e-05
-3.0313e-05
-3.11851e-05
-3.19286e-05
-3.25408e-05
-3.30199e-05
-3.33646e-05
-3.3574e-05
-3.36482e-05
-3.35874e-05
-3.33928e-05
-3.30655e-05
-3.2608e-05
-3.20227e-05
-3.13127e-05
-3.04819e-05
-2.9534e-05
-2.8474e-05
-2.73068e-05
-2.60377e-05
-2.46729e-05
-2.32182e-05
-2.16807e-05
-2.00667e-05
-1.83837e-05
-1.6639e-05
-1.48401e-05
-1.29951e-05
-1.11114e-05
-9.19746e-06
-7.26105e-06
-5.31053e-06
-3.35396e-06
-1.39926e-06
5.45235e-07
2.47203e-06
4.37293e-06
6.24064e-06
8.06764e-06
9.8467e-06
1.15711e-05
1.3234e-05
1.48293e-05
1.63509e-05
1.77933e-05
1.91512e-05
2.04197e-05
2.15947e-05
2.26719e-05
2.36481e-05
2.452e-05
2.52851e-05
2.59413e-05
2.6487e-05
2.6921e-05
2.72427e-05
2.74518e-05
2.75487e-05
2.75342e-05
2.74093e-05
2.71759e-05
2.68361e-05
2.63923e-05
2.58476e-05
2.52052e-05
2.44691e-05
2.3643e-05
2.27316e-05
2.17395e-05
2.06718e-05
1.95337e-05
1.83307e-05
1.70687e-05
1.57533e-05
1.43908e-05
1.29873e-05
1.1549e-05
1.00825e-05
8.59386e-06
7.0899e-06
5.5766e-06
4.06063e-06
2.54812e-06
1.04523e-06
-4.41732e-07
-1.9072e-06
-3.34504e-06
-4.75001e-06
-6.11655e-06
-7.43957e-06
-8.71433e-06
-9.93604e-06
-1.11006e-05
-1.22038e-05
-1.32421e-05
-1.42121e-05
-1.51107e-05
-1.59353e-05
-1.66835e-05
-1.73533e-05
-1.79432e-05
-1.8452e-05
-1.88785e-05
-1.92225e-05
-1.94837e-05
-1.96623e-05
-1.97587e-05
-1.97739e-05
-1.97092e-05
-1.95658e-05
-1.9346e-05
-1.90514e-05
-1.86848e-05
-1.82488e-05
-1.77461e-05
-1.71802e-05
-1.65542e-05
-1.5872e-05
-1.51369e-05
-1.43533e-05
-1.3525e-05
-1.26562e-05
-1.17514e-05
-1.08146e-05
-9.85055e-06
-8.86356e-06
-7.85823e-06
-6.83903e-06
-5.81033e-06
-4.77672e-06
-3.74245e-06
-2.71195e-06
-1.68931e-06
-6.78705e-07
3.1592e-07
1.29065e-06
2.24191e-06
3.16611e-06
4.05993e-06
4.92026e-06
5.74401e-06
6.52873e-06
7.27156e-06
7.97051e-06
8.62329e-06
9.22819e-06
9.78373e-06
1.02882e-05
1.0741e-05
1.11409e-05
1.14874e-05
1.17802e-05
1.2019e-05
1.22041e-05
1.23355e-05
1.24142e-05
1.24406e-05
1.24157e-05
1.23409e-05
1.22173e-05
1.20466e-05
1.18304e-05
1.15706e-05
1.12692e-05
1.09285e-05
1.05505e-05
1.01378e-05
9.69271e-06
9.218e-06
8.71612e-06
8.18983e-06
7.64199e-06
7.07511e-06
6.49232e-06
5.89604e-06
5.28943e-06
4.67507e-06
4.05566e-06
3.43415e-06
2.81285e-06
2.19477e-06
1.58205e-06
9.77359e-07
3.83001e-07
-1.98846e-07
-7.6586e-07
-1.31626e-06
-1.8479e-06
-2.35912e-06
-2.84819e-06
-3.31366e-06
-3.75409e-06
-4.16827e-06
-4.55502e-06
-4.91349e-06
-5.24284e-06
-5.54229e-06
-5.81153e-06
-6.04989e-06
-6.2575e-06
-6.43392e-06
-6.57936e-06
-6.69402e-06
-6.77801e-06
-6.8321e-06
-6.85637e-06
-6.85191e-06
-6.81923e-06
-6.75926e-06
-6.67303e-06
-6.56142e-06
-6.42582e-06
-6.26719e-06
-6.08697e-06
-5.8864e-06
-5.66694e-06
-5.42998e-06
-5.17704e-06
-4.90952e-06
-4.62907e-06
-4.33719e-06
-4.03534e-06
-3.72526e-06
-3.40821e-06
-3.08609e-06
-2.76007e-06
-2.43182e-06
-2.10281e-06
-1.77429e-06
-1.44796e-06
-1.12471e-06
-8.06232e-07
-4.935e-07
-1.87769e-07
1.09846e-07
3.98423e-07
6.76808e-07
9.44274e-07
1.19992e-06
1.44305e-06
1.6729e-06
1.889e-06
2.0907e-06
2.27775e-06
2.44958e-06
2.60601e-06
2.74691e-06
2.87192e-06
2.9813e-06
3.07466e-06
3.15248e-06
3.21464e-06
3.26141e-06
3.29316e-06
3.30999e-06
3.31261e-06
3.30113e-06
3.27622e-06
3.23835e-06
3.18811e-06
3.12607e-06
3.05288e-06
2.96919e-06
2.87574e-06
2.77322e-06
2.66225e-06
2.54381e-06
2.41836e-06
2.28699e-06
2.15012e-06
2.00873e-06
1.86359e-06
1.71524e-06
1.56474e-06
1.41243e-06
1.2594e-06
1.10608e-06
9.53208e-07
8.01476e-07
6.51444e-07
5.03761e-07
3.58913e-07
2.1748e-07
7.99393e-08
-5.31633e-08
-1.8162e-07
-3.04733e-07
-4.22442e-07
-5.34173e-07
-6.39807e-07
-7.39128e-07
-8.31661e-07
-9.17624e-07
-9.96492e-07
-1.0685e-06
-1.13333e-06
-1.19103e-06
-1.24169e-06
-1.28519e-06
-1.3217e-06
-1.35123e-06
-1.37399e-06
-1.39004e-06
-1.39963e-06
-1.40278e-06
-1.39999e-06
-1.39119e-06
-1.37684e-06
-1.35713e-06
-1.33226e-06
-1.30279e-06
-1.2686e-06
-1.23044e-06
-1.18832e-06
-1.14273e-06
-1.09395e-06
-1.04224e-06
-9.88096e-07
-9.3171e-07
-8.73456e-07
-8.13634e-07
-7.52657e-07
-6.90683e-07
-6.28222e-07
-5.65287e-07
-5.02501e-07
-4.39898e-07
-3.77776e-07
-3.16545e-07
-2.56166e-07
-1.97239e-07
-1.39566e-07
-8.36542e-08
-2.95623e-08
2.25434e-08
7.24846e-08
1.20163e-07
1.65401e-07
2.08122e-07
2.48247e-07
2.85755e-07
3.20371e-07
3.52386e-07
3.8142e-07
4.0777e-07
4.31193e-07
4.51763e-07
4.69679e-07
4.84645e-07
4.97038e-07
5.06637e-07
5.13733e-07
5.18261e-07
5.20333e-07
5.20039e-07
5.17556e-07
5.12848e-07
5.06116e-07
4.97484e-07
4.86967e-07
4.74915e-07
4.61066e-07
4.46e-07
4.29498e-07
4.11847e-07
3.93164e-07
3.73474e-07
3.5312e-07
3.3197e-07
3.10321e-07
2.88223e-07
2.65865e-07
2.43213e-07
2.20573e-07
1.97835e-07
1.75347e-07
1.52979e-07
1.30885e-07
1.09327e-07
8.8053e-08
6.75057e-08
4.73959e-08
2.80984e-08
9.49593e-09
-8.35813e-09
-2.53518e-08
-4.14557e-08
-5.6677e-08
-7.09693e-08
-8.42835e-08
-9.66721e-08
-1.07941e-07
-1.18436e-07
-1.27715e-07
-1.36135e-07
-1.43516e-07
-1.49914e-07
-1.55431e-07
-1.59857e-07
-1.63504e-07
-1.6619e-07
-1.68033e-07
-1.68992e-07
-1.69238e-07
-1.68622e-07
-1.67391e-07
-1.65332e-07
-1.62739e-07
-1.59545e-07
-1.55661e-07
-1.51435e-07
-1.46561e-07
-1.41426e-07
-1.35762e-07
-1.29815e-07
-1.23587e-07
-1.17089e-07
-1.10329e-07
-1.03462e-07
-9.6431e-08
-8.92948e-08
-8.21451e-08
-7.48506e-08
-6.77861e-08
-6.05256e-08
-5.34996e-08
-4.65152e-08
-3.967e-08
-3.30103e-08
-2.64516e-08
-2.01799e-08
-1.40965e-08
-8.23655e-09
-2.60063e-09
2.6541e-09
7.79428e-09
1.24823e-08
1.70418e-08
2.1155e-08
2.50126e-08
2.86458e-08
3.18187e-08
3.48096e-08
3.74053e-08
3.97779e-08
4.17814e-08
4.35314e-08
4.4942e-08
4.61991e-08
4.70067e-08
4.76864e-08
4.80852e-08
4.8194e-08
4.81767e-08
4.77792e-08
4.73791e-08
4.66331e-08
4.57651e-08
4.47222e-08
4.35712e-08
4.21989e-08
4.07825e-08
3.91827e-08
3.7556e-08
3.582e-08
3.39142e-08
3.21539e-08
3.01282e-08
2.82216e-08
2.61828e-08
2.42056e-08
2.21956e-08
2.01725e-08
1.81604e-08
1.62423e-08
1.42691e-08
1.23409e-08
1.05503e-08
8.66581e-09
7.01303e-09
5.21684e-09
3.68061e-09
2.11802e-09
6.17134e-10
-7.64998e-10
-2.06368e-09
-3.31278e-09
-4.46417e-09
-5.526e-09
-6.52241e-09
-7.35426e-09
-8.28886e-09
-8.89312e-09
-9.61058e-09
-1.01539e-08
-1.06474e-08
-1.10593e-08
-1.13685e-08
-1.16572e-08
-1.18567e-08
-1.19545e-08
-1.20071e-08
-1.20851e-08
-1.19237e-08
-1.19108e-08
-1.16716e-08
-1.15386e-08
-1.12578e-08
-1.09457e-08
-1.06748e-08
-1.03032e-08
-9.89967e-09
-9.50532e-09
-9.10198e-09
-8.60496e-09
-8.20504e-09
-7.63843e-09
-7.27472e-09
-6.68922e-09
-6.21996e-09
-5.75465e-09
-5.23664e-09
-4.75011e-09
-4.26483e-09
-3.80197e-09
-3.33163e-09
-2.88393e-09
-2.39242e-09
-2.08022e-09
-1.5407e-09
-1.22891e-09
-8.23069e-10
-4.75652e-10
-1.34181e-10
2.03084e-10
4.76077e-10
7.52277e-10
1.04263e-09
1.27515e-09
1.42888e-09
1.73573e-09
1.81063e-09
2.04745e-09
2.11825e-09
2.28369e-09
2.38617e-09
2.43672e-09
2.51309e-09
2.60172e-09
2.59332e-09
2.60827e-09
2.66864e-09
2.58883e-09
2.65311e-09
2.51905e-09
2.5759e-09
2.47883e-09
2.40675e-09
2.35292e-09
2.30659e-09
2.16947e-09
2.11741e-09
2.02089e-09
1.91099e-09
1.85078e-09
1.65887e-09
1.67609e-09
1.47813e-09
1.39977e-09
1.29401e-09
1.21107e-09
1.05307e-09
1.00118e-09
8.56613e-10
8.00573e-10
6.73745e-10
5.50114e-10
5.5412e-10
3.59853e-10
3.35276e-10
2.35921e-10
1.82637e-10
6.49028e-11
4.73254e-11
-6.93254e-11
-5.37941e-11
-1.98906e-10
-1.98556e-10
-2.17591e-10
-3.36132e-10
-3.12621e-10
-3.71432e-10
-3.8361e-10
-4.41421e-10
-4.27682e-10
-4.8354e-10
-4.2986e-10
-5.55339e-10
-4.4861e-10
-5.06637e-10
-5.25224e-10
-4.91995e-10
-4.98839e-10
-4.96507e-10
-4.95759e-10
-4.77556e-10
-4.69399e-10
-4.30492e-10
-5.0392e-10
-3.56573e-10
-4.48822e-10
-3.87573e-10
-3.74681e-10
-3.4149e-10
-3.52899e-10
-3.05457e-10
-3.10556e-10
-2.51281e-10
-2.67274e-10
-2.64499e-10
-1.54242e-10
-2.48717e-10
-1.55467e-10
-1.63185e-10
-1.23104e-10
-1.48073e-10
-7.92417e-11
-1.1425e-10
-2.92431e-11
-1.04e-10
-2.34431e-11
-2.87906e-12
-5.77231e-11
1.74278e-11
1.02019e-11
1.75643e-11
1.07847e-11
6.00788e-11
1.82554e-11
9.21874e-11
-4.01537e-12
1.1927e-10
5.01344e-11
5.64307e-11
8.77521e-11
9.50978e-11
5.19273e-11
9.79981e-11
8.5987e-11
7.63517e-11
1.02887e-10
4.1702e-11
1.43586e-10
3.94428e-11
8.75687e-11
8.71384e-11
9.37628e-11
2.77936e-11
1.23037e-10
3.80571e-11
8.46019e-11
5.15849e-11
5.79846e-11
8.49252e-11
1.99595e-11
6.04162e-11
6.48226e-11
3.53686e-11
1.00968e-11
9.69624e-11
-2.04887e-11
6.61255e-11
8.57998e-13
5.01629e-11
8.50828e-12
1.68176e-11
1.16036e-11
4.61488e-11
-3.469e-11
2.6989e-11
3.34478e-11
-4.28901e-11
3.51863e-11
-1.36296e-11
1.26189e-11
-2.3893e-11
1.46419e-11
-2.25705e-11
2.78009e-11
-6.8723e-11
5.24281e-11
-3.4153e-11
-2.45622e-11
6.55156e-12
-2.28998e-12
-3.86225e-11
5.33529e-12
-1.12801e-11
-2.14877e-11
3.05614e-12
-4.75086e-11
4.22271e-11
-5.86861e-11
4.55127e-13
-2.99896e-12
-1.52753e-12
-5.92113e-11
5.18335e-11
-5.31851e-11
6.28106e-12
-1.62722e-11
-3.79959e-12
-4.291e-12
-2.20334e-11
-3.89174e-12
1.14467e-11
-2.60427e-11
-2.22823e-11
5.14177e-11
-6.81288e-11
2.87859e-11
-1.13717e-11
5.48552e-12
-2.97289e-11
3.02099e-11
-3.33196e-11
3.32961e-11
-4.64092e-11
3.27288e-11
-5.12241e-14
-3.12856e-11
2.12433e-11
1.28592e-11
-3.08595e-11
9.14766e-12
2.83065e-11
-4.40457e-11
3.88203e-11
-3.02817e-11
3.42025e-11
-2.84662e-11
1.48149e-11
-4.11111e-12
2.69833e-11
-5.64809e-11
6.45792e-11
-2.6484e-11
-1.19431e-11
2.34941e-11
3.06365e-12
-1.96359e-11
1.73523e-11
2.86473e-12
-8.56683e-12
1.61951e-11
-2.8711e-11
5.09882e-11
-4.5918e-11
1.89702e-11
8.64569e-12
6.24965e-12
-4.41381e-11
7.06015e-11
-5.21219e-11
1.85341e-11
1.25415e-12
6.88237e-12
-1.40692e-11
1.28431e-11
-8.68733e-12
1.70984e-11
-1.88431e-11
-2.02719e-12
3.9514e-11
-5.37599e-11
2.99666e-11
6.515e-12
-1.08727e-11
-2.11247e-11
5.52826e-11
-5.85126e-11
3.87203e-11
-2.3431e-11
2.24931e-11
-2.14669e-11
1.25545e-11
-1.07152e-11
2.74605e-11
-4.60534e-11
3.51462e-11
5.33719e-12
-3.91066e-11
3.17151e-11
3.37186e-12
-2.40998e-11
6.30507e-12
2.73653e-11
-4.47553e-11
3.88312e-11
-3.12033e-11
3.15781e-11
-3.04159e-11
1.74895e-11
-9.21695e-12
2.41487e-11
-5.46855e-11
6.4022e-11
-3.47415e-11
-8.50042e-12
2.11787e-11
5.044e-12
-3.67508e-11
3.67578e-11
-8.88232e-12
-1.6725e-11
2.13412e-11
-1.73762e-11
1.95372e-11
-2.34825e-11
1.52763e-11
-2.22112e-12
7.71327e-12
-3.90084e-11
6.73186e-11
-5.96973e-11
2.03288e-11
8.79465e-12
3.03891e-12
-4.04819e-11
6.109e-11
-4.59027e-11
1.59857e-11
-1.33333e-12
5.03876e-12
-9.08329e-12
5.13212e-12
-4.39125e-12
1.37441e-11
-1.78615e-11
-2.05166e-12
3.66555e-11
-5.16185e-11
2.85371e-11
7.91234e-12
-1.48738e-11
-1.85974e-11
5.84015e-11
-6.51399e-11
3.82695e-11
-1.14617e-11
1.02018e-11
-2.60039e-11
3.58571e-11
-3.38615e-11
3.2478e-11
-3.65084e-11
3.25624e-11
-1.08797e-11
-1.24232e-11
1.00105e-11
1.98039e-11
-4.33799e-11
2.8286e-11
1.64387e-11
-4.74962e-11
3.61739e-11
-4.68447e-13
-1.75128e-11
-2.24199e-13
3.16435e-11
-4.59401e-11
3.85816e-11
-2.84284e-11
2.7577e-11
-2.83052e-11
2.16386e-11
-1.66309e-11
2.85572e-11
-5.20341e-11
5.94685e-11
-3.4241e-11
-3.20212e-12
1.34917e-11
1.56795e-11
-5.22991e-11
5.44093e-11
-1.77081e-11
-2.07851e-11
2.5419e-11
-2.82794e-13
-2.1055e-11
1.62925e-11
4.36646e-12
-1.85182e-11
2.03956e-11
-2.16685e-11
2.78626e-11
-2.86705e-11
1.59235e-11
-2.82031e-12
1.1628e-11
-4.2735e-11
6.61398e-11
-5.36499e-11
1.46275e-11
9.64e-12
8.34074e-12
-5.01531e-11
7.08885e-11
-4.92888e-11
9.51959e-12
8.06106e-12
8.28803e-12
-3.38846e-11
4.00764e-11
-2.53698e-11
9.25371e-12
-4.139e-12
3.23174e-12
2.55118e-12
-7.81232e-12
9.82941e-13
1.34723e-11
-1.42381e-11
-1.05707e-11
4.21358e-11
-4.75361e-11
1.84074e-11
1.42221e-11
-1.19628e-11
-2.73126e-11
6.46773e-11
-6.26305e-11
2.59872e-11
4.39912e-12
2.39048e-12
-3.57368e-11
5.91931e-11
-5.23544e-11
2.88499e-11
-1.50185e-11
1.90008e-11
-2.79012e-11
2.96134e-11
-2.7803e-11
3.08196e-11
-3.46866e-11
2.63656e-11
-5.27578e-12
-8.97779e-12
-2.44923e-12
3.05976e-11
-4.30342e-11
1.92768e-11
2.19526e-11
-3.97243e-11
1.56209e-11
2.35429e-11
-3.37562e-11
1.57961e-12
4.10855e-11
-5.25226e-11
2.5702e-11
6.52377e-12
-9.58021e-12
-1.70581e-11
4.3965e-11
-4.7189e-11
3.13811e-11
-1.83705e-11
1.95391e-11
-2.72907e-11
3.06184e-11
-3.08893e-11
3.58683e-11
-4.37902e-11
4.19006e-11
-2.5018e-11
8.09589e-12
-1.26974e-11
3.91629e-11
-6.04903e-11
4.96707e-11
-1.26621e-11
-1.39174e-11
1.16661e-12
3.83033e-11
-6.1744e-11
4.17432e-11
3.09303e-12
-2.78432e-11
9.2508e-12
2.97935e-11
-4.63115e-11
2.30563e-11
1.51511e-11
-3.09398e-11
1.38203e-11
1.23075e-11
-1.87053e-11
1.47587e-12
1.92305e-11
-2.5283e-11
1.82783e-11
-1.1991e-11
1.29868e-11
-1.58318e-11
1.51297e-11
-1.56944e-11
2.47329e-11
-3.79698e-11
4.03151e-11
-2.48715e-11
5.97198e-12
-7.07963e-12
3.28666e-11
-5.94065e-11
5.72568e-11
-2.5457e-11
-3.74864e-12
-2.4185e-12
4.02696e-11
-7.11656e-11
6.16157e-11
-2.02756e-11
-1.01898e-11
-2.0615e-12
4.37297e-11
-7.07435e-11
5.48633e-11
-1.31735e-11
-1.14571e-11
-4.2293e-12
4.06999e-11
-5.87406e-11
4.08875e-11
-7.51543e-12
-7.88274e-12
-6.18236e-12
3.02826e-11
-3.82768e-11
2.43258e-11
-5.17029e-12
-1.44959e-12
-5.46849e-12
1.34981e-11
-1.38183e-11
9.15285e-12
-6.28851e-12
5.1911e-12
-7.62574e-13
-7.13483e-12
1.01338e-11
-2.16185e-12
-9.68958e-12
9.67827e-12
7.85333e-12
-2.83909e-11
3.00561e-11
-8.83606e-12
-1.35604e-11
1.0578e-11
1.91141e-11
-4.71814e-11
4.39247e-11
-1.14519e-11
-1.61611e-11
7.60985e-12
3.10815e-11
-6.11974e-11
5.12653e-11
-1.13999e-11
-1.63041e-11
1.4881e-12
4.17421e-11
-6.92438e-11
5.28415e-11
-1.02827e-11
-1.35766e-11
-6.42793e-12
4.94637e-11
-7.12368e-11
5.01714e-11
-9.47382e-12
-8.28146e-12
-1.45721e-11
5.32761e-11
-6.79853e-11
4.50325e-11
-9.85797e-12
-1.24238e-12
-2.15286e-11
5.29351e-11
-6.0861e-11
3.90792e-11
-1.17775e-11
6.47149e-12
-2.62701e-11
4.88192e-11
-5.14382e-11
3.35876e-11
-1.51062e-11
1.37976e-11
-2.82597e-11
4.17474e-11
-4.12226e-11
2.93756e-11
-1.94126e-11
1.98686e-11
-2.7431e-11
3.27576e-11
-3.14496e-11
2.68057e-11
-2.41141e-11
2.41022e-11
-2.4087e-11
2.29121e-11
-2.30012e-11
2.58856e-11
-2.86298e-11
2.62282e-11
-1.87735e-11
1.31611e-11
-1.63988e-11
2.638e-11
-3.24722e-11
2.62514e-11
-1.2152e-11
4.25826e-12
-1.18472e-11
2.79261e-11
-3.53027e-11
2.43872e-11
-4.88827e-12
-3.27429e-12
-9.3052e-12
3.01215e-11
-3.69378e-11
2.09873e-11
2.41007e-12
-9.12297e-12
-8.57568e-12
3.25948e-11
-3.73371e-11
1.64667e-11
9.24643e-12
-1.3162e-11
-9.36894e-12
3.50361e-11
-3.65694e-11
1.12518e-11
1.52398e-11
-1.53999e-11
-1.13638e-11
3.72129e-11
-3.47812e-11
5.7465e-12
2.01198e-11
-1.59403e-11
-1.42385e-11
3.89603e-11
-3.21604e-11
3.1111e-13
2.37092e-11
-1.49443e-11
-1.76917e-11
4.0172e-11
-2.89169e-11
-4.73801e-12
2.58988e-11
-1.26012e-11
-2.14542e-11
4.07925e-11
-2.52744e-11
-9.12275e-12
2.66331e-11
-9.12313e-12
-2.52739e-11
4.07921e-11
-2.14542e-11
-1.26009e-11
2.58985e-11
-4.73788e-12
-2.89169e-11
4.01719e-11
-1.76917e-11
-1.49441e-11
2.37091e-11
3.11069e-13
-3.21601e-11
3.89599e-11
-1.42383e-11
-1.594e-11
2.01193e-11
5.74701e-12
-3.47813e-11
3.72125e-11
-1.13632e-11
-1.54002e-11
1.52398e-11
1.12521e-11
-3.65698e-11
3.50363e-11
-9.36895e-12
-1.31622e-11
9.24668e-12
1.64665e-11
-3.7337e-11
3.25949e-11
-8.57603e-12
-9.1226e-12
2.40997e-12
2.0987e-11
-3.69373e-11
3.01212e-11
-9.3053e-12
-3.27385e-12
-4.88872e-12
2.43874e-11
-3.53025e-11
2.79258e-11
-1.18469e-11
4.25804e-12
-1.21518e-11
2.62514e-11
-3.24725e-11
2.63805e-11
-1.63993e-11
1.31614e-11
-1.87733e-11
2.62274e-11
-2.8629e-11
2.58852e-11
-2.30015e-11
2.29129e-11
-2.40878e-11
2.41026e-11
-2.41139e-11
2.68051e-11
-3.14492e-11
3.27575e-11
-2.74311e-11
1.98687e-11
-1.94126e-11
2.93755e-11
-4.12225e-11
4.17474e-11
-2.82597e-11
1.37977e-11
-1.51063e-11
3.35877e-11
-5.14383e-11
4.88192e-11
-2.62699e-11
6.47109e-12
-1.17771e-11
3.90791e-11
-6.08613e-11
5.29357e-11
-2.15291e-11
-1.24232e-12
-9.8576e-12
4.5032e-11
-6.7985e-11
5.32762e-11
-1.45724e-11
-8.28122e-12
-9.4739e-12
5.01713e-11
-7.12367e-11
4.94636e-11
-6.42781e-12
-1.35766e-11
-1.02827e-11
5.28417e-11
-6.92441e-11
4.17423e-11
1.48807e-12
-1.63044e-11
-1.13994e-11
5.12648e-11
-6.11972e-11
3.10818e-11
7.60918e-12
-1.61605e-11
-1.14521e-11
4.39243e-11
-4.71807e-11
1.91135e-11
1.0578e-11
-1.35599e-11
-8.83667e-12
3.00563e-11
-2.83907e-11
7.85285e-12
9.67873e-12
-9.68977e-12
-2.16204e-12
1.01344e-11
-7.13549e-12
-7.62127e-13
5.19119e-12
-6.28919e-12
9.15381e-12
-1.38191e-11
1.34982e-11
-5.46783e-12
-1.45061e-12
-5.16949e-12
2.43256e-11
-3.82773e-11
3.02834e-11
-6.18287e-12
-7.88272e-12
-7.51512e-12
4.08872e-11
-5.87403e-11
4.06998e-11
-4.22936e-12
-1.14569e-11
-1.31737e-11
5.48634e-11
-7.07435e-11
4.37296e-11
-2.06152e-12
-1.01896e-11
-2.02756e-11
6.16155e-11
-7.11651e-11
4.02692e-11
-2.41862e-12
-3.74812e-12
-2.54576e-11
5.72571e-11
-5.94064e-11
3.28662e-11
-7.07924e-12
5.97187e-12
-2.48716e-11
4.03152e-11
-3.79698e-11
2.47327e-11
-1.56943e-11
1.513e-11
-1.58322e-11
1.29869e-11
-1.19908e-11
1.8278e-11
-2.52828e-11
1.92306e-11
1.47569e-12
-1.87053e-11
1.23075e-11
1.38205e-11
-3.094e-11
1.5151e-11
2.30568e-11
-4.6312e-11
2.97936e-11
9.25115e-12
-2.78436e-11
3.09331e-12
4.17431e-11
-6.1744e-11
3.83033e-11
1.16657e-12
-1.39173e-11
-1.26621e-11
4.96706e-11
-6.04904e-11
3.91632e-11
-1.26979e-11
8.09627e-12
-2.5018e-11
4.19002e-11
-4.37896e-11
3.58678e-11
-3.08889e-11
3.06183e-11
-2.7291e-11
1.95396e-11
-1.83708e-11
3.1381e-11
-4.71887e-11
4.39651e-11
-1.70587e-11
-9.57965e-12
6.52388e-12
2.57011e-11
-5.25217e-11
4.10852e-11
1.57911e-12
-3.37555e-11
2.35426e-11
1.56208e-11
-3.9724e-11
2.19525e-11
1.92768e-11
-4.30342e-11
3.05976e-11
-2.44907e-12
-8.97803e-12
-5.27562e-12
2.63657e-11
-3.46869e-11
3.08199e-11
-2.78032e-11
2.96134e-11
-2.79009e-11
1.90004e-11
-1.50182e-11
2.88499e-11
-5.23547e-11
5.91934e-11
-3.5737e-11
2.39057e-12
4.39901e-12
2.59873e-11
-6.26304e-11
6.4677e-11
-2.73122e-11
-1.19631e-11
1.42222e-11
1.84075e-11
-4.75362e-11
4.21359e-11
-1.05708e-11
-1.42381e-11
1.34724e-11
9.82909e-13
-7.81251e-12
2.55157e-12
3.23149e-12
-4.13916e-12
9.25426e-12
-2.53704e-11
4.00765e-11
-3.38843e-11
8.28773e-12
8.061e-12
9.51993e-12
-4.9289e-11
7.08883e-11
-5.01526e-11
8.34024e-12
9.64021e-12
1.46275e-11
-5.36501e-11
6.614e-11
-4.27354e-11
1.16283e-11
-2.82052e-12
1.59234e-11
-2.86703e-11
2.78622e-11
-2.16683e-11
2.03954e-11
-1.85184e-11
4.36669e-12
1.62922e-11
-2.10552e-11
-2.82609e-13
2.54188e-11
-2.07853e-11
-1.77079e-11
5.44091e-11
-5.22994e-11
1.56796e-11
1.34916e-11
-3.2024e-12
-3.42412e-11
5.94686e-11
-5.20344e-11
2.85569e-11
-1.66307e-11
2.16386e-11
-2.83058e-11
2.75772e-11
-2.84282e-11
3.85808e-11
-4.59396e-11
3.16434e-11
-2.24713e-13
-1.75123e-11
-4.68728e-13
3.6174e-11
-4.74963e-11
1.64391e-11
2.82856e-11
-4.33798e-11
1.98046e-11
1.00098e-11
-1.24226e-11
-1.08793e-11
3.2562e-11
-3.65079e-11
3.24787e-11
-3.38618e-11
3.58578e-11
-2.60033e-11
1.02016e-11
-1.14606e-11
3.82699e-11
-6.51394e-11
5.84023e-11
-1.85968e-11
-1.4873e-11
7.91287e-12
2.85382e-11
-5.16176e-11
3.66561e-11
-2.05046e-12
-1.78603e-11
1.37446e-11
-4.3898e-12
5.13325e-12
-9.08245e-12
5.04013e-12
-1.33215e-12
1.59868e-11
-4.59015e-11
6.10915e-11
-4.04813e-11
3.04062e-12
8.79584e-12
2.03292e-11
-5.96954e-11
6.73193e-11
-3.90078e-11
7.71449e-12
-2.22019e-12
1.52764e-11
-2.34815e-11
1.95378e-11
-1.73766e-11
2.13422e-11
-1.67256e-11
-8.8826e-12
3.67575e-11
-3.67516e-11
5.043e-12
2.11773e-11
-8.50127e-12
-3.47441e-11
6.40204e-11
-5.4688e-11
2.41457e-11
-9.21987e-12
1.74857e-11
-3.04192e-11
3.1573e-11
-3.12074e-11
3.88259e-11
-4.47612e-11
2.736e-11
6.29797e-12
-2.4106e-11
3.36441e-12
3.17072e-11
-3.91142e-11
5.32842e-12
3.51373e-11
-4.60623e-11
2.74511e-11
-1.07252e-11
1.25447e-11
-2.14772e-11
2.24826e-11
-2.34415e-11
3.87094e-11
-5.85229e-11
5.52717e-11
-2.11355e-11
-1.08828e-11
6.50464e-12
2.99567e-11
-5.37691e-11
3.9505e-11
-2.03567e-12
-1.88501e-11
1.70912e-11
-8.69312e-12
1.28389e-11
-1.40733e-11
6.88047e-12
1.25323e-12
1.85351e-11
-5.21194e-11
7.06053e-11
-4.4131e-11
6.25775e-12
8.65594e-12
1.89839e-11
-4.59028e-11
5.10062e-11
-2.86898e-11
1.62187e-11
-8.54027e-12
2.89447e-12
1.73853e-11
-1.96004e-11
3.10337e-12
2.35366e-11
-1.18976e-11
-2.64344e-11
6.46316e-11
-5.64248e-11
2.70417e-11
-4.04799e-12
1.48801e-11
-2.83985e-11
3.42745e-11
-3.02084e-11
3.88967e-11
-4.39677e-11
2.83873e-11
9.22926e-12
-3.07766e-11
1.29436e-11
2.1327e-11
-3.12007e-11
3.21692e-14
3.28118e-11
-4.63284e-11
3.33753e-11
-3.32437e-11
3.02818e-11
-2.966e-11
5.54798e-12
-1.13142e-11
2.88364e-11
-6.80853e-11
5.14519e-11
-2.22564e-11
-2.6027e-11
1.14506e-11
-3.8987e-12
-2.20543e-11
-4.32456e-12
-3.84921e-12
-1.63365e-11
6.19995e-12
-5.32839e-11
5.17168e-11
-5.93478e-11
-1.68274e-12
-3.17561e-12
2.5751e-13
-5.89053e-11
4.19858e-11
-4.77731e-11
2.76934e-12
-2.17982e-11
-1.16131e-11
4.97891e-12
-3.90028e-11
-2.69098e-12
6.12698e-12
-2.5008e-11
-3.46189e-11
5.19424e-11
-6.92275e-11
2.72798e-11
-2.31068e-11
1.40914e-11
-2.44543e-11
1.20483e-11
-1.42077e-11
3.46052e-11
-4.34724e-11
3.28666e-11
2.64148e-11
-3.52557e-11
4.55963e-11
1.10686e-11
1.6304e-11
8.02072e-12
4.97063e-11
4.37333e-13
6.57451e-11
-2.08221e-11
9.66797e-11
9.87118e-12
3.52063e-11
6.47281e-11
6.0395e-11
2.00193e-11
8.50701e-11
5.82195e-11
5.19174e-11
8.5037e-11
3.85985e-11
1.2369e-10
2.85663e-11
9.46554e-11
8.81578e-11
8.87179e-11
4.07248e-11
1.45005e-10
4.32578e-11
1.04584e-10
7.81896e-11
8.79662e-11
1.00118e-10
5.41877e-11
9.74964e-11
9.02845e-11
5.90948e-11
5.29249e-11
1.22179e-10
-9.9208e-13
9.53152e-11
2.14781e-11
6.33868e-11
1.41649e-11
2.10056e-11
1.36872e-11
2.09439e-11
-5.41936e-11
6.44401e-13
-1.99438e-11
-1.00546e-10
-2.58556e-11
-1.10954e-10
-7.60594e-11
-1.4503e-10
-1.20227e-10
-1.60502e-10
-1.53006e-10
-2.46506e-10
-1.52311e-10
-2.62879e-10
-2.65994e-10
-2.50373e-10
-3.10051e-10
-3.05386e-10
-3.53293e-10
-3.42379e-10
-3.76094e-10
-3.89541e-10
-4.51372e-10
-3.59732e-10
-5.07715e-10
-4.34944e-10
-4.74532e-10
-4.8339e-10
-5.0231e-10
-5.0379e-10
-5.06866e-10
-5.00776e-10
-5.34761e-10
-5.16935e-10
-4.59666e-10
-5.67145e-10
-4.42405e-10
-4.96809e-10
-4.41654e-10
-4.56069e-10
-3.98905e-10
-3.87337e-10
-3.29091e-10
-3.53122e-10
-2.35044e-10
-2.16413e-10
-2.17101e-10
-7.22551e-11
-8.79724e-11
2.85768e-11
4.6143e-11
1.63965e-10
2.17438e-10
3.17091e-10
3.42081e-10
5.3688e-10
5.33531e-10
6.57948e-10
7.85696e-10
8.42792e-10
9.88555e-10
1.04179e-09
1.20127e-09
1.28585e-09
1.39339e-09
1.47368e-09
1.67372e-09
1.65873e-09
1.85301e-09
1.91573e-09
2.02827e-09
2.12757e-09
2.18254e-09
2.32268e-09
2.37214e-09
2.42921e-09
2.50462e-09
2.6051e-09
2.55172e-09
2.68931e-09
2.62859e-09
2.71198e-09
2.6552e-09
2.64383e-09
2.65577e-09
2.57063e-09
2.49768e-09
2.45044e-09
2.35116e-09
2.18877e-09
2.12086e-09
1.88673e-09
1.81431e-09
1.50969e-09
1.35792e-09
1.12706e-09
8.38049e-10
5.62837e-10
2.90455e-10
-4.66029e-11
-3.88294e-10
-7.36383e-10
-1.14338e-09
-1.45681e-09
-1.9985e-09
-2.31341e-09
-2.80818e-09
-3.25973e-09
-3.7345e-09
-4.20241e-09
-4.69334e-09
-5.18613e-09
-5.71104e-09
-6.18387e-09
-6.66127e-09
-7.25554e-09
-7.62864e-09
-8.20524e-09
-8.61573e-09
-9.12389e-09
-9.53891e-09
-9.94546e-09
-1.03617e-08
-1.07464e-08
-1.10308e-08
-1.13569e-08
-1.16519e-08
-1.17994e-08
-1.20533e-08
-1.2081e-08
-1.22574e-08
-1.21942e-08
-1.21565e-08
-1.20735e-08
-1.18884e-08
-1.16139e-08
-1.13185e-08
-1.09199e-08
-1.04391e-08
-9.90783e-09
-9.20163e-09
-8.60775e-09
-7.68255e-09
-6.85902e-09
-5.86976e-09
-4.8138e-09
-3.6669e-09
-2.42082e-09
-1.12359e-09
2.5876e-10
1.76161e-09
3.32802e-09
4.86999e-09
6.6739e-09
8.33648e-09
1.02329e-08
1.20376e-08
1.39822e-08
1.5974e-08
1.79131e-08
1.99484e-08
2.19971e-08
2.40351e-08
2.60426e-08
2.81139e-08
3.00554e-08
3.21181e-08
3.39176e-08
3.58646e-08
3.76439e-08
3.93157e-08
4.09624e-08
4.24272e-08
4.38495e-08
4.50517e-08
4.61469e-08
4.70682e-08
4.78682e-08
4.83227e-08
4.87749e-08
4.88468e-08
4.87924e-08
4.84474e-08
4.78207e-08
4.7065e-08
4.58583e-08
4.44962e-08
4.27928e-08
4.08334e-08
3.85021e-08
3.59446e-08
3.29886e-08
2.98466e-08
2.62404e-08
2.24053e-08
1.83097e-08
1.37628e-08
9.08203e-09
3.94333e-09
-1.31591e-09
-6.96262e-09
-1.28399e-08
-1.89474e-08
-2.52501e-08
-3.18471e-08
-3.85523e-08
-4.54505e-08
-5.24956e-08
-5.95898e-08
-6.69263e-08
-7.40744e-08
-8.14603e-08
-8.87089e-08
-9.59516e-08
-1.03096e-07
-1.10085e-07
-1.16972e-07
-1.23605e-07
-1.29974e-07
-1.36068e-07
-1.41884e-07
-1.47177e-07
-1.52213e-07
-1.56604e-07
-1.60658e-07
-1.64025e-07
-1.66792e-07
-1.69027e-07
-1.70435e-07
-1.71227e-07
-1.71156e-07
-1.7037e-07
-1.68698e-07
-1.66179e-07
-1.62693e-07
-1.58424e-07
-1.53057e-07
-1.46801e-07
-1.39554e-07
-1.31257e-07
-1.22092e-07
-1.11698e-07
-1.00518e-07
-8.82048e-08
-7.49511e-08
-6.07039e-08
-4.55113e-08
-2.94188e-08
-1.24184e-08
5.46123e-09
2.41088e-08
4.34716e-08
6.36675e-08
8.43221e-08
1.05725e-07
1.27434e-07
1.49701e-07
1.72266e-07
1.94971e-07
2.1795e-07
2.40853e-07
2.6379e-07
2.86454e-07
3.08879e-07
3.30876e-07
3.52394e-07
3.73134e-07
3.93229e-07
4.12333e-07
4.3042e-07
4.47373e-07
4.62903e-07
4.77226e-07
4.89761e-07
5.00769e-07
5.09898e-07
5.1713e-07
5.22339e-07
5.25322e-07
5.26113e-07
5.24533e-07
5.20488e-07
5.13864e-07
5.04725e-07
4.92775e-07
4.78234e-07
4.60722e-07
4.40531e-07
4.17461e-07
3.91435e-07
3.62692e-07
3.30935e-07
2.96539e-07
2.59212e-07
2.19226e-07
1.76601e-07
1.31412e-07
8.37346e-08
3.37444e-08
-1.84619e-08
-7.27076e-08
-1.28828e-07
-1.86765e-07
-2.46012e-07
-3.06768e-07
-3.68435e-07
-4.3105e-07
-4.94204e-07
-5.57598e-07
-6.21199e-07
-6.8438e-07
-7.47131e-07
-8.08936e-07
-8.6964e-07
-9.28823e-07
-9.86186e-07
-1.04136e-06
-1.09413e-06
-1.14401e-06
-1.19073e-06
-1.23402e-06
-1.27337e-06
-1.30877e-06
-1.33947e-06
-1.36559e-06
-1.38656e-06
-1.40216e-06
-1.41221e-06
-1.41624e-06
-1.41432e-06
-1.40593e-06
-1.39106e-06
-1.36945e-06
-1.34102e-06
-1.30557e-06
-1.26308e-06
-1.21337e-06
-1.15655e-06
-1.09254e-06
-1.02127e-06
-9.43056e-07
-8.5766e-07
-7.65599e-07
-6.66652e-07
-5.61288e-07
-4.49717e-07
-3.32056e-07
-2.08874e-07
-8.02286e-08
5.31868e-08
1.91166e-07
3.33167e-07
4.78712e-07
6.27223e-07
7.78215e-07
9.31038e-07
1.08513e-06
1.23981e-06
1.39431e-06
1.54823e-06
1.70047e-06
1.85066e-06
1.99776e-06
2.14122e-06
2.28026e-06
2.41391e-06
2.54172e-06
2.6626e-06
2.77609e-06
2.8812e-06
2.97728e-06
3.06366e-06
3.13957e-06
3.20436e-06
3.25736e-06
3.298e-06
3.32566e-06
3.33987e-06
3.33995e-06
3.32577e-06
3.29661e-06
3.25236e-06
3.19262e-06
3.11714e-06
3.026e-06
2.9187e-06
2.79565e-06
2.65655e-06
2.50176e-06
2.3314e-06
2.14562e-06
1.945e-06
1.72977e-06
1.50058e-06
1.25788e-06
1.00243e-06
7.34921e-07
4.56244e-07
1.67123e-07
-1.31295e-07
-4.38089e-07
-7.52149e-07
-1.07222e-06
-1.39732e-06
-1.72578e-06
-2.05669e-06
-2.38834e-06
-2.71948e-06
-3.04865e-06
-3.37415e-06
-3.69482e-06
-4.00875e-06
-4.31466e-06
-4.61079e-06
-4.89569e-06
-5.16783e-06
-5.42555e-06
-5.66743e-06
-5.89192e-06
-6.09764e-06
-6.2831e-06
-6.44702e-06
-6.58796e-06
-6.70494e-06
-6.79653e-06
-6.86184e-06
-6.89982e-06
-6.9095e-06
-6.89036e-06
-6.84128e-06
-6.76216e-06
-6.65219e-06
-6.51126e-06
-6.33914e-06
-6.13558e-06
-5.90101e-06
-5.63528e-06
-5.33903e-06
-5.01256e-06
-4.65662e-06
-4.27203e-06
-3.85964e-06
-3.4206e-06
-2.9561e-06
-2.46757e-06
-1.95645e-06
-1.42447e-06
-8.7327e-07
-3.04991e-07
2.7859e-07
8.75155e-07
1.48252e-06
2.0984e-06
2.72009e-06
3.34548e-06
3.97153e-06
4.59591e-06
5.21569e-06
5.82814e-06
6.43066e-06
7.02008e-06
7.59395e-06
8.14913e-06
8.68307e-06
9.1929e-06
9.67583e-06
1.01293e-05
1.05507e-05
1.09375e-05
1.12873e-05
1.15977e-05
1.18666e-05
1.2092e-05
1.22719e-05
1.24046e-05
1.24885e-05
1.25222e-05
1.25046e-05
1.24345e-05
1.23113e-05
1.21342e-05
1.19031e-05
1.16177e-05
1.1278e-05
1.08847e-05
1.04379e-05
9.93888e-06
9.38832e-06
8.78782e-06
8.13884e-06
7.44308e-06
6.70279e-06
5.91995e-06
5.09737e-06
4.23753e-06
3.34347e-06
2.4183e-06
1.46532e-06
4.88149e-07
-5.0967e-07
-1.52421e-06
-2.55153e-06
-3.58745e-06
-4.62784e-06
-5.66829e-06
-6.70452e-06
-7.73191e-06
-8.74608e-06
-9.74253e-06
-1.07166e-05
-1.1664e-05
-1.25799e-05
-1.34604e-05
-1.43007e-05
-1.50968e-05
-1.58446e-05
-1.65399e-05
-1.71793e-05
-1.77587e-05
-1.8275e-05
-1.87249e-05
-1.91053e-05
-1.94136e-05
-1.96472e-05
-1.98041e-05
-1.98822e-05
-1.98801e-05
-1.97965e-05
-1.96303e-05
-1.93812e-05
-1.90487e-05
-1.86332e-05
-1.81348e-05
-1.75547e-05
-1.68939e-05
-1.6154e-05
-1.5337e-05
-1.44451e-05
-1.3481e-05
-1.24477e-05
-1.13486e-05
-1.01871e-05
-8.96756e-06
-7.69393e-06
-6.37103e-06
-5.00359e-06
-3.59668e-06
-2.15585e-06
-6.86373e-07
8.05635e-07
2.3146e-06
3.83419e-06
5.35824e-06
6.88057e-06
8.39451e-06
9.89406e-06
1.13723e-05
1.28232e-05
1.42401e-05
1.56167e-05
1.6947e-05
1.82244e-05
1.94435e-05
2.05981e-05
2.16829e-05
2.26924e-05
2.36215e-05
2.44655e-05
2.52199e-05
2.58805e-05
2.64435e-05
2.69055e-05
2.72636e-05
2.75149e-05
2.76574e-05
2.76893e-05
2.76094e-05
2.74166e-05
2.71109e-05
2.66921e-05
2.61609e-05
2.55184e-05
2.47663e-05
2.39064e-05
2.29414e-05
2.18743e-05
2.07083e-05
1.94478e-05
1.80967e-05
1.666e-05
1.51429e-05
1.35508e-05
1.189e-05
1.01663e-05
8.38668e-06
6.55787e-06
4.68707e-06
2.78181e-06
8.4938e-07
-1.10199e-06
-3.0648e-06
-5.03067e-06
-6.99168e-06
-8.9397e-06
-1.08663e-05
-1.27638e-05
-1.46236e-05
-1.64381e-05
-1.81994e-05
-1.98997e-05
-2.15318e-05
-2.30882e-05
-2.45623e-05
-2.5947e-05
-2.72364e-05
-2.84244e-05
-2.95055e-05
-3.04745e-05
-3.13267e-05
-3.20581e-05
-3.26646e-05
-3.31433e-05
-3.34915e-05
-3.37067e-05
-3.37877e-05
-3.37332e-05
-3.35428e-05
-3.32166e-05
-3.27552e-05
-3.21599e-05
-3.14325e-05
-3.05754e-05
-2.95915e-05
-2.84844e-05
-2.72579e-05
-2.59168e-05
-2.4466e-05
-2.29111e-05
-2.12581e-05
-1.95133e-05
-1.76838e-05
-1.57766e-05
-1.37994e-05
-1.17601e-05
-9.66686e-06
-7.52814e-06
-5.35261e-06
-3.14916e-06
-9.26664e-07
1.30557e-06
3.53863e-06
5.76312e-06
7.96998e-06
1.01501e-05
1.22942e-05
1.43938e-05
1.64398e-05
1.8424e-05
2.03378e-05
2.21733e-05
2.3923e-05
2.55794e-05
2.71357e-05
2.85851e-05
2.99218e-05
3.11401e-05
3.22347e-05
3.32013e-05
3.40355e-05
3.47341e-05
3.52939e-05
3.57126e-05
3.59886e-05
3.61204e-05
3.61079e-05
3.59506e-05
3.56497e-05
3.5206e-05
3.46216e-05
3.38991e-05
3.30411e-05
3.20517e-05
3.09346e-05
2.96948e-05
2.83375e-05
2.68682e-05
2.52933e-05
2.36191e-05
2.1853e-05
2.0002e-05
1.80741e-05
1.60773e-05
1.40197e-05
1.19102e-05
9.7572e-06
7.57002e-06
5.35743e-06
3.12864e-06
8.92981e-07
-1.34065e-06
-3.56269e-06
-5.76447e-06
-7.93669e-06
-1.00706e-05
-1.21578e-05
-1.41894e-05
-1.61577e-05
-1.80545e-05
-1.98725e-05
-2.16043e-05
-2.32432e-05
-2.4783e-05
-2.62175e-05
-2.75414e-05
-2.87495e-05
-2.98376e-05
-3.08017e-05
-3.16382e-05
-3.23445e-05
-3.29179e-05
-3.33571e-05
-3.36608e-05
-3.38283e-05
-3.38598e-05
-3.37556e-05
-3.35172e-05
-3.31459e-05
-3.26443e-05
-3.2015e-05
-3.12612e-05
-3.0387e-05
-2.93964e-05
-2.82945e-05
-2.70861e-05
-2.57771e-05
-2.43734e-05
-2.28813e-05
-2.13078e-05
-1.96466e-05
-1.76169e-05
-1.45832e-05
-1.0112e-05
-4.99475e-06
-1.36697e-06
-1.33211e-07
6.40316e-09
0
