0
1.22374e-213
3.19317e-211
4.51192e-209
3.37165e-207
1.33565e-205
2.94487e-204
4.02895e-203
3.99078e-202
3.34145e-201
2.64403e-200
2.07486e-199
1.62226e-198
1.26372e-197
9.80798e-197
7.58408e-196
5.84282e-195
4.48473e-194
3.42961e-193
2.61304e-192
1.98353e-191
1.50012e-190
1.13032e-189
8.48529e-189
6.34632e-188
4.72896e-187
3.51072e-186
2.59665e-185
1.91345e-184
1.40477e-183
1.02749e-182
7.4874e-182
5.43585e-181
3.93174e-180
2.83324e-179
2.03404e-178
1.45484e-177
1.03668e-176
7.35959e-176
5.20518e-175
3.66769e-174
2.57467e-173
1.80063e-172
1.25457e-171
8.70838e-171
6.02209e-170
4.14882e-169
2.84753e-168
1.94705e-167
1.32632e-166
9.00088e-166
6.08529e-165
4.09863e-164
2.75014e-163
1.83835e-162
1.22422e-161
8.12163e-161
5.36763e-160
3.53407e-159
2.31802e-158
1.51465e-157
9.85945e-157
6.39355e-156
4.13025e-155
2.65801e-154
1.70403e-153
1.08828e-152
6.92383e-152
4.38823e-151
2.77057e-150
1.74255e-149
1.09178e-148
6.81424e-148
4.23673e-147
2.62406e-146
1.61899e-145
9.95046e-145
6.09208e-144
3.71545e-143
2.25724e-142
1.36604e-141
8.23511e-141
4.94528e-140
2.9582e-139
1.76269e-138
1.04625e-137
6.18594e-137
3.6432e-136
2.13731e-135
1.24898e-134
7.27015e-134
4.21534e-133
2.43456e-132
1.40057e-131
8.02573e-131
4.58096e-130
2.60447e-129
1.47493e-128
8.31971e-128
4.67445e-127
2.61599e-126
1.45821e-125
8.09627e-125
4.4774e-124
2.46627e-123
1.35309e-122
7.39407e-122
4.02446e-121
2.18171e-120
1.17801e-119
6.33526e-119
3.39341e-118
1.81036e-117
9.61942e-117
5.09077e-116
2.68329e-115
1.40863e-114
7.36502e-114
3.83523e-113
1.98906e-112
1.02741e-111
5.28532e-111
2.70789e-110
1.38173e-109
7.02164e-109
3.55369e-108
1.79119e-107
8.99133e-107
4.49491e-106
2.23786e-105
1.10957e-104
5.47878e-104
2.69413e-103
1.31934e-102
6.43415e-102
3.12481e-101
1.5113e-100
7.27892e-100
3.49117e-99
1.66748e-98
7.93105e-98
3.75647e-97
1.77176e-96
8.32147e-96
3.89193e-95
1.81258e-94
8.40601e-94
3.88189e-93
1.78505e-92
8.17359e-92
3.72669e-91
1.69192e-90
7.64855e-90
3.44284e-89
1.54309e-88
6.88645e-88
3.06005e-87
1.3539e-86
5.96438e-86
2.61614e-85
1.14254e-84
4.9681e-84
2.15088e-83
9.27136e-83
3.97895e-82
1.70015e-81
7.23267e-81
3.06334e-80
1.29173e-79
5.42287e-79
2.26652e-78
9.43102e-78
3.90682e-77
1.6112e-76
6.61504e-76
2.70376e-75
1.10015e-74
4.45633e-74
1.79698e-73
7.21344e-73
2.88252e-72
1.14664e-71
4.54047e-71
1.78974e-70
7.02249e-70
2.74282e-69
1.06636e-68
4.12673e-68
1.58964e-67
6.09505e-67
2.32614e-66
8.83628e-66
3.34097e-65
1.2573e-64
4.70941e-64
1.75568e-63
6.51438e-63
2.4057e-62
8.84195e-62
3.23433e-61
1.17746e-60
4.26603e-60
1.53821e-59
5.5197e-59
1.97113e-58
7.00501e-58
2.47737e-57
8.71875e-57
3.05346e-56
1.06414e-55
3.69036e-55
1.27348e-54
4.37285e-54
1.4941e-53
5.07957e-53
1.71831e-52
5.7836e-52
1.9369e-51
6.45389e-51
2.13961e-50
7.05727e-50
2.31591e-49
7.56105e-49
2.45589e-48
7.93589e-48
2.55113e-47
8.15854e-47
2.59553e-46
8.2142e-46
2.58596e-45
8.09817e-45
2.52261e-44
7.81637e-44
2.40902e-43
7.38497e-43
2.25174e-42
6.82875e-42
2.05971e-41
6.17883e-41
1.84344e-40
5.46969e-40
1.61399e-39
4.73619e-39
1.3821e-38
4.0107e-38
1.15734e-37
3.32083e-37
9.4748e-37
2.68793e-36
7.58191e-36
2.12637e-35
5.9291e-35
1.64367e-34
4.53002e-34
1.24119e-33
3.38073e-33
9.15391e-33
2.46383e-32
6.59191e-32
1.75304e-31
4.6338e-31
1.2174e-30
3.17882e-30
8.24932e-30
2.12752e-29
5.45278e-29
1.38878e-28
3.51481e-28
8.83908e-28
2.20868e-27
5.48349e-27
1.35259e-26
3.31463e-26
8.06956e-26
1.95159e-25
4.68845e-25
1.1188e-24
2.65177e-24
6.24251e-24
1.45948e-23
3.38867e-23
7.8132e-23
1.78885e-22
4.06665e-22
9.17896e-22
2.05691e-21
4.57591e-21
1.01053e-20
2.21515e-20
4.81955e-20
1.04071e-19
2.23019e-19
4.7425e-19
1.00068e-18
2.09491e-18
4.35094e-18
8.96421e-18
1.83194e-17
3.71311e-17
7.46367e-17
1.48768e-16
2.9401e-16
5.76053e-16
1.11882e-15
2.1538e-15
4.10904e-15
7.76802e-15
1.45497e-14
2.69966e-14
4.96148e-14
9.03002e-14
1.62731e-13
2.90321e-13
5.12665e-13
8.95877e-13
1.54893e-12
2.64905e-12
4.48041e-12
7.49216e-12
1.23834e-11
2.02252e-11
3.26312e-11
5.19891e-11
8.17671e-11
1.269e-10
1.94258e-10
2.93179e-10
4.36015e-10
6.38629e-10
9.20679e-10
1.30553e-09
1.81952e-09
2.4903e-09
3.3439e-09
4.40036e-09
5.66772e-09
7.13472e-09
8.76275e-09
1.04784e-08
1.21683e-08
1.3679e-08
1.48235e-08
1.53979e-08
1.52068e-08
1.40978e-08
1.1998e-08
8.94581e-09
5.10645e-09
7.61982e-10
-3.72901e-09
-7.99548e-09
-1.172e-08
-1.46699e-08
-1.66486e-08
-1.73355e-08
-1.60251e-08
-1.13555e-08
-1.2206e-09
1.68459e-08
4.45041e-08
8.04875e-08
1.17735e-07
1.40618e-07
1.2393e-07
3.59887e-08
-1.51679e-07
-4.46718e-07
-8.11946e-07
-1.14127e-06
-1.24775e-06
-8.80797e-07
2.09821e-07
2.15383e-06
4.79448e-06
7.51892e-06
9.16427e-06
8.10768e-06
2.64688e-06
-8.27743e-06
-2.40909e-05
-4.15871e-05
-5.43858e-05
-5.34474e-05
-2.91855e-05
2.4635e-05
0.00010574
0.000198414
0.000271221
0.000280233
0.000179999
-5.76175e-05
-0.000420147
-0.000834441
-0.00116086
-0.00121309
-0.00081033
0.000142428
0.00156499
0.00313808
0.0043074
0.00439119
0.00279979
-0.000669771
-0.00555424
-0.0105892
-0.0138489
-0.0132346
-0.00726371
0.00404036
0.0184965
0.0317397
0.0381021
0.0324077
0.012289
-0.0197588
-0.0555651
-0.0825399
-0.0872315
-0.060508
-0.00272517
0.0733233
0.143672
0.179498
0.15738
0.0703614
-0.0646681
-0.207448
-0.304664
-0.308349
-0.196639
0.011356
0.254307
0.444714
0.499253
0.373514
0.0872367
-0.272603
-0.576253
-0.697617
-0.566458
-0.204921
0.269653
0.681606
0.862913
0.723414
0.295463
-0.269033
-0.752617
-0.958457
-0.793843
-0.314384
0.29297
0.784114
0.959402
0.749044
0.244075
-0.34214
-0.765909
-0.858216
-0.595851
-0.107061
0.389805
0.685463
0.670651
0.377937
-0.0423949
-0.397804
-0.542535
-0.438326
-0.160894
0.146267
0.344438
0.362059
0.218731
0.00386156
-0.174472
-0.242323
-0.188891
-0.0612032
0.067872
0.138625
0.130408
0.0639946
-0.0166115
-0.0701702
-0.0776191
-0.0465206
-0.00135556
0.0324739
0.0414665
0.0278472
0.00450076
-0.0142788
-0.0204219
-0.0145277
-0.00316136
0.0062271
0.00943738
0.0067628
0.0014856
-0.00278075
-0.00412496
-0.00282398
-0.0004843
0.00127135
0.00169922
0.00104536
6.5856e-05
-0.000575737
-0.000649097
-0.00033048
4.77198e-05
0.000246461
0.000223081
8.07087e-05
-4.90699e-05
-9.52486e-05
-6.54764e-05
-9.64299e-06
2.75602e-05
3.16792e-05
1.46778e-05
-3.65578e-06
-1.13741e-05
-8.45515e-06
-1.58521e-06
3.06592e-06
3.56205e-06
1.53231e-06
-5.13899e-07
-1.23165e-06
-7.85981e-07
-3.73044e-08
3.6301e-07
3.15895e-07
7.792e-08
-9.04143e-08
-1.09432e-07
-4.40438e-08
1.73585e-08
3.56719e-08
2.00228e-08
-2.8244e-09
-1.27702e-08
-7.20436e-09
2.16599e-09
4.29056e-09
4.44865e-10
-1.37233e-09
4.80868e-10
9.55942e-10
-1.17194e-09
-1.45131e-09
1.10967e-09
1.80579e-09
-8.01056e-10
-1.9115e-09
5.4112e-10
1.91811e-09
-3.62476e-10
-1.91058e-09
2.29811e-10
1.90392e-09
-1.23195e-10
-1.89431e-09
3.95874e-11
1.88039e-09
1.95841e-11
-1.86401e-09
-5.36838e-11
1.84737e-09
6.314e-11
-1.83161e-09
-4.87299e-11
1.81673e-09
1.12145e-11
-1.80175e-09
4.86948e-11
1.78478e-09
-1.30237e-10
-1.7632e-09
2.32438e-10
1.73363e-09
-3.53927e-10
-1.69209e-09
4.92714e-10
1.63406e-09
-6.45954e-10
-1.55477e-09
8.09699e-10
1.4494e-09
-9.78672e-10
-1.31346e-09
1.14609e-09
1.14329e-09
-1.30359e-09
-9.36604e-10
1.44127e-09
6.93139e-10
-1.54796e-09
-4.15341e-10
1.61173e-09
1.09022e-10
-1.62063e-09
2.161e-10
1.56386e-09
-5.46115e-10
-1.43307e-09
8.63002e-10
1.22399e-09
-1.14524e-09
-9.38101e-10
1.3691e-09
5.84146e-10
-1.51058e-09
-1.79254e-10
1.54819e-09
-2.50705e-10
-1.46613e-09
6.71863e-10
1.2579e-09
-1.04449e-09
-9.29528e-10
1.32666e-09
5.02023e-10
-1.47944e-09
-1.21907e-11
1.47314e-09
-4.88875e-10
-1.29385e-09
9.40133e-10
9.49232e-10
-1.27789e-09
-4.72081e-10
1.44563e-09
-7.97131e-11
-1.40508e-09
6.27997e-10
1.14677e-09
-1.0844e-09
-6.97466e-10
1.36498e-09
1.21933e-10
-1.40753e-09
4.82961e-10
1.18827e-09
-1.00271e-09
-7.33706e-10
1.32697e-09
1.23326e-10
-1.37524e-09
5.199e-10
1.12064e-09
-1.05204e-09
-6.0504e-10
1.34085e-09
-6.10524e-11
-1.30178e-09
7.17375e-10
9.27796e-10
-1.19066e-09
-3.02427e-10
1.34207e-09
-4.11811e-10
-1.1129e-09
1.01154e-09
5.53234e-10
-1.31039e-09
1.79782e-10
1.20123e-09
-8.59859e-10
-7.01798e-10
1.25974e-09
-3.62488e-11
-1.23073e-09
7.65411e-10
7.65735e-10
-1.22233e-09
-1.81128e-11
1.22605e-09
-7.39582e-10
-7.5797e-10
1.2111e-09
-1.31014e-11
-1.19551e-09
7.81594e-10
6.8207e-10
-1.22221e-09
1.25829e-10
1.13162e-09
-8.80506e-10
-5.32885e-10
1.2363e-09
-3.13648e-10
-1.01359e-09
1.01317e-09
3.01769e-10
-1.21903e-09
5.61123e-10
8.12922e-10
-1.13997e-09
1.34411e-11
1.1237e-09
-8.34054e-10
-5.04201e-10
1.20234e-09
-3.93868e-10
-9.00429e-10
1.07055e-09
8.3168e-11
-1.12802e-09
7.83644e-10
5.16211e-10
-1.18054e-09
4.098e-10
8.51635e-10
-1.08134e-09
1.36158e-11
1.06448e-09
-8.7042e-10
-3.5398e-10
1.15382e-09
-5.92536e-10
-6.5975e-10
1.13539e-09
-2.88742e-10
-8.87627e-10
1.03387e-09
8.48151e-12
-1.0355e-09
8.76537e-10
2.76918e-10
-1.11096e-09
6.88814e-10
5.04127e-10
-1.12714e-09
4.91747e-10
6.8569e-10
-1.09934e-09
3.01056e-10
8.22998e-10
-1.04261e-09
1.27289e-10
9.21093e-10
-9.70271e-10
-2.34084e-11
9.86842e-10
-8.93277e-10
-1.48234e-10
1.02757e-09
-8.20046e-10
-2.46669e-10
1.05014e-09
-7.56669e-10
-3.19527e-10
1.06036e-09
-7.0726e-10
-3.68199e-10
1.06268e-09
-6.74338e-10
-3.94109e-10
1.0601e-09
-6.59158e-10
-3.98356e-10
1.05412e-09
-6.6195e-10
-3.8153e-10
1.04476e-09
-6.82031e-10
-3.43699e-10
1.03064e-09
-7.17794e-10
-2.84518e-10
1.00905e-09
-7.66602e-10
-2.03489e-10
9.76096e-10
-8.2458e-10
-1.00366e-10
9.26896e-10
-8.8639e-10
2.43154e-11
8.55958e-10
-9.45027e-10
1.68578e-10
7.57723e-10
-9.91733e-10
3.28272e-10
6.27376e-10
-1.01616e-09
4.96347e-10
4.61924e-10
-1.00689e-09
6.62288e-10
2.61519e-10
-9.52472e-10
8.11892e-10
3.0913e-11
-8.43006e-10
9.27661e-10
-2.19187e-10
-6.72373e-10
9.90082e-10
-4.71228e-10
-4.40839e-10
9.7999e-10
-7.00863e-10
-1.57735e-10
8.82104e-10
-8.78466e-10
1.56467e-10
6.89492e-10
-9.72588e-10
4.69542e-10
4.08317e-10
-9.55481e-10
7.39346e-10
6.17705e-11
-8.10373e-10
9.18917e-10
-3.08406e-10
-5.39306e-10
9.65135e-10
-6.44476e-10
-1.69564e-10
8.50183e-10
-8.80709e-10
2.44013e-10
5.73693e-10
-9.57023e-10
6.23605e-10
1.71997e-10
-8.36589e-10
8.81706e-10
-2.79987e-10
-5.23329e-10
9.42679e-10
-6.78334e-10
-7.3081e-11
7.68665e-10
-9.12886e-10
4.08496e-10
3.82151e-10
-9.00461e-10
7.86243e-10
-1.24936e-10
-6.19939e-10
9.33697e-10
-6.04916e-10
-1.3573e-10
7.80677e-10
-8.9428e-10
4.04982e-10
3.53563e-10
-8.72773e-10
8.10165e-10
-2.12561e-10
-5.2208e-10
9.1177e-10
-7.06e-10
4.3703e-11
6.43763e-10
-9.15038e-10
6.00831e-10
9.36966e-11
-7.25837e-10
8.98476e-10
-5.07884e-10
-1.97303e-10
7.77008e-10
-8.74889e-10
4.35451e-10
2.67882e-10
-8.05292e-10
8.53495e-10
-3.88155e-10
-3.0736e-10
8.16742e-10
-8.40014e-10
3.68106e-10
3.17523e-10
-8.14828e-10
8.36967e-10
-3.75716e-10
-2.99299e-10
8.00225e-10
-8.43914e-10
4.10059e-10
2.52591e-10
-7.70868e-10
8.57538e-10
-4.68762e-10
-1.76598e-10
7.22251e-10
-8.71597e-10
5.47469e-10
7.06192e-11
-6.48032e-10
8.7687e-10
-6.39001e-10
6.46466e-11
5.41102e-10
-8.61345e-10
7.32407e-10
-2.25368e-10
-3.95295e-10
8.10997e-10
-8.12276e-10
4.02577e-10
2.07867e-10
-7.11547e-10
8.58816e-10
-5.80307e-10
1.73651e-11
5.51558e-10
-8.4939e-10
7.3462e-10
-2.66637e-10
-3.26926e-10
7.62159e-10
-8.3455e-10
5.13658e-10
4.63029e-11
-5.82197e-10
8.46153e-10
-7.194e-10
2.63917e-10
3.09643e-10
-7.40503e-10
8.36229e-10
-5.57405e-10
3.18853e-11
5.05377e-10
-8.18007e-10
7.71623e-10
-3.90072e-10
-1.58318e-10
6.36231e-10
-8.40272e-10
6.86632e-10
-2.43868e-10
-2.99231e-10
7.15068e-10
-8.32527e-10
6.06297e-10
-1.32665e-10
-3.92862e-10
7.56966e-10
-8.14805e-10
5.46459e-10
-6.20599e-11
-4.44673e-10
7.74452e-10
-8.00395e-10
5.15656e-10
-3.3351e-11
-4.59549e-10
7.75163e-10
-7.95892e-10
5.17092e-10
-4.62246e-11
-4.39675e-10
7.61014e-10
-8.01645e-10
5.49784e-10
-9.98644e-11
-3.83957e-10
7.28197e-10
-8.11987e-10
6.08568e-10
-1.92483e-10
-2.88819e-10
6.67838e-10
-8.15203e-10
6.83058e-10
-3.19401e-10
-1.50416e-10
5.67615e-10
-7.93747e-10
7.56075e-10
-4.69935e-10
3.15958e-11
4.14966e-10
-7.25684e-10
8.02575e-10
-6.23819e-10
2.48794e-10
2.02564e-10
-5.88675e-10
7.90724e-10
-7.48673e-10
4.7816e-10
-6.38739e-11
-3.67713e-10
6.87259e-10
-8.01102e-10
6.78029e-10
-3.56857e-10
-6.66386e-11
4.68878e-10
-7.3468e-10
7.89904e-10
-6.214e-10
2.79143e-10
1.39341e-10
-5.17245e-10
7.51133e-10
-7.78863e-10
5.95382e-10
-2.52588e-10
-1.56028e-10
5.21308e-10
-7.47605e-10
7.77456e-10
-6.05499e-10
2.78471e-10
1.18144e-10
-4.82864e-10
7.2423e-10
-7.83429e-10
6.48018e-10
-3.53745e-10
-2.55129e-11
3.96727e-10
-6.70658e-10
7.83099e-10
-7.09426e-10
4.69306e-10
-1.20875e-10
-2.53815e-10
5.68338e-10
-7.5176e-10
7.64264e-10
-6.05231e-10
3.12273e-10
4.81763e-11
-3.96261e-10
6.56474e-10
-7.73844e-10
7.25126e-10
-5.22831e-10
2.1155e-10
1.42299e-10
-4.64889e-10
6.90384e-10
-7.7415e-10
7.01156e-10
-4.88119e-10
1.79241e-10
1.63339e-10
-4.72248e-10
6.88106e-10
-7.7072e-10
7.06178e-10
-5.0868e-10
2.17025e-10
1.13363e-10
-4.21159e-10
6.50538e-10
-7.61119e-10
7.34745e-10
-5.78023e-10
3.20387e-10
-8.23061e-12
-3.03675e-10
5.61858e-10
-7.2322e-10
7.6198e-10
-6.73436e-10
4.74069e-10
-1.9815e-10
-1.08414e-10
3.95866e-10
-6.18676e-10
7.4262e-10
-7.49775e-10
6.40765e-10
-4.34054e-10
1.62533e-10
1.31932e-10
-4.05072e-10
6.16856e-10
-7.37231e-10
7.50151e-10
-6.55407e-10
4.68122e-10
-2.16079e-10
-6.4603e-11
3.34759e-10
-5.57659e-10
7.03909e-10
-7.55143e-10
7.06081e-10
-5.64757e-10
3.50993e-10
-9.34201e-11
-1.74497e-10
4.18871e-10
-6.0965e-10
7.24197e-10
-7.49795e-10
6.84825e-10
-5.38547e-10
3.29595e-10
-8.34348e-11
-1.70851e-10
4.04051e-10
-5.90145e-10
7.09122e-10
-7.48969e-10
7.06692e-10
-5.88287e-10
4.07748e-10
-1.8526e-10
-5.51695e-11
2.88362e-10
-4.90608e-10
6.42024e-10
-7.284e-10
7.42381e-10
-6.83916e-10
5.59964e-10
-3.83535e-10
1.72207e-10
5.37135e-11
-2.73191e-10
4.6642e-10
-6.16562e-10
7.11131e-10
-7.42911e-10
7.10357e-10
-6.17487e-10
4.73297e-10
-2.90783e-10
8.56925e-11
1.24896e-10
-3.24012e-10
4.96147e-10
-6.28416e-10
7.1144e-10
-7.39912e-10
7.12813e-10
-6.33288e-10
5.08225e-10
-3.47574e-10
1.63485e-10
3.06526e-11
-2.21221e-10
3.95316e-10
-5.41601e-10
6.50991e-10
-7.17151e-10
7.3677e-10
-7.09632e-10
6.3847e-10
-5.28653e-10
3.87714e-10
-2.24784e-10
4.99636e-11
1.26334e-10
-2.94e-10
4.43803e-10
-5.67861e-10
6.60018e-10
-7.16083e-10
7.3396e-10
-7.13643e-10
6.57103e-10
-5.68077e-10
4.51783e-10
-3.14569e-10
1.63543e-10
-6.17363e-12
-1.50076e-10
2.98113e-10
-4.31515e-10
5.44787e-10
-6.33557e-10
6.947e-10
-7.26402e-10
7.28158e-10
-7.00712e-10
6.45957e-10
-5.66779e-10
4.66884e-10
-3.50601e-10
2.22673e-10
-8.80496e-11
-4.83086e-11
1.81617e-10
-3.07427e-10
4.21762e-10
-5.21226e-10
6.03079e-10
-6.65291e-10
7.06555e-10
-7.26282e-10
7.24571e-10
-7.02158e-10
6.60347e-10
-6.00931e-10
5.26104e-10
-4.38366e-10
3.40432e-10
-2.35137e-10
1.2535e-10
-1.3893e-11
-9.65317e-11
2.03401e-10
-3.04423e-10
3.97578e-10
-4.81144e-10
5.5372e-10
-6.1423e-10
6.6192e-10
-6.96355e-10
7.17401e-10
-7.25196e-10
7.20135e-10
-7.02832e-10
6.74093e-10
-6.34877e-10
5.86271e-10
-5.29451e-10
4.65655e-10
-3.96151e-10
3.2221e-10
-2.45087e-10
1.65994e-10
-8.60836e-11
6.43772e-12
7.19495e-11
-1.48176e-10
2.21442e-10
-2.91049e-10
3.56406e-10
-4.17025e-10
4.7252e-10
-5.22602e-10
5.67074e-10
-6.05825e-10
6.38826e-10
-6.66115e-10
6.87795e-10
-7.04026e-10
7.15015e-10
-7.21009e-10
7.22287e-10
-7.19156e-10
7.11939e-10
-7.00975e-10
6.86608e-10
-6.69185e-10
6.49055e-10
-6.26554e-10
6.02017e-10
-5.75763e-10
5.48097e-10
-5.1931e-10
4.89675e-10
-4.5945e-10
4.28869e-10
-3.98153e-10
3.675e-10
-3.37093e-10
3.07095e-10
-2.77653e-10
2.48896e-10
-2.20937e-10
1.93876e-10
-1.678e-10
1.42781e-10
-1.18879e-10
9.61475e-11
-7.46267e-11
5.43503e-11
-3.53442e-11
1.76271e-11
-1.21405e-12
-1.38861e-11
2.76671e-11
-4.01264e-11
5.12639e-11
-6.10798e-11
6.95776e-11
-7.67607e-11
8.26315e-11
-8.71938e-11
9.04509e-11
-9.24038e-11
9.3055e-11
-9.24038e-11
9.04509e-11
-8.71938e-11
8.26315e-11
-7.67607e-11
6.95776e-11
-6.10798e-11
5.12639e-11
-4.01264e-11
2.76671e-11
-1.38861e-11
-1.21405e-12
1.76271e-11
-3.53442e-11
5.43503e-11
-7.46267e-11
9.61475e-11
-1.18879e-10
1.42781e-10
-1.678e-10
1.93876e-10
-2.20937e-10
2.48896e-10
-2.77653e-10
3.07095e-10
-3.37093e-10
3.675e-10
-3.98153e-10
4.28869e-10
-4.5945e-10
4.89675e-10
-5.1931e-10
5.48097e-10
-5.75763e-10
6.02017e-10
-6.26554e-10
6.49055e-10
-6.69185e-10
6.86608e-10
-7.00975e-10
7.11939e-10
-7.19156e-10
7.22287e-10
-7.21009e-10
7.15015e-10
-7.04026e-10
6.87795e-10
-6.66115e-10
6.38826e-10
-6.05825e-10
5.67074e-10
-5.22602e-10
4.7252e-10
-4.17025e-10
3.56406e-10
-2.91049e-10
2.21442e-10
-1.48176e-10
7.19495e-11
6.43772e-12
-8.60836e-11
1.65994e-10
-2.45087e-10
3.2221e-10
-3.96151e-10
4.65655e-10
-5.29451e-10
5.86271e-10
-6.34877e-10
6.74093e-10
-7.02832e-10
7.20135e-10
-7.25196e-10
7.17401e-10
-6.96355e-10
6.6192e-10
-6.1423e-10
5.5372e-10
-4.81144e-10
3.97578e-10
-3.04423e-10
2.03401e-10
-9.65317e-11
-1.3893e-11
1.2535e-10
-2.35137e-10
3.40432e-10
-4.38366e-10
5.26104e-10
-6.00931e-10
6.60347e-10
-7.02158e-10
7.24571e-10
-7.26282e-10
7.06555e-10
-6.65291e-10
6.03079e-10
-5.21226e-10
4.21762e-10
-3.07427e-10
1.81617e-10
-4.83086e-11
-8.80496e-11
2.22673e-10
-3.50601e-10
4.66884e-10
-5.66779e-10
6.45957e-10
-7.00712e-10
7.28158e-10
-7.26402e-10
6.947e-10
-6.33557e-10
5.44787e-10
-4.31515e-10
2.98113e-10
-1.50076e-10
-6.17363e-12
1.63543e-10
-3.14569e-10
4.51783e-10
-5.68077e-10
6.57103e-10
-7.13643e-10
7.3396e-10
-7.16083e-10
6.60018e-10
-5.67861e-10
4.43803e-10
-2.94e-10
1.26334e-10
4.99636e-11
-2.24784e-10
3.87714e-10
-5.28653e-10
6.3847e-10
-7.09632e-10
7.3677e-10
-7.17151e-10
6.50991e-10
-5.41601e-10
3.95316e-10
-2.21221e-10
3.06526e-11
1.63485e-10
-3.47574e-10
5.08225e-10
-6.33288e-10
7.12813e-10
-7.39912e-10
7.1144e-10
-6.28416e-10
4.96147e-10
-3.24012e-10
1.24896e-10
8.56925e-11
-2.90783e-10
4.73297e-10
-6.17487e-10
7.10357e-10
-7.42911e-10
7.11131e-10
-6.16562e-10
4.6642e-10
-2.73191e-10
5.37135e-11
1.72207e-10
-3.83535e-10
5.59964e-10
-6.83916e-10
7.42381e-10
-7.284e-10
6.42024e-10
-4.90608e-10
2.88362e-10
-5.51695e-11
-1.8526e-10
4.07748e-10
-5.88287e-10
7.06692e-10
-7.48969e-10
7.09122e-10
-5.90145e-10
4.04051e-10
-1.70851e-10
-8.34348e-11
3.29595e-10
-5.38547e-10
6.84825e-10
-7.49795e-10
7.24197e-10
-6.0965e-10
4.18871e-10
-1.74497e-10
-9.34201e-11
3.50993e-10
-5.64757e-10
7.06081e-10
-7.55143e-10
7.03909e-10
-5.57659e-10
3.34759e-10
-6.4603e-11
-2.16079e-10
4.68122e-10
-6.55407e-10
7.50151e-10
-7.37231e-10
6.16856e-10
-4.05072e-10
1.31932e-10
1.62533e-10
-4.34054e-10
6.40765e-10
-7.49775e-10
7.4262e-10
-6.18676e-10
3.95866e-10
-1.08414e-10
-1.9815e-10
4.74069e-10
-6.73436e-10
7.6198e-10
-7.2322e-10
5.61858e-10
-3.03675e-10
-8.23061e-12
3.20387e-10
-5.78023e-10
7.34745e-10
-7.61119e-10
6.50538e-10
-4.21159e-10
1.13363e-10
2.17025e-10
-5.0868e-10
7.06178e-10
-7.7072e-10
6.88106e-10
-4.72248e-10
1.63339e-10
1.79241e-10
-4.88119e-10
7.01156e-10
-7.7415e-10
6.90384e-10
-4.64889e-10
1.42299e-10
2.1155e-10
-5.22831e-10
7.25126e-10
-7.73844e-10
6.56474e-10
-3.96261e-10
4.81763e-11
3.12273e-10
-6.05231e-10
7.64264e-10
-7.5176e-10
5.68338e-10
-2.53815e-10
-1.20875e-10
4.69306e-10
-7.09426e-10
7.83099e-10
-6.70658e-10
3.96727e-10
-2.55129e-11
-3.53745e-10
6.48018e-10
-7.83429e-10
7.2423e-10
-4.82864e-10
1.18144e-10
2.78471e-10
-6.05499e-10
7.77456e-10
-7.47605e-10
5.21308e-10
-1.56028e-10
-2.52588e-10
5.95382e-10
-7.78863e-10
7.51133e-10
-5.17245e-10
1.39341e-10
2.79143e-10
-6.214e-10
7.89904e-10
-7.3468e-10
4.68878e-10
-6.66386e-11
-3.56857e-10
6.78029e-10
-8.01102e-10
6.87259e-10
-3.67713e-10
-6.38739e-11
4.7816e-10
-7.48673e-10
7.90724e-10
-5.88675e-10
2.02564e-10
2.48794e-10
-6.23819e-10
8.02575e-10
-7.25684e-10
4.14966e-10
3.15958e-11
-4.69935e-10
7.56075e-10
-7.93747e-10
5.67615e-10
-1.50416e-10
-3.19401e-10
6.83058e-10
-8.15203e-10
6.67838e-10
-2.88819e-10
-1.92483e-10
6.08568e-10
-8.11987e-10
7.28197e-10
-3.83957e-10
-9.98644e-11
5.49784e-10
-8.01645e-10
7.61014e-10
-4.39675e-10
-4.62246e-11
5.17092e-10
-7.95892e-10
7.75163e-10
-4.59549e-10
-3.3351e-11
5.15656e-10
-8.00395e-10
7.74452e-10
-4.44673e-10
-6.20599e-11
5.46459e-10
-8.14805e-10
7.56966e-10
-3.92862e-10
-1.32665e-10
6.06297e-10
-8.32527e-10
7.15068e-10
-2.99231e-10
-2.43868e-10
6.86632e-10
-8.40272e-10
6.36231e-10
-1.58318e-10
-3.90072e-10
7.71623e-10
-8.18007e-10
5.05377e-10
3.18853e-11
-5.57405e-10
8.36229e-10
-7.40503e-10
3.09643e-10
2.63917e-10
-7.194e-10
8.46153e-10
-5.82197e-10
4.63029e-11
5.13658e-10
-8.3455e-10
7.62159e-10
-3.26926e-10
-2.66637e-10
7.3462e-10
-8.4939e-10
5.51558e-10
1.73651e-11
-5.80307e-10
8.58816e-10
-7.11547e-10
2.07867e-10
4.02577e-10
-8.12276e-10
8.10997e-10
-3.95295e-10
-2.25368e-10
7.32407e-10
-8.61345e-10
5.41102e-10
6.46466e-11
-6.39001e-10
8.7687e-10
-6.48032e-10
7.06192e-11
5.47469e-10
-8.71597e-10
7.22251e-10
-1.76598e-10
-4.68762e-10
8.57538e-10
-7.70868e-10
2.52591e-10
4.10059e-10
-8.43914e-10
8.00225e-10
-2.99299e-10
-3.75716e-10
8.36967e-10
-8.14828e-10
3.17523e-10
3.68106e-10
-8.40014e-10
8.16742e-10
-3.0736e-10
-3.88155e-10
8.53495e-10
-8.05292e-10
2.67882e-10
4.35451e-10
-8.74889e-10
7.77008e-10
-1.97303e-10
-5.07884e-10
8.98476e-10
-7.25837e-10
9.36966e-11
6.00831e-10
-9.15038e-10
6.43763e-10
4.3703e-11
-7.06e-10
9.1177e-10
-5.2208e-10
-2.12561e-10
8.10165e-10
-8.72773e-10
3.53563e-10
4.04982e-10
-8.9428e-10
7.80677e-10
-1.3573e-10
-6.04916e-10
9.33697e-10
-6.19939e-10
-1.24936e-10
7.86243e-10
-9.00461e-10
3.82151e-10
4.08496e-10
-9.12886e-10
7.68665e-10
-7.3081e-11
-6.78334e-10
9.42679e-10
-5.23329e-10
-2.79987e-10
8.81706e-10
-8.36589e-10
1.71997e-10
6.23605e-10
-9.57023e-10
5.73693e-10
2.44013e-10
-8.80709e-10
8.50183e-10
-1.69564e-10
-6.44476e-10
9.65135e-10
-5.39306e-10
-3.08406e-10
9.18917e-10
-8.10373e-10
6.17705e-11
7.39346e-10
-9.55481e-10
4.08317e-10
4.69542e-10
-9.72588e-10
6.89492e-10
1.56467e-10
-8.78466e-10
8.82104e-10
-1.57735e-10
-7.00863e-10
9.7999e-10
-4.40839e-10
-4.71228e-10
9.90082e-10
-6.72373e-10
-2.19187e-10
9.27661e-10
-8.43006e-10
3.0913e-11
8.11892e-10
-9.52472e-10
2.61519e-10
6.62288e-10
-1.00689e-09
4.61924e-10
4.96347e-10
-1.01616e-09
6.27376e-10
3.28272e-10
-9.91733e-10
7.57723e-10
1.68578e-10
-9.45027e-10
8.55958e-10
2.43154e-11
-8.8639e-10
9.26896e-10
-1.00366e-10
-8.2458e-10
9.76096e-10
-2.03489e-10
-7.66602e-10
1.00905e-09
-2.84518e-10
-7.17794e-10
1.03064e-09
-3.43699e-10
-6.82031e-10
1.04476e-09
-3.8153e-10
-6.6195e-10
1.05412e-09
-3.98356e-10
-6.59158e-10
1.0601e-09
-3.94109e-10
-6.74338e-10
1.06268e-09
-3.68199e-10
-7.0726e-10
1.06036e-09
-3.19527e-10
-7.56669e-10
1.05014e-09
-2.46669e-10
-8.20046e-10
1.02757e-09
-1.48234e-10
-8.93277e-10
9.86842e-10
-2.34084e-11
-9.70271e-10
9.21093e-10
1.27289e-10
-1.04261e-09
8.22998e-10
3.01056e-10
-1.09934e-09
6.8569e-10
4.91747e-10
-1.12714e-09
5.04127e-10
6.88814e-10
-1.11096e-09
2.76918e-10
8.76537e-10
-1.0355e-09
8.48151e-12
1.03387e-09
-8.87627e-10
-2.88742e-10
1.13539e-09
-6.5975e-10
-5.92536e-10
1.15382e-09
-3.5398e-10
-8.7042e-10
1.06448e-09
1.36158e-11
-1.08134e-09
8.51635e-10
4.098e-10
-1.18054e-09
5.16211e-10
7.83644e-10
-1.12802e-09
8.3168e-11
1.07055e-09
-9.00429e-10
-3.93868e-10
1.20234e-09
-5.04201e-10
-8.34054e-10
1.1237e-09
1.34411e-11
-1.13997e-09
8.12922e-10
5.61123e-10
-1.21903e-09
3.01769e-10
1.01317e-09
-1.01359e-09
-3.13648e-10
1.2363e-09
-5.32885e-10
-8.80506e-10
1.13162e-09
1.25829e-10
-1.22221e-09
6.8207e-10
7.81594e-10
-1.19551e-09
-1.31014e-11
1.2111e-09
-7.5797e-10
-7.39582e-10
1.22605e-09
-1.81128e-11
-1.22233e-09
7.65735e-10
7.65411e-10
-1.23073e-09
-3.62488e-11
1.25974e-09
-7.01798e-10
-8.59859e-10
1.20123e-09
1.79782e-10
-1.31039e-09
5.53234e-10
1.01154e-09
-1.1129e-09
-4.11811e-10
1.34207e-09
-3.02427e-10
-1.19066e-09
9.27796e-10
7.17375e-10
-1.30178e-09
-6.10524e-11
1.34085e-09
-6.0504e-10
-1.05204e-09
1.12064e-09
5.199e-10
-1.37524e-09
1.23326e-10
1.32697e-09
-7.33706e-10
-1.00271e-09
1.18827e-09
4.82961e-10
-1.40753e-09
1.21933e-10
1.36498e-09
-6.97466e-10
-1.0844e-09
1.14677e-09
6.27997e-10
-1.40508e-09
-7.97131e-11
1.44563e-09
-4.72081e-10
-1.27789e-09
9.49232e-10
9.40133e-10
-1.29385e-09
-4.88875e-10
1.47314e-09
-1.21907e-11
-1.47944e-09
5.02023e-10
1.32666e-09
-9.29528e-10
-1.04449e-09
1.2579e-09
6.71863e-10
-1.46613e-09
-2.50705e-10
1.54819e-09
-1.79254e-10
-1.51058e-09
5.84146e-10
1.3691e-09
-9.38101e-10
-1.14524e-09
1.22399e-09
8.63002e-10
-1.43307e-09
-5.46115e-10
1.56386e-09
2.161e-10
-1.62063e-09
1.09022e-10
1.61173e-09
-4.15341e-10
-1.54796e-09
6.93139e-10
1.44127e-09
-9.36604e-10
-1.30359e-09
1.14329e-09
1.14609e-09
-1.31346e-09
-9.78672e-10
1.4494e-09
8.09699e-10
-1.55477e-09
-6.45954e-10
1.63406e-09
4.92714e-10
-1.69209e-09
-3.53927e-10
1.73363e-09
2.32438e-10
-1.7632e-09
-1.30237e-10
1.78478e-09
4.86948e-11
-1.80175e-09
1.12145e-11
1.81673e-09
-4.87299e-11
-1.83161e-09
6.314e-11
1.84737e-09
-5.36838e-11
-1.86401e-09
1.95841e-11
1.88039e-09
3.95874e-11
-1.89431e-09
-1.23195e-10
1.90392e-09
2.29811e-10
-1.91058e-09
-3.62476e-10
1.91811e-09
5.4112e-10
-1.9115e-09
-8.01056e-10
1.80579e-09
1.10967e-09
-1.45131e-09
-1.17194e-09
9.55942e-10
4.80868e-10
-1.37233e-09
4.44865e-10
4.29056e-09
2.16599e-09
-7.20436e-09
-1.27702e-08
-2.8244e-09
2.00228e-08
3.56719e-08
1.73585e-08
-4.40438e-08
-1.09432e-07
-9.04143e-08
7.792e-08
3.15895e-07
3.6301e-07
-3.73044e-08
-7.85981e-07
-1.23165e-06
-5.13899e-07
1.53231e-06
3.56205e-06
3.06592e-06
-1.58521e-06
-8.45515e-06
-1.13741e-05
-3.65578e-06
1.46778e-05
3.16792e-05
2.75602e-05
-9.64299e-06
-6.54764e-05
-9.52486e-05
-4.90699e-05
8.07087e-05
0.000223081
0.000246461
4.77198e-05
-0.00033048
-0.000649097
-0.000575737
6.5856e-05
0.00104536
0.00169922
0.00127135
-0.0004843
-0.00282398
-0.00412496
-0.00278075
0.0014856
0.0067628
0.00943738
0.0062271
-0.00316136
-0.0145277
-0.0204219
-0.0142788
0.00450076
0.0278472
0.0414665
0.0324739
-0.00135556
-0.0465206
-0.0776191
-0.0701702
-0.0166115
0.0639946
0.130408
0.138625
0.067872
-0.0612032
-0.188891
-0.242323
-0.174472
0.00386156
0.218731
0.362059
0.344438
0.146267
-0.160894
-0.438326
-0.542535
-0.397804
-0.0423949
0.377937
0.670651
0.685463
0.389805
-0.107061
-0.595851
-0.858216
-0.765909
-0.34214
0.244075
0.749044
0.959402
0.784114
0.29297
-0.314384
-0.793843
-0.958457
-0.752617
-0.269033
0.295463
0.723414
0.862913
0.681606
0.269653
-0.204921
-0.566458
-0.697617
-0.576253
-0.272603
0.0872367
0.373514
0.499253
0.444714
0.254307
0.011356
-0.196639
-0.308349
-0.304664
-0.207448
-0.0646681
0.0703614
0.15738
0.179498
0.143672
0.0733233
-0.00272517
-0.060508
-0.0872315
-0.0825399
-0.0555651
-0.0197588
0.012289
0.0324077
0.0381021
0.0317397
0.0184965
0.00404036
-0.00726371
-0.0132346
-0.0138489
-0.0105892
-0.00555424
-0.000669771
0.00279979
0.00439119
0.0043074
0.00313808
0.00156499
0.000142428
-0.00081033
-0.00121309
-0.00116086
-0.000834441
-0.000420147
-5.76175e-05
0.000179999
0.000280233
0.000271221
0.000198414
0.00010574
2.4635e-05
-2.91855e-05
-5.34474e-05
-5.43858e-05
-4.15871e-05
-2.40909e-05
-8.27743e-06
2.64688e-06
8.10768e-06
9.16427e-06
7.51892e-06
4.79448e-06
2.15383e-06
2.09821e-07
-8.80797e-07
-1.24775e-06
-1.14127e-06
-8.11946e-07
-4.46718e-07
-1.51679e-07
3.59887e-08
1.2393e-07
1.40618e-07
1.17735e-07
8.04875e-08
4.45041e-08
1.68459e-08
-1.2206e-09
-1.13555e-08
-1.60251e-08
-1.73355e-08
-1.66486e-08
-1.46699e-08
-1.172e-08
-7.99548e-09
-3.72901e-09
7.61982e-10
5.10645e-09
8.94581e-09
1.1998e-08
1.40978e-08
1.52068e-08
1.53979e-08
1.48235e-08
1.3679e-08
1.21683e-08
1.04784e-08
8.76275e-09
7.13472e-09
5.66772e-09
4.40036e-09
3.3439e-09
2.4903e-09
1.81952e-09
1.30553e-09
9.20679e-10
6.38629e-10
4.36015e-10
2.93179e-10
1.94258e-10
1.269e-10
8.17671e-11
5.19891e-11
3.26312e-11
2.02252e-11
1.23834e-11
7.49216e-12
4.48041e-12
2.64905e-12
1.54893e-12
8.95877e-13
5.12665e-13
2.90321e-13
1.62731e-13
9.03002e-14
4.96148e-14
2.69966e-14
1.45497e-14
7.76802e-15
4.10904e-15
2.1538e-15
1.11882e-15
5.76053e-16
2.9401e-16
1.48768e-16
7.46367e-17
3.71311e-17
1.83194e-17
8.96421e-18
4.35094e-18
2.09491e-18
1.00068e-18
4.7425e-19
2.23019e-19
1.04071e-19
4.81955e-20
2.21515e-20
1.01053e-20
4.57591e-21
2.05691e-21
9.17896e-22
4.06665e-22
1.78885e-22
7.8132e-23
3.38867e-23
1.45948e-23
6.24251e-24
2.65177e-24
1.1188e-24
4.68845e-25
1.95159e-25
8.06956e-26
3.31463e-26
1.35259e-26
5.48349e-27
2.20868e-27
8.83908e-28
3.51481e-28
1.38878e-28
5.45278e-29
2.12752e-29
8.24932e-30
3.17882e-30
1.2174e-30
4.6338e-31
1.75304e-31
6.59191e-32
2.46383e-32
9.15391e-33
3.38073e-33
1.24119e-33
4.53002e-34
1.64367e-34
5.9291e-35
2.12637e-35
7.58191e-36
2.68793e-36
9.4748e-37
3.32083e-37
1.15734e-37
4.0107e-38
1.3821e-38
4.73619e-39
1.61399e-39
5.46969e-40
1.84344e-40
6.17883e-41
2.05971e-41
6.82875e-42
2.25174e-42
7.38497e-43
2.40902e-43
7.81637e-44
2.52261e-44
8.09817e-45
2.58596e-45
8.2142e-46
2.59553e-46
8.15854e-47
2.55113e-47
7.93589e-48
2.45589e-48
7.56105e-49
2.31591e-49
7.05727e-50
2.13961e-50
6.45389e-51
1.9369e-51
5.7836e-52
1.71831e-52
5.07957e-53
1.4941e-53
4.37285e-54
1.27348e-54
3.69036e-55
1.06414e-55
3.05346e-56
8.71875e-57
2.47737e-57
7.00501e-58
1.97113e-58
5.5197e-59
1.53821e-59
4.26603e-60
1.17746e-60
3.23433e-61
8.84195e-62
2.4057e-62
6.51438e-63
1.75568e-63
4.70941e-64
1.2573e-64
3.34097e-65
8.83628e-66
2.32614e-66
6.09505e-67
1.58964e-67
4.12673e-68
1.06636e-68
2.74282e-69
7.02249e-70
1.78974e-70
4.54047e-71
1.14664e-71
2.88252e-72
7.21344e-73
1.79698e-73
4.45633e-74
1.10015e-74
2.70376e-75
6.61504e-76
1.6112e-76
3.90682e-77
9.43102e-78
2.26652e-78
5.42287e-79
1.29173e-79
3.06334e-80
7.23267e-81
1.70015e-81
3.97895e-82
9.27136e-83
2.15088e-83
4.9681e-84
1.14254e-84
2.61614e-85
5.96438e-86
1.3539e-86
3.06005e-87
6.88645e-88
1.54309e-88
3.44284e-89
7.64855e-90
1.69192e-90
3.72669e-91
8.17359e-92
1.78505e-92
3.88189e-93
8.40601e-94
1.81258e-94
3.89193e-95
8.32147e-96
1.77176e-96
3.75647e-97
7.93105e-98
1.66748e-98
3.49117e-99
7.27892e-100
1.5113e-100
3.12481e-101
6.43415e-102
1.31934e-102
2.69413e-103
5.47878e-104
1.10957e-104
2.23786e-105
4.49491e-106
8.99133e-107
1.79119e-107
3.55369e-108
7.02164e-109
1.38173e-109
2.70789e-110
5.28532e-111
1.02741e-111
1.98906e-112
3.83523e-113
7.36502e-114
1.40863e-114
2.68329e-115
5.09077e-116
9.61942e-117
1.81036e-117
3.39341e-118
6.33526e-119
1.17801e-119
2.18171e-120
4.02446e-121
7.39407e-122
1.35309e-122
2.46627e-123
4.4774e-124
8.09627e-125
1.45821e-125
2.61599e-126
4.67445e-127
8.31971e-128
1.47493e-128
2.60447e-129
4.58096e-130
8.02573e-131
1.40057e-131
2.43456e-132
4.21534e-133
7.27015e-134
1.24898e-134
2.13731e-135
3.6432e-136
6.18594e-137
1.04625e-137
1.76269e-138
2.9582e-139
4.94528e-140
8.23511e-141
1.36604e-141
2.25724e-142
3.71545e-143
6.09208e-144
9.95046e-145
1.61899e-145
2.62406e-146
4.23673e-147
6.81424e-148
1.09178e-148
1.74255e-149
2.77057e-150
4.38823e-151
6.92383e-152
1.08828e-152
1.70403e-153
2.65801e-154
4.13025e-155
6.39355e-156
9.85945e-157
1.51465e-157
2.31802e-158
3.53407e-159
5.36763e-160
8.12163e-161
1.22422e-161
1.83835e-162
2.75014e-163
4.09863e-164
6.08529e-165
9.00088e-166
1.32632e-166
1.94705e-167
2.84753e-168
4.14882e-169
6.02209e-170
8.70838e-171
1.25457e-171
1.80063e-172
2.57467e-173
3.66769e-174
5.20518e-175
7.35959e-176
1.03668e-176
1.45484e-177
2.03404e-178
2.83324e-179
3.93174e-180
5.43585e-181
7.4874e-182
1.02749e-182
1.40477e-183
1.91345e-184
2.59665e-185
3.51072e-186
4.72896e-187
6.34632e-188
8.48529e-189
1.13032e-189
1.50012e-190
1.98353e-191
2.61304e-192
3.42961e-193
4.48473e-194
5.84282e-195
7.58408e-196
9.80798e-197
1.26372e-197
1.62226e-198
2.07486e-199
2.64403e-200
3.34145e-201
3.99078e-202
4.02895e-203
2.94487e-204
1.33565e-205
3.37165e-207
4.51192e-209
3.19311e-211
0
