0
2.53069e-16
3.59914e-15
2.29489e-14
7.11668e-14
-8.24615e-14
1.35115e-12
-5.30303e-12
1.26701e-11
-1.95938e-11
2.14545e-11
-1.77144e-11
1.06882e-11
-3.87546e-12
1.36995e-13
-1.00166e-12
6.23985e-12
-1.44308e-11
2.27509e-11
-2.76606e-11
2.60212e-11
-1.75171e-11
5.38423e-12
4.68929e-12
-8.03788e-12
3.32079e-12
6.81394e-12
-1.77106e-11
2.46242e-11
-2.47281e-11
1.77037e-11
-6.09047e-12
-6.07604e-12
1.48433e-11
-1.8302e-11
1.66143e-11
-1.15052e-11
5.11302e-12
-9.98521e-14
-8.82481e-13
-3.99419e-12
1.38241e-11
-2.48386e-11
3.18029e-11
-3.12312e-11
2.30841e-11
-1.09452e-11
-1.25701e-13
5.55961e-12
-3.40755e-12
-5.08706e-12
1.56621e-11
-2.33303e-11
2.46363e-11
-1.94509e-11
1.009e-11
2.00447e-13
-8.94179e-12
1.42872e-11
-1.51141e-11
1.11642e-11
-4.25087e-12
-2.02413e-12
3.51529e-12
1.88442e-12
-1.31813e-11
2.63212e-11
-3.62137e-11
3.8637e-11
-3.24924e-11
2.0349e-11
-7.76317e-12
1.99075e-13
-3.21996e-13
6.51232e-12
-1.46562e-11
2.06059e-11
-2.23407e-11
1.9631e-11
-1.33941e-11
4.8713e-12
3.90106e-12
-1.04415e-11
1.23754e-11
-9.03637e-12
1.94082e-12
5.17239e-12
-7.95182e-12
3.07425e-12
9.50505e-12
-2.60496e-11
4.00732e-11
-4.59518e-11
4.19107e-11
-3.12143e-11
1.95946e-11
-1.19568e-11
9.79407e-12
-1.17795e-11
1.52953e-11
-1.83281e-11
1.95793e-11
-1.84601e-11
1.45555e-11
-8.14688e-12
3.07297e-13
6.62424e-12
-9.85791e-12
7.20954e-12
7.97025e-13
-1.03291e-11
1.52309e-11
-1.07209e-11
-3.57419e-12
2.26492e-11
-3.92464e-11
4.78447e-11
-4.76423e-11
4.16684e-11
-3.42976e-11
2.83187e-11
-2.44353e-11
2.18198e-11
-1.97577e-11
1.80335e-11
-1.69548e-11
1.61789e-11
-1.4499e-11
1.01639e-11
-2.8911e-12
-5.04537e-12
9.11906e-12
-5.79895e-12
-4.48393e-12
1.62805e-11
-2.23536e-11
1.79794e-11
-4.06874e-12
-1.41228e-11
3.03354e-11
-4.10184e-11
4.6007e-11
-4.74232e-11
4.71266e-11
-4.56389e-11
4.20464e-11
-3.57565e-11
2.7616e-11
-2.02545e-11
1.59993e-11
-1.49275e-11
1.40647e-11
-1.00094e-11
2.0632e-12
6.08787e-12
-9.04246e-12
3.7067e-12
7.73282e-12
-1.93121e-11
2.48741e-11
-2.18596e-11
1.1774e-11
1.34295e-12
-1.39668e-11
2.45976e-11
-3.40404e-11
4.33909e-11
-5.2257e-11
5.7809e-11
-5.68795e-11
4.86466e-11
-3.63592e-11
2.51141e-11
-1.83215e-11
1.50828e-11
-1.18875e-11
6.02499e-12
1.52297e-12
-7.12342e-12
7.23221e-12
-1.33777e-12
-7.98261e-12
1.6443e-11
-2.07286e-11
1.98512e-11
-1.5538e-11
1.02426e-11
-5.06453e-12
-1.66154e-12
1.24999e-11
-2.80461e-11
4.47633e-11
-5.68686e-11
5.99276e-11
-5.40137e-11
4.28271e-11
-3.09272e-11
2.07517e-11
-1.2576e-11
5.60322e-12
3.14142e-13
-4.59365e-12
6.09542e-12
-4.28686e-12
-2.89964e-13
5.56339e-12
-9.24668e-12
1.0276e-11
-1.00888e-11
1.11633e-11
-1.46714e-11
1.84076e-11
-1.81458e-11
1.04921e-11
4.20011e-12
-2.21225e-11
3.78775e-11
-4.72425e-11
4.81822e-11
-4.13277e-11
2.91899e-11
-1.55458e-11
3.80192e-12
3.89791e-12
-7.31989e-12
7.1965e-12
-4.74579e-12
1.17185e-12
1.83807e-12
-2.75464e-12
9.6723e-13
2.04401e-12
-3.50665e-12
8.23364e-13
6.32977e-12
-1.57978e-11
2.35801e-11
-2.58332e-11
2.02233e-11
-7.43899e-12
-8.80302e-12
2.25465e-11
-2.84578e-11
2.43409e-11
-1.2657e-11
-1.2286e-12
1.18609e-11
-1.65795e-11
1.56615e-11
-1.13011e-11
5.72584e-12
-8.39136e-13
-2.00396e-12
1.65847e-12
2.06156e-12
-8.15699e-12
1.40612e-11
-1.65968e-11
1.29464e-11
-2.5813e-12
-1.18608e-11
2.46891e-11
-3.01386e-11
2.57878e-11
-1.49341e-11
4.60818e-12
-1.30385e-12
6.58937e-12
-1.69308e-11
2.64796e-11
-3.1218e-11
3.0336e-11
-2.55936e-11
1.9062e-11
-1.22333e-11
5.72849e-12
-3.18982e-13
-2.75354e-12
1.57823e-12
4.897e-12
-1.54128e-11
2.54026e-11
-2.91605e-11
2.33028e-11
-9.85646e-12
-5.03752e-12
1.52066e-11
-1.90006e-11
1.95388e-11
-2.17378e-11
2.79856e-11
-3.6937e-11
4.47625e-11
-4.82428e-11
4.63235e-11
-4.05234e-11
3.33167e-11
-2.66774e-11
2.06502e-11
-1.40888e-11
6.1835e-12
1.50309e-12
-5.60506e-12
3.12794e-12
5.5594e-12
-1.6711e-11
2.53681e-11
-2.87583e-11
2.7046e-11
-2.21654e-11
1.53054e-11
-6.38065e-12
-5.34523e-12
1.94664e-11
-3.41017e-11
4.61464e-11
-5.28389e-11
5.2708e-11
-4.66442e-11
3.74273e-11
-2.87512e-11
2.29796e-11
-2.0111e-11
1.77995e-11
-1.35506e-11
6.43557e-12
1.91202e-12
-8.57075e-12
1.06769e-11
-6.9614e-12
-2.13155e-12
1.42158e-11
-2.57359e-11
3.27143e-11
-3.26235e-11
2.52382e-11
-1.27513e-11
-1.92483e-12
1.60809e-11
-2.75955e-11
3.40959e-11
-3.36065e-11
2.58394e-11
-1.38856e-11
3.13904e-12
1.39455e-12
1.46641e-12
-8.56308e-12
1.41011e-11
-1.33274e-11
4.90092e-12
8.03883e-12
-1.96294e-11
2.40855e-11
-1.92975e-11
7.85697e-12
4.46679e-12
-1.28591e-11
1.59137e-11
-1.54915e-11
1.3632e-11
-1.08311e-11
6.43025e-12
-1.22527e-12
-1.86339e-12
-7.35767e-13
9.87604e-12
-2.24822e-11
3.26424e-11
-3.52426e-11
2.86636e-11
-1.60321e-11
3.31715e-12
3.6325e-12
-2.56191e-12
-4.40795e-12
1.22785e-11
-1.70062e-11
1.77833e-11
-1.70262e-11
1.72889e-11
-1.89399e-11
1.96691e-11
-1.69824e-11
1.01968e-11
-1.10159e-12
-7.9824e-12
1.573e-11
-2.25574e-11
2.93098e-11
-3.63667e-11
4.29447e-11
-4.78102e-11
4.95317e-11
-4.72246e-11
4.06761e-11
-3.10305e-11
2.02928e-11
-1.07048e-11
3.42849e-12
1.23343e-12
-3.27128e-12
1.90071e-12
3.72269e-12
-1.3526e-11
2.53304e-11
-3.55886e-11
4.04266e-11
-3.73072e-11
2.56586e-11
-7.79827e-12
-1.14582e-11
2.60859e-11
-3.22086e-11
3.03568e-11
-2.54746e-11
2.31349e-11
-2.583e-11
3.13259e-11
-3.51574e-11
3.38213e-11
-2.70271e-11
1.67736e-11
-5.79279e-12
-4.07282e-12
1.16276e-11
-1.60234e-11
1.60329e-11
-1.06696e-11
-8.69967e-14
1.3794e-11
-2.56735e-11
3.0079e-11
-2.41066e-11
9.92153e-12
5.37441e-12
-1.3961e-11
1.18621e-11
-1.51856e-12
-1.0561e-11
1.81105e-11
-1.90145e-11
1.51692e-11
-1.02006e-11
6.43644e-12
-4.3949e-12
3.41074e-12
-3.15859e-12
3.72794e-12
-5.58007e-12
8.76254e-12
-1.29536e-11
1.70768e-11
-1.98429e-11
2.01392e-11
-1.81731e-11
1.52368e-11
-1.29081e-11
1.12967e-11
-9.04823e-12
4.26624e-12
3.6172e-12
-1.37512e-11
2.44028e-11
-3.41986e-11
4.19779e-11
-4.69073e-11
4.83746e-11
-4.67482e-11
4.28356e-11
-3.71218e-11
2.87826e-11
-1.7023e-11
2.95431e-12
9.03382e-12
-1.3369e-11
6.7117e-12
8.97854e-12
-2.72727e-11
4.04485e-11
-4.38084e-11
3.73649e-11
-2.52637e-11
1.2684e-11
-3.32094e-12
-2.27031e-12
5.74563e-12
-9.39174e-12
1.4052e-11
-1.90721e-11
2.31678e-11
-2.62206e-11
2.91002e-11
-3.23867e-11
3.43236e-11
-3.14367e-11
2.10202e-11
-4.56083e-12
-1.21686e-11
2.20034e-11
-2.11969e-11
1.13791e-11
1.61026e-12
-1.16797e-11
1.51768e-11
-1.20849e-11
4.91112e-12
2.46415e-12
-6.69959e-12
6.09777e-12
-1.4872e-12
-4.91704e-12
1.09289e-11
-1.5921e-11
2.0248e-11
-2.43125e-11
2.74087e-11
-2.83531e-11
2.61323e-11
-2.08642e-11
1.35317e-11
-6.08359e-12
7.90549e-13
2.00324e-13
3.6475e-12
-1.08523e-11
1.83204e-11
-2.36031e-11
2.61615e-11
-2.73789e-11
2.82913e-11
-2.82437e-11
2.50406e-11
-1.75581e-11
7.24559e-12
2.32182e-12
-8.69246e-12
1.264e-11
-1.79544e-11
2.79071e-11
-4.2291e-11
5.64205e-11
-6.38244e-11
5.96858e-11
-4.3975e-11
2.15699e-11
-4.51215e-13
-1.22914e-11
1.35453e-11
-5.60795e-12
-6.05661e-12
1.6085e-11
-2.20571e-11
2.40484e-11
-2.30829e-11
1.95446e-11
-1.39097e-11
7.46011e-12
-2.51596e-12
7.20769e-13
-2.06657e-12
4.74057e-12
-6.79422e-12
7.00759e-12
-5.32505e-12
2.0563e-12
1.98405e-12
-5.54421e-12
6.76744e-12
-4.55364e-12
-5.20791e-13
5.85022e-12
-8.75166e-12
8.30271e-12
-6.43437e-12
6.21086e-12
-9.6339e-12
1.57676e-11
-2.16316e-11
2.40386e-11
-2.1981e-11
1.69724e-11
-1.22732e-11
1.03352e-11
-1.09434e-11
1.03584e-11
-3.67854e-12
-1.16897e-11
3.29375e-11
-5.29391e-11
6.41126e-11
-6.31852e-11
5.22254e-11
-3.66036e-11
2.11564e-11
-8.73765e-12
5.0273e-13
2.58431e-12
-2.91709e-14
-7.5042e-12
1.73354e-11
-2.59371e-11
3.03178e-11
-2.9582e-11
2.47238e-11
-1.8175e-11
1.24724e-11
-9.62347e-12
9.98812e-12
-1.21672e-11
1.31476e-11
-1.01481e-11
2.2056e-12
8.60084e-12
-1.83771e-11
2.32979e-11
-2.1908e-11
1.54315e-11
-7.24766e-12
9.0367e-13
1.37468e-12
-1.91167e-13
-1.57094e-12
4.46925e-13
4.56397e-12
-1.10785e-11
1.47941e-11
-1.34896e-11
9.08104e-12
-6.56497e-12
9.55853e-12
-1.73002e-11
2.47043e-11
-2.61929e-11
1.89711e-11
-4.40673e-12
-1.37839e-11
3.14392e-11
-4.55248e-11
5.39217e-11
-5.55364e-11
5.01614e-11
-3.91767e-11
2.52449e-11
-1.19896e-11
2.69473e-12
3.23832e-13
3.24189e-12
-1.16387e-11
2.11287e-11
-2.77364e-11
2.89331e-11
-2.5252e-11
1.95643e-11
-1.54982e-11
1.5091e-11
-1.81496e-11
2.22597e-11
-2.41542e-11
2.08067e-11
-1.13589e-11
-2.01405e-12
1.43048e-11
-2.07055e-11
1.96468e-11
-1.42635e-11
9.66357e-12
-9.0702e-12
1.11679e-11
-1.19087e-11
8.08816e-12
-4.73842e-13
-7.07577e-12
1.05014e-11
-8.84843e-12
4.45223e-12
-1.31152e-12
2.26945e-12
-7.98755e-12
1.67762e-11
-2.5792e-11
3.16879e-11
-3.18453e-11
2.49184e-11
-1.16142e-11
-5.87948e-12
2.43811e-11
-4.07606e-11
5.19943e-11
-5.58597e-11
5.1441e-11
-4.03122e-11
2.61552e-11
-1.36493e-11
6.22812e-12
-5.2218e-12
9.53915e-12
-1.65966e-11
2.28086e-11
-2.51057e-11
2.22893e-11
-1.64812e-11
1.19767e-11
-1.26122e-11
1.83669e-11
-2.51427e-11
2.73536e-11
-2.24706e-11
1.27767e-11
-3.77951e-12
-3.59335e-13
-4.75759e-13
2.62436e-12
-2.26077e-12
-1.90274e-12
7.82052e-12
-1.22466e-11
1.26516e-11
-8.66333e-12
1.67483e-12
5.52883e-12
-1.0097e-11
1.01464e-11
-6.27572e-12
1.33307e-12
7.44348e-13
2.59859e-12
-1.14873e-11
2.34597e-11
-3.49497e-11
4.22652e-11
-4.28715e-11
3.57175e-11
-2.17843e-11
3.43635e-12
1.60662e-11
-3.36618e-11
4.65403e-11
-5.25797e-11
5.05051e-11
-4.12008e-11
2.81096e-11
-1.66815e-11
1.13527e-11
-1.296e-11
1.78615e-11
-2.09625e-11
1.94272e-11
-1.4917e-11
1.14367e-11
-1.17826e-11
1.48714e-11
-1.71433e-11
1.54708e-11
-9.83585e-12
2.83406e-12
1.96498e-12
-2.21431e-12
-2.64875e-12
1.09885e-11
-1.96369e-11
2.4615e-11
-2.32772e-11
1.58148e-11
-5.94854e-12
-1.17936e-12
1.79189e-12
3.86582e-12
-1.19579e-11
1.72963e-11
-1.68478e-11
1.11351e-11
-3.91143e-12
-3.92079e-13
-1.28304e-12
8.99064e-12
-2.02912e-11
3.1444e-11
-3.96359e-11
4.37181e-11
-4.39752e-11
4.03549e-11
-3.20798e-11
1.83857e-11
-6.96849e-13
-1.71222e-11
3.02534e-11
-3.60946e-11
3.53552e-11
-3.11516e-11
2.61718e-11
-2.15209e-11
1.69831e-11
-1.27963e-11
9.90132e-12
-9.42318e-12
1.12253e-11
-1.40612e-11
1.61155e-11
-1.61085e-11
1.29437e-11
-5.71051e-12
-6.01689e-12
2.02955e-11
-3.23236e-11
3.58895e-11
-2.75188e-11
9.16097e-12
1.20723e-11
-2.82355e-11
3.47641e-11
-3.26963e-11
2.67798e-11
-2.23038e-11
2.18243e-11
-2.45721e-11
2.73532e-11
-2.71643e-11
2.28944e-11
-1.6282e-11
1.05635e-11
-8.71282e-12
1.13509e-11
-1.67517e-11
2.18508e-11
-2.44915e-11
2.42764e-11
-2.26293e-11
2.12905e-11
-2.14769e-11
2.30413e-11
-2.48139e-11
2.46719e-11
-2.0695e-11
1.21973e-11
-1.15777e-12
-8.47428e-12
1.27442e-11
-1.06799e-11
4.70705e-12
1.05695e-12
-4.07341e-12
4.28998e-12
-3.12689e-12
1.09231e-12
2.33679e-12
-7.38236e-12
1.18597e-11
-1.18154e-11
3.89412e-12
1.14876e-11
-2.99695e-11
4.53253e-11
-5.30494e-11
5.17382e-11
-4.28578e-11
2.89609e-11
-1.30418e-11
-2.13156e-12
1.42291e-11
-2.24896e-11
2.7632e-11
-3.11171e-11
3.32229e-11
-3.28116e-11
2.83483e-11
-2.03616e-11
1.20312e-11
-8.01435e-12
1.11407e-11
-2.03922e-11
3.06479e-11
-3.55308e-11
3.0627e-11
-1.62945e-11
-2.59896e-12
1.88032e-11
-2.66014e-11
2.42854e-11
-1.48935e-11
3.76019e-12
4.50632e-12
-8.69377e-12
1.05633e-11
-1.29714e-11
1.72342e-11
-2.27332e-11
2.75539e-11
-3.00968e-11
2.94005e-11
-2.55991e-11
1.97993e-11
-1.44016e-11
1.18928e-11
-1.3442e-11
1.74166e-11
-2.05023e-11
1.99852e-11
-1.63986e-11
1.30935e-11
-1.38001e-11
1.91964e-11
-2.6503e-11
3.14745e-11
-3.18546e-11
2.82054e-11
-2.26922e-11
1.65715e-11
-9.98524e-12
3.00323e-12
2.7869e-12
-5.1362e-12
2.77534e-12
2.92336e-12
-8.88116e-12
1.19533e-11
-1.07649e-11
5.53804e-12
2.2532e-12
-1.05914e-11
1.65984e-11
-1.72604e-11
1.04797e-11
3.01613e-12
-1.96461e-11
3.43287e-11
-4.34997e-11
4.65022e-11
-4.52853e-11
4.1826e-11
-3.65692e-11
2.81747e-11
-1.55647e-11
-5.36089e-13
1.67343e-11
-2.84049e-11
3.163e-11
-2.57951e-11
1.42714e-11
-3.50176e-12
-4.493e-13
-5.10391e-12
1.77408e-11
-3.159e-11
4.01745e-11
-3.97516e-11
3.03364e-11
-1.533e-11
-6.97663e-13
1.36823e-11
-2.16911e-11
2.49885e-11
-2.56985e-11
2.58713e-11
-2.59126e-11
2.3575e-11
-1.58479e-11
1.73233e-12
1.54067e-11
-2.93609e-11
3.47483e-11
-3.10095e-11
2.24634e-11
-1.54427e-11
1.39315e-11
-1.80162e-11
2.47151e-11
-3.07391e-11
3.3771e-11
-3.29264e-11
2.8139e-11
-2.06189e-11
1.2729e-11
-7.47876e-12
6.35609e-12
-8.27497e-12
1.00166e-11
-9.16408e-12
5.98828e-12
-3.37136e-12
3.80879e-12
-7.3508e-12
1.15145e-11
-1.40282e-11
1.46116e-11
-1.50578e-11
1.68666e-11
-1.98759e-11
2.21972e-11
-2.22264e-11
1.97207e-11
-1.59823e-11
1.23011e-11
-9.32107e-12
6.95608e-12
-5.57383e-12
5.99401e-12
-9.13316e-12
1.48534e-11
-2.22065e-11
2.97318e-11
-3.6195e-11
4.01271e-11
-4.00044e-11
3.45412e-11
-2.41628e-11
1.13869e-11
-4.92145e-13
-4.68328e-12
2.52089e-12
5.06573e-12
-1.37396e-11
1.86413e-11
-1.7083e-11
9.4685e-12
9.07865e-13
-1.0054e-11
1.51332e-11
-1.5964e-11
1.41575e-11
-1.15161e-11
7.93253e-12
-1.59154e-12
-9.54822e-12
2.51677e-11
-4.20175e-11
5.48248e-11
-5.903e-11
5.25754e-11
-3.70704e-11
1.70447e-11
1.1652e-12
-1.19239e-11
1.24782e-11
-4.89946e-12
-4.85848e-12
9.83251e-12
-6.41109e-12
-3.88054e-12
1.55986e-11
-2.37393e-11
2.67847e-11
-2.70776e-11
2.75413e-11
-2.88289e-11
2.83943e-11
-2.29408e-11
1.08302e-11
6.47532e-12
-2.54462e-11
4.15097e-11
-5.04378e-11
4.9135e-11
-3.74643e-11
1.90785e-11
-9.35822e-13
-1.02617e-11
1.17118e-11
-6.50967e-12
1.11351e-12
-9.99351e-13
6.87996e-12
-1.53966e-11
2.23079e-11
-2.60782e-11
2.79231e-11
-2.99319e-11
3.25831e-11
-3.47795e-11
3.47343e-11
-3.13435e-11
2.40296e-11
-1.29433e-11
-9.19422e-13
1.47421e-11
-2.45141e-11
2.6648e-11
-2.0766e-11
1.0234e-11
-4.88494e-13
-4.80981e-12
5.67421e-12
-5.21417e-12
6.38605e-12
-1.00645e-11
1.48675e-11
-1.92239e-11
2.24398e-11
-2.49317e-11
2.69711e-11
-2.84378e-11
2.88314e-11
-2.82002e-11
2.68888e-11
-2.52564e-11
2.28871e-11
-1.9261e-11
1.43619e-11
-9.40887e-12
5.83355e-12
-4.37866e-12
4.3121e-12
-4.4878e-12
4.21317e-12
-4.01419e-12
4.7228e-12
-6.84788e-12
9.89181e-12
-1.31036e-11
1.58886e-11
-1.84181e-11
2.09555e-11
-2.35344e-11
2.53475e-11
-2.53841e-11
2.28453e-11
-1.80946e-11
1.25004e-11
-8.29635e-12
7.35018e-12
-1.04714e-11
1.65488e-11
-2.31963e-11
2.76019e-11
-2.81857e-11
2.50001e-11
-1.97497e-11
1.45008e-11
-1.10009e-11
9.81962e-12
-1.06244e-11
1.22377e-11
-1.36327e-11
1.43833e-11
-1.52896e-11
1.74466e-11
-2.12118e-11
2.48741e-11
-2.54051e-11
2.0145e-11
-9.38143e-12
-3.24369e-12
1.20923e-11
-1.29403e-11
5.05901e-12
8.37014e-12
-2.2543e-11
3.31351e-11
-3.79966e-11
3.69898e-11
-3.18618e-11
2.52761e-11
-2.00815e-11
1.76356e-11
-1.72899e-11
1.67615e-11
-1.44901e-11
1.11509e-11
-9.77847e-12
1.29751e-11
-2.03006e-11
2.72269e-11
-2.79773e-11
1.92937e-11
-3.20232e-12
-1.43148e-11
2.64594e-11
-2.91309e-11
2.17736e-11
-7.04872e-12
-1.07247e-11
2.65216e-11
-3.63932e-11
3.87622e-11
-3.5531e-11
3.0683e-11
-2.78209e-11
2.72917e-11
-2.64178e-11
2.20198e-11
-1.41945e-11
6.85588e-12
-5.18106e-12
1.10281e-11
-2.12471e-11
2.92474e-11
-2.93552e-11
1.96007e-11
-2.48466e-12
-1.69186e-11
3.27003e-11
-4.0074e-11
3.64138e-11
-2.27275e-11
3.58088e-12
1.43003e-11
-2.57685e-11
2.99121e-11
-3.0303e-11
3.12617e-11
-3.41812e-11
3.62128e-11
-3.34528e-11
2.47024e-11
-1.33961e-11
5.17257e-12
-4.28752e-12
1.07119e-11
-2.07101e-11
2.8798e-11
-3.04213e-11
2.30223e-11
-7.01117e-12
-1.41403e-11
3.39664e-11
-4.54871e-11
4.44989e-11
-3.25351e-11
1.57341e-11
-9.8981e-13
-8.69512e-12
1.49261e-11
-2.13704e-11
2.94538e-11
-3.70362e-11
3.998e-11
-3.59456e-11
2.61444e-11
-1.48738e-11
6.69085e-12
-4.61548e-12
9.09983e-12
-1.83946e-11
2.83521e-11
-3.34252e-11
2.85479e-11
-1.26097e-11
-1.00921e-11
3.12556e-11
-4.34789e-11
4.41824e-11
-3.66093e-11
2.63075e-11
-1.71289e-11
8.9763e-12
2.834e-13
-1.19383e-11
2.43622e-11
-3.42547e-11
3.85918e-11
-3.6438e-11
2.871e-11
-1.80251e-11
8.08322e-12
-3.2918e-12
6.58795e-12
-1.73254e-11
3.00577e-11
-3.70734e-11
3.25985e-11
-1.68173e-11
-4.45742e-12
2.33312e-11
-3.4855e-11
3.87189e-11
-3.78292e-11
3.46932e-11
-2.98977e-11
2.24595e-11
-1.18712e-11
-1.26576e-12
1.5153e-11
-2.76046e-11
3.59261e-11
-3.76359e-11
3.14885e-11
-1.9541e-11
7.24189e-12
-1.43091e-12
5.86191e-12
-1.84946e-11
3.20124e-11
-3.85859e-11
3.43336e-11
-2.12024e-11
4.34564e-12
1.12835e-11
-2.33729e-11
3.159e-11
-3.64315e-11
3.80172e-11
-3.64315e-11
3.159e-11
-2.3373e-11
1.12835e-11
4.34564e-12
-2.12025e-11
3.43336e-11
-3.85859e-11
3.20124e-11
-1.84944e-11
5.86169e-12
-1.43065e-12
7.24161e-12
-1.95407e-11
3.14882e-11
-3.76355e-11
3.59258e-11
-2.76045e-11
1.51529e-11
-1.26586e-12
-1.18711e-11
2.24593e-11
-2.98976e-11
3.4693e-11
-3.78291e-11
3.8719e-11
-3.48552e-11
2.33316e-11
-4.45774e-12
-1.68171e-11
3.25984e-11
-3.70734e-11
3.00578e-11
-1.73256e-11
6.58836e-12
-3.29237e-12
8.0839e-12
-1.80258e-11
2.87106e-11
-3.64384e-11
3.8592e-11
-3.42546e-11
2.4362e-11
-1.1938e-11
2.83106e-13
8.97649e-12
-1.71289e-11
2.63073e-11
-3.6609e-11
4.4182e-11
-4.34785e-11
3.12552e-11
-1.00917e-11
-1.261e-11
2.85479e-11
-3.34251e-11
2.83517e-11
-1.83939e-11
9.09902e-12
-4.61463e-12
6.69009e-12
-1.48732e-11
2.61441e-11
-3.59455e-11
3.99801e-11
-3.70364e-11
2.9454e-11
-2.13705e-11
1.49261e-11
-8.69503e-12
-9.89984e-13
1.57344e-11
-3.25354e-11
4.44992e-11
-4.54874e-11
3.39666e-11
-1.41405e-11
-7.01117e-12
2.30225e-11
-3.04218e-11
2.87987e-11
-2.07109e-11
1.07127e-11
-4.28823e-12
5.17309e-12
-1.33964e-11
2.47026e-11
-3.34529e-11
3.62128e-11
-3.41812e-11
3.12617e-11
-3.03029e-11
2.9912e-11
-2.57685e-11
1.43002e-11
3.58092e-12
-2.27275e-11
3.64137e-11
-4.00739e-11
3.27002e-11
-1.69187e-11
-2.48435e-12
1.96002e-11
-2.93546e-11
2.92467e-11
-2.12464e-11
1.10275e-11
-5.18056e-12
6.8555e-12
-1.41943e-11
2.20197e-11
-2.64178e-11
2.72918e-11
-2.78211e-11
3.06832e-11
-3.55313e-11
3.87627e-11
-3.63936e-11
2.65219e-11
-1.07249e-11
-7.0487e-12
2.17736e-11
-2.91308e-11
2.64592e-11
-1.43145e-11
-3.20267e-12
1.92941e-11
-2.79778e-11
2.72274e-11
-2.03011e-11
1.29754e-11
-9.77857e-12
1.11508e-11
-1.449e-11
1.67613e-11
-1.72897e-11
1.76353e-11
-2.00811e-11
2.52756e-11
-3.18614e-11
3.69895e-11
-3.79963e-11
3.31349e-11
-2.25429e-11
8.37e-12
5.05911e-12
-1.29404e-11
1.20925e-11
-3.24389e-12
-9.38115e-12
2.01447e-11
-2.54049e-11
2.4874e-11
-2.12119e-11
1.74468e-11
-1.52899e-11
1.43836e-11
-1.3633e-11
1.2238e-11
-1.06246e-11
9.81974e-12
-1.1001e-11
1.45009e-11
-1.97499e-11
2.50003e-11
-2.81858e-11
2.7602e-11
-2.31963e-11
1.65487e-11
-1.04714e-11
7.3502e-12
-8.29643e-12
1.25005e-11
-1.80947e-11
2.28453e-11
-2.5384e-11
2.53473e-11
-2.35342e-11
2.09553e-11
-1.84181e-11
1.58887e-11
-1.31038e-11
9.89203e-12
-6.84806e-12
4.72293e-12
-4.01427e-12
4.21325e-12
-4.4879e-12
4.31222e-12
-4.37878e-12
5.83368e-12
-9.409e-12
1.4362e-11
-1.92611e-11
2.28871e-11
-2.52564e-11
2.68888e-11
-2.82002e-11
2.88314e-11
-2.84378e-11
2.6971e-11
-2.49315e-11
2.24395e-11
-1.92235e-11
1.48671e-11
-1.00641e-11
6.3857e-12
-5.21386e-12
5.67397e-12
-4.80966e-12
-4.88549e-13
1.0234e-11
-2.07661e-11
2.66481e-11
-2.45143e-11
1.47423e-11
-9.19534e-13
-1.29433e-11
2.40297e-11
-3.13437e-11
3.47346e-11
-3.47797e-11
3.25833e-11
-2.99321e-11
2.79234e-11
-2.60785e-11
2.23083e-11
-1.53971e-11
6.88042e-12
-9.99685e-13
1.11366e-12
-6.50964e-12
1.17117e-11
-1.02616e-11
-9.35815e-13
1.90784e-11
-3.74641e-11
4.91348e-11
-5.04377e-11
4.15097e-11
-2.54463e-11
6.47548e-12
1.08301e-11
-2.29407e-11
2.83943e-11
-2.8829e-11
2.75413e-11
-2.70775e-11
2.67844e-11
-2.3739e-11
1.55984e-11
-3.88043e-12
-6.41105e-12
9.83236e-12
-4.8583e-12
-4.89959e-12
1.24782e-11
-1.19238e-11
1.16503e-12
1.70449e-11
-3.70706e-11
5.25755e-11
-5.90301e-11
5.48249e-11
-4.20176e-11
2.51679e-11
-9.54841e-12
-1.59137e-12
7.93243e-12
-1.15161e-11
1.41576e-11
-1.59641e-11
1.51333e-11
-1.0054e-11
9.07745e-13
9.4687e-12
-1.70833e-11
1.86415e-11
-1.37397e-11
5.06575e-12
2.52102e-12
-4.68356e-12
-4.91767e-13
1.13865e-11
-2.41624e-11
3.45409e-11
-4.00041e-11
4.01269e-11
-3.61948e-11
2.97316e-11
-2.22064e-11
1.48534e-11
-9.13322e-12
5.99411e-12
-5.5739e-12
6.95611e-12
-9.32103e-12
1.2301e-11
-1.59822e-11
1.97205e-11
-2.22262e-11
2.21971e-11
-1.98759e-11
1.68668e-11
-1.50581e-11
1.46119e-11
-1.40285e-11
1.15148e-11
-7.35114e-12
3.80915e-12
-3.37165e-12
5.98845e-12
-9.16412e-12
1.00166e-11
-8.2749e-12
6.35604e-12
-7.47872e-12
1.2729e-11
-2.06189e-11
2.8139e-11
-3.29264e-11
3.37709e-11
-3.0739e-11
2.4715e-11
-1.80161e-11
1.39315e-11
-1.54428e-11
2.24634e-11
-3.10093e-11
3.4748e-11
-2.93605e-11
1.54063e-11
1.73258e-12
-1.5848e-11
2.35752e-11
-2.59128e-11
2.58716e-11
-2.56989e-11
2.49889e-11
-2.16914e-11
1.36825e-11
-6.97748e-13
-1.53301e-11
3.03365e-11
-3.97518e-11
4.01746e-11
-3.159e-11
1.77408e-11
-5.10403e-12
-4.49097e-13
-3.502e-12
1.42716e-11
-2.57953e-11
3.16301e-11
-2.84049e-11
1.67344e-11
-5.36307e-13
-1.55644e-11
2.81742e-11
-3.65687e-11
4.18254e-11
-4.52848e-11
4.65017e-11
-4.34993e-11
3.43283e-11
-1.96458e-11
3.01589e-12
1.04799e-11
-1.72604e-11
1.65982e-11
-1.05911e-11
2.25294e-12
5.53825e-12
-1.0765e-11
1.19534e-11
-8.8812e-12
2.92337e-12
2.77532e-12
-5.13613e-12
2.78681e-12
3.00334e-12
-9.98535e-12
1.65717e-11
-2.26924e-11
2.82056e-11
-3.18548e-11
3.14747e-11
-2.65032e-11
1.91965e-11
-1.38001e-11
1.30936e-11
-1.63986e-11
1.99853e-11
-2.05023e-11
1.74166e-11
-1.34419e-11
1.18927e-11
-1.44015e-11
1.97992e-11
-2.5599e-11
2.94005e-11
-3.0097e-11
2.75541e-11
-2.27334e-11
1.72344e-11
-1.29716e-11
1.05636e-11
-8.6941e-12
4.50671e-12
3.75977e-12
-1.48931e-11
2.4285e-11
-2.66011e-11
1.88031e-11
-2.59896e-12
-1.62945e-11
3.06269e-11
-3.55307e-11
3.06479e-11
-2.03923e-11
1.11408e-11
-8.0144e-12
1.20311e-11
-2.03615e-11
2.83481e-11
-3.28114e-11
3.32226e-11
-3.11167e-11
2.76316e-11
-2.24893e-11
1.42288e-11
-2.13128e-12
-1.30421e-11
2.89612e-11
-4.28581e-11
5.17384e-11
-5.30495e-11
4.53254e-11
-2.99696e-11
1.14876e-11
3.89417e-12
-1.18155e-11
1.18598e-11
-7.3825e-12
2.33689e-12
1.09225e-12
-3.12683e-12
4.28986e-12
-4.07318e-12
1.05662e-12
4.70742e-12
-1.06802e-11
1.27444e-11
-8.47433e-12
-1.1578e-12
1.21974e-11
-2.0695e-11
2.46718e-11
-2.48137e-11
2.30412e-11
-2.14768e-11
2.12905e-11
-2.26294e-11
2.42766e-11
-2.44918e-11
2.1851e-11
-1.67517e-11
1.13508e-11
-8.71271e-12
1.05635e-11
-1.62822e-11
2.28948e-11
-2.71648e-11
2.73537e-11
-2.45724e-11
2.18246e-11
-2.23041e-11
2.678e-11
-3.26965e-11
3.47642e-11
-2.82355e-11
1.20721e-11
9.16119e-12
-2.7519e-11
3.58896e-11
-3.23236e-11
2.02953e-11
-6.0167e-12
-5.71065e-12
1.29438e-11
-1.61084e-11
1.61153e-11
-1.4061e-11
1.12252e-11
-9.42317e-12
9.90138e-12
-1.27963e-11
1.69831e-11
-2.15208e-11
2.61717e-11
-3.11515e-11
3.53554e-11
-3.6095e-11
3.0254e-11
-1.71227e-11
-6.96494e-13
1.83856e-11
-3.20799e-11
4.03551e-11
-4.39753e-11
4.37181e-11
-3.96358e-11
3.14439e-11
-2.02911e-11
8.99064e-12
-1.28319e-12
-3.91756e-13
-3.91189e-12
1.11357e-11
-1.68484e-11
1.72969e-11
-1.19584e-11
3.86634e-12
1.79135e-12
-1.17879e-12
-5.94911e-12
1.58153e-11
-2.32776e-11
2.46153e-11
-1.9637e-11
1.09886e-11
-2.64878e-12
-2.2143e-12
1.96498e-12
2.83407e-12
-9.83583e-12
1.54707e-11
-1.71432e-11
1.48713e-11
-1.17825e-11
1.14366e-11
-1.49169e-11
1.94271e-11
-2.09624e-11
1.78613e-11
-1.29599e-11
1.13526e-11
-1.66814e-11
2.81095e-11
-4.12006e-11
5.0505e-11
-5.25796e-11
4.65402e-11
-3.36618e-11
1.60661e-11
3.43628e-12
-2.17841e-11
3.57173e-11
-4.28713e-11
4.22651e-11
-3.49497e-11
2.34597e-11
-1.14874e-11
2.59872e-12
7.44183e-13
1.33327e-12
-6.27597e-12
1.01468e-11
-1.00974e-11
5.52926e-12
1.67443e-12
-8.66304e-12
1.26515e-11
-1.22466e-11
7.82053e-12
-1.90263e-12
-2.26107e-12
2.62485e-12
-4.76326e-13
-3.58789e-13
-3.77995e-12
1.2777e-11
-2.24708e-11
2.73538e-11
-2.51429e-11
1.8367e-11
-1.26123e-11
1.19768e-11
-1.64811e-11
2.22892e-11
-2.51055e-11
2.28084e-11
-1.65964e-11
9.53905e-12
-5.22175e-12
6.22804e-12
-1.36491e-11
2.61549e-11
-4.03117e-11
5.14404e-11
-5.58592e-11
5.19939e-11
-4.07603e-11
2.43811e-11
-5.87969e-12
-1.16138e-11
2.49179e-11
-3.18448e-11
3.16874e-11
-2.57915e-11
1.67758e-11
-7.98728e-12
2.26937e-12
-1.3116e-12
4.45238e-12
-8.84856e-12
1.05015e-11
-7.07576e-12
-4.73882e-13
8.08819e-12
-1.19087e-11
1.11678e-11
-9.07006e-12
9.66336e-12
-1.42632e-11
1.96464e-11
-2.07051e-11
1.43044e-11
-2.01356e-12
-1.13593e-11
2.08071e-11
-2.41545e-11
2.22598e-11
-1.81496e-11
1.5091e-11
-1.54982e-11
1.95644e-11
-2.52521e-11
2.89332e-11
-2.77365e-11
2.11286e-11
-1.16384e-11
3.24144e-12
3.24402e-13
2.69414e-12
-1.19891e-11
2.52445e-11
-3.91763e-11
5.01612e-11
-5.55363e-11
5.39218e-11
-4.55251e-11
3.14397e-11
-1.37844e-11
-4.40624e-12
1.89708e-11
-2.61927e-11
2.47042e-11
-1.73002e-11
9.55865e-12
-6.5651e-12
9.08113e-12
-1.34896e-11
1.4794e-11
-1.10783e-11
4.5636e-12
4.4733e-13
-1.5713e-12
-1.90922e-13
1.37461e-12
9.03564e-13
-7.24736e-12
1.5431e-11
-2.19075e-11
2.32975e-11
-1.83768e-11
8.6008e-12
2.20544e-12
-1.01478e-11
1.31474e-11
-1.21671e-11
9.98808e-12
-9.62347e-12
1.24724e-11
-1.81749e-11
2.47237e-11
-2.95819e-11
3.03177e-11
-2.59369e-11
1.73352e-11
-7.50399e-12
-2.93949e-14
2.58455e-12
5.02483e-13
-8.73739e-12
2.11562e-11
-3.66033e-11
5.22251e-11
-6.31849e-11
6.41123e-11
-5.29389e-11
3.29374e-11
-1.16896e-11
-3.67869e-12
1.03585e-11
-1.09435e-11
1.03352e-11
-1.22731e-11
1.69722e-11
-2.19807e-11
2.40383e-11
-2.16313e-11
1.57674e-11
-9.63368e-12
6.21079e-12
-6.43452e-12
8.30308e-12
-8.75215e-12
5.85071e-12
-5.21153e-13
-4.55345e-12
6.76744e-12
-5.54435e-12
1.98428e-12
2.05606e-12
-5.32483e-12
7.00741e-12
-6.79403e-12
4.74034e-12
-2.06629e-12
7.20506e-13
-2.51576e-12
7.45999e-12
-1.39097e-11
1.95445e-11
-2.30828e-11
2.40483e-11
-2.2057e-11
1.60849e-11
-6.05644e-12
-5.60814e-12
1.35456e-11
-1.22917e-11
-4.50891e-13
2.15695e-11
-4.39745e-11
5.96853e-11
-6.38241e-11
5.64203e-11
-4.22908e-11
2.79068e-11
-1.79541e-11
1.26396e-11
-8.6921e-12
2.32152e-12
7.2458e-12
-1.75582e-11
2.50406e-11
-2.82437e-11
2.82913e-11
-2.7379e-11
2.61617e-11
-2.36034e-11
1.83207e-11
-1.08525e-11
3.64772e-12
2.00091e-13
7.9082e-13
-6.08385e-12
1.35319e-11
-2.08642e-11
2.61323e-11
-2.83531e-11
2.74087e-11
-2.43125e-11
2.02481e-11
-1.5921e-11
1.09288e-11
-4.91694e-12
-1.48731e-12
6.09787e-12
-6.69962e-12
2.46411e-12
4.91124e-12
-1.2085e-11
1.51769e-11
-1.16799e-11
1.61043e-12
1.1379e-11
-2.11967e-11
2.20032e-11
-1.21685e-11
-4.56086e-12
2.10201e-11
-3.14366e-11
3.43234e-11
-3.23863e-11
2.90997e-11
-2.62201e-11
2.31674e-11
-1.90717e-11
1.40517e-11
-9.39154e-12
5.74552e-12
-2.27024e-12
-3.32097e-12
1.2684e-11
-2.52637e-11
3.73648e-11
-4.38084e-11
4.04484e-11
-2.72726e-11
8.97847e-12
6.71176e-12
-1.3369e-11
9.03377e-12
2.95443e-12
-1.70232e-11
2.87828e-11
-3.71222e-11
4.2836e-11
-4.67486e-11
4.8375e-11
-4.69076e-11
4.19782e-11
-3.41987e-11
2.44029e-11
-1.37513e-11
3.61734e-12
4.26605e-12
-9.048e-12
1.12965e-11
-1.29079e-11
1.52366e-11
-1.8173e-11
2.01391e-11
-1.98428e-11
1.70768e-11
-1.29537e-11
8.76275e-12
-5.58027e-12
3.72808e-12
-3.1586e-12
3.41065e-12
-4.39478e-12
6.4364e-12
-1.02007e-11
1.51695e-11
-1.90148e-11
1.81107e-11
-1.05611e-11
-1.51853e-12
1.18621e-11
-1.39611e-11
5.37458e-12
9.9213e-12
-2.41063e-11
3.00787e-11
-2.56733e-11
1.37939e-11
-8.70887e-14
-1.06693e-11
1.60326e-11
-1.60231e-11
1.16274e-11
-4.07259e-12
-5.793e-12
1.67738e-11
-2.70274e-11
3.38216e-11
-3.51576e-11
3.13262e-11
-2.58303e-11
2.31352e-11
-2.54747e-11
3.03569e-11
-3.22085e-11
2.60857e-11
-1.14578e-11
-7.79875e-12
2.56591e-11
-3.73076e-11
4.04268e-11
-3.55886e-11
2.53303e-11
-1.35257e-11
3.72234e-12
1.90102e-12
-3.27147e-12
1.23349e-12
3.42856e-12
-1.07049e-11
2.02929e-11
-3.10307e-11
4.06763e-11
-4.72246e-11
4.95317e-11
-4.78102e-11
4.29448e-11
-3.63669e-11
2.93101e-11
-2.25579e-11
1.57305e-11
-7.98275e-12
-1.10141e-12
1.01968e-11
-1.69825e-11
1.96693e-11
-1.894e-11
1.72889e-11
-1.70262e-11
1.77832e-11
-1.70061e-11
1.22784e-11
-4.40773e-12
-2.56215e-12
3.6327e-12
3.31708e-12
-1.60322e-11
2.86638e-11
-3.52428e-11
3.26425e-11
-2.24821e-11
9.87587e-12
-7.35607e-13
-1.86348e-12
-1.22521e-12
6.43018e-12
-1.0831e-11
1.36318e-11
-1.54913e-11
1.59136e-11
-1.2859e-11
4.46685e-12
7.85688e-12
-1.92974e-11
2.40854e-11
-1.96293e-11
8.03868e-12
4.9012e-12
-1.33278e-11
1.41015e-11
-8.5634e-12
1.46659e-12
1.39452e-12
3.139e-12
-1.38855e-11
2.58394e-11
-3.36063e-11
3.40957e-11
-2.75953e-11
1.60807e-11
-1.92469e-12
-1.27514e-11
2.52383e-11
-3.26235e-11
3.27143e-11
-2.57359e-11
1.42157e-11
-2.13145e-12
-6.9616e-12
1.06772e-11
-8.57108e-12
1.91229e-12
6.43546e-12
-1.35506e-11
1.77997e-11
-2.01112e-11
2.29798e-11
-2.87514e-11
3.74274e-11
-4.66442e-11
5.2708e-11
-5.28389e-11
4.61464e-11
-3.41018e-11
1.94665e-11
-5.34538e-12
-6.38045e-12
1.53052e-11
-2.21652e-11
2.70458e-11
-2.87583e-11
2.53682e-11
-1.6711e-11
5.55938e-12
3.12808e-12
-5.60529e-12
1.50335e-12
6.18332e-12
-1.40887e-11
2.06502e-11
-2.66775e-11
3.33168e-11
-4.05234e-11
4.63235e-11
-4.82428e-11
4.47625e-11
-3.6937e-11
2.79856e-11
-2.17377e-11
1.95386e-11
-1.90003e-11
1.52064e-11
-5.03737e-12
-9.85651e-12
2.33028e-11
-2.91605e-11
2.54026e-11
-1.54127e-11
4.89688e-12
1.57841e-12
-2.75372e-12
-3.18828e-13
5.72843e-12
-1.22333e-11
1.90621e-11
-2.55937e-11
3.0336e-11
-3.1218e-11
2.64795e-11
-1.69308e-11
6.58945e-12
-1.30397e-12
4.60831e-12
-1.49342e-11
2.57878e-11
-3.01385e-11
2.4689e-11
-1.18605e-11
-2.58166e-12
1.29468e-11
-1.65972e-11
1.40615e-11
-8.15722e-12
2.06167e-12
1.65845e-12
-2.00396e-12
-8.3915e-13
5.72588e-12
-1.13011e-11
1.56615e-11
-1.65793e-11
1.18608e-11
-1.22839e-12
-1.26572e-11
2.4341e-11
-2.84578e-11
2.25465e-11
-8.80287e-12
-7.43924e-12
2.02237e-11
-2.58335e-11
2.35804e-11
-1.57981e-11
6.3299e-12
8.23358e-13
-3.50667e-12
2.04397e-12
9.67384e-13
-2.75486e-12
1.83827e-12
1.17181e-12
-4.74596e-12
7.1969e-12
-7.32041e-12
3.89846e-12
3.80148e-12
-1.55455e-11
2.91898e-11
-4.13277e-11
4.81824e-11
-4.72427e-11
3.78778e-11
-2.21227e-11
4.20027e-12
1.04921e-11
-1.81459e-11
1.84077e-11
-1.46715e-11
1.11632e-11
-1.00886e-11
1.02757e-11
-9.24646e-12
5.56341e-12
-2.90299e-13
-4.28623e-12
6.09465e-12
-4.5929e-12
3.13569e-13
5.60359e-12
-1.25761e-11
2.07517e-11
-3.09271e-11
4.28269e-11
-5.40135e-11
5.99274e-11
-5.68684e-11
4.47633e-11
-2.80461e-11
1.25e-11
-1.66159e-12
-5.06456e-12
1.02427e-11
-1.55381e-11
1.98512e-11
-2.07284e-11
1.64425e-11
-7.98191e-12
-1.33852e-12
7.23289e-12
-7.12392e-12
1.52329e-12
6.02486e-12
-1.18875e-11
1.50829e-11
-1.83217e-11
2.51143e-11
-3.63595e-11
4.86469e-11
-5.68797e-11
5.78092e-11
-5.22572e-11
4.3391e-11
-3.40405e-11
2.45977e-11
-1.39669e-11
1.34286e-12
1.17742e-11
-2.186e-11
2.48746e-11
-1.93126e-11
7.73328e-12
3.70642e-12
-9.04235e-12
6.0879e-12
2.0631e-12
-1.00092e-11
1.40645e-11
-1.49273e-11
1.59991e-11
-2.02543e-11
2.76157e-11
-3.57563e-11
4.20462e-11
-4.56387e-11
4.71265e-11
-4.7423e-11
4.60069e-11
-4.10183e-11
3.03354e-11
-1.4123e-11
-4.06854e-12
1.79792e-11
-2.23535e-11
1.62805e-11
-4.48406e-12
-5.79876e-12
9.11889e-12
-5.04521e-12
-2.89123e-12
1.01641e-11
-1.44991e-11
1.6179e-11
-1.69548e-11
1.80335e-11
-1.97577e-11
2.18199e-11
-2.44355e-11
2.8319e-11
-3.42979e-11
4.16687e-11
-4.76426e-11
4.7845e-11
-3.92467e-11
2.26495e-11
-3.57451e-12
-1.07206e-11
1.52306e-11
-1.03289e-11
7.96891e-13
7.20968e-12
-9.85803e-12
6.62433e-12
3.0729e-13
-8.14697e-12
1.45557e-11
-1.84603e-11
1.95794e-11
-1.83281e-11
1.52951e-11
-1.17792e-11
9.79371e-12
-1.19563e-11
1.9594e-11
-3.12136e-11
4.191e-11
-4.59511e-11
4.00726e-11
-2.60492e-11
9.50482e-12
3.07438e-12
-7.95188e-12
5.17245e-12
1.94078e-12
-9.03634e-12
1.23754e-11
-1.04416e-11
3.90122e-12
4.87117e-12
-1.33941e-11
1.9631e-11
-2.23408e-11
2.06061e-11
-1.46565e-11
6.51282e-12
-3.22642e-13
1.99843e-13
-7.76395e-12
2.03497e-11
-3.24929e-11
3.86374e-11
-3.62139e-11
2.63213e-11
-1.31813e-11
1.88439e-12
3.51535e-12
-2.02419e-12
-4.25079e-12
1.11641e-11
-1.51141e-11
1.42872e-11
-8.94186e-12
2.00585e-13
1.00898e-11
-1.94506e-11
2.4636e-11
-2.33298e-11
1.56615e-11
-5.08652e-12
-3.40804e-12
5.56004e-12
-1.26045e-13
-1.09449e-11
2.30839e-11
-3.12311e-11
3.18029e-11
-2.48387e-11
1.38242e-11
-3.99429e-12
-8.82401e-13
-9.98726e-14
5.11299e-12
-1.15051e-11
1.66142e-11
-1.83018e-11
1.4843e-11
-6.07566e-12
-6.09088e-12
1.77041e-11
-2.47283e-11
2.46244e-11
-1.77106e-11
6.81397e-12
3.32076e-12
-8.03782e-12
4.68922e-12
5.3843e-12
-1.75171e-11
2.60212e-11
-2.76606e-11
2.27509e-11
-1.44308e-11
6.23986e-12
-1.00168e-12
1.37032e-13
-3.87553e-12
1.06883e-11
-1.77147e-11
2.14548e-11
-1.9594e-11
1.26705e-11
-5.30175e-12
1.35497e-12
-7.52536e-14
7.70659e-14
2.55349e-14
4.07753e-15
0
