0
2.52436e-16
3.62167e-15
2.24092e-14
6.66503e-14
1.17943e-13
-3.35273e-13
4.04668e-13
4.23644e-12
-1.72596e-11
3.4007e-11
-4.50519e-11
4.36036e-11
-3.18404e-11
1.97481e-11
-1.68375e-11
2.39974e-11
-3.41035e-11
3.88828e-11
-3.60726e-11
2.97593e-11
-2.50831e-11
2.17248e-11
-1.41823e-11
-1.75861e-12
2.24362e-11
-3.82577e-11
4.16159e-11
-3.37564e-11
2.33437e-11
-1.94256e-11
2.40147e-11
-3.16064e-11
3.50822e-11
-3.30942e-11
3.01825e-11
-3.06049e-11
3.2268e-11
-2.85034e-11
1.46658e-11
6.25127e-12
-2.51931e-11
3.37013e-11
-3.10963e-11
2.45039e-11
-2.22036e-11
2.59349e-11
-3.09299e-11
3.19463e-11
-2.91601e-11
2.71931e-11
-2.99292e-11
3.54163e-11
-3.6751e-11
2.78502e-11
-1.00125e-11
-8.60002e-12
1.97205e-11
-2.20645e-11
2.08398e-11
-2.20511e-11
2.67904e-11
-3.13377e-11
3.13353e-11
-2.70402e-11
2.34701e-11
-2.55705e-11
3.22369e-11
-3.68926e-11
3.33492e-11
-2.16242e-11
7.26603e-12
3.37912e-12
-8.3935e-12
1.08992e-11
-1.56131e-11
2.33788e-11
-3.02524e-11
3.15695e-11
-2.74103e-11
2.24215e-11
-2.15007e-11
2.52142e-11
-2.98323e-11
3.03345e-11
-2.49205e-11
1.63534e-11
-9.4423e-12
5.87353e-12
-2.96538e-12
-3.16854e-12
1.29867e-11
-2.31814e-11
2.92308e-11
-2.91079e-11
2.4558e-11
-2.00527e-11
1.87582e-11
-2.00841e-11
2.07072e-11
-1.87845e-11
1.54724e-11
-1.33964e-11
1.35063e-11
-1.41979e-11
1.19031e-11
-4.00884e-12
-8.56335e-12
2.08087e-11
-2.75278e-11
2.70495e-11
-2.19837e-11
1.60993e-11
-1.19002e-11
9.44704e-12
-7.54805e-12
5.52867e-12
-5.1036e-12
8.65565e-12
-1.58812e-11
2.19907e-11
-2.11933e-11
1.11919e-11
4.53139e-12
-1.90435e-11
2.59643e-11
-2.37793e-11
1.61683e-11
-8.47288e-12
2.67302e-12
2.63046e-12
-8.44982e-12
1.20325e-11
-8.91482e-12
-2.72419e-12
1.85897e-11
-2.98755e-11
2.8673e-11
-1.46538e-11
-4.16915e-12
1.7372e-11
-2.03095e-11
1.56674e-11
-8.83514e-12
1.98395e-12
6.41989e-12
-1.79679e-11
2.95148e-11
-3.33944e-11
2.30437e-11
-6.55234e-13
-2.23345e-11
3.30479e-11
-2.72988e-11
1.15818e-11
3.11904e-12
-1.01447e-11
1.01438e-11
-7.70649e-12
4.53938e-12
2.76176e-12
-1.81902e-11
3.85789e-11
-5.2933e-11
5.03152e-11
-2.98512e-11
2.03183e-12
1.87314e-11
-2.45061e-11
1.79299e-11
-8.33544e-12
2.67326e-12
-7.23481e-13
-1.68916e-12
4.68118e-12
-2.29994e-12
-1.15363e-11
3.4861e-11
-5.70342e-11
6.55078e-11
-5.52202e-11
3.21731e-11
-9.13249e-12
-4.37469e-12
7.97828e-12
-7.89436e-12
8.61123e-12
-9.23793e-12
6.64615e-12
-1.41435e-12
-1.0723e-12
-5.71209e-12
2.31968e-11
-4.50971e-11
6.05162e-11
-6.21327e-11
5.11869e-11
-3.54533e-11
2.19773e-11
-1.2993e-11
6.60874e-12
-6.3787e-13
-5.22221e-12
9.05541e-12
-9.3824e-12
7.60582e-12
-8.2176e-12
1.47788e-11
-2.66793e-11
3.91995e-11
-4.72526e-11
4.81104e-11
-4.27705e-11
3.48794e-11
-2.85095e-11
2.46675e-11
-2.08165e-11
1.35329e-11
-2.56054e-12
-8.88343e-12
1.64636e-11
-1.82659e-11
1.60424e-11
-1.43969e-11
1.67817e-11
-2.22984e-11
2.61908e-11
-2.53654e-11
2.19973e-11
-2.16355e-11
2.68145e-11
-3.38393e-11
3.48415e-11
-2.43717e-11
4.4543e-12
1.53489e-11
-2.51507e-11
2.24878e-11
-1.37893e-11
6.97241e-12
-4.27653e-12
1.89215e-12
3.43197e-12
-9.44922e-12
9.16427e-12
2.31727e-12
-2.16468e-11
3.70609e-11
-3.71322e-11
2.03547e-11
3.02494e-12
-1.99216e-11
2.40498e-11
-1.84395e-11
9.50311e-12
-7.51909e-13
-9.19472e-12
2.2351e-11
-3.62744e-11
4.29603e-11
-3.53078e-11
1.4532e-11
8.63936e-12
-2.18939e-11
1.98457e-11
-6.72482e-12
-8.40836e-12
1.77085e-11
-1.86072e-11
1.29854e-11
-3.86269e-12
-7.97979e-12
2.28764e-11
-3.91928e-11
5.18322e-11
-5.55249e-11
4.83679e-11
-3.33261e-11
1.64966e-11
-4.7598e-12
2.04979e-12
-6.99122e-12
1.34486e-11
-1.53214e-11
1.03623e-11
-9.07697e-13
-9.04845e-12
1.66884e-11
-2.25937e-11
2.96252e-11
-3.9438e-11
4.88337e-11
-5.18644e-11
4.56044e-11
-3.40737e-11
2.46196e-11
-2.14143e-11
2.16215e-11
-1.84679e-11
7.47718e-12
8.24271e-12
-1.97289e-11
1.96814e-11
-1.01736e-11
1.29115e-12
-2.27072e-12
1.32361e-11
-2.65634e-11
3.44137e-11
-3.53255e-11
3.34054e-11
-3.29373e-11
3.27508e-11
-2.68789e-11
1.08448e-11
1.13069e-11
-2.82721e-11
3.00298e-11
-1.6286e-11
-4.10701e-12
2.00057e-11
-2.51953e-11
2.01477e-11
-9.86561e-12
-7.9793e-13
9.73651e-12
-1.70126e-11
2.1405e-11
-1.98402e-11
1.00776e-11
5.74298e-12
-2.16592e-11
3.05383e-11
-2.74456e-11
1.17132e-11
1.14195e-11
-3.27841e-11
4.41318e-11
-4.34113e-11
3.48886e-11
-2.54504e-11
1.95862e-11
-1.74738e-11
1.59351e-11
-1.26819e-11
9.31381e-12
-1.01858e-11
1.63123e-11
-2.2159e-11
1.93709e-11
-5.14905e-12
-1.46418e-11
2.99364e-11
-3.49571e-11
3.23028e-11
-3.0507e-11
3.58999e-11
-4.64646e-11
5.28924e-11
-4.76694e-11
3.22467e-11
-1.56561e-11
5.63902e-12
-2.92695e-12
2.60768e-12
-3.88254e-13
-3.74639e-12
6.09481e-12
-3.96962e-12
-5.49625e-13
8.16541e-13
8.44321e-12
-2.58384e-11
4.32421e-11
-5.18062e-11
4.70852e-11
-3.07712e-11
8.88262e-12
1.04877e-11
-2.09277e-11
2.05776e-11
-1.26114e-11
1.68336e-12
8.98232e-12
-1.82554e-11
2.51618e-11
-2.79289e-11
2.38835e-11
-1.1829e-11
-5.06295e-12
1.8066e-11
-1.81227e-11
3.50732e-12
1.70016e-11
-3.07822e-11
3.08631e-11
-2.03373e-11
7.69597e-12
6.80324e-13
-5.39607e-12
1.17408e-11
-2.33869e-11
3.707e-11
-4.51324e-11
4.30553e-11
-3.46982e-11
2.82229e-11
-2.82154e-11
3.16747e-11
-3.20652e-11
2.53262e-11
-1.34177e-11
2.50876e-12
1.41937e-12
2.36519e-12
-8.68407e-12
1.01433e-11
-2.77777e-12
-1.23072e-11
3.0347e-11
-4.56471e-11
5.31839e-11
-5.10689e-11
4.14723e-11
-2.89555e-11
1.63073e-11
-3.72708e-12
-8.4888e-12
1.67237e-11
-1.57777e-11
3.34988e-12
1.59677e-11
-3.19118e-11
3.41281e-11
-2.01277e-11
-1.87441e-12
1.83082e-11
-2.11315e-11
1.29578e-11
-2.58807e-12
-4.3085e-12
8.56413e-12
-1.39711e-11
2.12107e-11
-2.63096e-11
2.34947e-11
-1.08557e-11
-7.04302e-12
2.16929e-11
-2.77559e-11
2.69473e-11
-2.56592e-11
2.83936e-11
-3.48064e-11
4.09268e-11
-4.25409e-11
3.70819e-11
-2.55901e-11
1.29658e-11
-5.81777e-12
7.39334e-12
-1.50871e-11
2.20262e-11
-2.20754e-11
1.32879e-11
1.07866e-12
-1.55852e-11
2.68473e-11
-3.61004e-11
4.55937e-11
-5.32086e-11
5.16518e-11
-3.58061e-11
9.72257e-12
1.40072e-11
-2.3387e-11
1.52503e-11
2.98318e-12
-1.94337e-11
2.57013e-11
-2.19337e-11
1.43514e-11
-8.76507e-12
5.69519e-12
-2.62561e-12
-1.33475e-12
3.61971e-12
-1.46733e-12
-5.51742e-12
1.5068e-11
-2.38546e-11
2.81515e-11
-2.56977e-11
1.74422e-11
-7.85177e-12
1.32439e-12
1.28471e-12
-3.75231e-12
1.13546e-11
-2.66642e-11
4.57687e-11
-5.93385e-11
5.86533e-11
-4.36186e-11
2.36995e-11
-1.05447e-11
8.43416e-12
-1.30393e-11
1.75287e-11
-1.93223e-11
2.01691e-11
-2.21679e-11
2.36037e-11
-1.94199e-11
5.26387e-12
1.69379e-11
-3.8345e-11
4.84398e-11
-4.28629e-11
2.56003e-11
-5.36214e-12
-1.01359e-11
1.65749e-11
-1.39723e-11
6.26866e-12
4.22992e-13
-2.52895e-12
1.70818e-12
-3.06639e-12
9.52276e-12
-1.90923e-11
2.64461e-11
-2.7754e-11
2.37386e-11
-1.95569e-11
1.99866e-11
-2.46187e-11
2.74868e-11
-2.38346e-11
1.6164e-11
-1.2875e-11
1.92455e-11
-3.14313e-11
3.88072e-11
-3.26217e-11
1.18695e-11
1.62691e-11
-4.12359e-11
5.46121e-11
-5.43763e-11
4.4334e-11
-3.06486e-11
1.79356e-11
-8.73276e-12
3.81907e-12
-2.7187e-12
3.90046e-12
-6.77924e-12
1.19979e-11
-1.92133e-11
2.42133e-11
-2.15486e-11
1.03183e-11
2.80933e-12
-8.7111e-12
3.36724e-12
8.52878e-12
-1.78225e-11
1.80732e-11
-1.10349e-11
5.11097e-12
-8.41718e-12
2.10295e-11
-3.47738e-11
3.99745e-11
-3.30874e-11
1.71358e-11
2.38036e-12
-2.11946e-11
3.61353e-11
-4.51219e-11
4.75825e-11
-4.47416e-11
3.7777e-11
-2.74499e-11
1.53663e-11
-5.74022e-12
3.59707e-12
-1.13756e-11
2.57951e-11
-3.85861e-11
4.04416e-11
-2.78513e-11
6.80846e-12
1.04102e-11
-1.52491e-11
9.44892e-12
-2.29018e-12
8.12671e-13
-4.37428e-12
6.97388e-12
-3.88953e-12
-5.18142e-12
1.66266e-11
-2.59038e-11
2.97333e-11
-2.77039e-11
2.12426e-11
-1.18963e-11
1.08488e-14
1.39605e-11
-2.85653e-11
4.11288e-11
-4.85519e-11
4.73429e-11
-3.58811e-11
1.77962e-11
-3.11764e-12
1.95081e-12
-1.59575e-11
3.56123e-11
-4.78005e-11
4.55278e-11
-3.19285e-11
1.56153e-11
-3.90397e-12
-1.71384e-12
4.52218e-12
-8.54906e-12
1.40906e-11
-1.78993e-11
1.6685e-11
-1.06282e-11
2.22765e-12
6.1938e-12
-1.3622e-11
1.90136e-11
-2.17089e-11
2.223e-11
-2.16006e-11
1.812e-11
-7.64267e-12
-1.17312e-11
3.45046e-11
-4.99621e-11
4.97443e-11
-3.48678e-11
1.52158e-11
-3.24593e-12
5.56693e-12
-1.91984e-11
3.42922e-11
-4.22879e-11
4.13856e-11
-3.56066e-11
2.88249e-11
-2.19062e-11
1.40613e-11
-5.55664e-12
-2.87545e-12
1.07345e-11
-1.71604e-11
1.96538e-11
-1.63476e-11
8.7128e-12
-1.27408e-12
-3.15623e-12
6.27128e-12
-1.24704e-11
2.32946e-11
-3.4483e-11
3.74699e-11
-2.57515e-11
7.9642e-13
2.66576e-11
-4.35397e-11
4.36631e-11
-3.18268e-11
1.82856e-11
-1.08885e-11
1.14028e-11
-1.78352e-11
2.66264e-11
-3.38367e-11
3.62087e-11
-3.38398e-11
2.99652e-11
-2.76494e-11
2.60091e-11
-2.15573e-11
1.22518e-11
-5.0151e-13
-8.77462e-12
1.19359e-11
-9.92043e-12
7.25535e-12
-7.90918e-12
1.01861e-11
-7.29296e-12
-6.30049e-12
2.76248e-11
-4.61188e-11
5.13043e-11
-4.03582e-11
1.81942e-11
6.57497e-12
-2.58282e-11
3.39468e-11
-3.05052e-11
2.11016e-11
-1.44447e-11
1.56144e-11
-2.26565e-11
2.89398e-11
-2.95926e-11
2.50273e-11
-2.0129e-11
1.94507e-11
-2.33353e-11
2.72185e-11
-2.62101e-11
1.99088e-11
-1.29936e-11
9.54955e-12
-8.61282e-12
5.53301e-12
1.8377e-12
-1.05857e-11
1.51022e-11
-1.13463e-11
-2.00573e-12
2.29345e-11
-4.54032e-11
5.97422e-11
-5.80359e-11
4.01934e-11
-1.5355e-11
-4.60489e-12
1.29671e-11
-1.20309e-11
9.70703e-12
-1.30684e-11
2.25687e-11
-3.22509e-11
3.4948e-11
-2.88473e-11
1.81714e-11
-8.84581e-12
3.66582e-12
-2.64933e-12
5.11217e-12
-1.03479e-11
1.60857e-11
-1.96271e-11
2.02253e-11
-1.96115e-11
1.83219e-11
-1.40732e-11
4.791e-12
6.18805e-12
-1.0808e-11
2.40089e-12
1.78306e-11
-4.10304e-11
5.61116e-11
-5.70072e-11
4.58441e-11
-3.11e-11
2.09042e-11
-1.75884e-11
1.69285e-11
-1.30163e-11
2.63279e-12
1.30657e-11
-2.96436e-11
4.02035e-11
-3.8351e-11
2.27748e-11
-5.37953e-13
-1.71858e-11
2.34128e-11
-2.01712e-11
1.39773e-11
-8.76621e-12
3.41577e-12
3.9957e-12
-1.25939e-11
1.88754e-11
-2.01866e-11
1.65954e-11
-1.11798e-11
8.1404e-12
-1.06906e-11
1.86088e-11
-2.84262e-11
3.53644e-11
-3.64553e-11
3.18184e-11
-2.51685e-11
2.21137e-11
-2.66348e-11
3.6066e-11
-4.10476e-11
3.22064e-11
-9.49061e-12
-1.6536e-11
3.24663e-11
-3.19708e-11
1.78334e-11
2.30952e-12
-2.12055e-11
3.36155e-11
-3.75448e-11
3.49906e-11
-3.11405e-11
2.98005e-11
-3.00669e-11
2.71551e-11
-1.75788e-11
2.43552e-12
1.30464e-11
-2.36468e-11
2.73897e-11
-2.6554e-11
2.46486e-11
-2.28361e-11
1.8647e-11
-9.94267e-12
-1.00087e-12
7.71851e-12
-5.41115e-12
-4.99014e-12
1.77739e-11
-2.7045e-11
2.87916e-11
-2.15429e-11
7.35812e-12
6.46165e-12
-1.069e-11
1.2867e-12
1.57612e-11
-2.91792e-11
3.17647e-11
-2.60327e-11
2.05168e-11
-2.25379e-11
3.29975e-11
-4.67642e-11
5.56979e-11
-5.33585e-11
3.82941e-11
-1.52191e-11
-7.82793e-12
2.32949e-11
-2.75908e-11
2.18614e-11
-1.12237e-11
1.192e-12
5.98676e-12
-1.26831e-11
2.17101e-11
-3.1727e-11
3.72307e-11
-3.46713e-11
2.63321e-11
-1.78304e-11
1.1699e-11
-5.97441e-12
-2.19081e-12
1.25526e-11
-2.2723e-11
3.01165e-11
-3.25017e-11
2.73625e-11
-1.45203e-11
-1.00864e-12
9.98371e-12
-5.88374e-12
-9.4488e-12
2.62767e-11
-3.41537e-11
2.86816e-11
-1.41124e-11
-2.4939e-13
6.02709e-12
-1.29199e-12
-9.15074e-12
1.76882e-11
-1.95748e-11
1.50434e-11
-8.61982e-12
6.448e-12
-1.37083e-11
3.06208e-11
-5.04932e-11
6.24956e-11
-5.98358e-11
4.48831e-11
-2.64529e-11
1.13502e-11
-5.28069e-13
-8.00891e-12
1.41984e-11
-1.62409e-11
1.33977e-11
-7.08387e-12
-1.59247e-12
1.23499e-11
-2.40534e-11
3.3329e-11
-3.74299e-11
3.69816e-11
-3.5289e-11
3.37402e-11
-2.98233e-11
1.93805e-11
-1.64827e-12
-1.87637e-11
3.36155e-11
-3.62672e-11
2.59359e-11
-8.99552e-12
-5.1367e-12
9.72457e-12
-4.61883e-12
-5.15641e-12
1.27912e-11
-1.32916e-11
5.5217e-12
5.91196e-12
-1.23291e-11
6.70313e-12
9.18055e-12
-2.49089e-11
2.95521e-11
-2.10803e-11
6.81307e-12
3.38065e-12
-4.04298e-12
-5.18254e-12
2.11034e-11
-3.80876e-11
4.87788e-11
-4.83922e-11
3.87076e-11
-2.72846e-11
2.04396e-11
-1.82189e-11
1.57312e-11
-9.45903e-12
4.01935e-13
7.32122e-12
-1.03577e-11
7.51343e-12
3.39433e-13
-1.15146e-11
2.39541e-11
-3.60854e-11
4.65196e-11
-5.38369e-11
5.60641e-11
-5.1636e-11
3.9978e-11
-2.23862e-11
2.22417e-12
1.46761e-11
-2.23782e-11
1.88601e-11
-9.02717e-12
1.16368e-12
9.7934e-14
1.95681e-12
-2.67676e-13
-9.13399e-12
2.38673e-11
-3.81847e-11
4.60969e-11
-4.30275e-11
2.71151e-11
-2.74667e-12
-1.92789e-11
2.78223e-11
-2.07105e-11
6.57375e-12
2.47082e-12
-7.82878e-13
-8.51577e-12
1.79587e-11
-2.15877e-11
1.69312e-11
-5.73033e-12
-6.36605e-12
1.16031e-11
-5.55352e-12
-8.8691e-12
2.24684e-11
-2.67248e-11
1.95831e-11
-6.4141e-12
-4.6331e-12
7.60449e-12
-1.87158e-12
-8.84679e-12
1.93139e-11
-2.63807e-11
2.98081e-11
-3.12653e-11
3.21875e-11
-3.33628e-11
3.45012e-11
-3.41773e-11
2.98849e-11
-2.05952e-11
8.66729e-12
1.07231e-12
-5.91473e-12
7.14261e-12
-7.26338e-12
5.27992e-12
2.49351e-12
-1.75574e-11
3.58036e-11
-5.07733e-11
5.82683e-11
-5.77399e-11
4.98277e-11
-3.61859e-11
2.09141e-11
-1.00523e-11
6.18628e-12
-5.25711e-12
1.46879e-13
1.09688e-11
-2.1916e-11
2.36549e-11
-1.22069e-11
-9.33763e-12
3.35394e-11
-5.24818e-11
5.95719e-11
-5.23306e-11
3.47609e-11
-1.66954e-11
7.16059e-12
-7.78551e-12
1.17155e-11
-1.01256e-11
-7.58077e-13
1.68218e-11
-2.9457e-11
3.07421e-11
-1.83045e-11
-3.36291e-12
2.46867e-11
-3.6343e-11
3.40815e-11
-2.11147e-11
5.6773e-12
3.57242e-12
-2.8982e-12
-4.45822e-12
1.02158e-11
-7.48945e-12
-3.95261e-12
1.73112e-11
-2.46741e-11
2.25897e-11
-1.34983e-11
2.44993e-12
5.43859e-12
-6.47587e-12
-4.88461e-13
1.18049e-11
-2.02635e-11
2.0173e-11
-1.27938e-11
4.69659e-12
-1.32004e-12
2.2637e-12
-4.11619e-12
5.14404e-12
-6.40236e-12
8.3497e-12
-1.00044e-11
1.11955e-11
-1.43424e-11
2.112e-11
-2.92804e-11
3.40407e-11
-3.36392e-11
3.06449e-11
-2.79587e-11
2.43779e-11
-1.68213e-11
5.23636e-12
5.7745e-12
-1.13778e-11
1.00632e-11
-3.31045e-12
-7.28796e-12
1.98652e-11
-3.11959e-11
3.75155e-11
-3.84657e-11
3.79217e-11
-4.02478e-11
4.48741e-11
-4.64168e-11
3.93369e-11
-2.30541e-11
2.14948e-12
1.61538e-11
-2.5471e-11
2.23099e-11
-8.11349e-12
-1.09537e-11
2.66674e-11
-3.40262e-11
3.41321e-11
-3.30772e-11
3.6618e-11
-4.5731e-11
5.51476e-11
-5.68367e-11
4.51945e-11
-2.16451e-11
-5.63867e-12
2.58574e-11
-3.17451e-11
2.2719e-11
-4.75515e-12
-1.32495e-11
2.3716e-11
-2.48423e-11
2.16451e-11
-2.27012e-11
3.27666e-11
-4.82201e-11
5.89581e-11
-5.63131e-11
3.88759e-11
-1.28778e-11
-1.22914e-11
2.79037e-11
-2.90667e-11
1.69016e-11
4.75972e-13
-1.25153e-11
1.38011e-11
-8.78957e-12
7.20777e-12
-1.52233e-11
3.02611e-11
-4.44539e-11
5.04418e-11
-4.47519e-11
2.76763e-11
-4.09569e-12
-1.68298e-11
2.55553e-11
-1.96742e-11
6.3847e-12
3.31066e-12
-4.2939e-12
1.30876e-14
2.50674e-12
6.77459e-13
-9.51074e-12
2.15816e-11
-3.29061e-11
3.73417e-11
-3.00066e-11
1.24256e-11
6.23361e-12
-1.62503e-11
1.50685e-11
-8.2692e-12
2.70128e-12
-1.18016e-12
2.61377e-12
-5.3554e-12
7.40763e-12
-5.79962e-12
-1.825e-12
1.29962e-11
-2.07473e-11
1.92212e-11
-9.6223e-12
-1.42744e-12
8.09525e-12
-9.63537e-12
8.15423e-12
-5.49537e-12
2.70909e-12
-1.79461e-12
4.32529e-12
-8.91534e-12
1.11067e-11
-8.10183e-12
1.9105e-12
2.43981e-12
-2.34082e-12
-8.05663e-13
4.11844e-12
-6.56285e-12
8.16732e-12
-8.4356e-12
6.44261e-12
-3.23811e-12
1.49412e-12
-2.90156e-12
5.91167e-12
-7.91613e-12
8.17439e-12
-8.44762e-12
9.9809e-12
-1.20388e-11
1.29665e-11
-1.26511e-11
1.20293e-11
-1.15503e-11
1.03537e-11
-8.07499e-12
5.54003e-12
-3.96817e-12
3.1646e-12
-2.32932e-12
1.574e-12
-2.62637e-12
6.6589e-12
-1.28421e-11
1.85955e-11
-2.19711e-11
2.24763e-11
-2.08333e-11
1.78196e-11
-1.44864e-11
1.18236e-11
-1.03241e-11
8.9785e-12
-6.30562e-12
1.8673e-12
2.43675e-12
-3.78045e-12
2.79258e-13
7.41042e-12
-1.68152e-11
2.47076e-11
-2.87759e-11
2.82451e-11
-2.44888e-11
2.00175e-11
-1.71537e-11
1.61572e-11
-1.53563e-11
1.23213e-11
-6.21951e-12
-1.43714e-12
7.14017e-12
-7.62734e-12
1.58477e-12
9.1398e-12
-2.06431e-11
2.87271e-11
-3.13346e-11
2.9137e-11
-2.50537e-11
2.20034e-11
-2.12966e-11
2.15518e-11
-1.99473e-11
1.41264e-11
-4.57808e-12
-5.34119e-12
1.09317e-11
-9.23911e-12
5.25255e-13
1.16854e-11
-2.2812e-11
2.92077e-11
-3.00797e-11
2.73796e-11
-2.46721e-11
2.43527e-11
-2.60642e-11
2.66355e-11
-2.28005e-11
1.36174e-11
-1.73758e-12
-8.2724e-12
1.21355e-11
-8.27251e-12
-1.73742e-12
1.36172e-11
-2.28004e-11
2.66355e-11
-2.60643e-11
2.43527e-11
-2.46722e-11
2.73796e-11
-3.00797e-11
2.92076e-11
-2.2812e-11
1.16854e-11
5.25071e-13
-9.23883e-12
1.09314e-11
-5.34087e-12
-4.57835e-12
1.41265e-11
-1.99473e-11
2.15517e-11
-2.12965e-11
2.20033e-11
-2.50537e-11
2.9137e-11
-3.13345e-11
2.87269e-11
-2.06427e-11
9.13931e-12
1.58538e-12
-7.62797e-12
7.14066e-12
-1.43739e-12
-6.21951e-12
1.23214e-11
-1.53564e-11
1.61573e-11
-1.71538e-11
2.00176e-11
-2.44889e-11
2.82454e-11
-2.87765e-11
2.47084e-11
-1.6816e-11
7.41119e-12
2.78778e-13
-3.78028e-12
2.43678e-12
1.86717e-12
-6.3055e-12
8.97843e-12
-1.03241e-11
1.18236e-11
-1.44862e-11
1.78192e-11
-2.08325e-11
2.24754e-11
-2.19703e-11
1.85949e-11
-1.28418e-11
6.65881e-12
-2.62637e-12
1.57399e-12
-2.32926e-12
3.1645e-12
-3.96809e-12
5.54009e-12
-8.07529e-12
1.03542e-11
-1.15509e-11
1.20298e-11
-1.26515e-11
1.29668e-11
-1.2039e-11
9.98107e-12
-8.44786e-12
8.17468e-12
-7.91643e-12
5.9119e-12
-2.90164e-12
1.494e-12
-3.23781e-12
6.44225e-12
-8.43532e-12
8.16718e-12
-6.5628e-12
4.11835e-12
-8.05444e-13
-2.34117e-12
2.44024e-12
1.91006e-12
-8.10142e-12
1.11064e-11
-8.91523e-12
4.32533e-12
-1.79469e-12
2.70912e-12
-5.49532e-12
8.15418e-12
-9.63538e-12
8.09534e-12
-1.4276e-12
-9.62206e-12
1.92208e-11
-2.07469e-11
1.29958e-11
-1.82464e-12
-5.79992e-12
7.40789e-12
-5.35561e-12
2.6139e-12
-1.18022e-12
2.70133e-12
-8.26932e-12
1.50687e-11
-1.62505e-11
6.23371e-12
1.24257e-11
-3.00068e-11
3.73421e-11
-3.29066e-11
2.15821e-11
-9.51114e-12
6.77691e-13
2.50664e-12
1.32045e-14
-4.29416e-12
3.31111e-12
6.38415e-12
-1.96737e-11
2.5555e-11
-1.68298e-11
-4.09554e-12
2.7676e-11
-4.47515e-11
5.04414e-11
-4.44536e-11
3.02609e-11
-1.52231e-11
7.20746e-12
-8.78912e-12
1.38006e-11
-1.25149e-11
4.7563e-13
1.69019e-11
-2.90669e-11
2.79037e-11
-1.22913e-11
-1.2878e-11
3.8876e-11
-5.63131e-11
5.89582e-11
-4.82202e-11
3.27667e-11
-2.27012e-11
2.16451e-11
-2.48424e-11
2.37162e-11
-1.32497e-11
-4.75496e-12
2.27188e-11
-3.1745e-11
2.58573e-11
-5.63853e-12
-2.16453e-11
4.51948e-11
-5.68372e-11
5.51481e-11
-4.57314e-11
3.66183e-11
-3.30774e-11
3.41321e-11
-3.40262e-11
2.66674e-11
-1.09536e-11
-8.11362e-12
2.23102e-11
-2.54715e-11
1.61544e-11
2.14879e-12
-2.30535e-11
3.93364e-11
-4.64165e-11
4.48738e-11
-4.02476e-11
3.79215e-11
-3.84656e-11
3.75155e-11
-3.1196e-11
1.98654e-11
-7.28832e-12
-3.31007e-12
1.00628e-11
-1.13776e-11
5.77434e-12
5.23647e-12
-1.68213e-11
2.4378e-11
-2.79588e-11
3.06448e-11
-3.36391e-11
3.40404e-11
-2.92801e-11
2.11199e-11
-1.43425e-11
1.11957e-11
-1.00046e-11
8.34999e-12
-6.40262e-12
5.14425e-12
-4.11634e-12
2.26382e-12
-1.3202e-12
4.69682e-12
-1.27941e-11
2.01732e-11
-2.02635e-11
1.18048e-11
-4.88129e-13
-6.47627e-12
5.439e-12
2.44952e-12
-1.34979e-11
2.25894e-11
-2.4674e-11
1.73112e-11
-3.95268e-12
-7.48945e-12
1.02158e-11
-4.45818e-12
-2.8983e-12
3.57253e-12
5.67722e-12
-2.11145e-11
3.40813e-11
-3.63427e-11
2.46865e-11
-3.36291e-12
-1.83044e-11
3.07419e-11
-2.94568e-11
1.68217e-11
-7.57944e-13
-1.01257e-11
1.17154e-11
-7.78536e-12
7.16045e-12
-1.66954e-11
3.4761e-11
-5.23307e-11
5.9572e-11
-5.24818e-11
3.35394e-11
-9.33763e-12
-1.22069e-11
2.36549e-11
-2.19159e-11
1.09687e-11
1.46994e-13
-5.2572e-12
6.18631e-12
-1.00523e-11
2.0914e-11
-3.61857e-11
4.98274e-11
-5.77396e-11
5.82681e-11
-5.07731e-11
3.58034e-11
-1.75572e-11
2.49337e-12
5.27994e-12
-7.26327e-12
7.1424e-12
-5.91443e-12
1.07196e-12
8.66763e-12
-2.05955e-11
2.9885e-11
-3.41773e-11
3.45012e-11
-3.33628e-11
3.21875e-11
-3.12652e-11
2.98079e-11
-2.63804e-11
1.93135e-11
-8.8464e-12
-1.87195e-12
7.60477e-12
-4.63315e-12
-6.41432e-12
1.95835e-11
-2.67252e-11
2.24688e-11
-8.86956e-12
-5.55295e-12
1.16025e-11
-6.36551e-12
-5.73076e-12
1.69315e-11
-2.15879e-11
1.79587e-11
-8.51559e-12
-7.83108e-13
2.47103e-12
6.57353e-12
-2.07101e-11
2.78218e-11
-1.92782e-11
-2.74745e-12
2.71158e-11
-4.3028e-11
4.6097e-11
-3.81846e-11
2.38672e-11
-9.13387e-12
-2.67662e-13
1.95667e-12
9.81223e-14
1.16361e-12
-9.02737e-12
1.88606e-11
-2.23788e-11
1.46766e-11
2.22396e-12
-2.23862e-11
3.99782e-11
-5.16362e-11
5.60642e-11
-5.38368e-11
4.65193e-11
-3.60851e-11
2.39539e-11
-1.15147e-11
3.39723e-13
7.51302e-12
-1.03573e-11
7.3211e-12
4.01819e-13
-9.45876e-12
1.5731e-11
-1.82187e-11
2.04395e-11
-2.72846e-11
3.87076e-11
-4.83922e-11
4.87788e-11
-3.80875e-11
2.11032e-11
-5.18236e-12
-4.04311e-12
3.38068e-12
6.81316e-12
-2.10804e-11
2.95523e-11
-2.49091e-11
9.18077e-12
6.70293e-12
-1.23289e-11
5.91194e-12
5.5216e-12
-1.32915e-11
1.27911e-11
-5.15649e-12
-4.61863e-12
9.72432e-12
-5.13643e-12
-8.99575e-12
2.5936e-11
-3.62672e-11
3.36155e-11
-1.87637e-11
-1.6483e-12
1.93805e-11
-2.98233e-11
3.37402e-11
-3.52892e-11
3.6982e-11
-3.74304e-11
3.33294e-11
-2.40537e-11
1.23502e-11
-1.59268e-12
-7.08367e-12
1.33976e-11
-1.62409e-11
1.41986e-11
-8.00925e-12
-5.27667e-13
1.13497e-11
-2.64525e-11
4.48827e-11
-5.98356e-11
6.24956e-11
-5.04934e-11
3.0621e-11
-1.37084e-11
6.44811e-12
-8.62001e-12
1.50437e-11
-1.95751e-11
1.76885e-11
-9.15098e-12
-1.29186e-12
6.02709e-12
-2.49523e-13
-1.41122e-11
2.86813e-11
-3.41533e-11
2.62763e-11
-9.44845e-12
-5.88398e-12
9.98387e-12
-1.00875e-12
-1.45202e-11
2.73626e-11
-3.25018e-11
3.01167e-11
-2.27231e-11
1.25527e-11
-2.19091e-12
-5.97431e-12
1.16989e-11
-1.78304e-11
2.63322e-11
-3.46715e-11
3.72308e-11
-3.1727e-11
2.17102e-11
-1.26832e-11
5.98688e-12
1.19188e-12
-1.12237e-11
2.18615e-11
-2.75911e-11
2.32953e-11
-7.82848e-12
-1.52185e-11
3.82937e-11
-5.33583e-11
5.56977e-11
-4.6764e-11
3.29972e-11
-2.25375e-11
2.05164e-11
-2.60324e-11
3.17646e-11
-2.91794e-11
1.57615e-11
1.2863e-12
-1.06896e-11
6.46139e-12
7.35838e-12
-2.15433e-11
2.87921e-11
-2.70456e-11
1.77744e-11
-4.99056e-12
-5.41092e-12
7.71845e-12
-1.00084e-12
-9.94278e-12
1.86472e-11
-2.28364e-11
2.46487e-11
-2.6554e-11
2.73895e-11
-2.36465e-11
1.30462e-11
2.43575e-12
-1.75789e-11
2.71551e-11
-3.00669e-11
2.98005e-11
-3.11407e-11
3.4991e-11
-3.75452e-11
3.36159e-11
-2.12059e-11
2.30981e-12
1.78332e-11
-3.19707e-11
3.24663e-11
-1.65359e-11
-9.49068e-12
3.22065e-11
-4.10477e-11
3.6066e-11
-2.66347e-11
2.21135e-11
-2.51682e-11
3.18183e-11
-3.64553e-11
3.53644e-11
-2.84262e-11
1.86087e-11
-1.06903e-11
8.13992e-12
-1.11793e-11
1.6595e-11
-2.01865e-11
1.88755e-11
-1.25941e-11
3.99582e-12
3.41585e-12
-8.7664e-12
1.39774e-11
-2.01711e-11
2.34123e-11
-1.71852e-11
-5.38528e-13
2.27753e-11
-3.83512e-11
4.02035e-11
-2.96436e-11
1.30656e-11
2.63286e-12
-1.30163e-11
1.69287e-11
-1.75888e-11
2.09048e-11
-3.11007e-11
4.58447e-11
-5.70075e-11
5.61115e-11
-4.10301e-11
1.78303e-11
2.40111e-12
-1.08081e-11
6.18807e-12
4.79102e-12
-1.40733e-11
1.83219e-11
-1.96115e-11
2.02253e-11
-1.96271e-11
1.60857e-11
-1.0348e-11
5.11231e-12
-2.64948e-12
3.66595e-12
-8.84585e-12
1.81714e-11
-2.88471e-11
3.49478e-11
-3.22507e-11
2.25684e-11
-1.30682e-11
9.70679e-12
-1.20307e-11
1.29671e-11
-4.60487e-12
-1.5355e-11
4.01933e-11
-5.80358e-11
5.97421e-11
-4.54032e-11
2.29347e-11
-2.00598e-12
-1.1346e-11
1.5102e-11
-1.05856e-11
1.83781e-12
5.53285e-12
-8.6127e-12
9.54955e-12
-1.29936e-11
1.99089e-11
-2.62101e-11
2.72185e-11
-2.33353e-11
1.94508e-11
-2.01292e-11
2.50277e-11
-2.95931e-11
2.89403e-11
-2.26568e-11
1.56146e-11
-1.44448e-11
2.11017e-11
-3.05053e-11
3.39468e-11
-2.58281e-11
6.57468e-12
1.81946e-11
-4.03586e-11
5.13046e-11
-4.6119e-11
2.76248e-11
-6.30042e-12
-7.29297e-12
1.01859e-11
-7.90893e-12
7.25507e-12
-9.92019e-12
1.19357e-11
-8.77443e-12
-5.01742e-13
1.2252e-11
-2.15576e-11
2.60094e-11
-2.76496e-11
2.99654e-11
-3.38399e-11
3.62088e-11
-3.38369e-11
2.66266e-11
-1.78353e-11
1.14026e-11
-1.08882e-11
1.82851e-11
-3.18263e-11
4.36629e-11
-4.35398e-11
2.66579e-11
7.9594e-13
-2.57511e-11
3.74696e-11
-3.44829e-11
2.32947e-11
-1.24706e-11
6.27162e-12
-3.15656e-12
-1.27384e-12
8.71268e-12
-1.63475e-11
1.96537e-11
-1.71603e-11
1.07344e-11
-2.87526e-12
-5.55683e-12
1.40614e-11
-2.19062e-11
2.88247e-11
-3.56064e-11
4.13852e-11
-4.22875e-11
3.42919e-11
-1.91981e-11
5.56681e-12
-3.24589e-12
1.52158e-11
-3.48677e-11
4.97443e-11
-4.99622e-11
3.45048e-11
-1.17314e-11
-7.64245e-12
1.81197e-11
-2.16003e-11
2.22296e-11
-2.17085e-11
1.90133e-11
-1.36219e-11
6.19394e-12
2.22736e-12
-1.06279e-11
1.66848e-11
-1.78993e-11
1.40908e-11
-8.54944e-12
4.52268e-12
-1.71434e-12
-3.9036e-12
1.56151e-11
-3.19285e-11
4.55276e-11
-4.78001e-11
3.56118e-11
-1.59569e-11
1.95035e-12
-3.11742e-12
1.77962e-11
-3.58812e-11
4.73431e-11
-4.85522e-11
4.11292e-11
-2.85658e-11
1.39609e-11
1.06265e-14
-1.18962e-11
2.12427e-11
-2.77041e-11
2.97335e-11
-2.59038e-11
1.66266e-11
-5.18125e-12
-3.88978e-12
6.97413e-12
-4.37443e-12
8.12685e-13
-2.2901e-12
9.44887e-12
-1.52491e-11
1.04104e-11
6.80826e-12
-2.78512e-11
4.04415e-11
-3.85859e-11
2.57949e-11
-1.13754e-11
3.59697e-12
-5.74016e-12
1.53662e-11
-2.74498e-11
3.77768e-11
-4.47414e-11
4.75823e-11
-4.51218e-11
3.61353e-11
-2.11947e-11
2.3804e-12
1.71359e-11
-3.30875e-11
3.99746e-11
-3.4774e-11
2.10298e-11
-8.41745e-12
5.11127e-12
-1.10352e-11
1.80734e-11
-1.78226e-11
8.52879e-12
3.36737e-12
-8.71127e-12
2.80944e-12
1.03183e-11
-2.15486e-11
2.42132e-11
-1.92131e-11
1.19976e-11
-6.77895e-12
3.90022e-12
-2.71852e-12
3.81895e-12
-8.73266e-12
1.79355e-11
-3.06486e-11
4.43341e-11
-5.43765e-11
5.46123e-11
-4.12361e-11
1.62693e-11
1.18694e-11
-3.26217e-11
3.88073e-11
-3.14313e-11
1.92454e-11
-1.28747e-11
1.61637e-11
-2.38344e-11
2.74867e-11
-2.46187e-11
1.99865e-11
-1.95567e-11
2.37384e-11
-2.77538e-11
2.6446e-11
-1.90923e-11
9.52267e-12
-3.06616e-12
1.70785e-12
-2.52864e-12
4.22846e-13
6.26862e-12
-1.39722e-11
1.65747e-11
-1.01356e-11
-5.36247e-12
2.56006e-11
-4.28633e-11
4.84402e-11
-3.83455e-11
1.69385e-11
5.26327e-12
-1.94193e-11
2.36034e-11
-2.21677e-11
2.01691e-11
-1.93222e-11
1.75284e-11
-1.30389e-11
8.43381e-12
-1.05445e-11
2.36993e-11
-4.36183e-11
5.86528e-11
-5.9338e-11
4.57682e-11
-2.66639e-11
1.13544e-11
-3.75221e-12
1.2846e-12
1.3246e-12
-7.85205e-12
1.74425e-11
-2.56979e-11
2.81516e-11
-2.38545e-11
1.50677e-11
-5.51698e-12
-1.46774e-12
3.61998e-12
-1.33487e-12
-2.62555e-12
5.69514e-12
-8.76502e-12
1.43514e-11
-2.19338e-11
2.57015e-11
-1.94339e-11
2.98317e-12
1.52505e-11
-2.33874e-11
1.40076e-11
9.72231e-12
-3.5806e-11
5.16518e-11
-5.32086e-11
4.55936e-11
-3.61001e-11
2.6847e-11
-1.55849e-11
1.07837e-12
1.32882e-11
-2.20756e-11
2.20263e-11
-1.50871e-11
7.39319e-12
-5.81754e-12
1.29656e-11
-2.559e-11
3.70819e-11
-4.2541e-11
4.09269e-11
-3.48065e-11
2.83938e-11
-2.56594e-11
2.69475e-11
-2.77561e-11
2.16929e-11
-7.04287e-12
-1.08559e-11
2.34949e-11
-2.63097e-11
2.12107e-11
-1.3971e-11
8.56423e-12
-4.30872e-12
-2.58778e-12
1.29575e-11
-2.11314e-11
1.83083e-11
-1.87457e-12
-2.01276e-11
3.41282e-11
-3.1912e-11
1.59679e-11
3.34987e-12
-1.57778e-11
1.67238e-11
-8.48878e-12
-3.72719e-12
1.63074e-11
-2.89554e-11
4.1472e-11
-5.10685e-11
5.31836e-11
-4.56469e-11
3.03469e-11
-1.23071e-11
-2.77778e-12
1.01433e-11
-8.68402e-12
2.36514e-12
1.41934e-12
2.50894e-12
-1.3418e-11
2.53266e-11
-3.20656e-11
3.16751e-11
-2.82157e-11
2.82233e-11
-3.46986e-11
4.30556e-11
-4.51326e-11
3.70701e-11
-2.33869e-11
1.1741e-11
-5.3963e-12
6.80529e-13
7.69587e-12
-2.03373e-11
3.08631e-11
-3.0782e-11
1.70013e-11
3.50768e-12
-1.81231e-11
1.80665e-11
-5.06345e-12
-1.18285e-11
2.38831e-11
-2.79286e-11
2.51617e-11
-1.82555e-11
8.98252e-12
1.68316e-12
-1.26112e-11
2.05776e-11
-2.09277e-11
1.04879e-11
8.88233e-12
-3.07708e-11
4.70848e-11
-5.18058e-11
4.32419e-11
-2.58383e-11
8.44322e-12
8.16451e-13
-5.49506e-13
-3.9697e-12
6.09486e-12
-3.74639e-12
-3.88292e-13
2.60772e-12
-2.92692e-12
5.63889e-12
-1.56559e-11
3.22466e-11
-4.76694e-11
5.28923e-11
-4.64645e-11
3.58999e-11
-3.0507e-11
3.23028e-11
-3.49571e-11
2.99365e-11
-1.46418e-11
-5.14906e-12
1.9371e-11
-2.21592e-11
1.63126e-11
-1.0186e-11
9.31405e-12
-1.26821e-11
1.59353e-11
-1.7474e-11
1.95866e-11
-2.54508e-11
3.48888e-11
-4.34113e-11
4.41317e-11
-3.27839e-11
1.14194e-11
1.17132e-11
-2.74455e-11
3.05382e-11
-2.16591e-11
5.74278e-12
1.0078e-11
-1.98406e-11
2.14055e-11
-1.7013e-11
9.7368e-12
-7.98081e-13
-9.86554e-12
2.01477e-11
-2.51953e-11
2.00058e-11
-4.10713e-12
-1.62858e-11
3.00297e-11
-2.82721e-11
1.13069e-11
1.08448e-11
-2.68788e-11
3.27506e-11
-3.29369e-11
3.34051e-11
-3.53252e-11
3.44136e-11
-2.65634e-11
1.32363e-11
-2.27105e-12
1.29157e-12
-1.0174e-11
1.96818e-11
-1.97292e-11
8.2429e-12
7.47714e-12
-1.8468e-11
2.16217e-11
-2.14146e-11
2.46198e-11
-3.40737e-11
4.56041e-11
-5.18639e-11
4.88331e-11
-3.94375e-11
2.96248e-11
-2.25936e-11
1.66884e-11
-9.04857e-12
-9.0754e-13
1.03622e-11
-1.53213e-11
1.34486e-11
-6.9914e-12
2.05018e-12
-4.76037e-12
1.64973e-11
-3.33267e-11
4.83683e-11
-5.5525e-11
5.18321e-11
-3.91925e-11
2.28761e-11
-7.97952e-12
-3.86292e-12
1.29856e-11
-1.86072e-11
1.77084e-11
-8.40803e-12
-6.72528e-12
1.98461e-11
-2.18942e-11
8.63947e-12
1.4532e-11
-3.53078e-11
4.29603e-11
-3.62744e-11
2.23513e-11
-9.19513e-12
-7.51422e-13
9.50274e-12
-1.84394e-11
2.40499e-11
-1.99217e-11
3.02501e-12
2.03546e-11
-3.71321e-11
3.70607e-11
-2.16465e-11
2.317e-12
9.16436e-12
-9.449e-12
3.43149e-12
1.89273e-12
-4.27703e-12
6.97272e-12
-1.37894e-11
2.24878e-11
-2.51507e-11
1.5349e-11
4.45431e-12
-2.43718e-11
3.48417e-11
-3.38395e-11
2.68145e-11
-2.16353e-11
2.1997e-11
-2.5365e-11
2.61905e-11
-2.22983e-11
1.67818e-11
-1.4397e-11
1.60424e-11
-1.82658e-11
1.64634e-11
-8.88328e-12
-2.56056e-12
1.35329e-11
-2.08164e-11
2.46675e-11
-2.85095e-11
3.48794e-11
-4.27704e-11
4.81103e-11
-4.72525e-11
3.91995e-11
-2.66795e-11
1.47792e-11
-8.21804e-12
7.6062e-12
-9.38257e-12
9.05533e-12
-5.22191e-12
-6.38286e-13
6.60917e-12
-1.29933e-11
2.19776e-11
-3.54534e-11
5.11868e-11
-6.21325e-11
6.05159e-11
-4.50966e-11
2.31964e-11
-5.7117e-12
-1.07249e-12
-1.41443e-12
6.64653e-12
-9.23851e-12
8.61185e-12
-7.89483e-12
7.9785e-12
-4.37467e-12
-9.13263e-12
3.21732e-11
-5.52203e-11
6.5508e-11
-5.70345e-11
3.48615e-11
-1.15367e-11
-2.29988e-12
4.68149e-12
-1.68968e-12
-7.2301e-13
2.67304e-12
-8.33544e-12
1.793e-11
-2.4506e-11
1.87312e-11
2.03199e-12
-2.98512e-11
5.03149e-11
-5.29325e-11
3.85786e-11
-1.81901e-11
2.7619e-12
4.53925e-12
-7.7065e-12
1.0144e-11
-1.01449e-11
3.11912e-12
1.15819e-11
-2.72989e-11
3.30479e-11
-2.23344e-11
-6.55411e-13
2.30438e-11
-3.33945e-11
2.95148e-11
-1.7968e-11
6.4201e-12
1.98366e-12
-8.83479e-12
1.5667e-11
-2.03091e-11
1.73717e-11
-4.16884e-12
-1.4654e-11
2.86731e-11
-2.98755e-11
1.85897e-11
-2.72419e-12
-8.91477e-12
1.20324e-11
-8.4497e-12
2.63027e-12
2.67338e-12
-8.47342e-12
1.6169e-11
-2.37799e-11
2.59648e-11
-1.90437e-11
4.53149e-12
1.11918e-11
-2.11933e-11
2.19908e-11
-1.58813e-11
8.65585e-12
-5.10378e-12
5.52871e-12
-7.54785e-12
9.44663e-12
-1.18997e-11
1.60988e-11
-2.19833e-11
2.70491e-11
-2.75274e-11
2.08085e-11
-8.56324e-12
-4.00876e-12
1.19028e-11
-1.41976e-11
1.3506e-11
-1.33962e-11
1.54723e-11
-1.87846e-11
2.07075e-11
-2.00845e-11
1.87587e-11
-2.00533e-11
2.45585e-11
-2.91083e-11
2.9231e-11
-2.31814e-11
1.29866e-11
-3.16833e-12
-2.96563e-12
5.87377e-12
-9.44246e-12
1.63534e-11
-2.49202e-11
3.03341e-11
-2.98317e-11
2.52136e-11
-2.15e-11
2.2421e-11
-2.74099e-11
3.15692e-11
-3.02522e-11
2.33786e-11
-1.5613e-11
1.08992e-11
-8.39354e-12
3.3791e-12
7.26623e-12
-2.16246e-11
3.33497e-11
-3.68933e-11
3.22375e-11
-2.5571e-11
2.34707e-11
-2.70408e-11
3.13359e-11
-3.13383e-11
2.67908e-11
-2.20512e-11
2.08398e-11
-2.20645e-11
1.97207e-11
-8.60035e-12
-1.00121e-11
2.78498e-11
-3.67506e-11
3.54158e-11
-2.99285e-11
2.71922e-11
-2.91593e-11
3.19457e-11
-3.09296e-11
2.59348e-11
-2.22036e-11
2.45039e-11
-3.10962e-11
3.37012e-11
-2.5193e-11
6.25105e-12
1.46661e-11
-2.85039e-11
3.22687e-11
-3.06056e-11
3.01831e-11
-3.30946e-11
3.50825e-11
-3.16066e-11
2.40147e-11
-1.94255e-11
2.33437e-11
-3.37563e-11
4.16159e-11
-3.82578e-11
2.24365e-11
-1.75894e-12
-1.41819e-11
2.17245e-11
-2.50828e-11
2.97591e-11
-3.60725e-11
3.88827e-11
-3.41035e-11
2.39974e-11
-1.68375e-11
1.97481e-11
-3.18404e-11
4.36036e-11
-4.50518e-11
3.40069e-11
-1.72595e-11
4.23675e-12
4.05966e-13
-3.31421e-13
1.25159e-13
7.2553e-14
2.49929e-14
4.09904e-15
0
