-0.00215821
-0.00305877
-0.00440016
-0.00633356
-0.00891094
-0.0118986
-0.0147
-0.0166675
-0.0176083
-0.0178988
-0.856579
-0.856579
-0.856579
-0.856579
-0.856579
-0.856579
-0.856579
-0.856579
-0.856579
-0.856579
-0.856579
-0.856579
-0.856579
-0.856579
-0.856579
-0.856579
-0.856579
-0.856579
-0.856579
-0.856579
-0.856579
-0.856579
-0.856579
-0.856579
-0.856579
-0.856579
-0.856579
-0.856579
-0.856579
-0.856579
-0.856579
-0.856579
-0.856579
-0.856579
-0.856579
-0.856579
-0.856579
-0.856579
-0.856579
-0.856579
-0.856579
-0.856579
-0.856579
-0.856579
-0.856579
-0.856579
-0.856579
-0.856579
-0.856579
-0.856579
-0.856579
-0.856579
-0.856579
-0.856579
-0.856579
-0.856579
-0.856579
-0.856579
-0.856579
-0.856579
-0.856579
-0.856579
-0.856579
-0.856579
-0.856579
-0.856579
-0.856579
-0.856579
-0.856579
-0.856579
-0.856579
-0.856579
-0.856579
-0.856579
-0.856579
-0.856579
-0.856579
-0.856579
-0.856579
-0.856579
-0.856579
-0.856579
-0.856579
-0.856579
-0.856579
-0.856579
-0.856579
-0.856579
-0.856579
-0.856579
-0.856579
-0.856579
-0.856579
-0.856579
-0.856579
-0.856579
-0.856579
-0.856579
-0.856579
-0.856579
-0.856579
-0.856579
-0.856579
-0.856579
-0.856579
-0.856579
-0.856579
-0.856579
-0.856579
-0.856579
-0.856579
-0.856579
-0.856579
-0.856579
-0.856579
-0.856579
-0.856579
-0.856579
-0.856579
-0.856579
-0.856579
-0.856579
-0.856579
-0.856579
-0.856579
-0.856579
-0.856579
-0.856579
-0.856579
-0.856579
-0.856579
-0.856579
-0.856579
-0.856579
-0.856579
-0.856579
-0.856579
-0.856579
-0.856579
-0.856579
-0.856579
-0.856579
-0.856579
-0.856579
-0.856579
-0.856579
-0.856579
-0.856579
-0.856579
-0.856579
-0.856579
-0.856579
-0.856579
-0.856579
-0.856579
-0.856579
-0.856579
-0.856579
-0.856579
-0.856579
-0.856579
-0.856579
-0.856579
-0.856579
-0.856579
-0.856579
-0.856579
-0.856579
-0.856579
-0.856579
-0.856579
-0.856579
-0.856579
-0.856579
-0.856579
-0.856579
-0.856579
-0.856579
-0.856579
-0.856579
-0.856579
-0.856579
-0.856579
-0.856579
-0.856579
-0.856579
-0.856579
-0.856579
-0.856579
-0.856579
-0.856579
-0.856579
-0.856579
-0.856579
-0.856579
-0.856579
-0.856579
-0.856579
-0.856579
-0.856579
-0.0176083
-0.0166675
-0.0147
-0.0118986
-0.00891094
-0.00633356
-0.00440016
-0.00305877
-0.00215821
-0.00155605
