-5.45249e-05
8.40392e-05
-7.45784e-05
2.97087e-05
3.04728e-05
-7.78637e-05
8.91869e-05
-5.75357e-05
-3.12434e-06
6.35791e-05
-9.3395e-05
7.68344e-05
-2.2116e-05
-4.19394e-05
8.12459e-05
-7.58216e-05
3.17475e-05
2.23893e-05
-5.34863e-05
4.54927e-05
-1.00714e-05
-2.19631e-05
2.36796e-05
6.58387e-06
-4.21769e-05
4.79598e-05
-9.26934e-06
-5.1925e-05
9.11194e-05
-7.28002e-05
7.36833e-06
6.65217e-05
-7.97412e-05
5.81206e-05
4.36667e-05
5.6226e-06
0.000120519
0.000244496
0.000313063
0.000720191
0.00130427
0.00206907
0.00374489
0.00609125
0.00969534
0.0153264
0.0233699
0.0346533
0.0504373
0.0715993
0.0990812
0.134627
0.178926
0.232859
0.297258
0.371863
0.455344
0.545871
0.640061
0.732882
0.819411
0.89403
0.951078
0.986015
0.995978
0.978867
0.934916
0.867007
0.779633
0.678763
0.571751
0.465611
0.365547
0.275926
0.199874
0.138627
0.0916739
0.0578946
0.0348871
0.0196615
0.00999153
0.00474454
0.00236005
0.00113543
0.000307087
-3.20711e-05
-3.09612e-05
1.22816e-05
6.35866e-05
9.52293e-05
-3.59011e-05
-0.00017261
-1.04557e-05
0.000213715
6.71363e-05
-0.000230063
-0.000117952
0.000221684
0.000164003
-0.000199137
0.000110584
-0.000105305
-0.000126135
0.000104712
0.000156891
-0.00010587
-0.000197711
9.51009e-05
0.000250469
-7.15693e-05
-0.000297294
2.37773e-05
0.000325506
4.42742e-05
-0.000291347
-1.26723e-05
0.000554301
0.00106041
0.00213788
0.00488016
0.0101649
0.0194767
0.0347799
0.0581137
0.0916934
0.138408
0.199946
0.276106
0.365395
0.465509
0.571952
0.678756
0.779446
0.867113
0.93504
0.978686
0.995972
0.98619
0.950974
0.893929
0.819582
0.732861
0.639909
0.546006
0.455384
0.371707
0.297335
0.232955
0.178769
0.13467
0.0991943
0.0714595
0.0504543
0.0347677
0.023256
0.0153142
0.00982396
0.0059737
0.00373923
0.00218695
0.00118924
0.000729017
0.00040714
0.000146075
0.000126534
9.9447e-05
-6.6496e-05
8.78093e-05
-2.01373e-06
-5.71846e-05
8.23846e-05
-4.82172e-05
-4.64188e-06
3.64355e-05
-2.59243e-05
-1.01798e-05
3.63858e-05
-2.66695e-05
-1.52949e-05
5.97663e-05
-7.30271e-05
4.13784e-05
1.94976e-05
-7.4822e-05
9.25731e-05
-6.24494e-05
8.56791e-07
5.96219e-05
-8.87295e-05
7.4023e-05
-2.55299e-05
-3.1387e-05
6.97464e-05
-7.36478e-05
4.4184e-05
2.99095e-06
-4.59905e-05
6.64724e-05
-5.67681e-05
2.21164e-05
