-0.000357885
-0.000173934
0.00019732
0.000363168
-5.58601e-05
-0.000341798
-0.000164043
0.000215027
0.000346125
-8.40369e-05
-0.000287966
-0.000204418
0.000128745
0.000310613
0.000278628
0.000532945
0.00055809
8.32826e-05
-0.00208192
-0.0072859
-0.0177748
-0.036723
-0.0663891
-0.109211
-0.166759
-0.240283
-0.329182
-0.43012
-0.538428
-0.648032
-0.752195
-0.843843
-0.916727
-0.966656
-0.991017
-0.988484
-0.960385
-0.909788
-0.841292
-0.759845
-0.670591
-0.579391
-0.490268
-0.406438
-0.330321
-0.263417
-0.206257
-0.158286
-0.119058
-0.0881174
-0.0638789
-0.0452026
-0.0315039
-0.021518
-0.0144074
-0.00929842
-0.00597179
-0.00389114
-0.00226677
-0.00128585
-0.000940894
-0.000472291
-0.000176035
-0.000195643
-0.000109479
-2.5759e-05
2.75559e-05
-5.56505e-05
-5.20574e-05
8.97805e-05
-1.02707e-05
-0.00011529
0.00012222
3.41272e-06
-0.000118627
9.36233e-05
3.25312e-05
-0.000112361
6.81765e-05
3.12725e-05
-7.15873e-05
2.73282e-05
2.9337e-05
-3.28812e-05
-1.46006e-06
1.59558e-05
5.9761e-06
-2.31908e-05
6.14027e-07
3.76979e-05
-3.75173e-05
-1.24485e-05
5.84615e-05
-4.24428e-05
-2.58536e-05
7.34255e-05
-4.44351e-05
-3.4328e-05
7.92852e-05
-4.09132e-05
6.56534e-05
-0.000130549
6.30895e-05
6.9003e-05
-0.000131996
6.13855e-05
7.152e-05
-0.000131012
5.59188e-05
7.63463e-05
-0.000129255
4.96168e-05
7.69739e-05
-0.000118237
3.66197e-05
7.40436e-05
-9.60966e-05
1.74152e-05
6.42202e-05
-6.1987e-05
-1.49032e-06
3.563e-05
-4.48425e-06
-3.06669e-05
6.01043e-06
4.64508e-05
-3.38887e-05
-5.22729e-05
0.000114702
-4.05545e-05
-7.25597e-05
0.000142976
3.32275e-05
-3.84027e-05
0.000256669
0.000279275
0.000389979
0.000844054
0.00143301
0.00230396
0.0036979
0.00604538
0.00945998
0.0142392
0.0214629
0.0316645
0.0452025
0.0637399
0.0881271
0.119231
0.158206
0.206099
0.263569
0.330417
0.406262
0.490239
0.579532
0.670632
0.759673
0.841274
0.909998
0.960323
0.988326
0.991072
0.966809
0.916677
0.843672
0.752266
0.648205
0.538337
0.429972
0.329255
0.240427
0.166725
0.109016
0.0664605
0.0368799
0.017743
0.00714005
0.00204546
0.000117316
-0.000549006
-0.000674553
-0.000349136
-0.000192256
3.43564e-06
7.6904e-05
0.00017684
0.000120022
-0.000189857
-0.00020657
7.16273e-06
0.000298435
0.000147602
-0.000235627
-0.000267131
4.74103e-05
0.000349909
0.000106453
-0.00026457
