-9.88679e-05
5.65108e-05
5.80583e-05
-0.000157759
1.83458e-05
8.63355e-06
-0.000213947
-0.0002267
-0.000233982
-0.000652007
-0.00106483
-0.00144047
-0.00256395
-0.00408597
-0.00604275
-0.00927468
-0.0140378
-0.0203535
-0.0292919
-0.0417618
-0.0580055
-0.0792471
-0.106818
-0.141192
-0.183354
-0.234228
-0.294021
-0.362455
-0.438877
-0.521835
-0.608748
-0.696404
-0.780438
-0.856549
-0.919352
-0.963768
-0.986221
-0.983616
-0.9545
-0.899929
-0.823202
-0.728312
-0.621475
-0.509806
-0.399741
-0.297496
-0.207947
-0.134417
-0.0783756
-0.0387604
-0.0136242
-0.000124046
0.00550486
0.00666564
0.00533739
0.00301362
0.00115482
-0.000174866
-0.000734834
-0.00076627
-0.000479081
0.000183468
0.000341165
-1.09003e-05
-0.000112939
-0.000111627
1.10583e-05
8.15449e-05
9.49713e-05
9.95339e-05
-6.51758e-05
-0.000252364
-0.000108426
0.000274222
0.000223239
-0.000108979
-0.0002385
-0.000113876
0.000221021
0.000164644
-0.000122035
-5.43723e-05
-7.01258e-05
2.54208e-05
9.84969e-05
-2.24307e-05
5.90429e-05
-7.15614e-05
-0.000152262
0.000116795
0.000101632
4.78345e-05
-0.000118084
-0.000204794
0.00016682
0.000187246
-5.0584e-05
-0.000150604
-0.000155149
0.000203343
0.00020128
-8.65609e-05
-0.000303046
2.31583e-05
0.000269421
8.35436e-05
-0.000165276
-0.000231136
0.000106676
0.000270202
-4.36878e-05
-0.000165367
-0.000113567
9.95854e-05
0.000194777
-7.96541e-05
-8.51503e-05
-1.50932e-05
-5.30548e-05
0.000109906
4.84538e-05
2.80748e-05
-5.37045e-05
-0.000245651
7.83691e-05
0.000278624
5.5885e-05
-0.00016458
-0.000285799
6.6376e-05
0.000296552
4.45438e-05
-8.90012e-05
-0.000101009
-7.87442e-05
-2.15763e-05
0.000118712
0.000141211
-4.73174e-05
-0.000298948
-0.000187285
0.000454566
0.000822928
0.00064728
0.000233502
-0.00111884
-0.00311139
-0.00527636
-0.00666157
-0.00551542
0.000112691
0.0136201
0.0387882
0.0783717
0.134395
0.207924
0.297582
0.399694
0.509727
0.621609
0.728264
0.823148
0.89998
0.95451
0.983603
0.986187
0.963808
0.919349
0.856556
0.780383
0.69645
0.608805
0.521703
0.438937
0.362535
0.293919
0.234203
0.183478
0.141142
0.106714
0.0793846
0.0579946
0.0416519
0.0293736
0.0203894
0.0139588
0.00927547
0.00612729
0.00401854
0.00254364
0.00150769
0.00103215
0.000634863
0.000247333
0.000256696
0.00016621
1.0692e-05
4.19798e-06
0.000132664
-4.283e-05
