-6.74861e-05
-1.89351e-06
0.000107548
-8.55369e-05
-1.46102e-05
2.85204e-05
3.8937e-05
-4.42512e-05
-3.04914e-05
6.44281e-05
-3.10966e-05
2.46511e-05
-5.11665e-05
2.02343e-05
4.14052e-05
-1.37668e-05
-5.52973e-05
-4.45078e-06
0.000137436
-9.63329e-05
-9.58337e-05
0.000115591
8.86359e-05
-0.000149934
-7.16672e-05
0.000199153
-2.82411e-06
-0.000174357
4.44762e-05
0.000115979
-2.75176e-05
-8.26662e-05
-3.74223e-06
6.58299e-05
2.58196e-05
-8.98469e-06
-0.000147751
8.70975e-05
0.00016114
-0.000137939
-0.000112698
9.04349e-05
0.000140465
-0.000104865
-7.84251e-05
2.18923e-05
5.22394e-05
0.000104673
-0.000107343
-0.000161869
0.00016145
0.000117195
-9.18396e-05
-0.000123056
3.89032e-06
0.000105663
3.84335e-05
-8.23662e-05
-0.000270218
-5.81081e-05
1.02541e-06
-0.000425635
-0.000743644
-0.00114005
-0.00175886
-0.00259313
-0.00444995
-0.00713752
-0.0106758
-0.0157951
-0.0231597
-0.0335841
-0.0478061
-0.0665034
-0.0905545
-0.121296
-0.160002
-0.207179
-0.263358
-0.328578
-0.402162
-0.483584
-0.570581
-0.659787
-0.747481
-0.828473
-0.897861
-0.95104
-0.982852
-0.990007
-0.970452
-0.923891
-0.853444
-0.76381
-0.661702
-0.555963
-0.455311
-0.369212
-0.306451
-0.27308
0.0903901
0.116968
0.168657
0.242987
0.335726
0.441334
0.553427
0.664542
0.767643
0.856381
0.925183
0.970444
0.989867
0.982774
0.951115
0.897985
0.828131
0.747193
0.659817
0.570726
0.483955
0.402174
0.328225
0.26324
0.207195
0.160248
0.121499
0.0903342
0.0662948
0.0478039
0.0337591
0.0233323
0.0156931
0.0104965
0.00706037
0.00464265
0.00274667
0.00160096
0.00106289
0.000700595
0.000510169
0.000197878
-0.000120619
0.000146542
0.000189741
6.63586e-06
-5.53804e-05
-9.10327e-05
5.08295e-05
0.000140754
-7.94441e-06
-0.000179317
-3.1074e-06
0.000196718
-2.91866e-05
-0.000129821
2.39052e-05
1.14041e-05
0.000109709
-4.74484e-05
-0.000132475
4.87056e-05
0.000150818
-4.71668e-05
-0.000190539
0.000125291
0.000108075
-0.00010389
-5.37663e-05
4.72502e-05
4.76849e-05
-6.17985e-06
-5.95894e-05
-1.63329e-05
6.49658e-05
6.45687e-05
-0.000142323
-2.51684e-05
0.000182257
-5.57762e-05
-0.000135447
4.96719e-05
0.000173272
-0.000148518
-9.519e-05
0.000173536
7.51085e-06
-0.000121782
-1.77369e-05
0.000171721
-9.17773e-05
-8.91324e-05
0.00010066
3.64812e-05
-7.68288e-05
-4.82281e-05
0.0001408
-6.02588e-05
-6.67477e-05
5.48827e-05
