8.00386e-321
8.01374e-321
8.00386e-321
7.9841e-321
8.02363e-321
7.9594e-321
8.06809e-321
7.88529e-321
8.13232e-321
7.83588e-321
8.13232e-321
7.91493e-321
7.90505e-321
8.19655e-321
7.73213e-321
8.25584e-321
7.90011e-321
7.83588e-321
8.33983e-321
-1.32258e-51
-6.37833e-49
-1.50328e-46
-2.30761e-44
-2.59431e-42
-2.27738e-40
-1.62521e-38
-9.69265e-37
-4.9289e-35
-2.16978e-33
-8.36703e-32
-2.853e-30
-8.66803e-29
-2.36127e-27
-5.79743e-26
-1.28845e-24
-2.60149e-23
-4.78651e-22
-8.04566e-21
-1.23814e-19
-1.74741e-18
-2.26489e-17
-2.69897e-16
-2.95936e-15
-2.98734e-14
-2.77704e-13
-2.37743e-12
-1.87402e-11
-1.35951e-10
-9.07048e-10
-5.56028e-09
-3.12784e-08
-1.61217e-07
-7.59973e-07
-3.26942e-06
-1.2804e-05
-4.55202e-05
-0.000146452
-0.000425018
-0.00110908
-0.00259579
-0.00544485
-0.0102646
-0.0175548
-0.0277538
-0.0416987
-0.0611624
-0.08859
-0.125859
-0.173606
-0.232333
-0.303219
-0.386257
-0.478647
-0.576707
-0.676895
-0.773423
-0.859121
-0.928618
-0.976738
-0.99863
-0.993138
-0.960672
-0.903124
-0.825844
-0.734171
-0.634381
-0.533249
-0.435532
-0.346047
-0.267303
-0.200729
-0.146714
-0.104155
-0.0720625
-0.0483907
-0.0317056
-0.0201543
-0.0125101
-0.00753573
-0.00443155
0.00443155
0.00753573
0.0125101
0.0201543
0.0317056
0.0483907
0.0720625
0.104155
0.146714
0.200729
0.267303
0.346047
0.435532
0.533249
0.634381
0.734171
0.825844
0.903124
0.960672
0.993138
0.99863
0.976738
0.928618
0.859121
0.773423
0.676895
0.576707
0.478647
0.386257
0.303219
0.232333
0.173606
0.125859
0.08859
0.0611624
0.0416987
0.0277538
0.0175548
0.0102646
0.00544485
0.00259579
0.00110908
0.000425018
0.000146452
4.55202e-05
1.2804e-05
3.26942e-06
7.59973e-07
1.61217e-07
3.12784e-08
5.56028e-09
9.07048e-10
1.35951e-10
1.87402e-11
2.37743e-12
2.77704e-13
2.98734e-14
2.95936e-15
2.69897e-16
2.26489e-17
1.74741e-18
1.23814e-19
8.04566e-21
4.78651e-22
2.60149e-23
1.28845e-24
5.79743e-26
2.36127e-27
8.66803e-29
2.853e-30
8.36703e-32
2.16978e-33
4.9289e-35
9.69265e-37
1.62521e-38
2.27738e-40
2.59431e-42
2.30761e-44
1.50328e-46
6.37833e-49
1.32258e-51
0
0
0
0
0
0
0
0
0
0
0
0
0
0
0
0
0
0
0
