-7.23217e-05
3.85405e-05
9.86445e-05
7.80371e-05
0.00018046
0.000449137
0.00100742
0.00197411
0.00354182
0.00662308
0.0120893
0.0203223
0.0330184
0.0528006
0.080959
0.118894
0.169305
0.233507
0.310974
0.400544
0.499409
0.603393
0.707291
0.803844
0.88602
0.94869
0.987265
0.9989
0.983131
0.941123
0.877047
0.796643
0.705355
0.609158
0.513077
0.421244
0.337654
0.264354
0.202404
0.151919
0.111491
0.0800825
0.0561447
0.0381479
0.0252645
0.016067
0.00986815
0.005896
0.00327492
0.0018594
0.000939548
0.000468338
0.000269728
6.26753e-05
9.13349e-05
-5.87396e-06
1.43711e-05
1.93251e-05
-3.03946e-05
3.97884e-05
-3.74458e-05
2.83702e-05
-1.41151e-05
-1.51946e-06
1.56272e-05
-2.59149e-05
3.12205e-05
-3.14044e-05
2.71707e-05
-1.97565e-05
1.06182e-05
-1.16156e-06
-7.44881e-06
1.4393e-05
-1.92206e-05
2.18174e-05
-2.23353e-05
2.11072e-05
-1.85634e-05
1.51599e-05
-1.13241e-05
7.42009e-06
-3.73069e-06
4.53425e-07
2.29346e-06
-4.45905e-06
6.04492e-06
-7.09003e-06
7.6568e-06
-7.81953e-06
7.65526e-06
-7.23735e-06
6.63127e-06
-5.89233e-06
5.06484e-06
-4.18243e-06
3.26904e-06
-2.34031e-06
1.40535e-06
-4.68548e-07
4.68548e-07
-1.40535e-06
2.34031e-06
-3.26904e-06
4.18243e-06
-5.06484e-06
5.89233e-06
-6.63127e-06
7.23735e-06
-7.65526e-06
7.81953e-06
-7.6568e-06
7.09003e-06
-6.04492e-06
4.45905e-06
-2.29346e-06
-4.53425e-07
3.73069e-06
-7.42009e-06
1.13241e-05
-1.51599e-05
1.85634e-05
-2.11072e-05
2.23353e-05
-2.18174e-05
1.92206e-05
-1.4393e-05
7.44881e-06
1.16156e-06
-1.06182e-05
1.97565e-05
-2.71706e-05
3.14047e-05
-3.12196e-05
2.59179e-05
-1.56177e-05
1.54881e-06
1.42024e-05
-2.81186e-05
3.81467e-05
-3.79002e-05
3.531e-05
-6.9702e-06
1.55935e-05
7.59487e-05
6.65705e-05
0.00027995
0.000445679
0.000968334
0.00183405
0.00328704
0.00590325
0.00984233
0.0161027
0.0252334
0.03816
0.056159
0.0800459
0.111534
0.151891
0.2024
0.26439
0.337603
0.421281
0.513078
0.609116
0.705414
0.796604
0.877037
0.941178
0.983066
0.998926
0.987301
0.948615
0.886075
0.803857
0.707216
0.603468
0.499403
0.40047
0.311063
0.23349
0.169227
0.118993
0.0809441
0.0527091
0.033121
0.0203266
0.0119753
0.0067164
0.00358708
0.00183782
0.00106324
0.000554438
4.66298e-05
5.47534e-05
0.000257234
-3.15171e-05
-0.000200786
0.000148572
