-4.63361e-05
7.39702e-05
-7.14376e-05
3.91559e-05
1.03336e-05
-5.6894e-05
8.07217e-05
-7.07389e-05
3.00122e-05
2.47447e-05
-6.95464e-05
8.43966e-05
-6.14008e-05
1.288e-05
4.22419e-05
-6.8696e-05
7.45968e-05
-1.74704e-05
1.73419e-05
0.00010279
7.6075e-05
0.000239901
0.00043067
0.000730025
0.00133846
0.00232417
0.00380238
0.00634808
0.0100727
0.0156051
0.0238675
0.0351733
0.0509937
0.0721699
0.0996995
0.135153
0.179262
0.233011
0.297033
0.371045
0.453946
0.543984
0.63746
0.730029
0.81672
0.891381
0.948971
0.984882
0.99554
0.979379
0.936822
0.869793
0.782914
0.682495
0.575094
0.468041
0.367315
0.277057
0.200139
0.138183
0.0906856
0.0565038
0.0335424
0.0186224
0.00933324
0.00419273
0.00171577
0.000619511
0.000402998
0.000183558
-0.000210138
-0.000231451
0.000163329
0.000179249
-5.07113e-05
-0.000111103
-5.61931e-05
2.52385e-05
0.000157183
3.58854e-05
-0.000230369
-5.92886e-05
0.000258082
6.7492e-05
-0.000266242
-4.38523e-05
0.00023278
3.12164e-05
-0.000200708
-4.63413e-06
0.000147733
-1.35742e-06
-0.000110537
1.34329e-05
6.94316e-05
-1.16079e-05
-4.5943e-05
1.54495e-05
2.67412e-05
-1.79191e-05
-0.000174098
0.000199754
0.000142995
-0.000216469
-0.00011281
0.000229232
7.53678e-05
-0.000221453
-5.0522e-05
0.000209145
2.11688e-05
-0.000165334
-2.02263e-05
0.000118871
2.2499e-05
-4.10113e-05
-6.33315e-05
-2.79354e-05
0.000106979
0.000106837
-0.000167603
-0.000159484
0.000204338
0.000186421
-0.000193699
-0.000186975
0.000131202
0.000135687
1.73767e-05
-9.38368e-05
-0.000161275
1.50841e-05
0.000476832
0.000728532
0.00156214
0.00420597
0.00946942
0.0185041
0.0335033
0.0566542
0.090593
0.138121
0.200279
0.276996
0.367233
0.468176
0.575049
0.682405
0.783047
0.869745
0.936745
0.979496
0.9955
0.984807
0.949091
0.891327
0.816661
0.730148
0.637382
0.543961
0.45404
0.370965
0.29703
0.233093
0.17917
0.135179
0.0997618
0.0720632
0.0510698
0.0351773
0.0237921
0.0156956
0.010028
0.0063233
0.00387082
0.00226523
0.0013455
0.000778891
0.000360417
0.000283091
9.06589e-05
3.60359e-05
9.88927e-05
-6.76409e-05
6.49754e-05
-3.59233e-06
-4.50841e-05
7.89385e-05
-7.49568e-05
4.09636e-05
8.39739e-06
-5.08267e-05
6.98809e-05
-5.96254e-05
2.64197e-05
1.51336e-05
-4.84627e-05
6.1327e-05
-4.9793e-05
1.90157e-05
