-0.000149354
6.69992e-05
0.000130447
-0.000151617
-3.36643e-05
0.000149888
-2.98657e-05
-0.000136385
9.28317e-05
9.49968e-05
-0.000144988
-1.04812e-05
0.000131253
-4.67076e-05
-9.31237e-05
7.27985e-05
5.41699e-05
-7.96643e-05
-1.62592e-05
6.5466e-05
-1.57314e-05
-7.33048e-06
-3.76694e-05
3.01561e-05
5.54671e-05
-6.39109e-05
-4.57146e-05
7.08999e-05
8.3799e-05
-0.000180904
2.68859e-05
0.000158042
-8.74226e-05
-0.000104016
7.48809e-05
9.63112e-05
-0.00013477
-4.17138e-05
7.89619e-06
-4.65903e-05
-0.000123154
-0.00034493
-0.000389237
-0.000527552
-0.0012051
-0.00197156
-0.00287565
-0.00451514
-0.00727071
-0.0109768
-0.0161608
-0.0237339
-0.0341028
-0.0483853
-0.066991
-0.0910053
-0.12205
-0.160652
-0.207363
-0.263032
-0.327873
-0.401462
-0.482378
-0.568512
-0.656971
-0.744271
-0.825477
-0.895031
-0.948422
-0.98097
-0.989251
-0.971461
-0.927113
-0.858881
-0.771124
-0.668861
-0.558839
-0.447647
-0.341945
-0.247611
-0.168078
-0.105139
-0.0589492
-0.0278479
-0.00928829
0.000215518
0.0040265
0.00457764
0.0034261
0.00165674
0.000122021
-0.000624762
-0.000483392
1.64382e-05
0.000222193
7.50879e-05
-0.000248007
-0.000322305
1.77967e-05
0.000298536
8.46076e-05
-7.66301e-05
-3.96606e-06
-9.3382e-05
-3.32836e-05
0.000146753
1.13121e-05
4.60386e-05
0.00012598
0.00022657
0.000437506
-0.000100354
-0.00147508
-0.00323509
-0.00472425
-0.00423164
-0.0002223
0.00943865
0.0280065
0.0588441
0.104974
0.168063
0.247741
0.342086
0.447508
0.558725
0.668905
0.771189
0.859004
0.926968
0.971346
0.989404
0.980975
0.948444
0.894972
0.825369
0.744437
0.656984
0.568421
0.482374
0.401471
0.327932
0.263017
0.207323
0.160628
0.122107
0.0910547
0.066866
0.0484434
0.0341374
0.0236673
0.0162377
0.0109132
0.00726558
0.00457778
0.00284114
0.00194785
0.00122643
0.000556914
0.000328827
0.000384186
0.000152118
-5.38545e-05
8.87104e-05
4.05314e-05
5.47578e-05
-4.28125e-05
-5.45682e-05
8.00262e-05
4.84675e-05
-8.39604e-05
-7.46544e-05
0.000180002
-3.57718e-05
-0.000150642
9.90986e-05
9.25423e-05
-0.000118121
-4.80651e-05
0.000138362
-2.81046e-05
-9.86493e-05
6.66949e-05
4.05796e-05
-5.68863e-05
-9.75623e-06
3.52172e-05
6.94543e-06
-3.4691e-05
1.51719e-05
-1.26108e-06
1.58347e-05
-1.26126e-05
-2.56508e-05
4.39577e-05
-1.10769e-05
-1.75533e-05
-1.0625e-05
5.16375e-05
-3.14839e-05
