-3.58877e-05
5.26733e-05
-4.19484e-05
1.05892e-05
2.34097e-05
-4.14923e-05
3.53384e-05
-1.14406e-05
-1.34517e-05
2.33893e-05
-1.38566e-05
-5.13203e-06
1.6096e-05
-7.15787e-06
-1.7773e-05
3.96717e-05
-3.70465e-05
2.86644e-06
4.65245e-05
-7.89066e-05
6.74106e-05
-1.16449e-05
-5.75828e-05
9.63689e-05
-7.8221e-05
1.50338e-05
4.92231e-05
-7.02795e-05
3.80925e-05
1.4577e-05
-3.8084e-05
1.03959e-05
4.48587e-05
-6.81887e-05
3.72392e-05
5.19947e-05
-8.08141e-05
0.000117611
6.65048e-05
8.33258e-05
0.000330255
0.000515481
0.000866491
0.00167102
0.00285615
0.00460903
0.00775572
0.0122252
0.018802
0.0285216
0.0419234
0.0600656
0.0843657
0.11585
0.155388
0.204591
0.263888
0.33333
0.412671
0.500341
0.593122
0.687215
0.777881
0.859035
0.925265
0.971827
0.99458
0.990665
0.959875
0.903522
0.82488
0.7297
0.625145
0.517882
0.414012
0.318947
0.236161
0.167384
0.11335
0.0735786
0.0455863
0.0264958
0.0142169
0.00719258
0.00347672
0.00157415
0.000656828
0.000251446
-5.94197e-05
-0.000151757
7.79344e-05
0.000249464
-1.98531e-05
-0.000286306
-5.6704e-05
0.000295819
0.000125262
-0.000275318
-0.000188467
0.000238968
-4.11778e-05
4.42616e-05
5.21592e-05
-5.30574e-05
-8.4554e-05
6.24591e-05
0.000132182
-5.19583e-05
-0.000200967
2.46866e-05
0.000260568
5.68579e-05
-0.000254551
7.03271e-05
0.000868006
0.0017194
0.00324597
0.00709734
0.0144604
0.0265308
0.0453408
0.0736135
0.113577
0.167276
0.235979
0.319117
0.414126
0.517669
0.625129
0.729909
0.824802
0.903353
0.960039
0.990739
0.994384
0.971864
0.925434
0.858899
0.777799
0.687402
0.593075
0.500198
0.412809
0.333376
0.263716
0.204679
0.155485
0.115691
0.0843997
0.0601882
0.0417949
0.0285045
0.0189481
0.0121068
0.00772633
0.00474591
0.00275943
0.00163189
0.000991767
0.000439402
0.000275874
0.000218947
-2.48425e-05
8.44718e-05
4.15647e-05
-4.9034e-05
3.45514e-05
2.30336e-05
-4.3847e-05
1.44889e-05
4.57391e-05
-8.36186e-05
6.55076e-05
-5.23692e-08
-6.8448e-05
9.50128e-05
-6.56272e-05
4.12409e-06
4.80916e-05
-6.17167e-05
3.70158e-05
1.10796e-06
-2.38471e-05
1.87416e-05
4.13694e-06
-2.23306e-05
1.85826e-05
6.79965e-06
-3.65705e-05
4.87081e-05
-3.14468e-05
-8.55057e-06
4.96727e-05
-6.79802e-05
5.12455e-05
-6.29504e-06
-4.43264e-05
7.43265e-05
-6.76639e-05
2.71041e-05
