-1.94988e-05
0.000765496
0.00164255
0.00255479
0.00490134
0.00932015
0.0159006
0.0261863
0.042339
0.0659101
0.0987262
0.142825
0.199654
0.270242
0.354131
0.448538
0.550138
0.654852
0.755979
0.846197
0.919578
0.97083
0.996325
0.99469
0.965786
0.912255
0.839431
0.75278
0.658214
0.561488
0.466864
0.378563
0.299808
0.231886
0.175628
0.130352
0.0945115
0.0670903
0.0463262
0.0309596
0.0201637
0.0125271
0.0075398
0.00441322
0.00235992
0.001334
0.000648452
0.000297121
0.000202648
1.5548e-05
6.71746e-05
4.00971e-06
-1.57266e-05
4.36068e-05
-4.73914e-05
4.02817e-05
-2.1078e-05
-1.97688e-06
2.29943e-05
-3.67791e-05
4.09865e-05
-3.5812e-05
2.35441e-05
-7.5931e-06
-8.46244e-06
2.16493e-05
-3.00539e-05
3.29524e-05
-3.06779e-05
2.4325e-05
-1.5395e-05
5.46432e-06
4.07177e-06
-1.21577e-05
1.81413e-05
-2.17604e-05
2.30784e-05
-2.23936e-05
2.01432e-05
-1.68181e-05
1.28952e-05
-8.79179e-06
4.84019e-06
-1.27904e-06
-1.74252e-06
4.15301e-06
-5.94251e-06
7.14573e-06
-7.82613e-06
8.0624e-06
-7.93781e-06
7.53256e-06
-6.91871e-06
6.15741e-06
-5.29779e-06
4.37721e-06
-3.42223e-06
2.45027e-06
-1.47143e-06
4.90585e-07
-4.90585e-07
1.47143e-06
-2.45027e-06
3.42223e-06
-4.37721e-06
5.29779e-06
-6.15741e-06
6.91871e-06
-7.53256e-06
7.93781e-06
-8.0624e-06
7.82613e-06
-7.14573e-06
5.94251e-06
-4.15301e-06
1.74252e-06
1.27904e-06
-4.84019e-06
8.79179e-06
-1.28952e-05
1.68181e-05
-2.01432e-05
2.23936e-05
-2.30784e-05
2.17604e-05
-1.81413e-05
1.21577e-05
-4.07177e-06
-5.46432e-06
1.5395e-05
-2.4325e-05
3.06779e-05
-3.29524e-05
3.00539e-05
-2.16493e-05
8.46247e-06
7.59322e-06
-2.35437e-05
3.58133e-05
-4.09821e-05
3.6793e-05
-2.29514e-05
2.1046e-06
2.14453e-05
-3.92608e-05
5.01319e-05
-3.65054e-05
3.34753e-05
3.87463e-05
3.20277e-05
0.000205979
0.000273142
0.000685107
0.00129955
0.00237609
0.00442495
0.00750311
0.0125725
0.0201329
0.0309575
0.0463632
0.0670367
0.0945506
0.130354
0.175584
0.231948
0.29977
0.378548
0.466925
0.561422
0.658233
0.752827
0.839351
0.912302
0.965816
0.994604
0.996393
0.970847
0.919487
0.846277
0.755994
0.65475
0.550222
0.448567
0.354013
0.270317
0.199715
0.142693
0.0987664
0.0660214
0.0422132
0.0261558
0.0160568
0.00925401
0.00477688
0.0027059
0.00171829
0.000621928
0.000100243
0.000411905
