-0.000365901
-0.000357383
0.000227175
0.000503882
0.000560168
0.000258984
-0.000124075
-0.00114851
-0.00468433
-0.0124949
-0.0272303
-0.0509507
-0.0864308
-0.136184
-0.201416
-0.282322
-0.376719
-0.481448
-0.591194
-0.699112
-0.798056
-0.881242
-0.943807
-0.981959
-0.993498
-0.97845
-0.939035
-0.879216
-0.803737
-0.717552
-0.62641
-0.535387
-0.448276
-0.367885
-0.295748
-0.233484
-0.180958
-0.137419
-0.102303
-0.0746539
-0.0536363
-0.0376541
-0.0256851
-0.0173142
-0.0115551
-0.00739038
-0.00459956
-0.00280389
-0.00184663
-0.00108457
-0.000430543
-0.000386963
-0.000284819
-4.7912e-05
6.74174e-06
-6.68217e-05
-7.56897e-05
2.29908e-05
0.000102766
-0.000125121
-3.35261e-05
0.000147101
-6.79372e-05
-7.67829e-05
8.67648e-05
1.55627e-05
-5.73123e-05
-4.6879e-06
3.74079e-05
3.45946e-05
-0.000100322
3.56387e-05
9.4036e-05
-0.000112104
-2.07384e-05
0.000143268
-0.000103298
-4.76753e-05
0.000127826
-5.471e-05
-6.82169e-05
9.72712e-05
-1.99217e-05
-5.58041e-05
4.97205e-05
5.666e-06
-3.1607e-05
9.05888e-06
1.39764e-05
-2.53757e-06
-1.83013e-05
7.84432e-06
2.5876e-05
-3.43024e-05
-2.96343e-06
4.43191e-05
-3.58317e-05
-1.8084e-05
5.51999e-05
-2.99212e-05
7.30875e-05
-0.000140109
5.54842e-05
8.873e-05
-0.000135752
3.47797e-05
0.000103416
-0.000128028
1.42153e-05
0.0001105
-0.000109728
-9.75712e-06
0.000110104
-8.30931e-05
-2.90053e-05
9.26785e-05
-4.57423e-05
-3.73329e-05
5.23453e-05
5.71793e-07
-3.1888e-05
-9.0026e-07
3.14539e-05
1.01284e-05
-7.65711e-05
5.68247e-05
5.3598e-05
-0.000115194
2.52595e-05
0.000121035
-0.000136587
-4.15669e-06
0.000120087
-6.92167e-05
-5.6701e-05
7.6959e-05
1.04842e-05
-3.89015e-05
-3.78144e-05
7.78402e-05
4.34712e-05
-0.000128827
9.58695e-05
0.000154713
-1.29022e-05
0.000153803
0.000446493
0.000582926
0.000978189
0.00169266
0.00299151
0.00466739
0.00722073
0.0115157
0.017462
0.0257384
0.037487
0.0535839
0.0748582
0.10231
0.13723
0.180972
0.233622
0.2958
0.367695
0.44824
0.535582
0.626427
0.717409
0.803662
0.879366
0.939135
0.978308
0.993381
0.982076
0.94393
0.881191
0.797894
0.699124
0.591373
0.481451
0.376611
0.282212
0.201525
0.136322
0.0863596
0.0508493
0.027167
0.0126425
0.00475947
0.0010728
3.2364e-05
-0.000300559
-0.00041542
-0.000465748
-0.000265856
0.000260914
0.000328166
0.000118992
-0.000315324
