-0.000308637
-0.000310043
-0.000727846
-0.00135461
-0.00201219
-0.00311727
-0.00515315
-0.00766259
-0.0114028
-0.0171269
-0.0247392
-0.0351538
-0.0494995
-0.0683284
-0.0923433
-0.123232
-0.161525
-0.207725
-0.262924
-0.327068
-0.39939
-0.479057
-0.564253
-0.651749
-0.737978
-0.818692
-0.888718
-0.943121
-0.977345
-0.987826
-0.972554
-0.930957
-0.8652
-0.779059
-0.677634
-0.567383
-0.45563
-0.348565
-0.251509
-0.16943
-0.104157
-0.0559748
-0.0237862
-0.00491048
0.00424574
0.00714615
0.00651519
0.00438786
0.00209706
0.000493199
-0.000521459
-0.00106803
-0.000642503
-6.01245e-05
0.000114761
0.000231473
7.6737e-05
-6.06006e-05
-0.000182879
-9.83693e-05
0.000210611
0.000256764
-9.62354e-05
-0.000264741
-3.82991e-05
8.16377e-05
8.81533e-05
0.000115008
-5.02979e-05
-9.17482e-05
-0.000155377
7.6093e-07
0.000333077
3.2547e-05
-0.000246863
-0.00014555
7.36798e-05
0.000279604
-1.70318e-05
-0.000233591
-1.02227e-05
6.10913e-05
9.75764e-05
2.68487e-06
-8.48674e-05
-1.08435e-06
-2.61838e-05
1.81527e-05
0.000102023
-1.42557e-05
-9.38629e-05
-6.87246e-05
8.37526e-05
0.000143298
-5.86225e-05
-0.000167682
-7.53926e-06
0.000161639
9.17314e-05
-0.000143728
-0.000196119
0.000152557
0.000182109
-1.5353e-05
-0.000219217
-7.81199e-05
0.000237243
9.1821e-05
-0.000143264
-0.000135572
4.22404e-05
0.000174289
4.97323e-06
-0.000133794
-3.34152e-05
4.02184e-05
5.16558e-05
3.01077e-05
-1.77308e-06
-8.31394e-05
-6.71751e-05
4.64517e-05
0.000168388
5.20987e-05
-0.000259289
-0.000125844
0.000210652
0.000188213
-1.91273e-05
-0.000285801
-7.67859e-05
0.000224049
5.02791e-05
3.88473e-05
-4.26349e-05
-0.000168982
-5.66014e-05
6.13487e-05
0.00024461
0.000108437
-0.000287664
-0.000179704
0.000105273
0.000166285
2.96596e-05
-2.67962e-05
-0.000208844
-0.000217479
0.000140804
0.000649514
0.00102175
0.000550119
-0.00052699
-0.00203546
-0.00441643
-0.00657642
-0.00705958
-0.00424668
0.00483955
0.0238002
0.0560693
0.104062
0.169412
0.251607
0.3485
0.455633
0.567377
0.677666
0.779057
0.865145
0.930995
0.972593
0.987773
0.977303
0.943242
0.888666
0.818594
0.738122
0.651728
0.56414
0.479146
0.399446
0.326941
0.262953
0.207841
0.161395
0.12324
0.0924375
0.0682682
0.0494561
0.035235
0.0247445
0.0170432
0.0115095
0.00768703
0.00515327
0.00324425
0.00221807
0.00159883
0.00121703
