7.97422e-321
8.0088e-321
7.91987e-321
8.04833e-321
7.91493e-321
8.05327e-321
7.99892e-321
7.88529e-321
8.16691e-321
7.72719e-321
8.22125e-321
7.86553e-321
7.88035e-321
8.34477e-321
7.5592e-321
8.13232e-321
8.31018e-321
7.41098e-321
8.17185e-321
8.57204e-321
7.38628e-321
7.60367e-321
8.908e-321
8.33489e-321
6.83293e-321
7.19854e-321
9.14516e-321
9.99495e-321
8.60168e-321
5.85468e-321
3.25095e-321
1.50196e-321
5.87938e-322
1.82804e-322
3.95253e-323
0
0
0
-3.63549e-40
-1.33882e-37
-2.39249e-35
-2.76408e-33
-2.32071e-31
-1.50907e-29
-7.90954e-28
-3.43367e-26
-1.25905e-24
-3.95703e-23
-1.07803e-21
-2.56835e-20
-5.38855e-19
-1.00115e-17
-1.65443e-16
-2.44028e-15
-3.22135e-14
-3.81342e-13
-4.05393e-12
-3.87333e-11
-3.32713e-10
-2.56888e-09
-1.78154e-08
-1.10839e-07
-6.17546e-07
-3.07416e-06
-1.36337e-05
-5.3683e-05
-0.000186929
-0.000573155
-0.00154104
-0.00362252
-0.00744764
-0.0134967
-0.0220169
-0.0335501
-0.0497737
-0.073277
-0.105891
-0.148097
-0.200955
-0.266434
-0.344341
-0.43225
-0.528292
-0.628953
-0.727864
-0.819605
-0.898155
-0.956747
-0.991581
-0.999367
-0.97927
-0.933431
-0.864876
-0.779478
-0.682999
-0.582038
-0.482356
-0.388764
-0.304787
-0.232421
0.232421
0.304787
0.388764
0.482356
0.582038
0.682999
0.779478
0.864876
0.933431
0.97927
0.999367
0.991581
0.956747
0.898155
0.819605
0.727864
0.628953
0.528292
0.43225
0.344341
0.266434
0.200955
0.148097
0.105891
0.073277
0.0497737
0.0335501
0.0220169
0.0134967
0.00744764
0.00362252
0.00154104
0.000573155
0.000186929
5.3683e-05
1.36337e-05
3.07416e-06
6.17546e-07
1.10839e-07
1.78154e-08
2.56888e-09
3.32713e-10
3.87333e-11
4.05393e-12
3.81342e-13
3.22135e-14
2.44028e-15
1.65443e-16
1.00115e-17
5.38855e-19
2.56835e-20
1.07803e-21
3.95703e-23
1.25905e-24
3.43367e-26
7.90954e-28
1.50907e-29
2.32071e-31
2.76408e-33
2.39249e-35
1.33882e-37
3.63549e-40
0
0
0
0
0
0
0
0
0
0
0
0
0
0
0
0
0
0
0
0
0
0
0
0
0
0
0
0
0
0
0
0
0
0
0
0
0
0
