7.0819e-05
-5.69255e-05
-4.04817e-05
0.00010594
-2.68506e-05
-0.000122954
0.000124611
7.93335e-05
-0.000204008
5.25269e-05
0.000261835
-8.63e-05
4.94471e-05
0.000669385
0.000924868
0.00160323
0.00351099
0.00659281
0.0116115
0.0197612
0.0326693
0.0524333
0.0803359
0.118353
0.169231
0.233731
0.311472
0.401374
0.500556
0.605133
0.709157
0.805275
0.887335
0.949623
0.987664
0.998934
0.982289
0.939813
0.875696
0.795065
0.704081
0.607986
0.51195
0.42061
0.337164
0.264271
0.202647
0.152139
0.111939
0.0803991
0.0564427
0.0384842
0.0254422
0.0163324
0.0100243
0.00602922
0.00341261
0.00189934
0.00101893
0.000486856
0.000286824
8.50518e-05
8.34352e-05
5.38923e-06
1.65686e-05
1.00554e-05
-1.45323e-05
2.40683e-05
-2.68123e-05
2.71973e-05
-2.41169e-05
1.89612e-05
-1.24323e-05
5.47481e-06
1.19266e-06
-7.00878e-06
1.16262e-05
-1.48859e-05
1.67895e-05
-1.7457e-05
1.70852e-05
-1.59089e-05
1.41701e-05
-1.20951e-05
9.88012e-06
-7.68344e-06
5.62386e-06
-3.78264e-06
2.20818e-06
-9.21858e-07
-7.57408e-08
7.99018e-07
-1.27224e-06
1.52541e-06
-1.59107e-06
1.5021e-06
-1.29033e-06
9.85844e-07
-6.16811e-07
2.09783e-07
-2.09783e-07
6.16811e-07
-9.85844e-07
1.29033e-06
-1.5021e-06
1.59107e-06
-1.52541e-06
1.27224e-06
-7.99018e-07
7.57408e-08
9.21858e-07
-2.20818e-06
3.78264e-06
-5.62386e-06
7.68344e-06
-9.88012e-06
1.20951e-05
-1.41701e-05
1.59089e-05
-1.70852e-05
1.7457e-05
-1.67895e-05
1.48859e-05
-1.16261e-05
7.00919e-06
-1.19131e-06
-5.47052e-06
1.24455e-05
-1.89218e-05
2.42312e-05
-2.68763e-05
2.76852e-05
-2.17705e-05
2.03836e-05
4.34883e-06
1.76888e-05
7.32713e-05
9.08316e-05
0.000287214
0.000479508
0.00103258
0.00188165
0.00343062
0.00601534
0.0100299
0.0163376
0.0254263
0.0385073
0.0564187
0.0804165
0.111935
0.152127
0.202673
0.26424
0.337189
0.420602
0.511936
0.608018
0.704043
0.795091
0.875694
0.939787
0.982332
0.998895
0.987677
0.949645
0.887287
0.805322
0.70914
0.605107
0.500613
0.401323
0.311481
0.233772
0.169165
0.118396
0.0803514
0.0523667
0.0327364
0.0197501
0.0115528
0.00667461
0.00347886
0.00155194
0.00101665
0.00062431
-1.03968e-06
1.4599e-05
0.000213644
-8.05701e-06
-9.4118e-05
4.16117e-05
4.10905e-05
-9.18372e-06
-3.41615e-05
-9.81778e-06
5.90518e-05
-9.00759e-06
-7.07416e-05
4.81766e-05
