0.000107998
0.000125379
-0.000166782
-0.000139434
1.26389e-05
0.000459682
0.000705519
0.000390214
-0.000445611
-0.00278591
-0.00783542
-0.0184965
-0.03744
-0.0670749
-0.109683
-0.16675
-0.239827
-0.328036
-0.428583
-0.536623
-0.645972
-0.75026
-0.84228
-0.915811
-0.966196
-0.990842
-0.989073
-0.961623
-0.911234
-0.842691
-0.761238
-0.672214
-0.580578
-0.490812
-0.406947
-0.330733
-0.263514
-0.205939
-0.157973
-0.119077
-0.0877412
-0.0633473
-0.0450337
-0.0313557
-0.0212477
-0.014082
-0.00921774
-0.00604051
-0.00362476
-0.00212922
-0.00146805
-0.000816615
-0.00039188
-0.000213575
-0.000203205
-0.00012828
5.98459e-05
9.77092e-06
-0.000164413
7.75735e-05
7.86272e-05
-0.000114348
1.49965e-06
6.38528e-05
-5.07056e-06
-5.03972e-05
-4.34805e-06
7.58989e-05
-2.53885e-05
-0.000101591
0.0001267
2.70378e-06
-0.000129007
9.37158e-05
5.47953e-05
-0.000132996
6.00106e-05
5.73841e-05
-8.06786e-05
9.10068e-06
4.85777e-05
-3.03371e-05
-1.36531e-05
1.30624e-05
2.07504e-05
-2.20908e-05
-2.43113e-05
5.47525e-05
-1.47773e-05
-5.77584e-05
7.13388e-05
2.83503e-06
-8.52142e-05
7.67318e-05
2.11366e-05
-0.000100891
6.98448e-05
4.13453e-05
-0.000109735
5.78829e-05
-6.55404e-05
0.000127256
-5.36568e-05
-7.83074e-05
0.000128088
-4.00247e-05
-9.43813e-05
0.000130467
-2.60193e-05
-0.000108533
0.00012628
-5.64606e-06
-0.000121809
0.00011548
1.59573e-05
-0.000124113
9.14024e-05
3.52698e-05
-0.000106176
4.98172e-05
4.95658e-05
-7.02981e-05
8.90021e-06
3.14529e-05
3.53709e-06
-4.26635e-05
4.10719e-06
6.56167e-05
-4.60053e-05
-7.00234e-05
0.000134461
-4.05494e-05
-0.000107969
0.00011954
2.12529e-05
-0.000123052
6.36746e-05
5.27557e-05
-4.11657e-05
-2.52769e-05
4.70212e-05
0.00012108
-2.41428e-05
0.000101693
0.000393364
0.00041588
0.000668491
0.00145382
0.00228176
0.00363603
0.00583365
0.00929373
0.0142561
0.0211303
0.0312292
0.0451426
0.0634647
0.087643
0.11893
0.158114
0.206071
0.263342
0.330658
0.407056
0.490936
0.580457
0.672069
0.761385
0.842805
0.91113
0.961486
0.989148
0.991003
0.966146
0.915633
0.842318
0.750408
0.646002
0.536479
0.428489
0.328199
0.239904
0.166687
0.109538
0.0670901
0.0376152
0.0184941
0.00774853
0.00266701
0.000528465
-0.000257351
-0.000733162
-0.000542849
-0.000113996
0.000241322
0.000254044
-0.000129383
-0.000185561
-9.48842e-05
0.000192418
