0.000112816
-0.000136271
5.03908e-05
7.81771e-05
-0.000146231
9.60318e-05
3.4599e-05
-0.000138683
0.000127872
-1.04751e-05
-0.000111774
0.000132865
-4.02752e-05
-7.33124e-05
0.000101862
-3.27579e-05
-4.4485e-05
4.21082e-05
2.26588e-05
-4.87808e-05
-1.83886e-05
0.000103828
-8.41242e-05
-4.95482e-05
0.000155173
-0.000102846
-5.29963e-05
0.000127739
-4.29714e-05
-6.4844e-05
3.28541e-05
8.73589e-05
-9.34485e-05
-6.11159e-05
0.000169311
-6.73105e-05
-0.000100524
8.66484e-05
6.53997e-05
-7.84624e-05
-9.47708e-05
0.000164674
1.08321e-05
-0.000152819
2.83582e-05
0.000119463
4.57375e-06
-0.000182188
6.25274e-05
0.000151872
-5.88348e-05
-0.00014089
2.38305e-05
0.000214494
-2.03196e-05
-6.48791e-05
0.000235076
0.000759156
0.00130387
0.00241656
0.0051166
0.00992871
0.0177621
0.0299894
0.0491242
0.0773776
0.116702
0.168562
0.234223
0.314073
0.406583
0.508313
0.614035
0.717932
0.813528
0.894495
0.954749
0.989824
0.997352
0.97767
0.933259
0.868222
0.787569
0.696761
0.60137
0.506571
0.416813
0.335298
0.263995
0.203551
0.153756
0.113702
0.0822576
0.0581185
0.0400799
0.0269701
0.0178017
0.0117042
0.00802665
0.00630195
0.0107486
0.0133149
0.0187208
0.0274783
0.0403501
0.0582588
0.0823268
0.113736
0.153771
0.203558
0.263998
0.3353
0.416814
0.506571
0.601371
0.69676
0.78757
0.86822
0.933261
0.977668
0.997354
0.989821
0.954752
0.894493
0.81353
0.717931
0.614036
0.508313
0.406581
0.314076
0.234219
0.168567
0.116696
0.0773836
0.0491185
0.029994
0.0177592
0.00992925
0.00511879
0.00241153
0.00131142
0.00074982
0.000245029
-7.39802e-05
-1.36507e-05
0.000211676
2.18486e-05
-0.000133916
-7.00382e-05
0.00016556
4.88955e-05
-0.000171524
-4.52711e-07
0.000117118
3.82622e-05
-0.000168595
2.9031e-05
0.000148622
-8.54509e-05
-7.77925e-05
5.4019e-05
0.000106279
-0.000123032
-4.88989e-05
0.000161448
-6.7387e-05
-7.40615e-05
6.07993e-05
5.7251e-05
-7.75181e-05
-4.79749e-05
0.000149778
-8.41648e-05
-7.52699e-05
0.000143673
-6.05672e-05
-5.40581e-05
6.77385e-05
6.38545e-06
-4.88987e-05
-3.70168e-06
8.27955e-05
-7.83065e-05
-2.51927e-05
0.000126693
-0.000118162
-1.03669e-06
0.000123788
-0.000140583
4.0108e-05
8.75231e-05
-0.000136513
7.45584e-05
3.95311e-05
-0.000113018
9.42754e-05
-5.91975e-06
-8.07655e-05
0.000101979
-4.52949e-05
