8.05821e-321
7.8507e-321
8.22619e-321
7.67284e-321
8.32007e-321
7.89517e-321
7.59379e-321
8.81413e-321
7.58885e-321
7.01573e-321
9.13033e-321
9.64416e-321
6.9268e-321
3.45846e-321
1.27963e-321
3.50787e-322
7.41098e-323
4.94066e-324
0
0
0
0
0
0
0
0
0
0
0
0
0
0
0
0
0
0
0
0
0
0
0
0
0
0
0
0
0
0
0
0
0
0
0
0
0
0
0
0
0
0
0
0
0
0
0
0
0
0
0
0
0
0
-1.07301e-19
-1.76255e-17
-1.35346e-15
-6.45266e-14
-2.13926e-12
-5.23469e-11
-9.79284e-10
-1.43141e-08
-1.65659e-07
-1.52897e-06
-1.12826e-05
-6.64691e-05
-0.000311108
-0.00114823
-0.00331582
-0.00748312
-0.0135078
-0.0210651
-0.0319407
-0.0491191
-0.0730651
-0.104689
-0.14722
-0.20099
-0.266889
-0.34521
-0.434011
-0.531037
0.531037
0.434011
0.34521
0.266889
0.20099
0.14722
0.104689
0.0730651
0.0491191
0.0319407
0.0210651
0.0135078
0.00748312
0.00331582
0.00114823
0.000311108
6.64691e-05
1.12826e-05
1.52897e-06
1.65659e-07
1.43141e-08
9.79284e-10
5.23469e-11
2.13926e-12
6.45266e-14
1.35346e-15
1.76255e-17
1.07301e-19
0
0
0
0
0
0
0
0
0
0
0
0
0
0
0
0
0
0
0
0
0
0
0
0
0
0
0
0
0
0
0
0
0
0
0
0
0
0
0
0
0
0
0
0
0
0
0
0
0
0
0
0
0
0
0
0
0
0
0
0
0
0
0
0
0
0
0
0
0
0
0
0
