0.000113429
3.49458e-05
-5.26389e-06
-0.000111343
1.49864e-06
1.87284e-05
2.69895e-05
7.37747e-05
-1.91078e-05
-4.27955e-05
-0.000213587
-1.27796e-05
0.000361512
0.000621602
0.000637012
0.00011592
-0.000868246
-0.00408196
-0.011682
-0.0263083
-0.0503712
-0.0859592
-0.135926
-0.201589
-0.283004
-0.378106
-0.483211
-0.593234
-0.7011
-0.799643
-0.882555
-0.944697
-0.98227
-0.993094
-0.977437
-0.937944
-0.877862
-0.802022
-0.715972
-0.625224
-0.534636
-0.447504
-0.367275
-0.295827
-0.233667
-0.180987
-0.13756
-0.102697
-0.0751808
-0.0537215
-0.0377927
-0.0261941
-0.0175113
-0.01155
-0.00752972
-0.00481287
-0.00291662
-0.00171015
-0.00114263
-0.000675855
-0.000210079
-0.000251243
-0.000201696
5.53018e-05
-3.71699e-05
-8.01873e-05
1.2691e-05
3.7257e-05
-1.84866e-05
-4.83242e-05
3.13303e-05
6.52607e-05
-0.000113428
2.88364e-05
9.90793e-05
-0.000115355
-5.40868e-06
0.000125036
-0.000109232
-1.71002e-05
0.000109581
-7.60341e-05
-2.96285e-05
8.66605e-05
-4.69567e-05
-2.8043e-05
5.48976e-05
-2.08011e-05
-2.06168e-05
2.44315e-05
-9.93677e-07
-1.19355e-05
1.97355e-06
8.71369e-06
-5.39191e-07
-1.53483e-05
1.40846e-05
6.97183e-06
-2.27308e-05
1.25213e-05
-6.37904e-05
0.00012543
-5.76977e-05
-6.87567e-05
0.000123176
-5.09376e-05
-7.05813e-05
0.00011484
-3.94345e-05
-7.19526e-05
0.000102434
-2.71383e-05
-6.58759e-05
7.84752e-05
-9.84588e-06
-5.2847e-05
4.32982e-05
9.6823e-06
-3.04117e-05
-1.65338e-08
2.23537e-05
1.08789e-05
-5.77897e-05
3.76746e-05
4.8202e-05
-9.4232e-05
2.14837e-05
0.000104051
-0.000128962
1.56394e-05
0.000115981
-8.97715e-05
-1.49855e-05
0.000138305
7.62015e-06
7.00593e-05
0.000225878
0.00039402
0.000587456
0.000996627
0.00189012
0.00295686
0.00462441
0.00758364
0.0116821
0.0174424
0.0260715
0.0378899
0.05385
0.0750008
0.102647
0.137757
0.180962
0.2335
0.295884
0.367412
0.447455
0.534465
0.625331
0.716127
0.801861
0.877777
0.938064
0.977543
0.992958
0.982158
0.944862
0.882643
0.799482
0.701024
0.593372
0.483308
0.377976
0.282873
0.20175
0.13602
0.0858579
0.0502412
0.0263765
0.0118646
0.00398792
0.000737577
-0.000112644
-0.00047614
-0.000579585
-0.000538238
-2.93891e-05
0.000308423
0.000174737
-6.39516e-05
-0.000218635
5.2528e-06
0.000100563
6.93828e-05
-2.2389e-05
-8.1057e-05
1.79686e-05
4.53766e-06
2.9741e-05
-1.73898e-05
