3.36844e-05
0.000235404
0.000273483
0.000656594
0.00108854
0.00184725
0.00322099
0.00513619
0.00835339
0.013005
0.0198315
0.0296614
0.0431276
0.0615316
0.0857725
0.117057
0.156584
0.205206
0.26368
0.332235
0.410233
0.496289
0.587846
0.680916
0.771049
0.852493
0.919742
0.967875
0.992335
0.991
0.96272
0.90866
0.83229
0.738318
0.63351
0.524977
0.419351
0.322291
0.237661
0.167209
0.111842
0.0707286
0.0419988
0.0235887
0.0122167
0.00561017
0.00212849
0.000484021
3.94847e-05
0.000214641
0.000121112
-0.000124615
-0.000127539
-0.000121185
0.000150427
0.000208019
-0.000105353
-0.000212809
4.87488e-05
0.000115315
8.38084e-05
-5.27601e-05
-0.000206197
6.17349e-05
0.000224704
-5.56536e-05
-0.000195226
5.26943e-05
9.12649e-05
4.51299e-05
-6.21131e-05
-0.000120396
5.94173e-05
0.00018877
-0.000118604
-0.000176938
0.000158143
0.000124325
-0.000160964
-6.22066e-05
0.000125929
1.76967e-05
-6.08263e-05
-2.6488e-05
2.12298e-05
5.25421e-05
2.10691e-07
-0.000102886
3.15093e-05
0.000122628
-7.52224e-05
-0.000124432
0.000137435
8.09836e-05
-0.000175908
-2.04293e-05
0.000194003
-5.71566e-05
-0.000173987
0.000125525
-7.52169e-05
0.00011041
2.81057e-05
-0.000132066
3.23991e-05
0.000128679
-9.17866e-05
-0.000107211
0.000155162
4.83274e-05
-0.000188647
1.97824e-05
0.000202819
-0.000107422
-0.000163104
0.000161381
0.000108327
-0.000190398
-3.30733e-05
0.000157682
-2.03793e-06
-0.000103442
-7.00381e-06
4.80377e-05
6.69124e-05
-2.93526e-05
-0.000150698
7.36473e-05
0.000185112
-0.000114152
-0.000190592
0.000152943
0.000118736
-7.60573e-05
-0.0001036
-1.68914e-05
0.000100362
0.000141949
-0.000161885
-0.000176413
0.000167116
0.0001477
-6.19357e-05
-0.000132239
-8.04711e-05
0.000101978
0.000241219
-0.000117419
-0.000220242
-2.35004e-05
9.44061e-05
0.000150825
0.000134398
0.000439777
0.00208503
0.0057069
0.0121417
0.0235859
0.0420755
0.070635
0.111888
0.167239
0.237585
0.322355
0.419346
0.524921
0.633587
0.738272
0.832272
0.908732
0.962636
0.991048
0.992349
0.967812
0.919817
0.852447
0.771046
0.68096
0.58779
0.496324
0.410238
0.332197
0.263728
0.205177
0.156578
0.117097
0.0857189
0.0615721
0.0431206
0.0296301
0.0198885
0.0129472
0.00838861
0.00514127
0.00318339
0.00191564
0.00104381
0.000717852
0.000334987
0.000305111
