-8.93843e-05
0.000110967
-4.60134e-05
-5.90519e-05
0.00012329
-9.15121e-05
-1.83178e-05
0.000121363
-0.000130034
2.9796e-05
9.99104e-05
-0.000148016
7.086e-05
6.28917e-05
-0.000132373
8.01334e-05
3.10833e-05
-8.51325e-05
3.82601e-05
3.44892e-05
-3.19118e-05
-4.40268e-05
8.26513e-05
-4.95044e-06
-0.000117993
0.000134047
-3.23566e-06
-0.000131517
0.000113548
2.05559e-05
-8.3266e-05
-4.50819e-06
9.34052e-05
-2.05751e-05
-0.000131922
0.000136424
3.3959e-05
-0.000139582
3.4046e-05
9.35155e-05
-1.53537e-05
-0.000144399
9.67255e-05
0.000109695
-0.000139802
-4.69557e-05
0.000100998
8.8986e-05
-0.000162509
-4.86869e-05
0.000166814
2.61667e-05
-0.000132973
-8.072e-05
0.000196943
7.52863e-05
-9.36527e-05
5.20632e-05
0.000504947
0.000990029
0.00165977
0.00352067
0.00716437
0.0133514
0.0230465
0.0384452
0.061886
0.095491
0.140914
0.19958
0.272499
0.359071
0.456854
0.561291
0.666924
0.767458
0.85654
0.927745
0.975758
0.997048
0.990682
0.958131
0.902782
0.829256
0.742816
0.649059
0.553381
0.460685
0.374779
0.298284
0.232432
0.177443
0.132687
0.097166
0.0696383
0.048914
0.0338439
0.0234738
0.0170118
0.0139235
0.0226333
0.0269785
0.0359562
0.0501423
0.0703298
0.0975409
0.132884
0.177543
0.232481
0.298307
0.37479
0.46069
0.553383
0.64906
0.742816
0.829257
0.902781
0.958133
0.99068
0.99705
0.975756
0.927748
0.856538
0.767461
0.666922
0.561292
0.456854
0.359071
0.2725
0.199577
0.140918
0.095486
0.0618917
0.0384392
0.0230522
0.0133467
0.0071675
0.00351977
0.00165801
0.00099459
0.000497824
6.10826e-05
-0.000103487
8.45301e-05
0.000189838
-7.71939e-05
-0.000131888
2.01349e-05
0.000177222
-6.19286e-05
-0.000148804
7.76473e-05
0.000107253
-4.61887e-05
-0.00014812
0.000124296
7.88947e-05
-0.000127664
-2.63889e-05
9.52526e-05
4.29583e-05
-0.000157461
5.61228e-05
0.000116607
-0.000121119
-1.79612e-05
7.71536e-05
2.07066e-05
-0.0001089
3.69323e-05
0.000113553
-0.000149193
2.61956e-05
0.00010444
-0.000101106
-5.96178e-07
5.74793e-05
-8.39869e-06
-6.14765e-05
4.28378e-05
5.6904e-05
-0.000122909
6.90402e-05
6.28819e-05
-0.000146981
0.000103078
2.71726e-05
-0.000127091
0.000116247
-1.58625e-05
-8.28481e-05
0.000103959
-4.44511e-05
-3.72745e-05
7.77973e-05
-5.59673e-05
-1.7609e-06
5.0107e-05
-5.81819e-05
2.50228e-05
