8.00386e-321
7.96928e-321
7.96928e-321
8.08291e-321
7.77165e-321
8.32995e-321
7.60861e-321
8.16691e-321
8.2756e-321
7.29241e-321
8.45346e-321
8.55228e-321
6.9268e-321
7.55426e-321
9.61946e-321
9.40701e-321
6.55625e-321
3.38929e-321
1.3488e-321
4.19956e-322
9.88131e-323
9.88131e-324
0
0
0
0
0
0
0
0
0
0
0
0
0
0
0
0
0
0
0
0
0
0
0
0
0
0
0
0
0
0
0
0
0
0
0
0
0
0
0
0
0
0
-1.63728e-24
-3.47533e-22
-3.50153e-20
-2.22753e-18
-1.00399e-16
-3.41018e-15
-9.06459e-14
-1.93278e-12
-3.36185e-11
-4.8252e-10
-5.75843e-09
-5.74053e-08
-4.79051e-07
-3.34628e-06
-1.95242e-05
-9.47669e-05
-0.00038046
-0.0012547
-0.00337787
-0.00741809
-0.0135025
-0.0214311
-0.0323158
-0.0490201
-0.0732739
-0.105188
-0.147054
-0.201161
-0.266873
-0.344795
-0.433749
-0.530316
-0.631215
-0.730438
-0.822302
-0.900203
0.900203
0.822302
0.730438
0.631215
0.530316
0.433749
0.344795
0.266873
0.201161
0.147054
0.105188
0.0732739
0.0490201
0.0323158
0.0214311
0.0135025
0.00741809
0.00337787
0.0012547
0.00038046
9.47669e-05
1.95242e-05
3.34628e-06
4.79051e-07
5.74053e-08
5.75843e-09
4.8252e-10
3.36185e-11
1.93278e-12
9.06459e-14
3.41018e-15
1.00399e-16
2.22753e-18
3.50153e-20
3.47533e-22
1.63728e-24
0
0
0
0
0
0
0
0
0
0
0
0
0
0
0
0
0
0
0
0
0
0
0
0
0
0
0
0
0
0
0
0
0
0
0
0
0
0
0
0
0
0
0
0
0
0
0
0
0
0
0
0
0
0
0
0
0
0
0
0
0
0
0
0
