5.71431e-05
-3.22002e-05
-3.63731e-05
4.88084e-05
8.74064e-06
-4.99414e-05
2.12186e-05
2.51003e-05
-2.19654e-05
-1.02817e-05
1.03175e-05
1.72387e-05
-1.7508e-05
-8.10343e-06
-1.40331e-06
4.70241e-05
-4.34757e-05
-4.09003e-05
9.30029e-05
-2.4933e-05
-8.04577e-05
2.96717e-05
9.64403e-05
-0.000166359
-6.56023e-05
7.93261e-05
-0.00022587
-0.000336748
-0.000342373
-0.000631433
-0.00132845
-0.0018882
-0.00295685
-0.00481835
-0.00736788
-0.0111284
-0.0164413
-0.0240684
-0.0346327
-0.0486815
-0.0672533
-0.0916571
-0.122612
-0.160727
-0.207392
-0.26321
-0.327619
-0.40066
-0.481141
-0.567037
-0.655365
-0.742062
-0.822907
-0.892936
-0.946801
-0.979705
-0.988726
-0.97184
-0.928538
-0.861186
-0.773753
-0.671774
-0.561887
-0.4503
-0.344113
-0.249011
-0.168467
-0.104671
-0.0578364
-0.026533
-0.00796758
0.00155866
0.00521959
0.0052853
0.00356867
0.00170041
0.000334082
-0.000426774
-0.000554595
-0.000487697
-6.46314e-05
0.000331481
0.000116977
-0.000140634
-0.000267923
-9.72173e-05
0.000380659
0.000228445
-0.000139406
-0.000259295
-0.000209175
0.000233831
0.000305946
-7.1944e-05
-0.00017523
-0.000201651
8.09153e-05
0.000308878
-1.27501e-05
-0.000161157
-1.70409e-05
4.61685e-05
-2.79411e-05
1.52272e-05
-2.02199e-05
-7.71699e-05
7.70233e-05
6.5244e-05
2.74137e-05
-5.66952e-05
-0.000205773
3.7499e-05
0.000230246
0.000112716
-5.22593e-05
-0.000335967
-0.000115066
0.00029628
0.000182277
-4.90366e-05
-0.00029101
-0.000127994
0.000535789
0.000665009
0.000391591
-0.000333044
-0.00179453
-0.00352281
-0.00518731
-0.00528893
-0.00159712
0.00797402
0.0265884
0.0578342
0.104627
0.168472
0.249003
0.344187
0.450238
0.561848
0.67187
0.77368
0.861218
0.928551
0.97177
0.988811
0.979673
0.946772
0.892977
0.822885
0.742064
0.655369
0.567058
0.481076
0.400717
0.327644
0.263113
0.20747
0.160717
0.122582
0.0916955
0.0672108
0.0487032
0.0346593
0.0240378
0.0164018
0.0112058
0.00737851
0.00468726
0.00307435
0.00190511
0.00123545
0.000662679
0.000389527
0.000313803
0.000172434
-7.75287e-06
3.43798e-05
0.000170051
-9.28481e-05
-6.13458e-05
0.0001395
1.25389e-07
-0.000135087
7.61165e-05
9.96374e-05
-0.000143333
-1.67661e-06
0.000133131
-7.64858e-05
-7.87114e-05
0.000116554
7.13738e-06
-0.000116269
6.3231e-05
7.57351e-05
-0.000113016
3.31204e-06
0.000102262
-6.32905e-05
