-0.000170425
1.51462e-06
0.000129846
5.5789e-05
-0.000158097
-3.03752e-05
0.000110201
4.09184e-05
-5.69904e-05
-8.15532e-05
7.01266e-05
1.1309e-05
3.07494e-05
-1.94445e-05
-7.97308e-05
1.01365e-05
7.02522e-05
0.000117714
-0.00018341
-0.000116054
0.000163902
0.000168974
-0.000105402
-0.000275545
0.000136135
0.000204006
-2.08742e-05
-0.00015974
-6.87729e-05
8.75495e-05
6.48198e-05
9.07112e-05
-6.03439e-05
-0.000234058
1.22288e-05
0.00026898
8.80681e-05
-0.000183694
-0.000199817
8.63959e-05
9.73837e-05
0.000135978
8.57675e-05
-0.000267779
-0.000232951
9.49234e-06
0.000182324
0.000110396
0.000243071
0.000767033
0.00128703
0.00155161
0.000380705
-0.00460037
-0.0151459
-0.0338428
-0.0638089
-0.107476
-0.166832
-0.242502
-0.333494
-0.436233
-0.545603
-0.655658
-0.759135
-0.849242
-0.920746
-0.968662
-0.9905
-0.986038
-0.956296
-0.904539
-0.835462
-0.754047
-0.66567
-0.575338
-0.487266
-0.404552
-0.329431
-0.263406
-0.206599
-0.15902
-0.120332
-0.0891998
-0.0648575
-0.0464784
-0.0324449
-0.0222545
-0.0151382
-0.00986663
-0.0063867
-0.00418858
-0.00245407
-0.00154205
-0.00102096
-0.000448697
-0.000337112
-0.000259202
-6.90917e-06
-0.000130979
0.000293181
0.000326561
0.000603714
0.000946667
0.00151868
0.00258617
0.00407275
0.00638947
0.00998818
0.0149978
0.0222877
0.0325545
0.0463205
0.0649209
0.0892914
0.120167
0.159106
0.206671
0.263247
0.329524
0.404609
0.487124
0.57542
0.665723
0.753931
0.835507
0.90461
0.9562
0.986037
0.990602
0.968586
0.920688
0.849388
0.759065
0.655561
0.545771
0.43618
0.333372
0.242657
0.166818
0.107348
0.0639095
0.0338921
0.0150297
0.00460601
-0.000246097
-0.00165641
-0.00136073
-0.000595753
-0.000294679
-0.000245907
-3.65409e-05
1.81654e-05
9.2123e-05
0.000306801
3.43041e-05
-0.00022567
-0.000198717
9.02782e-05
0.000185094
2.41007e-05
9.42966e-06
-0.000169146
-0.000140334
0.000179704
0.000215681
-9.46774e-05
-0.000233044
-4.41866e-06
0.000203399
1.47578e-05
-3.82794e-05
-6.9927e-05
-8.87959e-05
0.000101821
0.000118922
1.23427e-05
-0.000255561
-2.61677e-06
0.000262523
1.92714e-05
-0.000202876
-0.000114187
0.000243511
6.98342e-05
-0.000169291
-7.67307e-05
0.000107414
0.000105461
-0.000113708
-4.71243e-05
4.66626e-05
4.98575e-05
-2.48824e-05
-4.51123e-05
3.0146e-05
4.37165e-06
5.67221e-06
-1.73666e-05
7.63589e-06
