0.000107466
-0.000125128
-7.1813e-05
-8.1152e-06
-0.000161149
-0.000384317
-0.000348769
-0.000760527
-0.00135568
-0.00195268
-0.00316803
-0.00502849
-0.0076366
-0.0113529
-0.0169963
-0.0246037
-0.0350905
-0.049334
-0.0680698
-0.0923448
-0.12304
-0.161318
-0.207774
-0.262994
-0.327021
-0.399689
-0.479577
-0.564584
-0.652398
-0.738896
-0.81938
-0.889411
-0.943905
-0.977817
-0.987922
-0.972437
-0.930602
-0.864421
-0.778064
-0.676535
-0.566467
-0.454563
-0.347625
-0.251229
-0.169212
-0.104064
-0.0563715
-0.0244874
-0.00531486
0.00382835
0.0066093
0.00624521
0.00431548
0.00213485
0.000362092
-0.000659805
-0.000742405
-0.000602642
-0.000252029
0.000226101
0.000345049
-2.0904e-05
-0.000247415
-7.85915e-05
7.85952e-05
0.000184983
3.60945e-05
-6.2581e-05
-2.43878e-05
-0.000206777
-2.5938e-05
0.000282534
0.000116573
-8.72479e-05
-0.000297355
-5.21092e-05
0.000313789
0.000100136
-0.000135514
-0.000143337
-2.74023e-05
0.000151182
3.8656e-05
-3.6216e-05
-1.6696e-05
-6.28446e-05
-2.43673e-05
7.11331e-05
9.10972e-05
-1.40786e-05
-0.000146871
-6.29101e-05
0.000143796
0.000147707
-9.8037e-05
-0.000193218
6.11277e-06
0.000198096
0.000103043
-0.000174088
-0.000185496
7.03788e-05
0.000308071
-4.31301e-05
-0.000268992
-4.62119e-05
0.000159005
0.000207975
-0.000125643
-0.000250323
7.09161e-05
0.000173464
6.42439e-05
-0.000113722
-0.000146207
7.4157e-05
8.99846e-05
1.51925e-05
-3.23315e-06
-5.12158e-05
-9.0728e-05
-1.00614e-07
0.000142437
0.000120548
-0.000101515
-0.000255549
-2.10052e-05
0.00032742
0.00010366
-0.000166688
-0.000205989
-4.07284e-05
0.00021688
7.2067e-05
-9.71298e-06
3.32342e-05
-0.000220733
-0.000107658
0.000152124
0.000197273
2.17942e-05
-0.000339495
-0.000212089
0.000247901
0.000584417
0.000749957
0.000663177
-0.000323946
-0.00221394
-0.00428904
-0.00616275
-0.0067221
-0.00379217
0.0053486
0.0244588
0.0563849
0.104023
0.169263
0.251232
0.34758
0.454554
0.566549
0.676495
0.777974
0.864559
0.930569
0.972349
0.988
0.977831
0.943859
0.889399
0.819431
0.738881
0.652374
0.564591
0.479589
0.399723
0.326927
0.263054
0.207829
0.161211
0.12306
0.092435
0.0680097
0.0492437
0.0352579
0.0245459
0.0168836
0.0114887
0.00764623
0.00490108
0.00322606
0.00206957
0.0011808
0.000802807
0.000474981
0.000267695
0.000135116
0.000161892
5.18688e-05
