6.39523e-05
-8.77687e-05
5.72277e-05
6.99181e-06
-6.32169e-05
7.64888e-05
-4.15633e-05
-1.45614e-05
5.25821e-05
-4.93309e-05
1.39319e-05
2.08716e-05
-2.61594e-05
1.456e-06
2.45104e-05
-1.95487e-05
-2.02648e-05
6.16313e-05
-5.99432e-05
1.32333e-06
7.67602e-05
-0.000110291
6.34902e-05
3.38582e-05
-0.000105408
9.36317e-05
-1.40189e-05
-5.67899e-05
5.42177e-05
8.64703e-06
-5.28483e-05
1.78802e-05
6.70165e-05
-0.000106849
4.43468e-05
6.79043e-05
-0.000116144
5.21225e-05
4.58786e-05
-6.0031e-05
-2.37943e-05
9.17751e-05
-4.12659e-05
-8.10649e-05
0.000126698
-3.57049e-05
-7.47357e-05
5.85569e-05
5.69455e-05
-9.85887e-05
-1.03404e-05
0.000127532
-8.61196e-05
-5.45588e-05
8.31977e-05
4.58324e-05
-0.000127092
1.95141e-05
0.000124211
-7.02521e-05
-7.33255e-05
9.85898e-05
0.00013045
-5.47092e-05
0.000138911
0.00044194
0.000628414
0.000956842
0.00196697
0.00353046
0.0056477
0.00910637
0.0146673
0.022731
0.0338035
0.0493118
0.0705144
0.098345
0.133662
0.178032
0.232662
0.297908
0.373216
0.457687
0.549323
0.644453
0.73794
0.824363
0.898591
0.955754
0.991449
1.00271
0.989048
0.952779
0.898722
0.833796
0.766554
0.706151
0.660858
0.636678
0.473663
0.501976
0.555087
0.626823
0.70949
0.79466
0.873607
0.937904
0.980675
0.997875
0.988668
0.954571
0.898468
0.824379
0.737594
0.644137
0.549493
0.458021
0.373126
0.297565
0.23268
0.178369
0.133688
0.0980224
0.0704615
0.0496218
0.0338639
0.0224295
0.0146187
0.00939683
0.00567741
0.0032408
0.00198124
0.00122804
0.000573514
0.000184775
0.000254628
0.000161788
-3.92264e-05
-5.89454e-05
0.000136872
1.62899e-05
-0.000118681
3.98471e-05
8.88985e-05
-5.78583e-05
-8.53795e-05
0.000129974
-1.58782e-05
-9.04082e-05
4.71208e-05
6.86227e-05
-8.33855e-05
-3.01106e-05
0.000125467
-8.48536e-05
-3.27005e-05
7.96806e-05
-1.03244e-05
-7.2145e-05
5.38596e-05
5.04479e-05
-0.00012172
8.00121e-05
2.81585e-05
-9.03835e-05
5.45942e-05
2.25537e-05
-4.78425e-05
-5.36466e-06
7.37892e-05
-7.63873e-05
-5.33199e-07
9.10607e-05
-0.000115416
5.39682e-05
3.95597e-05
-9.08372e-05
6.92522e-05
-6.78528e-06
-3.82686e-05
3.40533e-05
2.40743e-06
-2.75398e-05
1.34311e-05
2.80207e-05
-5.73292e-05
4.26591e-05
1.23484e-05
-6.99947e-05
8.67453e-05
-4.59057e-05
-2.93123e-05
9.09347e-05
-9.8227e-05
4.45983e-05
3.79499e-05
-9.89451e-05
0.000100837
-4.20623e-05
