-0.206631
-0.402801
-0.579362
-0.72851
-0.845166
-0.926111
-0.970761
-0.980869
-0.959862
-0.913135
-0.846125
-0.764974
-0.675444
-0.582913
-0.492601
-0.407831
-0.331275
-0.263784
-0.20574
-0.157436
-0.11811
-0.087199
-0.0630099
-0.0443882
-0.0305842
-0.0206394
-0.0138908
-0.00909821
-0.0056178
-0.0033542
-0.00207353
-0.00137782
-0.000879333
-0.000281301
-9.78762e-05
-0.000203369
-0.000163108
-9.16731e-05
0.00017507
1.81037e-05
-0.000174221
-1.77902e-05
9.31792e-05
7.91529e-05
-8.23713e-05
-0.000126248
0.000108945
0.000126746
-0.000147062
-4.15576e-05
5.4496e-05
8.36066e-05
-3.39155e-05
-0.000140614
9.34557e-05
0.00011946
-0.000133665
-5.72549e-05
0.000120577
2.7917e-06
-4.18751e-05
-6.7506e-05
8.03992e-05
7.31868e-05
-0.000136016
-2.38739e-05
0.000169202
-7.90177e-05
-0.000101733
0.000113239
1.81958e-05
-6.96804e-05
-5.29708e-06
4.27372e-05
2.36927e-05
-5.54131e-05
-3.64019e-05
0.000119339
-4.2643e-05
-0.000109455
0.000121173
4.00651e-05
-0.000164382
8.50509e-05
9.53798e-05
-0.00014602
1.07764e-05
0.000131645
-0.000108037
-3.8141e-05
0.000121665
-5.18833e-05
-7.218e-05
0.000100569
-1.11954e-05
-8.11256e-05
7.07861e-05
2.13955e-05
-8.39185e-05
4.59677e-05
5.06595e-05
-8.83951e-05
1.66562e-05
7.21256e-05
-6.83012e-05
-1.58353e-05
6.92769e-05
-3.09026e-05
-3.7533e-05
4.59396e-05
1.07687e-06
-2.46195e-05
-3.53127e-06
2.25357e-05
1.078e-05
-3.96591e-05
-6.88183e-06
8.13071e-05
-6.18051e-05
-5.77807e-05
0.000119569
-1.26351e-05
-0.00014067
0.000127243
5.04257e-05
-0.000155297
4.67905e-05
0.000114142
-0.00010513
-2.94653e-05
7.10384e-05
1.37922e-05
-3.88677e-05
-5.59583e-05
8.29562e-05
5.30808e-05
-0.000141799
4.42904e-06
0.000169207
-0.000108809
-7.71555e-05
8.59286e-05
5.16638e-05
-5.11237e-05
-7.58459e-05
4.19225e-05
0.00013454
-0.00011641
-0.000106937
0.000157267
2.67058e-05
-7.44345e-05
-7.74553e-05
6.63017e-05
0.00012417
-8.74535e-05
-0.000144213
0.000133483
9.88403e-05
-4.25052e-05
-6.66891e-05
3.80437e-05
0.000331685
0.000206258
0.000257563
0.000708925
0.00136805
0.00224336
0.00340279
0.00549307
0.00900352
0.0139375
0.0207931
0.0305856
0.0442382
0.062977
0.0872422
0.118251
0.157415
0.205616
0.263764
0.331302
0.407974
0.492578
0.582774
0.675217
0.764675
0.846059
0.913846
0.963187
0.990203
0.99212
0.968898
0.922802
0.859149
0.785356
0.710131
0.642912
0.592201
0.564984
