-1.78423e-44
-6.81351e-43
-2.3792e-41
-7.63193e-40
-2.25697e-38
-6.17231e-37
-1.56521e-35
-3.68916e-34
-8.09874e-33
-1.65897e-31
-3.17607e-30
-5.69098e-29
-9.55583e-28
-1.50523e-26
-2.22638e-25
-3.09461e-24
-4.04501e-23
-4.97489e-22
-5.75966e-21
-6.27928e-20
-6.44811e-19
-6.23775e-18
-5.68486e-17
-4.88078e-16
-3.94707e-15
-3.00589e-14
-2.15495e-13
-1.45369e-12
-9.22233e-12
-5.49862e-11
-3.07872e-10
-1.61732e-09
-7.96294e-09
-3.67017e-08
-1.58143e-07
-6.36071e-07
-2.3841e-06
-8.3119e-06
-2.69e-05
-8.06373e-05
-0.000223395
-0.000570682
-0.00134164
-0.0028987
-0.00575521
-0.0105237
-0.0178272
-0.0282835
-0.0426973
-0.0624152
-0.0894669
-0.126067
-0.173694
-0.232713
-0.303037
-0.384606
-0.476305
-0.574561
-0.674096
-0.76976
-0.856156
-0.926565
-0.974946
-0.998075
-0.994117
-0.962384
-0.905701
-0.829075
-0.737439
-0.637343
-0.535748
-0.437432
-0.346972
-0.267776
-0.200555
-0.146024
-0.103498
-0.0710345
-0.0475945
-0.0309347
-0.019466
-0.0120815
-0.00710441
-0.0042042
-0.00235269
-0.00127135
-0.00073615
-0.000312211
-0.000230796
-5.07779e-05
-7.32707e-05
-1.11608e-06
-1.96822e-05
-6.99857e-07
-6.5735e-07
-4.45057e-06
4.20392e-06
-4.20823e-06
2.72697e-06
-9.9844e-07
9.9844e-07
-2.72697e-06
4.20823e-06
-4.20392e-06
4.45057e-06
6.5735e-07
6.99857e-07
1.96822e-05
1.11608e-06
7.32707e-05
5.07779e-05
0.000230796
0.000312211
0.00073615
0.00127135
0.00235269
0.0042042
0.00710441
0.0120815
0.019466
0.0309347
0.0475945
0.0710345
0.103498
0.146024
0.200555
0.267776
0.346972
0.437432
0.535748
0.637343
0.737439
0.829075
0.905701
0.962384
0.994117
0.998075
0.974946
0.926565
0.856156
0.76976
0.674096
0.574561
0.476305
0.384606
0.303037
0.232713
0.173694
0.126067
0.0894669
0.0624152
0.0426973
0.0282835
0.0178272
0.0105237
0.00575521
0.0028987
0.00134164
0.000570682
0.000223395
8.06373e-05
2.69e-05
8.3119e-06
2.3841e-06
6.36071e-07
1.58143e-07
3.67017e-08
7.96294e-09
1.61732e-09
3.07872e-10
5.49862e-11
9.22233e-12
1.45369e-12
2.15495e-13
3.00589e-14
3.94707e-15
4.88078e-16
5.68486e-17
6.23775e-18
6.44811e-19
6.27928e-20
5.75966e-21
4.97489e-22
4.04501e-23
3.09461e-24
2.22638e-25
1.50523e-26
9.55583e-28
5.69098e-29
3.17607e-30
1.65897e-31
8.09874e-33
3.68916e-34
1.56521e-35
6.17231e-37
2.25697e-38
7.63193e-40
2.3792e-41
6.8136e-43
1.82773e-44
