-0.000203934
0.000149972
9.10673e-05
-0.000210948
6.17155e-05
0.000154361
-0.000157433
-3.535e-05
0.00014845
-4.77301e-05
-8.0595e-05
4.23783e-05
5.39827e-05
1.64908e-07
-0.000108239
3.59823e-05
0.000197045
-9.33691e-05
-2.31057e-05
0.000502475
0.000612336
0.00101491
0.00242777
0.00473169
0.00855221
0.0147957
0.0251235
0.0414133
0.0647128
0.0973636
0.141994
0.199778
0.271286
0.355561
0.450771
0.553879
0.659078
0.759906
0.849647
0.922077
0.97254
0.996929
0.993569
0.963263
0.908965
0.835915
0.749413
0.655249
0.558794
0.464688
0.377272
0.299135
0.23207
0.176286
0.131086
0.0954782
0.0678216
0.0470332
0.0316331
0.0206399
0.0130429
0.00790604
0.00469087
0.00260711
0.00146263
0.000739115
0.000388692
0.000189952
7.59123e-05
5.81433e-05
-4.67003e-06
3.0933e-05
-1.95825e-05
2.1106e-05
-1.5451e-05
1.13794e-05
-6.22693e-06
1.59206e-06
2.65004e-06
-6.15317e-06
8.87399e-06
-1.07828e-05
1.19345e-05
-1.24186e-05
1.23498e-05
-1.18505e-05
1.10402e-05
-1.00271e-05
8.90416e-06
-7.74638e-06
6.61099e-06
-5.53849e-06
4.55451e-06
-3.67213e-06
2.89419e-06
-2.21552e-06
1.62489e-06
-1.10663e-06
6.42009e-07
-2.10306e-07
2.10306e-07
-6.42009e-07
1.10663e-06
-1.62489e-06
2.21552e-06
-2.89419e-06
3.67213e-06
-4.55451e-06
5.53849e-06
-6.61099e-06
7.74638e-06
-8.90416e-06
1.00271e-05
-1.10402e-05
1.18505e-05
-1.23498e-05
1.24187e-05
-1.19342e-05
1.07838e-05
-8.8708e-06
6.16293e-06
-2.62106e-06
-1.50849e-06
6.46068e-06
-1.07455e-05
1.71172e-05
-1.68651e-05
3.00308e-05
-6.03352e-06
6.20326e-05
6.95262e-05
0.000198435
0.000378924
0.000748966
0.00145418
0.00261259
0.00468973
0.00790201
0.0130521
0.0206265
0.0316484
0.0470188
0.0678317
0.0954752
0.13108
0.1763
0.23205
0.299156
0.377256
0.464694
0.558801
0.65523
0.74944
0.83589
0.90898
0.963266
0.993549
0.996961
0.972509
0.922095
0.849652
0.759879
0.659117
0.553846
0.45078
0.355582
0.271243
0.199821
0.141975
0.0973453
0.0647603
0.0413636
0.0251439
0.0148203
0.00849561
0.00478362
0.00241786
0.000972282
0.000679504
0.000460751
-4.18201e-05
-2.49052e-05
0.000132274
4.13279e-05
-4.51096e-05
-7.95838e-05
7.79494e-05
0.000100865
-0.000170735
-1.31786e-05
0.000208528
-0.000134141
-0.000122518
0.000225829
-4.36901e-05
-0.000189651
0.000184496
4.5649e-05
-0.00021543
0.000120759
