0.000137337
-0.000150149
2.70381e-05
0.000119303
-0.000154899
4.88244e-05
9.7207e-05
-0.000145815
5.7292e-05
7.30864e-05
-0.000115445
4.13579e-05
5.1929e-05
-5.91935e-05
-7.64935e-06
4.03174e-05
1.76372e-05
-8.35795e-05
3.91381e-05
9.43435e-05
-0.000151994
3.39956e-05
0.000137525
-0.000153819
-1.05641e-06
0.000116369
-4.78632e-05
-6.94474e-05
2.69969e-05
0.000117566
-0.000109961
-8.48268e-05
0.000185675
-3.42226e-05
-0.00012383
3.52971e-05
0.000114499
-1.70149e-05
-0.000180835
0.000108429
0.000132457
-0.000110473
-9.81364e-05
7.91333e-05
0.000227248
9.15944e-07
0.000126985
0.000736757
0.00153252
0.002807
0.00526641
0.0102374
0.018315
0.0308309
0.0498462
0.0778677
0.117127
0.168835
0.234184
0.313304
0.405203
0.506491
0.612083
0.71592
0.811542
0.892774
0.95358
0.989486
0.997809
0.978774
0.934734
0.8699
0.78932
0.698471
0.602919
0.507795
0.417645
0.335691
0.264046
0.203335
0.153413
0.113287
0.0818383
0.0576907
0.0396446
0.0264776
0.0171769
0.0107949
0.00657321
0.00387174
0.0022056
0.00121687
0.000646994
0.000335647
0.00016563
8.18913e-05
3.68724e-05
1.81097e-05
7.62382e-06
4.71947e-06
1.06171e-05
1.89525e-05
3.75745e-05
8.18858e-05
0.000165811
0.000335656
0.000646905
0.00121711
0.00220521
0.0038723
0.00657246
0.0107959
0.0171757
0.0264789
0.0396431
0.0576923
0.0818366
0.113288
0.153411
0.203336
0.264045
0.335691
0.417646
0.507794
0.602921
0.698468
0.789324
0.869896
0.934739
0.978769
0.997814
0.989483
0.953582
0.892774
0.81154
0.715924
0.612076
0.5065
0.405194
0.313313
0.234177
0.168838
0.117128
0.0778623
0.0498559
0.0308182
0.0183287
0.0102254
0.00527393
0.00280605
0.00152597
0.00075007
0.000109462
1.86321e-05
0.000213989
8.38704e-05
-9.21729e-05
-0.000126427
0.000154521
8.65906e-05
-0.000166311
-1.87009e-05
0.000101615
5.94473e-05
-0.000151346
-1.34876e-05
0.000180405
-9.84396e-05
-8.15546e-05
8.53011e-05
4.92344e-05
-7.07897e-05
-6.96867e-05
0.000152709
-3.51388e-05
-0.00013941
0.000151762
-3.42076e-06
-0.000110196
7.1357e-05
2.86835e-05
-4.34804e-05
-2.98566e-05
6.61527e-05
6.17156e-06
-0.000106368
0.000103128
2.10028e-05
-0.000142316
0.000131001
8.93626e-06
-0.000144096
0.000146493
-1.58896e-05
-0.000125978
0.000152319
-4.40005e-05
-9.99295e-05
0.000153481
-7.21069e-05
