8.85579e-05
-3.35096e-05
-9.76206e-05
0.000125191
-1.82287e-05
-6.69187e-05
1.98541e-05
6.92944e-05
-5.57303e-05
-4.51026e-05
9.44885e-05
-4.42434e-05
-8.22668e-06
-9.932e-06
4.04333e-05
-1.37489e-05
-2.64076e-05
1.21366e-05
1.11298e-05
3.67215e-05
-0.000101585
5.42416e-05
6.94613e-05
-8.91075e-05
-5.04032e-05
0.000114396
-4.37149e-06
-0.000187634
5.23718e-05
2.33864e-05
-0.000280848
-0.000267665
-0.000306333
-0.000716349
-0.0012434
-0.00188337
-0.0029529
-0.00475004
-0.00732001
-0.011115
-0.0163161
-0.0239487
-0.034614
-0.0484982
-0.0671269
-0.091559
-0.122468
-0.160655
-0.207388
-0.263125
-0.327757
-0.400936
-0.481383
-0.567394
-0.655997
-0.742683
-0.823515
-0.89355
-0.947267
-0.980202
-0.988846
-0.97154
-0.928218
-0.860709
-0.772926
-0.67084
-0.560978
-0.449654
-0.343594
-0.248498
-0.168177
-0.104948
-0.0582714
-0.0268158
-0.00828089
0.00120995
0.00475004
0.00497123
0.00375224
0.00172211
0.000117827
-0.000518721
-0.000526713
-0.000141879
2.91575e-05
-2.73262e-05
8.80022e-06
-1.19048e-05
-3.37555e-05
-1.62795e-05
1.37343e-05
0.000111469
9.44965e-05
-7.1648e-05
-0.000180461
-8.37225e-05
0.000129473
0.000206367
3.7426e-05
-0.000188294
-0.000269688
1.8935e-05
0.000398914
0.000166733
-0.000225594
-0.000283708
-0.000104794
0.000297645
0.000285613
-0.000104876
-0.000239476
-0.000159314
9.72481e-05
0.000218501
-6.5443e-06
-0.000129788
-7.34089e-05
6.80245e-05
0.000280479
0.000462609
0.000434573
-0.000177786
-0.00161556
-0.00364476
-0.00510942
-0.00477685
-0.00119237
0.00832357
0.0269062
0.0581076
0.10495
0.168289
0.248446
0.343628
0.449582
0.56097
0.670956
0.772856
0.860678
0.928241
0.971559
0.988849
0.980175
0.947282
0.893522
0.823579
0.74265
0.655944
0.567493
0.481315
0.400939
0.327815
0.263044
0.207431
0.160674
0.122439
0.0915477
0.0671544
0.048503
0.0345712
0.0240123
0.0162484
0.0111416
0.00738271
0.00464078
0.00299098
0.00194859
0.0011878
0.000669643
0.000385779
0.000279354
0.000183869
4.65045e-05
-4.26211e-05
0.000146284
3.55481e-05
-0.000145522
7.87921e-05
9.25839e-05
-8.65336e-05
-8.67902e-05
0.000175091
-4.20235e-05
-0.000128061
0.000112587
3.72901e-05
-9.12918e-05
-2.30897e-05
0.000136126
-9.20627e-05
-4.1811e-05
9.0002e-05
-1.30233e-05
-5.91467e-05
1.99924e-05
7.5679e-05
-9.98612e-05
2.44926e-05
5.04934e-05
-3.50803e-05
