-0.00138178
-0.00270966
-0.00471115
-0.00770438
-0.0114135
-0.016987
-0.0248677
-0.0353522
-0.0494747
-0.0684162
-0.0926451
-0.123205
-0.161574
-0.207888
-0.262886
-0.326868
-0.399297
-0.478786
-0.563741
-0.651282
-0.737408
-0.818044
-0.888058
-0.942634
-0.976989
-0.987652
-0.972591
-0.931401
-0.865789
-0.779702
-0.678572
-0.568307
-0.456295
-0.349194
-0.252064
-0.169484
-0.104072
-0.0557855
-0.0233548
-0.00441928
0.0046242
0.00747269
0.00668662
0.00453653
0.00217005
0.000419429
-0.000490802
-0.0010419
-0.000765206
-0.000111866
0.000193217
0.000171131
0.00014429
-3.7357e-05
-0.000231132
-7.29389e-05
0.000165144
0.00023155
9.80137e-06
-0.000299047
-5.0349e-05
7.36035e-05
3.26894e-05
0.000170363
1.0798e-05
-0.000154278
-0.000172288
3.01931e-05
0.000291239
7.96822e-05
-0.000253834
-0.000149058
0.000120265
0.000155368
-1.03474e-06
-7.49522e-05
-8.73551e-05
2.14109e-05
2.39125e-05
7.46829e-05
8.47007e-05
-0.00017425
-0.00011583
0.000132966
0.000145332
2.65818e-05
-0.000272422
-7.24044e-05
0.000290216
7.67247e-05
-0.000147169
-0.000203933
6.58222e-05
0.000318351
-8.64886e-05
-0.000245636
-1.4076e-05
0.000168443
0.000191836
-0.000217438
-0.000145319
6.92683e-05
0.000253097
-9.01585e-05
-0.000230237
3.40921e-05
0.000173117
0.000124598
-0.000224874
-0.000182852
0.000233243
0.000155736
-8.60705e-05
-0.000224237
-3.51099e-05
0.000316998
1.80547e-05
-0.000213506
-7.34532e-05
6.18798e-05
0.000191243
-3.75063e-05
-0.000150859
3.052e-05
-4.04502e-05
7.23081e-05
0.000119553
-4.37642e-05
-0.000139698
-0.000119061
0.000153646
0.000255632
-0.000100861
-0.000273841
-3.26592e-05
0.000194134
0.000103823
5.75335e-06
-0.000107317
-0.000122901
-3.20561e-05
5.39251e-05
0.00028891
2.40487e-05
-0.000315898
-8.96467e-05
9.41427e-05
0.000137563
8.76915e-05
-0.000112848
-0.000198938
-0.000231889
0.000162488
0.000771479
0.00100711
0.000496976
-0.000426586
-0.00209825
-0.00463247
-0.00668625
-0.00735596
-0.00472714
0.00439689
0.0234433
0.0557691
0.103996
0.16954
0.252104
0.349116
0.456324
0.568319
0.67858
0.779679
0.86576
0.931491
0.972533
0.987611
0.97706
0.942655
0.887945
0.818107
0.737501
0.651116
0.563805
0.47888
0.39919
0.32684
0.263033
0.20782
0.161499
0.123403
0.092639
0.0684271
0.0497535
0.0356754
0.0252383
0.0179158
0.0128627
0.00978478
0.00831944
