0.000192777
0.00031919
0.000297129
0.000373962
8.3727e-05
-0.00122525
-0.00496008
-0.0129205
-0.0272495
-0.0509327
-0.0865008
-0.136381
-0.201567
-0.281977
-0.376345
-0.481026
-0.590921
-0.698737
-0.797496
-0.880935
-0.943651
-0.982044
-0.993505
-0.978526
-0.939348
-0.879623
-0.804101
-0.717799
-0.626667
-0.535664
-0.448476
-0.367869
-0.295802
-0.233467
-0.180968
-0.137341
-0.102164
-0.0746739
-0.0535287
-0.0376123
-0.0256075
-0.0172693
-0.0115435
-0.00735537
-0.00455077
-0.00282125
-0.0018153
-0.00107887
-0.000459231
-0.000312522
-0.000348139
-2.58939e-05
1.38899e-05
-6.60809e-05
-7.6127e-05
1.04962e-05
9.74387e-05
-7.01575e-05
-9.45094e-05
0.00013661
1.21166e-05
-0.000139185
7.97635e-05
4.49922e-05
-4.89966e-05
-3.36806e-05
3.886e-05
4.42146e-05
-6.08328e-05
-4.7077e-05
0.000131023
-5.26457e-05
-0.000102786
0.000135069
-2.26263e-06
-0.000126183
9.74686e-05
3.58842e-05
-0.000105485
4.74226e-05
4.09067e-05
-5.13258e-05
-1.97368e-06
3.06713e-05
-5.2494e-06
-1.74935e-05
-7.45507e-06
4.27012e-05
-2.49931e-05
-3.63925e-05
6.1882e-05
-6.74332e-06
-7.08489e-05
7.4311e-05
1.01566e-05
-8.84827e-05
6.6854e-05
3.45455e-05
-0.000100551
5.3857e-05
-7.07979e-05
0.000135614
-5.29339e-05
-8.80047e-05
0.000133099
-3.07737e-05
-0.000108996
0.000132251
-1.12403e-05
-0.000121093
0.000116754
2.01056e-05
-0.000135596
0.000100929
3.97725e-05
-0.000123219
6.02156e-05
6.36807e-05
-0.000100939
2.3855e-05
5.48468e-05
-4.12415e-05
-1.97372e-05
2.49473e-05
2.72266e-05
-3.57101e-05
-3.79974e-05
8.82351e-05
-1.23235e-05
-0.000115218
0.000118878
2.73895e-05
-0.000138653
6.65563e-05
8.72847e-05
-0.000115726
7.00668e-06
5.42646e-05
1.426e-05
-6.24057e-05
-2.05653e-05
0.000112863
-1.82121e-05
-0.000115508
0.000142655
0.000114373
-3.27015e-05
0.000204645
0.000394119
0.000623739
0.000924923
0.00169992
0.0029977
0.00461519
0.00720132
0.0114863
0.0174013
0.0257093
0.0374195
0.0534687
0.074865
0.102192
0.137205
0.180884
0.233624
0.295898
0.367706
0.448381
0.535808
0.626766
0.717709
0.803951
0.879696
0.939526
0.978453
0.993379
0.982008
0.943813
0.881009
0.797337
0.698667
0.59097
0.481186
0.376316
0.281828
0.201541
0.136467
0.0866257
0.0508607
0.0271373
0.0128999
0.00505385
0.00131953
-0.000145471
-0.000459114
-0.000338013
-0.000231168
-9.84739e-05
4.68934e-06
0.000118292
