-6.94561e-05
5.04582e-05
1.22284e-05
-4.57407e-06
-7.48173e-05
9.28483e-05
9.7339e-06
-9.41575e-05
2.87739e-05
7.19696e-05
-9.76432e-06
-0.000144007
0.000124337
7.28639e-05
-0.000135269
-4.47783e-05
0.000148243
3.65283e-05
-0.000214822
7.41934e-05
0.000155721
-9.25492e-05
-0.000125845
0.000102447
0.000102441
-0.000117634
-4.44608e-05
7.10999e-05
2.28353e-05
4.92594e-06
-6.9748e-05
-3.55004e-05
0.000122294
2.86363e-05
-0.000130687
-7.31722e-05
0.000219524
-2.37423e-06
-0.000189013
3.77544e-05
8.85398e-05
4.56562e-05
-8.25305e-05
-6.26023e-05
1.30683e-05
0.000134056
2.70939e-05
-0.000214882
-2.36433e-07
0.000207659
-2.62077e-05
-8.29857e-05
-7.63573e-05
1.87142e-05
0.000157757
9.29135e-06
-0.000167643
-0.000118404
0.000157204
4.85597e-05
-0.000181314
-0.000244343
-0.000375436
-0.000370388
-0.000607579
-0.00151424
-0.00236797
-0.00355097
-0.00548688
-0.00839431
-0.0129914
-0.0194597
-0.0281139
-0.0399787
-0.0561398
-0.0776037
-0.10524
-0.139938
-0.182467
-0.233758
-0.294586
-0.364428
-0.442473
-0.527024
-0.615217
-0.704125
-0.789353
-0.86542
-0.927261
-0.969281
-0.987517
-0.980312
-0.947409
-0.89187
-0.819198
-0.736489
-0.653501
-0.579952
-0.524701
-0.495356
0.215657
0.248164
0.310276
0.395824
0.497365
0.6064
0.713817
0.811687
0.892644
0.950992
0.983778
0.989639
0.969728
0.92715
0.865332
0.789325
0.704322
0.615058
0.52663
0.442396
0.364496
0.294906
0.233985
0.182206
0.139695
0.105187
0.0777741
0.0564075
0.0399275
0.0278775
0.0193199
0.0131286
0.00862289
0.00545174
0.00343113
0.00220063
0.00157124
0.000888269
0.000286928
0.000232945
0.000223417
0.000169158
0.000153807
-0.00016447
-8.25092e-05
0.000173922
9.58011e-05
-8.28915e-05
-0.000110817
3.09046e-05
8.07606e-05
7.18817e-05
-8.95032e-05
-0.000155486
0.000151035
0.000137096
-0.000168025
-4.93383e-05
5.26631e-05
8.64175e-05
-2.47403e-05
-7.31201e-05
-3.29454e-05
7.70873e-05
0.000115459
-0.000180241
-5.79361e-05
0.000185236
1.62878e-05
-0.000160387
4.14253e-06
0.000135284
-2.49085e-05
-9.60642e-05
3.86728e-05
2.14811e-05
2.84282e-05
-2.61279e-05
-7.28259e-05
7.11806e-05
5.12727e-05
-4.91958e-05
-0.000114095
0.000145345
5.55531e-05
-0.00017623
1.9626e-05
0.000138316
-1.20695e-05
-0.000197549
0.000134313
0.000113394
-0.000156786
-5.11499e-05
0.00014542
4.41306e-05
-0.000215029
8.98032e-05
0.000133229
-0.000105774
