-0.000168845
7.33155e-05
0.000121059
-8.77236e-05
-0.000123764
0.000160337
5.40979e-05
-0.000179355
1.3191e-05
0.000164239
-4.89453e-05
-0.000170692
0.000121006
0.000122796
-0.000157587
-6.3098e-05
0.000157891
1.8665e-05
-0.000142732
9.72186e-06
0.000127711
-4.93847e-05
-6.04305e-05
1.71426e-05
2.616e-05
4.96521e-05
-6.54737e-05
-4.25854e-05
3.10764e-05
0.000130182
-0.000105599
-0.000140916
0.000184379
6.01245e-05
-0.000133515
-8.52166e-05
0.000152545
4.17381e-05
-9.83581e-05
-2.4647e-05
-1.03193e-05
0.000101816
5.47803e-05
-0.000182102
-3.25012e-05
0.000178924
4.30308e-05
-0.000152311
-7.07504e-05
0.000129589
3.40887e-05
2.94195e-05
-0.000134395
-9.99447e-05
0.000209801
7.03431e-05
-0.000165567
-0.000104344
-4.26674e-06
6.19087e-05
-6.13108e-05
-0.000331452
-0.000530641
-0.000567943
-0.000839554
-0.00179358
-0.00292305
-0.00455588
-0.00695093
-0.0103324
-0.0157762
-0.0235041
-0.0336993
-0.0476705
-0.0661288
-0.0903643
-0.121605
-0.16025
-0.207164
-0.263106
-0.328231
-0.402325
-0.483995
-0.570878
-0.659919
-0.747349
-0.828577
-0.898355
-0.951375
-0.982592
-0.988517
-0.967887
-0.921505
-0.853065
-0.76859
-0.675809
-0.584463
-0.504451
-0.444875
-0.413242
0.166308
0.197354
0.257237
0.340531
0.440944
0.550925
0.661793
0.765952
0.855858
0.925302
0.970741
0.989812
0.9826
0.951206
0.898336
0.828653
0.747412
0.65963
0.570571
0.483992
0.402565
0.328535
0.263084
0.2069
0.160041
0.121658
0.0906873
0.0661977
0.0475121
0.0335325
0.0234001
0.0160545
0.0104907
0.00675331
0.00447012
0.00284376
0.00192439
0.0010567
0.000399858
0.000384413
0.000362702
0.000177079
1.59289e-05
-8.89824e-05
9.92075e-06
0.000152918
9.20396e-05
-0.000165266
-0.000109346
0.000184635
2.68608e-05
-3.33452e-05
-7.4785e-05
-5.48342e-05
0.000144352
6.68555e-05
-0.000160906
-7.21306e-05
0.000159815
7.00142e-05
-0.000162061
-1.46982e-05
8.15481e-05
1.31637e-05
2.46846e-05
-0.000124215
1.77825e-05
0.000118925
6.28688e-06
-0.000164144
1.657e-05
0.000206395
-0.000115874
-0.000120025
0.000101857
9.05388e-05
-0.000101887
-5.4421e-05
9.27703e-05
8.77038e-06
-4.27581e-05
-8.97055e-06
1.63682e-06
4.47977e-05
-4.52491e-06
-6.40985e-05
1.6213e-05
7.28792e-05
-1.79874e-05
-0.000116643
9.42816e-05
7.30629e-05
-0.000114796
-3.9125e-05
0.000120649
2.80884e-05
-0.000174304
7.40838e-05
0.00011581
-9.20662e-05
