-7.12363e-05
8.00967e-05
-2.11655e-05
-5.02394e-05
7.08797e-05
-2.87079e-05
-2.8732e-05
4.48241e-05
-1.22886e-05
-2.18182e-05
1.18497e-05
2.97263e-05
-4.19413e-05
-1.12111e-05
8.44303e-05
-8.74707e-05
-1.05408e-05
0.00012535
-0.000132448
7.79469e-06
0.000127754
-0.000132914
1.01058e-05
9.22731e-05
-6.05099e-05
-3.91122e-05
4.91536e-05
5.65629e-05
-0.000121094
2.09239e-05
0.00013718
-0.000142395
-1.68764e-05
0.000117963
-2.70843e-05
-8.9181e-05
1.90273e-05
0.0001407
-0.000117945
-8.13311e-05
0.000151106
1.00475e-05
-0.000106709
-4.52722e-05
0.000167659
-6.65263e-06
-0.00017337
5.12034e-05
0.000128521
1.10223e-06
-0.000188315
4.24951e-05
0.000190312
1.36531e-05
-6.12584e-05
0.000203545
0.000790074
0.00130194
0.00247822
0.00510098
0.00998325
0.0178121
0.0300766
0.0491944
0.0774156
0.116764
0.168574
0.234237
0.31397
0.406463
0.508116
0.613855
0.717719
0.813333
0.89432
0.954634
0.989798
0.997392
0.977789
0.933395
0.8684
0.787732
0.696944
0.601513
0.506703
0.416885
0.335346
0.263991
0.203535
0.153714
0.113659
0.0821982
0.0580493
0.0399731
0.0268005
0.0175025
0.0111738
0.00708683
0.0046745
0.0035641
0.00627971
0.00800248
0.0116789
0.0177714
0.0269393
0.0400422
0.0580826
0.082214
0.113666
0.153717
0.203536
0.263992
0.335345
0.416886
0.506702
0.601515
0.696942
0.787734
0.868399
0.933396
0.977788
0.997393
0.989798
0.954634
0.894322
0.813331
0.717722
0.613852
0.50812
0.406458
0.313974
0.234233
0.168577
0.116763
0.0774154
0.0491969
0.0300719
0.0178188
0.00997512
0.00510968
0.00247007
0.00130828
0.000786721
0.000203006
-5.64353e-05
4.85284e-06
0.000201996
2.97521e-05
-0.000176842
-6.67076e-06
0.000130578
5.59153e-05
-0.000184509
8.99379e-06
0.000150806
-3.12849e-05
-0.000113947
7.95704e-06
0.000162832
-0.000100247
-9.67527e-05
0.000123475
2.65173e-05
-8.36522e-05
-4.49091e-05
0.000142983
-4.07989e-05
-0.000128429
0.000139258
2.30895e-06
-9.20662e-05
2.82471e-05
6.47153e-05
-3.41627e-05
-8.53206e-05
0.000127038
-1.894e-05
-0.000124093
0.000145024
-2.86292e-05
-9.45903e-05
0.00010631
-2.21324e-05
-4.96707e-05
4.05129e-05
1.31774e-05
-3.06551e-05
-1.25964e-05
6.02886e-05
-4.51658e-05
-3.12636e-05
9.58956e-05
-7.82588e-05
-1.62363e-05
0.000106927
-0.000110908
1.93055e-05
9.2676e-05
-0.000130093
5.99886e-05
