-2.61244e-09
-1.08231e-08
-4.05749e-08
-1.4443e-07
-4.88951e-07
-1.57272e-06
-4.80053e-06
-1.38875e-05
-3.80249e-05
-9.84053e-05
-0.000240367
-0.000553438
-0.00119981
-0.0024472
-0.0046955
-0.0084825
-0.0144613
-0.0233665
-0.0360186
-0.0534142
-0.0768837
-0.108167
-0.149196
-0.20154
-0.265797
-0.341409
-0.426972
-0.520477
-0.618853
-0.71725
-0.809279
-0.888482
-0.949507
-0.987901
-0.999885
-0.983678
-0.940784
-0.875004
-0.790851
-0.693987
-0.591548
-0.490033
-0.393948
-0.307144
-0.232707
-0.171219
-0.12191
-0.0843119
-0.0568113
-0.0368804
-0.0232047
-0.014416
-0.00848956
-0.00480107
-0.00285986
-0.00146602
-0.000709989
-0.000513068
-0.000140951
-6.68467e-05
-0.000136182
6.82344e-05
-4.24141e-05
-4.01876e-05
7.82644e-05
-7.94915e-05
3.98155e-05
1.28701e-05
-5.53285e-05
7.14067e-05
-5.94178e-05
2.81275e-05
8.80772e-06
-3.89729e-05
5.48439e-05
-5.47542e-05
4.1716e-05
-2.12525e-05
-7.60819e-07
1.9628e-05
-3.25493e-05
3.8638e-05
-3.84973e-05
3.36243e-05
-2.58433e-05
1.68801e-05
-8.11059e-06
4.64804e-07
5.5568e-06
-9.80341e-06
1.23695e-05
-1.3494e-05
1.34767e-05
-1.26196e-05
1.11899e-05
-9.40192e-06
7.41257e-06
-5.32572e-06
3.20137e-06
-1.06747e-06
1.06747e-06
-3.20137e-06
5.32572e-06
-7.41257e-06
9.40192e-06
-1.11899e-05
1.26196e-05
-1.34767e-05
1.3494e-05
-1.23695e-05
9.80341e-06
-5.5568e-06
-4.64804e-07
8.11059e-06
-1.68801e-05
2.58433e-05
-3.36243e-05
3.84973e-05
-3.8638e-05
3.25493e-05
-1.9628e-05
7.60819e-07
2.12525e-05
-4.1716e-05
5.47542e-05
-5.48439e-05
3.89729e-05
-8.80772e-06
-2.81275e-05
5.94178e-05
-7.14067e-05
5.53285e-05
-1.28701e-05
-3.98155e-05
7.94915e-05
-7.82644e-05
4.01876e-05
4.24141e-05
-6.82344e-05
0.000136182
6.68467e-05
0.000140951
0.000513068
0.000709989
0.00146602
0.00285986
0.00480107
0.00848956
0.014416
0.0232047
0.0368804
0.0568113
0.0843119
0.12191
0.171219
0.232707
0.307144
0.393948
0.490033
0.591548
0.693987
0.790851
0.875004
0.940784
0.983678
0.999885
0.987901
0.949507
0.888482
0.809279
0.71725
0.618853
0.520477
0.426972
0.341409
0.265797
0.20154
0.149196
0.108167
0.0768837
0.0534142
0.0360186
0.0233665
0.0144613
0.0084825
0.0046955
0.0024472
0.00119981
0.000553438
0.000240367
9.84053e-05
3.80249e-05
1.38875e-05
4.80053e-06
1.57272e-06
4.88953e-07
1.44439e-07
4.0617e-08
1.10143e-08
3.44256e-09
