-4.32351e-05
6.58754e-05
-5.74652e-05
2.27831e-05
2.06815e-05
-5.16568e-05
5.59262e-05
-3.34694e-05
-1.94282e-06
3.06318e-05
-3.81636e-05
2.3481e-05
8.9595e-07
-1.7076e-05
1.37104e-05
5.89198e-06
-2.52119e-05
2.55987e-05
-2.02142e-07
-3.84474e-05
6.4728e-05
-5.52271e-05
9.47473e-06
5.2841e-05
-8.61697e-05
8.4521e-05
-1.00137e-05
-1.30459e-05
0.000129011
5.5464e-05
0.000216087
0.000430191
0.000692939
0.00126968
0.00228149
0.00370314
0.00617317
0.00996715
0.0153596
0.0235812
0.0349703
0.0506069
0.0718246
0.0994639
0.134766
0.179059
0.233036
0.297062
0.371497
0.454812
0.544972
0.638888
0.731727
0.818166
0.892858
0.950233
0.985465
0.995781
0.979149
0.935724
0.868225
0.781143
0.680325
0.573198
0.466726
0.36626
0.276394
0.200086
0.138388
0.0911366
0.0573864
0.0343448
0.019116
0.00972251
0.00460239
0.00198278
0.000847805
0.000476693
0.000115788
-0.000268846
-0.000133265
0.000271066
0.000163526
-0.000208435
-0.000167871
0.000141631
0.000126
-5.87118e-05
-8.64173e-05
4.27627e-06
2.79555e-05
5.01052e-05
1.13211e-05
-7.65465e-05
-5.34977e-05
0.000100152
7.73584e-05
-0.000105875
-9.74024e-05
0.000106324
-0.000175507
0.000180652
0.000174675
-0.000187461
-0.000182895
0.000201516
0.000188028
-0.000204785
-0.000204919
0.000211921
0.00020642
-0.000190198
-0.00021465
0.000162901
0.00018935
-9.21124e-05
-0.00015529
1.36278e-05
7.29078e-05
8.89077e-05
2.78155e-05
-0.000160567
-8.56864e-05
0.00046124
0.00105243
0.00189492
0.00445132
0.00988519
0.0191755
0.0341518
0.057443
0.0912884
0.13824
0.200034
0.276571
0.366194
0.466598
0.573355
0.680331
0.780991
0.86833
0.935794
0.978988
0.995845
0.985566
0.950087
0.892887
0.818279
0.731604
0.638884
0.5451
0.454692
0.371491
0.297181
0.232928
0.179053
0.134873
0.0993667
0.0718149
0.0507175
0.0348564
0.023601
0.0154458
0.00985254
0.00622145
0.00375289
0.002186
0.00132434
0.00072678
0.00033519
0.000295667
5.51999e-05
4.65778e-05
9.54194e-05
-7.16035e-05
6.17369e-05
4.54813e-07
-3.785e-05
4.8133e-05
-2.5215e-05
-5.01649e-06
2.03999e-05
-1.07534e-05
-1.38238e-05
3.2711e-05
-2.90436e-05
1.34879e-06
3.54291e-05
-5.90675e-05
5.34925e-05
-1.84305e-05
-2.99738e-05
6.75556e-05
-7.47207e-05
4.65474e-05
4.61688e-06
-5.50974e-05
8.12337e-05
-7.0585e-05
2.77554e-05
