-0.0536206
-0.102997
-0.143414
-0.170883
-0.184022
-0.184243
-0.174059
-0.155875
-0.132423
-0.107031
-0.0824916
-0.06031
-0.0415716
-0.0273402
-0.0175249
-0.0107911
-0.00624525
-0.00370802
-0.002379
-0.00129252
-0.000603188
-0.000510193
-0.000335132
3.74153e-06
-6.07459e-05
-0.000163757
6.90089e-05
5.1875e-05
-0.000129883
4.52769e-05
7.92532e-05
-0.00011444
2.88598e-05
8.02442e-05
-0.000105624
3.07481e-05
6.75176e-05
-0.000100966
4.71355e-05
4.19312e-05
-9.25953e-05
6.97983e-05
2.76479e-06
-6.8884e-05
8.39884e-05
-4.3105e-05
-2.23473e-05
7.00332e-05
-7.38162e-05
3.60635e-05
1.85199e-05
-5.98778e-05
6.88795e-05
-4.47511e-05
2.13028e-06
3.83508e-05
-6.00892e-05
5.66181e-05
-3.22236e-05
-1.77362e-06
3.25103e-05
-5.03419e-05
5.13694e-05
-3.74717e-05
1.45139e-05
1.01971e-05
-3.02283e-05
4.15026e-05
-4.27744e-05
3.52661e-05
-2.1809e-05
5.84741e-06
9.41621e-06
-2.15847e-05
2.93064e-05
-3.2244e-05
3.08644e-05
-2.61482e-05
1.92995e-05
-1.15077e-05
3.78458e-06
3.12088e-06
-8.74266e-06
1.28725e-05
-1.55084e-05
1.6793e-05
-1.69544e-05
1.62568e-05
-1.49623e-05
1.33066e-05
-1.14851e-05
9.6479e-06
-7.9004e-06
6.30841e-06
-4.9044e-06
3.69446e-06
-2.66486e-06
1.78763e-06
-1.02514e-06
3.33705e-07
-3.33705e-07
1.02514e-06
-1.78763e-06
2.66486e-06
-3.69446e-06
4.9044e-06
-6.30841e-06
7.9004e-06
-9.6479e-06
1.14851e-05
-1.33066e-05
1.49623e-05
-1.62568e-05
1.69544e-05
-1.6793e-05
1.55084e-05
-1.28725e-05
8.74266e-06
-3.12088e-06
-3.78458e-06
1.15077e-05
-1.92995e-05
2.61482e-05
-3.08644e-05
3.2244e-05
-2.93064e-05
2.15847e-05
-9.41621e-06
-5.84741e-06
2.1809e-05
-3.52661e-05
4.27744e-05
-4.15026e-05
3.02283e-05
-1.01971e-05
-1.45139e-05
3.74717e-05
-5.13694e-05
5.03419e-05
-3.25103e-05
1.77362e-06
3.22236e-05
-5.66181e-05
6.00892e-05
-3.83508e-05
-2.13028e-06
4.47511e-05
-6.88795e-05
5.98778e-05
-1.85199e-05
-3.60635e-05
7.38162e-05
-7.00332e-05
2.23473e-05
4.3105e-05
-8.39884e-05
6.8884e-05
-2.76479e-06
-6.97983e-05
9.25954e-05
-4.19312e-05
-4.71354e-05
0.000100967
-6.7517e-05
-3.07458e-05
0.000105632
-8.02174e-05
-2.87733e-05
0.000114709
-7.84499e-05
-4.29704e-05
0.000136244
-3.50456e-05
-2.63173e-05
0.000267487
0.000301937
0.000532482
0.00147411
0.00282008
0.0050741
0.00955121
0.0169449
0.0282654
0.0459041
0.0723292
0.109644
0.160997
0.230405
0.321043
0.435005
0.573707
0.736538
0.919282
1.11474
1.31428
1.50785
1.68348
1.82831
1.93113
1.98435
