-0.186279
-0.365707
-0.53183
-0.678336
-0.800168
-0.893367
-0.955832
-0.987345
-0.989072
-0.963645
-0.914531
-0.846285
-0.764397
-0.674686
-0.58265
-0.492759
-0.408127
-0.331169
-0.263414
-0.205593
-0.157692
-0.118486
-0.08718
-0.0627096
-0.0442499
-0.0308879
-0.0209298
-0.0138214
-0.00877776
-0.00556906
-0.00370095
-0.00220884
-0.00119557
-0.000596178
-0.000428816
-0.000406487
-0.000137423
0.000111349
-3.29222e-05
-0.000117794
-8.51662e-05
7.68363e-05
0.000150958
-0.000159588
-7.55018e-05
9.77113e-05
7.14268e-05
-4.16568e-05
-0.000116211
4.01399e-05
0.000155585
-9.68055e-05
-0.000119639
0.00012388
3.57036e-05
-3.76576e-05
-8.39529e-05
4.36765e-05
0.00011591
-9.3029e-05
-0.000106028
0.000160862
1.09939e-05
-0.000131189
4.37369e-05
5.90539e-05
-8.84953e-06
-6.25698e-05
-4.25539e-06
9.62292e-05
-2.53156e-05
-0.000130602
0.000130676
4.63481e-05
-0.000156489
5.03756e-05
0.000116997
-0.000123527
-1.33921e-05
9.62136e-05
-3.8789e-05
-4.54042e-05
4.11603e-05
1.22343e-05
-1.65627e-05
-2.305e-05
2.15941e-05
3.46792e-05
-5.70338e-05
-7.11136e-06
7.96427e-05
-5.23991e-05
-5.40607e-05
0.000103299
-2.20658e-05
-9.38856e-05
9.61329e-05
2.39283e-05
-0.000118135
6.71454e-05
-7.68513e-05
0.000139273
-3.53195e-05
-0.000112719
0.000127163
1.33488e-05
-0.000142712
0.000102313
6.40391e-05
-0.000155396
5.68364e-05
0.000113519
-0.000145332
-6.86275e-07
0.000140877
-0.000102631
-5.52931e-05
0.000126883
-3.39827e-05
-8.21528e-05
7.18503e-05
1.82162e-05
-3.95366e-05
-2.12059e-05
3.50257e-05
3.79275e-05
-6.3042e-05
-4.37119e-05
0.000139388
-5.32002e-05
-0.000120367
0.000128785
5.03698e-05
-0.000156431
4.64689e-05
8.61348e-05
-4.30073e-05
-5.26902e-05
-8.49854e-07
0.000100813
-2.28244e-05
-0.000135835
8.71928e-05
0.000122044
-0.000155621
-2.21395e-05
8.52353e-05
4.4568e-05
-6.36231e-05
-9.47777e-05
0.000100769
0.000108761
-0.000152061
-6.10909e-05
0.000136146
3.13304e-05
-3.72188e-05
-0.000129696
0.000110591
0.000181994
-4.50662e-05
1.52428e-05
0.000280641
0.000540801
0.000752619
0.0011005
0.00207527
0.00370945
0.00570267
0.00886554
0.0136495
0.0208589
0.0309569
0.044369
0.062732
0.0870137
0.118453
0.157766
0.2057
0.263405
0.331045
0.40809
0.492828
0.582753
0.674684
0.764257
0.846033
0.914265
0.963512
0.989774
0.990591
0.965061
0.91464
0.842772
0.755868
0.662311
0.57162
0.493603
0.43631
0.406122
