7.9841e-321
7.98904e-321
7.99398e-321
7.98904e-321
8.02857e-321
7.93469e-321
8.08291e-321
7.85564e-321
8.14714e-321
7.80624e-321
8.10762e-321
8.00386e-321
7.88035e-321
8.25584e-321
7.68766e-321
8.16691e-321
8.05821e-321
7.6432e-321
8.38429e-321
7.88035e-321
7.62837e-321
8.49299e-321
7.92481e-321
7.4011e-321
8.46334e-321
-5.41731e-48
-2.41754e-45
-5.26273e-43
-7.4474e-41
-7.7031e-39
-6.20829e-37
-4.05872e-35
-2.21247e-33
-1.0259e-31
-4.10774e-30
-1.43699e-28
-4.43287e-27
-1.21492e-25
-2.97644e-24
-6.55114e-23
-1.3008e-21
-2.33815e-20
-3.8153e-19
-5.66482e-18
-7.66747e-17
-9.47458e-16
-1.07e-14
-1.10522e-13
-1.04458e-12
-9.03487e-12
-7.14998e-11
-5.17467e-10
-3.42224e-09
-2.06589e-08
-1.13669e-07
-5.69024e-07
-2.58603e-06
-1.06424e-05
-3.95428e-05
-0.000132218
-0.000396441
-0.00106223
-0.0025362
-0.00539046
-0.0102293
-0.0175133
-0.0276359
-0.0414703
-0.0609253
-0.0884932
-0.125852
-0.173492
-0.2322
-0.303391
-0.386633
-0.478907
-0.577119
-0.677635
-0.773974
-0.859557
-0.929236
-0.976964
-0.998608
-0.99316
-0.960198
-0.902641
-0.825343
-0.733418
-0.633959
-0.532699
-0.435223
-0.345887
-0.267162
-0.200854
-0.146732
-0.104383
-0.072166
-0.0485965
-0.0318176
-0.020291
0.020291
0.0318176
0.0485965
0.072166
0.104383
0.146732
0.200854
0.267162
0.345887
0.435223
0.532699
0.633959
0.733418
0.825343
0.902641
0.960198
0.99316
0.998608
0.976964
0.929236
0.859557
0.773974
0.677635
0.577119
0.478907
0.386633
0.303391
0.2322
0.173492
0.125852
0.0884932
0.0609253
0.0414703
0.0276359
0.0175133
0.0102293
0.00539046
0.0025362
0.00106223
0.000396441
0.000132218
3.95428e-05
1.06424e-05
2.58603e-06
5.69024e-07
1.13669e-07
2.06589e-08
3.42224e-09
5.17467e-10
7.14998e-11
9.03487e-12
1.04458e-12
1.10522e-13
1.07e-14
9.47458e-16
7.66747e-17
5.66482e-18
3.8153e-19
2.33815e-20
1.3008e-21
6.55114e-23
2.97644e-24
1.21492e-25
4.43287e-27
1.43699e-28
4.10774e-30
1.0259e-31
2.21247e-33
4.05872e-35
6.20829e-37
7.7031e-39
7.4474e-41
5.26273e-43
2.41754e-45
5.41731e-48
0
0
0
0
0
0
0
0
0
0
0
0
0
0
0
0
0
0
0
0
0
0
0
0
0
