-0.000159298
6.8634e-05
0.000128688
-0.000118786
-8.77561e-05
0.000166087
1.19657e-05
-0.000167968
5.4153e-05
0.00014605
-0.000104783
-0.000120491
0.000172794
2.80156e-05
-0.000156777
1.81204e-05
0.000140217
-5.2087e-05
-0.000130789
0.000119673
2.74689e-05
-5.26634e-05
-3.77552e-05
3.73156e-05
4.52451e-05
-3.59952e-05
-2.07953e-05
-4.72138e-05
0.000138015
-2.65043e-05
-0.000149313
7.47544e-05
0.000131434
-8.38474e-05
-0.000147556
0.00014444
7.82393e-05
-0.000120853
-2.76677e-05
3.51115e-05
5.72408e-05
2.66555e-05
-0.000133314
-1.04927e-05
0.000135427
4.68612e-05
-0.000194667
-2.22098e-05
0.000173264
-5.5654e-05
-8.99789e-05
-0.000144563
-0.000109129
-6.13964e-05
-0.000414287
-0.000834671
-0.00107459
-0.00162879
-0.00283345
-0.00466494
-0.00707899
-0.0106931
-0.0158448
-0.0234248
-0.0340794
-0.0479089
-0.0664046
-0.0907511
-0.12169
-0.160409
-0.207297
-0.262965
-0.328148
-0.402055
-0.483365
-0.569897
-0.658656
-0.745977
-0.82727
-0.897118
-0.950149
-0.981987
-0.989431
-0.970693
-0.926103
-0.857417
-0.768734
-0.666109
-0.555947
-0.445328
-0.340606
-0.246605
-0.167585
-0.105405
-0.0598899
-0.0295953
-0.0109194
-0.000414733
0.00466894
0.00689496
-0.00159209
-0.00247091
-0.0037273
-0.00330162
0.000621202
0.0104637
0.0294438
0.0600706
0.105376
0.167502
0.246294
0.340391
0.445634
0.556198
0.666196
0.768603
0.857041
0.926133
0.970956
0.989566
0.981989
0.94987
0.896988
0.827471
0.746146
0.658668
0.569694
0.483245
0.40217
0.32831
0.263008
0.207076
0.160344
0.121832
0.090803
0.0664615
0.0477435
0.0339763
0.0236493
0.0158462
0.0106299
0.00703731
0.00461337
0.00296678
0.00166063
0.000968799
0.000782073
0.00049969
0.000130926
3.54218e-06
0.000162662
8.58482e-05
4.77713e-05
-6.33869e-05
-0.000104502
0.000177844
5.7127e-05
-0.000163612
-3.43016e-05
0.000143613
1.8912e-05
-0.000112634
-4.37834e-06
5.74944e-05
2.24746e-05
7.78962e-06
-0.000129307
6.44287e-05
0.000129121
-0.00011061
-9.46414e-05
0.000109556
0.000112217
-0.000197197
8.68998e-06
0.000139419
-4.3108e-05
-8.39418e-05
2.8899e-05
8.26629e-05
-6.65977e-05
-1.01412e-05
1.03579e-05
1.97097e-05
1.42382e-05
-4.90165e-05
-2.42523e-06
5.5578e-05
2.52176e-06
-8.49746e-05
3.50492e-05
8.73963e-05
-8.02211e-05
-6.00167e-05
0.0001107
1.70287e-05
-0.000120813
2.8471e-05
0.000117256
-8.20782e-05
