-6.64194e-05
9.89953e-05
-8.09187e-05
2.11214e-05
4.98437e-05
-9.51369e-05
9.08228e-05
-3.90199e-05
-3.24953e-05
8.49489e-05
-9.01621e-05
4.69358e-05
1.79822e-05
-6.59827e-05
7.06054e-05
-3.42486e-05
-1.41201e-05
3.97569e-05
-2.75506e-05
-6.62288e-06
2.84127e-05
-1.34176e-05
-3.02957e-05
6.53154e-05
-5.43377e-05
-6.05197e-06
7.64862e-05
-0.000102535
5.97517e-05
2.19584e-05
-7.94875e-05
6.95464e-05
-8.12302e-06
-4.22333e-05
3.05887e-05
3.12615e-05
-7.63253e-05
4.8349e-05
3.84277e-05
-0.000103373
8.5763e-05
5.99086e-06
-5.96558e-05
5.99666e-05
7.02073e-05
-5.5479e-06
0.000150047
0.000344682
0.000381329
0.000921641
0.0016557
0.00268469
0.00458968
0.00765642
0.0120279
0.0186137
0.0283697
0.0416406
0.0597957
0.0841329
0.115594
0.155176
0.204445
0.26394
0.333566
0.413122
0.501082
0.594214
0.688385
0.779048
0.860294
0.92634
0.97244
0.99492
0.990766
0.959278
0.902303
0.823557
0.728285
0.623492
0.516521
0.413304
0.318406
0.235608
0.167391
0.114001
0.0741481
0.0458851
0.0269668
0.0148344
0.00747047
0.00352949
0.00181852
0.000935292
0.000163022
-0.000260288
-2.68911e-05
0.000331592
0.000172816
-0.000270602
4.19693e-05
-4.09214e-05
-6.00123e-05
4.25496e-05
0.000127667
5.4377e-05
7.62578e-05
0.000613797
0.00185651
0.00384547
0.00746447
0.0145267
0.0269591
0.0461833
0.0741545
0.113712
0.167399
0.235888
0.318369
0.413038
0.516594
0.623739
0.728164
0.823346
0.902467
0.959443
0.990557
0.994827
0.97267
0.926353
0.860065
0.779125
0.688575
0.594057
0.500972
0.413322
0.333578
0.263734
0.204548
0.155313
0.115422
0.0840979
0.0599854
0.0415546
0.0282408
0.0187857
0.0120297
0.00749626
0.00469507
0.00276954
0.00148314
0.000977992
0.000500755
0.000193556
0.000163132
0.000122302
-4.30639e-05
2.62375e-05
8.79441e-05
-0.000101365
4.54113e-05
3.89344e-05
-6.35093e-05
1.8568e-05
4.09143e-05
-4.75116e-05
-9.42625e-06
7.769e-05
-9.30399e-05
3.79849e-05
4.51541e-05
-9.33092e-05
7.55296e-05
-1.42476e-05
-3.86505e-05
4.61827e-05
-1.32193e-05
-2.30243e-05
2.6984e-05
6.1446e-06
-4.81863e-05
6.17532e-05
-2.98747e-05
-3.07976e-05
8.15351e-05
-8.81209e-05
4.35296e-05
2.78285e-05
-8.56074e-05
9.77376e-05
-5.83059e-05
-1.05272e-05
7.20587e-05
-9.51533e-05
6.97563e-05
-1.0486e-05
-5.21416e-05
8.73602e-05
-7.87582e-05
3.13624e-05
