-2.64869e-05
3.90878e-05
-3.1674e-05
9.21119e-06
1.52607e-05
-2.83132e-05
2.40255e-05
-7.35662e-06
-9.21878e-06
1.39825e-05
-4.07833e-06
-1.19619e-05
1.95483e-05
-8.43833e-06
-1.8468e-05
4.45451e-05
-4.89572e-05
2.12536e-05
2.85991e-05
-7.29101e-05
8.22271e-05
-4.53305e-05
-2.01151e-05
7.64518e-05
-8.85678e-05
5.11839e-05
1.23756e-05
-5.07189e-05
5.53396e-05
5.30049e-06
-4.46427e-06
8.47394e-05
0.000121979
0.000142546
0.000461764
0.000689697
0.00121465
0.00229581
0.00365653
0.0061281
0.00989348
0.0153451
0.0234209
0.0349169
0.0505296
0.0716282
0.0994301
0.134653
0.178953
0.233025
0.29717
0.371541
0.455122
0.545405
0.639247
0.732314
0.818741
0.893269
0.950587
0.985841
0.995738
0.979005
0.935512
0.867647
0.780403
0.679768
0.572612
0.466084
0.366044
0.276273
0.199891
0.138437
0.0915267
0.0575381
0.0344809
0.019449
0.00990654
0.00451754
0.00215081
0.00110517
0.000345104
-4.90946e-05
-7.31045e-05
-8.56514e-06
5.55562e-05
0.000136026
-1.56027e-05
-0.000207231
-4.94765e-05
0.000257527
9.25359e-05
-0.000263727
-0.000139085
0.000265383
0.000163001
-0.000248007
-0.000187688
0.000235039
0.000202354
-0.00021811
-2.94244e-05
1.96925e-05
2.72359e-05
2.14651e-06
-1.63525e-05
-2.63619e-05
-1.62237e-05
6.46274e-05
5.42271e-05
-9.1672e-05
-0.000120455
0.000126296
0.00018142
-0.000127817
-0.000258056
0.000119884
0.000295366
-6.36524e-05
-0.000287667
7.50371e-05
0.000510367
0.000921438
0.00206491
0.00472912
0.00990024
0.0192445
0.034586
0.0576821
0.0913537
0.138387
0.200087
0.276209
0.365892
0.466238
0.572662
0.679589
0.780469
0.86778
0.935353
0.978994
0.995895
0.985739
0.950509
0.89343
0.818688
0.7322
0.639394
0.545387
0.455
0.371658
0.29719
0.232889
0.179064
0.134679
0.0992996
0.0717308
0.0505508
0.0348034
0.0235073
0.0153736
0.00977483
0.00622884
0.0036628
0.00218992
0.00132902
0.000658292
0.000394775
0.000241189
7.86228e-05
3.84531e-05
8.91101e-05
-5.53322e-05
3.04222e-05
4.52511e-05
-8.68225e-05
8.43838e-05
-3.41641e-05
-2.77001e-05
6.61673e-05
-6.30445e-05
2.83653e-05
1.11606e-05
-3.1005e-05
2.39913e-05
-1.91068e-06
-1.51559e-05
1.34773e-05
5.56236e-06
-2.74368e-05
3.4896e-05
-1.96236e-05
-1.21265e-05
4.29986e-05
-5.46671e-05
3.85431e-05
-9.90266e-07
-3.97139e-05
6.28799e-05
-5.62318e-05
2.23779e-05
