-5.46323e-59
-1.068e-56
-1.53687e-54
-1.73598e-52
-1.60283e-50
-1.24382e-48
-8.27883e-47
-4.7996e-45
-2.45305e-43
-1.11603e-41
-4.55564e-40
-1.67949e-38
-5.62289e-37
-1.71761e-35
-4.80634e-34
-1.2363e-32
-2.93185e-31
-6.42676e-30
-1.30511e-28
-2.46007e-27
-4.31151e-26
-7.03595e-25
-1.07046e-23
-1.51995e-22
-2.016e-21
-2.49959e-20
-2.89878e-19
-3.14573e-18
-3.19536e-17
-3.03868e-16
-2.7054e-15
-2.25489e-14
-1.75902e-13
-1.28385e-12
-8.76294e-12
-5.58988e-11
-3.32994e-10
-1.85076e-09
-9.58668e-09
-4.62208e-08
-2.07121e-07
-8.6121e-07
-3.3165e-06
-1.18041e-05
-3.87414e-05
-0.000116962
-0.000323991
-0.000821436
-0.00190226
-0.00401931
-0.00775526
-0.0137244
-0.0224929
-0.0346936
-0.0514037
-0.0744711
-0.106212
-0.148433
-0.201792
-0.266403
-0.342615
-0.43005
-0.525864
-0.625301
-0.723667
-0.815805
-0.894796
-0.954228
-0.990232
-0.999729
-0.980979
-0.936078
-0.868791
-0.783451
-0.686877
-0.585623
-0.484935
-0.390523
-0.305736
-0.232403
-0.172003
-0.123572
-0.0863192
-0.0587484
-0.038685
-0.0249627
-0.0155287
-0.00946164
-0.00561296
-0.00318501
-0.00184293
-0.00094327
-0.000557334
-0.00024075
-0.000158298
-5.05085e-05
-4.29418e-05
-7.92701e-06
-1.05397e-05
-1.80939e-06
1.80939e-06
1.05397e-05
7.92701e-06
4.29418e-05
5.05085e-05
0.000158298
0.00024075
0.000557334
0.00094327
0.00184293
0.00318501
0.00561296
0.00946164
0.0155287
0.0249627
0.038685
0.0587484
0.0863192
0.123572
0.172003
0.232403
0.305736
0.390523
0.484935
0.585623
0.686877
0.783451
0.868791
0.936078
0.980979
0.999729
0.990232
0.954228
0.894796
0.815805
0.723667
0.625301
0.525864
0.43005
0.342615
0.266403
0.201792
0.148433
0.106212
0.0744711
0.0514037
0.0346936
0.0224929
0.0137244
0.00775526
0.00401931
0.00190226
0.000821436
0.000323991
0.000116962
3.87414e-05
1.18041e-05
3.3165e-06
8.6121e-07
2.07121e-07
4.62208e-08
9.58668e-09
1.85076e-09
3.32994e-10
5.58988e-11
8.76294e-12
1.28385e-12
1.75902e-13
2.25489e-14
2.7054e-15
3.03868e-16
3.19536e-17
3.14573e-18
2.89878e-19
2.49959e-20
2.016e-21
1.51995e-22
1.07046e-23
7.03595e-25
4.31151e-26
2.46007e-27
1.30511e-28
6.42676e-30
2.93185e-31
1.2363e-32
4.80634e-34
1.71761e-35
5.62289e-37
1.67949e-38
4.55564e-40
1.11603e-41
2.45305e-43
4.7996e-45
8.27883e-47
1.24382e-48
1.60283e-50
1.73598e-52
1.53687e-54
1.068e-56
5.48156e-59
