0.00026237
0.000183908
-0.000169589
-0.000244996
-2.14109e-05
0.000219451
0.000159217
-9.94239e-05
-0.000183012
-8.60679e-05
4.19633e-05
0.000164028
0.000345001
0.000593506
0.000588305
-0.000152075
-0.00222568
-0.00735634
-0.0179291
-0.0368803
-0.0666597
-0.109195
-0.16676
-0.240196
-0.328965
-0.429796
-0.537902
-0.647654
-0.751789
-0.843503
-0.91647
-0.966538
-0.991051
-0.988627
-0.960588
-0.910117
-0.841645
-0.760157
-0.670946
-0.579565
-0.490503
-0.406531
-0.330373
-0.263438
-0.206192
-0.158284
-0.118986
-0.088011
-0.0638373
-0.0451671
-0.0313929
-0.0215007
-0.0143424
-0.00931698
-0.00589962
-0.00385232
-0.00233079
-0.00123485
-0.000889394
-0.00053726
-0.000168178
-0.00014062
-0.000146355
-2.66789e-05
1.52427e-05
2.33825e-06
-9.8282e-05
5.90547e-05
6.31345e-05
-0.000124731
2.88514e-05
0.000109662
-0.000125344
4.64636e-06
0.000104428
-8.52776e-05
-1.62073e-05
7.12774e-05
-3.30358e-05
-2.66276e-05
3.05546e-05
6.07208e-06
-1.47427e-05
-2.14324e-05
4.46841e-05
-7.63214e-06
-5.33229e-05
5.77075e-05
1.43847e-05
-8.68303e-05
7.1531e-05
2.49725e-05
-0.000100523
6.86998e-05
4.18713e-05
-0.000113932
6.76973e-05
5.08653e-05
-0.000117025
6.01648e-05
-5.6773e-05
0.000112877
-5.38646e-05
-6.23335e-05
0.000118228
-5.44788e-05
-6.69857e-05
0.000121562
-4.8861e-05
-8.03608e-05
0.00013213
-4.88937e-05
-8.49566e-05
0.000128057
-3.34158e-05
-9.79776e-05
0.000125739
-2.4509e-05
-9.00282e-05
9.49892e-05
1.26116e-06
-7.87487e-05
5.60125e-05
1.73497e-05
-3.89757e-05
-5.08453e-06
2.94803e-05
1.91329e-05
-6.98602e-05
3.05442e-05
7.81415e-05
-9.75101e-05
3.71993e-06
0.000155228
-7.28419e-05
5.22832e-05
0.000256542
0.000222794
0.000403622
0.000867565
0.00140708
0.00227202
0.00367995
0.00607094
0.00938464
0.0141608
0.0215099
0.0315433
0.0451345
0.0636906
0.0880679
0.119152
0.158153
0.206064
0.263625
0.330413
0.406386
0.490456
0.579725
0.670986
0.759961
0.841653
0.910305
0.960549
0.988465
0.99108
0.966696
0.916465
0.843298
0.751845
0.647819
0.537868
0.429649
0.328939
0.2404
0.166751
0.109032
0.0666286
0.0370239
0.0180161
0.00719783
0.00213588
0.00026354
-0.000460184
-0.000668433
-0.000493887
-0.000138443
0.000113236
0.000115009
4.2034e-05
2.466e-05
-7.32169e-05
-8.37262e-05
-2.76661e-05
0.0001146
0.000143144
-8.3743e-05
-0.000155643
-7.64821e-05
0.00016253
