-0.126766
-0.245763
-0.349766
-0.432772
-0.490597
-0.521559
-0.52654
-0.508754
-0.473015
-0.424603
-0.368918
-0.310607
-0.253768
-0.201653
-0.15611
-0.11818
-0.0873309
-0.0629462
-0.0442518
-0.0303066
-0.0206461
-0.0137891
-0.00901418
-0.00560105
-0.0032084
-0.00205864
-0.00133524
-0.000885499
-0.000396286
-5.79767e-06
-8.60215e-05
-0.000207117
-0.000144221
4.00042e-05
0.00016545
1.07141e-06
-0.000212735
7.32425e-06
0.00010503
9.24699e-05
-7.00999e-05
-0.000183827
0.000125005
0.000123292
-6.26901e-05
-0.000108848
-4.58397e-06
0.000125533
5.54144e-05
-0.000189147
-3.46027e-06
0.000162923
-3.09714e-05
-7.27653e-05
-5.14939e-05
9.96976e-05
7.45372e-05
-0.000142099
-5.46407e-05
0.000184789
-3.81858e-05
-0.000114995
4.34295e-05
6.0239e-05
7.73408e-06
-8.5202e-05
-1.65623e-05
0.000133078
-3.32751e-05
-0.000154407
0.000137578
6.15114e-05
-0.000147197
1.69389e-05
0.000111711
-6.81169e-05
-3.54968e-05
3.31977e-05
3.03084e-05
-1.68164e-05
-5.12844e-05
3.51226e-05
6.85439e-05
-9.80496e-05
-1.97064e-05
0.000132783
-7.16303e-05
-9.71028e-05
0.000147246
-2.50779e-06
-0.000152094
0.000113147
7.14627e-05
-0.000164452
4.69083e-05
0.000130456
-0.00014236
-2.50717e-05
0.000159535
-9.18642e-05
2.02301e-05
-3.79594e-05
1.0274e-05
3.56016e-05
-4.40754e-05
-5.41326e-06
5.94884e-05
-4.24881e-05
-4.11447e-05
8.87095e-05
-2.18831e-05
-9.10028e-05
9.8228e-05
3.21011e-05
-0.000139888
6.91736e-05
0.000105712
-0.000154104
4.41199e-07
0.000154314
-0.000100379
-8.48526e-05
0.000146335
-1.83135e-05
-9.48987e-05
4.23712e-05
5.48451e-05
-3.081e-05
-4.09293e-05
-6.626e-06
0.000108603
-5.64237e-05
-0.000114143
0.000129265
6.5157e-05
-0.000173504
2.88323e-05
0.000122742
-5.18097e-05
-6.12919e-05
-1.16946e-05
0.000102577
1.79799e-05
-0.000150251
1.37137e-05
0.000183246
-9.68837e-05
-9.71304e-05
4.51583e-05
8.72797e-05
2.26398e-05
-0.000152351
-1.54642e-05
0.00018106
-7.86765e-06
-0.000159362
9.06023e-06
7.52679e-05
0.000120644
-0.000129102
-0.000141702
0.000145641
0.000105575
-2.42596e-05
-0.000134331
-5.19486e-06
0.000242882
0.000212808
6.01055e-05
0.000303126
0.000744314
0.00142276
0.00215844
0.0032358
0.00552495
0.00889072
0.0138784
0.0207215
0.0303433
0.0441286
0.0626811
0.087127
0.118162
0.157083
0.205284
0.26356
0.332577
0.412369
0.503002
0.604267
0.715212
0.833966
0.957529
1.08202
1.2031
1.31594
1.4154
1.49629
1.55355
1.58331
