-0.138156
-0.274682
-0.408029
-0.536483
-0.657526
-0.767213
-0.860313
-0.931503
-0.976796
-0.994038
-0.98254
-0.943088
-0.878769
-0.795176
-0.699003
-0.596523
-0.49362
-0.39612
-0.308597
-0.233162
-0.170413
-0.120637
-0.0830334
-0.0553096
-0.0353944
-0.0220578
-0.0135138
-0.0077976
-0.00426368
-0.00250028
-0.00135487
-0.000516304
-0.000348997
-0.00026559
3.87826e-05
-2.17804e-05
-0.000127679
8.67498e-05
1.68061e-05
-0.000106649
8.80748e-05
6.84695e-06
-9.03447e-05
9.30385e-05
-2.10185e-05
-6.25466e-05
9.41658e-05
-5.64921e-05
-1.73724e-05
7.47906e-05
-8.10647e-05
3.78653e-05
2.42323e-05
-6.84685e-05
7.32118e-05
-4.05313e-05
-9.30809e-06
5.10913e-05
-6.72371e-05
5.40369e-05
-2.04338e-05
-1.81487e-05
4.70597e-05
-5.761e-05
4.88161e-05
-2.60425e-05
-2.10492e-06
2.70966e-05
-4.2898e-05
4.70206e-05
-4.03142e-05
2.59424e-05
-8.06899e-06
-9.31872e-06
2.32043e-05
-3.18912e-05
3.49724e-05
-3.30527e-05
2.73638e-05
-1.93853e-05
1.05415e-05
-2.00495e-06
-5.39707e-06
1.11918e-05
-1.52153e-05
1.75383e-05
-1.83849e-05
1.8059e-05
-1.68855e-05
1.51693e-05
-1.31707e-05
1.10942e-05
-9.08688e-06
7.24318e-06
-5.6129e-06
4.21029e-06
-3.02282e-06
2.01883e-06
-1.15372e-06
3.74841e-07
-3.74841e-07
1.15372e-06
-2.01883e-06
3.02282e-06
-4.21029e-06
5.6129e-06
-7.24318e-06
9.08688e-06
-1.10942e-05
1.31707e-05
-1.51693e-05
1.68855e-05
-1.8059e-05
1.83849e-05
-1.75383e-05
1.52153e-05
-1.11918e-05
5.39707e-06
2.00495e-06
-1.05415e-05
1.93853e-05
-2.73638e-05
3.30527e-05
-3.49724e-05
3.18912e-05
-2.32043e-05
9.31872e-06
8.06899e-06
-2.59424e-05
4.03142e-05
-4.70206e-05
4.2898e-05
-2.70966e-05
2.10492e-06
2.60425e-05
-4.88161e-05
5.761e-05
-4.70597e-05
1.81487e-05
2.04338e-05
-5.40369e-05
6.72371e-05
-5.10913e-05
9.30809e-06
4.05313e-05
-7.32118e-05
6.84685e-05
-2.42323e-05
-3.78653e-05
8.10647e-05
-7.47906e-05
1.73724e-05
5.64921e-05
-9.41658e-05
6.25466e-05
2.10185e-05
-9.30385e-05
9.03447e-05
-6.84695e-06
-8.80748e-05
0.000106649
-1.68061e-05
-8.67498e-05
0.000127679
2.17804e-05
-3.87826e-05
0.00026559
0.000348997
0.000516304
0.00135487
0.00250028
0.00426368
0.0077976
0.0135139
0.0220578
0.0353945
0.0553097
0.0830336
0.120637
0.170415
0.233167
0.308611
0.396156
0.493708
0.596735
0.699486
0.796223
0.880933
0.947345
0.990508
1.00824
1.00092
0.970663
0.921273
0.858641
0.790348
0.724378
0.667885
0.626658
0.604902
