-0.000504174
-0.00126304
-0.00258857
-0.0048954
-0.00872301
-0.0147297
-0.0236716
-0.0364011
-0.0539266
-0.0775265
-0.108821
-0.149639
-0.201578
-0.265425
-0.340775
-0.426131
-0.519217
-0.616942
-0.71489
-0.80708
-0.886812
-0.948185
-0.98684
-0.999623
-0.98464
-0.942463
-0.876752
-0.792895
-0.696508
-0.593719
-0.491329
-0.394992
-0.308027
-0.2327
-0.170683
-0.121641
-0.0837865
-0.0558546
-0.0363875
-0.0228966
-0.0137417
-0.00821288
-0.00480461
-0.00248333
-0.00138503
-0.000843926
-0.00026789
-0.000169057
-0.000188816
5.94619e-05
-2.94721e-05
-8.58665e-05
9.83272e-05
-4.98452e-05
-3.50446e-05
8.78573e-05
-8.12241e-05
2.53298e-05
4.06662e-05
-7.89273e-05
7.26819e-05
-3.08467e-05
-2.19502e-05
6.03814e-05
-6.99793e-05
5.08922e-05
-1.44996e-05
-2.35749e-05
5.01746e-05
-5.85735e-05
4.91069e-05
-2.73008e-05
9.21302e-07
2.27723e-05
-3.88089e-05
4.51282e-05
-4.22656e-05
3.25029e-05
-1.88839e-05
4.37892e-06
8.66059e-06
-1.87424e-05
2.52275e-05
-2.817e-05
2.80902e-05
-2.57489e-05
2.19624e-05
-1.74747e-05
1.28865e-05
-8.62958e-06
4.97392e-06
-2.05282e-06
-1.04221e-07
1.53866e-06
-2.3345e-06
2.59638e-06
-2.43442e-06
1.9552e-06
-1.25773e-06
4.3314e-07
-4.3314e-07
1.25773e-06
-1.9552e-06
2.43442e-06
-2.59638e-06
2.3345e-06
-1.53866e-06
1.04221e-07
2.05282e-06
-4.97392e-06
8.62958e-06
-1.28865e-05
1.74747e-05
-2.19624e-05
2.57489e-05
-2.80902e-05
2.817e-05
-2.52275e-05
1.87424e-05
-8.66059e-06
-4.37892e-06
1.88839e-05
-3.25029e-05
4.22656e-05
-4.51282e-05
3.88089e-05
-2.27723e-05
-9.21302e-07
2.73008e-05
-4.91069e-05
5.85735e-05
-5.01746e-05
2.35749e-05
1.44996e-05
-5.08922e-05
6.99793e-05
-6.03814e-05
2.19502e-05
3.08467e-05
-7.26819e-05
7.89273e-05
-4.06662e-05
-2.53298e-05
8.12241e-05
-8.78573e-05
3.50446e-05
4.98452e-05
-9.83272e-05
8.58665e-05
2.94721e-05
-5.94619e-05
0.000188816
0.000169057
0.00026789
0.000843926
0.00138503
0.00248333
0.00480461
0.00821288
0.0137417
0.0228966
0.0363875
0.0558546
0.0837865
0.121641
0.170683
0.2327
0.308027
0.394992
0.491329
0.593719
0.696508
0.792895
0.876752
0.942463
0.98464
0.999623
0.98684
0.948185
0.886812
0.80708
0.71489
0.616942
0.519217
0.426131
0.340775
0.265425
0.201578
0.149639
0.108821
0.0775265
0.0539267
0.0364014
0.0236726
0.0147329
0.00873218
0.00492084
0.00265571
0.00143144
0.000905118
