-0.000156134
0.000100657
6.83522e-05
-9.15175e-05
-6.685e-05
0.000168471
-5.69712e-05
-0.000112591
0.000108999
3.4829e-05
-8.57221e-05
-3.23263e-05
0.000135931
-7.49362e-05
-4.84478e-05
6.14761e-05
1.24289e-05
-2.6005e-05
-3.4805e-05
5.19387e-05
-5.26077e-06
1.86124e-06
-5.33726e-05
3.16184e-05
7.9333e-05
-0.000101126
-3.89159e-05
0.000129166
-6.18003e-06
-0.000146662
5.76673e-05
0.000131793
-0.000145756
-8.8075e-05
9.6139e-05
-9.19864e-05
-0.000188047
-0.000276113
-0.000345804
-0.000656167
-0.00118719
-0.00193725
-0.00292732
-0.00453981
-0.00738906
-0.0110085
-0.016152
-0.0238527
-0.03437
-0.0483958
-0.0669984
-0.0912479
-0.122238
-0.160691
-0.207351
-0.262935
-0.327959
-0.401339
-0.481838
-0.568038
-0.656592
-0.743753
-0.824712
-0.894262
-0.947915
-0.980856
-0.989183
-0.971317
-0.927427
-0.859729
-0.772003
-0.669705
-0.559403
-0.448347
-0.342911
-0.248064
-0.168
-0.104832
-0.0585905
-0.0278191
-0.00900898
0.000884214
0.00449631
0.00474562
0.0032276
0.00149281
0.000437486
-0.000351436
-0.00054153
-0.000305924
-0.000104042
0.000251909
0.000167629
-0.000185379
-0.0001857
-0.000108013
0.000195171
0.000350558
-3.83497e-05
-0.000243743
-0.000318255
6.88023e-05
0.000337815
0.00025866
-0.000139844
-0.000394683
-0.000145782
0.000205621
0.000314145
6.50606e-05
-0.000319064
-0.000171041
0.000315641
0.000632122
0.00052089
-0.000417948
-0.00176891
-0.00321805
-0.00461898
-0.00443135
-0.000836783
0.00878007
0.027806
0.0587814
0.104815
0.16799
0.247947
0.342886
0.448535
0.559366
0.669617
0.771981
0.859767
0.927511
0.971269
0.989124
0.980846
0.948005
0.894278
0.824594
0.743814
0.656597
0.568032
0.481892
0.401217
0.328026
0.262992
0.207265
0.160719
0.122245
0.0912438
0.0669981
0.0484091
0.0343478
0.0238356
0.0162301
0.0109298
0.00739785
0.00460364
0.0028369
0.0020013
0.00118877
0.00060524
0.000366649
0.000326419
0.000143695
3.7237e-05
1.79852e-05
3.92943e-05
9.35657e-05
-6.0181e-05
-8.36745e-05
0.00014225
1.42896e-05
-0.000139851
3.64501e-05
0.000134045
-9.52374e-05
-0.000103347
0.000172954
-2.99027e-05
-9.97833e-05
4.24907e-05
8.17314e-05
-7.44146e-05
-4.70019e-05
0.00010979
-5.27676e-05
-1.57137e-05
5.67853e-06
3.79007e-05
-3.43168e-05
-1.15308e-05
4.05566e-05
-3.54471e-05
2.67228e-05
-3.02725e-05
3.08429e-05
-1.93395e-05
5.60313e-06
