2.73503e-05
-4.24412e-05
3.88347e-05
-1.88453e-05
-7.51629e-06
2.79864e-05
-3.3051e-05
2.32118e-05
-2.52583e-06
-1.02789e-05
2.22492e-05
2.61146e-06
1.57734e-05
6.05388e-05
7.82053e-05
0.000159413
0.000349327
0.000535361
0.00105912
0.00179793
0.00298526
0.00508988
0.00802226
0.0127327
0.0195387
0.0291243
0.0427717
0.0609728
0.0852417
0.116646
0.156135
0.204994
0.263766
0.332599
0.411131
0.497773
0.589652
0.683328
0.773519
0.854831
0.921939
0.969267
0.993151
0.990955
0.961704
0.906798
0.829658
0.735185
0.630344
0.522297
0.417282
0.321089
0.237117
0.167253
0.112355
0.0717535
0.0432797
0.0247119
0.013185
0.00612617
0.00244124
0.000931429
0.000388079
0.000200068
0.000106314
-0.000231898
-0.000188995
0.000179419
0.000196145
-0.000100912
-0.000126892
-2.79369e-05
5.82514e-05
0.000155581
-2.69249e-05
-0.000229321
9.14161e-06
0.000269723
-3.49546e-05
-0.000229737
2.99221e-05
0.00018367
-3.59947e-05
-0.000100076
-3.64492e-06
4.97749e-05
3.66734e-05
-1.8137e-06
-9.29142e-05
-4.38479e-06
0.000130917
-6.93583e-07
-0.000167555
3.14985e-05
0.000181242
-6.56735e-05
-0.000183412
0.000106068
0.000167662
-0.000140871
9.98884e-05
-0.000127891
-6.98349e-05
0.000155754
3.30846e-05
-0.000178483
6.479e-06
0.000200689
-5.87837e-05
-0.000205356
0.000105487
0.000205501
-0.000159547
-0.000174827
0.000181572
0.000148003
-0.000194459
-9.51819e-05
0.00014584
7.8285e-05
-8.63454e-05
-5.86957e-05
-2.61246e-05
9.81421e-05
0.000111116
-0.000130962
-0.000190815
0.000171877
0.000207316
-0.000153471
-0.000176261
5.53587e-05
0.000126241
8.058e-05
-4.0044e-05
-0.000259568
-1.34283e-05
0.00032729
0.000394459
0.000803687
0.00254695
0.00615666
0.0130516
0.0248105
0.0433112
0.0716322
0.112439
0.16729
0.236997
0.321176
0.417309
0.522183
0.630442
0.735186
0.829567
0.906891
0.961694
0.990873
0.993255
0.969228
0.921882
0.854939
0.773442
0.683323
0.589728
0.49769
0.411157
0.332646
0.263685
0.205047
0.156152
0.116569
0.0853301
0.0609296
0.0427434
0.0292059
0.0194525
0.0127758
0.00804139
0.00502601
0.00305361
0.00176293
0.00104623
0.00058206
0.000300293
0.000181445
9.42063e-05
1.82097e-05
5.8342e-05
-1.50567e-05
4.39125e-06
3.42627e-05
-5.08499e-05
5.05487e-05
-2.51916e-05
-1.20876e-05
4.65117e-05
-6.2274e-05
5.22837e-05
-2.02797e-05
