-6.23566e-05
9.44239e-05
-8.05135e-05
2.72707e-05
3.9273e-05
-8.6234e-05
9.02178e-05
-4.94229e-05
-1.49718e-05
6.95225e-05
-8.62803e-05
5.81535e-05
-2.92954e-06
-4.7093e-05
6.44291e-05
-4.31412e-05
2.06429e-06
2.83897e-05
-2.77505e-05
5.50443e-07
2.66748e-05
-2.57726e-05
-9.41902e-06
5.48162e-05
-7.1989e-05
3.85218e-05
3.04112e-05
-8.87118e-05
9.29501e-05
-3.78407e-05
-3.57538e-05
7.26055e-05
-4.66379e-05
-9.81181e-06
4.59702e-05
-1.01925e-05
-3.551e-05
0.00010759
5.40361e-06
6.32783e-05
0.000294857
0.000297284
0.000684016
0.00128948
0.00211266
0.00360514
0.00610915
0.00967838
0.0151508
0.023353
0.0345825
0.0502683
0.0714736
0.0990907
0.134402
0.178857
0.23295
0.297217
0.371965
0.455721
0.546245
0.640385
0.733566
0.819958
0.894371
0.951492
0.986407
0.995899
0.97868
0.934764
0.866428
0.778817
0.678202
0.571295
0.464932
0.365196
0.275928
0.19979
0.138482
0.0920217
0.0583229
0.0349465
0.0196827
0.0103602
0.0049573
0.00223131
0.00115185
0.000564574
-5.52862e-05
-0.000276331
9.31356e-05
0.00033727
-2.45643e-06
-0.000335164
-7.1467e-05
0.000306222
0.000134784
-0.000269899
-0.00018409
0.000228179
0.000121058
-8.98706e-05
-0.000133661
4.61283e-05
0.00012404
-2.12627e-06
-8.26106e-05
-3.63069e-05
1.50001e-05
4.71853e-05
8.33022e-05
6.14566e-06
-6.67402e-05
0.000292332
0.00119419
0.00249058
0.00487254
0.010126
0.019812
0.0351456
0.0581458
0.0918789
0.138694
0.199863
0.275696
0.365208
0.465151
0.571196
0.678032
0.778986
0.866516
0.934555
0.978702
0.996086
0.98629
0.951372
0.894557
0.81996
0.733387
0.640494
0.546348
0.455549
0.371981
0.297376
0.232814
0.178809
0.134561
0.0990201
0.0713699
0.0504233
0.0345542
0.023226
0.0152903
0.00967358
0.00598651
0.00371215
0.00214021
0.001155
0.000787915
0.00032698
0.00016222
0.000172844
1.42671e-05
1.96145e-06
5.78452e-05
-1.89451e-06
-5.36262e-05
8.66164e-05
-4.9795e-05
-2.51547e-05
8.56292e-05
-8.86405e-05
3.82992e-05
2.42168e-05
-5.46407e-05
3.90303e-05
1.94822e-07
-2.59622e-05
1.67231e-05
1.82818e-05
-4.81957e-05
4.51145e-05
-5.14251e-06
-4.8533e-05
8.13687e-05
-7.02902e-05
1.84596e-05
4.66792e-05
-8.97325e-05
8.74815e-05
-4.1148e-05
-2.52374e-05
7.82612e-05
-9.23538e-05
6.18704e-05
-2.68608e-06
-5.64319e-05
8.77776e-05
-7.73099e-05
3.05209e-05
