-0.000253458
-8.34226e-05
0.000252759
0.000117213
-0.000176526
-0.000190362
0.000128909
0.000212462
-7.53446e-05
-0.000164984
-4.04032e-05
0.000166174
4.76074e-05
-6.98427e-05
-4.19531e-05
-6.10306e-05
5.71877e-05
5.84603e-05
0.000109166
-0.000123065
-0.000218828
0.000103495
0.000236727
9.40834e-05
-0.000318682
-0.000153573
0.000193195
0.000182205
3.04424e-05
-0.000148265
-0.000133294
-0.00016038
1.40547e-05
0.000356724
0.000419967
0.000482048
0.000921081
0.000990238
-0.000608827
-0.00572978
-0.0162511
-0.0350086
-0.0649985
-0.108118
-0.166711
-0.241607
-0.331669
-0.43363
-0.542617
-0.652615
-0.75632
-0.846934
-0.919124
-0.967978
-0.990683
-0.987019
-0.958025
-0.906807
-0.837755
-0.756357
-0.667816
-0.576925
-0.48841
-0.405419
-0.329762
-0.263376
-0.206513
-0.158692
-0.119802
-0.0887893
-0.0644571
-0.0459032
-0.0321011
-0.0220073
-0.0147207
-0.0096706
-0.0063391
-0.00389489
-0.00240751
-0.00158486
-0.000819553
-0.000467141
-0.000414074
-8.09549e-05
-6.15978e-05
-0.000159275
5.97766e-05
5.46013e-06
-0.000110637
8.95182e-05
-2.84798e-06
-8.58893e-05
8.93725e-05
-1.40133e-05
-7.11269e-05
8.96784e-05
-2.88881e-05
-5.50049e-05
8.76158e-05
-4.15274e-05
-9.35205e-06
1.83277e-05
-8.84528e-06
-7.151e-06
1.2244e-05
-1.92481e-06
-6.64102e-06
5.38486e-06
1.11385e-05
-5.53588e-07
1.63463e-06
5.5877e-05
2.9317e-05
7.0582e-05
0.000214554
0.000264336
0.000479145
0.000965428
0.00142543
0.00241582
0.00404813
0.00618368
0.00966792
0.0148693
0.0218807
0.0320731
0.046035
0.0643879
0.088719
0.119908
0.158699
0.206399
0.263439
0.329859
0.405263
0.488428
0.577082
0.667668
0.756314
0.837933
0.906717
0.957929
0.987148
0.990707
0.96785
0.919147
0.847079
0.756201
0.652529
0.5428
0.433603
0.331506
0.241724
0.166792
0.107995
0.064946
0.0351631
0.0162532
0.00554249
0.000716274
-0.000871094
-0.00105953
-0.000549968
-0.000272053
-0.000320929
-0.000180316
0.000166283
0.000316996
7.17172e-05
-0.000179852
-7.1262e-05
-8.63486e-05
5.66495e-05
0.000184971
6.81134e-05
-0.000156364
-0.000270733
0.000176551
0.000258564
-3.29457e-05
-0.000246154
-8.53251e-05
0.000230246
6.5017e-05
-8.22458e-05
-9.92853e-05
1.73989e-05
6.67026e-05
8.57066e-06
2.38207e-05
-5.74066e-05
-5.68193e-05
3.23132e-05
0.00010226
6.56037e-06
-0.00013735
-3.55508e-05
0.000128378
8.48302e-05
-0.000115751
