0.000104496
-6.92654e-05
-3.98763e-05
4.69647e-05
6.89574e-05
-0.000130072
2.27477e-05
0.000113896
-8.14091e-05
-6.69555e-05
8.71754e-05
7.5612e-05
-0.000174585
3.56506e-05
0.000146804
-9.47307e-05
-0.000105332
0.00012429
7.8958e-05
-0.00018043
1.63336e-05
0.000150336
-6.92016e-05
-9.55972e-05
7.28832e-05
5.87949e-05
-5.61713e-05
-4.41065e-05
4.15556e-05
2.08834e-05
2.80325e-05
-9.43177e-05
-1.70832e-05
0.000161016
-6.5829e-05
-0.00012204
5.44635e-05
0.00015889
-0.000127523
-9.84018e-05
0.000125098
1.4834e-05
-2.72086e-05
-8.78988e-05
-4.66774e-05
7.02987e-05
-7.96773e-05
-0.000325983
-0.000319681
-0.000342386
-0.000851183
-0.00159277
-0.00226364
-0.00361189
-0.00564295
-0.00878692
-0.0133941
-0.0194686
-0.0282293
-0.0405616
-0.0568818
-0.0781031
-0.105434
-0.140033
-0.182777
-0.234212
-0.294496
-0.363673
-0.441464
-0.525616
-0.6136
-0.702128
-0.786708
-0.862929
-0.925294
-0.968361
-0.988667
-0.983416
-0.951866
-0.895269
-0.816208
-0.719881
-0.612757
-0.501485
-0.392878
-0.292613
-0.205295
-0.134184
-0.0802471
-0.0424572
-0.0182296
-0.00427689
0.0024593
0.00447955
0.00381759
0.00214576
0.000603319
-0.000218973
-0.000329795
-0.000230863
-4.93399e-05
7.03905e-05
0.000436264
0.000363452
-5.31369e-05
-0.000822339
-0.00222856
-0.00355551
-0.00414765
-0.00251061
0.0040416
0.0179982
0.0424912
0.0805569
0.134304
0.205163
0.292376
0.392816
0.501712
0.612903
0.719836
0.815999
0.895162
0.952081
0.983518
0.988628
0.968235
0.925153
0.863142
0.786816
0.701992
0.613567
0.525532
0.441592
0.363805
0.294315
0.234169
0.182831
0.140094
0.105462
0.0780036
0.0568518
0.0406189
0.0283154
0.0193945
0.0133003
0.00890951
0.00561329
0.00361611
0.00227662
0.00149486
0.00095454
0.000363912
0.000231921
0.000342718
0.000121714
-7.51975e-05
-1.11785e-06
0.000144856
-4.04611e-06
-4.59597e-05
-2.32593e-05
5.51242e-07
0.000135963
-9.74378e-05
-9.73907e-05
0.000111567
8.88778e-05
-0.000145649
-5.17032e-05
0.000175025
-3.64669e-05
-0.000116528
6.07567e-05
5.61707e-05
-3.59903e-05
-3.80618e-05
1.58479e-05
3.76824e-05
-7.91758e-06
-2.84503e-05
-3.70951e-05
0.000104056
-2.48087e-05
-0.000105777
7.9025e-05
6.70065e-05
-8.31401e-05
-8.27666e-05
0.000177571
-3.77274e-05
-0.000138965
9.27268e-05
9.08345e-05
-0.000110131
-8.21057e-05
0.000199842
-6.17142e-05
-0.00012911
9.45111e-05
