-5.20913e-06
-1.62013e-05
-4.35698e-05
-0.000109979
-0.000262462
-0.000592019
-0.00126104
-0.00253493
-0.00480856
-0.00861462
-0.0146068
-0.0235316
-0.0362277
-0.0536977
-0.0772405
-0.108527
-0.149432
-0.20155
-0.265591
-0.341074
-0.426526
-0.51978
-0.617783
-0.715955
-0.808107
-0.887591
-0.948758
-0.987294
-0.999778
-0.984249
-0.941668
-0.875911
-0.792012
-0.695407
-0.592664
-0.490703
-0.394599
-0.307624
-0.232608
-0.170976
-0.121837
-0.0839257
-0.0562816
-0.0367273
-0.0229566
-0.0139957
-0.00847096
-0.00473622
-0.00258217
-0.00156362
-0.000708146
-0.000315672
-0.00030338
-2.67255e-05
-8.97641e-06
-0.000116356
7.88582e-05
-2.19649e-05
-5.8065e-05
9.00323e-05
-6.905e-05
1.06463e-05
4.79317e-05
-7.76714e-05
6.82289e-05
-2.94439e-05
-1.80175e-05
5.38829e-05
-6.63943e-05
5.47184e-05
-2.6548e-05
-6.68168e-06
3.44527e-05
-5.01381e-05
5.18738e-05
-4.1766e-05
2.42407e-05
-4.30473e-06
-1.37788e-05
2.7202e-05
-3.47563e-05
3.65804e-05
-3.37164e-05
2.7641e-05
-1.98795e-05
1.17479e-05
-4.22312e-06
-2.08387e-06
6.88755e-06
-1.01533e-05
1.20142e-05
-1.26954e-05
1.2455e-05
-1.15423e-05
1.01734e-05
-8.51973e-06
6.70616e-06
-4.815e-06
2.89385e-06
-9.64912e-07
9.64912e-07
-2.89385e-06
4.815e-06
-6.70616e-06
8.51973e-06
-1.01734e-05
1.15423e-05
-1.2455e-05
1.26954e-05
-1.20142e-05
1.01533e-05
-6.88755e-06
2.08387e-06
4.22312e-06
-1.17479e-05
1.98795e-05
-2.7641e-05
3.37164e-05
-3.65804e-05
3.47563e-05
-2.7202e-05
1.37788e-05
4.30473e-06
-2.42407e-05
4.1766e-05
-5.18738e-05
5.01381e-05
-3.44527e-05
6.68168e-06
2.6548e-05
-5.47184e-05
6.63943e-05
-5.38829e-05
1.80175e-05
2.94439e-05
-6.82289e-05
7.76714e-05
-4.79317e-05
-1.06463e-05
6.905e-05
-9.00323e-05
5.8065e-05
2.19649e-05
-7.88582e-05
0.000116356
8.97641e-06
2.67255e-05
0.00030338
0.000315672
0.000708146
0.00156362
0.00258217
0.00473622
0.00847096
0.0139957
0.0229566
0.0367273
0.0562816
0.0839257
0.121837
0.170976
0.232608
0.307624
0.394599
0.490703
0.592664
0.695407
0.792012
0.875911
0.941668
0.984249
0.999778
0.987294
0.948758
0.887591
0.808107
0.715955
0.617783
0.51978
0.426526
0.341074
0.265591
0.20155
0.149432
0.108527
0.0772405
0.0536977
0.0362277
0.0235316
0.0146068
0.00861462
0.00480856
0.00253493
0.00126104
0.000592024
0.000262482
0.000110053
4.38231e-05
1.70357e-05
7.8287e-06
