-0.0001907
4.65711e-05
0.000180722
-9.16415e-05
-0.00015826
0.000125933
0.000136569
-0.000164637
-9.7284e-05
0.000189705
4.4954e-05
-0.000179379
-2.73991e-05
0.000197845
-2.92787e-05
-0.00016695
6.12205e-05
0.000105574
-2.2301e-05
-0.000119119
5.72786e-05
4.10244e-05
3.05769e-06
-8.89343e-06
-9.76974e-05
6.82297e-05
8.23445e-05
-1.5158e-05
-0.000180287
6.74216e-05
0.000209511
-0.000129328
-0.000143605
7.43434e-05
0.000147585
-5.58745e-05
-0.000103748
2.17352e-06
3.77138e-05
0.000105749
-7.35824e-06
-0.000218522
5.04411e-05
0.000198141
-5.57952e-06
-0.000166224
-5.85943e-05
0.000130138
5.02047e-05
4.84679e-05
-0.00015008
-0.000143467
0.000201023
0.000144654
-0.000115601
-0.000119152
-5.68308e-05
0.000107294
0.000155178
4.38836e-06
-0.000213638
-0.000123052
0.000193721
0.000111137
3.28304e-05
-9.14197e-05
-0.00025967
3.97776e-05
0.000244589
4.84665e-05
-2.58044e-05
-0.000244104
-0.000306737
-0.000159892
-0.000293266
-0.000698654
-0.00115359
-0.00152076
-0.00170716
-0.00209935
-0.0037145
-0.00831876
-0.0179271
-0.035458
-0.0645586
-0.108757
-0.172039
-0.257403
-0.36587
-0.497238
-0.648626
-0.815033
-0.990685
-1.1679
-1.33879
-1.49595
-1.63154
-1.73932
-1.81439
-1.85263
1.97377
1.92268
1.82384
1.68462
1.51422
1.32337
1.12396
0.926444
0.740415
0.573626
0.430378
0.31309
0.22137
0.15227
0.102649
0.0682917
0.0450853
0.0302904
0.0207987
0.0144755
0.0102932
0.0069336
0.00435145
0.00273949
0.00166264
0.00113243
0.000846604
0.000381639
3.49723e-05
-7.14772e-05
6.2481e-05
0.00016522
0.000200668
1.27887e-05
-0.000245427
-7.82637e-05
0.000144585
8.20316e-05
0.000109623
-0.000143888
-0.000216165
0.000134524
0.000161345
4.9558e-06
-9.99047e-05
-0.000117699
2.10461e-05
0.000166003
7.59704e-05
-0.000188781
-0.00012675
0.000191465
4.81392e-05
-1.82468e-05
-8.00205e-05
-9.98653e-05
0.000124774
0.000131875
-9.89364e-05
-0.000178888
0.00010333
0.00016678
-9.9174e-05
-9.2768e-05
3.10036e-05
2.93302e-05
9.30205e-05
-7.47258e-05
-0.00010204
4.26449e-05
0.000161733
-5.62832e-05
-0.000215251
0.000151535
0.00012026
-0.000103147
-0.000121719
0.000111809
8.99779e-05
-0.000117617
-1.40696e-05
3.51589e-05
3.54062e-05
-1.75037e-05
-3.22118e-05
-9.41093e-06
3.77103e-05
4.34094e-05
-7.72754e-05
-3.89283e-05
0.000105204
2.03327e-05
-0.000120629
3.5092e-07
0.000133098
-2.76589e-05
-0.000143584
7.58823e-05
0.00011755
-9.74907e-05
