0.000376416
0.000258076
-0.000188887
-0.000438848
-0.000112739
0.000392767
0.000607047
0.00044508
0.000139296
-0.000352181
-0.002356
-0.00769486
-0.0186868
-0.037577
-0.0668298
-0.109334
-0.16682
-0.240173
-0.328215
-0.42846
-0.536708
-0.646415
-0.750688
-0.842266
-0.91568
-0.966392
-0.991071
-0.988984
-0.961194
-0.911126
-0.842781
-0.761065
-0.671828
-0.580385
-0.491009
-0.406915
-0.330463
-0.263466
-0.206195
-0.158033
-0.11888
-0.0877376
-0.0636268
-0.0450748
-0.0311274
-0.021336
-0.0142903
-0.00919614
-0.00583663
-0.00372875
-0.00233065
-0.00132645
-0.000668673
-0.000582315
-0.000298318
-4.16469e-06
-0.00011509
-0.000113668
1.5118e-05
4.05782e-05
-2.67998e-05
-7.44982e-05
4.91024e-05
8.62523e-05
-0.000144906
2.62006e-05
0.000117099
-0.000102081
-3.60594e-05
0.000110344
-4.64759e-05
-4.05236e-05
3.48652e-05
2.23405e-05
-2.10175e-05
-4.06396e-05
5.61597e-05
2.15766e-05
-9.66592e-05
5.55189e-05
7.06715e-05
-0.000131592
4.45463e-05
9.65536e-05
-0.000129081
1.39415e-05
0.000119331
-0.000123149
-2.607e-06
0.000117069
-9.88533e-05
-2.50654e-05
0.000117824
-8.40007e-05
-3.3932e-05
0.000108983
-6.56847e-05
-4.56524e-05
0.000106703
-5.47339e-05
-1.6454e-05
2.97715e-05
-8.64652e-06
-1.98528e-05
2.22821e-05
-9.20651e-07
-1.23813e-05
1.43595e-06
1.21777e-05
-2.18958e-06
-1.91743e-05
1.28522e-05
2.8211e-05
-5.43173e-05
1.6689e-05
5.66472e-05
-7.54042e-05
-3.36712e-06
0.000102182
-9.83813e-05
-2.26374e-05
0.000128899
-9.00146e-05
-5.68481e-05
0.000140074
-6.20151e-05
-7.78695e-05
0.000111261
-1.71448e-05
-6.32212e-05
3.07887e-05
3.85983e-05
-2.29105e-05
-4.77468e-05
3.69579e-05
7.74581e-05
-0.000127375
2.51013e-05
0.000133224
-8.02097e-05
-1.24485e-05
0.000195608
0.000118089
0.000193663
0.000460009
0.000859081
0.00136557
0.00212347
0.00377513
0.00599686
0.0091316
0.0141523
0.0213983
0.0312852
0.0449762
0.0634614
0.0879071
0.118969
0.157895
0.206107
0.263586
0.330586
0.406751
0.49091
0.580549
0.671912
0.760923
0.842688
0.911237
0.961339
0.988844
0.990942
0.966508
0.915794
0.842232
0.750498
0.646468
0.536873
0.428452
0.328085
0.240087
0.166981
0.10942
0.0667366
0.0374506
0.0187138
0.00785467
0.00236723
0.000234699
-0.000229906
-0.000361758
-0.000486988
-0.000405984
-2.00311e-06
0.000373878
0.000275384
-0.000168643
-0.000375694
-0.000102763
0.000316945
