-0.000371299
-0.000190936
0.000148302
0.000412802
1.71304e-05
-0.000365093
-0.000301601
0.000127444
0.000598952
0.000496215
0.000339654
7.26449e-05
-0.000919209
-0.00427654
-0.01223
-0.0267475
-0.0504856
-0.086128
-0.136095
-0.20167
-0.282598
-0.377336
-0.482507
-0.59243
-0.700237
-0.798792
-0.881925
-0.944493
-0.982124
-0.993179
-0.97784
-0.93849
-0.878609
-0.802622
-0.716625
-0.625843
-0.535003
-0.447841
-0.367404
-0.295871
-0.233703
-0.180864
-0.137449
-0.102575
-0.0750049
-0.0536788
-0.0375834
-0.0260696
-0.0175299
-0.0114014
-0.00746322
-0.00478842
-0.00290503
-0.00169822
-0.00104531
-0.000713033
-0.000302762
-7.78811e-05
-0.000249709
-5.33691e-05
7.73139e-05
-6.75552e-05
-6.0793e-05
4.60971e-05
2.43059e-05
-2.83432e-05
-5.75597e-05
8.28155e-05
2.03623e-05
-0.000127585
8.71635e-05
6.17195e-05
-0.000135904
4.7099e-05
9.08256e-05
-0.000116911
2.07308e-05
6.74655e-05
-5.39174e-05
-1.63157e-05
4.43332e-05
-1.13004e-05
-1.59435e-05
-6.66122e-06
3.84513e-05
-1.87545e-05
-3.92806e-05
5.83388e-05
1.05362e-07
-7.56011e-05
7.47811e-05
1.31877e-05
-9.43296e-05
7.3817e-05
3.23704e-05
-0.000109466
7.0072e-05
4.65359e-05
-0.000114745
5.97374e-05
-6.07105e-05
0.000119306
-5.36047e-05
-6.99322e-05
0.000123214
-4.82378e-05
-7.96054e-05
0.000125876
-3.77771e-05
-9.53121e-05
0.00013183
-2.97712e-05
-0.000103246
0.000123236
-8.12737e-06
-0.000115818
0.000114517
3.45323e-06
-0.000100761
7.37801e-05
3.06152e-05
-8.34555e-05
3.68785e-05
2.70829e-05
-2.00512e-05
-2.95491e-05
2.63233e-05
3.99893e-05
-6.50593e-05
-1.70001e-05
0.000114811
-8.39492e-05
-5.98201e-05
0.000145634
-5.24197e-05
-7.88161e-05
0.000115069
4.27186e-05
-2.11264e-05
0.000121495
0.000233329
0.000372052
0.000499124
0.00109522
0.00186894
0.00279623
0.00467616
0.00757829
0.0114919
0.0174075
0.0259679
0.0377788
0.0537064
0.0748015
0.102618
0.137601
0.180831
0.233544
0.295912
0.367583
0.447766
0.534825
0.625961
0.716751
0.802545
0.878463
0.938553
0.978029
0.993063
0.981988
0.944558
0.882077
0.798761
0.700051
0.592466
0.482673
0.37734
0.282438
0.201625
0.13624
0.0862226
0.0503469
0.0266401
0.0123121
0.00440939
0.000910136
-0.000250138
-0.000343037
-0.000381987
-0.0005093
-0.000202328
0.000151213
0.000422244
7.79439e-05
-0.000341744
-0.000251468
8.24898e-05
0.000428963
7.26804e-05
-0.000294315
