-2.43699e-11
-1.17454e-10
-5.20035e-10
-2.19259e-09
-8.8087e-09
-3.36916e-08
-1.22562e-07
-4.23586e-07
-1.38924e-06
-4.31832e-06
-1.27052e-05
-3.53322e-05
-9.27368e-05
-0.000229403
-0.00053409
-0.0011689
-0.00240287
-0.00463868
-0.00841687
-0.0143898
-0.0232854
-0.0359134
-0.0532681
-0.0766992
-0.107985
-0.149084
-0.201544
-0.265901
-0.341563
-0.427187
-0.520841
-0.619415
-0.717895
-0.809833
-0.888921
-0.949918
-0.988214
-0.999887
-0.98337
-0.940396
-0.874562
-0.790202
-0.693281
-0.591071
-0.489667
-0.393554
-0.306981
-0.232795
-0.171235
-0.121978
-0.0845947
-0.0569684
-0.036948
-0.0234483
-0.0145214
-0.00847402
-0.00496757
-0.00288146
-0.00140831
-0.000842062
-0.000466113
-0.000104354
-0.000178587
-3.69563e-05
3.68972e-05
-9.78685e-05
6.57516e-05
-2.11169e-05
-3.56025e-05
6.84844e-05
-7.18249e-05
4.76502e-05
-9.81071e-06
-2.69863e-05
5.14512e-05
-5.88268e-05
5.03472e-05
-3.11922e-05
7.89004e-06
1.37606e-05
-2.98722e-05
3.87571e-05
-4.05897e-05
3.6766e-05
-2.92316e-05
1.99424e-05
-1.0523e-05
2.11502e-06
4.63119e-06
-9.47823e-06
1.24861e-05
-1.38953e-05
1.40281e-05
-1.32174e-05
1.17614e-05
-9.90113e-06
7.81353e-06
-5.61594e-06
3.37618e-06
-1.12576e-06
1.12576e-06
-3.37618e-06
5.61594e-06
-7.81353e-06
9.90113e-06
-1.17614e-05
1.32174e-05
-1.40281e-05
1.38953e-05
-1.24861e-05
9.47823e-06
-4.63119e-06
-2.11502e-06
1.0523e-05
-1.99424e-05
2.92316e-05
-3.6766e-05
4.05897e-05
-3.87571e-05
2.98722e-05
-1.37606e-05
-7.89004e-06
3.11922e-05
-5.03472e-05
5.88268e-05
-5.14512e-05
2.69863e-05
9.81071e-06
-4.76502e-05
7.18249e-05
-6.84844e-05
3.56025e-05
2.11169e-05
-6.57516e-05
9.78685e-05
-3.68972e-05
3.69563e-05
0.000178587
0.000104354
0.000466113
0.000842062
0.00140831
0.00288146
0.00496757
0.00847402
0.0145214
0.0234483
0.036948
0.0569684
0.0845947
0.121978
0.171235
0.232795
0.306981
0.393554
0.489667
0.591071
0.693281
0.790202
0.874562
0.940396
0.98337
0.999887
0.988214
0.949918
0.888921
0.809833
0.717895
0.619415
0.520841
0.427187
0.341563
0.265901
0.201544
0.149084
0.107985
0.0766992
0.0532681
0.0359134
0.0232854
0.0143898
0.00841687
0.00463868
0.00240287
0.0011689
0.00053409
0.000229403
9.27368e-05
3.53322e-05
1.27052e-05
4.31832e-06
1.38924e-06
4.23586e-07
1.22562e-07
3.36916e-08
8.8087e-09
2.19263e-09
5.20265e-10
1.18682e-10
3.06413e-11
