-7.10088e-05
0.000103852
-8.06e-05
1.33809e-05
6.15829e-05
-0.000103164
8.79984e-05
-2.42149e-05
-5.22145e-05
9.76448e-05
-8.65289e-05
2.72745e-05
4.25973e-05
-8.02602e-05
6.56124e-05
-1.44211e-05
-3.36528e-05
4.4771e-05
-1.67742e-05
-1.94841e-05
2.62287e-05
7.41983e-06
-5.26237e-05
6.30155e-05
-1.63949e-05
-5.97938e-05
0.000105511
-7.82923e-05
-5.80574e-06
8.06327e-05
-8.62696e-05
2.47048e-05
3.97768e-05
-4.17833e-05
-1.8362e-05
7.11739e-05
-4.84584e-05
-4.04573e-05
0.000110248
-8.65747e-05
-9.75871e-06
7.84845e-05
-4.84659e-05
-3.78749e-05
6.92967e-05
4.25548e-06
-9.98398e-05
0.000104262
6.20937e-06
-7.79074e-05
7.49542e-05
9.8153e-05
1.13357e-05
0.000160591
0.000464006
0.00055967
0.00111482
0.00213279
0.00352222
0.00572551
0.00950239
0.0150057
0.0227788
0.0341676
0.0499529
0.0709414
0.0984516
0.13411
0.178573
0.232723
0.297442
0.37269
0.456889
0.547859
0.642472
0.735881
0.822323
0.896352
0.953047
0.987552
0.996317
0.97792
0.933132
0.864294
0.776047
0.675065
0.568711
0.463222
0.363782
0.274784
0.199521
0.139173
0.093003
0.0592253
0.0357984
0.0204927
0.0110807
0.00564723
0.00281858
0.00166053
0.00032856
0.00137372
0.0030529
0.0056422
0.01071
0.0203145
0.0360859
0.0594841
0.0927975
0.138868
0.199652
0.275106
0.363712
0.462899
0.56874
0.67538
0.776042
0.863987
0.933132
0.978217
0.996308
0.987265
0.953078
0.896628
0.822256
0.735626
0.642579
0.548088
0.456731
0.372512
0.297639
0.232843
0.178341
0.134075
0.098686
0.0708872
0.0497489
0.0343034
0.0229201
0.0148034
0.00947053
0.0059295
0.00345336
0.00196668
0.0012803
0.000620157
0.000268294
0.000226627
0.000152448
-5.12593e-05
3.13879e-05
0.000106137
-9.25285e-05
6.1162e-06
6.59273e-05
-2.97405e-05
-5.8804e-05
9.00393e-05
-2.02027e-05
-7.92491e-05
0.000107828
-4.3859e-05
-3.94441e-05
5.80443e-05
-3.73705e-06
-5.46194e-05
4.75948e-05
2.42453e-05
-9.38741e-05
9.49452e-05
-2.34911e-05
-6.18767e-05
9.51395e-05
-5.89556e-05
-6.74155e-06
4.50863e-05
-3.15084e-05
-1.02334e-05
3.42773e-05
-1.44991e-05
-3.394e-05
6.87633e-05
-5.60708e-05
-2.1674e-06
6.89461e-05
-9.88778e-05
6.99194e-05
2.06143e-06
-7.42987e-05
0.000104545
-7.63614e-05
7.23316e-06
6.34649e-05
-9.76588e-05
7.89314e-05
-1.95478e-05
-4.79181e-05
8.84106e-05
-8.2003e-05
3.29982e-05
