8.11256e-321
7.66296e-321
8.57698e-321
7.41098e-321
7.71236e-321
9.71827e-321
7.73707e-321
3.67091e-321
1.10177e-321
2.2233e-322
2.96439e-323
0
0
0
0
0
0
0
0
0
0
0
0
0
0
0
0
0
0
0
0
0
0
0
0
0
0
0
0
0
0
0
0
0
0
0
0
0
0
0
0
0
0
0
0
0
0
0
0
0
0
0
0
0
0
0
0
0
0
0
0
0
0
0
0
0
0
0
0
0
0
0
0
0
-1.80021e-12
-1.66092e-10
-6.79536e-09
-1.6234e-07
-2.5096e-06
-2.62931e-05
-0.000190206
-0.000951843
-0.00327174
-0.00773066
-0.0133266
-0.0202628
-0.0319678
-0.049012
-0.0723486
-0.10464
0.10464
0.0723486
0.049012
0.0319678
0.0202628
0.0133266
0.00773066
0.00327174
0.000951843
0.000190206
2.62931e-05
2.5096e-06
1.6234e-07
6.79536e-09
1.66092e-10
1.80021e-12
0
0
0
0
0
0
0
0
0
0
0
0
0
0
0
0
0
0
0
0
0
0
0
0
0
0
0
0
0
0
0
0
0
0
0
0
0
0
0
0
0
0
0
0
0
0
0
0
0
0
0
0
0
0
0
0
0
0
0
0
0
0
0
0
0
0
0
0
0
0
0
0
0
0
0
0
0
0
0
0
0
0
0
0
