-0.0524408
-0.102839
-0.14922
-0.189498
-0.221842
-0.244544
-0.256585
-0.257823
-0.248968
-0.231819
-0.2083
-0.180764
-0.151357
-0.122057
-0.0950262
-0.0714135
-0.0522063
-0.0371309
-0.0255199
-0.0170167
-0.0107946
-0.00690207
-0.00446882
-0.00284237
-0.00173401
-0.000734971
-0.000396281
-0.000348969
-0.000324552
-0.000184638
0.000118598
0.000125778
-0.000109905
-0.000154132
-1.4348e-05
0.000132626
0.000132188
-0.000185477
-9.50474e-05
9.45102e-05
0.000100043
2.54828e-05
-0.000193761
-7.42508e-06
0.000177292
1.11303e-05
-0.000130314
-3.53484e-05
6.58173e-05
0.00012881
-0.00011053
-0.000137338
0.000159884
5.44837e-05
-8.8967e-05
-6.27263e-05
4.77301e-05
9.76417e-05
-3.93718e-05
-0.000157029
0.000129044
9.64231e-05
-0.00015017
-1.9668e-05
9.93351e-05
7.19302e-06
-5.69215e-05
-3.98476e-05
6.41054e-05
7.60528e-05
-0.000148178
-1.04751e-06
0.000159487
-8.17137e-05
-0.000118472
0.000151437
8.29119e-06
-0.000116467
4.51161e-05
6.20344e-05
-5.19566e-05
-1.78728e-05
1.87894e-05
2.96594e-05
-1.70715e-05
-5.1167e-05
5.38738e-05
4.00625e-05
-9.89517e-05
1.91981e-05
0.000104756
-9.80748e-05
-4.49991e-05
0.000137856
-5.00578e-05
-0.000109752
0.000131358
1.80767e-05
-0.000146228
8.57819e-05
-6.70747e-05
0.000118178
-2.10475e-05
-0.000106752
0.000104363
3.23177e-05
-0.00013518
6.75957e-05
9.4755e-05
-0.000144955
8.14213e-06
0.000146964
-0.000115473
-6.93682e-05
0.000166817
-4.62598e-05
-0.000131624
0.00013135
3.41288e-05
-0.000130548
4.08652e-05
8.16781e-05
-6.49937e-05
-2.50234e-05
2.21498e-05
4.92664e-05
-2.70623e-05
-7.75441e-05
6.61299e-05
9.46082e-05
-0.000160737
-3.16728e-06
0.000163771
-7.44174e-05
-0.000113765
0.000103802
4.54255e-05
-5.26055e-05
-5.80181e-05
1.84438e-05
0.000133885
-8.89541e-05
-0.000124657
0.000134317
8.59157e-05
-0.000145432
-2.33992e-05
5.31351e-05
9.68232e-05
-5.39239e-05
-0.00015878
0.000113001
0.000130508
-0.000102553
-0.000105973
4.49538e-05
0.000108023
5.30186e-05
-0.000207739
-1.52445e-05
0.000172293
3.24815e-05
-7.29837e-05
-0.000153428
8.0095e-05
0.00019939
-7.72593e-06
-0.000125049
3.92597e-05
0.000265342
0.000482725
0.000460254
0.000725491
0.00161364
0.00279025
0.00459796
0.00694337
0.0107848
0.0168051
0.0252617
0.0370163
0.0525648
0.0735151
0.101265
0.13716
0.182859
0.239935
0.310824
0.397789
0.502627
0.626021
0.766905
0.922524
1.08805
1.25659
1.41942
1.56656
1.68789
1.77445
1.81949
