5.35207e-05
-8.36405e-05
7.71822e-05
-3.7033e-05
-1.89957e-05
6.59597e-05
-8.29694e-05
6.28142e-05
-1.54746e-05
-3.64548e-05
6.86237e-05
-6.69451e-05
3.46879e-05
9.48378e-06
-4.16545e-05
4.6432e-05
-2.47813e-05
-4.81962e-06
2.32513e-05
-1.2315e-05
-7.05716e-06
4.37668e-05
-1.07403e-05
3.85646e-05
0.000130332
8.21837e-05
0.000359024
0.000542958
0.000929939
0.00181239
0.00287543
0.00489933
0.00795986
0.0124517
0.0192591
0.0289308
0.0423161
0.0606507
0.0849447
0.116166
0.155947
0.204844
0.263694
0.333003
0.41178
0.498713
0.591163
0.684978
0.77521
0.856683
0.923333
0.970283
0.993786
0.990852
0.960934
0.905486
0.827697
0.732874
0.62821
0.52037
0.415889
0.320242
0.23673
0.167236
0.11278
0.0725377
0.0441837
0.0254876
0.0137297
0.00656123
0.00269494
0.00126302
0.000656098
0.000158873
-9.47551e-05
-9.76403e-05
-6.19428e-05
0.000121483
0.000187375
-0.000121169
-0.000256098
0.000100828
0.000276864
-8.60415e-05
-0.000240886
5.39853e-05
0.000196825
-3.89079e-05
-0.00012758
8.46096e-06
7.71642e-05
5.17609e-06
-2.22975e-05
-2.87649e-05
-9.26073e-06
3.88073e-05
3.71185e-05
-5.09851e-05
-4.86468e-05
5.32231e-05
-0.000183657
0.000199747
0.000169202
-0.000218339
-0.000151631
0.000229816
0.000141271
-0.000244518
-0.000120986
0.000237583
0.000113442
-0.000227736
-9.17936e-05
0.000178634
8.85385e-05
-0.000118266
-7.08946e-05
1.38577e-05
6.98093e-05
9.4947e-05
-5.37264e-05
-0.000209911
3.33101e-05
0.000287824
-2.47237e-06
-0.000289205
-4.64353e-05
0.000318446
0.000511569
0.00119954
0.00287364
0.0065073
0.0135924
0.0256338
0.0442149
0.0723722
0.112874
0.167322
0.236577
0.320275
0.416016
0.520231
0.628206
0.733008
0.827586
0.905453
0.961068
0.990764
0.993733
0.970423
0.923246
0.856638
0.775333
0.684903
0.591118
0.498831
0.411704
0.332965
0.263813
0.204745
0.155945
0.116257
0.0848472
0.0606722
0.0423831
0.0288377
0.0192968
0.0125038
0.00785561
0.0049787
0.00287794
0.00173124
0.00103256
0.000486249
0.000338815
0.000156714
5.71087e-05
6.21268e-05
2.52633e-05
-2.05405e-05
3.74523e-05
-4.99978e-06
-3.19916e-05
6.28088e-05
-6.11513e-05
2.67725e-05
2.56708e-05
-6.96081e-05
8.28368e-05
-5.79505e-05
6.08261e-06
4.90649e-05
-8.26274e-05
7.99535e-05
-4.27152e-05
-1.24658e-05
6.17122e-05
-8.42165e-05
7.08112e-05
-2.74599e-05
