0.000325887
4.29771e-05
0.000102058
0.000864468
0.00153257
0.00249127
0.00496699
0.00922703
0.015731
0.0261463
0.0422182
0.0657179
0.0986916
0.142739
0.199528
0.270436
0.354365
0.448634
0.550547
0.655379
0.756286
0.846615
0.919915
0.970864
0.996464
0.994652
0.965395
0.912001
0.839066
0.752307
0.658026
0.561166
0.466568
0.378544
0.299638
0.231907
0.175784
0.130314
0.0946965
0.0671722
0.0463171
0.0311474
0.020124
0.0126004
0.00763657
0.00433705
0.00249125
0.00128662
0.000652809
0.000371887
0.00010405
0.000114009
1.04181e-05
6.42604e-06
3.55106e-05
-4.13066e-05
4.4578e-05
-3.24067e-05
1.43584e-05
6.23379e-06
-2.36901e-05
3.47613e-05
-3.78514e-05
3.33819e-05
-2.31733e-05
9.8228e-06
3.97089e-06
-1.59224e-05
2.44714e-05
-2.88828e-05
2.91765e-05
-2.59496e-05
2.01516e-05
-1.28655e-05
5.128e-06
2.19415e-06
-8.4699e-06
1.33198e-05
-1.65949e-05
1.83334e-05
-1.87067e-05
1.7967e-05
-1.64004e-05
1.42905e-05
-1.18941e-05
9.42525e-06
-7.05022e-06
4.88703e-06
-3.01028e-06
1.45802e-06
-2.39631e-07
-6.56539e-07
1.25625e-06
-1.5937e-06
1.70713e-06
-1.63575e-06
1.4177e-06
-1.08904e-06
6.83524e-07
-2.32809e-07
2.32809e-07
-6.83524e-07
1.08904e-06
-1.4177e-06
1.63575e-06
-1.70713e-06
1.5937e-06
-1.25625e-06
6.56539e-07
2.39631e-07
-1.45802e-06
3.01028e-06
-4.88703e-06
7.05022e-06
-9.42525e-06
1.18941e-05
-1.42905e-05
1.64004e-05
-1.7967e-05
1.87067e-05
-1.83334e-05
1.65949e-05
-1.33198e-05
8.4699e-06
-2.19415e-06
-5.128e-06
1.28655e-05
-2.01516e-05
2.59496e-05
-2.91765e-05
2.88828e-05
-2.44714e-05
1.59224e-05
-3.97086e-06
-9.82267e-06
2.31737e-05
-3.33805e-05
3.78562e-05
-3.47461e-05
2.37364e-05
-6.09698e-06
-1.39676e-05
3.34859e-05
-4.16982e-05
4.87256e-05
-1.7069e-05
3.77728e-05
9.1645e-05
0.000112908
0.000381359
0.000626572
0.00132101
0.00246209
0.00434787
0.00765088
0.012565
0.0201656
0.0311196
0.0463153
0.0672056
0.094647
0.130352
0.175779
0.231871
0.299695
0.378501
0.466567
0.561215
0.65796
0.752343
0.83909
0.911931
0.965459
0.994647
0.9964
0.970946
0.919887
0.846559
0.75638
0.655337
0.550492
0.448738
0.354319
0.27037
0.199642
0.142704
0.098601
0.0658346
0.0422172
0.0260216
0.0158295
0.00928721
0.00481804
0.0025286
0.00166867
0.000741641
3.05339e-05
0.000222387
0.000332696
-0.000141751
