-4.09407e-05
5.01693e-05
-1.48686e-05
-4.3155e-05
7.29645e-05
-3.44571e-05
-5.26958e-05
0.000107779
-6.03179e-05
-6.44327e-05
0.000146644
-8.6866e-05
-7.3435e-05
0.000172684
-9.81157e-05
-7.65972e-05
0.000161674
-7.07923e-05
-7.28374e-05
9.30501e-05
8.20687e-06
-5.9158e-05
-2.74873e-05
0.000111096
-2.57307e-05
-0.000144788
0.000154761
3.41147e-05
-0.000163211
5.83663e-05
8.88063e-05
-2.69144e-05
-0.000123025
5.90988e-05
0.000156219
-0.000160516
-6.81641e-05
0.000136665
5.77849e-05
-0.000102888
-0.000108548
0.000216088
0.000152113
2.54905e-05
0.000370288
0.00108526
0.00219218
0.003866
0.00747368
0.0139007
0.0240681
0.0396016
0.0627178
0.0961343
0.141396
0.199821
0.271957
0.357553
0.454562
0.558609
0.664144
0.764632
0.853902
0.925664
0.974671
0.997153
0.991805
0.959992
0.905003
0.831691
0.745247
0.651376
0.555337
0.46214
0.37563
0.298572
0.23229
0.177
0.132099
0.0964534
0.0688376
0.0478828
0.0324448
0.0213247
0.0136206
0.00839931
0.00503624
0.00289898
0.00163219
0.000872477
0.00046445
0.00022793
0.000117259
5.09695e-05
2.70313e-05
9.23324e-06
6.06257e-06
1.10864e-06
1.3759e-06
2.70181e-07
1.29868e-06
1.58856e-06
5.69009e-06
9.71201e-06
2.65086e-05
5.15719e-05
0.000116581
0.000228689
0.000463618
0.00087337
0.00163126
0.00289992
0.00503533
0.00840013
0.0136199
0.0213251
0.0324447
0.0478825
0.0688384
0.096452
0.132101
0.176997
0.232293
0.298568
0.375634
0.462136
0.555341
0.651373
0.745249
0.83169
0.905002
0.959995
0.9918
0.997159
0.974664
0.925672
0.853894
0.764638
0.664141
0.558609
0.454567
0.357545
0.271968
0.199809
0.141407
0.0961258
0.0627211
0.0396049
0.0240583
0.0139155
0.00745667
0.00388127
0.00218268
0.00108591
0.000379554
7.90515e-06
0.000173729
0.000196549
-9.73625e-05
-0.000101337
4.28352e-05
0.000161099
-9.42663e-05
-0.000142157
0.000153217
4.42504e-05
-9.47747e-05
-5.79929e-05
0.00010969
5.76858e-05
-0.000184674
6.95034e-05
0.000121289
-0.00012986
-1.31291e-05
7.54158e-05
1.39497e-05
-8.40432e-05
1.29415e-06
0.000130092
-0.00012021
-4.11885e-05
0.00016959
-0.000119611
-4.57806e-05
0.000145581
-9.19747e-05
-3.266e-05
9.35445e-05
-5.1813e-05
-2.02039e-05
4.2549e-05
-1.24496e-05
-1.54339e-05
6.62963e-06
1.72311e-05
-1.65311e-05
-1.20877e-05
3.2832e-05
-1.76852e-05
