-0.000159697
-5.37202e-05
0.00019681
1.79833e-05
-0.00011439
-8.62249e-05
0.000110966
9.51923e-05
-0.000101363
-3.30618e-05
-1.61297e-05
8.10161e-05
5.1225e-06
-6.49817e-06
-3.79004e-05
-9.97608e-05
0.000129373
9.25435e-05
-4.53056e-05
-0.000222444
2.92517e-05
0.000291547
-1.80049e-05
-0.000226677
-0.000121097
0.000224253
0.000139605
-0.000117335
-9.68878e-05
-5.30761e-05
3.1189e-05
0.000152229
9.82835e-05
-0.000142756
-0.000259671
6.75912e-05
0.000320983
2.32125e-05
-0.000118326
-0.000184004
-0.00013101
-1.01787e-05
0.000172489
0.000350982
0.000333771
0.000876708
0.00150756
0.000958929
-0.0019579
-0.00926628
-0.0236684
-0.0477189
-0.084089
-0.135095
-0.202554
-0.285887
-0.382773
-0.489611
-0.600109
-0.707549
-0.805427
-0.887131
-0.947379
-0.982835
-0.991787
-0.974605
-0.93348
-0.872663
-0.796756
-0.711001
-0.621118
-0.531323
-0.445246
-0.366189
-0.295374
-0.233671
-0.181684
-0.138542
-0.103606
-0.0761768
-0.0548787
-0.0387336
-0.0268905
-0.0182678
-0.0121565
-0.00793168
-0.00510628
-0.00319068
-0.00193458
-0.00121409
-0.0007055
-0.000359898
-0.000280842
-0.000122558
-2.36197e-05
-9.81135e-05
-2.67653e-06
3.34028e-05
-7.45213e-05
2.86144e-05
-3.60563e-05
0.000133777
-3.65394e-05
4.72922e-05
0.000231909
0.000138663
0.00040807
0.000791507
0.00107726
0.00199497
0.00325834
0.00498152
0.00799192
0.012213
0.0181608
0.0269348
0.0387927
0.054789
0.0761921
0.103684
0.138463
0.181664
0.233779
0.295301
0.36613
0.445391
0.531247
0.621032
0.711169
0.796686
0.872555
0.933652
0.974554
0.991674
0.982969
0.94738
0.887013
0.805495
0.707625
0.599992
0.4896
0.382918
0.28579
0.202463
0.135279
0.0840301
0.0475924
0.0238026
0.00930054
0.00182007
-0.000927811
-0.00138125
-0.000970752
-0.00042934
-0.000181945
-0.000178214
-0.000162581
0.000247048
0.000267462
-5.01217e-06
-7.36629e-05
-0.000165882
-7.65185e-05
8.76354e-05
0.000244596
1.89307e-05
-0.000295745
-8.97704e-05
0.000207649
0.000110802
-4.16333e-05
-0.000117077
-4.62851e-05
1.71303e-05
0.000102692
0.000140594
-0.000201223
-0.000149853
0.000119629
0.000232067
-6.65513e-05
-0.000290763
8.7471e-05
0.000191654
2.74954e-05
-0.000201591
-3.87408e-05
0.000168851
9.4293e-06
-6.17292e-05
-7.21959e-05
7.29505e-05
2.98679e-05
-3.09098e-05
-3.42446e-06
-2.26847e-05
3.41209e-05
-1.43242e-05
1.86829e-05
-1.49628e-05
