-0.000100478
5.90379e-05
5.00773e-05
-5.49262e-05
-4.92038e-05
9.99165e-05
-2.26897e-05
-6.35122e-05
4.31029e-05
2.35747e-05
-1.80783e-05
-4.27536e-05
5.5992e-05
-1.60797e-05
6.02353e-06
-2.81311e-05
-3.13047e-07
6.91608e-05
-6.14193e-05
-2.8483e-05
4.05858e-05
8.02829e-05
-0.000140894
-1.58408e-06
0.000161513
-9.06513e-05
-9.9782e-05
9.464e-05
0.000102172
-0.00016503
-8.83771e-06
0.000133861
-4.34195e-05
-6.29507e-05
5.11239e-07
3.56996e-05
2.14715e-05
-0.000102452
-0.000106996
-1.168e-05
-0.000103811
-0.000457674
-0.000577389
-0.000677603
-0.00150993
-0.00243833
-0.00369901
-0.00572168
-0.00882638
-0.0134152
-0.01976
-0.0284963
-0.0405862
-0.0570921
-0.078437
-0.105599
-0.140244
-0.182917
-0.234139
-0.294461
-0.36347
-0.440957
-0.525015
-0.61271
-0.700974
-0.785719
-0.861893
-0.924154
-0.967557
-0.988183
-0.983516
-0.9526
-0.896007
-0.817215
-0.721397
-0.614381
-0.503158
-0.394016
-0.293073
-0.205723
-0.134413
-0.0800654
-0.0418405
-0.0170917
-0.00338494
0.00274726
0.00456473
0.00393551
0.00255215
0.00104693
-0.000285576
-0.000672245
-0.000436456
3.14133e-05
0.000369844
7.35269e-05
-0.00029062
-0.000294333
-6.34697e-05
0.000358866
0.000221934
-3.63861e-05
-0.000229403
-0.000202163
4.87265e-05
0.000254334
0.000140751
-0.000101458
-0.000132307
0.000201107
0.000563436
0.00037586
-0.00076857
-0.00256082
-0.00414934
-0.00465123
-0.00273066
0.00362307
0.0171388
0.0416077
0.080034
0.134437
0.205868
0.293161
0.393771
0.503143
0.614493
0.721429
0.817275
0.895831
0.952568
0.983684
0.988174
0.967511
0.924088
0.861911
0.785814
0.700959
0.612647
0.524964
0.441071
0.363479
0.294366
0.234195
0.182872
0.140294
0.105639
0.0783088
0.0571631
0.0406266
0.028439
0.0197732
0.0134169
0.00883392
0.00570003
0.00374941
0.00238231
0.00150202
0.000766863
0.000480383
0.000489485
0.000139711
-4.91215e-05
0.000141574
0.000123834
-6.17718e-05
-5.71165e-05
8.56413e-05
2.43438e-05
-4.16993e-05
-8.58878e-06
-2.53939e-05
0.000108278
-5.81738e-05
-8.18143e-05
8.18634e-05
6.98023e-05
-0.000112227
-5.81294e-05
0.0001941
-8.23638e-05
-0.000113562
0.000106482
7.27881e-05
-0.000135943
-1.65359e-05
0.000158747
-9.25965e-05
-6.87627e-05
9.18569e-05
3.45739e-05
-0.000108799
2.33042e-05
9.46644e-05
-8.39582e-05
-2.51938e-05
7.18024e-05
3.33801e-06
-8.45895e-05
5.19816e-05
