8.12091e-05
1.16954e-05
-4.11571e-05
-0.000106895
6.09601e-05
0.000128175
2.64928e-05
-0.000140629
-0.000182306
0.000149748
0.000233391
4.45181e-05
-0.000325009
-0.000298695
0.000227917
0.000488208
0.000544755
0.000362449
0.000355344
-0.000473419
-0.00391432
-0.011636
-0.0261525
-0.0498141
-0.0857765
-0.136065
-0.201719
-0.283074
-0.378418
-0.484066
-0.593987
-0.701515
-0.80013
-0.883198
-0.945045
-0.982164
-0.992846
-0.977428
-0.937556
-0.877121
-0.801533
-0.715633
-0.62487
-0.534059
-0.447341
-0.367384
-0.29565
-0.233528
-0.181201
-0.137737
-0.102667
-0.0751923
-0.053986
-0.0379599
-0.0260082
-0.0176915
-0.0117536
-0.00742756
-0.00477528
-0.00308167
-0.00174223
-0.00103637
-0.000672693
-0.000380654
-0.0001692
-6.0207e-05
-0.000155415
-1.39374e-05
8.40232e-05
-0.000109268
-3.17466e-05
0.000133333
-9.88357e-05
-3.2965e-05
0.000103135
-4.97254e-05
-4.49822e-05
6.94558e-05
-1.80331e-05
-2.67969e-05
1.35285e-05
1.96619e-05
-1.21465e-05
-2.9575e-05
4.11135e-05
8.21109e-06
-6.55438e-05
5.48141e-05
2.57357e-05
-9.09799e-05
6.25415e-05
3.78258e-05
-0.000104979
6.3128e-05
4.87944e-05
-0.000114583
6.31219e-05
5.47441e-05
-0.000117551
5.96784e-05
-5.39303e-05
0.000108505
-5.50483e-05
-5.51958e-05
0.000113195
-5.87029e-05
-5.73127e-05
0.000118957
-6.0335e-05
-6.3755e-05
0.000127748
-6.25715e-05
-6.8674e-05
0.00013111
-5.85866e-05
-7.35e-05
0.000126331
-4.69168e-05
-7.53201e-05
0.000109981
-3.08668e-05
-6.17636e-05
6.62262e-05
3.6103e-06
-4.70981e-05
1.9056e-05
2.4685e-05
5.52141e-06
-5.3914e-05
7.41559e-05
6.58434e-05
-4.57739e-05
0.000154745
0.000292381
0.000219561
0.000658893
0.00117116
0.00171403
0.00295384
0.0048497
0.00754801
0.0116054
0.0176292
0.0262165
0.0378957
0.0538264
0.0753235
0.102749
0.137614
0.181133
0.233681
0.295685
0.367194
0.447377
0.534248
0.624753
0.715517
0.80164
0.87723
0.937443
0.977301
0.993027
0.982227
0.944873
0.883161
0.800288
0.701558
0.593821
0.48402
0.378609
0.283092
0.201541
0.136055
0.0859171
0.049885
0.0259621
0.0115909
0.00408292
0.000521867
-0.000469694
-0.000490633
-0.00039164
-0.000381092
-0.000331143
0.000173526
0.000365632
0.000134851
-0.000272708
-0.000291367
0.000143165
0.000277751
6.74564e-05
-0.000247594
-0.000166186
0.000140116
0.000192294
-1.3099e-06
-0.000207259
-6.92021e-05
0.000145123
