-4.48584e-12
-2.27684e-11
-1.066e-10
-4.75597e-10
-2.0228e-09
-8.19501e-09
-3.15957e-08
-1.15812e-07
-4.03134e-07
-1.33109e-06
-4.16371e-06
-1.23221e-05
-3.44512e-05
-9.08668e-05
-0.000225762
-0.000527631
-0.00115855
-0.00238802
-0.0046197
-0.00839507
-0.0143663
-0.0232586
-0.0358782
-0.0532188
-0.0766368
-0.107924
-0.149048
-0.201548
-0.265935
-0.341612
-0.427257
-0.520966
-0.619606
-0.718109
-0.810013
-0.889068
-0.950062
-0.988318
-0.999879
-0.983268
-0.940276
-0.874411
-0.789975
-0.693054
-0.590922
-0.489533
-0.393419
-0.306943
-0.232818
-0.171226
-0.122018
-0.0846904
-0.0570007
-0.0369869
-0.023535
-0.0145331
-0.00848741
-0.00502749
-0.00286395
-0.00141363
-0.000882029
-0.000430023
-0.000122919
-0.000196022
6.60967e-07
-2.15045e-07
-8.28467e-05
7.91593e-05
-5.54506e-05
2.8734e-06
4.24248e-05
-6.79031e-05
6.60223e-05
-4.27799e-05
9.10543e-06
2.30847e-05
-4.53006e-05
5.38403e-05
-4.9448e-05
3.57543e-05
-1.74947e-05
-9.43114e-07
1.63712e-05
-2.7073e-05
3.26534e-05
-3.36676e-05
3.12e-05
-2.65006e-05
2.07299e-05
-1.4817e-05
9.4107e-06
-4.89324e-06
1.42911e-06
9.74942e-07
-2.41233e-06
3.02978e-06
-2.9937e-06
2.46931e-06
-1.61056e-06
5.57978e-07
-5.57978e-07
1.61056e-06
-2.46931e-06
2.9937e-06
-3.02978e-06
2.41233e-06
-9.74942e-07
-1.42911e-06
4.89324e-06
-9.4107e-06
1.4817e-05
-2.07299e-05
2.65006e-05
-3.12e-05
3.36676e-05
-3.26534e-05
2.7073e-05
-1.63712e-05
9.43114e-07
1.74947e-05
-3.57543e-05
4.9448e-05
-5.38403e-05
4.53006e-05
-2.30847e-05
-9.10543e-06
4.27799e-05
-6.60223e-05
6.79031e-05
-4.24248e-05
-2.8734e-06
5.54506e-05
-7.91593e-05
8.28467e-05
2.15045e-07
-6.60967e-07
0.000196022
0.000122919
0.000430023
0.000882029
0.00141363
0.00286395
0.00502749
0.00848741
0.0145331
0.023535
0.0369869
0.0570007
0.0846904
0.122018
0.171226
0.232818
0.306943
0.393419
0.489533
0.590922
0.693054
0.789975
0.874411
0.940276
0.983268
0.999879
0.988318
0.950062
0.889068
0.810013
0.718109
0.619606
0.520966
0.427257
0.341612
0.265935
0.201548
0.149048
0.107924
0.0766368
0.0532188
0.0358782
0.0232586
0.0143663
0.00839507
0.0046197
0.00238802
0.00115855
0.000527631
0.000225762
9.08668e-05
3.44512e-05
1.23221e-05
4.16371e-06
1.33109e-06
4.03134e-07
1.15812e-07
3.15957e-08
8.19502e-09
2.0228e-09
4.75603e-10
1.06635e-10
2.2968e-11
5.56332e-12
