0.00263518
0.00588248
0.0100317
0.0160371
0.024359
0.0359678
0.0518968
0.0730106
0.10071
0.13593
0.179817
0.233262
0.296598
0.369815
0.451893
0.540807
0.633479
0.725609
0.81199
0.887221
0.945632
0.982664
0.994914
0.980332
0.939465
0.874038
0.788388
0.688398
0.580605
0.472584
0.370278
0.278626
0.20071
0.13754
0.0891944
0.0544686
0.0311118
0.0165931
0.00816629
0.0033
0.000992053
5.28447e-05
-7.8328e-05
0.000207312
7.84363e-05
-0.000131017
-0.000158679
-4.29877e-05
0.000148706
0.000196237
-0.00015901
-0.000176367
6.24283e-05
0.000110096
0.000103369
-0.000115163
-0.000180471
0.000106504
0.000201987
-0.00011099
-0.000112224
-1.05086e-06
9.16182e-05
0.00010012
-0.000116078
-0.000150801
0.000162628
0.00013013
-0.000180972
-5.60668e-05
0.000108764
4.81567e-05
-4.8224e-05
-6.45454e-05
-1.14826e-05
0.000145662
-2.52622e-05
-0.000175211
7.99721e-05
0.000173932
-0.000155961
-0.000103878
0.000179338
2.66492e-05
-0.00016301
3.97151e-05
0.000110385
-6.68602e-05
-5.43305e-05
5.89313e-05
1.80262e-05
-3.60794e-05
-4.34483e-06
1.23582e-05
1.22507e-05
-5.41153e-06
-2.20984e-05
9.81638e-06
2.71926e-05
-2.11075e-05
0.000122741
-0.000183503
-3.15715e-05
0.000197724
-6.45486e-05
-0.000164987
0.000143525
9.12887e-05
-0.000178842
-6.12007e-06
0.000168665
-6.67394e-05
-0.000118224
9.84823e-05
5.82467e-05
-8.36311e-05
-2.44358e-05
4.54899e-05
3.00219e-05
-7.52635e-06
-8.68296e-05
2.67326e-05
0.000130498
-7.2937e-05
-0.000160356
0.000161761
0.000104939
-0.0001815
-5.74023e-05
0.000169729
6.72213e-06
-7.97311e-05
-5.88863e-05
3.5173e-05
0.000137974
-3.66862e-05
-0.000203345
7.51387e-05
0.000203817
-9.47416e-05
-0.000121033
-1.27262e-05
0.000106752
0.000113827
-9.66976e-05
-0.000213573
0.000130317
0.000177259
-4.29646e-05
-0.000116835
-0.000129706
0.000107606
0.000222607
-4.38695e-05
-0.000229661
-4.43212e-05
4.21819e-05
0.000165934
1.1645e-05
-2.43038e-05
0.00100709
0.00335165
0.00808781
0.016644
0.0311205
0.05441
0.0892608
0.137512
0.200681
0.278697
0.370207
0.472615
0.580631
0.68833
0.788462
0.873995
0.939459
0.980379
0.994853
0.982707
0.945626
0.887192
0.812034
0.725574
0.633486
0.54083
0.451854
0.369854
0.296589
0.233256
0.179878
0.135927
0.100826
0.0731668
0.0521708
0.0365657
0.0253005
0.017805
0.013005
0.0108415
