0.00018608
-2.54341e-05
-0.000162222
1.59063e-05
0.00017341
-4.06943e-05
-0.0001526
4.89869e-05
0.000122772
-3.558e-05
-0.000106637
2.82229e-05
8.13695e-05
-1.80143e-05
-3.68521e-05
-1.97277e-05
-1.54237e-06
7.82545e-05
3.91705e-06
-8.62566e-05
-7.08887e-05
0.000158093
9.0481e-05
-0.000218861
-5.57131e-05
0.000168139
0.000133267
-0.000213211
-9.90591e-05
0.000165526
5.14797e-05
-1.58324e-05
-0.000107223
-3.1241e-05
4.63321e-05
0.000145775
3.48835e-06
-0.000250755
-1.11445e-05
0.000243272
3.89719e-05
-0.000132323
-0.000110519
1.62263e-05
0.000114597
0.000109916
-1.42107e-05
-0.000288979
5.44289e-06
0.000237029
6.74126e-05
-4.79466e-05
-0.000149477
-0.000131815
8.94031e-05
0.000247914
9.23521e-05
-0.000213148
-0.000173326
-4.19573e-05
-5.67808e-05
0.000143968
3.08044e-05
0.000107331
0.000902364
0.00181306
0.00230107
0.00126592
-0.00341252
-0.0138014
-0.032541
-0.062588
-0.106791
-0.166984
-0.243614
-0.335544
-0.438999
-0.548811
-0.658949
-0.762069
-0.851718
-0.922445
-0.96933
-0.990303
-0.984976
-0.954391
-0.902323
-0.833192
-0.751829
-0.664119
-0.574662
-0.487516
-0.40643
-0.333353
-0.269825
-0.217015
-0.174775
-0.143325
-0.122682
-0.112245
0.210417
0.224875
0.253633
0.296197
0.351774
0.419077
0.496151
0.580233
0.667738
0.754232
0.834528
0.9032
0.955005
0.985157
0.990519
0.96951
0.922357
0.851827
0.762142
0.658808
0.548926
0.439027
0.335408
0.243737
0.166987
0.106672
0.0627035
0.0325368
0.0137042
0.00349755
-0.00124472
-0.0024003
-0.0017553
-0.000843101
-0.000223213
5.26588e-06
-4.18225e-05
-8.70973e-05
7.26994e-05
0.000296888
6.13726e-05
-7.04996e-05
-0.000127049
-0.000206391
0.000110923
0.000271246
-1.44281e-05
-0.00014635
-0.000121501
6.1631e-06
0.000139917
0.000131234
-5.20411e-05
-0.000279236
5.64942e-05
0.000206139
1.2376e-05
-6.58506e-05
-0.000104939
-4.17961e-05
0.000133241
0.000129309
-0.000104899
-0.000217869
0.000110468
0.000212927
-0.000106026
-9.7569e-05
-2.63537e-05
9.47017e-05
4.49382e-05
-1.37609e-05
-8.26014e-05
-8.90527e-05
0.000195828
5.65261e-05
-0.000180511
-8.94088e-05
0.000194308
9.93933e-05
-0.000216996
-5.47073e-05
0.000177938
4.27928e-05
-0.000145818
-3.46485e-05
0.000122082
1.72939e-05
-9.34468e-05
5.96569e-06
3.92698e-05
1.62139e-05
-3.24726e-05
-9.79737e-06
1.97845e-05
-8.71319e-06
2.662e-05
-3.27738e-05
1.32955e-06
9.63829e-06
