8.38506e-05
-8.41454e-05
4.03265e-06
7.19756e-05
-6.92529e-05
1.23668e-06
5.11277e-05
-3.4983e-05
-1.46838e-05
2.3803e-05
2.05306e-05
-4.66082e-05
-6.73745e-06
9.09958e-05
-8.76827e-05
-3.66233e-05
0.000155175
-0.000114681
-6.20909e-05
0.000175822
-9.17192e-05
-7.77599e-05
0.000115479
1.29616e-06
-7.07579e-05
-2.42997e-05
0.00012037
-2.18756e-05
-0.000160822
0.000147248
6.19119e-05
-0.000153136
3.79549e-06
0.000100105
4.21957e-05
-0.000164835
-4.2365e-07
0.000199124
-7.71113e-05
-0.000121196
4.54631e-05
0.000213203
0.000114052
7.75459e-05
0.000725205
0.00158053
0.0029043
0.00539842
0.0102582
0.0185055
0.0310378
0.050104
0.0780337
0.117206
0.168945
0.234126
0.313152
0.404755
0.505968
0.611472
0.715317
0.810977
0.892229
0.953257
0.989326
0.997979
0.979069
0.935211
0.870388
0.789854
0.698983
0.603374
0.508184
0.417877
0.33584
0.264033
0.203299
0.15328
0.11319
0.0816932
0.0575953
0.0395234
0.0263983
0.0170867
0.0107365
0.00651589
0.00383537
0.00217623
0.00119756
0.000635772
0.000326131
0.000163377
7.69315e-05
3.7743e-05
1.51303e-05
8.40204e-06
2.04566e-06
2.03484e-06
5.55136e-08
4.31269e-07
5.38681e-07
1.80924e-06
2.31789e-06
8.22167e-06
1.52438e-05
3.77321e-05
7.68242e-05
0.000163626
0.000325722
0.000636362
0.00119677
0.00217721
0.00383418
0.00651728
0.010735
0.0170884
0.0263966
0.039525
0.0575938
0.0816944
0.113189
0.15328
0.2033
0.264032
0.335843
0.417874
0.508188
0.603369
0.698988
0.789849
0.870393
0.935208
0.979071
0.997979
0.989323
0.953263
0.892221
0.810986
0.715307
0.611481
0.505961
0.404757
0.313155
0.234119
0.168956
0.117193
0.0780474
0.0500932
0.0310431
0.0185076
0.0102484
0.00541429
0.00288568
0.00159729
0.000715059
7.75602e-05
0.000125172
0.00019323
6.88866e-05
-0.000140818
-6.82018e-05
0.000204982
-2.02863e-05
-0.00013704
1.63366e-05
0.000113729
8.95271e-06
-0.000176503
9.4976e-05
0.000118298
-0.000149484
-8.88982e-06
8.73886e-05
1.39119e-05
-9.51589e-05
-1.92982e-06
0.000146687
-0.000121821
-5.88181e-05
0.000174034
-9.47416e-05
-6.51062e-05
0.000118601
-3.75154e-05
-4.72917e-05
3.56864e-05
2.61865e-05
-3.22485e-05
-3.38724e-05
8.04442e-05
-3.05576e-05
-7.49488e-05
0.000118712
-4.06073e-05
-8.97432e-05
0.000141317
-5.67672e-05
-8.66626e-05
0.000151382
-7.37158e-05
