-0.000172463
5.42517e-05
0.000119534
-2.56457e-05
-0.000158362
9.17772e-05
0.000106668
-9.58843e-05
-6.39846e-05
6.02861e-05
8.16754e-05
-8.90616e-05
-2.63356e-05
4.14428e-05
1.98117e-05
6.66606e-06
-4.42098e-05
-2.67181e-05
4.95662e-05
6.90865e-05
-7.57666e-05
-0.000113243
0.000133146
0.000118191
-0.000178671
-8.6744e-05
0.000156593
0.000119213
-0.000194745
-6.8889e-05
0.000152123
2.2968e-05
-1.92404e-05
-0.000100489
1.99405e-07
7.04246e-05
0.000106993
-8.94157e-05
-0.00020045
0.000153761
0.000169207
-0.000107123
-0.000133865
9.47287e-06
0.000102342
8.02074e-05
-3.73556e-05
-0.000147522
-8.34008e-05
0.000258583
7.10775e-05
-0.000181673
-7.57598e-05
-1.09089e-05
0.000132696
0.000137219
-8.65466e-05
-0.000217994
-2.30046e-05
0.000211493
0.000104695
-6.24433e-05
-0.000107632
-0.000211829
0.000125576
0.000272597
2.61104e-06
-7.94564e-05
-0.000166555
-0.000168198
8.75577e-05
3.52107e-05
-0.000136554
-3.97316e-05
0.000469743
0.00146021
0.00246824
0.00245623
-0.000276621
-0.00762419
-0.0221868
-0.0472176
-0.0855491
-0.139961
-0.212224
-0.301705
-0.406691
-0.523375
-0.646187
-0.769776
-0.888131
-0.995751
-1.08918
-1.16555
-1.22415
-1.26644
-1.29424
-1.31093
-1.32002
-1.32361
1.65932
1.63579
1.5886
1.5186
1.42669
1.31472
1.18615
1.04485
0.896076
0.745997
0.600251
0.464907
0.344954
0.243388
0.162251
0.101119
0.0576474
0.0293296
0.0122885
0.00312607
-0.000494271
-0.00130549
-0.000859589
3.15217e-05
0.000282787
0.000193003
0.000111814
-2.57191e-05
9.91351e-05
0.000245659
0.000123451
-0.00011419
-0.000194301
-7.42933e-05
6.9676e-05
0.000208909
0.000103546
-0.000249675
-0.000104985
5.64224e-05
9.02479e-05
0.000166484
-8.67444e-05
-0.000245536
4.6676e-05
0.000163659
7.66611e-05
-8.77529e-05
-0.000117174
-3.49196e-05
0.000110669
0.000187825
-0.000172551
-0.000167778
0.000121608
0.000106531
-2.41678e-06
-7.03789e-05
-0.000102684
5.53324e-05
0.000139986
1.55729e-05
-0.000225289
4.2288e-06
0.000231714
-5.56405e-05
-0.000111271
-2.98257e-05
0.000101323
2.82892e-05
-3.08154e-05
-5.71118e-05
-4.95823e-05
0.000152765
2.85307e-05
-0.000177073
-1.94854e-05
0.00019198
6.56984e-06
-0.000205616
2.68729e-05
0.000200609
-8.02296e-05
-0.000136245
6.74271e-05
0.000115971
-7.17944e-05
-9.9515e-05
0.000105651
1.50393e-05
-3.64351e-05
-3.90996e-05
4.85722e-05
2.08314e-05
-5.55755e-05
3.28564e-05
-1.84893e-05
2.95737e-05
-3.15617e-05
1.29182e-05
