8.05821e-321
8.07797e-321
7.27759e-321
9.41195e-321
8.15702e-321
3.78948e-321
1.01778e-321
1.63042e-322
1.4822e-323
0
0
0
0
0
0
0
0
0
0
0
0
0
0
0
0
0
0
0
0
0
0
0
0
0
0
0
0
0
0
0
0
0
0
0
0
0
0
0
0
0
0
0
0
0
0
0
0
0
0
0
0
0
0
0
0
0
0
0
0
0
0
0
0
0
0
0
0
0
0
0
0
0
0
0
0
0
0
0
-4.60854e-10
-3.1459e-08
-9.12703e-07
-1.46691e-05
-0.000142817
-0.000867483
-0.00329378
-0.00787064
-0.0130897
-0.0201062
-0.0320836
-0.0487196
0.0487196
0.0320836
0.0201062
0.0130897
0.00787064
0.00329378
0.000867483
0.000142817
1.46691e-05
9.12703e-07
3.1459e-08
4.60854e-10
0
0
0
0
0
0
0
0
0
0
0
0
0
0
0
0
0
0
0
0
0
0
0
0
0
0
0
0
0
0
0
0
0
0
0
0
0
0
0
0
0
0
0
0
0
0
0
0
0
0
0
0
0
0
0
0
0
0
0
0
0
0
0
0
0
0
0
0
0
0
0
0
0
0
0
0
0
0
0
0
0
0
0
0
0
0
0
0
