-8.19647e-08
-3.00561e-07
-9.81318e-07
-3.03092e-06
-8.88394e-06
-2.46881e-05
-6.49607e-05
-0.000161627
-0.00037976
-0.000841634
-0.00175775
-0.00345791
-0.00640961
-0.0112113
-0.0185628
-0.0292438
-0.044152
-0.0644267
-0.0915835
-0.127479
-0.173939
-0.232142
-0.302142
-0.382902
-0.472661
-0.568938
-0.667911
-0.763957
-0.850429
-0.921221
-0.971487
-0.99721
-0.995409
-0.965685
-0.910839
-0.835334
-0.744159
-0.643555
-0.540691
-0.441353
-0.349425
-0.268328
-0.200291
-0.145049
-0.101601
-0.0692265
-0.0459113
-0.0292487
-0.0181396
-0.0111188
-0.00637431
-0.00356247
-0.00212711
-0.00101696
-0.000497827
-0.000390011
-6.05065e-05
-5.13959e-05
-0.000114788
8.11056e-05
-4.87997e-05
-3.21348e-05
7.81776e-05
-8.20197e-05
4.21908e-05
1.3557e-05
-5.81758e-05
7.36959e-05
-5.83288e-05
2.26901e-05
1.72099e-05
-4.72819e-05
5.97169e-05
-5.38893e-05
3.46088e-05
-9.22223e-06
-1.51221e-05
3.32756e-05
-4.27696e-05
4.35902e-05
-3.74369e-05
2.68409e-05
-1.44064e-05
2.30253e-06
7.97866e-06
-1.56495e-05
2.0517e-05
-2.28114e-05
2.30077e-05
-2.16757e-05
1.93719e-05
-1.6574e-05
1.36505e-05
-1.08565e-05
8.34453e-06
-6.18268e-06
4.37514e-06
-2.88053e-06
1.62726e-06
-5.25276e-07
5.25276e-07
-1.62726e-06
2.88053e-06
-4.37514e-06
6.18268e-06
-8.34453e-06
1.08565e-05
-1.36505e-05
1.6574e-05
-1.93719e-05
2.16757e-05
-2.30077e-05
2.28114e-05
-2.0517e-05
1.56495e-05
-7.97866e-06
-2.30253e-06
1.44064e-05
-2.68409e-05
3.74369e-05
-4.35902e-05
4.27696e-05
-3.32756e-05
1.51221e-05
9.22223e-06
-3.46088e-05
5.38893e-05
-5.97169e-05
4.72819e-05
-1.72099e-05
-2.26901e-05
5.83288e-05
-7.36959e-05
5.81758e-05
-1.3557e-05
-4.21908e-05
8.20197e-05
-7.81776e-05
3.21348e-05
4.87997e-05
-8.11056e-05
0.000114788
5.13959e-05
6.05065e-05
0.000390011
0.000497827
0.00101696
0.00212711
0.00356247
0.00637431
0.0111188
0.0181396
0.0292487
0.0459113
0.0692265
0.101601
0.145049
0.200291
0.268328
0.349425
0.441353
0.540691
0.643555
0.744159
0.835334
0.910839
0.965685
0.995409
0.99721
0.971487
0.921221
0.850429
0.763957
0.667911
0.568938
0.472661
0.382902
0.302142
0.232142
0.173939
0.127479
0.0915835
0.0644267
0.044152
0.0292438
0.0185628
0.0112113
0.00640961
0.00345791
0.00175775
0.000841634
0.00037976
0.000161627
6.49607e-05
2.46881e-05
8.88406e-06
3.03142e-06
9.83393e-07
3.08807e-07
1.13249e-07
