0.000165947
-8.67491e-05
-0.000109937
0.000130007
3.63066e-05
-0.000109378
1.7993e-05
9.06057e-05
6.90186e-05
8.77457e-05
0.000230142
0.000738185
0.00140681
0.00235756
0.00478421
0.00906443
0.0152947
0.0255383
0.0418653
0.0653418
0.0980624
0.142313
0.199627
0.270894
0.35495
0.449575
0.552085
0.65713
0.758
0.848106
0.92088
0.971606
0.996788
0.994102
0.964426
0.910621
0.837451
0.751034
0.656699
0.559997
0.465794
0.377825
0.299444
0.232001
0.175941
0.130784
0.0949925
0.0675077
0.0466793
0.0313173
0.0204315
0.0127598
0.00778464
0.00451028
0.00252227
0.00139827
0.000669803
0.000392924
0.000140968
9.28139e-05
3.78363e-05
-2.63943e-06
3.45617e-05
-3.05911e-05
3.30298e-05
-2.57536e-05
1.69848e-05
-6.03097e-06
-4.49237e-06
1.35524e-05
-2.01528e-05
2.39314e-05
-2.49058e-05
2.34317e-05
-2.00615e-05
1.54342e-05
-1.01791e-05
4.84844e-06
1.22045e-07
-4.42805e-06
7.89261e-06
-1.04495e-05
1.21197e-05
-1.29865e-05
1.31709e-05
-1.28119e-05
1.20499e-05
-1.10157e-05
9.8235e-06
-8.56686e-06
7.31817e-06
-6.12939e-06
5.03421e-06
-4.05079e-06
3.18454e-06
-2.43092e-06
1.77784e-06
-1.20777e-06
6.99367e-07
-2.28863e-07
2.28863e-07
-6.99367e-07
1.20777e-06
-1.77784e-06
2.43092e-06
-3.18454e-06
4.05079e-06
-5.03421e-06
6.12939e-06
-7.31817e-06
8.56686e-06
-9.8235e-06
1.10157e-05
-1.20499e-05
1.28119e-05
-1.31709e-05
1.29865e-05
-1.21197e-05
1.04495e-05
-7.89261e-06
4.42805e-06
-1.22045e-07
-4.84844e-06
1.01791e-05
-1.54342e-05
2.00616e-05
-2.34316e-05
2.49064e-05
-2.39292e-05
2.01596e-05
-1.35316e-05
4.55423e-06
6.20884e-06
-1.64895e-05
2.70885e-05
-2.95497e-05
3.93618e-05
-1.32074e-05
5.28341e-05
7.5993e-05
0.000156066
0.000383347
0.000670766
0.00140728
0.00250446
0.00453297
0.00776315
0.0127734
0.020431
0.0313029
0.0467051
0.0674784
0.0950149
0.130778
0.175926
0.232033
0.299408
0.37785
0.465792
0.559972
0.656741
0.750995
0.837466
0.91064
0.964381
0.99415
0.996766
0.971586
0.920933
0.848052
0.758018
0.657162
0.552021
0.449626
0.354952
0.270836
0.199698
0.142286
0.0980185
0.0654242
0.0418152
0.0255077
0.0153834
0.00899908
0.00475966
0.00245374
0.00133403
0.000707999
0.000337759
1.79141e-05
1.79797e-05
0.000211102
-3.15576e-05
-0.000197065
0.000160133
0.00012772
-0.000240819
9.39336e-06
0.000240208
-0.000151374
