-6.26065e-05
7.6536e-05
-2.70161e-05
-5.19158e-05
9.60878e-05
-5.97633e-05
-3.85038e-05
0.000117799
-9.87542e-05
-1.72509e-05
0.000132594
-0.000134793
9.74793e-06
0.000129877
-0.000148219
2.77708e-05
0.000105649
-0.000116864
1.27592e-05
6.9435e-05
-3.43621e-05
-4.84754e-05
3.90289e-05
7.1381e-05
-0.000127371
1.88552e-05
0.000141665
-0.000147133
-1.44527e-05
0.000125029
-4.42072e-05
-7.69203e-05
2.51653e-05
0.000125081
-0.000109872
-8.78573e-05
0.000173949
-1.57279e-05
-0.000115351
-3.31576e-06
0.000139237
-6.35849e-06
-0.000188174
9.0407e-05
0.000126085
-5.36187e-05
-0.0001454
5.2764e-05
0.000222448
-2.07235e-05
2.23729e-05
0.000419372
0.00109962
0.00192567
0.00363529
0.00734009
0.0136223
0.0236245
0.0389617
0.0623085
0.0958051
0.141186
0.199715
0.272174
0.358325
0.455669
0.560007
0.665497
0.766065
0.855187
0.926726
0.975231
0.997111
0.991261
0.959036
0.903911
0.830446
0.74406
0.650193
0.554378
0.461386
0.375213
0.298409
0.232363
0.177203
0.132367
0.0967465
0.0691072
0.0481494
0.0326644
0.0215375
0.0137793
0.00854792
0.00513275
0.00298717
0.00168084
0.000921061
0.000493683
0.000273636
0.000179807
0.000367938
0.000540049
0.000942564
0.00169096
0.00299146
0.00513467
0.00854879
0.0137795
0.021538
0.032664
0.0481502
0.0691063
0.0967476
0.132366
0.177205
0.232361
0.29841
0.375211
0.461387
0.554377
0.650194
0.74406
0.830446
0.903912
0.959034
0.991264
0.997107
0.975235
0.926721
0.855192
0.76606
0.665501
0.560004
0.45567
0.358326
0.272171
0.199721
0.141178
0.0958139
0.0622996
0.0389694
0.0236193
0.0136239
0.0073429
0.00362806
0.00193657
0.00108664
0.000432159
1.23664e-05
-1.58972e-05
0.000224415
4.37208e-05
-0.000130651
-7.10857e-05
0.000142155
8.00611e-05
-0.000186903
2.67638e-06
0.000121527
1.85911e-05
-0.00013508
-4.66475e-06
0.000175968
-0.000103425
-8.50358e-05
9.91637e-05
4.25968e-05
-7.84628e-05
-6.04722e-05
0.000153923
-4.48757e-05
-0.000128186
0.000143501
-4.53713e-06
-9.17431e-05
3.97626e-05
5.06831e-05
-3.27598e-05
-7.12518e-05
0.000109273
-8.33946e-06
-0.000127735
0.000144458
-1.79193e-05
-0.000122933
0.000142139
-3.47926e-05
-8.48976e-05
0.000110364
-3.97435e-05
-4.43644e-05
6.8443e-05
-3.0724e-05
-1.74563e-05
3.29724e-05
-1.62055e-05
-4.95053e-06
1.11777e-05
-6.02758e-06
1.17129e-06
