0.103967
0.200909
0.283652
0.346395
0.386439
0.403972
0.400777
0.379921
0.34589
0.303559
0.257076
0.210275
0.166925
0.129282
0.0974928
0.0713024
0.0507933
0.0352002
0.0232633
0.0146584
0.00909016
0.00534101
0.00278338
0.00153641
0.000902698
0.000288076
0.000122141
0.000198762
-2.32828e-05
-5.48867e-05
0.000118392
-4.02533e-05
-6.56486e-05
0.000106019
-4.60057e-05
-5.10406e-05
9.87863e-05
-6.17743e-05
-2.25796e-05
8.44618e-05
-7.94993e-05
1.74703e-05
5.29545e-05
-8.354e-05
5.82387e-05
1.72403e-06
-5.68658e-05
7.57389e-05
-5.14815e-05
1.45613e-06
4.59936e-05
-6.77653e-05
5.63068e-05
-2.03882e-05
-2.17543e-05
5.1972e-05
-5.96554e-05
4.44987e-05
-1.4648e-05
-1.78821e-05
4.21205e-05
-5.15531e-05
4.52668e-05
-2.70613e-05
3.36056e-06
1.91144e-05
-3.51688e-05
4.20897e-05
-3.97276e-05
2.99366e-05
-1.57024e-05
2.55443e-07
1.36229e-05
-2.4009e-05
2.99635e-05
-3.14378e-05
2.9049e-05
-2.38067e-05
1.68581e-05
-9.28714e-06
1.9857e-06
4.40786e-06
-9.51543e-06
1.31887e-05
-1.54589e-05
1.64799e-05
-1.64755e-05
1.56958e-05
-1.43845e-05
1.2758e-05
-1.09945e-05
9.22969e-06
-7.5584e-06
6.03912e-06
-4.7e-06
3.54521e-06
-2.56088e-06
1.72019e-06
-9.87507e-07
3.21638e-07
-3.21638e-07
9.87507e-07
-1.72019e-06
2.56088e-06
-3.54521e-06
4.7e-06
-6.03912e-06
7.5584e-06
-9.22969e-06
1.09945e-05
-1.2758e-05
1.43845e-05
-1.56958e-05
1.64755e-05
-1.64799e-05
1.54589e-05
-1.31887e-05
9.51543e-06
-4.40786e-06
-1.9857e-06
9.28714e-06
-1.68581e-05
2.38067e-05
-2.9049e-05
3.14378e-05
-2.99635e-05
2.4009e-05
-1.36229e-05
-2.55443e-07
1.57024e-05
-2.99366e-05
3.97276e-05
-4.20897e-05
3.51688e-05
-1.91144e-05
-3.36056e-06
2.70613e-05
-4.52668e-05
5.15531e-05
-4.21205e-05
1.78821e-05
1.4648e-05
-4.44987e-05
5.96554e-05
-5.1972e-05
2.17543e-05
2.03882e-05
-5.63068e-05
6.77653e-05
-4.59936e-05
-1.45613e-06
5.14815e-05
-7.57389e-05
5.68658e-05
-1.72402e-06
-5.82387e-05
8.354e-05
-5.29545e-05
-1.74702e-05
7.94995e-05
-8.44611e-05
2.25824e-05
6.17837e-05
-9.87554e-05
5.11389e-05
4.63069e-05
-0.000105131
6.81707e-05
4.71311e-05
-0.000100382
0.000100129
0.000132222
5.24537e-05
0.0004322
0.000881537
0.00145549
0.00300528
0.00557158
0.00934681
0.0156127
0.025168
0.0384682
0.0571481
0.0831362
0.117835
0.163526
0.223416
0.29974
0.393589
0.505859
0.636485
0.783352
0.942927
1.11066
1.27972
1.44071
1.58374
1.70049
1.78394
1.82778
