-0.000350092
-0.000228818
0.000184254
0.000356626
5.45364e-05
-0.00032265
-0.000284791
8.83722e-05
0.000369573
0.000400914
0.000351021
0.000409101
-7.96265e-05
-0.00226588
-0.00767356
-0.0184492
-0.0370437
-0.0666082
-0.109373
-0.166961
-0.240173
-0.328308
-0.429188
-0.537504
-0.647068
-0.751043
-0.842763
-0.916355
-0.966519
-0.990867
-0.988695
-0.961081
-0.910769
-0.841995
-0.760479
-0.671606
-0.580083
-0.490544
-0.40664
-0.330585
-0.263594
-0.205931
-0.158116
-0.119172
-0.0878587
-0.0635521
-0.0451131
-0.0314783
-0.0213619
-0.0141174
-0.00936056
-0.00605314
-0.00359255
-0.00227142
-0.00143602
-0.000812084
-0.000406411
-0.000225327
-0.000256226
-4.78383e-05
7.15018e-05
-0.000130192
-5.25493e-05
0.000131487
-6.9744e-05
-4.86897e-05
5.24823e-05
2.08716e-05
-3.86172e-05
-2.5241e-05
5.26933e-05
2.29393e-05
-0.000104457
6.35595e-05
7.01839e-05
-0.00013478
4.40636e-05
9.85589e-05
-0.000127089
1.34122e-05
0.000107554
-0.000104925
-2.34229e-06
8.57992e-05
-6.35029e-05
-2.01372e-05
6.61984e-05
-3.77319e-05
-1.57031e-05
3.26116e-05
-8.59238e-06
-1.55289e-05
1.3104e-05
1.74795e-06
-3.79944e-06
-6.96284e-06
1.01863e-05
2.26589e-06
-1.41232e-05
8.32528e-06
-6.45594e-05
0.000125326
-5.37e-05
-7.39248e-05
0.000122755
-4.33856e-05
-7.69573e-05
0.00011018
-2.52597e-05
-8.19427e-05
9.753e-05
-1.37842e-05
-6.97617e-05
6.47406e-05
8.72467e-06
-5.74271e-05
3.31995e-05
1.51671e-05
-1.75562e-05
-1.91189e-05
2.47916e-05
2.50763e-05
-6.05433e-05
1.02019e-05
8.26853e-05
-9.41872e-05
-1.62518e-05
0.000128739
-0.000100149
-4.4523e-05
0.000131203
-5.51156e-05
-7.5607e-05
0.000102276
-3.99299e-06
-3.24653e-05
9.44478e-06
0.000103058
8.01902e-05
4.90607e-05
0.000311506
0.000557513
0.000661701
0.00137359
0.00239938
0.00364606
0.00590005
0.00933325
0.0143131
0.0213104
0.031294
0.0452367
0.0636739
0.0877291
0.119084
0.158224
0.206055
0.263419
0.330509
0.406831
0.49057
0.579925
0.671567
0.76064
0.842045
0.910586
0.961042
0.988889
0.990876
0.966377
0.91629
0.842922
0.751133
0.646881
0.537451
0.429298
0.328432
0.240064
0.166809
0.109476
0.0667368
0.0370253
0.0182816
0.00765986
0.00242044
0.000138945
-0.000523227
-0.000467504
-0.000324654
-0.000237083
-9.04085e-05
0.000143551
0.000270721
4.08562e-05
-0.000251265
-0.000212985
9.76572e-05
0.000327888
7.62877e-05
-0.00025415
