-0.00017563
7.08172e-05
0.000128148
-7.74862e-05
-0.00014565
0.000162686
7.05244e-05
-0.000175823
-1.45524e-05
0.000163573
2.2015e-06
-0.000213692
0.000110503
0.000135638
-0.000115624
-0.000106876
0.000120116
0.000103446
-0.000179382
9.33413e-06
8.36049e-05
2.04896e-05
-6.57852e-05
-3.29114e-05
5.7441e-05
1.2378e-05
3.35739e-05
-0.000123311
5.6543e-06
0.000159973
-3.83782e-05
-0.000167041
4.54012e-05
0.000186351
-7.58597e-05
-0.000163081
9.19376e-05
8.07278e-05
-1.33806e-05
-4.3805e-05
-9.91639e-05
8.96761e-05
0.00011178
-4.22047e-05
-0.000197597
7.02301e-05
0.000202326
-9.08369e-05
-9.24561e-05
-2.9718e-05
4.68165e-05
0.000148324
-3.76177e-05
-0.00019378
-3.91834e-07
0.000179809
7.20162e-05
-0.00015604
-6.67607e-05
-2.87429e-05
0.000124801
0.000142179
-0.000232737
-0.000220194
-2.87212e-05
-0.000112874
-0.000246136
-0.000701497
-0.00127805
-0.0017261
-0.00261577
-0.00428076
-0.0069361
-0.0106764
-0.0159059
-0.0231271
-0.0332564
-0.0474549
-0.0662747
-0.090543
-0.121524
-0.159879
-0.206982
-0.26345
-0.328717
-0.402441
-0.483084
-0.568536
-0.657063
-0.745477
-0.83082
-0.910611
-0.982012
-1.04389
-1.09585
-1.13759
-1.17015
-1.19402
-1.20943
-1.21725
0.781739
0.79902
0.830983
0.872277
0.916164
0.955164
0.982033
0.991557
0.98051
0.948135
0.896312
0.828083
0.747829
0.660726
0.571281
0.484108
0.402631
0.328576
0.263385
0.207234
0.159767
0.121199
0.090367
0.0661942
0.0477854
0.033554
0.0229798
0.0156797
0.0104978
0.0070405
0.00457531
0.00266778
0.00154016
0.00105052
0.00078205
0.000457609
0.000164197
-2.39537e-05
-2.58353e-05
0.000237885
0.000141572
-0.000159903
-4.97661e-05
-2.4062e-05
0.00010622
0.000135807
-0.000140118
-0.000152615
0.000109754
0.000140091
-4.22711e-05
-0.000131022
9.30743e-06
4.26381e-05
0.000111875
-3.16454e-05
-0.000213285
0.000114576
0.000151145
-7.48131e-05
-0.000135578
5.2682e-05
0.000101245
-2.37227e-05
-4.5048e-05
-5.47252e-05
3.578e-05
0.000141076
-0.000106105
-0.000132827
0.000137559
0.000101854
-0.000126128
-0.00011932
0.000195334
9.65504e-06
-0.000125738
8.93068e-06
6.70829e-05
2.49178e-05
-8.66618e-05
3.05728e-05
-5.38597e-06
4.42907e-05
-1.08219e-05
-7.66259e-05
5.05483e-05
5.55688e-05
-3.13347e-05
-0.000107378
0.000107779
6.47908e-05
-0.000130829
-2.39449e-05
0.000130377
8.8301e-06
-0.000167478
7.26428e-05
0.000124688
-9.86882e-05
