9.82198e-05
-9.09706e-05
-9.71959e-06
9.05934e-05
-6.78123e-05
-1.9999e-05
6.526e-05
-2.55194e-05
-2.90638e-05
1.71003e-05
3.60873e-05
-3.05814e-05
-5.5208e-05
0.000105083
-1.38783e-05
-0.000137391
0.000149113
2.78507e-05
-0.000187228
0.000122683
7.80033e-05
-0.000142515
9.25681e-06
8.23624e-05
1.98188e-05
-0.000116884
-1.05729e-05
0.000190539
-0.000108332
-0.000134975
0.00015356
5.95329e-05
-7.8884e-05
-9.00435e-05
0.000173851
0.000289645
0.000132785
0.000636622
0.00164238
0.00313995
0.00571033
0.010419
0.0187893
0.0315805
0.0506622
0.0784989
0.117386
0.169103
0.234087
0.312722
0.403867
0.504627
0.610104
0.713868
0.809671
0.891022
0.952401
0.989036
0.998224
0.979886
0.936223
0.871623
0.79104
0.700198
0.604445
0.50906
0.418492
0.336116
0.264102
0.203116
0.153065
0.112866
0.0814357
0.0572998
0.0392993
0.0261676
0.0169091
0.0105789
0.00639247
0.00374832
0.00210257
0.00116282
0.000595771
0.000320276
0.000141144
8.26456e-05
2.38601e-05
2.33684e-05
-1.10709e-06
9.20769e-06
-4.47356e-06
5.09413e-06
-3.68148e-06
3.17237e-06
-2.44081e-06
1.90178e-06
-1.39284e-06
9.55071e-07
-5.54933e-07
1.82284e-07
-1.81795e-07
5.56127e-07
-9.5155e-07
1.4032e-06
-1.87207e-06
2.52373e-06
-2.94739e-06
4.27459e-06
-3.57563e-06
8.24716e-06
-1.10105e-07
2.2373e-05
2.48028e-05
8.18201e-05
0.000141775
0.000319928
0.000595741
0.00116332
0.0021015
0.00375001
0.00639011
0.0105819
0.0169055
0.0261716
0.039295
0.057304
0.081432
0.112869
0.153063
0.203115
0.264104
0.336111
0.418499
0.509052
0.604453
0.70019
0.791047
0.871619
0.936223
0.97989
0.998216
0.989048
0.952387
0.891035
0.809661
0.713872
0.610108
0.504617
0.403883
0.312704
0.234103
0.169094
0.117385
0.07851
0.0506425
0.0316037
0.0187697
0.0104284
0.00571541
0.00312085
0.0016699
0.000610181
0.00014785
0.000292969
0.000151888
-5.71316e-05
-0.000109299
7.35405e-05
0.00016383
-0.000166618
-6.91459e-05
0.000163047
-1.00304e-05
-8.80637e-05
-2.47737e-05
0.000118691
2.9595e-06
-0.000172281
0.000128261
8.208e-05
-0.000183241
6.57859e-05
9.205e-05
-9.96542e-05
-3.92488e-06
5.13904e-05
4.92769e-06
-5.13165e-05
-1.62563e-06
8.67925e-05
-7.52968e-05
-4.34279e-05
0.000136079
-8.45067e-05
-6.8471e-05
0.000160064
-8.66536e-05
-8.06032e-05
0.000168953
-8.5449e-05
