8.06809e-321
7.8507e-321
8.16691e-321
7.86553e-321
7.94458e-321
8.34971e-321
7.36652e-321
8.43864e-321
8.39912e-321
6.84775e-321
8.05821e-321
9.85167e-321
8.52757e-321
5.06911e-321
2.18377e-321
7.06514e-322
1.72923e-322
2.47033e-323
0
0
0
0
0
0
0
0
0
0
0
0
0
0
0
0
0
0
0
0
0
0
0
0
0
0
0
0
0
0
0
0
0
0
0
0
0
0
0
0
0
0
0
0
0
0
0
0
0
0
0
0
0
-2.68252e-20
-4.56733e-18
-3.644e-16
-1.80983e-14
-6.2693e-13
-1.60827e-11
-3.16624e-10
-4.89167e-09
-6.01366e-08
-5.93028e-07
-4.70739e-06
-3.00689e-05
-0.000153993
-0.000628245
-0.00202551
-0.00513172
-0.0102929
-0.0170808
-0.0259369
-0.0396426
-0.0602813
-0.0877753
-0.124482
-0.172738
-0.232317
-0.304593
-0.388359
-0.481678
-0.581196
0.581196
0.481678
0.388359
0.304593
0.232317
0.172738
0.124482
0.0877753
0.0602813
0.0396426
0.0259369
0.0170808
0.0102929
0.00513172
0.00202551
0.000628245
0.000153993
3.00689e-05
4.70739e-06
5.93028e-07
6.01366e-08
4.89167e-09
3.16624e-10
1.60827e-11
6.2693e-13
1.80983e-14
3.644e-16
4.56733e-18
2.68252e-20
0
0
0
0
0
0
0
0
0
0
0
0
0
0
0
0
0
0
0
0
0
0
0
0
0
0
0
0
0
0
0
0
0
0
0
0
0
0
0
0
0
0
0
0
0
0
0
0
0
0
0
0
0
0
0
0
0
0
0
0
0
0
0
0
0
0
0
0
0
0
0
