7.97916e-321
8.03351e-321
7.90505e-321
8.12244e-321
7.81118e-321
8.18173e-321
7.84082e-321
8.01374e-321
8.13726e-321
7.62837e-321
8.409e-321
7.82106e-321
7.67778e-321
8.63133e-321
7.69754e-321
7.43075e-321
8.76472e-321
8.37441e-321
6.82799e-321
7.42087e-321
9.45642e-321
9.79238e-321
7.66296e-321
4.63928e-321
2.23318e-321
8.79437e-322
2.86558e-322
6.91692e-323
4.94066e-324
0
0
0
0
0
0
0
0
0
0
0
0
0
0
0
0
0
0
0
0
0
0
-2.43974e-32
-7.08165e-30
-9.89454e-28
-8.86177e-26
-5.71582e-24
-2.82797e-22
-1.11627e-20
-3.60979e-19
-9.7451e-18
-2.22683e-16
-4.35181e-15
-7.33009e-14
-1.07035e-12
-1.36071e-11
-1.5104e-10
-1.4665e-09
-1.24643e-08
-9.27167e-08
-6.02906e-07
-3.42008e-06
-1.68733e-05
-7.2113e-05
-0.000265695
-0.000839417
-0.00226254
-0.00518866
-0.0101662
-0.01735
-0.0269298
-0.0403078
-0.0601735
-0.0884172
-0.125387
-0.172551
-0.232337
-0.304394
-0.387328
-0.480418
-0.579625
-0.679948
-0.776522
-0.862112
-0.931137
-0.97808
-0.998998
-0.992452
-0.958621
-0.900567
-0.822669
0.822669
0.900567
0.958621
0.992452
0.998998
0.97808
0.931137
0.862112
0.776522
0.679948
0.579625
0.480418
0.387328
0.304394
0.232337
0.172551
0.125387
0.0884172
0.0601735
0.0403078
0.0269298
0.01735
0.0101662
0.00518866
0.00226254
0.000839417
0.000265695
7.2113e-05
1.68733e-05
3.42008e-06
6.02906e-07
9.27167e-08
1.24643e-08
1.4665e-09
1.5104e-10
1.36071e-11
1.07035e-12
7.33009e-14
4.35181e-15
2.22683e-16
9.7451e-18
3.60979e-19
1.11627e-20
2.82797e-22
5.71582e-24
8.86177e-26
9.89454e-28
7.08165e-30
2.43974e-32
0
0
0
0
0
0
0
0
0
0
0
0
0
0
0
0
0
0
0
0
0
0
0
0
0
0
0
0
0
0
0
0
0
0
0
0
0
0
0
0
0
0
0
0
0
0
0
0
0
0
0
