0.000198081
3.56677e-05
-0.000131678
-0.000129195
0.000127026
0.000122404
-5.80042e-05
-0.000101984
-2.466e-05
9.14977e-05
2.87184e-05
-1.96524e-06
-2.77642e-05
-8.24069e-05
-1.51738e-05
0.000125996
0.000114255
-0.000114433
-0.000244457
6.83178e-05
0.000299411
4.62622e-05
-0.000250049
-0.000214952
0.000198897
0.000194208
4.1827e-06
-8.47954e-05
-0.00018763
-0.000113797
-3.29625e-05
0.000354618
0.000463967
0.000469735
0.000852135
0.000888445
-0.000723346
-0.0058672
-0.0164579
-0.0351794
-0.0650756
-0.108302
-0.166676
-0.241477
-0.331391
-0.4333
-0.54221
-0.652097
-0.755973
-0.846633
-0.918823
-0.967887
-0.990765
-0.9871
-0.958279
-0.907122
-0.838142
-0.756618
-0.668125
-0.577239
-0.488501
-0.405516
-0.329912
-0.263309
-0.206462
-0.158729
-0.119691
-0.0887028
-0.0644189
-0.0458622
-0.0319898
-0.0219734
-0.0147289
-0.00959214
-0.00628029
-0.00398171
-0.00231553
-0.00154622
-0.000920617
-0.000391766
-0.000365716
-0.000202813
2.30514e-05
-0.000125353
-5.02735e-05
8.07121e-05
-7.81405e-05
-1.45421e-05
7.0852e-05
-6.23234e-05
-1.9463e-06
5.41424e-05
-5.32079e-05
7.37897e-06
3.74615e-05
-4.41775e-05
1.23777e-05
2.69042e-05
-4.04538e-05
1.87824e-05
3.50982e-05
-7.20786e-05
4.1495e-05
2.63588e-05
-6.67852e-05
4.41368e-05
1.62308e-05
-5.38848e-05
3.84171e-05
1.22214e-05
-3.60237e-05
3.16116e-05
2.14057e-05
6.01817e-06
4.9189e-05
0.000104537
0.00016295
0.000260043
0.000542
0.00088953
0.00141103
0.00248302
0.0039606
0.00612942
0.00975223
0.0147325
0.0218181
0.0321163
0.0459004
0.0642828
0.0887587
0.119776
0.158633
0.206423
0.263441
0.329871
0.405388
0.488646
0.577273
0.667937
0.756732
0.838234
0.906962
0.95829
0.987234
0.990699
0.967781
0.918935
0.846705
0.755797
0.652122
0.542385
0.433162
0.331315
0.241619
0.166706
0.108152
0.0650859
0.0353483
0.0163714
0.00572591
0.000875003
-0.000817297
-0.00101306
-0.000490373
-0.000318638
-0.000335536
-0.000160664
0.000176387
0.000351175
-1.92229e-05
-0.000120126
-0.000109265
-5.51281e-05
7.55152e-05
0.000142628
0.00010444
-0.000218656
-0.00020865
0.000157211
0.000270638
-3.84994e-05
-0.000282216
-6.03537e-05
0.000241985
9.6333e-05
-0.000137879
-0.000121972
5.22603e-05
0.000128513
-4.05209e-05
-3.77297e-05
-3.00706e-05
1.93049e-05
3.41676e-05
-1.59736e-05
3.12274e-05
-6.29359e-05
9.26674e-06
1.98016e-05
