3.13981e-05
-3.15536e-05
2.81635e-06
2.2132e-05
-1.73466e-05
-6.44703e-06
1.43093e-05
9.2674e-06
-3.55223e-05
2.03368e-05
3.84422e-05
-8.23545e-05
4.74763e-05
5.56041e-05
-0.000130827
8.76512e-05
5.14496e-05
-0.000154118
0.00011153
3.52951e-05
-0.000130901
8.07431e-05
3.61458e-05
-6.66907e-05
-1.60434e-05
7.3775e-05
4.2657e-06
-0.000128278
0.000113797
5.14639e-05
-0.000161944
7.35918e-05
7.77427e-05
-6.7867e-05
-6.95741e-05
8.49654e-05
8.17127e-05
-0.00017384
2.53572e-05
0.000139758
-6.13523e-05
-0.000102195
3.47322e-05
0.000159482
-0.000114003
-0.000117806
0.000123659
9.18809e-05
-8.42221e-05
-0.000151362
0.000151577
0.000145264
-4.45353e-05
1.96789e-05
0.000456249
0.0010786
0.00178557
0.00360148
0.00724169
0.0135345
0.0233692
0.038736
0.0621295
0.0956603
0.141096
0.199633
0.27233
0.358618
0.456197
0.560547
0.666116
0.766657
0.85576
0.927175
0.975448
0.997105
0.990994
0.958667
0.903406
0.829955
0.743511
0.649722
0.553937
0.461094
0.375016
0.298358
0.232383
0.177296
0.132477
0.0968709
0.0692251
0.0482598
0.0327669
0.0216274
0.013867
0.00863239
0.00524023
0.00314282
0.00195564
0.00142229
0.00263357
0.00351003
0.00543189
0.00872962
0.0139144
0.02165
0.0327773
0.0482642
0.0692275
0.0968713
0.132478
0.177296
0.232384
0.298357
0.375018
0.461092
0.553938
0.649721
0.743512
0.829953
0.903407
0.958666
0.990994
0.997105
0.975446
0.927177
0.855757
0.766661
0.666111
0.560552
0.456192
0.358622
0.272327
0.199634
0.141096
0.0956575
0.0621345
0.038729
0.0233775
0.0135257
0.00724974
0.00359547
0.00178837
0.00107986
0.000450636
2.91965e-05
-5.67032e-05
0.000158108
0.000140486
-0.000144465
-8.50147e-05
8.57442e-05
0.00013606
-0.000134201
-9.72071e-05
0.000146488
4.01533e-05
-9.78469e-05
-7.51785e-05
0.000159943
4.26796e-06
-0.000158283
7.71467e-05
7.60707e-05
-4.90746e-05
-9.37798e-05
0.000100165
6.32961e-05
-0.000168718
7.40179e-05
8.33625e-05
-0.000102063
-6.12855e-06
6.25311e-05
1.33819e-05
-0.000101931
6.07325e-05
7.97069e-05
-0.000155661
7.48689e-05
7.71524e-05
-0.000144079
7.30817e-05
4.4565e-05
-9.01623e-05
4.20445e-05
2.37204e-05
-3.38071e-05
-5.1005e-06
2.96729e-05
-2.07788e-06
-4.65111e-05
5.42369e-05
-5.00609e-07
-6.76594e-05
8.1387e-05
-1.99305e-05
-6.56327e-05
9.81757e-05
-4.61635e-05
