0.000170038
9.13859e-05
-0.000105844
-0.000192852
1.28405e-05
0.000228693
0.000129371
-0.000190593
-0.000323265
8.06129e-07
0.000502816
0.000650938
0.000451901
6.76601e-05
-0.000942254
-0.00411019
-0.0119402
-0.0265604
-0.0504378
-0.0860687
-0.13593
-0.201685
-0.282783
-0.377745
-0.482841
-0.5928
-0.700728
-0.799173
-0.882279
-0.944552
-0.982221
-0.993144
-0.977625
-0.938222
-0.878226
-0.802338
-0.716286
-0.625544
-0.534793
-0.447714
-0.367299
-0.295874
-0.233672
-0.180925
-0.137524
-0.102602
-0.0751257
-0.0536814
-0.037695
-0.0261245
-0.0175378
-0.0114504
-0.00752229
-0.0047784
-0.00292905
-0.00169544
-0.00108332
-0.000723019
-0.000230437
-0.000168259
-0.00023724
7.24353e-07
4.46516e-05
-0.000106085
-4.24853e-06
3.03276e-05
2.15464e-05
-6.06053e-05
-8.69034e-06
9.09725e-05
-5.55912e-05
-7.43981e-05
0.000135033
-4.01646e-05
-0.00010253
0.000126571
-1.19301e-05
-0.000100992
8.96727e-05
1.34336e-05
-8.15311e-05
5.21106e-05
1.66991e-05
-3.91431e-05
6.89084e-06
2.08653e-05
-7.88481e-06
-1.55988e-05
5.18546e-06
3.01593e-05
-3.83872e-05
-2.99071e-06
4.99424e-05
-4.21885e-05
-1.99126e-05
6.86306e-05
-4.51347e-05
-2.96554e-05
7.46664e-05
-3.91121e-05
6.8059e-05
-0.0001337
6.05551e-05
7.62776e-05
-0.000135256
5.49444e-05
8.11759e-05
-0.000130757
4.18237e-05
9.17142e-05
-0.00012936
3.40094e-05
8.93372e-05
-0.000109454
1.18532e-05
9.05616e-05
-8.91932e-05
8.60704e-08
6.60184e-05
-4.19397e-05
-2.18202e-05
3.57148e-05
6.15588e-06
-2.52048e-05
-1.98771e-05
6.20036e-05
-1.67399e-05
-8.16841e-05
0.000103455
4.67166e-06
-0.000120158
9.77186e-05
5.39968e-05
-0.000130701
8.30811e-05
8.3728e-05
-6.76365e-06
8.48692e-05
0.000245534
0.000373635
0.000551643
0.00102588
0.00190608
0.00286557
0.00463375
0.00761233
0.0115618
0.0174371
0.026013
0.0378447
0.0537622
0.0749225
0.102605
0.137713
0.180864
0.233538
0.295908
0.36747
0.44764
0.534619
0.625671
0.716415
0.802215
0.878111
0.93833
0.977756
0.993029
0.982071
0.944707
0.88238
0.799069
0.700601
0.592878
0.483019
0.377627
0.282652
0.201735
0.136087
0.0860594
0.0502507
0.0265675
0.0120858
0.00417147
0.000802307
-0.000167423
-0.000343381
-0.000523766
-0.000555365
-0.000149496
0.000320847
0.000322203
-5.29304e-05
-0.000340147
-0.000118377
0.000231437
0.000228377
-4.8886e-05
-0.000289261
-7.1292e-05
0.000202066
