0.000153057
-4.93249e-05
-0.000151432
0.000127015
8.46779e-05
-0.000139509
-5.41135e-05
0.000174904
-9.00257e-06
-0.000187494
9.89898e-05
0.000123531
-0.000105885
-0.000121849
0.000171311
4.85029e-05
-0.000181113
3.43885e-05
0.000109237
-7.69897e-06
-0.000135076
7.19412e-05
5.74427e-05
-4.09698e-05
-1.07579e-05
-5.11065e-05
8.13122e-05
2.81364e-05
-6.00776e-05
-9.00351e-05
0.00012281
9.78345e-05
-0.000198516
-2.46084e-05
0.000176363
-4.30265e-08
-0.000137682
-8.21717e-06
0.000104377
2.03474e-05
-4.872e-05
-6.22532e-05
-2.48738e-05
0.000196328
-4.70937e-05
-0.000190365
5.98726e-05
0.000141487
9.55333e-07
-0.000135843
-1.94997e-05
4.89286e-05
0.000105893
1.76554e-06
-0.000224724
-1.18154e-05
0.000180807
-9.74099e-05
-0.000199955
-0.000317344
-0.000364479
-0.00046001
-0.00103235
-0.00192513
-0.0029445
-0.0043528
-0.00682083
-0.0106143
-0.0159776
-0.0235125
-0.0335982
-0.047458
-0.0664007
-0.0907186
-0.121666
-0.160144
-0.206871
-0.26308
-0.328548
-0.402424
-0.483823
-0.570349
-0.659354
-0.747092
-0.828359
-0.898011
-0.950901
-0.982475
-0.98975
-0.970822
-0.925594
-0.856107
-0.766322
-0.662214
-0.551175
-0.441251
-0.340669
-0.25714
-0.197288
-0.16604
0.0409588
0.06163
0.102608
0.16377
0.243324
0.33816
0.44411
0.555161
0.665114
0.767648
0.856167
0.925339
0.970783
0.989847
0.982527
0.950649
0.897704
0.828322
0.747305
0.659695
0.570346
0.483538
0.402257
0.328531
0.26338
0.207054
0.159904
0.121526
0.0906557
0.0665386
0.047736
0.033428
0.0233169
0.0159964
0.0106843
0.0070086
0.00429602
0.00273478
0.00192845
0.00117053
0.000561358
0.000242234
0.000240899
0.000208559
0.000165116
-4.61891e-05
-0.000161069
0.000136928
0.00016174
-0.000116586
-5.57798e-05
-2.10956e-05
8.43496e-05
8.50619e-05
-0.000103824
-0.000106492
8.60908e-05
0.000165538
-0.000152493
-0.000101126
0.000129608
4.08064e-05
-4.40256e-05
-4.97669e-05
-2.13623e-05
9.99105e-05
2.35277e-05
-0.000106369
-5.9194e-05
0.000170422
2.50299e-05
-0.000215709
8.36841e-05
0.000121581
-5.39377e-05
-0.000126937
9.35176e-05
7.54827e-05
-0.000102493
6.95189e-06
9.60764e-06
4.31973e-05
-2.52092e-05
-2.79801e-05
-1.10864e-06
4.65215e-05
1.83615e-05
-0.000104638
4.3524e-05
8.57203e-05
-6.15738e-05
-8.68131e-05
0.000102517
6.20936e-05
-0.000143179
3.18406e-07
0.000136765
-4.07257e-05
-0.000132642
9.58105e-05
