-0.000236966
-5.4654e-05
0.000161296
0.00016893
-0.000152018
-0.000159978
5.58892e-05
0.000145243
4.95131e-05
-0.000152638
-2.37798e-05
9.80439e-06
6.01472e-05
5.81321e-05
-1.64923e-05
-4.63792e-05
-0.000173442
0.000107291
0.000212084
2.88422e-05
-0.000250333
-0.000216856
0.000268459
0.000240845
-4.33287e-05
-0.000268757
-0.00015498
5.06795e-05
7.89709e-05
0.00032233
0.000565335
0.000688843
0.000777295
0.000176869
-0.00280232
-0.0104465
-0.0250179
-0.0487491
-0.084907
-0.135631
-0.202067
-0.284385
-0.380615
-0.486879
-0.596955
-0.704537
-0.802906
-0.885142
-0.946141
-0.982572
-0.992421
-0.975961
-0.935463
-0.874983
-0.799174
-0.713188
-0.622979
-0.532778
-0.446258
-0.366672
-0.295593
-0.233672
-0.181331
-0.138124
-0.103277
-0.0756097
-0.0543627
-0.0384628
-0.0264374
-0.017892
-0.0120334
-0.00769048
-0.00487089
-0.00319298
-0.00183306
-0.00108937
-0.000728348
-0.000364807
-0.000181665
-0.00015222
-6.57443e-05
-2.19269e-05
-4.07618e-06
-4.63706e-05
1.06341e-05
3.32697e-05
-5.67477e-05
1.11253e-05
5.79392e-05
-7.98255e-05
2.2353e-05
6.27362e-05
-9.09632e-05
2.963e-05
6.52108e-05
-0.000101553
4.16449e-05
5.92699e-05
-0.000105027
5.12616e-05
-5.08959e-05
0.000106221
-6.39949e-05
-3.8412e-05
0.000107736
-7.89025e-05
-2.38893e-05
0.00010667
-9.03637e-05
-1.25639e-05
0.000108856
-0.000104094
6.74049e-06
0.000103652
-9.6686e-05
2.81418e-05
0.000129326
-4.3591e-05
0.000142603
0.000285663
0.000301295
0.000672849
0.00118756
0.00182912
0.00308286
0.00495923
0.00775202
0.0118738
0.0179619
0.0265549
0.0382848
0.0543912
0.0757673
0.10312
0.1381
0.181481
0.233602
0.295499
0.366779
0.446305
0.532641
0.622994
0.713346
0.799047
0.874897
0.935658
0.975911
0.99228
0.982677
0.946227
0.885013
0.802859
0.704695
0.596945
0.486697
0.380731
0.284502
0.201907
0.135594
0.0850433
0.0487819
0.0248402
0.0104793
0.00297854
-0.00027682
-0.000909123
-0.000566204
-0.000464814
-0.000452396
-0.000170891
0.00010572
0.000227475
7.60961e-05
3.6079e-05
-9.0111e-05
-0.000242774
4.89758e-05
0.000227089
0.000173609
-0.000247075
-0.000253559
0.000162739
0.000220394
2.66204e-05
-0.000249239
-4.45344e-05
0.000134586
6.76242e-05
-2.23022e-05
-9.37254e-05
1.82144e-05
-1.73857e-07
3.65316e-05
3.71406e-05
-3.46776e-05
-4.95734e-05
-2.78351e-05
9.84211e-05
3.2341e-05
-6.75709e-05
