-3.90486e-17
-2.75195e-16
-1.81996e-15
-1.14887e-14
-6.922e-14
-3.97869e-13
-2.18059e-12
-1.13888e-11
-5.66464e-11
-2.6813e-10
-1.20685e-09
-5.16087e-09
-2.09476e-08
-8.06192e-08
-2.93859e-07
-1.01321e-06
-3.30021e-06
-1.01401e-05
-2.93452e-05
-7.98623e-05
-0.000204059
-0.000488768
-0.00109593
-0.00229808
-0.00450531
-0.00826516
-0.0142274
-0.0231002
-0.0356654
-0.0529139
-0.0762519
-0.107558
-0.148848
-0.201582
-0.266132
-0.341878
-0.427675
-0.521755
-0.620786
-0.719355
-0.811041
-0.889986
-0.950988
-0.988892
-0.99974
-0.982706
-0.939638
-0.873416
-0.788542
-0.691821
-0.590051
-0.488577
-0.392685
-0.306849
-0.23279
-0.171166
-0.122448
-0.0851027
-0.0571335
-0.0374468
-0.0238829
-0.0145452
-0.00881002
-0.00516601
-0.00277217
-0.00165647
-0.000840487
-0.000367904
-0.000311742
-3.95782e-05
-6.39994e-05
-6.4918e-05
6.19669e-05
-7.69459e-05
4.43734e-05
-9.11404e-06
-2.78462e-05
5.09182e-05
-5.84803e-05
5.11821e-05
-3.4186e-05
1.31527e-05
6.85499e-06
-2.25174e-05
3.23328e-05
-3.63238e-05
3.54939e-05
-3.12979e-05
2.52266e-05
-1.85492e-05
1.21967e-05
-6.75095e-06
2.49414e-06
5.14806e-07
-2.36272e-06
3.21658e-06
-3.27559e-06
2.74094e-06
-1.80064e-06
6.25745e-07
-6.25745e-07
1.80064e-06
-2.74094e-06
3.27559e-06
-3.21658e-06
2.36272e-06
-5.14806e-07
-2.49414e-06
6.75095e-06
-1.21967e-05
1.85492e-05
-2.52266e-05
3.12979e-05
-3.54939e-05
3.63238e-05
-3.23328e-05
2.25174e-05
-6.85499e-06
-1.31527e-05
3.4186e-05
-5.11821e-05
5.84803e-05
-5.09182e-05
2.78462e-05
9.11404e-06
-4.43734e-05
7.69459e-05
-6.19669e-05
6.4918e-05
6.39994e-05
3.95782e-05
0.000311742
0.000367904
0.000840487
0.00165647
0.00277217
0.00516601
0.00881002
0.0145452
0.0238829
0.0374468
0.0571335
0.0851027
0.122448
0.171166
0.23279
0.306849
0.392685
0.488577
0.590051
0.691821
0.788542
0.873416
0.939638
0.982706
0.99974
0.988892
0.950988
0.889986
0.811041
0.719355
0.620786
0.521755
0.427675
0.341878
0.266132
0.201582
0.148848
0.107558
0.0762519
0.0529139
0.0356654
0.0231002
0.0142274
0.00826516
0.00450531
0.00229808
0.00109593
0.000488768
0.000204059
7.98623e-05
2.93452e-05
1.01401e-05
3.30021e-06
1.01321e-06
2.93859e-07
8.06192e-08
2.09476e-08
5.16087e-09
1.20685e-09
2.6813e-10
5.66464e-11
1.13888e-11
2.18059e-12
3.97869e-13
6.922e-14
1.14887e-14
1.82006e-15
2.7601e-16
4.52634e-17
