7.9841e-321
7.9841e-321
8.00386e-321
8.02363e-321
7.97916e-321
8.04833e-321
7.90505e-321
8.10268e-321
7.83588e-321
8.15702e-321
7.85564e-321
8.02857e-321
8.09774e-321
7.77165e-321
8.29042e-321
7.77165e-321
8.0088e-321
8.23113e-321
7.58391e-321
8.23607e-321
8.14714e-321
7.49992e-321
-8.46454e-50
-3.92977e-47
-8.90829e-45
-1.31405e-42
-1.41823e-40
-1.194e-38
-8.16325e-37
-4.65919e-35
-2.26483e-33
-9.51925e-32
-3.50038e-30
-1.13667e-28
-3.2843e-27
-8.49633e-26
-1.97798e-24
-4.16159e-23
-7.94114e-22
-1.37839e-20
-2.18163e-19
-3.15489e-18
-4.17518e-17
-5.06293e-16
-5.63083e-15
-5.74728e-14
-5.3855e-13
-4.63337e-12
-3.65924e-11
-2.65158e-10
-1.76163e-09
-1.07194e-08
-5.96612e-08
-3.03222e-07
-1.40446e-06
-5.91453e-06
-2.25849e-05
-7.79616e-05
-0.000242476
-0.00067718
-0.00169295
-0.00378125
-0.00755038
-0.0135589
-0.0222208
-0.034086
-0.0504659
-0.073642
-0.105914
-0.148391
-0.201453
-0.266183
-0.343493
-0.431703
-0.527306
-0.627113
-0.726449
-0.818226
-0.896444
-0.955976
-0.991134
-0.999278
-0.980171
-0.934447
-0.866383
-0.781153
-0.684486
-0.583478
-0.483378
-0.389456
-0.30516
-0.232403
-0.172285
-0.124074
-0.0870457
-0.0593143
-0.0393959
-0.0254196
-0.0159907
-0.00977996
0.00977996
0.0159907
0.0254196
0.0393959
0.0593143
0.0870457
0.124074
0.172285
0.232403
0.30516
0.389456
0.483378
0.583478
0.684486
0.781153
0.866383
0.934447
0.980171
0.999278
0.991134
0.955976
0.896444
0.818226
0.726449
0.627113
0.527306
0.431703
0.343493
0.266183
0.201453
0.148391
0.105914
0.073642
0.0504659
0.034086
0.0222208
0.0135589
0.00755038
0.00378125
0.00169295
0.00067718
0.000242476
7.79616e-05
2.25849e-05
5.91453e-06
1.40446e-06
3.03222e-07
5.96612e-08
1.07194e-08
1.76163e-09
2.65158e-10
3.65924e-11
4.63337e-12
5.3855e-13
5.74728e-14
5.63083e-15
5.06293e-16
4.17518e-17
3.15489e-18
2.18163e-19
1.37839e-20
7.94114e-22
4.16159e-23
1.97798e-24
8.49633e-26
3.2843e-27
1.13667e-28
3.50038e-30
9.51925e-32
2.26483e-33
4.65919e-35
8.16325e-37
1.194e-38
1.41823e-40
1.31405e-42
8.90829e-45
3.92977e-47
8.46454e-50
0
0
0
0
0
0
0
0
0
0
0
0
0
0
0
0
0
0
0
0
0
0
