0.0370568
0.0762084
0.119763
0.169269
0.226515
0.292308
0.366911
0.449867
0.539082
0.631968
0.724123
0.810596
0.886025
0.944618
0.982114
0.99465
0.980601
0.940161
0.875083
0.789895
0.689905
0.582175
0.473856
0.371092
0.279137
0.200776
0.137374
0.088863
0.0538954
0.0304756
0.0160637
0.00766115
0.00312665
0.000873276
-0.000160014
-9.62631e-05
6.53813e-05
0.000123237
2.79869e-05
-0.000245308
-9.37137e-05
0.000150429
0.000147083
-6.23131e-06
-0.00015218
-0.000146058
0.000191273
0.000140537
-0.00011081
-0.000105388
-5.21056e-05
0.000159004
0.000111399
-0.000170405
-0.000125917
0.000160632
6.94647e-05
-3.77124e-05
-0.000109977
-3.79973e-05
0.000183942
2.54086e-05
-0.000203816
1.11945e-05
0.000173939
-4.51309e-05
-7.70605e-05
-2.90092e-05
7.12312e-05
7.95912e-05
-9.90921e-05
-0.000111272
0.000178508
4.73668e-05
-0.000195883
3.02444e-05
0.000158404
-8.15477e-05
-8.82023e-05
7.88723e-05
3.18135e-05
-3.2359e-05
-3.47628e-05
8.09422e-06
6.04824e-05
-1.085e-05
-9.9559e-05
6.8729e-05
8.72929e-05
-0.000123543
-4.0296e-05
0.000164768
-4.97995e-05
-0.000145112
0.000128773
8.22516e-05
-0.000179556
1.68885e-05
0.000171193
-0.00011075
5.84384e-05
-9.48254e-05
-2.88967e-06
0.0001042
-6.3434e-05
-7.40532e-05
0.000114593
1.64015e-05
-0.000143682
7.19619e-05
0.000114962
-0.000143089
-4.96332e-05
0.000188912
-5.71197e-05
-0.000159965
0.000135633
9.30351e-05
-0.000176122
1.06804e-06
0.000141495
-4.72936e-05
-8.50091e-05
3.71335e-05
5.07732e-05
1.11906e-05
-7.28933e-05
-4.96298e-05
0.000151923
6.79191e-06
-0.000186258
4.9509e-05
0.00018636
-0.00011609
-9.97235e-05
6.25295e-05
8.3395e-05
3.19482e-06
-0.00010903
-6.71033e-05
0.000190802
4.62571e-05
-0.000212658
-1.47597e-06
0.000125319
6.36952e-05
-6.93768e-05
-0.000141861
2.30867e-05
0.000235655
-5.72221e-05
-0.00017543
-1.76012e-05
9.02454e-05
0.000167038
-7.02967e-05
-0.000221844
7.61391e-06
0.000197099
7.30776e-05
-4.29855e-05
-0.000234599
-3.83697e-05
0.000204815
1.6523e-05
-0.000106028
-0.000101563
0.000803254
0.00316775
0.00766926
0.0160162
0.0305308
0.0538668
0.0888478
0.137424
0.200718
0.279171
0.371102
0.473807
0.582243
0.689853
0.789918
0.875119
0.940127
0.98071
0.994692
0.982293
0.944956
0.886549
0.811671
0.725871
0.635026
0.544186
0.45813
0.38019
0.312921
0.258011
0.216246
0.18831
0.174255
