1.71654e-05
-2.78059e-05
2.66658e-05
-1.19279e-05
-1.23298e-05
3.55876e-05
-4.43661e-05
2.94841e-05
6.52424e-06
-4.72351e-05
6.89187e-05
-5.4078e-05
4.44068e-06
5.58856e-05
-9.17468e-05
7.80905e-05
-1.80717e-05
-5.52628e-05
9.77173e-05
-8.27898e-05
2.10168e-05
4.56515e-05
-7.29916e-05
4.71406e-05
4.64101e-06
-3.57233e-05
1.91699e-05
2.77255e-05
-5.64702e-05
3.0316e-05
3.89142e-05
-9.5407e-05
8.65023e-05
-1.28052e-05
-6.66767e-05
8.54675e-05
-3.19644e-05
-3.52659e-05
4.63588e-05
1.53566e-05
-7.46365e-05
7.82218e-05
3.03904e-05
-6.1323e-05
0.000159677
0.0001308
0.000199464
0.000530482
0.000949251
0.00150448
0.00277904
0.00471727
0.00748088
0.0120882
0.0187993
0.0282541
0.0416093
0.0600217
0.0841265
0.115448
0.155379
0.204532
0.263738
0.333554
0.413261
0.500835
0.593928
0.688418
0.778925
0.859896
0.926223
0.972572
0.994743
0.990587
0.95953
0.902615
0.823528
0.728415
0.62395
0.516758
0.413159
0.318483
0.235929
0.167375
0.113654
0.0740922
0.0461017
0.0268802
0.0144794
0.00743225
0.00379938
0.00181248
0.000613718
9.77279e-05
4.94486e-05
9.41724e-05
3.57826e-05
-3.07416e-05
-2.39079e-05
1.71389e-05
0.000271186
-0.000190398
-0.000330297
9.28106e-05
0.000361427
4.12099e-05
-0.000277029
0.000100228
0.000930261
0.00184303
0.00349341
0.00738798
0.0147741
0.0269249
0.0458137
0.0740633
0.113934
0.167378
0.235656
0.318519
0.413418
0.516674
0.623717
0.728548
0.82372
0.902431
0.959401
0.990804
0.994799
0.972338
0.926263
0.860102
0.778803
0.68827
0.594117
0.500886
0.413053
0.333615
0.263903
0.204383
0.1553
0.115644
0.084074
0.0598719
0.0417529
0.0283057
0.0186229
0.0121635
0.00759899
0.00455124
0.0027991
0.00164065
0.000829539
0.000489533
0.000354125
3.66867e-05
9.09903e-05
9.44507e-05
-5.07868e-05
1.1672e-05
5.59019e-05
-3.60185e-05
-3.48547e-05
9.44097e-05
-7.91122e-05
1.18322e-06
7.41964e-05
-8.76982e-05
3.80466e-05
2.36032e-05
-4.32846e-05
1.1008e-05
3.521e-05
-4.66211e-05
6.93645e-06
5.47406e-05
-8.89337e-05
6.5652e-05
2.95057e-06
-7.26092e-05
9.93255e-05
-6.89166e-05
3.70083e-06
5.53986e-05
-7.63374e-05
5.39791e-05
-8.75419e-06
-2.99745e-05
4.2857e-05
-2.97565e-05
5.4767e-06
1.26431e-05
-1.59185e-05
7.56025e-06
2.43729e-06
-5.75001e-06
1.2615e-06
5.55969e-06
-8.01026e-06
3.71979e-06
