4.99513e-06
-5.99853e-06
2.19331e-06
3.17812e-06
-5.00577e-06
2.64516e-07
8.9707e-06
-1.58488e-05
1.283e-05
2.62501e-06
-2.45017e-05
3.98749e-05
-3.58947e-05
8.61955e-06
3.19167e-05
-6.46696e-05
6.86133e-05
-3.58208e-05
-2.05478e-05
7.23268e-05
-8.84835e-05
6.15968e-05
2.21826e-06
-4.84767e-05
8.84799e-05
-2.14741e-05
5.80547e-05
0.000146215
0.000183045
0.000395438
0.000769915
0.00125525
0.00223589
0.00384061
0.0061177
0.00998901
0.0155173
0.0235133
0.0350826
0.0507257
0.0718208
0.0995548
0.134901
0.179015
0.233068
0.297121
0.371272
0.454701
0.544767
0.638495
0.731388
0.817889
0.892453
0.949973
0.985407
0.995631
0.979235
0.936012
0.868536
0.781509
0.680884
0.573574
0.466979
0.366554
0.276535
0.200053
0.138364
0.0910775
0.0571227
0.0341836
0.0190503
0.00962259
0.00445682
0.00197794
0.000805182
0.00041918
0.000137184
-0.000208629
-0.000197869
0.0002211
0.000222958
-0.000165114
-0.000216204
0.000107716
0.000159739
-3.97385e-05
-9.44082e-05
-1.53549e-05
2.6848e-05
5.92617e-05
3.23397e-05
-9.37956e-05
-7.5533e-05
0.000115184
0.000108965
-0.000132048
-0.000127626
0.000139458
0.000139379
-0.000142695
0.000141396
-0.000152384
-0.000135926
0.000168003
0.000137528
-0.000190429
-0.000140468
0.000211181
0.000149509
-0.000232048
-0.000155723
0.00023937
0.000161556
-0.000227732
-0.000161354
0.000188906
0.000144988
-0.000107496
-0.000120706
6.51049e-06
5.64425e-05
0.000129706
4.13641e-06
-0.000215488
-5.63172e-05
0.000526652
0.000934566
0.00180252
0.00443196
0.00980624
0.0189644
0.0340574
0.0572893
0.0910868
0.1382
0.200153
0.276626
0.366387
0.467018
0.573703
0.680747
0.781493
0.868681
0.935911
0.979176
0.995783
0.985326
0.949903
0.892588
0.817837
0.731303
0.638627
0.544723
0.454613
0.371405
0.297066
0.233002
0.179129
0.13485
0.099495
0.0719344
0.050662
0.0350386
0.0236297
0.0154217
0.00999241
0.00620062
0.00374346
0.002271
0.0013031
0.000685
0.000445084
0.000210566
5.98782e-05
0.000140897
-4.10745e-05
2.9134e-05
5.28983e-05
-7.85616e-05
7.47681e-05
-3.04777e-05
-1.85675e-05
4.97507e-05
-4.95006e-05
2.56676e-05
3.41968e-06
-2.02126e-05
1.83913e-05
-4.3222e-06
-8.98717e-06
1.1124e-05
-6.50572e-07
-1.47489e-05
2.37895e-05
-1.89764e-05
1.36355e-06
1.99559e-05
-3.31026e-05
3.02517e-05
-1.21542e-05
