-4.27362e-05
6.77681e-05
-6.42452e-05
3.2683e-05
1.46279e-05
-5.78906e-05
7.76498e-05
-6.34234e-05
1.93813e-05
3.60745e-05
-7.76374e-05
8.47792e-05
-5.2435e-05
-5.09116e-06
6.01031e-05
-8.52424e-05
6.84144e-05
-1.97141e-05
-3.28428e-05
6.14312e-05
-5.03774e-05
1.6922e-05
2.4825e-05
-1.94311e-05
2.59178e-05
6.8388e-05
3.85516e-05
0.000173091
0.000329101
0.000466312
0.00105375
0.0016861
0.00288076
0.00494652
0.00781901
0.012469
0.0192325
0.0287999
0.0422833
0.0606302
0.0847594
0.116177
0.15591
0.204699
0.263815
0.333034
0.411854
0.498991
0.591456
0.685222
0.775656
0.857032
0.923519
0.970601
0.993877
0.990772
0.960836
0.905248
0.827194
0.732487
0.627815
0.519903
0.415653
0.320127
0.236584
0.16721
0.112974
0.0726255
0.0443346
0.025702
0.0138409
0.00655158
0.00283077
0.0013637
0.000619669
0.000150541
-4.7172e-05
-0.000119394
-8.19221e-05
0.000188423
0.000166986
-0.000187097
-0.000235003
0.000184155
0.000230306
-0.000139941
-0.000216201
0.000111804
0.000165116
-6.80432e-05
-0.000123747
4.23395e-05
7.44163e-05
-1.38956e-05
-4.08883e-05
-5.85056e-07
1.18453e-05
1.14127e-05
4.12826e-06
-1.19288e-05
0.000195562
-0.000204756
-0.000187005
0.000214302
0.000176661
-0.000217451
-0.000170217
0.000218748
0.000155884
-0.000199835
-0.000148126
0.000173932
0.00012253
-0.000109775
-0.000106882
3.97501e-05
6.0355e-05
7.36347e-05
-2.77638e-05
-0.000164238
-4.41004e-05
0.000260903
8.90079e-05
-0.000273081
-0.000134504
0.000343825
0.0006014
0.00118469
0.00295406
0.00664893
0.0136648
0.0257156
0.0444992
0.0725003
0.112902
0.167379
0.236533
0.320001
0.415796
0.519918
0.627662
0.732597
0.827247
0.905102
0.960903
0.990861
0.993732
0.970648
0.923617
0.856897
0.775692
0.685315
0.591338
0.499011
0.411954
0.332909
0.26385
0.204782
0.155789
0.116229
0.0848149
0.0605265
0.0423371
0.0288457
0.0191251
0.0125487
0.00783224
0.00485007
0.00298806
0.00164394
0.00100785
0.000558132
0.000261936
0.000170164
0.000101658
-1.64644e-06
4.76931e-05
2.49678e-05
-5.58416e-05
7.85909e-05
-5.01282e-05
-3.97426e-06
6.05682e-05
-8.75708e-05
7.28136e-05
-2.46287e-05
-3.2052e-05
7.04188e-05
-7.46449e-05
4.6217e-05
-1.02308e-06
-3.96981e-05
5.93958e-05
-5.25047e-05
2.50016e-05
9.82345e-06
-3.76195e-05
4.83931e-05
-3.93713e-05
1.50292e-05
