-0.000224185
0.000155149
0.000120122
-0.000240249
4.09391e-05
0.000215141
-0.000180466
-9.58711e-05
0.000227947
-4.02894e-05
-0.000167528
0.000115555
0.000103956
-1.92188e-05
6.37243e-05
0.000297554
0.000745423
0.00121495
0.00226491
0.00486072
0.00880532
0.0149076
0.0254026
0.0415793
0.0649619
0.0977799
0.14202
0.199728
0.271201
0.355179
0.4503
0.553072
0.658145
0.759169
0.848894
0.92154
0.972182
0.996791
0.99388
0.963767
0.909661
0.836657
0.750071
0.655927
0.559338
0.465138
0.377566
0.299228
0.232055
0.176145
0.13092
0.0953044
0.0676492
0.0468922
0.0314975
0.0205245
0.0129495
0.00781977
0.00463463
0.00255938
0.00142904
0.0007261
0.000364648
0.000196327
5.82288e-05
6.71596e-05
-1.25835e-05
3.16881e-05
-1.51648e-05
1.07866e-05
-7.53239e-07
-6.47025e-06
1.30445e-05
-1.75139e-05
2.01367e-05
-2.08836e-05
2.00598e-05
-1.80019e-05
1.50982e-05
-1.17172e-05
8.18408e-06
-4.76054e-06
1.63907e-06
1.05505e-06
-3.25582e-06
4.94554e-06
-6.14287e-06
6.89121e-06
-7.2486e-06
7.27937e-06
-7.04785e-06
6.61397e-06
-6.03051e-06
5.34164e-06
-4.5826e-06
3.78002e-06
-2.95284e-06
2.11343e-06
-1.26901e-06
4.23088e-07
-4.23088e-07
1.26901e-06
-2.11343e-06
2.95284e-06
-3.78002e-06
4.5826e-06
-5.34164e-06
6.03051e-06
-6.61397e-06
7.04785e-06
-7.27937e-06
7.2486e-06
-6.89121e-06
6.14287e-06
-4.94554e-06
3.25582e-06
-1.05505e-06
-1.63907e-06
4.76055e-06
-8.18406e-06
1.17173e-05
-1.50979e-05
1.80027e-05
-2.00571e-05
2.0892e-05
-2.01115e-05
1.75872e-05
-1.2837e-05
7.03968e-06
2.26624e-06
-6.89526e-06
2.48467e-05
-8.39929e-06
6.67056e-05
5.42812e-05
0.000204703
0.000352643
0.000740059
0.00141554
0.00256962
0.00463027
0.0078165
0.0129607
0.0205071
0.0315174
0.0468746
0.0676592
0.0953056
0.130907
0.176168
0.232029
0.299248
0.377559
0.465129
0.559363
0.655895
0.750098
0.836647
0.909649
0.9638
0.993842
0.996818
0.972181
0.921512
0.848939
0.75913
0.658156
0.553098
0.45025
0.355225
0.271189
0.199695
0.142079
0.0977333
0.0649621
0.0416294
0.0253358
0.0149408
0.00883457
0.00478797
0.00232368
0.00122163
0.000674265
0.000373751
5.2687e-05
-8.86177e-05
0.000192099
9.52674e-05
-0.000240737
5.64273e-05
0.000209825
-0.000181831
-7.9788e-05
0.000214653
-6.6339e-05
-0.000147083
0.000156992
2.58003e-05
-0.000162939
9.23459e-05
