-0.000123783
9.31977e-05
4.70865e-05
-0.000116399
3.76135e-05
6.91227e-05
-6.33471e-05
-1.98199e-05
3.81557e-05
2.6849e-05
-3.78702e-05
-5.98456e-05
0.000107885
2.62819e-05
-0.000182829
0.000100326
0.00015256
-0.000211186
-1.98536e-05
0.000203019
-4.06252e-05
-6.36716e-05
0.000122889
0.000373718
0.000603221
0.000952519
0.00236914
0.00476123
0.00825085
0.0145847
0.0250549
0.0410867
0.0644349
0.0970897
0.141844
0.199903
0.271358
0.355867
0.451373
0.554627
0.660003
0.760677
0.850335
0.922681
0.972877
0.997036
0.993281
0.962718
0.9083
0.835179
0.748742
0.654592
0.558228
0.464252
0.376984
0.299037
0.2321
0.176412
0.131258
0.0956476
0.0679894
0.0471813
0.03176
0.0207636
0.0131296
0.00799701
0.00474356
0.00265708
0.00149458
0.000753059
0.00041303
0.000181752
9.78629e-05
4.22703e-05
1.2988e-05
1.80016e-05
-1.00035e-05
1.66607e-05
-1.5757e-05
1.64136e-05
-1.5325e-05
1.40195e-05
-1.22117e-05
1.02529e-05
-8.23316e-06
6.29011e-06
-4.50255e-06
2.92866e-06
-1.59883e-06
5.24091e-07
3.00089e-07
-8.89028e-07
1.26508e-06
-1.45451e-06
1.48519e-06
-1.385e-06
1.18079e-06
-8.97947e-07
5.60285e-07
-1.90318e-07
1.90318e-07
-5.60285e-07
8.97947e-07
-1.18079e-06
1.385e-06
-1.48519e-06
1.45451e-06
-1.26508e-06
8.89029e-07
-3.00086e-07
-5.24081e-07
1.59886e-06
-2.92854e-06
4.50293e-06
-6.2889e-06
8.23692e-06
-1.02415e-05
1.22449e-05
-1.39247e-05
1.55871e-05
-1.57103e-05
1.75859e-05
-1.20517e-05
2.12514e-05
8.56454e-06
4.77017e-05
9.17501e-05
0.000188052
0.000407188
0.000757696
0.00149192
0.00265708
0.00474666
0.00799072
0.0131386
0.0207527
0.0317713
0.0471715
0.0679958
0.0956463
0.131254
0.176422
0.232085
0.299053
0.376969
0.464261
0.558227
0.654583
0.748759
0.835157
0.908321
0.962706
0.993281
0.997051
0.972852
0.922709
0.850314
0.760682
0.660017
0.554597
0.451406
0.355843
0.27136
0.199925
0.141806
0.0971267
0.0644178
0.0410734
0.0250942
0.0145392
0.0082771
0.00477124
0.00232598
0.00100459
0.000574879
0.000357803
0.000175734
-0.000119548
-2.13949e-05
0.000237311
-8.58662e-05
-0.000162096
0.000160554
3.75704e-05
-0.000113662
9.36724e-06
5.39898e-05
2.14987e-05
-7.37776e-05
-1.96935e-05
0.000127983
-6.71973e-05
-0.000109242
0.000167176
-1.23284e-05
-0.000171916
0.000153655
5.28913e-05
-0.000200842
0.000110967
