-0.00026327
0.000142593
0.000192424
-0.000236815
-4.83667e-05
0.000313152
2.35168e-05
-1.68187e-05
0.000608299
0.00106822
0.00170957
0.00353112
0.00671531
0.0118334
0.0200983
0.0329615
0.0525914
0.0807403
0.118761
0.169183
0.233608
0.311228
0.40078
0.499862
0.604061
0.70794
0.804442
0.886495
0.94901
0.987461
0.998877
0.982841
0.940644
0.8765
0.79609
0.704845
0.608727
0.512677
0.420962
0.337514
0.26429
0.202497
0.152032
0.11161
0.080254
0.056223
0.0382769
0.0253604
0.016115
0.00998314
0.0059031
0.00334292
0.00188911
0.000928757
0.000529488
0.000223253
0.000108935
7.40103e-05
-1.30419e-05
4.81741e-05
-3.02387e-05
2.42498e-05
-7.54512e-06
-6.63276e-06
1.94538e-05
-2.77257e-05
3.11901e-05
-2.98434e-05
2.4612e-05
-1.67512e-05
7.66063e-06
1.37812e-06
-9.34528e-06
1.55595e-05
-1.96832e-05
2.16801e-05
-2.17453e-05
2.02241e-05
-1.75369e-05
1.41149e-05
-1.03544e-05
6.5872e-06
-3.06693e-06
-3.258e-08
2.61055e-06
-4.6274e-06
6.09081e-06
-7.04165e-06
7.54133e-06
-7.66121e-06
7.47446e-06
-7.05027e-06
6.45013e-06
-5.72581e-06
4.91878e-06
-4.06044e-06
3.17314e-06
-2.27148e-06
1.36399e-06
-4.54758e-07
4.54758e-07
-1.36399e-06
2.27148e-06
-3.17314e-06
4.06044e-06
-4.91878e-06
5.72581e-06
-6.45013e-06
7.05027e-06
-7.47446e-06
7.66121e-06
-7.54133e-06
7.04165e-06
-6.09081e-06
4.6274e-06
-2.61055e-06
3.258e-08
3.06693e-06
-6.5872e-06
1.03544e-05
-1.41149e-05
1.75369e-05
-2.02241e-05
2.17453e-05
-2.16801e-05
1.96832e-05
-1.55595e-05
9.34531e-06
-1.37803e-06
-7.66031e-06
1.67522e-05
-2.46086e-05
2.98542e-05
-3.11573e-05
2.78226e-05
-1.91776e-05
7.3952e-06
9.58099e-06
-1.89948e-05
4.33418e-05
-1.66332e-05
8.62857e-05
8.99625e-05
0.000244726
0.000511179
0.000938187
0.00189249
0.00332627
0.00592909
0.00995565
0.0161343
0.0253572
0.0382609
0.0562538
0.0802196
0.111634
0.152031
0.202473
0.26433
0.337476
0.420978
0.512693
0.608684
0.704893
0.796065
0.876486
0.940692
0.982786
0.998903
0.987485
0.948949
0.886552
0.804431
0.707892
0.604134
0.499821
0.400752
0.311306
0.233544
0.169174
0.11884
0.0806604
0.0525936
0.0330451
0.0200083
0.0118354
0.00681007
0.00343744
0.00169567
0.00118144
0.000523506
-6.61045e-05
0.000154967
0.00026196
-0.00015034
-0.000107521
0.000211415
-8.56934e-06
-0.000187732
0.000116686
