0.0175796
0.0375345
0.0632073
0.097671
0.142581
0.199326
0.26963
0.353408
0.447738
0.548964
0.653227
0.754435
0.844974
0.918545
0.970271
0.996234
0.994837
0.966643
0.913667
0.840629
0.754029
0.659485
0.562282
0.467668
0.379244
0.299876
0.231913
0.175484
0.129869
0.0942889
0.0668026
0.045952
0.0308563
0.0199082
0.0123199
0.00748975
0.00421913
0.00231089
0.00130554
0.000556387
0.000325455
0.000171674
-2.89693e-06
8.9712e-05
-1.71188e-05
-1.39737e-05
5.49921e-05
-6.11341e-05
4.27297e-05
-6.47256e-06
-2.973e-05
5.2124e-05
-5.35714e-05
3.58157e-05
-7.04341e-06
-2.20218e-05
4.21596e-05
-4.82999e-05
4.02902e-05
-2.20003e-05
-5.41766e-07
2.11914e-05
-3.5286e-05
4.04864e-05
-3.68418e-05
2.6274e-05
-1.17613e-05
-3.50337e-06
1.67863e-05
-2.62208e-05
3.09408e-05
-3.09944e-05
2.71175e-05
-2.0451e-05
1.22706e-05
-3.7693e-06
-4.08495e-06
1.06185e-05
-1.546e-05
1.85046e-05
-1.9855e-05
1.97531e-05
-1.85159e-05
1.64826e-05
-1.39742e-05
1.12692e-05
-8.5898e-06
6.09949e-06
-3.90608e-06
2.06961e-06
-6.11837e-07
-4.73928e-07
1.21387e-06
-1.64611e-06
1.81478e-06
-1.76582e-06
1.54425e-06
-1.19268e-06
7.50887e-07
-2.56115e-07
2.56115e-07
-7.50887e-07
1.19268e-06
-1.54425e-06
1.76582e-06
-1.81478e-06
1.64611e-06
-1.21387e-06
4.73928e-07
6.11837e-07
-2.06961e-06
3.90608e-06
-6.09949e-06
8.5898e-06
-1.12692e-05
1.39742e-05
-1.64826e-05
1.85159e-05
-1.97531e-05
1.9855e-05
-1.85046e-05
1.546e-05
-1.06185e-05
4.08495e-06
3.7693e-06
-1.22706e-05
2.0451e-05
-2.71175e-05
3.09944e-05
-3.09408e-05
2.62208e-05
-1.67863e-05
3.50337e-06
1.17613e-05
-2.6274e-05
3.68418e-05
-4.04864e-05
3.5286e-05
-2.11914e-05
5.41766e-07
2.20003e-05
-4.02902e-05
4.82999e-05
-4.21596e-05
2.20221e-05
7.04434e-06
-3.58126e-05
5.35817e-05
-5.20915e-05
2.98293e-05
6.76524e-06
-4.18968e-05
6.34208e-05
-4.89394e-05
2.94075e-05
5.50034e-05
-2.6206e-07
0.000205896
0.000270796
0.000600214
0.00130125
0.002269
0.00428337
0.0074458
0.01231
0.0199696
0.0307859
0.0459766
0.066848
0.0942054
0.129922
0.175512
0.231823
0.299948
0.379262
0.46757
0.562365
0.659506
0.753919
0.840712
0.913708
0.966515
0.994903
0.996318
0.970134
0.91856
0.845113
0.754327
0.65316
0.54915
0.447767
0.353346
0.26998
0.199988
0.143513
0.0998202
0.067741
0.0456411
0.0319623
0.0255108
