-0.000113772
0.000136509
-5.04443e-05
-7.4419e-05
0.000137042
-8.82389e-05
-2.85844e-05
0.000114587
-0.000100809
7.56318e-06
7.68079e-05
-8.01561e-05
1.41256e-05
4.27936e-05
-3.17208e-05
-2.13911e-05
3.6721e-05
2.06624e-05
-8.72812e-05
6.70849e-05
4.69541e-05
-0.000142175
0.000104126
4.12445e-05
-0.00014055
8.86985e-05
3.91233e-05
-7.85798e-05
-8.31061e-06
7.77891e-05
-4.38736e-06
-0.000126064
0.000119686
4.22396e-05
-0.000151053
6.30196e-05
7.76998e-05
-4.87119e-05
-9.68516e-05
9.93592e-05
8.147e-05
-0.000170551
2.09004e-05
0.000118657
-1.29395e-05
-0.000135347
2.82837e-05
0.000170341
-0.000102487
-0.000110381
6.47043e-05
0.000146394
-8.19777e-05
-0.000161642
0.000112025
0.000144706
-7.64996e-06
-0.000103014
0.000290948
0.000737655
0.00123129
0.00239143
0.0050517
0.0099069
0.0175837
0.0298698
0.0489595
0.077303
0.116594
0.168499
0.234253
0.31422
0.406887
0.508642
0.614451
0.718309
0.813959
0.894815
0.954997
0.989864
0.99727
0.977439
0.932975
0.867883
0.78722
0.696417
0.60106
0.506333
0.416651
0.335235
0.264
0.20364
0.153905
0.113964
0.0826778
0.0588552
0.0413486
0.0291716
0.0215204
0.0178403
0.028552
0.0336332
0.0440846
0.0604755
0.0836053
0.114476
0.154179
0.203782
0.26407
0.33527
0.416666
0.506342
0.601063
0.69642
0.787219
0.867884
0.932973
0.977441
0.997268
0.989865
0.954996
0.894815
0.813959
0.718309
0.614453
0.50864
0.40689
0.314216
0.234257
0.168494
0.116598
0.0772987
0.0489629
0.0298677
0.017584
0.00990868
0.00504772
0.00239745
0.00122368
0.000746099
0.000282691
-9.61279e-05
-1.19825e-05
0.000145504
0.000115324
-0.000168984
-7.13829e-05
0.000134071
7.66526e-05
-0.000119597
-9.81553e-05
0.00017232
1.97617e-05
-0.000121525
-2.93748e-05
0.000133998
1.05951e-05
-0.000168432
8.88765e-05
8.35887e-05
-7.64589e-05
-6.81224e-05
9.01234e-05
6.21039e-05
-0.000162937
6.4036e-05
9.46631e-05
-0.000106441
-1.09849e-05
6.78219e-05
1.56764e-05
-0.000108118
6.25203e-05
8.17895e-05
-0.000154379
7.12087e-05
7.05449e-05
-0.000120496
4.85045e-05
4.14002e-05
-4.87915e-05
-1.14791e-05
4.48969e-05
5.34895e-07
-7.35033e-05
8.17493e-05
1.13832e-06
-0.000102705
0.000123312
-3.50602e-05
-8.99021e-05
0.000144664
-8.18936e-05
-4.71512e-05
0.000138049
-0.000119423
7.97652e-06
0.000108032
-0.000139079
6.23797e-05
