0.000218079
-5.79812e-06
-0.000220427
1.79747e-05
0.000213603
-2.57627e-05
-0.000200858
2.45433e-05
0.000190371
-2.24628e-05
-0.00018013
3.50051e-05
0.000130209
-3.51852e-06
-0.000105526
-1.52276e-05
7.74614e-05
1.87567e-06
2.85791e-05
-8.27163e-05
-4.77596e-05
9.0468e-05
0.000100687
-7.29642e-05
-0.000219395
0.000159538
0.000180897
-9.6834e-05
-0.000201224
3.9692e-05
0.000214879
-4.47898e-05
-7.52816e-05
-6.86709e-05
-1.79981e-05
0.000138073
0.000107366
-0.000132983
-0.000204567
8.51362e-05
0.000260473
-4.94601e-05
-0.000148117
-6.09133e-05
-3.20267e-05
0.000183405
0.000127475
-9.35829e-05
-0.00026661
-8.08078e-06
0.000238819
9.21215e-05
1.86068e-05
-0.000117143
-0.000289591
-1.99385e-05
0.000142566
2.2418e-05
9.52718e-05
0.000461878
0.00122722
0.001954
0.00189819
-0.000816778
-0.00818443
-0.0222876
-0.0463448
-0.0831829
-0.134784
-0.203092
-0.287462
-0.385255
-0.492605
-0.60337
-0.710753
-0.808185
-0.889187
-0.948617
-0.983104
-0.991088
-0.973047
-0.931376
-0.870187
-0.794174
-0.708714
-0.61917
-0.529751
-0.44428
-0.365657
-0.29512
-0.233878
-0.182144
-0.139119
-0.104564
-0.0774751
-0.0565077
-0.041279
-0.0306451
-0.0237391
-0.0206325
0.0458913
0.0515694
0.0635687
0.0818967
0.107392
0.141063
0.183127
0.234538
0.295635
0.36574
0.444449
0.529916
0.619062
0.708808
0.794245
0.870057
0.931467
0.973083
0.990973
0.983187
0.948642
0.88909
0.808247
0.710792
0.603276
0.492644
0.385323
0.287358
0.20311
0.134889
0.083052
0.0463615
0.0224138
0.00803872
0.000830889
-0.00176513
-0.00209378
-0.00122461
-0.000339094
-0.000193267
-5.9824e-05
-3.02231e-05
-1.12121e-05
0.000184616
0.000234851
5.08126e-06
-0.000243883
-0.000136971
8.42595e-05
9.78105e-05
0.000157569
-2.51371e-05
-0.000301043
3.11211e-06
0.00018981
0.000113502
-8.30145e-05
-0.000121876
-4.68347e-05
3.96314e-05
0.000201993
7.86289e-06
-0.000267423
-2.27025e-05
0.000207929
6.19987e-05
-0.000108319
-0.000111938
6.5074e-05
3.09181e-05
9.91123e-05
-4.41387e-05
-0.000190386
7.17211e-05
0.000175042
1.2591e-05
-0.000256312
2.31354e-05
0.000229986
-3.07075e-05
-0.000166317
-1.43696e-05
0.000161942
-8.74932e-06
-0.000100827
1.30417e-06
4.6245e-05
2.04546e-05
-1.62391e-05
-2.78573e-05
-1.2307e-05
3.02178e-05
4.71458e-05
-4.85101e-05
-6.40558e-05
6.75903e-05
5.73461e-05
-5.51114e-05
-8.10561e-05
7.46355e-05
