7.97422e-321
8.01869e-321
7.96434e-321
8.07303e-321
7.91987e-321
8.10762e-321
7.86553e-321
8.10268e-321
7.89517e-321
8.02857e-321
8.04833e-321
7.826e-321
8.21631e-321
7.77165e-321
8.1422e-321
8.04833e-321
7.73213e-321
8.33489e-321
7.77165e-321
7.8507e-321
8.42382e-321
-2.11614e-50
-9.95139e-48
-2.2857e-45
-3.41729e-43
-3.73945e-41
-3.19301e-39
-2.21489e-37
-1.28308e-35
-6.33295e-34
-2.70381e-32
-1.01036e-30
-3.33565e-29
-9.80349e-28
-2.58093e-26
-6.11787e-25
-1.31133e-23
-2.55073e-22
-4.51595e-21
-7.29528e-20
-1.07753e-18
-1.45755e-17
-1.80801e-16
-2.05867e-15
-2.1532e-14
-2.06957e-13
-1.82825e-12
-1.48425e-11
-1.10695e-10
-7.57921e-10
-4.75987e-09
-2.73853e-08
-1.44125e-07
-6.92573e-07
-3.03219e-06
-1.20648e-05
-4.35023e-05
-0.000141698
-0.000415546
-0.00109361
-0.00257604
-0.00542652
-0.0102522
-0.0175406
-0.0277156
-0.0416243
-0.0610827
-0.0885543
-0.125857
-0.173573
-0.232288
-0.303268
-0.386386
-0.478743
-0.576834
-0.677138
-0.773622
-0.859256
-0.928817
-0.976834
-0.998606
-0.993146
-0.960532
-0.902937
-0.825698
-0.733913
-0.634229
-0.533089
-0.435399
-0.346021
-0.267235
-0.200783
-0.146716
-0.104228
-0.0721046
-0.0484501
-0.0317519
-0.0201933
-0.0125411
-0.00756074
0.00756074
0.0125411
0.0201933
0.0317519
0.0484501
0.0721046
0.104228
0.146716
0.200783
0.267235
0.346021
0.435399
0.533089
0.634229
0.733913
0.825698
0.902937
0.960532
0.993146
0.998606
0.976834
0.928817
0.859256
0.773622
0.677138
0.576834
0.478743
0.386386
0.303268
0.232288
0.173573
0.125857
0.0885543
0.0610827
0.0416243
0.0277156
0.0175406
0.0102522
0.00542652
0.00257604
0.00109361
0.000415546
0.000141698
4.35023e-05
1.20648e-05
3.03219e-06
6.92573e-07
1.44125e-07
2.73853e-08
4.75987e-09
7.57921e-10
1.10695e-10
1.48425e-11
1.82825e-12
2.06957e-13
2.1532e-14
2.05867e-15
1.80801e-16
1.45755e-17
1.07753e-18
7.29528e-20
4.51595e-21
2.55073e-22
1.31133e-23
6.11787e-25
2.58093e-26
9.80349e-28
3.33565e-29
1.01036e-30
2.70381e-32
6.33295e-34
1.28308e-35
2.21489e-37
3.19301e-39
3.73945e-41
3.41729e-43
2.2857e-45
9.95139e-48
2.11614e-50
0
0
0
0
0
0
0
0
0
0
0
0
0
0
0
0
0
0
0
0
0
