8.01869e-321
-1.92461e-62
-1.13603e-59
-3.29079e-57
-6.2357e-55
-8.69282e-53
-9.50637e-51
-8.49241e-49
-6.37226e-47
-4.09828e-45
-2.29421e-43
-1.1314e-41
-4.96298e-40
-1.9518e-38
-6.92679e-37
-2.23058e-35
-6.54802e-34
-1.75926e-32
-4.34071e-31
-9.86445e-30
-2.07e-28
-4.01979e-27
-7.23765e-26
-1.21021e-24
-1.88191e-23
-2.72475e-22
-3.67688e-21
-4.62818e-20
-5.43753e-19
-5.96584e-18
-6.11461e-17
-5.85576e-16
-5.24011e-15
-4.38134e-14
-3.42206e-13
-2.49589e-12
-1.69903e-11
-1.07876e-10
-6.3832e-10
-3.51654e-09
-1.80155e-08
-8.57111e-08
-3.78103e-07
-1.5438e-06
-5.82247e-06
-2.02392e-05
-6.46827e-05
-0.000189571
-0.000508164
-0.0012429
-0.00276885
-0.00561641
-0.0103986
-0.0176977
-0.0280649
-0.0422986
-0.0618823
-0.0890309
-0.125922
-0.173716
-0.232647
-0.303043
-0.385184
-0.47743
-0.575643
-0.675132
-0.771267
-0.857713
-0.927402
-0.975508
-0.998583
-0.993708
-0.961384
-0.904829
-0.827639
-0.735805
-0.636288
-0.534529
-0.436528
-0.346735
-0.267403
-0.200697
-0.146367
-0.10368
-0.0716002
-0.0478719
-0.031289
-0.0198047
-0.0122037
-0.00736641
-0.00424142
-0.00247517
-0.00130948
-0.00075616
-0.000357047
-0.000211647
-8.52799e-05
-5.43255e-05
-1.82998e-05
-1.15105e-05
1.15105e-05
1.82998e-05
5.43255e-05
8.52799e-05
0.000211647
0.000357047
0.00075616
0.00130948
0.00247517
0.00424142
0.00736641
0.0122037
0.0198047
0.031289
0.0478719
0.0716002
0.10368
0.146367
0.200697
0.267403
0.346735
0.436528
0.534529
0.636288
0.735805
0.827639
0.904829
0.961384
0.993708
0.998583
0.975508
0.927402
0.857713
0.771267
0.675132
0.575643
0.47743
0.385184
0.303043
0.232647
0.173716
0.125922
0.0890309
0.0618823
0.0422986
0.0280649
0.0176977
0.0103986
0.00561641
0.00276885
0.0012429
0.000508164
0.000189571
6.46827e-05
2.02392e-05
5.82247e-06
1.5438e-06
3.78103e-07
8.57111e-08
1.80155e-08
3.51654e-09
6.3832e-10
1.07876e-10
1.69903e-11
2.49589e-12
3.42206e-13
4.38134e-14
5.24011e-15
5.85576e-16
6.11461e-17
5.96584e-18
5.43753e-19
4.62818e-20
3.67688e-21
2.72475e-22
1.88191e-23
1.21021e-24
7.23765e-26
4.01979e-27
2.07e-28
9.86445e-30
4.34071e-31
1.75926e-32
6.54802e-34
2.23058e-35
6.92679e-37
1.9518e-38
4.96298e-40
1.1314e-41
2.29421e-43
4.09828e-45
6.37226e-47
8.49241e-49
9.50637e-51
8.69282e-53
6.2357e-55
3.29079e-57
1.13603e-59
1.92461e-62
0
