-5.34483e-07
-1.82466e-06
-5.48261e-06
-1.55385e-05
-4.17281e-05
-0.000106096
-0.000255075
-0.000579175
-0.00124071
-0.00250582
-0.00477096
-0.00857047
-0.0145579
-0.0234762
-0.0361581
-0.0536043
-0.0771233
-0.108407
-0.149352
-0.201544
-0.265659
-0.341189
-0.426678
-0.520009
-0.618132
-0.716386
-0.808507
-0.887892
-0.948998
-0.98749
-0.999826
-0.984069
-0.941361
-0.8756
-0.791643
-0.69494
-0.592269
-0.490478
-0.394407
-0.307452
-0.232618
-0.171082
-0.12187
-0.0840205
-0.0564746
-0.0368031
-0.0230016
-0.0141436
-0.0085107
-0.00471691
-0.00268122
-0.00156729
-0.000661802
-0.000397316
-0.000279218
1.29835e-05
-8.70328e-05
-6.33022e-05
8.61248e-05
-8.39806e-05
1.65296e-05
4.87473e-05
-8.40047e-05
7.14809e-05
-2.53592e-05
-2.84179e-05
6.46944e-05
-7.09572e-05
4.92496e-05
-1.1926e-05
-2.55993e-05
5.1098e-05
-5.88205e-05
4.96125e-05
-2.88875e-05
3.83935e-06
1.89823e-05
-3.51443e-05
4.27739e-05
-4.22225e-05
3.53188e-05
-2.45445e-05
1.23542e-05
-7.37685e-07
-8.97341e-06
1.61084e-05
-2.05428e-05
2.25329e-05
-2.25501e-05
2.11434e-05
-1.88413e-05
1.60935e-05
-1.32452e-05
1.0534e-05
-8.10082e-06
6.00752e-06
-4.25594e-06
2.80523e-06
-1.58621e-06
5.12298e-07
-5.12298e-07
1.58621e-06
-2.80523e-06
4.25594e-06
-6.00752e-06
8.10082e-06
-1.0534e-05
1.32452e-05
-1.60935e-05
1.88413e-05
-2.11434e-05
2.25501e-05
-2.25329e-05
2.05428e-05
-1.61084e-05
8.97341e-06
7.37685e-07
-1.23542e-05
2.45445e-05
-3.53188e-05
4.22225e-05
-4.27739e-05
3.51443e-05
-1.89823e-05
-3.83935e-06
2.88875e-05
-4.96125e-05
5.88205e-05
-5.1098e-05
2.55993e-05
1.1926e-05
-4.92496e-05
7.09572e-05
-6.46944e-05
2.84179e-05
2.53592e-05
-7.14809e-05
8.40047e-05
-4.87473e-05
-1.65296e-05
8.39806e-05
-8.61248e-05
6.33022e-05
8.70328e-05
-1.29835e-05
0.000279218
0.000397316
0.000661802
0.00156729
0.00268122
0.00471691
0.0085107
0.0141436
0.0230016
0.0368031
0.0564746
0.0840205
0.12187
0.171082
0.232618
0.307452
0.394407
0.490478
0.592269
0.69494
0.791643
0.8756
0.941361
0.984069
0.999826
0.98749
0.948998
0.887892
0.808507
0.716386
0.618132
0.520009
0.426678
0.341189
0.265659
0.201544
0.149352
0.108407
0.0771233
0.0536043
0.0361581
0.0234762
0.0145579
0.00857047
0.00477096
0.00250582
0.00124071
0.000579175
0.000255075
0.000106096
4.17292e-05
1.55431e-05
5.50044e-06
1.89006e-06
7.63322e-07
