6.3954e-05
-4.4236e-05
-2.59187e-05
4.65363e-05
6.71982e-06
-5.35679e-05
2.89684e-05
2.69728e-05
-3.76639e-05
8.17386e-07
1.74603e-05
-6.62015e-07
-1.35499e-05
-1.9253e-05
1.54103e-05
-9.64777e-06
-7.33999e-05
-6.66809e-05
-4.84218e-05
-0.000228233
-0.000416548
-0.000448145
-0.00094919
-0.00164368
-0.00240656
-0.00378407
-0.0061312
-0.00920378
-0.0135239
-0.0202339
-0.0291664
-0.0412299
-0.0575801
-0.0790612
-0.106411
-0.140769
-0.183222
-0.234202
-0.29419
-0.362804
-0.439605
-0.52305
-0.610135
-0.697927
-0.782512
-0.858516
-0.920916
-0.965167
-0.987124
-0.983577
-0.953741
-0.898547
-0.821036
-0.725941
-0.618843
-0.507225
-0.397731
-0.295943
-0.207059
-0.134355
-0.0789052
-0.0398981
-0.0149801
-0.00129032
0.0045251
0.00573934
0.00490621
0.00297419
0.000959768
-0.000239568
-0.000731458
-0.000493537
-0.000168097
-6.94523e-05
0.000227492
0.000144769
-0.000160889
-0.000172429
-8.00368e-05
0.000279247
0.000278024
-0.000179508
-0.000289827
-9.40949e-05
0.00019731
0.000270635
-8.01279e-05
-0.000216354
-6.9193e-05
9.50397e-05
0.000145415
-1.09658e-05
-0.000110928
-3.06596e-05
3.18671e-05
5.23224e-05
3.41317e-06
-3.9862e-05
-7.71419e-06
1.69439e-05
-0.000147922
9.23383e-05
0.0001093
6.76917e-05
-9.54282e-05
-0.000145275
6.59855e-05
8.0095e-05
2.76913e-05
2.2177e-06
-7.72942e-05
-2.04868e-05
-1.8076e-05
1.68995e-05
0.000129274
5.84387e-05
-0.000142759
-0.000190785
1.88032e-05
0.000260939
0.000188646
-0.000164705
-0.000339426
2.30956e-06
0.000240481
0.000143925
-8.51865e-05
-0.000279425
-3.01552e-06
0.00029789
0.000442298
0.000712305
0.000271422
-0.00102257
-0.00288569
-0.00494004
-0.00578644
-0.00446601
0.00126704
0.0149842
0.0398965
0.0789061
0.134344
0.207074
0.295963
0.397669
0.507285
0.618825
0.725913
0.821108
0.898453
0.953791
0.98362
0.987043
0.965192
0.920949
0.858505
0.782473
0.697961
0.610137
0.523035
0.439632
0.362735
0.294267
0.234213
0.183108
0.14086
0.106441
0.0789872
0.057558
0.0413404
0.02911
0.0201665
0.013627
0.00916758
0.00611488
0.0037851
0.00242387
0.00164898
0.000929135
0.000440717
0.000435043
0.000264053
-3.6514e-05
9.7525e-05
0.000155216
-9.06196e-05
-3.05672e-05
0.000129197
-2.84277e-05
-0.000104945
0.00010622
3.00282e-05
-0.000122456
6.1455e-05
6.29768e-05
-8.4249e-05
-2.15115e-05
0.000111317
-6.38719e-05
