8.32439e-05
-0.000110322
6.35618e-05
2.41896e-05
-9.25357e-05
9.58283e-05
-3.50941e-05
-4.36294e-05
8.39717e-05
-6.14533e-05
7.51884e-07
4.62847e-05
-4.47303e-05
5.81463e-06
2.51867e-05
-1.34295e-05
-2.89647e-05
5.14492e-05
-1.55582e-05
-5.92609e-05
0.000104052
-6.39826e-05
-4.07018e-05
0.000122235
-0.000105166
4.21006e-06
8.41956e-05
-7.83236e-05
-1.29899e-06
5.31158e-05
-1.0886e-05
-7.33944e-05
8.48313e-05
1.33211e-05
-0.000121256
0.000113137
5.06707e-06
-9.21645e-05
4.61295e-05
5.86377e-05
-6.38458e-05
-5.4258e-05
0.000137803
-6.00107e-05
-8.4825e-05
0.000100783
2.52603e-05
-9.19934e-05
-1.74054e-05
0.000142266
-8.00773e-05
-8.5654e-05
9.88162e-05
5.52481e-05
-0.000107801
-4.90498e-05
0.000158818
-2.78392e-05
-0.000119803
1.94543e-05
0.000146109
-5.74432e-05
-0.000139661
7.93568e-05
0.000122399
-6.18365e-05
-0.000156353
9.59786e-05
0.000133307
-5.22415e-05
-0.000163864
7.66832e-05
0.000206685
6.26998e-05
-2.00451e-05
0.000304021
0.000859203
0.00139778
0.00238422
0.00460768
0.00883325
0.0156691
0.0265837
0.0439264
0.0707333
0.109911
0.164526
0.237756
0.332754
0.451467
0.593921
0.757761
0.938509
1.12955
1.32224
1.50611
1.6699
1.80294
1.89655
1.94481
1.98587
1.93267
1.83023
1.68615
1.51094
1.31669
1.11559
0.918649
0.735016
0.571444
0.432033
0.317905
0.227728
0.158598
0.107334
0.0707412
0.0456939
0.0288984
0.0177164
0.0103876
0.00602771
0.00361922
0.00217382
0.00105301
0.000398602
0.00028334
0.000326077
0.000132314
-0.000132062
-4.11628e-05
0.000141665
9.7703e-05
-0.000155093
-6.00142e-05
0.00011994
8.34809e-05
-0.000144829
-5.14092e-05
0.000139791
2.54342e-05
-0.00012471
-2.47251e-05
0.000158111
-5.11415e-05
-0.00010285
4.77871e-05
0.000107996
-9.53636e-05
-7.13034e-05
0.000135961
-1.49043e-05
-8.98491e-05
1.83783e-05
0.000111587
-9.78289e-05
-4.72243e-05
0.000127937
-4.97304e-05
-6.15187e-05
4.93637e-05
6.07593e-05
-0.00010901
2.00217e-05
0.000104176
-0.000121236
2.30007e-05
6.74403e-05
-5.28307e-05
-2.85834e-05
6.21411e-05
1.95727e-06
-9.37303e-05
0.000107402
-1.92063e-05
-9.00063e-05
0.000121585
-5.58724e-05
-3.77983e-05
7.66093e-05
-4.18071e-05
-1.49268e-05
3.17535e-05
2.32899e-06
-4.28212e-05
3.87988e-05
1.55554e-05
-7.4583e-05
8.25625e-05
-2.37069e-05
-6.2446e-05
0.000111499
-8.41964e-05
-3.53006e-06
9.20095e-05
-0.000120415
6.89159e-05
2.84836e-05
-0.000107516
0.000116432
-4.95483e-05
