-0.00145127
-0.00343582
-0.00653648
-0.0114144
-0.0188114
-0.0295471
-0.0445499
-0.0649497
-0.0921872
-0.128007
-0.174184
-0.23199
-0.30166
-0.382221
-0.471736
-0.567534
-0.665944
-0.761799
-0.848622
-0.919899
-0.970427
-0.996526
-0.995659
-0.966967
-0.912495
-0.837003
-0.746188
-0.645822
-0.542347
-0.442294
-0.350288
-0.268868
-0.199977
-0.144541
-0.101357
-0.0685905
-0.0450758
-0.0289531
-0.0178058
-0.01052
-0.0062821
-0.00353319
-0.00176102
-0.00106572
-0.000580359
-0.000131342
-0.000179499
-0.000113973
8.65537e-05
-8.0334e-05
-3.21273e-05
9.32971e-05
-8.82418e-05
1.76561e-05
5.83492e-05
-9.11713e-05
6.48322e-05
-2.37705e-06
-5.647e-05
8.03943e-05
-6.15646e-05
1.46629e-05
3.49478e-05
-6.51762e-05
6.61353e-05
-4.15281e-05
4.10323e-06
3.12082e-05
-5.31099e-05
5.68726e-05
-4.42374e-05
2.12747e-05
4.45597e-06
-2.63446e-05
4.01784e-05
-4.45217e-05
4.02835e-05
-2.98622e-05
1.62235e-05
-2.15204e-06
-1.02151e-05
1.95734e-05
-2.54169e-05
2.78727e-05
-2.7483e-05
2.49945e-05
-2.11898e-05
1.67722e-05
-1.23041e-05
8.186e-06
-4.66562e-06
1.86249e-06
2.0064e-07
-1.56687e-06
2.31854e-06
-2.55685e-06
2.38775e-06
-1.91363e-06
1.22959e-06
-4.23239e-07
4.23239e-07
-1.22959e-06
1.91363e-06
-2.38775e-06
2.55685e-06
-2.31854e-06
1.56687e-06
-2.0064e-07
-1.86249e-06
4.66562e-06
-8.186e-06
1.23041e-05
-1.67722e-05
2.11898e-05
-2.49945e-05
2.7483e-05
-2.78727e-05
2.54169e-05
-1.95734e-05
1.02151e-05
2.15204e-06
-1.62235e-05
2.98622e-05
-4.02835e-05
4.45217e-05
-4.01784e-05
2.63446e-05
-4.45597e-06
-2.12747e-05
4.42374e-05
-5.68726e-05
5.31099e-05
-3.12082e-05
-4.10323e-06
4.15281e-05
-6.61353e-05
6.51762e-05
-3.49478e-05
-1.46629e-05
6.15646e-05
-8.03943e-05
5.647e-05
2.37705e-06
-6.48322e-05
9.11713e-05
-5.83492e-05
-1.76561e-05
8.82418e-05
-9.32971e-05
3.21273e-05
8.0334e-05
-8.65537e-05
0.000113973
0.000179499
0.000131342
0.000580359
0.00106572
0.00176102
0.00353319
0.0062821
0.01052
0.0178058
0.0289531
0.0450758
0.0685905
0.101357
0.144541
0.199977
0.268868
0.350288
0.442294
0.542347
0.645822
0.746188
0.837003
0.912495
0.966967
0.995659
0.996526
0.970427
0.919899
0.848622
0.761799
0.665944
0.567534
0.471736
0.382221
0.30166
0.23199
0.174184
0.128007
0.0921878
0.0649517
0.0445556
0.0295631
0.0188545
0.0115245
0.00680434
0.00405385
0.00280351
