0.00059774
0.000644729
0.000410114
-0.000317999
-0.00149996
-0.00487811
-0.0126487
-0.027256
-0.0513358
-0.0867887
-0.136271
-0.201198
-0.28188
-0.376508
-0.481017
-0.59048
-0.698231
-0.797412
-0.881081
-0.943622
-0.98169
-0.993426
-0.978852
-0.93969
-0.87964
-0.803976
-0.718114
-0.627048
-0.535751
-0.448269
-0.367883
-0.296118
-0.233484
-0.180705
-0.137226
-0.102382
-0.0747281
-0.0532672
-0.0374619
-0.0258356
-0.0173294
-0.0112948
-0.00727309
-0.00473552
-0.00292008
-0.00155176
-0.00104166
-0.000690486
-0.000315852
-0.00011953
-6.35231e-05
-0.000185333
-1.01607e-05
0.00012306
-8.83427e-05
-9.70813e-05
0.000117626
4.53049e-06
-5.2206e-05
-3.37367e-05
6.14584e-05
4.95242e-05
-0.000122094
1.52852e-05
0.000131665
-0.000105344
-5.99357e-05
0.000139757
-4.81805e-05
-6.28984e-05
4.93712e-05
2.91101e-05
-3.53619e-05
-2.57708e-05
3.17234e-05
4.92149e-05
-9.64807e-05
1.69599e-05
0.000103454
-0.000103738
-3.22615e-05
0.000142646
-8.94418e-05
-6.73248e-05
0.000143796
-5.49084e-05
-9.05328e-05
0.000126484
-2.14365e-05
-9.81407e-05
0.000101852
2.77311e-06
-9.34093e-05
7.56132e-05
2.1129e-05
-8.78743e-05
5.71526e-05
3.1842e-05
-8.23631e-05
4.27856e-05
3.70153e-05
-6.84429e-05
2.246e-05
4.53229e-05
-5.70192e-05
4.60271e-06
4.55732e-05
-3.75569e-05
-8.50543e-06
3.03288e-05
-7.7754e-06
-1.5945e-05
2.42582e-06
2.25423e-05
-7.24472e-06
-4.00634e-05
4.70506e-05
2.09933e-05
-9.02982e-05
5.8266e-05
6.00376e-05
-0.000122856
3.45665e-05
0.000113244
-0.000139048
4.89853e-06
0.000123492
-8.88306e-05
-5.09192e-05
0.000108857
-3.05342e-05
-4.43903e-05
7.0543e-06
5.42148e-05
-7.91836e-06
-8.75093e-05
6.00455e-05
8.69564e-05
-0.000141818
4.68493e-06
0.00014093
-9.08563e-05
-4.64661e-05
6.59784e-05
6.22078e-05
-2.34866e-05
-1.485e-05
0.00017968
0.000267864
0.000169601
0.00060445
0.00114382
0.00167326
0.00278483
0.00461215
0.00745345
0.0113747
0.0171547
0.0257799
0.0376022
0.0533506
0.0745915
0.102258
0.137415
0.180779
0.233347
0.296021
0.367975
0.448431
0.535634
0.626904
0.718186
0.804125
0.879625
0.939528
0.978818
0.99359
0.981755
0.943498
0.88098
0.797459
0.698401
0.590447
0.480886
0.376462
0.28196
0.201341
0.136188
0.0866933
0.0512962
0.0273464
0.0127609
0.00480058
0.00143719
0.000253609
-0.000317342
-0.000542583
-0.000607411
-5.17207e-05
0.000371631
