8.05327e-321
7.87047e-321
8.12738e-321
7.86553e-321
8.02363e-321
8.13726e-321
7.59379e-321
8.50287e-321
7.73213e-321
7.58885e-321
8.86848e-321
7.78153e-321
6.82799e-321
8.5918e-321
9.92578e-321
8.22125e-321
4.90607e-321
2.20353e-321
7.70742e-322
2.02567e-322
3.95253e-323
0
0
0
0
0
0
0
0
0
0
0
0
0
0
0
0
0
0
0
0
0
0
0
0
0
0
0
0
0
0
0
0
0
0
0
0
0
0
0
0
0
0
0
0
-6.54912e-24
-1.35084e-21
-1.32054e-19
-8.13743e-18
-3.54628e-16
-1.16234e-14
-2.97479e-13
-6.09227e-12
-1.01501e-10
-1.39115e-09
-1.57987e-08
-1.49284e-07
-1.17554e-06
-7.70843e-06
-4.19714e-05
-0.000188835
-0.000697478
-0.00210004
-0.00513088
-0.0102319
-0.0172045
-0.0262889
-0.039737
-0.0602174
-0.0881592
-0.124606
-0.172626
-0.232548
-0.304284
-0.388201
-0.48126
-0.580687
-0.681467
-0.777808
-0.863465
0.863465
0.777808
0.681467
0.580687
0.48126
0.388201
0.304284
0.232548
0.172626
0.124606
0.0881592
0.0602174
0.039737
0.0262889
0.0172045
0.0102319
0.00513088
0.00210004
0.000697478
0.000188835
4.19714e-05
7.70843e-06
1.17554e-06
1.49284e-07
1.57987e-08
1.39115e-09
1.01501e-10
6.09227e-12
2.97479e-13
1.16234e-14
3.54628e-16
8.13743e-18
1.32054e-19
1.35084e-21
6.54912e-24
0
0
0
0
0
0
0
0
0
0
0
0
0
0
0
0
0
0
0
0
0
0
0
0
0
0
0
0
0
0
0
0
0
0
0
0
0
0
0
0
0
0
0
0
0
0
0
0
0
0
0
0
0
0
0
0
0
0
0
0
0
0
0
0
0
