-8.34079e-05
0.000111121
-6.32699e-05
-3.00671e-05
0.00010641
-0.000111385
3.73731e-05
6.70367e-05
-0.000127643
9.78454e-05
3.60509e-06
-0.000102403
0.000124025
-5.37052e-05
-4.96616e-05
0.000102154
-6.74924e-05
-1.15468e-05
5.55679e-05
-2.77655e-05
-2.85168e-05
3.68485e-05
2.45842e-05
-8.97053e-05
7.17272e-05
3.38891e-05
-0.000128535
0.00011021
7.99471e-06
-0.000102198
7.58643e-05
2.37034e-05
-6.01274e-05
-1.84719e-05
0.000103714
-6.27134e-05
-7.64651e-05
0.000143912
-5.09783e-05
-7.78383e-05
6.75977e-05
5.5574e-05
-9.1716e-05
-3.7025e-05
0.00015152
-7.45612e-05
-8.54393e-05
8.54169e-05
6.52315e-05
-0.00010324
-5.80026e-05
0.000161803
-2.87682e-05
-0.000117851
2.18379e-05
0.000140612
-5.58299e-05
-0.000143933
9.58104e-05
0.000108359
-6.73298e-05
-0.000151244
0.000110585
0.000124664
-8.18739e-05
-0.000151674
7.36592e-05
0.00017582
-5.31863e-05
-0.000144387
6.40284e-05
0.000393039
0.000493547
0.000897495
0.00218863
0.0048934
0.00933097
0.0167038
0.0289404
0.0483086
0.0767901
0.116295
0.168806
0.235879
0.317799
0.412911
0.51792
0.628296
0.738857
0.843854
0.937572
1.01501
1.07304
1.11088
1.13029
1.13493
1.12966
1.11966
1.10981
1.10384
1.29325
1.2897
1.28135
1.26582
1.23998
1.20045
1.14445
1.07065
0.979892
0.875249
0.761529
0.644206
0.528752
0.420057
0.322364
0.238699
0.170495
0.117271
0.0773385
0.0486034
0.0290982
0.016781
0.00937242
0.00490999
0.00219939
0.000899786
0.000496416
0.000393364
6.38823e-05
-0.000142808
-5.56507e-05
0.000179391
6.92035e-05
-0.000146544
-8.7298e-05
0.000129911
0.000106069
-0.000148039
-6.86899e-05
0.000107465
9.91548e-05
-0.000149632
-4.82144e-05
0.00013187
3.06123e-05
-0.000125375
-2.37888e-05
0.000160451
-6.09085e-05
-9.61045e-05
5.46788e-05
9.78006e-05
-9.74725e-05
-6.53038e-05
0.000147222
-3.90922e-05
-8.31219e-05
4.17911e-05
8.38037e-05
-9.27381e-05
-4.12589e-05
0.000142367
-8.42309e-05
-4.69801e-05
8.38291e-05
5.33868e-08
-7.15515e-05
2.3867e-05
8.79273e-05
-0.000123464
3.19305e-05
9.18021e-05
-0.000122729
4.38008e-05
4.86974e-05
-6.1608e-05
2.35643e-06
4.35942e-05
-1.58061e-05
-5.57844e-05
8.74634e-05
-3.29862e-05
-6.7293e-05
0.00012474
-8.54383e-05
-2.19229e-05
0.00011294
-0.000119246
4.10613e-05
5.92295e-05
-0.000109718
8.15248e-05
-2.95886e-06
-6.80975e-05
8.68673e-05
-4.81305e-05
-1.70294e-05
6.56501e-05
-6.9541e-05
2.92074e-05
