0.0473705
0.0987216
0.15747
0.226078
0.305948
0.396898
0.496416
0.600263
0.703658
0.800711
0.884012
0.947093
0.986265
0.999144
0.984287
0.943166
0.879836
0.799279
0.707635
0.611271
0.514873
0.422552
0.338401
0.264617
0.202079
0.151267
0.110952
0.0793702
0.0555375
0.0377993
0.0247036
0.0157337
0.00963275
0.00551108
0.00318855
0.00170637
0.000791234
0.000500292
0.000177081
5.31648e-05
0.000112813
-4.64491e-05
2.38593e-05
3.78722e-05
-6.49653e-05
6.11996e-05
-2.59553e-05
-1.88945e-05
5.24792e-05
-6.08535e-05
4.30941e-05
-9.09832e-06
-2.61507e-05
4.93258e-05
-5.34207e-05
3.91255e-05
-1.31839e-05
-1.49502e-05
3.66075e-05
-4.63754e-05
4.30307e-05
-2.90496e-05
9.20499e-06
1.11143e-05
-2.73396e-05
3.66069e-05
-3.80237e-05
3.24243e-05
-2.18146e-05
8.71788e-06
4.41105e-06
-1.56027e-05
2.35887e-05
-2.78349e-05
2.84419e-05
-2.59702e-05
2.12437e-05
-1.51694e-05
8.59869e-06
-2.23647e-06
-3.40313e-06
8.00297e-06
-1.14229e-05
1.36649e-05
-1.48323e-05
1.50909e-05
-1.46349e-05
1.36615e-05
-1.23522e-05
1.08628e-05
-9.31742e-06
7.80866e-06
-6.39936e-06
5.12658e-06
-4.00606e-06
3.03681e-06
-2.20518e-06
1.48847e-06
-8.57691e-07
2.7993e-07
-2.7993e-07
8.57691e-07
-1.48847e-06
2.20518e-06
-3.03681e-06
4.00606e-06
-5.12658e-06
6.39936e-06
-7.80866e-06
9.31742e-06
-1.08628e-05
1.23522e-05
-1.36615e-05
1.46349e-05
-1.50909e-05
1.48323e-05
-1.36649e-05
1.14229e-05
-8.00297e-06
3.40313e-06
2.23647e-06
-8.59869e-06
1.51694e-05
-2.12437e-05
2.59702e-05
-2.84419e-05
2.78349e-05
-2.35887e-05
1.56027e-05
-4.41105e-06
-8.71788e-06
2.18146e-05
-3.24243e-05
3.80237e-05
-3.66069e-05
2.73396e-05
-1.11143e-05
-9.20499e-06
2.90496e-05
-4.30307e-05
4.63754e-05
-3.66075e-05
1.49502e-05
1.31839e-05
-3.91255e-05
5.34207e-05
-4.93256e-05
2.61511e-05
9.09984e-06
-4.3089e-05
6.087e-05
-5.24275e-05
1.9051e-05
2.64129e-05
-5.99095e-05
6.84723e-05
-2.86894e-05
-7.14816e-07
0.000102555
1.78969e-05
0.000239264
0.000450722
0.000792224
0.00175931
0.00311621
0.00554871
0.00966306
0.0156542
0.0247692
0.0378062
0.0554578
0.079455
0.110943
0.151185
0.202177
0.264605
0.338308
0.422658
0.514875
0.611155
0.707735
0.799319
0.879696
0.943234
0.984391
0.999004
0.986265
0.947289
0.884001
0.80075
0.70419
0.601112
0.497822
0.400081
0.312182
0.23704
0.176817
0.132267
0.102672
0.0876279
