0.00219333
0.00475446
0.00892714
0.0159779
0.0266286
0.0423758
0.0658828
0.0990995
0.143017
0.199489
0.270173
0.353943
0.448039
0.549674
0.654283
0.755185
0.845662
0.919279
0.97049
0.996231
0.99489
0.966098
0.912795
0.840052
0.753269
0.658697
0.561926
0.467172
0.378803
0.299919
0.231856
0.175532
0.130223
0.094365
0.0669556
0.0462298
0.0308492
0.0200749
0.0124752
0.00745034
0.00438505
0.0023299
0.00128179
0.000673657
0.000255288
0.000206005
3.3983e-05
2.2227e-05
5.20827e-05
-5.09228e-05
5.08516e-05
-2.40729e-05
-6.33107e-06
3.36907e-05
-4.79363e-05
4.65692e-05
-3.15556e-05
8.77805e-06
1.46846e-05
-3.26516e-05
4.13345e-05
-3.98207e-05
2.97223e-05
-1.4286e-05
-2.669e-06
1.76855e-05
-2.82965e-05
3.32898e-05
-3.26562e-05
2.73192e-05
-1.8763e-05
8.65897e-06
1.44004e-06
-1.03036e-05
1.71208e-05
-2.15075e-05
2.34485e-05
-2.32054e-05
2.12125e-05
-1.79814e-05
1.40232e-05
-9.79406e-06
5.66336e-06
-1.90144e-06
-1.31835e-06
3.90799e-06
-5.84801e-06
7.16916e-06
-7.93512e-06
8.22748e-06
-8.13394e-06
7.73966e-06
-7.12157e-06
6.34515e-06
-5.46311e-06
4.51559e-06
-3.53113e-06
2.52846e-06
-1.51843e-06
5.06254e-07
-5.06254e-07
1.51843e-06
-2.52846e-06
3.53113e-06
-4.51559e-06
5.46311e-06
-6.34515e-06
7.12157e-06
-7.73966e-06
8.13394e-06
-8.22748e-06
7.93512e-06
-7.16916e-06
5.84801e-06
-3.90799e-06
1.31835e-06
1.90144e-06
-5.66336e-06
9.79406e-06
-1.40232e-05
1.79814e-05
-2.12125e-05
2.32054e-05
-2.34485e-05
2.15075e-05
-1.71208e-05
1.03036e-05
-1.44004e-06
-8.65897e-06
1.8763e-05
-2.73192e-05
3.26562e-05
-3.32898e-05
2.82965e-05
-1.76855e-05
2.669e-06
1.4286e-05
-2.97223e-05
3.98208e-05
-4.13344e-05
3.26519e-05
-1.46835e-05
-8.77422e-06
3.15679e-05
-4.6531e-05
4.80512e-05
-3.33569e-05
7.26826e-06
2.66127e-05
-4.42116e-05
6.76583e-05
-1.14487e-05
7.27457e-05
0.00017954
0.000255438
0.000702654
0.00123562
0.00237028
0.00437343
0.00742368
0.0125281
0.0200258
0.030863
0.0462637
0.0668926
0.0944158
0.130222
0.175477
0.231928
0.299884
0.378768
0.467253
0.561864
0.658683
0.753353
0.839973
0.912793
0.966186
0.9948
0.996229
0.97059
0.919184
0.845643
0.755305
0.654199
0.549616
0.448177
0.353898
0.270058
0.19962
0.143053
0.098939
0.0659515
0.0425339
0.0265305
0.0159998
0.00934847
0.00526681
0.00305186
0.00222252
