5.62902e-05
-8.48153e-05
-0.00138087
-0.00498738
-0.0130725
-0.0276317
-0.0512732
-0.0867431
-0.136229
-0.201421
-0.281864
-0.376069
-0.480494
-0.589956
-0.69805
-0.797068
-0.880669
-0.943327
-0.981643
-0.9937
-0.978991
-0.939862
-0.879915
-0.804425
-0.718526
-0.627255
-0.535875
-0.448471
-0.368049
-0.29611
-0.233434
-0.180608
-0.137299
-0.102277
-0.0746114
-0.0532152
-0.0373932
-0.0258557
-0.0172003
-0.0112665
-0.00727582
-0.00471332
-0.00288396
-0.00155381
-0.00100991
-0.000727063
-0.000293066
-9.07159e-05
-0.000114743
-0.00012777
-6.15119e-05
0.000146209
-6.69811e-05
-0.000126046
0.000104255
5.23144e-05
-8.67743e-05
-2.24747e-05
4.9162e-05
5.2698e-05
-7.79079e-05
-5.85045e-05
0.000156392
-5.21408e-05
-0.00011375
0.000111388
3.67118e-05
-0.000113167
3.83971e-05
4.2578e-05
-1.31217e-05
-4.46191e-05
8.77075e-06
7.30112e-05
-5.68496e-05
-6.30872e-05
0.000124921
-2.61276e-05
-0.000120923
0.000129728
1.50164e-05
-0.000136907
9.21184e-05
5.75191e-05
-0.000132873
5.72717e-05
6.70954e-05
-9.76902e-05
1.61852e-05
7.12732e-05
-7.09071e-05
-4.22776e-07
5.49318e-05
-4.03651e-05
-1.39718e-05
4.51435e-05
-2.65236e-05
-1.48653e-05
3.54607e-05
-1.78868e-05
-5.94455e-05
0.000110703
-3.71595e-05
-7.51236e-05
9.80962e-05
-9.66424e-06
-8.47952e-05
7.94574e-05
1.0049e-05
-7.3636e-05
4.34857e-05
3.04195e-05
-5.46329e-05
1.32175e-05
2.32747e-05
-5.44734e-06
-2.53737e-05
5.88144e-06
4.2422e-05
-3.38402e-05
-4.7692e-05
9.76876e-05
-2.44589e-05
-0.000102557
0.000117488
1.88157e-05
-0.000142313
9.11123e-05
7.14507e-05
-0.000136336
3.5161e-05
7.32218e-05
-4.43684e-05
-4.34985e-05
3.25647e-05
4.86443e-05
-3.19681e-05
-9.31965e-05
0.000128502
1.71965e-05
-0.000147818
7.08726e-05
9.35639e-05
-9.2985e-05
-3.20074e-05
6.44919e-05
6.32953e-05
-2.25019e-05
-5.12889e-05
0.000249385
0.000204386
0.000188311
0.000606354
0.00111186
0.00169815
0.00275058
0.00456977
0.00744924
0.0113521
0.0170801
0.0257458
0.0374872
0.053382
0.0744721
0.102144
0.137401
0.180744
0.233381
0.295945
0.36807
0.448656
0.535869
0.627095
0.718488
0.804537
0.880047
0.939729
0.978871
0.99376
0.981764
0.943378
0.880495
0.797022
0.698133
0.590067
0.480488
0.375911
0.281852
0.201487
0.136337
0.0867169
0.0511555
0.027611
0.0131179
0.00511173
0.00138545
2.98298e-08
-0.000238471
-0.000318596
-0.000332005
