-0.000143913
0.000146984
-3.2733e-06
-0.000148436
0.00015516
-3.31548e-06
-0.000157552
0.00015997
3.48623e-06
-0.000161959
0.000146471
1.96979e-05
-0.000145224
9.68154e-05
4.20691e-05
-8.74634e-05
3.59237e-06
5.495e-05
1.91953e-05
-0.000106716
3.19454e-05
0.000141535
-0.000160684
-3.69128e-05
0.000187694
-8.23891e-05
-9.79245e-05
6.58059e-05
8.81432e-05
-4.57153e-05
-0.000154443
0.000144301
0.000112557
-0.000175841
-1.18784e-05
0.000170452
0.00023508
0.000183214
0.000573021
0.00169593
0.00308837
0.00564166
0.010443
0.0186885
0.0315662
0.0505435
0.0784353
0.117383
0.16904
0.234148
0.31273
0.404026
0.504804
0.610295
0.714102
0.809817
0.891236
0.952485
0.989109
0.998176
0.979771
0.936089
0.871424
0.790899
0.699994
0.604321
0.50891
0.418421
0.336066
0.264093
0.203147
0.153085
0.112928
0.0814547
0.057361
0.0393128
0.0262176
0.0169198
0.0106134
0.00640111
0.00376684
0.00210982
0.00116857
0.000602795
0.000318071
0.000148636
7.65719e-05
3.1655e-05
1.60929e-05
6.36657e-06
2.23912e-06
2.06637e-06
-7.96221e-07
1.53266e-06
-1.30039e-06
1.27736e-06
-1.05298e-06
8.05435e-07
-4.98396e-07
1.69764e-07
-1.68169e-07
5.02162e-07
-7.94679e-07
1.08366e-06
-1.19197e-06
1.53145e-06
-9.25026e-07
2.34826e-06
1.78194e-06
7.0188e-06
1.52305e-05
3.27354e-05
7.52762e-05
0.00015013
0.000316413
0.00060456
0.00116678
0.00211154
0.00376533
0.00640224
0.0106128
0.0169197
0.0262185
0.0393109
0.057364
0.0814508
0.112933
0.153079
0.203153
0.264088
0.33607
0.418418
0.508911
0.604323
0.69999
0.790906
0.871415
0.936099
0.979761
0.998183
0.989106
0.952484
0.891242
0.809807
0.714116
0.61028
0.504817
0.404019
0.31273
0.234157
0.169024
0.117403
0.0784172
0.0505551
0.0315652
0.0186776
0.0104636
0.005617
0.00310918
0.00168653
0.00056659
0.000204546
0.000205635
0.000197142
-2.47289e-05
-0.000183414
0.000139029
0.000109121
-0.00012597
-5.34756e-05
6.9729e-05
0.000103282
-0.000136676
-6.27894e-05
0.00019941
-7.57978e-05
-0.000114925
0.000115416
2.11136e-05
-6.29462e-05
-3.19507e-05
8.04712e-05
2.27032e-05
-0.000141207
9.48928e-05
8.32563e-05
-0.000183727
8.4562e-05
0.000103979
-0.000177258
6.79754e-05
9.69087e-05
-0.000149958
5.48642e-05
7.89774e-05
-0.000122825
4.89354e-05
6.19088e-05
-0.000107084
5.13001e-05
