-2.29342e-05
2.6388e-05
-8.81841e-06
-1.2168e-05
1.68062e-05
-2.71564e-06
-1.20748e-05
7.15493e-06
1.72135e-05
-3.55622e-05
1.97676e-05
2.93362e-05
-7.29751e-05
6.36995e-05
7.71385e-06
-9.2013e-05
0.000115495
-4.63252e-05
-6.72304e-05
0.000130912
-8.89551e-05
-1.94783e-05
9.37784e-05
-7.06622e-05
-1.05311e-05
5.05843e-05
-2.84313e-06
-6.85977e-05
6.03142e-05
4.17796e-05
-0.000130443
9.61839e-05
3.41776e-05
-0.000116521
6.19699e-05
4.65057e-05
-5.64991e-05
-4.82774e-05
0.000115017
-2.83491e-05
-0.000114953
0.000124975
1.01526e-05
-9.31932e-05
2.80803e-06
0.000113401
-5.41755e-05
-0.000112168
0.000133819
2.42559e-05
-0.000104504
-2.74333e-05
0.000141294
-2.04603e-05
-0.000147172
7.4876e-05
0.000104951
-5.54091e-05
-0.000142459
0.000112248
0.000106146
-0.000100706
-0.000116604
0.000101527
0.000137935
-0.000120925
-0.000122196
7.57161e-05
0.000177705
-7.51601e-05
-0.000142327
8.60148e-05
0.000382118
0.000483061
0.000868735
0.0022061
0.00487842
0.00933298
0.0166985
0.0290439
0.0485401
0.0772903
0.11721
0.170477
0.238735
0.322475
0.420217
0.52895
0.644431
0.761774
0.875494
0.9801
1.07079
1.1445
1.20042
1.23987
1.26564
1.2811
1.2894
1.29292
1.47876
1.46447
1.43559
1.39148
1.33124
1.25415
1.16034
1.05151
0.931129
0.804099
0.675834
0.55163
0.436136
0.333315
0.245891
0.175049
0.120038
0.0789825
0.0495201
0.0295939
0.016996
0.00949124
0.00495665
0.00224792
0.000885072
0.000494907
0.00038294
9.09906e-05
-0.000144578
-7.22966e-05
0.00017602
7.6574e-05
-0.000121745
-0.00012275
0.000141223
9.68823e-05
-0.000110858
-0.000107113
0.000112614
0.000106446
-0.000138097
-5.7605e-05
0.000104421
7.84019e-05
-0.000153568
-1.17809e-05
0.000131376
-1.76946e-05
-0.000112451
2.88648e-05
0.000133722
-0.000117079
-4.46666e-05
0.000100695
1.6441e-05
-0.000104967
1.73135e-05
0.000124486
-0.000121876
-1.50014e-05
9.79938e-05
-3.16394e-05
-6.82894e-05
4.97889e-05
6.88526e-05
-0.000132418
5.50554e-05
7.63892e-05
-0.000118139
4.16094e-05
4.73348e-05
-4.59586e-05
-2.77871e-05
6.88356e-05
-1.46894e-05
-8.32586e-05
0.000119338
-4.84807e-05
-6.84471e-05
0.000128343
-8.49965e-05
-1.48645e-05
8.40223e-05
-7.55238e-05
1.52703e-05
3.42694e-05
-3.52987e-05
2.63412e-06
2.04448e-05
-8.16579e-06
-2.4645e-05
4.03141e-05
-1.64811e-05
-3.15027e-05
6.31324e-05
-4.79865e-05
-7.1559e-06
6.20329e-05
-7.42201e-05
3.27355e-05
