0.0971277
0.185974
0.259059
0.311092
0.338888
0.342411
0.324191
0.288951
0.243057
0.192628
0.143492
0.0995537
0.0631907
0.0355327
0.0160769
0.0042294
-0.00192818
-0.00421623
-0.00432613
-0.00384755
-0.00288163
-0.00197712
-0.0010415
-0.000317446
-0.000216644
-0.000218899
-0.000290575
-9.67555e-05
0.000175373
0.000115636
-9.1321e-05
-0.000162381
-6.13414e-05
0.000180754
0.000132552
-0.00015822
-9.69711e-05
-1.56055e-05
0.000177702
7.22795e-05
-0.000205807
-4.72263e-05
0.000103369
0.000104994
-4.05406e-05
-0.000158652
9.98167e-06
0.000205855
-5.75731e-05
-0.000125909
4.62922e-06
7.9544e-05
9.38461e-05
-0.000141699
-8.53602e-05
0.000165441
4.88272e-05
-0.000156762
6.94313e-06
6.37711e-05
5.75393e-05
-6.74476e-05
-0.000103004
0.000128694
7.75298e-05
-0.000174783
-3.81891e-07
0.000157321
-6.9911e-05
-6.96943e-05
3.67548e-05
5.26531e-05
-9.86426e-06
-6.87996e-05
-7.44498e-07
0.000127644
-8.19406e-05
-0.000101819
0.000149656
2.42351e-05
-0.00017411
8.75956e-05
0.00010762
-0.000142986
-1.01202e-05
0.000129025
-6.80944e-05
-6.43869e-05
9.08712e-05
-3.15204e-06
-6.48252e-05
3.71872e-05
2.58981e-05
-3.97961e-05
4.85044e-06
2.19722e-05
-1.41664e-05
-5.88818e-06
1.29211e-05
-5.79775e-06
-8.79578e-05
0.000148896
-1.60085e-05
-0.000135704
0.000109211
5.5982e-05
-0.000140838
3.97702e-05
0.000104914
-0.000103372
-2.72943e-05
0.000102487
-3.44762e-05
-5.98695e-05
4.9442e-05
2.17397e-05
-2.90566e-05
-2.12251e-05
1.38802e-05
5.70882e-05
-5.51026e-05
-5.88944e-05
0.000113719
1.46673e-05
-0.00016303
9.6526e-05
0.000108802
-0.000150373
-3.1882e-05
0.000154952
-5.02125e-05
-7.59802e-05
2.16214e-05
6.26617e-05
1.64465e-05
-0.00010314
-1.79123e-05
0.000166139
-5.18285e-05
-0.000164697
0.000123347
7.8697e-05
-7.30888e-05
-7.62464e-05
2.94074e-05
0.00011125
-4.98684e-07
-0.000193417
7.48666e-05
0.000155417
-7.56321e-05
-9.4065e-05
-2.36082e-05
0.000133362
7.0058e-05
-0.000166546
-8.8437e-05
0.000176041
5.5448e-05
-5.29486e-05
-0.000149215
-2.48847e-06
0.000229335
-1.72395e-05
-0.00014131
-9.28666e-05
8.84698e-05
0.000193406
-1.45837e-05
-0.000188977
-1.09648e-06
0.000208355
0.000325429
0.000298154
0.000274472
0.000887877
0.00168796
0.00282225
0.00431088
0.00655616
0.010738
0.0172947
0.0276925
0.0435064
0.0674064
0.103138
0.154248
0.224692
0.31734
0.434333
0.576377
0.741818
0.92665
1.12369
1.32344
1.51468
1.68561
1.82519
1.92395
1.97514
