0.000230154
0.000136467
-0.000258641
-0.000126658
0.000100728
0.000222348
-2.82645e-05
-0.000229957
-2.91367e-06
9.44906e-05
0.000127715
-6.66059e-05
-7.80189e-05
-1.64197e-05
-3.68365e-05
0.000101139
9.73921e-05
-1.05128e-06
-0.000215001
-0.000130737
0.000240399
0.000259553
-0.000109977
-0.000348172
-0.000147287
0.000204379
0.000243951
0.000294416
0.000636418
0.000805078
0.000559347
-0.0012088
-0.00607517
-0.0167572
-0.0358571
-0.0654018
-0.108381
-0.166747
-0.241272
-0.330719
-0.432233
-0.541279
-0.651109
-0.75473
-0.84587
-0.918365
-0.967519
-0.990779
-0.98749
-0.958974
-0.907792
-0.838953
-0.757633
-0.668751
-0.577771
-0.48909
-0.405715
-0.330008
-0.263382
-0.206385
-0.158615
-0.119482
-0.0885897
-0.0642742
-0.0455938
-0.0319429
-0.0218667
-0.014515
-0.00961927
-0.00620365
-0.00386092
-0.00237634
-0.00147335
-0.000890286
-0.000439629
-0.000292528
-0.000232664
-3.58421e-07
-4.57306e-05
-0.000126806
9.50528e-05
-1.17607e-05
-0.000105882
0.000105357
-4.81739e-06
-0.000102933
0.000109849
-1.63319e-05
-8.42457e-05
9.72692e-05
-1.75719e-05
-7.41954e-05
9.2958e-05
-2.72056e-05
-5.72952e-05
8.30677e-05
-3.07875e-05
-4.7933e-05
8.05723e-05
-3.86583e-05
-1.83838e-05
3.63244e-05
-1.77775e-05
-1.6743e-05
3.17181e-05
-1.50418e-05
-1.09053e-05
1.70014e-05
-9.8693e-07
-1.21839e-05
4.113e-06
1.24525e-05
-7.21369e-06
-2.16404e-05
4.43582e-05
-1.45458e-05
-3.26603e-05
7.89546e-05
4.68919e-06
-1.94104e-05
0.000187944
0.000123522
0.000208174
0.000616447
0.000821224
0.00136777
0.00251768
0.00385199
0.006091
0.00968646
0.0145903
0.0217564
0.0319204
0.0457395
0.0641989
0.0884726
0.119661
0.158601
0.206212
0.263522
0.330069
0.405562
0.489109
0.577901
0.668685
0.757521
0.839073
0.907872
0.95878
0.987531
0.990945
0.967392
0.918281
0.846
0.754784
0.650954
0.541267
0.432413
0.330659
0.241104
0.166884
0.108473
0.0652728
0.035781
0.0168996
0.00614765
0.00100641
-0.000546229
-0.000638031
-0.000664009
-0.000451858
-0.000213331
-2.79941e-05
8.02299e-05
0.00018538
0.000191602
-0.000108786
-0.000324471
-1.15699e-05
0.000282442
0.000170016
-0.000189314
-0.000251533
0.000114638
0.000155087
5.0133e-05
-0.000123885
-7.14784e-05
5.96787e-05
-7.25991e-06
8.3309e-05
-2.54823e-05
-3.29849e-05
-7.00969e-05
8.90676e-06
0.00015602
-3.83773e-05
-7.91888e-05
-9.77958e-05
0.000119253
