-6.07341e-05
8.9062e-05
-6.9025e-05
9.89073e-06
5.74183e-05
-9.55752e-05
8.10852e-05
-1.89585e-05
-5.74958e-05
0.000103896
-9.09133e-05
2.39004e-05
5.7776e-05
-0.000103946
8.61932e-05
-1.79082e-05
-5.38911e-05
8.15316e-05
-5.15532e-05
-5.55743e-06
4.04131e-05
-2.62839e-05
-1.72459e-05
4.10461e-05
-1.22146e-05
-5.09967e-05
9.01191e-05
-5.89252e-05
-2.84717e-05
0.000102527
-9.89158e-05
2.12909e-05
5.75761e-05
-6.47649e-05
1.81697e-06
5.40751e-05
-3.1335e-05
-5.38853e-05
0.000107943
-6.12297e-05
-4.72675e-05
0.000104994
-5.24542e-05
-4.23269e-05
5.93983e-05
2.61083e-05
-0.000105114
6.68528e-05
5.5143e-05
-0.000112413
3.75734e-05
7.16546e-05
-4.62139e-05
-5.26545e-05
0.000151703
4.09346e-05
2.57209e-05
0.000315556
0.000522909
0.000760346
0.0014842
0.00279016
0.00444958
0.00730183
0.0118962
0.0185399
0.02785
0.0412445
0.0596308
0.0837466
0.115017
0.154964
0.204434
0.263828
0.333806
0.413943
0.502274
0.595552
0.690087
0.780883
0.862028
0.927733
0.973459
0.995412
0.990738
0.958512
0.900659
0.821362
0.726177
0.621607
0.514658
0.411734
0.31762
0.235526
0.167542
0.114553
0.0757154
0.0488272
0.0316839
0.0231963
0.0121448
0.0172387
0.0282902
0.0468889
0.0750057
0.114654
0.167632
0.235208
0.317324
0.411914
0.514992
0.621522
0.725831
0.821366
0.900996
0.958562
0.99042
0.995325
0.973762
0.927835
0.861741
0.78078
0.690369
0.595639
0.501996
0.413883
0.334082
0.263849
0.204162
0.154997
0.115269
0.0836597
0.0594035
0.0413979
0.0280175
0.0183428
0.0117978
0.00753235
0.00445235
0.00256644
0.00158075
0.000928143
0.000355968
0.000228823
0.000240461
2.85557e-07
-2.50365e-05
8.31028e-05
4.5911e-05
-0.000115806
6.43922e-05
5.78271e-05
-9.54353e-05
1.82677e-05
6.43088e-05
-4.29992e-05
-5.6483e-05
0.000113443
-5.89123e-05
-4.84109e-05
9.648e-05
-4.63305e-05
-3.29862e-05
4.89419e-05
1.31143e-05
-8.00297e-05
7.336e-05
8.96556e-06
-9.35581e-05
0.000106133
-4.07402e-05
-4.08304e-05
7.10663e-05
-3.66616e-05
-1.70395e-05
3.41282e-05
3.82264e-09
-4.88178e-05
6.08478e-05
-1.65298e-05
-5.46715e-05
9.85467e-05
-7.92677e-05
6.49285e-06
7.25819e-05
-0.000107402
7.79603e-05
-5.43012e-06
-6.47303e-05
9.28208e-05
-6.75621e-05
8.82798e-06
4.78445e-05
-7.288e-05
5.73016e-05
-1.39814e-05
-3.2258e-05
5.83333e-05
-5.32043e-05
2.12175e-05
