-4.34602e-06
9.11566e-06
-1.12498e-05
5.5818e-06
9.11431e-06
-2.51469e-05
2.84436e-05
-9.26536e-06
-2.63895e-05
5.55221e-05
-5.19181e-05
7.57309e-06
5.48786e-05
-9.22552e-05
7.08704e-05
4.17268e-06
-8.55581e-05
0.000114556
-6.63451e-05
-2.64065e-05
9.53011e-05
-9.04084e-05
2.27485e-05
4.45014e-05
-5.28054e-05
3.46611e-06
4.28575e-05
-2.70864e-05
-4.37429e-05
9.65072e-05
-6.47674e-05
-3.59984e-05
0.000114116
-9.30859e-05
-3.57907e-06
7.19181e-05
-4.09392e-05
-4.33417e-05
6.73049e-05
1.33939e-05
-0.000110605
0.000103067
1.05254e-05
-9.85893e-05
5.744e-05
5.01273e-05
-6.96292e-05
-3.6997e-05
0.000127996
-6.97784e-05
-6.83205e-05
9.84567e-05
1.70507e-05
-9.88057e-05
1.04255e-05
0.000125725
-9.93283e-05
-5.32178e-05
9.95943e-05
4.67939e-05
-0.000115103
3.442e-05
0.000193852
5.97981e-05
0.000128346
0.000503113
0.000943217
0.00136399
0.00251041
0.0045075
0.00736911
0.0115569
0.0181829
0.0278773
0.0411376
0.0591153
0.0833585
0.115027
0.154853
0.204041
0.263745
0.334286
0.414569
0.502852
0.596469
0.691463
0.782317
0.863234
0.928954
0.975089
0.997866
0.994914
0.966313
0.915315
0.847856
0.771715
0.695622
0.628519
0.578536
0.551876
0.40266
0.431729
0.486417
0.560884
0.648046
0.740062
0.828337
0.904146
0.96002
0.991223
0.995918
0.974529
0.92902
0.863089
0.781903
0.691359
0.5968
0.50303
0.414287
0.334054
0.263977
0.204301
0.154662
0.114754
0.0835262
0.0593832
0.0409842
0.0276145
0.0183454
0.0117961
0.00719668
0.00429035
0.0027106
0.00153907
0.000718527
0.000381496
0.000371247
0.000119491
-6.40486e-05
6.31453e-05
0.000115722
-5.2835e-05
-9.42288e-05
0.000126003
8.99739e-06
-9.41796e-05
1.03494e-05
0.000106907
-7.73595e-05
-6.13754e-05
0.000121618
-3.38711e-05
-6.86434e-05
4.47824e-05
6.66258e-05
-0.000110296
2.27588e-05
9.26762e-05
-0.000104352
1.29794e-05
6.12629e-05
-3.163e-05
-5.60943e-05
8.7179e-05
-1.51805e-05
-8.84082e-05
0.000118163
-4.83859e-05
-4.68194e-05
7.77033e-05
-2.95625e-05
-3.19841e-05
3.62365e-05
2.03512e-05
-7.51571e-05
6.51597e-05
1.10834e-05
-9.25425e-05
0.000111434
-5.14645e-05
-4.13902e-05
9.95638e-05
-8.72734e-05
2.3009e-05
4.1776e-05
-6.48883e-05
4.15486e-05
-1.23727e-07
-2.54415e-05
2.17259e-05
-1.33563e-06
-1.25041e-05
6.8633e-06
1.14904e-05
-2.39158e-05
1.67488e-05
6.98319e-06
-2.98652e-05
3.39062e-05
-1.47377e-05
