-4.20807e-05
6.73893e-05
-6.49815e-05
3.82716e-05
6.18195e-06
-3.93576e-05
7.05194e-05
-3.94926e-05
6.00706e-05
7.56156e-05
8.76941e-05
0.000285646
0.000406405
0.000797724
0.00140276
0.00234982
0.00397614
0.00646059
0.0102347
0.0159148
0.0240678
0.0355187
0.0513939
0.0724436
0.10013
0.135483
0.1794
0.233197
0.296832
0.370514
0.453245
0.542659
0.635923
0.72838
0.814828
0.889804
0.947758
0.983957
0.995327
0.979835
0.93773
0.87155
0.785059
0.684671
0.577281
0.469721
0.36837
0.27772
0.20037
0.137874
0.0901637
0.0556525
0.0326077
0.0179253
0.00889908
0.00385695
0.00138811
0.000365228
0.000272113
0.000246259
-0.000147399
-0.000201408
-1.45044e-05
0.000109428
0.000126298
1.30384e-05
-0.000247244
-3.8848e-05
0.00025275
5.14235e-05
-0.000194245
-5.09505e-05
8.53535e-05
7.23994e-05
3.02809e-05
-0.000135816
-8.41615e-05
0.000181431
0.000110204
-0.00023462
-6.72337e-05
0.000225157
3.50715e-05
-0.000207464
1.48201e-05
0.000144896
-2.27113e-05
-9.69851e-05
2.47344e-05
4.41381e-05
3.43847e-06
-2.19567e-05
-2.79285e-05
1.16376e-05
5.58914e-05
-2.33866e-05
-6.84007e-05
4.00418e-05
7.02594e-05
-5.89066e-05
0.000147773
-0.000193289
-8.95968e-05
0.000221825
2.53261e-05
-0.000234112
4.49151e-05
0.000220264
-0.000103306
-0.00019249
0.000154088
0.000138517
-0.000166758
-9.28292e-05
0.000161695
4.08794e-05
-0.000105651
-3.82464e-05
5.28291e-05
4.97651e-05
2.50861e-05
-0.000123735
-5.19321e-05
0.000182987
7.14477e-05
-0.000245983
-4.23613e-05
0.000233851
3.2975e-05
-0.000165311
-5.63972e-05
5.47644e-05
0.000114229
7.45952e-05
-0.00021067
-0.00012613
0.000210464
0.00017054
-0.000150978
-0.000136588
-7.41334e-05
0.00011261
0.000331599
0.000433425
0.00126752
0.00390711
0.00896867
0.0178027
0.0326695
0.0557049
0.0900484
0.137949
0.200397
0.277622
0.368448
0.469734
0.577188
0.68477
0.785032
0.871486
0.937832
0.979771
0.99531
0.984034
0.947685
0.889816
0.814886
0.728295
0.635974
0.542679
0.453166
0.370604
0.296786
0.233176
0.179471
0.135406
0.100169
0.0724597
0.0513396
0.0355742
0.024045
0.0158936
0.0102841
0.00641459
0.00399017
0.00237737
0.00134742
0.000851836
0.00038216
0.000266329
0.000142899
9.38345e-06
0.000107321
-4.64096e-05
3.36772e-05
2.57713e-05
-6.0001e-05
7.83023e-05
-6.27735e-05
2.43983e-05
