-6.96753e-05
2.54354e-05
7.87665e-05
-0.000100735
1.66185e-05
5.09559e-05
-1.72683e-05
-4.77757e-05
3.70582e-05
3.31614e-05
-6.21453e-05
2.51375e-05
3.58108e-06
1.33971e-05
-2.02786e-05
-1.69039e-05
3.50841e-05
1.18261e-05
-4.77369e-05
-1.31989e-05
9.06806e-05
-4.51842e-05
-9.93581e-05
0.000111676
1.98071e-05
-0.000168643
-4.6121e-06
4.15486e-05
-0.000227048
-0.00035149
-0.000263365
-0.000720645
-0.00127353
-0.00186482
-0.00299379
-0.00473828
-0.00739568
-0.0110681
-0.0164199
-0.0239941
-0.0346077
-0.0486311
-0.0671343
-0.0916558
-0.122526
-0.160668
-0.207427
-0.263133
-0.327721
-0.400771
-0.481263
-0.567246
-0.655632
-0.742433
-0.823143
-0.893285
-0.947053
-0.979896
-0.988837
-0.971655
-0.928403
-0.860966
-0.773272
-0.671362
-0.561419
-0.449991
-0.343841
-0.248705
-0.168405
-0.104776
-0.0580566
-0.026649
-0.00810202
0.00127885
0.00503837
0.00517476
0.00363103
0.00173309
0.000113613
-0.000393852
-0.000458022
-0.000394027
-2.88456e-05
9.20828e-05
0.000130866
4.67396e-05
-0.000277751
-0.000106281
0.000189489
0.000240484
0.00011462
-0.0002967
-0.000313945
0.000111607
0.000296098
0.000223039
-0.000171117
-0.000395788
-2.83383e-05
0.000276727
0.000208451
-5.52713e-05
-0.000271801
-0.000120466
0.000193247
0.000263672
-2.58349e-06
-0.000287517
-0.000220639
0.000145909
0.000350525
9.80182e-05
-0.000266587
-0.000285702
9.3445e-07
0.00031328
0.000156799
-0.000203612
-0.000202301
2.58599e-05
0.000407117
0.000620983
0.000305756
-0.000248988
-0.00162689
-0.00362747
-0.00511993
-0.00508415
-0.00140029
0.00824359
0.0266636
0.057995
0.104779
0.168373
0.24878
0.343838
0.449934
0.561417
0.671405
0.773293
0.860895
0.928444
0.971654
0.988812
0.979966
0.946957
0.893325
0.823192
0.742348
0.655692
0.567232
0.481235
0.400803
0.327728
0.263099
0.20742
0.160734
0.122464
0.0916564
0.0671841
0.048561
0.0346796
0.0239617
0.0163742
0.0111443
0.00738894
0.00467574
0.00300377
0.00196882
0.00116357
0.000708214
0.000366312
0.00028868
0.000208773
-1.49263e-05
1.82167e-05
0.000146647
-1.78077e-05
-0.000111655
9.70309e-05
8.81247e-05
-0.000163175
2.66951e-05
0.00013391
-9.88204e-05
-6.2628e-05
0.000110377
2.26767e-05
-0.000147391
9.54806e-05
5.46948e-05
-0.000103837
7.40731e-06
8.07332e-05
-3.14066e-05
-8.94058e-05
0.000121036
-2.53817e-05
-7.00569e-05
4.73494e-05
