0.000153874
-0.000157326
6.66843e-06
0.00015011
-0.000157923
9.8598e-06
0.00014358
-0.0001477
5.34818e-06
0.000127414
-0.000114213
-1.0767e-05
9.17261e-05
-4.59601e-05
-3.74549e-05
2.8164e-05
5.44149e-05
-6.14165e-05
-5.93455e-05
0.000151979
-5.54503e-05
-0.000138836
0.000176057
8.47943e-07
-0.00014611
6.74038e-05
7.57076e-05
-2.94844e-05
-0.000119508
7.34531e-05
0.000144721
-0.000179236
-4.63148e-05
0.000158606
1.91321e-05
-0.000103717
-6.46783e-05
0.000243056
0.000187217
0.000107795
0.000678489
0.00160367
0.00307697
0.00553581
0.0103622
0.0186751
0.0313412
0.0504455
0.0782613
0.117335
0.169029
0.234106
0.312913
0.404218
0.50523
0.61067
0.714509
0.810219
0.891533
0.952784
0.989144
0.998149
0.979511
0.935809
0.871078
0.790537
0.699681
0.603975
0.508702
0.418205
0.33602
0.264048
0.203217
0.15314
0.113019
0.0815384
0.0574292
0.0393979
0.0262594
0.0169961
0.0106328
0.00646117
0.00376876
0.0021515
0.00116055
0.00062935
0.000307356
0.000164745
6.75166e-05
4.09645e-05
1.01237e-05
1.12732e-05
-8.95613e-07
4.18482e-06
-1.93549e-06
2.02112e-06
-1.29316e-06
9.54452e-07
-5.32678e-07
1.81648e-07
-1.66246e-07
5.66653e-07
-8.63571e-07
1.53686e-06
-1.38366e-06
3.55608e-06
-1.84357e-07
1.04791e-05
1.09943e-05
4.00317e-05
6.84872e-05
0.000163771
0.000308284
0.000628528
0.00116119
0.00215112
0.00376878
0.00646159
0.0106318
0.0169977
0.0262572
0.0394007
0.0574258
0.0815423
0.113015
0.153144
0.203213
0.26405
0.336019
0.418205
0.508703
0.603971
0.699687
0.79053
0.871086
0.935801
0.979518
0.998144
0.989145
0.952787
0.891526
0.81023
0.714496
0.610682
0.505219
0.404224
0.312914
0.234098
0.169043
0.117318
0.0782783
0.050433
0.0313453
0.0186813
0.0103464
0.00555759
0.00305532
0.00161834
0.000676267
9.56489e-05
0.000210822
0.000215466
-4.30297e-05
-0.000110563
7.15892e-06
0.000186122
-7.90784e-05
-0.000155046
0.000140666
5.38437e-05
-8.36366e-05
-6.53693e-05
9.3541e-05
7.82716e-05
-0.000182122
4.4233e-05
0.000149124
-0.000145142
-1.71698e-05
0.000102662
-2.89846e-05
-5.19973e-05
8.55456e-06
8.21502e-05
-6.28448e-05
-6.91394e-05
0.000150022
-6.32683e-05
-0.00010786
0.000175282
-6.21898e-05
-0.000114328
0.000174517
-6.31677e-05
-0.000103908
0.000164637
-6.75356e-05
-8.89691e-05
0.000157028
-7.61127e-05
