-1.77765e-05
1.30755e-05
5.85743e-06
-1.0659e-05
-7.06673e-06
1.92977e-05
3.2348e-06
-4.36366e-05
4.55808e-05
1.80491e-05
-9.23033e-05
8.34671e-05
2.87019e-05
-0.000140125
0.000119485
3.42346e-05
-0.00016482
0.000125686
4.04005e-05
-0.000141366
7.11735e-05
5.46461e-05
-5.86769e-05
-4.52967e-05
6.94965e-05
5.88828e-05
-0.000158419
5.0966e-05
0.000142676
-0.000151948
-2.78667e-05
0.000111279
1.97566e-05
-0.000108278
-4.04712e-05
0.000188865
-5.67934e-05
-0.000155794
9.18011e-05
0.000106015
-3.42911e-05
-0.000168784
0.000106718
0.000219119
1.19768e-05
0.000156506
0.000676505
0.00160225
0.00280441
0.00531977
0.0102572
0.0183476
0.030945
0.0498842
0.0779627
0.117126
0.168884
0.23417
0.313232
0.405084
0.506281
0.611916
0.715687
0.811377
0.892578
0.953477
0.989439
0.997852
0.978892
0.93487
0.870087
0.789474
0.698663
0.603053
0.507939
0.417713
0.335746
0.26404
0.203321
0.153374
0.113247
0.0817991
0.0576488
0.0396147
0.0264406
0.017157
0.0107659
0.00656292
0.00385171
0.00220278
0.00120442
0.000648342
0.000328254
0.000168267
7.75685e-05
3.90862e-05
1.565e-05
8.39476e-06
2.85802e-06
2.00728e-06
4.30965e-06
8.47415e-06
1.62338e-05
3.86962e-05
7.8114e-05
0.000167684
0.000328926
0.000647596
0.00120524
0.0022019
0.00385263
0.00656199
0.0107668
0.0171562
0.0264413
0.0396143
0.057649
0.0817994
0.113246
0.153375
0.203319
0.264043
0.335743
0.417716
0.507935
0.603057
0.698659
0.789477
0.870085
0.934871
0.978893
0.99785
0.989444
0.953471
0.892585
0.811369
0.715695
0.61191
0.506285
0.405083
0.313229
0.234177
0.168873
0.117139
0.0779509
0.0498933
0.0309407
0.0183457
0.0102656
0.00530591
0.00282107
0.00158647
0.000687404
0.000153791
4.95162e-06
0.00023492
8.57933e-05
-0.00014843
-4.77898e-05
0.000107742
0.000103498
-0.000178183
-3.05668e-05
0.000167911
-3.304e-05
-9.81737e-05
-5.3779e-06
0.000142465
-5.25174e-05
-0.000145019
0.000157981
1.86592e-05
-0.000122983
3.72317e-05
6.55227e-05
-1.57778e-05
-0.000100154
8.65876e-05
6.71724e-05
-0.000169624
8.67595e-05
8.76854e-05
-0.000159106
6.66777e-05
6.71622e-05
-0.000101154
3.04039e-05
3.95082e-05
-3.44832e-05
-1.24838e-05
2.42727e-05
1.66839e-05
-5.16028e-05
2.45461e-05
4.47521e-05
-7.99631e-05
3.46441e-05
5.24634e-05
-9.45239e-05
4.65684e-05
