0.204885
0.399605
0.573495
0.71738
0.825768
0.896349
0.928589
0.924206
0.887923
0.826281
0.746283
0.655368
0.560651
0.467325
0.379153
0.299806
0.231737
0.1751
0.129323
0.0937227
0.066444
0.0455874
0.0303991
0.0197408
0.0121125
0.00711857
0.00420257
0.00221382
0.00106346
0.000670821
0.000263099
4.07556e-05
0.000148579
-4.68786e-07
-5.54059e-05
9.72962e-05
-4.57583e-05
-3.28115e-05
8.4363e-05
-7.16803e-05
1.02694e-05
5.44508e-05
-8.01314e-05
5.44009e-05
2.38184e-06
-5.42855e-05
7.27846e-05
-5.12176e-05
4.72288e-06
4.10901e-05
-6.44424e-05
5.69822e-05
-2.52352e-05
-1.48472e-05
4.62223e-05
-5.77728e-05
4.74806e-05
-2.14684e-05
-9.70372e-06
3.54547e-05
-4.85998e-05
4.68894e-05
-3.26695e-05
1.12714e-05
1.10507e-05
-2.8925e-05
3.89867e-05
-4.02205e-05
3.36568e-05
-2.16816e-05
7.23417e-06
6.89491e-06
-1.85438e-05
2.6406e-05
-3.00359e-05
2.97008e-05
-2.61544e-05
2.03985e-05
-1.34752e-05
6.31595e-06
3.47683e-07
-6.01869e-06
1.04269e-05
-1.34949e-05
1.52903e-05
-1.59766e-05
1.5768e-05
-1.48938e-05
1.35723e-05
-1.19945e-05
1.03157e-05
-8.653e-06
7.0875e-06
-5.66838e-06
4.41833e-06
-3.33918e-06
2.41703e-06
-1.62667e-06
9.35207e-07
-3.04852e-07
3.04852e-07
-9.35207e-07
1.62667e-06
-2.41703e-06
3.33918e-06
-4.41833e-06
5.66838e-06
-7.0875e-06
8.653e-06
-1.03157e-05
1.19945e-05
-1.35723e-05
1.48938e-05
-1.5768e-05
1.59766e-05
-1.52903e-05
1.34949e-05
-1.04269e-05
6.01869e-06
-3.47683e-07
-6.31595e-06
1.34752e-05
-2.03985e-05
2.61544e-05
-2.97008e-05
3.00359e-05
-2.6406e-05
1.85438e-05
-6.89491e-06
-7.23417e-06
2.16816e-05
-3.36568e-05
4.02205e-05
-3.89867e-05
2.8925e-05
-1.10507e-05
-1.12714e-05
3.26695e-05
-4.68894e-05
4.85998e-05
-3.54547e-05
9.70372e-06
2.14684e-05
-4.74806e-05
5.77728e-05
-4.62223e-05
1.48472e-05
2.52352e-05
-5.69822e-05
6.44424e-05
-4.10901e-05
-4.72287e-06
5.12177e-05
-7.27846e-05
5.42856e-05
-2.38131e-06
-5.43991e-05
8.01378e-05
-5.44297e-05
-1.02024e-05
7.18857e-05
-8.37564e-05
3.45368e-05
5.04802e-05
-8.48703e-05
8.68208e-05
7.67083e-05
2.88784e-05
0.000355089
0.000582454
0.00105764
0.00231623
0.00410595
0.00710106
0.0122344
0.0196504
0.0303472
0.0457345
0.0663971
0.0936332
0.12952
0.17525
0.231842
0.30047
0.380501
0.469561
0.565163
0.66407
0.761478
0.85231
0.931822
0.99516
1.03882
1.06263
1.06899
1.06098
1.04296
1.0215
1.00364
0.993911
