-6.89982e-37
-1.56469e-35
-3.31804e-34
-6.59989e-33
-1.23303e-31
-2.16623e-30
-3.58244e-29
-5.58205e-28
-8.20152e-27
-1.13705e-25
-1.48835e-24
-1.84029e-23
-2.15029e-22
-2.37506e-21
-2.48038e-20
-2.44961e-19
-2.2879e-18
-2.02087e-17
-1.68796e-16
-1.33301e-15
-9.95053e-15
-7.01862e-14
-4.67593e-13
-2.94085e-12
-1.74502e-11
-9.76215e-11
-5.1446e-10
-2.55162e-09
-1.18982e-08
-5.20994e-08
-2.13943e-07
-8.22693e-07
-2.95767e-06
-9.92344e-06
-3.1013e-05
-9.0097e-05
-0.000242802
-0.000605733
-0.00139643
-0.00297138
-0.00583577
-0.0106011
-0.0179076
-0.0284045
-0.0429059
-0.0627037
-0.0897326
-0.126189
-0.173678
-0.232691
-0.303018
-0.384362
-0.475701
-0.573838
-0.673477
-0.769046
-0.855253
-0.925915
-0.974723
-0.997906
-0.994136
-0.962968
-0.906407
-0.82968
-0.738365
-0.638183
-0.536199
-0.438008
-0.347292
-0.267709
-0.200667
-0.145836
-0.103202
-0.0709711
-0.0472314
-0.0307951
-0.0193531
-0.0118333
-0.00715559
-0.00402229
-0.00236627
-0.00125005
-0.000656966
-0.000395017
-0.000121434
-0.000141466
2.38339e-06
-4.88221e-05
5.22054e-06
-4.64373e-06
-1.09671e-05
1.49671e-05
-1.91075e-05
1.92519e-05
-1.81235e-05
1.55894e-05
-1.2473e-05
9.00136e-06
-5.42059e-06
1.807e-06
-1.807e-06
5.42059e-06
-9.00136e-06
1.2473e-05
-1.55894e-05
1.81235e-05
-1.92519e-05
1.91075e-05
-1.49671e-05
1.09671e-05
4.64373e-06
-5.22054e-06
4.88221e-05
-2.38339e-06
0.000141466
0.000121434
0.000395017
0.000656966
0.00125005
0.00236627
0.00402229
0.00715559
0.0118333
0.0193531
0.0307951
0.0472314
0.0709711
0.103202
0.145836
0.200667
0.267709
0.347292
0.438008
0.536199
0.638183
0.738365
0.82968
0.906407
0.962968
0.994136
0.997906
0.974723
0.925915
0.855253
0.769046
0.673477
0.573838
0.475701
0.384362
0.303018
0.232691
0.173678
0.126189
0.0897326
0.0627037
0.0429059
0.0284045
0.0179076
0.0106011
0.00583577
0.00297138
0.00139643
0.000605733
0.000242802
9.0097e-05
3.1013e-05
9.92344e-06
2.95767e-06
8.22693e-07
2.13943e-07
5.20994e-08
1.18982e-08
2.55162e-09
5.1446e-10
9.76215e-11
1.74502e-11
2.94085e-12
4.67593e-13
7.01862e-14
9.95053e-15
1.33301e-15
1.68796e-16
2.02087e-17
2.2879e-18
2.44961e-19
2.48038e-20
2.37506e-21
2.15029e-22
1.84029e-23
1.48835e-24
1.13705e-25
8.20152e-27
5.58205e-28
3.58244e-29
2.16623e-30
1.23303e-31
6.59989e-33
3.31804e-34
1.5648e-35
7.19622e-37
