-0.0303816
-0.0630331
-0.100377
-0.14493
-0.198934
-0.263787
-0.339598
-0.425147
-0.518186
-0.615615
-0.713223
-0.805373
-0.885465
-0.947287
-0.986225
-0.999357
-0.985096
-0.943703
-0.87827
-0.794328
-0.698067
-0.595421
-0.492582
-0.395569
-0.308437
-0.233015
-0.170417
-0.121051
-0.0834868
-0.055503
-0.0357056
-0.0225301
-0.0136682
-0.00782205
-0.004545
-0.00261702
-0.001219
-0.000650718
-0.000471477
-8.80991e-05
-2.61363e-05
-0.000155759
5.18856e-05
3.8502e-05
-0.000112297
7.33921e-05
1.99144e-05
-9.25625e-05
8.82527e-05
-1.92499e-05
-5.86415e-05
9.11344e-05
-6.2026e-05
-3.57003e-06
6.22124e-05
-8.11334e-05
5.46368e-05
-1.93766e-06
-4.76061e-05
7.09351e-05
-6.08254e-05
2.58609e-05
1.65335e-05
-4.90504e-05
6.11659e-05
-5.15149e-05
2.63121e-05
4.4479e-06
-3.10279e-05
4.68077e-05
-4.94144e-05
4.03158e-05
-2.34781e-05
3.76011e-06
1.44419e-05
-2.80349e-05
3.55195e-05
-3.68465e-05
3.30184e-05
-2.56103e-05
1.63354e-05
-6.72752e-06
-2.04176e-06
9.22501e-06
-1.44731e-05
1.77576e-05
-1.92731e-05
1.93424e-05
-1.83369e-05
1.66191e-05
-1.45061e-05
1.22516e-05
-1.00411e-05
7.99593e-06
-6.18258e-06
4.62355e-06
-3.30818e-06
2.20212e-06
-1.25517e-06
4.07208e-07
-4.07208e-07
1.25517e-06
-2.20212e-06
3.30818e-06
-4.62355e-06
6.18258e-06
-7.99593e-06
1.00411e-05
-1.22516e-05
1.45061e-05
-1.66191e-05
1.83369e-05
-1.93424e-05
1.92731e-05
-1.77576e-05
1.44731e-05
-9.22501e-06
2.04176e-06
6.72752e-06
-1.63354e-05
2.56103e-05
-3.30184e-05
3.68465e-05
-3.55195e-05
2.80349e-05
-1.44419e-05
-3.76011e-06
2.34781e-05
-4.03158e-05
4.94144e-05
-4.68077e-05
3.10279e-05
-4.4479e-06
-2.63121e-05
5.15149e-05
-6.11659e-05
4.90504e-05
-1.65335e-05
-2.58609e-05
6.08254e-05
-7.09351e-05
4.76061e-05
1.93766e-06
-5.46368e-05
8.11334e-05
-6.22124e-05
3.57003e-06
6.2026e-05
-9.11344e-05
5.86415e-05
1.92499e-05
-8.82527e-05
9.25625e-05
-1.99144e-05
-7.33921e-05
0.000112297
-3.8502e-05
-5.18856e-05
0.000155759
2.61363e-05
8.80991e-05
0.000471477
0.000650718
0.001219
0.00261702
0.004545
0.00782205
0.0136682
0.0225301
0.0357056
0.055503
0.0834868
0.121051
0.170417
0.233015
0.308437
0.395569
0.492582
0.595421
0.698067
0.794328
0.87827
0.943703
0.985097
0.999358
0.986227
0.947292
0.885477
0.805404
0.713302
0.615808
0.518633
0.426134
0.341665
0.2679
0.206706
0.158885
0.124213
0.101866
0.0909601
