8.07473e-06
1.81856e-05
-4.95169e-05
4.50098e-05
-2.28689e-05
2.00675e-05
-2.06242e-05
-6.62694e-06
3.27226e-05
-1.50379e-05
-7.05244e-06
-3.24782e-05
8.69203e-05
-4.47416e-05
-6.51682e-05
7.55362e-05
4.50635e-05
-9.66897e-05
-3.89059e-05
0.000163499
-5.56601e-05
-0.000140975
0.000116433
9.26416e-05
-0.000143715
-4.4049e-05
0.000152842
-8.05359e-06
-0.000138193
6.53986e-05
5.35703e-05
-1.79266e-05
-3.68607e-05
-4.06212e-05
8.71781e-05
2.41172e-05
-7.19405e-05
-8.95344e-05
0.000167275
2.96775e-05
-0.000204985
4.20877e-05
9.36105e-05
-6.23655e-05
-0.000164267
-0.000142182
-0.000158685
-0.000340256
-0.000731288
-0.00123554
-0.00172509
-0.00275542
-0.00476951
-0.00717855
-0.0107277
-0.0160777
-0.0236197
-0.0341636
-0.0481488
-0.0666219
-0.0909544
-0.12206
-0.160493
-0.207172
-0.263049
-0.328085
-0.401746
-0.482793
-0.56886
-0.657716
-0.745202
-0.826169
-0.895867
-0.949022
-0.981328
-0.989569
-0.971199
-0.926594
-0.858186
-0.770016
-0.667838
-0.557821
-0.446684
-0.341249
-0.247043
-0.167857
-0.105391
-0.0594427
-0.0283867
-0.00966143
-8.52133e-05
0.00367123
0.00413003
0.00311995
0.00171723
0.000336334
-0.000459297
-0.000542815
-0.000248171
0.000178369
0.000237381
5.72433e-05
-0.000312794
-5.47287e-05
0.000409253
0.000487024
2.84195e-05
-0.00150926
-0.00333046
-0.00435665
-0.00382183
0.000251568
0.00997741
0.0283515
0.0592423
0.105217
0.1679
0.24731
0.34131
0.446529
0.557645
0.667858
0.770235
0.858231
0.926496
0.971043
0.98957
0.98156
0.949004
0.895754
0.826123
0.745167
0.657924
0.568844
0.482605
0.401806
0.328109
0.263119
0.207173
0.160348
0.122107
0.0910474
0.0666163
0.0480657
0.0341551
0.0236939
0.0160479
0.0107666
0.00710484
0.0047488
0.00289599
0.00162858
0.00120425
0.000799458
0.000308787
0.000168353
0.000143332
0.000158073
3.73623e-05
-4.29686e-05
-3.95755e-05
0.000112779
7.86544e-05
-0.000202992
4.39072e-05
0.000144513
-6.09023e-05
-0.000110617
7.27397e-05
7.76297e-05
-8.14013e-05
-1.92182e-05
2.70442e-05
2.47305e-05
1.38444e-05
-7.80871e-05
1.05904e-05
0.000104208
-5.93321e-05
-8.80024e-05
7.89969e-05
0.000102052
-0.000169421
-4.37251e-06
0.000166542
-7.78373e-05
-0.000108857
9.10283e-05
0.000109948
-0.000186722
2.11254e-05
0.000143454
-7.9071e-05
-9.06369e-05
9.21435e-05
8.43543e-05
-0.000178887
5.34727e-05
0.000108237
-7.86246e-05
