0.000128162
0.000128047
-0.000146437
-7.72361e-05
-2.42046e-05
0.000111969
6.68473e-05
-6.42974e-05
5.777e-06
-9.73075e-05
4.97559e-06
3.56357e-05
0.000138393
6.64292e-05
-0.000271414
-0.000214776
7.19883e-05
0.000533357
0.000574452
0.000418827
0.000386065
-0.000446372
-0.00365938
-0.0114906
-0.0259908
-0.0497055
-0.0856295
-0.135963
-0.201801
-0.283274
-0.3787
-0.484452
-0.59444
-0.701939
-0.800543
-0.883423
-0.945278
-0.982182
-0.992778
-0.977263
-0.937216
-0.876848
-0.801158
-0.715324
-0.62458
-0.533846
-0.447221
-0.367301
-0.295567
-0.233607
-0.181228
-0.137755
-0.102768
-0.075247
-0.0540895
-0.0379547
-0.026092
-0.0177815
-0.0117322
-0.00743522
-0.00488861
-0.00303095
-0.00174138
-0.00108312
-0.000677588
-0.000363822
-0.000150173
-0.000118858
-0.000140894
4.85586e-05
1.72037e-05
-0.000138518
8.42269e-05
4.63549e-05
-0.000125455
5.88688e-05
6.45525e-05
-0.000110624
4.38072e-05
4.47811e-05
-6.06296e-05
8.03316e-06
3.64494e-05
-2.71621e-05
-5.31568e-06
9.25652e-06
1.65196e-05
-2.66941e-05
-3.64284e-06
4.06733e-05
-3.26281e-05
-2.1735e-05
6.38772e-05
-4.08371e-05
-3.005e-05
7.4503e-05
-4.1544e-05
-3.79538e-05
8.1163e-05
-4.13053e-05
6.358e-05
-0.000127922
6.56916e-05
6.18014e-05
-0.000128021
6.63415e-05
6.27082e-05
-0.000130461
6.8865e-05
5.98733e-05
-0.000125409
6.22446e-05
6.3056e-05
-0.000121926
5.85729e-05
5.40307e-05
-9.68558e-05
3.41694e-05
5.46746e-05
-7.29682e-05
1.73588e-05
3.11742e-05
-1.45859e-05
-2.5342e-05
2.19018e-05
3.66595e-05
-3.96784e-05
-3.7449e-06
0.000131133
-1.73153e-05
6.67058e-05
0.00033177
0.000292899
0.000561926
0.0012036
0.00178641
0.00291001
0.00487395
0.00758908
0.0116683
0.0176342
0.02626
0.0380043
0.0538925
0.0753094
0.102912
0.137645
0.181141
0.233715
0.295657
0.367128
0.447196
0.534046
0.624513
0.715167
0.801265
0.876962
0.937108
0.977153
0.992912
0.982289
0.945078
0.8834
0.80071
0.701952
0.594288
0.48442
0.378897
0.283257
0.201622
0.135988
0.085795
0.0496916
0.0258229
0.0114896
0.00384618
0.000437964
-0.000561561
-0.000418559
-0.000431548
-0.000467087
-0.000256195
0.000162154
0.000422183
6.58878e-06
-0.000230528
-0.000191586
0.000115292
0.000221642
-4.85998e-05
-7.54501e-05
-0.000101343
7.00486e-05
5.10882e-05
-1.57358e-05
2.75204e-05
-6.4547e-05
2.63592e-05
-3.58757e-05
3.49176e-05
