3.54701e-05
-5.76174e-05
6.01179e-05
-3.65114e-05
5.35266e-06
4.55606e-05
-4.77473e-05
0.000100472
2.26842e-05
0.000127987
0.000284812
0.000368105
0.00086806
0.00134882
0.00237581
0.00402561
0.00639347
0.0103392
0.0158939
0.024071
0.0356357
0.0513257
0.0725469
0.100171
0.135441
0.179518
0.233144
0.296807
0.370536
0.453088
0.542561
0.635822
0.728113
0.814717
0.889658
0.947532
0.983993
0.995242
0.979832
0.93794
0.871626
0.785269
0.684983
0.577401
0.469903
0.368578
0.277653
0.200448
0.137913
0.0899798
0.0556496
0.0325549
0.0177337
0.008926
0.00387898
0.00121705
0.000441674
0.000289267
0.000117425
-4.55883e-05
-0.000148965
-0.000169187
0.000178711
0.000214614
-0.00013368
-0.000179922
4.02431e-05
0.000106981
7.69891e-05
-3.88263e-05
-0.000202817
4.54538e-05
0.000236997
-4.28269e-05
-0.000239602
7.03561e-05
0.000159005
-3.4074e-05
-9.82888e-05
-7.20639e-06
3.59393e-05
8.50548e-05
-2.96464e-05
-0.00014213
4.99778e-05
0.000181481
-9.88655e-05
-0.000184056
0.000151975
0.000154974
-0.000194527
-0.000105379
0.000222121
4.05627e-05
-0.000225964
2.36955e-05
0.000213655
-8.66573e-05
-0.000182963
0.000140002
3.84235e-05
-4.52959e-05
-2.52996e-05
4.03337e-05
1.57086e-05
-2.61794e-05
-1.39942e-05
2.22608e-06
3.26178e-05
1.62296e-05
-6.68993e-05
-2.4205e-05
0.000116959
8.35363e-06
-0.000167874
3.33256e-05
0.00020011
-8.50864e-05
-0.00021049
0.000142278
0.000173991
-0.000151167
-0.000137507
0.000133315
7.92934e-05
-3.41629e-05
-8.68809e-05
-5.4788e-05
9.80463e-05
0.000164403
-0.000161513
-0.000188353
0.000161108
0.000179558
-0.000100428
-0.000131341
-3.73943e-05
7.88548e-05
0.000211365
-7.04263e-05
-0.000270787
-2.69295e-05
0.000217739
0.000173852
0.000457445
0.00131506
0.00376115
0.00895625
0.0178118
0.0324475
0.0556849
0.0900483
0.137802
0.200505
0.277697
0.36847
0.469987
0.577404
0.684905
0.785354
0.871605
0.937881
0.979923
0.995188
0.983968
0.947619
0.889566
0.814753
0.72815
0.635741
0.54263
0.453073
0.370494
0.296872
0.233102
0.179508
0.135498
0.100104
0.0725825
0.0513447
0.0355702
0.0241492
0.0158433
0.0103369
0.00644694
0.00394713
0.00244272
0.00132261
0.000844578
0.00042796
0.000216303
0.000176281
1.25005e-05
7.16847e-05
5.44926e-06
-9.50491e-06
4.12853e-05
-4.13127e-05
3.42946e-05
-1.20243e-05
