3.51306e-05
-4.87557e-05
3.33215e-05
7.66765e-08
-2.94151e-05
3.67411e-05
-2.02398e-05
-5.12687e-06
1.9157e-05
-1.20514e-05
-7.54058e-06
1.89804e-05
-6.84039e-06
-2.40708e-05
4.89112e-05
-4.07623e-05
-5.69254e-06
6.40249e-05
-9.10088e-05
5.9019e-05
1.83178e-05
-9.03314e-05
0.000104978
-5.04874e-05
-3.19708e-05
7.93292e-05
-5.90176e-05
-2.15417e-06
4.15057e-05
-1.92625e-05
-4.08296e-05
7.12923e-05
-2.77909e-05
-6.05413e-05
0.000112419
-7.39267e-05
-2.19026e-05
8.27393e-05
-5.17588e-05
-2.85501e-05
5.92805e-05
3.34765e-06
-9.13902e-05
9.7526e-05
-2.45872e-06
-9.22195e-05
8.08826e-05
1.87316e-05
-7.08869e-05
1.20039e-05
0.00010804
-7.81015e-05
2.93544e-05
0.000194101
0.000129865
0.000274902
0.000711081
0.00120675
0.00190827
0.0035369
0.00590803
0.00937432
0.0148112
0.0229619
0.0341987
0.04969
0.0709128
0.0986553
0.133976
0.178333
0.232886
0.297626
0.372533
0.456844
0.548249
0.64271
0.735796
0.822439
0.896803
0.953193
0.987344
0.996315
0.978182
0.933031
0.863799
0.775779
0.675166
0.568606
0.462756
0.363525
0.275009
0.199724
0.138966
0.0927842
0.0594666
0.036236
0.0205677
0.0109114
0.00598287
0.00418749
0.00166132
0.00286127
0.00571728
0.0111378
0.0205293
0.0358566
0.0593174
0.0930904
0.1392
0.199492
0.274723
0.363687
0.463066
0.568501
0.674851
0.775844
0.864111
0.932987
0.977879
0.996352
0.987639
0.953144
0.896523
0.822507
0.736063
0.642604
0.548011
0.456987
0.372737
0.297439
0.232737
0.178555
0.134053
0.0984186
0.0709152
0.0499229
0.0341009
0.0227831
0.0149755
0.00947956
0.0056944
0.00354397
0.00210904
0.00109273
0.00058323
0.00045255
0.000155652
-1.79014e-06
0.000137054
3.24827e-05
-6.32103e-05
1.94823e-05
8.8902e-05
-0.000100446
8.27045e-06
8.74511e-05
-8.31455e-05
-1.1153e-06
5.88789e-05
-2.28738e-05
-6.20253e-05
9.58758e-05
-3.53406e-05
-6.31326e-05
0.000106954
-6.21352e-05
-1.89437e-05
5.68095e-05
-2.39784e-05
-3.4217e-05
5.03512e-05
-1.94834e-06
-6.89028e-05
9.67001e-05
-5.21115e-05
-3.36503e-05
9.707e-05
-9.45875e-05
3.41628e-05
3.62529e-05
-6.8914e-05
5.06774e-05
-6.65572e-06
-2.48993e-05
2.33656e-05
1.56049e-06
-2.20519e-05
1.67175e-05
1.23357e-05
-4.19127e-05
4.61978e-05
-1.67361e-05
-3.04671e-05
6.52137e-05
-6.32402e-05
2.25887e-05
3.4341e-05
-7.41531e-05
7.27321e-05
-2.99618e-05
