0.000181134
-0.000148502
-5.67923e-05
0.000189022
-9.48391e-05
-0.00010249
0.000161057
-2.52063e-05
-0.000114247
8.51022e-05
3.70594e-05
-5.96638e-05
-2.69473e-05
4.21548e-05
6.97514e-05
-0.000110468
-5.0786e-05
0.000200715
-7.33596e-05
-0.000180042
0.000186233
7.80943e-05
-0.000127378
4.77165e-05
0.000254228
0.000474852
0.000667655
0.00151061
0.00347351
0.00619207
0.0108916
0.0191747
0.0321842
0.0516426
0.0792819
0.11777
0.169205
0.233958
0.312167
0.402561
0.502593
0.607815
0.711618
0.807595
0.889235
0.951001
0.988498
0.998569
0.981082
0.937946
0.873483
0.793022
0.702001
0.606184
0.51043
0.419467
0.336632
0.264133
0.202928
0.152604
0.11245
0.0809345
0.0568999
0.0389036
0.0258244
0.0166322
0.0103102
0.00623033
0.00357004
0.00203049
0.00106484
0.000573459
0.000276603
0.000135381
6.97495e-05
1.83436e-05
2.59637e-05
-1.0062e-05
1.8314e-05
-1.5177e-05
1.54836e-05
-1.36149e-05
1.20079e-05
-9.99676e-06
8.02992e-06
-6.11273e-06
4.36341e-06
-2.82295e-06
1.52438e-06
-4.76146e-07
-3.26368e-07
8.98648e-07
-1.26272e-06
1.44436e-06
-1.47087e-06
1.36947e-06
-1.1664e-06
8.86456e-07
-5.52915e-07
1.87782e-07
-1.87782e-07
5.52915e-07
-8.86456e-07
1.1664e-06
-1.36947e-06
1.47087e-06
-1.44436e-06
1.26272e-06
-8.98642e-07
3.26388e-07
4.76214e-07
-1.52415e-06
2.82368e-06
-4.36114e-06
6.11967e-06
-8.00936e-06
1.00559e-05
-1.18425e-05
1.40635e-05
-1.43031e-05
1.81878e-05
-1.08736e-05
2.78661e-05
1.52648e-05
7.39902e-05
0.000130124
0.000282575
0.000567235
0.0010707
0.00202571
0.00357298
0.00622991
0.0103076
0.0166379
0.0258158
0.0389141
0.0568887
0.0809445
0.112443
0.152606
0.202932
0.264123
0.336646
0.419451
0.510445
0.606173
0.702004
0.793029
0.873467
0.937967
0.981061
0.998584
0.988495
0.95099
0.889257
0.807568
0.711641
0.607805
0.502584
0.402586
0.312134
0.233985
0.169195
0.117755
0.0793161
0.0516038
0.0322087
0.0191784
0.0108594
0.00623765
0.00343899
0.00151322
0.000701078
0.000422941
0.000293455
4.75187e-05
-0.000169371
0.000136865
0.000150597
-0.000194932
-1.51638e-05
0.000140122
-3.47478e-05
-6.5907e-05
-3.33982e-06
8.45262e-05
1.14475e-08
-0.000137113
9.86611e-05
9.73854e-05
-0.000193912
4.92961e-05
0.000165957
-0.000187224
-1.28571e-05
0.000197063
-0.000152148
-6.59532e-05
0.000206006
-0.000110504
