-5.79281e-05
8.88869e-05
-7.84622e-05
3.1602e-05
2.95546e-05
-7.60327e-05
8.58945e-05
-5.50303e-05
-6.27296e-07
5.30103e-05
-7.63362e-05
6.06726e-05
-1.71493e-05
-2.85541e-05
5.125e-05
-4.12161e-05
9.80887e-06
1.84148e-05
-2.26737e-05
1.03818e-06
2.72908e-05
-3.5334e-05
9.30301e-06
3.84803e-05
-7.4416e-05
6.86672e-05
-1.49308e-05
-5.09986e-05
9.63323e-05
-6.5938e-05
3.25913e-05
8.2872e-05
1.91563e-05
0.000168725
0.000314367
0.000484845
0.00094886
0.00173766
0.00278129
0.00482789
0.00782547
0.0122439
0.0190999
0.028668
0.0420338
0.0603788
0.0846401
0.115885
0.155699
0.204744
0.263697
0.333232
0.412359
0.499545
0.592254
0.686388
0.776644
0.857965
0.924573
0.971149
0.994102
0.990869
0.960399
0.904207
0.826148
0.731195
0.626321
0.518866
0.414988
0.319458
0.236275
0.167421
0.113172
0.0729775
0.045006
0.0262022
0.0139538
0.00683303
0.00321678
0.00146491
0.000596397
0.000249099
-4.97223e-05
-0.000201682
2.01961e-05
0.000290795
2.96188e-05
-0.000302129
-9.01262e-05
0.000295302
0.000117556
-0.000256943
-0.000140003
0.000224259
0.000142695
-0.000189228
-0.000145589
0.000167069
0.000145726
-0.000152148
-0.000162909
0.00014755
0.000169899
-0.000123161
-0.000169649
9.38086e-05
0.000152542
-5.06929e-05
-0.000125201
9.09938e-06
6.62783e-05
4.60139e-05
3.45765e-06
-7.80735e-05
-0.000112021
0.00010893
0.000204826
-7.72053e-05
-0.000267641
0.000200234
0.000824284
0.00142859
0.00301025
0.00695175
0.0141042
0.0260186
0.0449478
0.0731813
0.113128
0.167243
0.236416
0.319548
0.414803
0.518888
0.626489
0.731067
0.826069
0.904384
0.960352
0.990733
0.994242
0.971182
0.924408
0.858066
0.776719
0.686235
0.592303
0.499653
0.41222
0.333246
0.263823
0.204612
0.155705
0.116
0.0845323
0.0603663
0.0421522
0.0285632
0.0190879
0.0123623
0.00770801
0.00484422
0.00286991
0.00163225
0.000975627
0.000555775
0.000214063
0.000206625
8.03514e-05
-3.14939e-05
0.000112419
-5.22862e-05
1.90322e-06
5.44076e-05
-5.9613e-05
3.01502e-05
9.83059e-06
-2.67612e-05
1.16793e-05
1.97122e-05
-3.89764e-05
2.71902e-05
1.18348e-05
-5.41006e-05
7.14434e-05
-4.96916e-05
-2.33437e-06
5.7837e-05
-8.72607e-05
7.44921e-05
-2.51553e-05
-3.67986e-05
8.15796e-05
-8.82183e-05
5.41633e-05
4.2709e-06
-6.00836e-05
8.81041e-05
-7.61009e-05
2.98266e-05
