-0.184492
-0.362329
-0.526746
-0.670985
-0.788921
-0.876053
-0.930087
-0.950583
-0.938388
-0.895961
-0.828188
-0.742041
-0.644854
-0.543195
-0.443211
-0.350586
-0.269109
-0.200102
-0.143827
-0.100221
-0.0679003
-0.0443814
-0.0278629
-0.0171437
-0.0103262
-0.00576407
-0.00311775
-0.00186194
-0.000928958
-0.000313484
-0.000290386
-0.000181477
8.0145e-05
-5.09621e-05
-0.000102623
0.000107868
-1.60738e-05
-9.13299e-05
0.000103137
-2.03269e-05
-7.56639e-05
0.000100839
-4.1332e-05
-4.72456e-05
9.39965e-05
-6.8504e-05
-3.85502e-06
6.88214e-05
-8.44388e-05
4.59739e-05
1.75698e-05
-6.65854e-05
7.53444e-05
-4.35946e-05
-7.94643e-06
5.18904e-05
-6.8629e-05
5.38974e-05
-1.76885e-05
-2.27651e-05
5.13822e-05
-5.91872e-05
4.61375e-05
-1.92605e-05
-1.12052e-05
3.57657e-05
-4.83817e-05
4.74297e-05
-3.51308e-05
1.60699e-05
4.50769e-06
-2.20948e-05
3.37516e-05
-3.83377e-05
3.62806e-05
-2.90822e-05
1.87564e-05
-7.33689e-06
-3.46787e-06
1.24555e-05
-1.89686e-05
2.28325e-05
-2.42388e-05
2.36112e-05
-2.14826e-05
1.83978e-05
-1.48468e-05
1.12282e-05
-7.8352e-06
4.85986e-06
-2.40648e-06
5.10296e-07
8.43345e-07
-1.7016e-06
2.12995e-06
-2.20161e-06
1.99052e-06
-1.56725e-06
9.97412e-07
-3.41862e-07
3.41862e-07
-9.97412e-07
1.56725e-06
-1.99052e-06
2.20161e-06
-2.12995e-06
1.7016e-06
-8.43345e-07
-5.10296e-07
2.40648e-06
-4.85986e-06
7.8352e-06
-1.12282e-05
1.48468e-05
-1.83978e-05
2.14826e-05
-2.36112e-05
2.42388e-05
-2.28325e-05
1.89686e-05
-1.24555e-05
3.46787e-06
7.33689e-06
-1.87564e-05
2.90822e-05
-3.62806e-05
3.83377e-05
-3.37516e-05
2.20948e-05
-4.50769e-06
-1.60699e-05
3.51308e-05
-4.74297e-05
4.83817e-05
-3.57657e-05
1.12052e-05
1.92605e-05
-4.61375e-05
5.91872e-05
-5.13822e-05
2.27651e-05
1.76885e-05
-5.38974e-05
6.8629e-05
-5.18904e-05
7.94643e-06
4.35946e-05
-7.53444e-05
6.65854e-05
-1.75698e-05
-4.59739e-05
8.44388e-05
-6.88214e-05
3.85502e-06
6.8504e-05
-9.39965e-05
4.72456e-05
4.1332e-05
-0.000100839
7.56639e-05
2.03269e-05
-0.000103137
9.13299e-05
1.60738e-05
-0.000107868
0.000102623
5.09621e-05
-8.0145e-05
0.000181477
0.000290386
0.000313484
0.00092896
0.00186195
0.00311779
0.00576419
0.0103266
0.0171448
0.0278661
0.0443902
0.0679236
0.10028
0.143971
0.200435
0.269844
0.352133
0.446315
0.549125
0.655648
0.760769
0.859222
0.945212
1.01354
1.0614
1.0888
1.09787
1.09234
1.07748
1.05957
1.04435
1.03582
