0.0883686
0.179401
0.275473
0.377656
0.48468
0.593313
0.699512
0.798191
0.882646
0.946458
0.985859
0.998953
0.984481
0.943468
0.880096
0.799721
0.708061
0.611439
0.51513
0.422865
0.338407
0.264624
0.202174
0.151081
0.110816
0.0794172
0.055351
0.0377003
0.0247791
0.0155603
0.00958957
0.00559182
0.00302241
0.00173915
0.000850431
0.000352301
0.00028029
4.77112e-05
1.12715e-05
8.92902e-05
-6.41408e-05
2.69989e-05
3.40624e-05
-6.82442e-05
6.42874e-05
-2.60781e-05
-2.28885e-05
5.76478e-05
-6.30598e-05
3.96193e-05
-5.05179e-07
-3.62426e-05
5.60761e-05
-5.31422e-05
3.09881e-05
4.3841e-07
-2.94763e-05
4.70217e-05
-4.90015e-05
3.66754e-05
-1.52196e-05
-8.52564e-06
2.8257e-05
-3.9741e-05
4.14365e-05
-3.42887e-05
2.09762e-05
-4.9469e-06
-1.04701e-05
2.26973e-05
-3.02217e-05
3.26167e-05
-3.03547e-05
2.45086e-05
-1.64334e-05
7.49069e-06
1.15014e-06
-8.6229e-06
1.43991e-05
-1.82645e-05
2.02595e-05
-2.06047e-05
1.96258e-05
-1.76897e-05
1.51545e-05
-1.23372e-05
9.4956e-06
-6.82218e-06
4.44669e-06
-2.444e-06
8.44614e-07
3.54311e-07
-1.17863e-06
1.66845e-06
-1.87127e-06
1.83697e-06
-1.61465e-06
1.25081e-06
-7.88834e-07
2.69268e-07
-2.69268e-07
7.88834e-07
-1.25081e-06
1.61465e-06
-1.83697e-06
1.87127e-06
-1.66845e-06
1.17863e-06
-3.54311e-07
-8.44614e-07
2.444e-06
-4.44669e-06
6.82218e-06
-9.4956e-06
1.23372e-05
-1.51545e-05
1.76897e-05
-1.96258e-05
2.06047e-05
-2.02595e-05
1.82645e-05
-1.43991e-05
8.6229e-06
-1.15014e-06
-7.49069e-06
1.64334e-05
-2.45086e-05
3.03547e-05
-3.26167e-05
3.02217e-05
-2.26973e-05
1.04701e-05
4.9469e-06
-2.09762e-05
3.42887e-05
-4.14365e-05
3.9741e-05
-2.8257e-05
8.52564e-06
1.52196e-05
-3.66754e-05
4.90015e-05
-4.70217e-05
2.94763e-05
-4.3841e-07
-3.09881e-05
5.31422e-05
-5.60761e-05
3.62428e-05
5.05569e-07
-3.9618e-05
6.30644e-05
-5.76328e-05
2.29362e-05
2.62236e-05
-6.38591e-05
6.94606e-05
-3.07335e-05
-1.82266e-05
8.63837e-05
-3.50677e-05
0.000115708
0.000237729
0.000335162
0.000919691
0.00166814
0.00303685
0.00565143
0.00950144
0.0155998
0.0248294
0.0376006
0.055406
0.0794669
0.110704
0.151139
0.202239
0.264501
0.33845
0.422962
0.515003
0.611439
0.708202
0.799625
0.88003
0.943663
0.984541
0.998961
0.986349
0.947384
0.884104
0.801345
0.705814
0.604444
0.50414
0.411312
0.331025
0.267334
0.223574
0.201554
