-7.66768e-05
0.000109633
-7.97919e-05
3.83783e-06
7.46988e-05
-0.000110076
8.1218e-05
-5.04673e-06
-7.27222e-05
0.000105146
-7.36588e-05
4.20203e-07
6.60866e-05
-8.39418e-05
4.68265e-05
1.23435e-05
-4.73264e-05
3.5282e-05
4.93093e-06
-2.95409e-05
9.79599e-06
3.89027e-05
-6.70318e-05
3.57229e-05
4.20335e-05
-0.000104691
9.38227e-05
-1.06318e-05
-7.81446e-05
9.79059e-05
-3.74036e-05
-3.76883e-05
4.92363e-05
1.10883e-05
-6.91438e-05
4.67848e-05
4.71952e-05
-0.000117177
8.29544e-05
2.46261e-05
-9.02824e-05
4.52377e-05
4.69796e-05
-6.21726e-05
-2.94659e-05
0.000116493
-8.13018e-05
-4.28594e-05
0.000103478
-2.65549e-05
-7.58799e-05
5.20291e-05
7.63988e-05
-0.000126771
2.50992e-05
0.000102571
-4.2187e-05
-4.88414e-05
0.000153124
0.000173447
0.000102931
0.000480652
0.000939909
0.00146957
0.0025056
0.00455298
0.0074228
0.0116681
0.0183006
0.0279916
0.0412432
0.0592501
0.0835949
0.115167
0.154901
0.20407
0.263877
0.334179
0.414148
0.502293
0.596046
0.690892
0.781418
0.862212
0.92815
0.974076
0.995649
0.990404
0.958116
0.90045
0.820984
0.725441
0.621051
0.515054
0.413527
0.321484
0.243369
0.182913
0.142342
0.122191
0.0746972
0.0905647
0.122809
0.171821
0.237276
0.317956
0.411571
0.514409
0.621152
0.725435
0.820611
0.900225
0.958375
0.990686
0.995471
0.973759
0.92826
0.862537
0.781362
0.690568
0.596071
0.502607
0.414139
0.333873
0.26389
0.204365
0.154872
0.114885
0.0836524
0.0595188
0.0411409
0.0277554
0.0184425
0.0118701
0.00722815
0.00441748
0.00272943
0.00153183
0.000700422
0.000508141
0.000326259
4.9894e-05
-1.84804e-06
0.000132375
3.03061e-05
-0.000117326
7.68045e-05
5.21437e-05
-7.14556e-05
-3.31608e-05
0.000112453
-5.26731e-05
-7.19823e-05
0.000109332
-2.58886e-05
-6.11667e-05
4.11383e-05
5.52575e-05
-0.00010289
3.74863e-05
7.25303e-05
-0.000111674
4.82797e-05
3.87968e-05
-5.55747e-05
-5.18752e-06
6.43125e-05
-4.75279e-05
-3.58679e-05
0.000105757
-9.38787e-05
8.9841e-06
7.59377e-05
-9.42034e-05
4.28282e-05
2.30776e-05
-4.59179e-05
1.59825e-05
2.65527e-05
-3.36289e-05
-6.04725e-06
5.81752e-05
-7.39995e-05
3.23723e-05
4.20977e-05
-9.75055e-05
9.32997e-05
-2.93393e-05
-5.46022e-05
0.000106257
-9.47414e-05
2.8554e-05
5.1902e-05
-0.000100094
9.03675e-05
-3.07636e-05
-4.37598e-05
9.19015e-05
-8.82767e-05
3.59805e-05
