7.96928e-321
8.02363e-321
7.93469e-321
8.10268e-321
7.826e-321
8.15208e-321
7.826e-321
8.06315e-321
8.04833e-321
7.76177e-321
8.32995e-321
7.65802e-321
8.03845e-321
8.34477e-321
7.42581e-321
8.21137e-321
8.48805e-321
7.31217e-321
7.82106e-321
8.95247e-321
7.95446e-321
6.69953e-321
7.76671e-321
9.66392e-321
9.69357e-321
7.48509e-321
4.56517e-321
2.248e-321
9.14021e-322
3.21143e-322
7.41098e-323
4.94066e-324
0
0
0
0
0
0
0
0
0
0
0
0
0
-5.95639e-36
-1.94335e-33
-3.06487e-31
-3.11226e-29
-2.28685e-27
-1.2955e-25
-5.88694e-24
-2.20433e-22
-6.93369e-21
-1.8585e-19
-4.29127e-18
-8.60741e-17
-1.50952e-15
-2.32627e-14
-3.16216e-13
-3.8021e-12
-4.05143e-11
-3.83021e-10
-3.2139e-09
-2.39276e-08
-1.57899e-07
-9.21985e-07
-4.75198e-06
-2.15502e-05
-8.56563e-05
-0.000297054
-0.000894482
-0.00232839
-0.00522804
-0.0101639
-0.0173895
-0.0271342
-0.0405938
-0.0602745
-0.0884053
-0.125617
-0.172766
-0.23214
-0.30428
-0.387259
-0.479842
-0.579186
-0.679465
-0.775737
-0.861727
-0.930583
-0.97784
-0.998967
-0.992546
-0.959051
-0.901009
-0.823305
-0.731455
-0.632082
-0.531166
0.531166
0.632082
0.731455
0.823305
0.901009
0.959051
0.992546
0.998967
0.97784
0.930583
0.861727
0.775737
0.679465
0.579186
0.479842
0.387259
0.30428
0.23214
0.172766
0.125617
0.0884053
0.0602745
0.0405938
0.0271342
0.0173895
0.0101639
0.00522804
0.00232839
0.000894482
0.000297054
8.56563e-05
2.15502e-05
4.75198e-06
9.21985e-07
1.57899e-07
2.39276e-08
3.2139e-09
3.83021e-10
4.05143e-11
3.8021e-12
3.16216e-13
2.32627e-14
1.50952e-15
8.60741e-17
4.29127e-18
1.8585e-19
6.93369e-21
2.20433e-22
5.88694e-24
1.2955e-25
2.28685e-27
3.11226e-29
3.06487e-31
1.94335e-33
5.95639e-36
0
0
0
0
0
0
0
0
0
0
0
0
0
0
0
0
0
0
0
0
0
0
0
0
0
0
0
0
0
0
0
0
0
0
0
0
0
0
0
0
0
0
0
0
0
