-0.000156675
0.000100607
7.80017e-05
-0.000115912
-4.4463e-05
0.000170015
-7.17378e-05
-0.000119547
0.000138335
3.2088e-05
-0.000135902
1.97122e-05
0.000143247
-0.000111817
-6.68178e-05
0.000134837
-1.06976e-05
-0.000104374
4.75474e-05
6.89926e-05
-6.17661e-05
-3.50739e-05
5.79825e-05
5.66878e-07
-1.30509e-05
-3.2746e-05
1.69687e-06
8.44214e-05
-9.07377e-05
-6.70643e-05
5.45594e-05
1.13505e-06
-0.000260015
-0.000176319
-0.000140912
-0.000661342
-0.000966132
-0.00139985
-0.002324
-0.00384106
-0.00590496
-0.00891884
-0.0134104
-0.019847
-0.0288655
-0.0408663
-0.0570298
-0.0786755
-0.106054
-0.14035
-0.182934
-0.234179
-0.294394
-0.36333
-0.440463
-0.524189
-0.611982
-0.700066
-0.784471
-0.860763
-0.923148
-0.966752
-0.987859
-0.983495
-0.952983
-0.896971
-0.818419
-0.722834
-0.616016
-0.504517
-0.395121
-0.294031
-0.206187
-0.134482
-0.0796632
-0.0409554
-0.0164436
-0.00291297
0.00334049
0.00501739
0.00442356
0.00270665
0.000739429
-0.000295232
-0.000542462
-0.000340702
6.10588e-05
-2.71488e-05
-6.42742e-05
2.40868e-05
-7.54548e-05
5.62724e-05
4.23572e-05
-4.07055e-05
0.000126688
-2.28318e-05
-9.51114e-05
-1.60305e-05
-8.28718e-05
0.000122439
0.000256355
-1.03948e-05
-0.000361257
-0.000174665
0.000170591
0.000252804
0.000147545
-0.000220233
-0.000253655
4.61453e-05
0.000115487
0.000135027
-3.81414e-05
-0.000193808
5.91477e-05
0.00015209
0.000326226
0.000522607
0.000134768
-0.000750982
-0.00247586
-0.00447464
-0.00510163
-0.00338363
0.00291103
0.0166092
0.0409064
0.0795419
0.134508
0.206243
0.294085
0.39505
0.504469
0.616048
0.722891
0.818434
0.896849
0.953043
0.983543
0.987805
0.966801
0.923067
0.860794
0.784558
0.699953
0.612016
0.524214
0.440439
0.363345
0.294386
0.234176
0.182917
0.140408
0.106
0.0786651
0.0571024
0.0407834
0.0289103
0.0198709
0.0133285
0.0089852
0.00591726
0.00379509
0.00230613
0.00147925
0.000930952
0.000599391
0.000235494
0.000122366
0.000271656
1.12327e-05
-9.17504e-05
0.000102635
0.000106166
-0.000128115
-2.65138e-05
0.000143205
-5.20162e-05
-8.55312e-05
8.07676e-05
2.20169e-05
-5.35951e-05
-7.72531e-06
4.41121e-05
-7.6748e-06
-2.69753e-05
1.39913e-05
-5.44117e-06
3.69183e-05
-5.24738e-05
5.62735e-06
4.48442e-05
-2.19879e-05
-3.59557e-05
2.44903e-05
5.95691e-05
-9.91653e-05
3.03186e-05
5.48334e-05
-4.04136e-05
