0.000292813
0.000227687
-0.000236946
-0.000286954
-2.83413e-05
0.000348359
0.000232558
-0.00025885
-0.000357269
-9.77248e-05
0.000460569
0.000529665
0.000387444
0.000334763
-0.000117448
-0.00197588
-0.00748154
-0.018285
-0.0370147
-0.0664608
-0.109133
-0.167012
-0.240288
-0.328634
-0.429433
-0.537898
-0.647598
-0.751444
-0.843107
-0.91652
-0.966687
-0.990886
-0.988532
-0.960815
-0.910495
-0.841644
-0.760154
-0.671273
-0.579831
-0.490419
-0.406459
-0.330591
-0.263539
-0.205977
-0.158188
-0.119202
-0.0879421
-0.0636167
-0.0451826
-0.0315463
-0.0213844
-0.0141531
-0.00946186
-0.00599164
-0.00364572
-0.00229834
-0.00143883
-0.000807362
-0.000397736
-0.00026592
-0.000257497
1.53088e-05
1.52579e-05
-0.000166897
4.93897e-05
6.93597e-05
-9.24985e-05
-7.24663e-06
6.37096e-05
-2.2696e-05
-2.67491e-05
-6.45645e-06
6.83308e-05
-4.74419e-05
-5.27214e-05
0.000103268
-2.26307e-05
-0.000104814
0.000125824
-8.07636e-06
-0.000117478
0.000111267
1.4697e-05
-0.000117956
9.11687e-05
2.53731e-05
-0.000102206
6.68716e-05
2.90924e-05
-8.1032e-05
4.49447e-05
2.91183e-05
-6.30322e-05
3.14843e-05
2.40647e-05
-4.7371e-05
2.20539e-05
2.12873e-05
-4.04226e-05
1.97168e-05
4.79791e-05
-9.29896e-05
4.00629e-05
5.29793e-05
-8.74393e-05
3.0483e-05
5.24392e-05
-7.29198e-05
1.62186e-05
4.86762e-05
-5.25045e-05
2.69998e-06
3.47065e-05
-2.06626e-05
-1.24764e-05
1.19023e-05
1.91545e-05
-2.48488e-05
-1.979e-05
5.96205e-05
-2.44577e-05
-6.57625e-05
0.000103157
-2.27211e-05
-9.7213e-05
0.000112094
9.58909e-06
-0.000131593
0.000111446
2.30968e-05
-0.000102351
4.83389e-05
5.9079e-05
-4.68469e-05
8.22048e-06
6.98272e-05
0.00012489
6.45926e-05
0.000247881
0.000592524
0.000721105
0.00130904
0.00241989
0.00372095
0.00587238
0.00939091
0.0143213
0.0214059
0.0313363
0.0452692
0.0637698
0.0878209
0.119096
0.158308
0.206072
0.263405
0.330489
0.406653
0.490456
0.579639
0.671285
0.760297
0.841673
0.910309
0.960813
0.988727
0.990858
0.966518
0.916534
0.84327
0.751454
0.64742
0.537877
0.429626
0.328637
0.240149
0.166942
0.109284
0.0665646
0.0368482
0.0182091
0.00755493
0.00213083
5.34685e-05
-0.000503859
-0.000346336
-0.000408899
-0.000389088
-5.57452e-05
0.000271952
0.000355102
-0.000122436
-0.000351585
-0.000134133
0.000270219
0.0003312
-0.000129961
-0.000333807
-0.000136472
0.000296503
