-4.91413e-05
7.7965e-05
-7.45713e-05
4.04776e-05
9.95548e-06
-5.54203e-05
7.68957e-05
-6.54808e-05
2.74642e-05
2.09435e-05
-5.51452e-05
6.70024e-05
-3.90374e-05
1.74092e-05
4.91642e-05
3.03142e-06
0.000117216
0.000161934
0.000296636
0.000590565
0.00102252
0.00174988
0.00305593
0.00496746
0.00803478
0.0127312
0.019374
0.0291914
0.0426333
0.0608784
0.0852628
0.116475
0.156124
0.204994
0.263704
0.332696
0.4113
0.497884
0.590009
0.683666
0.773778
0.855304
0.92216
0.969454
0.993345
0.990885
0.961535
0.906609
0.829214
0.734699
0.630016
0.521807
0.417019
0.320988
0.236965
0.167245
0.112525
0.0718294
0.0434367
0.0249852
0.0132075
0.00619507
0.00257617
0.00095643
0.000370374
0.000311681
3.8844e-05
-0.000296062
-8.48935e-05
0.000197874
0.000106863
-7.21488e-05
-8.71521e-05
-9.54625e-05
0.000111553
0.000183867
-0.00010559
-0.000245652
0.00012859
0.000221347
-0.000111246
-0.000182379
9.22956e-05
0.000115889
-4.38582e-05
-6.52416e-05
-8.73835e-06
2.97315e-05
6.35745e-05
-1.6502e-05
-0.000111911
2.52861e-05
0.000144235
-4.51492e-05
-0.000164436
7.62498e-05
0.000166199
-0.00010656
-0.000156687
0.000135428
-0.000114269
0.000142453
8.42314e-05
-0.00016911
-5.23829e-05
0.00019675
1.25865e-05
-0.000217231
2.91864e-05
0.000232604
-7.65333e-05
-0.000231764
0.000117115
0.000215421
-0.000142438
-0.000184437
0.000143937
0.000137033
-9.96643e-05
-0.000101695
3.17059e-05
6.06028e-05
8.53912e-05
-6.50216e-05
-0.000174543
5.18075e-05
0.00026525
-7.07806e-05
-0.000252985
2.08602e-05
0.000199685
4.11095e-05
-5.90769e-05
-0.000161733
-9.38703e-05
0.000290524
0.000512737
0.000862283
0.00251486
0.00634115
0.0131376
0.0249071
0.0435747
0.0717774
0.112442
0.16737
0.236929
0.320897
0.417147
0.521761
0.629942
0.734816
0.829164
0.906549
0.961645
0.990829
0.993296
0.969569
0.922074
0.855295
0.773867
0.683572
0.590034
0.497942
0.411212
0.332739
0.263741
0.204902
0.156204
0.116463
0.0851984
0.0609766
0.0425636
0.0291931
0.019434
0.0126533
0.00808065
0.00497804
0.00300264
0.00180632
0.00100146
0.000562515
0.000355924
0.000108471
0.000131317
3.90531e-05
-1.95413e-05
8.33646e-05
-6.79836e-05
4.33878e-05
1.06676e-05
-5.66215e-05
8.12872e-05
-7.15089e-05
3.28513e-05
1.91021e-05
-6.29325e-05
8.11937e-05
-6.67804e-05
2.56719e-05
