-0.000151429
-0.000403385
-0.000894965
-0.00184254
-0.0035746
-0.00655357
-0.0113748
-0.0187441
-0.0294585
-0.0444329
-0.0647968
-0.0920099
-0.127848
-0.174105
-0.23203
-0.301806
-0.382435
-0.472017
-0.567942
-0.666517
-0.76245
-0.849186
-0.920299
-0.97072
-0.996725
-0.995618
-0.966601
-0.911965
-0.836486
-0.745622
-0.645152
-0.541795
-0.44201
-0.350085
-0.26868
-0.200018
-0.144749
-0.101458
-0.0687058
-0.0453498
-0.0291084
-0.0178319
-0.0106908
-0.00639647
-0.00347344
-0.00184506
-0.00114749
-0.000483235
-0.000186389
-0.000242337
-6.15708e-06
2.19889e-05
-0.000116502
7.15059e-05
2.64587e-06
-7.74237e-05
9.1844e-05
-4.86955e-05
-2.06765e-05
7.24157e-05
-8.07747e-05
4.69533e-05
6.79444e-06
-5.27345e-05
7.16611e-05
-5.94649e-05
2.54014e-05
1.46837e-05
-4.58762e-05
5.92842e-05
-5.35596e-05
3.3437e-05
-6.74565e-06
-1.86396e-05
3.69443e-05
-4.54051e-05
4.41071e-05
-3.51619e-05
2.16651e-05
-6.77073e-06
-6.94363e-06
1.77804e-05
-2.49507e-05
2.84229e-05
-2.8688e-05
2.65178e-05
-2.27627e-05
1.82094e-05
-1.34996e-05
9.0989e-06
-5.30168e-06
2.25638e-06
-7.59827e-11
-1.50669e-06
2.34953e-06
-2.63666e-06
2.48257e-06
-1.99829e-06
1.28696e-06
-4.43434e-07
4.43434e-07
-1.28696e-06
1.99829e-06
-2.48257e-06
2.63666e-06
-2.34953e-06
1.50669e-06
7.59827e-11
-2.25638e-06
5.30168e-06
-9.0989e-06
1.34996e-05
-1.82094e-05
2.27627e-05
-2.65178e-05
2.8688e-05
-2.84229e-05
2.49507e-05
-1.77804e-05
6.94363e-06
6.77073e-06
-2.16651e-05
3.51619e-05
-4.41071e-05
4.54051e-05
-3.69443e-05
1.86396e-05
6.74565e-06
-3.3437e-05
5.35596e-05
-5.92842e-05
4.58762e-05
-1.46837e-05
-2.54014e-05
5.94649e-05
-7.16611e-05
5.27345e-05
-6.79444e-06
-4.69533e-05
8.07747e-05
-7.24157e-05
2.06765e-05
4.86955e-05
-9.1844e-05
7.74237e-05
-2.64587e-06
-7.15059e-05
0.000116502
-2.19889e-05
6.15708e-06
0.000242337
0.000186389
0.000483235
0.00114749
0.00184506
0.00347344
0.00639647
0.0106908
0.0178319
0.0291084
0.0453498
0.0687058
0.101458
0.144749
0.200018
0.26868
0.350085
0.44201
0.541795
0.645152
0.745622
0.836486
0.911965
0.966601
0.995618
0.996725
0.97072
0.920299
0.849186
0.76245
0.666517
0.567942
0.472017
0.382435
0.301806
0.23203
0.174105
0.127848
0.0920099
0.0647968
0.0444329
0.0294585
0.0187441
0.0113749
0.00655411
0.00357631
0.00184768
0.00090969
0.000443503
0.000255307
