-5.42982e-05
8.46386e-05
-7.73648e-05
3.52089e-05
2.34943e-05
-7.24591e-05
8.90519e-05
-6.49093e-05
1.05506e-05
4.87757e-05
-8.47849e-05
8.01655e-05
-3.78079e-05
-2.01268e-05
6.36594e-05
-7.13396e-05
4.23666e-05
3.10947e-06
-3.64213e-05
3.87614e-05
-1.32182e-05
-1.65941e-05
2.5271e-05
-5.588e-07
-3.54016e-05
6.35948e-05
-3.1036e-05
4.06595e-06
0.000112105
-1.30496e-05
0.000207397
0.000303192
0.000468689
0.00103015
0.00167396
0.00286437
0.00486315
0.00784255
0.0123339
0.0191865
0.0287323
0.0421286
0.0605595
0.0846471
0.116056
0.155807
0.204719
0.263734
0.333167
0.412097
0.499221
0.591932
0.685753
0.776143
0.857529
0.92406
0.970802
0.994057
0.990838
0.960529
0.904794
0.826705
0.73177
0.627054
0.519504
0.415211
0.319768
0.236536
0.167299
0.112942
0.0729132
0.0447333
0.0258007
0.0139215
0.00683865
0.00293048
0.00128501
0.000790491
0.000237111
-0.000235814
-0.000148645
0.000183754
0.000123515
-6.01681e-05
-9.03636e-05
-2.77707e-05
1.74907e-05
0.000113544
3.55493e-05
-0.000156364
-9.44889e-05
0.00019114
0.000129543
-0.00020096
-0.000160949
0.000207665
0.000177804
-0.000204384
-0.000191466
0.000199698
-6.28663e-05
7.05854e-05
6.40706e-05
-8.58062e-05
-7.70409e-05
0.00011176
9.52798e-05
-0.000137486
-0.000128832
0.000172015
0.000159086
-0.000188857
-0.000204112
0.000205142
0.00022459
-0.000175405
-0.000246575
0.00013524
0.00020607
-3.56288e-05
-0.000143729
-2.50654e-05
0.000142371
0.00062808
0.00145346
0.00300474
0.00663981
0.0139513
0.0259797
0.0446015
0.0728191
0.113123
0.167282
0.236369
0.319895
0.415286
0.519331
0.627102
0.731901
0.826564
0.904769
0.960688
0.990732
0.993993
0.970951
0.924003
0.857431
0.776286
0.685722
0.59182
0.499355
0.412076
0.333063
0.263847
0.204716
0.155696
0.116173
0.0846355
0.0604571
0.0422505
0.0286964
0.0191148
0.0124387
0.00780261
0.00480321
0.00297008
0.00161484
0.000990621
0.000578557
0.000205075
0.000224092
5.77556e-05
1.05275e-05
6.35647e-05
-1.30948e-05
-8.39223e-06
3.10426e-05
-1.13813e-05
-2.5459e-05
5.64661e-05
-5.41466e-05
1.57985e-05
3.90658e-05
-7.90427e-05
8.0614e-05
-4.13154e-05
-1.92869e-05
7.09007e-05
-8.86412e-05
6.51677e-05
-1.30643e-05
-4.25926e-05
7.67682e-05
-7.56775e-05
4.18274e-05
8.46442e-06
-5.30296e-05
7.33608e-05
-6.17961e-05
2.39608e-05
