-0.000158715
1.41001e-05
0.000194758
-0.000111736
-0.000106961
8.08975e-05
0.000118078
-0.000112939
-9.67262e-05
0.000154335
3.94349e-06
-6.97927e-05
-4.97937e-05
0.000100149
7.72377e-06
-6.57169e-05
1.57825e-05
-2.58019e-05
8.19355e-05
-1.88146e-05
-6.44146e-05
-2.98003e-05
0.000119958
4.55668e-05
-0.000206173
2.8216e-05
0.000184109
-2.50235e-05
-0.000192621
3.69991e-05
0.000180167
-5.24083e-05
-0.000117757
2.26282e-05
3.1406e-05
8.84446e-05
-2.87625e-05
-0.000142292
9.09703e-06
0.000168849
5.39246e-05
-0.00025254
9.83499e-06
0.000157802
2.50971e-05
-3.69889e-05
-0.000118056
-3.08041e-05
0.000146242
0.000116084
-0.000141784
-0.000184615
0.000122812
0.000150323
-2.3112e-05
-3.27294e-05
-0.000194877
2.41484e-05
0.00024344
3.40437e-05
-0.000153511
-0.000130336
8.59318e-06
0.00015121
0.000143711
-5.31996e-05
-0.000266087
-5.72613e-05
0.000155527
8.83003e-05
8.91959e-05
-0.000227488
-0.000418242
-0.000246595
-0.000437905
-0.00083364
-0.00136991
-0.00228176
-0.00292805
-0.00374475
-0.00568083
-0.00985061
-0.0184863
-0.0342705
-0.0603097
-0.10063
-0.15915
-0.239323
-0.343414
-0.471766
-0.622433
-0.791279
-0.972295
-1.15786
-1.33949
-1.50845
-1.65597
-1.77434
-1.85717
-1.89972
1.97344
1.92124
1.82036
1.67866
1.50585
1.31323
1.11317
0.916387
0.732478
0.568873
0.429397
0.315758
0.227012
0.159951
0.111228
0.0768296
0.05301
0.0369948
0.026129
0.0184386
0.012845
0.00856893
0.00543805
0.00338107
0.00225174
0.00150019
0.000899878
0.000461193
4.18432e-05
-2.07504e-05
0.000259833
0.000178073
9.9245e-05
-3.24824e-05
-0.000261024
1.3946e-05
0.000220793
6.00585e-05
-3.85187e-05
-0.000147123
-9.63649e-05
0.000147632
0.000163767
-5.37066e-05
-0.000219179
2.98506e-05
0.000103956
6.96302e-05
2.33566e-05
-0.000196096
-5.82148e-05
0.000231435
3.99539e-05
-0.000138628
-8.37454e-05
6.68148e-05
9.74986e-05
2.05926e-06
-5.89976e-05
-0.000153827
0.000152471
0.000148366
-0.000165503
-0.000111032
0.000114783
0.000107917
-8.70432e-05
-7.18599e-05
3.13611e-05
3.64296e-05
6.24904e-05
-6.20819e-05
-0.000126825
0.0001337
9.40415e-05
-0.000113584
-0.000135531
0.000173595
0.000101178
-0.000212664
-3.7545e-06
0.000130482
3.8344e-05
-0.000166077
2.98409e-05
0.000119967
-6.33341e-05
-3.85284e-05
1.58462e-06
7.52104e-05
-5.23393e-05
-1.03658e-05
1.69322e-05
-4.32343e-06
2.41412e-05
-3.82061e-05
2.08508e-05
-1.51902e-05
3.0986e-05
-1.94846e-05
