7.83323e-05
-0.000110474
7.68972e-05
3.40863e-06
-8.30695e-05
0.000113685
-7.53068e-05
-9.82199e-06
8.92896e-05
-0.00011289
6.57011e-05
2.06774e-05
-8.85357e-05
9.4027e-05
-3.86279e-05
-3.24344e-05
6.56815e-05
-4.21613e-05
-7.83105e-06
3.25957e-05
-7.40275e-06
-3.99654e-05
5.33785e-05
-4.19369e-06
-7.34348e-05
0.000107125
-5.46754e-05
-4.80487e-05
0.000113034
-8.31943e-05
-7.87332e-06
6.63607e-05
-3.58331e-05
-3.93474e-05
6.03631e-05
1.1989e-05
-0.000103271
0.000103959
-4.64132e-07
-9.79194e-05
8.28496e-05
1.83301e-05
-6.97467e-05
-1.65012e-06
0.000103415
-9.06941e-05
-3.67612e-05
0.000120385
-5.2586e-05
-6.64534e-05
6.00458e-05
6.87264e-05
-0.000127987
1.62371e-05
0.000112189
-6.79498e-05
-7.49733e-05
8.17688e-05
7.40382e-05
-0.000139451
1.21988e-05
0.000127746
1.27933e-05
-7.45217e-05
0.000176828
0.000351627
0.0003491
0.000720115
0.00156188
0.00269186
0.00426165
0.00718139
0.0117774
0.0183368
0.0275784
0.0409318
0.0593274
0.0835346
0.114734
0.154587
0.204232
0.264045
0.334154
0.414313
0.503051
0.597033
0.691798
0.782444
0.863962
0.931052
0.978923
1.00427
1.00613
0.985796
0.946872
0.895298
0.839196
0.78756
0.748458
0.727524
0.551745
0.578422
0.628414
0.695494
0.771561
0.847703
0.915215
0.966281
0.994937
0.997925
0.975196
0.929112
0.86342
0.782495
0.691617
0.596618
0.502979
0.414656
0.334299
0.263745
0.204027
0.154845
0.114967
0.0833164
0.0590771
0.0411309
0.0278245
0.0181504
0.0115392
0.00737314
0.00447885
0.00248551
0.00137846
0.00094168
0.000494949
0.000102701
9.73362e-05
0.00017704
3.09196e-05
-0.000127152
7.89221e-05
8.18177e-05
-6.97582e-05
-7.36779e-05
0.000119848
8.27201e-06
-0.00012039
6.27389e-05
6.34335e-05
-6.64262e-05
-5.63831e-05
0.000127739
-4.68069e-05
-7.94279e-05
9.28335e-05
6.20739e-06
-7.31029e-05
1.60885e-05
9.07491e-05
-0.000110313
1.41022e-05
9.03369e-05
-9.38699e-05
9.44893e-06
5.48254e-05
-2.64788e-05
-5.32286e-05
8.39044e-05
-2.0647e-05
-7.92636e-05
0.000119808
-6.42829e-05
-3.3368e-05
8.72527e-05
-6.17091e-05
-3.17125e-06
3.9039e-05
-1.65104e-05
-3.19611e-05
4.90325e-05
-9.19572e-06
-5.74491e-05
9.25129e-05
-6.03591e-05
-2.15091e-05
9.59449e-05
-0.000109872
5.28672e-05
3.71303e-05
-0.000101945
0.000102479
-4.19962e-05
-3.95745e-05
9.30268e-05
-8.95415e-05
3.50794e-05
3.6355e-05
-8.38557e-05
8.20971e-05
-3.36622e-05
