4.51384e-05
-0.000297556
-0.000374897
-0.0004955
-0.00101059
-0.00172062
-0.00243956
-0.00402456
-0.00632137
-0.00931325
-0.013977
-0.0206103
-0.0295347
-0.0417182
-0.0582646
-0.0795594
-0.106854
-0.141341
-0.183546
-0.234234
-0.293879
-0.362274
-0.438559
-0.521258
-0.608026
-0.695544
-0.779618
-0.85549
-0.918412
-0.96328
-0.985723
-0.983484
-0.954951
-0.900729
-0.824045
-0.729609
-0.62289
-0.510911
-0.400868
-0.298267
-0.20839
-0.134517
-0.0780108
-0.0382719
-0.013028
0.000596375
0.00607835
0.00694973
0.00558807
0.00320792
0.00108227
-7.69994e-05
-0.000801847
-0.000900822
-0.000410509
4.8493e-05
0.000357688
9.27417e-05
-0.000126917
-5.59869e-05
-6.75427e-05
-1.32159e-05
0.000193571
0.000171155
-0.00013782
-0.000269777
-4.90385e-05
0.000208217
0.000227164
-0.000128439
-0.000160276
8.04531e-06
-3.91403e-05
0.000116222
0.00010037
-2.76603e-05
-9.29793e-05
-0.000200837
0.000129469
0.000287714
-7.78654e-05
-0.000216343
-0.000130943
0.000198283
0.000250735
-0.000167522
-0.00022006
3.09184e-05
0.000182158
0.000109852
-0.000187439
-0.000125599
0.000119502
0.000113759
-1.29567e-05
-0.000139472
-3.47198e-05
0.00014254
3.80455e-05
-8.31032e-05
-4.18617e-06
-1.06855e-05
4.6811e-05
-2.47365e-05
-4.55199e-05
2.24678e-05
3.79641e-05
3.90121e-05
-7.38091e-05
-8.48685e-05
8.10676e-05
0.000128113
-3.72587e-05
-0.000173027
-4.52017e-05
0.000194536
0.000148206
-0.000169881
-0.000244553
0.000112112
0.000246327
4.31171e-05
-0.000222994
-0.000184321
0.000187531
0.000162074
-4.81912e-05
-4.48253e-05
-0.00012997
-7.58462e-06
7.50406e-05
9.32527e-05
0.000154832
-0.000214255
-0.000260858
0.000118891
0.000237825
0.00011324
-0.000141729
-0.000188268
6.35006e-06
4.02469e-05
8.971e-05
0.000116753
-7.85865e-05
-0.000391149
-5.64462e-05
0.000505444
0.000792378
0.000813584
0.000154417
-0.0011462
-0.00319862
-0.00559456
-0.00692423
-0.00607139
-0.000650082
0.0130545
0.0383136
0.0779833
0.134442
0.208507
0.298254
0.400752
0.511025
0.622886
0.729555
0.824051
0.900776
0.954932
0.983449
0.985752
0.963288
0.918422
0.855425
0.779668
0.695596
0.607908
0.521303
0.438644
0.362178
0.293846
0.234366
0.183488
0.14123
0.107016
0.0795277
0.058146
0.0418239
0.0295791
0.02048
0.0140189
0.00943615
0.00617421
0.00406096
0.00257079
0.00167181
0.00103658
0.000745234
0.000563719
