-0.000222267
-0.000122314
0.00027332
0.000114637
-0.000145299
-0.000245896
9.58949e-05
0.000315165
-5.12192e-05
-0.000253043
-0.00014306
0.00028444
0.0002048
-0.000192444
-0.000224676
1.23076e-05
0.00026269
4.56067e-05
-0.00012559
-9.08984e-05
-3.76218e-05
5.25508e-05
0.000125047
0.000122188
-0.000116065
-0.000347247
-8.66663e-05
0.000314205
0.000365597
0.000393231
0.000613321
0.000963171
0.00011694
-0.00309653
-0.0104552
-0.024922
-0.0489326
-0.0851266
-0.135508
-0.201938
-0.284453
-0.380529
-0.486456
-0.596788
-0.704492
-0.802612
-0.884886
-0.946184
-0.982634
-0.992273
-0.976079
-0.935776
-0.875047
-0.799222
-0.71353
-0.62311
-0.532736
-0.446392
-0.366828
-0.295485
-0.233612
-0.181477
-0.13804
-0.103113
-0.0757208
-0.0543611
-0.0382593
-0.0265185
-0.0179416
-0.0118766
-0.00769827
-0.00497959
-0.00307625
-0.00179674
-0.00120402
-0.000678871
-0.000271364
-0.000305162
-0.000142334
5.40835e-05
-0.000132456
-3.09597e-05
9.30324e-05
-9.02624e-05
-1.34613e-05
8.83425e-05
-7.99285e-05
1.84943e-06
6.28899e-05
-5.9883e-05
2.64615e-06
4.88535e-05
-5.07982e-05
1.01668e-05
3.09849e-05
-3.80614e-05
1.09242e-05
2.27358e-05
-3.42174e-05
1.58539e-05
3.93719e-05
-8.02406e-05
4.44789e-05
3.23274e-05
-7.62066e-05
4.76636e-05
2.14288e-05
-6.23926e-05
3.94458e-05
1.81612e-05
-4.99543e-05
3.13523e-05
1.07291e-05
-2.15126e-05
7.33183e-06
2.68525e-05
1.22886e-05
1.16462e-05
8.50252e-05
0.000143468
0.000149109
0.0004211
0.000701583
0.00102871
0.00193236
0.00312943
0.00480379
0.00779439
0.0119571
0.0178041
0.0265352
0.0383708
0.0542881
0.0756453
0.103232
0.13806
0.181317
0.233708
0.295594
0.366638
0.446425
0.532891
0.622985
0.713462
0.799364
0.875049
0.935642
0.976115
0.992425
0.982499
0.946098
0.885079
0.802584
0.704338
0.596864
0.486576
0.380422
0.284353
0.202087
0.135571
0.0849261
0.0489691
0.025081
0.0103875
0.00296556
-4.84143e-05
-0.000804574
-0.000757902
-0.000494964
-0.000210676
-0.00024719
-6.06543e-05
0.000282037
0.000283342
-7.6755e-05
-0.00030294
-7.60124e-05
0.000214413
9.68245e-05
-2.82867e-05
-8.09461e-05
-7.79946e-05
4.64119e-06
4.5723e-05
0.000184266
-6.69485e-05
-0.000211819
-3.97586e-05
0.00020148
0.000204111
-0.000247726
-0.000199628
0.000103102
0.000283158
-3.46367e-06
-0.00033975
-1.72136e-05
0.000228832
0.000186854
-0.00023722
