-0.000240072
-5.35783e-05
0.000148997
0.000216743
-0.000163306
-0.000234046
4.49648e-05
0.000255592
0.000134456
-0.000315918
-0.00017757
0.000152787
0.000309806
-8.80576e-06
-0.000353516
-6.78859e-05
0.000165845
0.000236315
-5.58075e-05
-0.000181379
-8.72125e-05
-0.00011128
0.000103842
0.000343398
0.000601621
0.000633639
0.000508045
-0.000153228
-0.00321817
-0.0109435
-0.025477
-0.0493254
-0.0852266
-0.135736
-0.202017
-0.283761
-0.3797
-0.485606
-0.595724
-0.703298
-0.801607
-0.884384
-0.945703
-0.98232
-0.992657
-0.976607
-0.936345
-0.875892
-0.800149
-0.714364
-0.623645
-0.533309
-0.446889
-0.366843
-0.295578
-0.233723
-0.181258
-0.137896
-0.103007
-0.0755331
-0.0541851
-0.03807
-0.0264653
-0.0178089
-0.0116931
-0.00775783
-0.00488783
-0.002946
-0.00189654
-0.00113541
-0.000607969
-0.000363841
-0.000233741
-0.000139567
7.77632e-06
-6.80315e-05
-7.30749e-05
8.62665e-05
-2.80238e-05
-9.25141e-05
0.000121763
-3.35402e-05
-8.88947e-05
0.000117295
-2.56446e-05
-9.1428e-05
0.000117303
-3.18941e-05
-7.57376e-05
0.000101875
-2.86772e-05
-6.6783e-05
9.35777e-05
-3.24995e-05
-5.31776e-05
8.29815e-05
-3.35113e-05
-4.50582e-05
7.89787e-05
-3.82314e-05
-2.15182e-05
4.23785e-05
-2.03838e-05
-2.00447e-05
3.6972e-05
-1.63727e-05
-1.50579e-05
2.27291e-05
-3.62126e-06
-1.36061e-05
6.94955e-06
1.00559e-05
-6.33557e-06
-2.18934e-05
3.88201e-05
-1.00769e-05
-4.31432e-05
6.06337e-05
-1.70277e-07
-7.58632e-05
0.000104834
4.94693e-06
-5.97826e-05
0.000166623
0.000115204
9.55277e-05
0.000486182
0.000643498
0.00101217
0.00192742
0.00305009
0.00480416
0.00768481
0.0118361
0.017803
0.0262952
0.0382107
0.0542581
0.0753398
0.103068
0.138033
0.18113
0.233667
0.295709
0.366859
0.446742
0.533345
0.623813
0.714215
0.800068
0.876075
0.936334
0.97645
0.992712
0.982453
0.945625
0.884246
0.801751
0.703393
0.595528
0.485607
0.37985
0.283759
0.201853
0.135762
0.0854117
0.0492367
0.0253274
0.0110473
0.00334769
4.68759e-05
-0.000634586
-0.000522684
-0.000461198
-0.000493684
-0.00020495
0.000239615
0.000189858
7.89181e-05
-9.50686e-05
-8.51003e-05
-6.10309e-05
-3.36257e-05
0.0002258
7.76512e-05
-0.000131684
-0.00025198
4.68482e-05
0.000336905
2.9178e-05
-0.000242544
-0.000226418
0.000219457
0.000279116
-0.000110265
-0.000274037
-6.75756e-05
0.000320919
0.000118975
-0.000222126
