0.00461861
0.0112868
0.020528
0.0334442
0.0529516
0.0813859
0.119656
0.169487
0.233114
0.310502
0.399598
0.497968
0.601776
0.705202
0.801813
0.884807
0.947725
0.98655
0.999088
0.983919
0.94242
0.87886
0.798301
0.706802
0.610567
0.514197
0.422075
0.33818
0.264468
0.202186
0.151562
0.111093
0.0796248
0.0558218
0.0378478
0.024923
0.0159125
0.0096157
0.00571952
0.00323222
0.00166814
0.000962862
0.000415013
0.000195918
0.00015098
-1.98676e-05
6.06391e-05
2.49953e-06
-2.96187e-05
5.53828e-05
-5.30794e-05
3.28162e-05
-1.46935e-06
-2.80561e-05
4.64044e-05
-4.88515e-05
3.64492e-05
-1.44828e-05
-9.83157e-06
2.97675e-05
-4.08089e-05
4.1386e-05
-3.26739e-05
1.77539e-05
-5.18522e-07
-1.53461e-05
2.70814e-05
-3.32021e-05
3.34953e-05
-2.87709e-05
2.04859e-05
-1.03504e-05
-4.7744e-09
9.25678e-06
-1.6508e-05
2.1305e-05
-2.35867e-05
2.35912e-05
-2.17485e-05
1.85793e-05
-1.4612e-05
1.03232e-05
-6.10209e-06
2.23638e-06
1.08729e-06
-3.77165e-06
5.79177e-06
-7.17604e-06
7.98804e-06
-8.31083e-06
8.23437e-06
-7.84645e-06
7.22658e-06
-6.44255e-06
5.549e-06
-4.58752e-06
3.58776e-06
-2.56912e-06
1.54287e-06
-5.14404e-07
5.14404e-07
-1.54287e-06
2.56912e-06
-3.58776e-06
4.58752e-06
-5.549e-06
6.44255e-06
-7.22658e-06
7.84645e-06
-8.23437e-06
8.31083e-06
-7.98804e-06
7.17604e-06
-5.79177e-06
3.77165e-06
-1.08729e-06
-2.23638e-06
6.10209e-06
-1.03232e-05
1.4612e-05
-1.85793e-05
2.17485e-05
-2.35912e-05
2.35867e-05
-2.1305e-05
1.6508e-05
-9.25678e-06
4.7744e-09
1.03504e-05
-2.04859e-05
2.87709e-05
-3.34953e-05
3.32021e-05
-2.70814e-05
1.53461e-05
5.18522e-07
-1.77539e-05
3.26739e-05
-4.1386e-05
4.08089e-05
-2.97674e-05
9.83173e-06
1.44834e-05
-3.64472e-05
4.88579e-05
-4.6384e-05
2.8119e-05
1.6562e-06
-3.22797e-05
5.45664e-05
-5.14056e-05
3.98742e-05
2.29788e-05
2.98295e-07
0.000160074
0.000159123
0.000462945
0.000928889
0.00166749
0.00327054
0.0056631
0.00965653
0.0159153
0.0248744
0.0379128
0.0557854
0.0796032
0.111162
0.151496
0.202196
0.264528
0.338096
0.42211
0.514246
0.610472
0.706855
0.798346
0.878756
0.94248
0.983972
0.998972
0.986602
0.947804
0.884682
0.801835
0.705319
0.60166
0.497928
0.399752
0.310443
0.232993
0.16964
0.119739
0.0812724
0.0531422
0.0339758
0.0211653
0.0126769
0.00785249
0.00596839
