3.78703e-05
-4.08028e-05
-5.50114e-06
6.31514e-05
-5.64325e-05
-3.57512e-05
0.000114409
-5.61661e-05
-0.000103767
0.000163956
-9.10713e-06
-0.00018922
0.000159373
8.48321e-05
-0.000220625
6.33984e-05
0.000150161
-0.000114771
-6.10316e-05
6.58001e-05
9.72747e-05
-1.78782e-05
-9.19628e-05
0.000314224
0.000521223
0.000590952
0.00161284
0.00342356
0.00621881
0.01103
0.0191102
0.032295
0.0517245
0.0792998
0.117903
0.169131
0.233969
0.312146
0.402381
0.502495
0.60754
0.71143
0.807434
0.889015
0.950948
0.988381
0.998628
0.981193
0.938066
0.873714
0.793139
0.702217
0.606312
0.510557
0.419583
0.336637
0.264189
0.202861
0.152601
0.112388
0.0808925
0.0568768
0.0388403
0.0258291
0.0165683
0.0103221
0.00618559
0.00357454
0.00201355
0.00105603
0.000580439
0.000256475
0.000156037
4.47692e-05
4.22615e-05
2.99664e-06
9.81247e-06
1.89107e-06
-2.80353e-06
7.11707e-06
-9.07814e-06
1.08793e-05
-1.17629e-05
1.2116e-05
-1.19445e-05
1.13984e-05
-1.05757e-05
9.5792e-06
-8.49141e-06
7.38018e-06
-6.29644e-06
5.27609e-06
-4.34152e-06
3.50384e-06
-2.7649e-06
2.11937e-06
-1.55642e-06
1.06123e-06
-6.16205e-07
2.01947e-07
-2.01947e-07
6.16205e-07
-1.06123e-06
1.55642e-06
-2.11937e-06
2.7649e-06
-3.50384e-06
4.34152e-06
-5.27609e-06
6.29645e-06
-7.38016e-06
8.49148e-06
-9.57899e-06
1.05764e-05
-1.13962e-05
1.19512e-05
-1.20962e-05
1.18202e-05
-1.07186e-05
9.515e-06
-5.96466e-06
5.75024e-06
5.40825e-06
7.69335e-06
3.76267e-05
4.88971e-05
0.000152923
0.000258056
0.000580854
0.0010533
0.0020187
0.0035672
0.00619453
0.0103125
0.0165772
0.0258223
0.0388436
0.0568781
0.0808862
0.112399
0.152587
0.202875
0.264176
0.336644
0.419583
0.510548
0.606328
0.702197
0.793158
0.873702
0.938067
0.981204
0.998607
0.988407
0.950926
0.889025
0.80744
0.711408
0.607571
0.502466
0.402395
0.312155
0.233941
0.169169
0.117873
0.0793062
0.0517466
0.0322534
0.0191506
0.0110132
0.00620059
0.00346905
0.00156526
0.000611349
0.000543152
0.000260996
-4.08004e-05
-3.1463e-05
6.07733e-05
0.000129574
-0.000106412
-0.00012399
0.000210742
-3.35221e-06
-0.00020256
0.0001343
8.06133e-05
-0.000149352
2.90928e-05
7.7985e-05
-4.91156e-05
-2.36985e-05
2.14572e-05
2.6252e-05
-2.01642e-05
-3.89955e-05
5.45232e-05
1.16696e-05
-7.42006e-05
4.37813e-05
