-1.33781e-30
-2.07211e-29
-3.02676e-28
-4.18677e-27
-5.4871e-26
-6.81645e-25
-8.02936e-24
-8.9709e-23
-9.5086e-22
-9.56288e-21
-9.12614e-20
-8.26454e-19
-7.10168e-18
-5.78981e-17
-4.47762e-16
-3.28397e-15
-2.28338e-14
-1.50457e-13
-9.39058e-13
-5.54853e-12
-3.10162e-11
-1.6391e-10
-8.18211e-10
-3.85447e-09
-1.71178e-08
-7.15831e-08
-2.81508e-07
-1.03961e-06
-3.59978e-06
-1.16673e-05
-3.53318e-05
-9.97774e-05
-0.000262255
-0.000640364
-0.00145024
-0.0030431
-0.00591694
-0.0106818
-0.0179921
-0.0285241
-0.0431036
-0.0629802
-0.0900033
-0.126333
-0.173671
-0.232637
-0.302971
-0.384155
-0.47515
-0.573079
-0.672797
-0.768388
-0.854421
-0.925175
-0.974444
-0.997863
-0.994139
-0.963406
-0.907226
-0.830354
-0.739106
-0.639126
-0.53676
-0.438371
-0.347745
-0.267721
-0.200552
-0.145858
-0.102858
-0.0707564
-0.047122
-0.0304358
-0.0193132
-0.0116839
-0.0069843
-0.00409414
-0.00218373
-0.00131221
-0.000619167
-0.000336596
-0.000209538
-2.55845e-05
-0.000100524
3.13983e-05
-3.98102e-05
7.42601e-06
5.40687e-06
-2.10702e-05
2.82368e-05
-3.18438e-05
3.11708e-05
-2.82237e-05
2.38864e-05
-1.91744e-05
1.46589e-05
-1.06953e-05
7.40456e-06
-4.76067e-06
2.63507e-06
-8.40566e-07
8.40566e-07
-2.63507e-06
4.76067e-06
-7.40456e-06
1.06953e-05
-1.46589e-05
1.91744e-05
-2.38864e-05
2.82237e-05
-3.11708e-05
3.18438e-05
-2.82368e-05
2.10702e-05
-5.40687e-06
-7.42601e-06
3.98102e-05
-3.13983e-05
0.000100524
2.55845e-05
0.000209538
0.000336596
0.000619167
0.00131221
0.00218373
0.00409414
0.0069843
0.0116839
0.0193132
0.0304358
0.047122
0.0707564
0.102858
0.145858
0.200552
0.267721
0.347745
0.438371
0.53676
0.639126
0.739106
0.830354
0.907226
0.963406
0.994139
0.997863
0.974444
0.925175
0.854421
0.768388
0.672797
0.573079
0.47515
0.384155
0.302971
0.232637
0.173671
0.126333
0.0900033
0.0629802
0.0431036
0.0285241
0.0179921
0.0106818
0.00591694
0.0030431
0.00145024
0.000640364
0.000262255
9.97774e-05
3.53318e-05
1.16673e-05
3.59978e-06
1.03961e-06
2.81508e-07
7.15831e-08
1.71178e-08
3.85447e-09
8.18211e-10
1.6391e-10
3.10162e-11
5.54853e-12
9.39058e-13
1.50457e-13
2.28338e-14
3.28397e-15
4.47762e-16
5.78981e-17
7.10168e-18
8.26454e-19
9.12614e-20
9.56288e-21
9.5086e-22
8.9709e-23
8.02936e-24
6.81645e-25
5.4871e-26
4.18677e-27
3.02677e-28
2.07261e-29
1.42485e-30
