8.74867e-05
-0.000119624
7.56632e-05
1.70294e-05
-9.94183e-05
0.00011804
-6.01583e-05
-3.64671e-05
0.000107554
-0.000105821
3.45136e-05
5.42746e-05
-9.76109e-05
6.90573e-05
1.67729e-06
-5.4338e-05
4.96672e-05
-3.10181e-06
-3.10398e-05
1.32978e-05
3.87818e-05
-6.4042e-05
1.96364e-05
6.74257e-05
-0.000116375
7.01541e-05
4.00894e-05
-0.000116101
8.85958e-05
7.99551e-06
-6.83921e-05
3.14478e-05
4.77847e-05
-5.91495e-05
-2.83518e-05
0.000118004
-9.47359e-05
-2.84855e-05
0.000113549
-6.42704e-05
-4.57657e-05
6.22393e-05
4.2356e-05
-0.000120339
4.66755e-05
9.56281e-05
-0.000117208
-7.14202e-06
8.92013e-05
8.15963e-08
-0.000125175
8.04832e-05
8.33925e-05
-0.000119608
-2.45441e-05
0.00010562
2.39368e-05
-0.000153072
5.38693e-05
0.000114118
-6.01264e-05
-0.000117458
8.48132e-05
0.000117576
-0.000119828
-8.22752e-05
0.000104191
0.000122933
-0.00012106
-5.12421e-05
0.000191204
0.0002787
0.00018389
0.000448359
0.00116845
0.00205881
0.00324304
0.00539387
0.00917635
0.0147579
0.0226682
0.0340482
0.0505463
0.0734896
0.104402
0.14539
0.199474
0.269658
0.358494
0.467724
0.598341
0.749795
0.919173
1.10061
1.28576
1.46469
1.6267
1.76099
1.85745
1.90798
1.79159
1.74926
1.66808
1.55423
1.41563
1.26099
1.09918
0.938367
0.78527
0.644561
0.519147
0.410562
0.319316
0.244591
0.184513
0.136684
0.0992399
0.0706672
0.0495054
0.0338944
0.0224338
0.014303
0.00904982
0.00572102
0.00341076
0.00177178
0.00094736
0.000698235
0.000421818
6.50036e-05
-5.86552e-05
0.00015129
0.00011865
-7.47212e-05
-0.000119149
0.000122528
8.05367e-05
-0.000111489
-6.62044e-05
0.000120172
4.87138e-05
-0.00014945
2.251e-05
0.00010441
-2.05294e-05
-0.000126215
9.19586e-05
7.09936e-05
-0.00011611
-7.07382e-06
9.30608e-05
-6.69681e-06
-0.000122326
0.000104954
3.44968e-05
-0.000107429
3.1279e-05
6.89696e-05
-4.6273e-05
-7.06735e-05
0.000125995
-4.45193e-05
-7.87838e-05
0.00010623
-2.42248e-05
-5.38615e-05
3.37859e-05
5.08207e-05
-8.78024e-05
2.14954e-05
8.57295e-05
-0.000125624
5.97734e-05
4.62895e-05
-9.64259e-05
5.89031e-05
1.27302e-05
-4.32281e-05
1.12178e-05
3.70137e-05
-4.08652e-05
-1.22793e-05
7.5172e-05
-8.59522e-05
2.54293e-05
6.47571e-05
-0.000116093
8.79934e-05
1.43847e-06
-9.03578e-05
0.000118915
-7.0252e-05
-2.10601e-05
9.51982e-05
-0.000106906
5.23057e-05
3.20176e-05
-9.37713e-05
9.66134e-05
-4.03479e-05
