4.70706e-05
-6.75409e-05
8.54617e-05
-2.21651e-05
5.00428e-05
0.000138119
0.000107134
0.00040612
0.000559335
0.00107103
0.00189193
0.00305102
0.0051934
0.00820067
0.0128971
0.0197698
0.0294206
0.043034
0.0613261
0.0855692
0.11693
0.15642
0.205116
0.263741
0.332338
0.41055
0.496853
0.588417
0.681846
0.771891
0.853308
0.920609
0.968271
0.992706
0.990975
0.962307
0.908082
0.831313
0.737187
0.632434
0.523969
0.418569
0.321954
0.237368
0.167258
0.11209
0.0709717
0.0425255
0.0240133
0.0125093
0.00583904
0.00227944
0.000526913
0.000235256
0.000247751
3.58508e-05
-0.000105266
-0.000160204
-6.6984e-05
0.000206451
0.000163016
-0.000214447
-0.000126449
8.50368e-05
0.000118055
3.77248e-05
-9.46066e-05
-0.000169499
0.000133778
0.000199846
-0.000148985
-0.000167873
0.000123536
0.000113435
-6.2695e-05
-6.27992e-05
-3.88343e-05
8.0322e-05
9.74497e-05
-0.000109312
-0.000139942
0.000178561
0.000107451
-0.000207634
-6.51773e-05
0.000228179
-8.85859e-06
-0.000197578
5.70085e-05
0.000159095
-9.77534e-05
-0.000100235
0.00010651
5.23911e-05
-0.000104938
-7.85883e-06
8.85659e-05
-2.31271e-05
-7.04468e-05
4.88563e-05
0.000124206
-0.000165981
-6.62626e-05
0.000184423
1.53809e-06
-0.000172996
5.08931e-05
0.000142886
-8.77745e-05
-9.31292e-05
8.68149e-05
5.66545e-05
-6.77249e-05
-2.83052e-05
1.48492e-05
5.06206e-05
1.8459e-05
-8.66311e-05
-5.13118e-05
0.000165314
2.25312e-05
-0.000207461
8.58953e-06
0.000238914
-6.82505e-05
-0.000195212
6.75945e-05
0.000139323
-2.16736e-05
-7.7622e-05
-8.04731e-05
5.30793e-05
0.000194405
-8.20266e-05
-0.000228041
7.03274e-05
0.000219074
-4.0443e-05
-0.000106583
-0.000111621
4.39501e-05
0.000224844
2.74665e-05
-0.000269461
-8.92003e-05
0.000128517
0.000132383
0.000270301
0.000598524
0.00216998
0.00588883
0.0125592
0.0239118
0.0425884
0.0710021
0.11199
0.167349
0.237353
0.321886
0.418663
0.523921
0.632404
0.737266
0.831247
0.908083
0.962373
0.990886
0.992757
0.96829
0.920533
0.853395
0.771845
0.681829
0.588479
0.496787
0.41058
0.332358
0.263688
0.205165
0.156405
0.1169
0.0856279
0.0612724
0.0430523
0.0294494
0.0197064
0.0129653
0.00815961
0.00518825
0.00310032
0.00181984
0.00113539
0.000529036
0.000390886
0.000160847
6.80936e-05
0.000109496
-4.76191e-05
7.07634e-05
-1.34141e-05
