-0.000210357
-2.63402e-05
0.000268262
-4.93064e-05
-0.000197639
-8.20338e-06
0.00023667
9.8996e-07
-0.000264803
5.58467e-05
0.000184687
2.62979e-05
-0.000239215
8.70637e-06
0.000207921
-2.64752e-05
-0.000111764
-6.30844e-05
0.000134393
1.73921e-05
-3.06431e-05
-3.34284e-05
-7.87264e-05
9.0534e-05
0.000108149
-4.40324e-05
-0.000203738
2.88704e-05
0.000260113
-1.84984e-05
-0.000238084
-1.97354e-05
0.000147476
9.73327e-05
-7.09971e-05
-8.31924e-05
-7.42847e-05
2.4141e-05
0.000262493
-3.9914e-05
-0.000237884
-7.98124e-05
0.000173656
0.000158007
-5.61369e-05
-8.24807e-05
-0.000162474
-3.30131e-05
0.000292587
0.000142064
-0.000177125
-0.000173802
-0.000129855
7.95027e-06
7.01345e-05
0.000161846
0.000204699
0.000679674
0.00167892
0.00199409
0.000701147
-0.00385288
-0.0144255
-0.0332441
-0.0631013
-0.107103
-0.166904
-0.243134
-0.334509
-0.437706
-0.547408
-0.657304
-0.760713
-0.850691
-0.921483
-0.969104
-0.990461
-0.985303
-0.95537
-0.903313
-0.834022
-0.752821
-0.664475
-0.574394
-0.486652
-0.404051
-0.329279
-0.263384
-0.206635
-0.159309
-0.120551
-0.0894448
-0.0652918
-0.0467425
-0.0328476
-0.0228698
-0.0157497
-0.0109758
-0.00815376
-0.00672923
0.0166044
0.0192918
0.0251377
0.0343039
0.0475343
0.0658074
0.0897914
0.120652
0.159421
0.206742
0.263332
0.32932
0.40412
0.486557
0.574437
0.664543
0.752699
0.834086
0.903377
0.955227
0.985392
0.990516
0.968948
0.921596
0.850727
0.760563
0.65742
0.547435
0.437572
0.334607
0.243167
0.166791
0.107158
0.0631678
0.0331434
0.0144257
0.00397125
-0.000806559
-0.0020339
-0.00152413
-0.000778355
-0.000279178
6.89265e-06
-0.000146396
-9.72393e-05
0.000257878
0.000172465
5.91029e-05
-7.49015e-05
-0.000202102
-0.000107724
0.000164603
0.00023598
-6.27478e-05
-0.00022652
-7.4221e-06
2.91864e-05
0.000126925
0.000129346
-0.000181312
-0.00016945
6.69641e-05
0.000253315
-3.79664e-05
-0.000189139
-5.03061e-06
4.52145e-05
8.68333e-05
5.56262e-05
-0.000117869
-0.000130074
9.59203e-05
0.000206535
-8.2678e-05
-0.000252085
0.000112851
0.000171959
-2.84503e-05
-0.000169664
9.85426e-06
0.000141835
-4.04571e-05
-8.51926e-06
-6.36503e-05
2.17252e-05
4.61863e-05
2.89044e-05
-3.7162e-05
-0.000120296
0.000125761
7.30249e-05
-7.9662e-05
-0.000127461
9.98493e-05
0.000158881
-0.000155444
-0.00010256
9.87173e-05
0.00015932
-0.000142724
