-0.169362
-0.333821
-0.488849
-0.630085
-0.752845
-0.852233
-0.924078
-0.965817
-0.976509
-0.956551
-0.908117
-0.835923
-0.746719
-0.647513
-0.544574
-0.443872
-0.350922
-0.269292
-0.200179
-0.143878
-0.100312
-0.0679844
-0.0444145
-0.02791
-0.017219
-0.0103505
-0.00576017
-0.00315892
-0.0018856
-0.000902148
-0.000327597
-0.000318844
-0.000152265
8.10803e-05
-8.30985e-05
-7.62065e-05
0.000115071
-4.95385e-05
-6.54858e-05
0.00010988
-5.31086e-05
-4.66858e-05
0.000100828
-6.99413e-05
-1.34951e-05
8.1388e-05
-8.6099e-05
3.07673e-05
4.13715e-05
-8.21701e-05
6.97538e-05
-1.71632e-05
-4.14143e-05
7.35034e-05
-6.5385e-05
2.56519e-05
2.31962e-05
-5.79667e-05
6.53209e-05
-4.55583e-05
9.76575e-06
2.67169e-05
-5.09051e-05
5.62981e-05
-4.36955e-05
1.93469e-05
8.18276e-06
-3.10466e-05
4.41372e-05
-4.57978e-05
3.74139e-05
-2.23402e-05
4.64614e-06
1.19464e-05
-2.4741e-05
3.23262e-05
-3.44956e-05
3.19573e-05
-2.59611e-05
1.79453e-05
-9.26135e-06
1.00119e-06
6.07984e-06
-1.15637e-05
1.53217e-05
-1.74416e-05
1.81508e-05
-1.77471e-05
1.65443e-05
-1.48343e-05
1.28652e-05
-1.08309e-05
8.87043e-06
-7.07256e-06
5.48368e-06
-4.11638e-06
2.95781e-06
-1.97694e-06
1.13048e-06
-3.67414e-07
3.67414e-07
-1.13048e-06
1.97694e-06
-2.95781e-06
4.11638e-06
-5.48368e-06
7.07256e-06
-8.87043e-06
1.08309e-05
-1.28652e-05
1.48343e-05
-1.65443e-05
1.77471e-05
-1.81508e-05
1.74416e-05
-1.53217e-05
1.15637e-05
-6.07984e-06
-1.00119e-06
9.26135e-06
-1.79453e-05
2.59611e-05
-3.19573e-05
3.44956e-05
-3.23262e-05
2.4741e-05
-1.19464e-05
-4.64614e-06
2.23402e-05
-3.74139e-05
4.57978e-05
-4.41372e-05
3.10466e-05
-8.18276e-06
-1.93469e-05
4.36955e-05
-5.62981e-05
5.09051e-05
-2.67169e-05
-9.76575e-06
4.55583e-05
-6.53209e-05
5.79667e-05
-2.31962e-05
-2.56519e-05
6.5385e-05
-7.35034e-05
4.14143e-05
1.71632e-05
-6.97538e-05
8.21701e-05
-4.13715e-05
-3.07673e-05
8.6099e-05
-8.1388e-05
1.34951e-05
6.99413e-05
-0.000100828
4.66858e-05
5.31086e-05
-0.00010988
6.54858e-05
4.95385e-05
-0.000115071
7.62065e-05
8.30985e-05
-8.10803e-05
0.000152265
0.000318844
0.000327597
0.000902149
0.0018856
0.00315892
0.00576018
0.0103505
0.0172191
0.0279103
0.0444156
0.0679875
0.100321
0.1439
0.200237
0.269434
0.351251
0.444599
0.546108
0.650597
0.752621
0.84668
0.9268
0.987533
1.0257
1.0409
1.03481
1.01084
0.974557
0.93342
0.895322
0.86669
0.85151
