0.000120448
-0.000118048
-1.04786e-05
0.000137764
-0.000125097
-2.91593e-05
0.000167414
-0.000129133
-6.08401e-05
0.000195091
-0.000112102
-9.98062e-05
0.000191579
-5.90144e-05
-0.000120155
0.000121532
2.09008e-05
-7.74658e-05
-2.08968e-05
7.36882e-05
5.12061e-05
-0.000160496
2.86184e-05
0.000189222
-0.000154341
-8.85079e-05
0.00015697
3.61309e-05
-7.44471e-05
-5.89301e-05
0.000239208
0.000347038
0.000292009
0.00105219
0.00238437
0.0043903
0.00793856
0.0141942
0.0247662
0.040572
0.0636574
0.0967015
0.141642
0.199939
0.27162
0.356437
0.452641
0.55621
0.661703
0.762277
0.851705
0.92389
0.973596
0.997143
0.992712
0.961617
0.906972
0.83376
0.747358
0.653301
0.55708
0.463385
0.37644
0.298827
0.232188
0.176638
0.131611
0.0959707
0.0683288
0.0474725
0.0320168
0.021011
0.0132993
0.00818701
0.00483326
0.00277904
0.00152942
0.000815086
0.000425446
0.00020145
0.000109982
3.58409e-05
3.24093e-05
-2.47151e-06
1.51294e-05
-9.12059e-06
1.04773e-05
-8.65605e-06
7.95269e-06
-6.79396e-06
5.83286e-06
-4.87654e-06
4.02161e-06
-3.2494e-06
2.56958e-06
-1.97367e-06
1.45246e-06
-9.92132e-07
5.76865e-07
-1.89191e-07
1.89192e-07
-5.76861e-07
9.92147e-07
-1.45241e-06
1.97384e-06
-2.56903e-06
3.25109e-06
-4.01648e-06
4.89164e-06
-5.78957e-06
6.91452e-06
-7.62651e-06
9.51297e-06
-8.29263e-06
1.45225e-05
-2.18148e-06
3.25382e-05
3.5192e-05
0.000111241
0.000199515
0.000428084
0.000811771
0.00153331
0.00277475
0.00483768
0.00818283
0.0133029
0.0210086
0.0320176
0.0474737
0.0683255
0.0959761
0.131603
0.176647
0.232179
0.298835
0.376434
0.463387
0.557082
0.653295
0.747368
0.833747
0.906986
0.961606
0.992719
0.997143
0.973588
0.923905
0.851687
0.762295
0.66169
0.556213
0.452649
0.356419
0.271644
0.199917
0.141655
0.0967029
0.0636406
0.0405994
0.0247375
0.014213
0.00793821
0.0043704
0.00241768
0.00101917
0.000309512
0.000354676
0.000208054
-1.80019e-05
-0.000104724
3.87312e-05
0.000185691
-0.000134808
-0.000115979
0.000182317
-2.58719e-06
-0.000107951
9.72351e-06
7.57172e-05
2.08273e-05
-0.000136948
5.67276e-05
0.00013744
-0.000179482
9.01166e-07
0.000178543
-0.000147509
-3.9155e-05
0.00015733
-9.3613e-05
-5.03191e-05
0.000111502
-4.99735e-05
-4.23719e-05
6.99943e-05
-2.64668e-05
-2.91906e-05
4.69252e-05
-2.13987e-05
