8.0088e-321
7.9594e-321
7.99398e-321
8.03351e-321
7.87541e-321
8.19161e-321
7.72719e-321
8.2509e-321
7.81612e-321
7.90505e-321
8.37935e-321
7.49004e-321
8.19161e-321
8.42876e-321
7.27265e-321
8.03351e-321
8.91294e-321
7.56909e-321
6.7687e-321
8.39418e-321
9.96036e-321
8.99199e-321
6.17088e-321
3.31024e-321
1.42291e-321
5.13828e-322
1.43279e-322
2.47033e-323
0
0
0
0
0
0
0
0
0
0
0
0
0
0
0
0
0
0
0
0
0
0
0
0
-9.75895e-32
-2.7741e-29
-3.79283e-27
-3.3212e-25
-2.09249e-23
-1.01028e-21
-3.88742e-20
-1.22406e-18
-3.21369e-17
-7.13224e-16
-1.35177e-14
-2.2047e-13
-3.11193e-12
-3.81685e-11
-4.0791e-10
-3.80437e-09
-3.09797e-08
-2.20152e-07
-1.36322e-06
-7.3371e-06
-3.42047e-05
-0.000137506
-0.000474199
-0.00139516
-0.00348662
-0.00740031
-0.0134845
-0.0217725
-0.0329401
-0.0492318
-0.0732172
-0.105755
-0.147464
-0.200819
-0.266984
-0.344508
-0.432835
-0.529697
-0.629952
-0.729277
-0.821167
-0.899105
-0.957778
-0.991907
-0.999236
-0.978728
-0.932335
-0.863641
0.863641
0.932335
0.978728
0.999236
0.991907
0.957778
0.899105
0.821167
0.729277
0.629952
0.529697
0.432835
0.344508
0.266984
0.200819
0.147464
0.105755
0.0732172
0.0492318
0.0329401
0.0217725
0.0134845
0.00740031
0.00348662
0.00139516
0.000474199
0.000137506
3.42047e-05
7.3371e-06
1.36322e-06
2.20152e-07
3.09797e-08
3.80437e-09
4.0791e-10
3.81685e-11
3.11193e-12
2.2047e-13
1.35177e-14
7.13224e-16
3.21369e-17
1.22406e-18
3.88742e-20
1.01028e-21
2.09249e-23
3.3212e-25
3.79283e-27
2.7741e-29
9.75895e-32
0
0
0
0
0
0
0
0
0
0
0
0
0
0
0
0
0
0
0
0
0
0
0
0
0
0
0
0
0
0
0
0
0
0
0
0
0
0
0
0
0
0
0
0
0
0
0
0
0
0
0
0
