-0.00016829
8.80189e-05
9.53935e-05
-7.93378e-05
-0.000110829
0.000166811
5.98693e-06
-0.000143071
5.17498e-05
8.98106e-05
-4.04925e-05
-0.000113979
0.000124378
8.93949e-06
-6.82027e-05
-6.97054e-07
3.27049e-05
3.20883e-05
-6.12427e-05
1.27696e-05
-1.32992e-05
7.45034e-05
-3.54683e-05
-9.9925e-05
9.92043e-05
6.97144e-05
-0.000111512
-7.96117e-05
0.000176155
1.90011e-05
-0.000188518
5.12194e-05
0.00013564
-6.39032e-05
-7.44555e-05
1.07226e-05
8.13266e-05
1.1272e-07
-4.6232e-05
-7.76586e-05
7.77566e-05
0.000144067
-0.000189819
-5.83926e-05
0.000145305
5.21598e-05
-0.000111916
-7.31405e-05
4.95107e-05
4.10154e-05
-3.4645e-05
-0.000223024
-0.000243598
-7.86588e-05
-0.000480819
-0.00102302
-0.00140487
-0.00223191
-0.00349915
-0.00567082
-0.00886032
-0.0131642
-0.0192696
-0.0281793
-0.0405012
-0.056695
-0.0778866
-0.105291
-0.139848
-0.182793
-0.234208
-0.29443
-0.363984
-0.441695
-0.526045
-0.614388
-0.70278
-0.787529
-0.863737
-0.925851
-0.969092
-0.989054
-0.983317
-0.95145
-0.894451
-0.815395
-0.719105
-0.611708
-0.50032
-0.391772
-0.291933
-0.205224
-0.134457
-0.0805774
-0.0427747
-0.018746
-0.00505316
0.00180294
0.00469698
0.00572204
-0.000576952
-0.00168117
-0.00344748
-0.00403448
-0.00199019
0.00465722
0.0187742
0.0429312
0.080495
0.134249
0.20493
0.291947
0.392114
0.500525
0.611668
0.718817
0.815192
0.894606
0.951694
0.983425
0.988855
0.96886
0.925915
0.863901
0.787696
0.702666
0.614124
0.526126
0.441819
0.364077
0.294421
0.233937
0.182853
0.140037
0.10527
0.0778648
0.0565529
0.0405082
0.0283637
0.0192513
0.0130542
0.00880512
0.00577118
0.0035497
0.00218357
0.00138227
0.000940928
0.000615304
0.000125912
7.6461e-05
0.000281264
7.41013e-05
-5.94289e-05
-2.49333e-05
1.85593e-05
0.000117077
-1.94683e-05
-0.00010467
-3.24654e-05
0.000186786
-2.51851e-05
-0.000188143
9.6259e-05
9.56522e-05
-5.77227e-05
-6.57604e-05
2.28488e-05
5.58908e-05
7.95434e-06
-5.68508e-05
-4.63429e-05
9.27164e-05
6.73928e-05
-0.000181635
2.91408e-05
0.000153504
-6.55606e-05
-0.000132199
9.2937e-05
0.00012831
-0.000181817
4.39297e-06
0.000111178
-1.43368e-05
-9.60385e-05
3.50576e-05
8.98808e-05
-9.64137e-05
1.14046e-05
2.09724e-05
1.9421e-05
-3.73957e-05
1.05584e-07
3.3369e-05
-3.1051e-05
2.44012e-05
-3.11713e-05
2.92096e-05
-1.17387e-05
6.8268e-07
