-3.31595e-05
2.64224e-05
8.1055e-06
-2.33627e-05
2.13184e-06
1.76822e-05
3.06397e-06
-4.03713e-05
2.81863e-05
4.58617e-05
-9.67157e-05
3.48313e-05
9.99177e-05
-0.000150379
2.78162e-05
0.000148324
-0.000168322
-2.2899e-06
0.000157823
-0.000112066
-4.87525e-05
9.00599e-05
2.26805e-05
-7.22509e-05
-5.50732e-05
0.000155121
-2.13464e-05
-0.000181204
0.000140681
8.1239e-05
-0.000124992
-5.06817e-05
8.70428e-05
0.000119284
-0.00016062
-5.78635e-05
0.000255691
0.000154808
0.000189578
0.000606122
0.00163949
0.00311912
0.00554037
0.0104461
0.018654
0.0314605
0.0505103
0.0783152
0.117399
0.168999
0.234152
0.312811
0.404115
0.505037
0.610454
0.714336
0.80999
0.891404
0.952625
0.989126
0.998173
0.979623
0.935971
0.871228
0.790739
0.699821
0.604159
0.5088
0.418312
0.336048
0.264061
0.203194
0.153099
0.112987
0.0814833
0.0574071
0.0393453
0.0262464
0.0169522
0.0106266
0.00642957
0.00376766
0.00213221
0.00116191
0.000619527
0.000308728
0.000160958
6.76885e-05
4.05838e-05
9.03638e-06
1.2594e-05
-2.74336e-06
6.14085e-06
-3.9611e-06
3.94511e-06
-3.04167e-06
2.44764e-06
-1.72612e-06
1.04423e-06
-3.45906e-07
3.50945e-07
-1.03273e-06
1.75791e-06
-2.35971e-06
3.27894e-06
-3.32269e-06
5.54716e-06
-2.21691e-06
1.21632e-05
9.33694e-06
4.04533e-05
6.76045e-05
0.000161302
0.000308077
0.000620526
0.00116053
0.00213398
0.00376551
0.00643206
0.0106239
0.0169551
0.0262435
0.0393479
0.057405
0.0814847
0.112987
0.153098
0.203197
0.264057
0.336054
0.418306
0.508807
0.604152
0.699827
0.790735
0.871229
0.935972
0.979618
0.998181
0.989115
0.952637
0.891394
0.809998
0.714334
0.61045
0.505047
0.404101
0.312828
0.234137
0.169009
0.117397
0.0783077
0.0505261
0.0314399
0.018674
0.0104328
0.0055423
0.00313034
0.00161757
0.000632269
0.000168057
0.000163422
0.000264396
-8.20407e-05
-0.000129324
9.32181e-05
9.62966e-05
-3.76307e-05
-0.000156287
0.000117659
0.000116234
-0.000181793
5.96744e-06
0.000113286
-2.0113e-05
-8.04624e-05
-2.56034e-06
0.000136532
-9.01709e-05
-0.00010157
0.000187141
-5.53044e-05
-0.000125154
0.000145132
-1.40173e-05
-9.03351e-05
6.44679e-05
1.7341e-05
-3.61392e-05
-1.2957e-05
3.76515e-05
1.06318e-05
-6.92991e-05
5.02253e-05
4.08033e-05
-0.00010289
5.75609e-05
5.57373e-05
-0.000117938
6.00251e-05
