0.00010243
-4.13049e-05
-9.38725e-05
0.000100458
2.57106e-05
-9.14747e-05
8.70049e-06
8.0246e-05
-3.7824e-05
-5.95853e-05
6.16088e-05
1.66785e-05
-4.40006e-05
-5.86624e-07
1.704e-05
1.74995e-05
-1.50411e-05
-3.59618e-05
3.04909e-05
4.31256e-05
-4.09389e-05
-7.8561e-05
0.000126135
1.66058e-05
-0.000149986
5.37958e-05
0.000120311
-7.00306e-05
-0.000141954
0.000171973
2.73052e-05
-0.000134832
1.90694e-05
6.49961e-05
2.11237e-05
-8.10994e-05
-1.08293e-05
2.10266e-05
5.98412e-05
-9.37079e-05
-0.000177358
4.72428e-05
-0.000100759
-0.000482768
-0.000528434
-0.000764091
-0.00141435
-0.00241823
-0.0037397
-0.00571248
-0.00876775
-0.0133019
-0.0198388
-0.0284288
-0.0404923
-0.0570202
-0.0783316
-0.105672
-0.140167
-0.182731
-0.234217
-0.294524
-0.363595
-0.440988
-0.525127
-0.61306
-0.701334
-0.786026
-0.862054
-0.924457
-0.96796
-0.988279
-0.983454
-0.952333
-0.895768
-0.817128
-0.720896
-0.613804
-0.502693
-0.393705
-0.293088
-0.205559
-0.134159
-0.0801584
-0.0420923
-0.0175453
-0.0036031
0.00288808
0.00455443
0.0037566
0.00226708
0.000894268
-4.72666e-06
-0.000419386
-0.000441019
-0.000198854
8.08116e-05
0.000170141
3.76124e-05
-0.000116829
-0.000362731
7.79126e-05
0.000281897
0.000287555
-6.43213e-05
-0.000373789
-2.62308e-05
0.000428651
0.000644736
0.000252796
-0.00101445
-0.0025083
-0.00384867
-0.00442343
-0.00264412
0.00357528
0.0173499
0.0419734
0.0802435
0.134385
0.20553
0.292933
0.393628
0.50273
0.614024
0.720848
0.81695
0.895797
0.952349
0.983597
0.988263
0.967747
0.924551
0.862129
0.786022
0.701332
0.612931
0.525197
0.441085
0.363544
0.294455
0.234223
0.182813
0.140137
0.105663
0.078309
0.0569937
0.0406196
0.0283383
0.0197883
0.0134075
0.00870991
0.00572749
0.00374486
0.00239473
0.00142306
0.000791392
0.000519171
0.000423809
0.00018186
-6.70958e-05
0.000115884
0.000190474
-0.000125333
-3.40562e-05
7.92278e-05
4.75195e-05
-6.35788e-05
-3.07945e-05
4.81364e-05
1.45247e-05
1.74225e-05
-0.000111787
6.63271e-05
9.41808e-05
-0.000112936
-5.5465e-05
0.000136466
1.73628e-05
-0.000170191
7.65259e-05
0.000125218
-0.000133236
-5.00839e-05
0.000140103
-1.51559e-05
-0.000118973
6.28996e-05
8.74442e-05
-0.000111469
-8.49619e-06
8.945e-05
-3.02243e-05
-6.06103e-05
4.48673e-05
5.02488e-05
-8.90533e-05
2.36628e-05
5.03584e-05
-3.54852e-05
