-8.53419e-48
-4.25496e-46
-1.90635e-44
-7.72842e-43
-2.85091e-41
-9.61492e-40
-2.97681e-38
-8.49042e-37
-2.23775e-35
-5.46461e-34
-1.23933e-32
-2.61568e-31
-5.14674e-30
-9.45618e-29
-1.62455e-27
-2.61278e-26
-3.93803e-25
-5.56731e-24
-7.38807e-23
-9.2089e-22
-1.07868e-20
-1.18785e-19
-1.23008e-18
-1.19806e-17
-1.09758e-16
-9.45776e-16
-7.66429e-15
-5.83959e-14
-4.18182e-13
-2.81333e-12
-1.77703e-11
-1.05313e-10
-5.8509e-10
-3.04434e-09
-1.48187e-08
-6.73942e-08
-2.85958e-07
-1.13019e-06
-4.15323e-06
-1.41628e-05
-4.472e-05
-0.000130454
-0.000350751
-0.00086728
-0.00196856
-0.00409809
-0.00783153
-0.0137936
-0.0225845
-0.0348661
-0.0516806
-0.0747683
-0.106383
-0.148447
-0.201794
-0.266453
-0.342479
-0.429529
-0.525193
-0.624735
-0.722964
-0.814851
-0.894091
-0.953901
-0.989879
-0.999641
-0.981482
-0.936603
-0.869379
-0.784447
-0.687625
-0.586205
-0.485668
-0.390766
-0.305893
-0.232564
-0.17173
-0.123509
-0.0860857
-0.0584426
-0.0386146
-0.0246433
-0.0154918
-0.00930444
-0.00552547
-0.003185
-0.00172574
-0.00101022
-0.000458256
-0.000303737
-9.92341e-05
-8.50701e-05
-1.90172e-05
-1.82095e-05
-7.30469e-06
8.7097e-07
-5.85168e-06
3.71916e-06
-3.0959e-06
9.36759e-07
-9.36759e-07
3.0959e-06
-3.71916e-06
5.85168e-06
-8.7097e-07
7.30469e-06
1.82095e-05
1.90172e-05
8.50701e-05
9.92341e-05
0.000303737
0.000458256
0.00101022
0.00172574
0.003185
0.00552547
0.00930444
0.0154918
0.0246433
0.0386146
0.0584426
0.0860857
0.123509
0.17173
0.232564
0.305893
0.390766
0.485668
0.586205
0.687625
0.784447
0.869379
0.936603
0.981482
0.999641
0.989879
0.953901
0.894091
0.814851
0.722964
0.624735
0.525193
0.429529
0.342479
0.266453
0.201794
0.148447
0.106383
0.0747683
0.0516806
0.0348661
0.0225845
0.0137936
0.00783153
0.00409809
0.00196856
0.00086728
0.000350751
0.000130454
4.472e-05
1.41628e-05
4.15323e-06
1.13019e-06
2.85958e-07
6.73942e-08
1.48187e-08
3.04434e-09
5.8509e-10
1.05313e-10
1.77703e-11
2.81333e-12
4.18182e-13
5.83959e-14
7.66429e-15
9.45776e-16
1.09758e-16
1.19806e-17
1.23008e-18
1.18785e-19
1.07868e-20
9.2089e-22
7.38807e-23
5.56731e-24
3.93803e-25
2.61278e-26
1.62455e-27
9.45618e-29
5.14674e-30
2.61568e-31
1.23933e-32
5.46461e-34
2.23775e-35
8.49042e-37
2.97681e-38
9.61492e-40
2.85091e-41
7.72842e-43
1.90635e-44
4.25498e-46
8.68933e-48
