8.55548e-05
-2.01357e-05
-2.16436e-05
-9.47669e-05
0.000100681
8.77713e-05
-6.04794e-05
-0.000123825
-5.0088e-05
0.000237675
7.20578e-05
-0.000176718
-0.000214027
0.000101849
0.000333184
-1.90808e-05
-0.000292079
-0.000165931
0.000217438
0.000261946
-6.76558e-05
-0.000210519
-0.000123081
-4.15367e-05
0.000103704
0.000320543
0.000585153
0.000677148
0.000568965
-1.72882e-05
-0.00311224
-0.0107497
-0.0253218
-0.0491735
-0.0850657
-0.135749
-0.201996
-0.283991
-0.379996
-0.486013
-0.596168
-0.703685
-0.802038
-0.884661
-0.945836
-0.98239
-0.992607
-0.976368
-0.93608
-0.875541
-0.799869
-0.713971
-0.623372
-0.53318
-0.446681
-0.36675
-0.295597
-0.23373
-0.181258
-0.137969
-0.103096
-0.0756065
-0.054171
-0.0382278
-0.026506
-0.0177715
-0.0118026
-0.0078122
-0.00481465
-0.00301883
-0.0019364
-0.00108699
-0.000621609
-0.000400149
-0.000229975
-9.26006e-05
-3.84709e-05
-9.20027e-05
-5.77561e-07
5.70982e-05
-9.84134e-05
2.00924e-05
8.04497e-05
-0.000107027
1.92337e-05
9.50157e-05
-0.000121146
3.05977e-05
8.73563e-05
-0.00011735
3.17214e-05
8.45835e-05
-0.000119546
4.19817e-05
7.181e-05
-0.000113792
4.6497e-05
6.42243e-05
-0.000113318
5.51002e-05
-6.69385e-06
1.53956e-05
-1.19757e-05
-3.65855e-06
1.98432e-05
-1.89355e-05
-5.17448e-06
3.40256e-05
-3.60992e-05
-2.29809e-07
4.55263e-05
-5.02445e-05
-2.5009e-06
6.92147e-05
-7.76904e-05
8.92468e-06
8.26384e-05
-8.95128e-05
1.63273e-05
0.000116762
-8.16095e-05
8.01691e-05
0.000214623
9.95556e-05
0.000387684
0.000743111
0.00102326
0.00186284
0.00311655
0.00484586
0.00767484
0.011862
0.0178911
0.0263432
0.0382215
0.0543528
0.0754716
0.103019
0.138145
0.181216
0.233608
0.29568
0.36684
0.446557
0.533131
0.623541
0.713934
0.799697
0.875693
0.936152
0.976201
0.992613
0.98253
0.945811
0.884503
0.802131
0.703821
0.596009
0.485943
0.380178
0.283988
0.201849
0.135755
0.0852345
0.0491293
0.0251363
0.0108746
0.00322705
-8.87795e-05
-0.000687017
-0.000556873
-0.000462962
-0.000479641
-0.000188417
0.000193191
0.00020125
6.09621e-05
-1.14952e-05
-0.000114432
-0.000124748
-2.91369e-07
0.000218162
0.000159969
-0.00024357
-0.000218967
7.86037e-05
0.000322573
3.25449e-05
-0.000323584
-8.89949e-05
0.000173929
0.000242815
-0.000150373
-0.000230015
6.13277e-05
0.000178949
9.01993e-05
-0.000238911
-6.87497e-05
0.000139649
