-0.00050213
-0.000416739
0.0010319
0.00431322
0.00916784
0.0149789
0.0211248
0.0266431
0.0302961
0.0316636
0.0315038
0.0303928
0.0279612
0.0241486
0.0198692
0.0156987
0.0114884
0.00767528
0.00502605
0.00322261
0.0017011
0.00082823
0.000601016
0.000271829
-3.02726e-05
0.000104418
0.000106163
-0.000113676
1.73578e-05
0.000103206
-0.000101864
-4.45768e-06
0.000100633
-9.24972e-05
-2.90297e-06
9.0109e-05
-9.21746e-05
1.49551e-05
7.01071e-05
-9.38913e-05
4.35715e-05
3.62441e-05
-8.50746e-05
7.18231e-05
-1.13545e-05
-5.26233e-05
7.99273e-05
-5.7855e-05
4.09492e-06
4.83778e-05
-7.18327e-05
5.73709e-05
-1.60986e-05
-2.97744e-05
5.92021e-05
-6.14209e-05
3.8615e-05
-2.58766e-06
-3.16788e-05
5.22253e-05
-5.37798e-05
3.82074e-05
-1.2443e-05
-1.4718e-05
3.56201e-05
-4.56662e-05
4.38841e-05
-3.23662e-05
1.50585e-05
3.5892e-06
-1.97317e-05
3.07968e-05
-3.56918e-05
3.4645e-05
-2.8828e-05
1.99075e-05
-9.63735e-06
-4.43476e-07
9.18645e-06
-1.58925e-05
2.02836e-05
-2.24201e-05
2.25964e-05
-2.12373e-05
1.88101e-05
-1.57605e-05
1.24717e-05
-9.24372e-06
6.29032e-06
-3.74519e-06
1.67502e-06
-9.48348e-08
-1.01703e-06
1.70564e-06
-2.02888e-06
2.0496e-06
-1.83051e-06
1.43126e-06
-9.07362e-07
3.1046e-07
-3.1046e-07
9.07362e-07
-1.43126e-06
1.83051e-06
-2.0496e-06
2.02888e-06
-1.70564e-06
1.01703e-06
9.48348e-08
-1.67502e-06
3.74519e-06
-6.29032e-06
9.24372e-06
-1.24717e-05
1.57605e-05
-1.88101e-05
2.12373e-05
-2.25964e-05
2.24201e-05
-2.02836e-05
1.58925e-05
-9.18645e-06
4.43476e-07
9.63735e-06
-1.99075e-05
2.8828e-05
-3.4645e-05
3.56918e-05
-3.07968e-05
1.97317e-05
-3.5892e-06
-1.50585e-05
3.23662e-05
-4.38841e-05
4.56662e-05
-3.56201e-05
1.4718e-05
1.2443e-05
-3.82074e-05
5.37798e-05
-5.22253e-05
3.16788e-05
2.58766e-06
-3.8615e-05
6.14209e-05
-5.92021e-05
2.97744e-05
1.60986e-05
-5.73709e-05
7.18327e-05
-4.83778e-05
-4.09492e-06
5.7855e-05
-7.99273e-05
5.26233e-05
1.13545e-05
-7.18231e-05
8.50746e-05
-3.62441e-05
-4.35715e-05
9.38913e-05
-7.01069e-05
-1.49544e-05
9.21771e-05
-9.01006e-05
2.93111e-06
9.25876e-05
-0.000100353
5.28882e-06
0.000104241
-9.66755e-05
-1.39561e-07
0.00015721
-7.07914e-07
0.000140102
0.000572524
0.000877356
0.00172498
0.0036663
0.00658971
0.0113839
0.0195798
0.0320393
0.0501141
0.076497
0.113879
0.164786
0.232867
0.322182
0.435168
0.572367
0.732954
0.91383
1.10865
1.30852
1.50304
1.68018
1.82677
1.93095
1.98478
