-8.9005e-06
1.55793e-05
-1.7129e-05
1.08137e-05
3.48602e-06
-2.10328e-05
3.26612e-05
-2.89995e-05
6.85367e-06
2.62478e-05
-5.33786e-05
5.64283e-05
-2.75548e-05
-2.3133e-05
6.99087e-05
-8.45993e-05
5.40571e-05
9.05254e-06
-7.07421e-05
9.50078e-05
-6.69235e-05
3.94843e-06
5.40407e-05
-7.12362e-05
4.1214e-05
8.1195e-06
-3.5423e-05
1.90089e-05
2.49455e-05
-5.25001e-05
3.26328e-05
3.21049e-05
-8.25872e-05
9.61051e-05
-8.787e-06
-1.37622e-05
0.000156473
9.93001e-05
0.000256606
0.000563759
0.000924377
0.00158779
0.00291361
0.00470904
0.00765673
0.0123448
0.0188871
0.0285015
0.042011
0.0602117
0.0843605
0.115906
0.155557
0.204529
0.263878
0.333334
0.412517
0.500048
0.592923
0.686879
0.777438
0.858751
0.925011
0.971561
0.99445
0.990774
0.959975
0.903787
0.825324
0.730183
0.625502
0.518258
0.414322
0.319096
0.236214
0.16741
0.113269
0.0733714
0.0454191
0.0263848
0.0141292
0.0070729
0.00339987
0.00151545
0.000656586
0.000253053
-6.22105e-05
-0.000190469
8.55368e-05
0.000269664
-1.61304e-05
-0.000313793
-4.35129e-05
0.000311356
0.000109032
-0.000298885
-0.000155902
0.000268276
0.000200247
-0.000236601
-4.59556e-05
2.97561e-05
4.8171e-05
-6.18437e-06
-2.72246e-05
-2.68155e-05
-8.46881e-06
4.62283e-05
7.7327e-05
-6.26013e-05
-0.000150163
3.7628e-05
0.000242644
1.2855e-05
-0.000246936
8.94144e-05
0.000868787
0.00162687
0.00316581
0.00702874
0.0143675
0.0263553
0.0451959
0.0734806
0.113442
0.167239
0.236114
0.319308
0.414321
0.518056
0.625602
0.730329
0.82515
0.903741
0.960171
0.990702
0.994308
0.971715
0.925055
0.858569
0.777524
0.686992
0.592763
0.500054
0.412667
0.333215
0.263822
0.204692
0.155472
0.115826
0.084504
0.0601717
0.0419035
0.0286378
0.0188677
0.0122278
0.00779097
0.00468624
0.00281449
0.00169983
0.000913451
0.000464401
0.000368336
8.27306e-05
5.96049e-05
0.000114156
-6.25386e-05
3.86655e-05
2.9491e-05
-3.93024e-05
1.07106e-05
3.38741e-05
-4.59189e-05
1.1775e-05
4.61066e-05
-8.38686e-05
7.14756e-05
-1.36128e-05
-5.43896e-05
9.16348e-05
-7.82002e-05
2.57084e-05
3.30042e-05
-6.58724e-05
6.0051e-05
-2.61644e-05
-1.1892e-05
3.30677e-05
-3.05906e-05
1.28046e-05
5.10414e-06
-1.18309e-05
6.1794e-06
4.2227e-06
-9.65403e-06
5.37502e-06
5.54155e-06
-1.497e-05
1.57372e-05
-6.6629e-06
