0.139576
0.278608
0.415163
0.546235
0.668673
0.778653
0.870797
0.939631
0.982007
0.996848
0.983607
0.943313
0.880147
0.799954
0.708466
0.611679
0.515264
0.423158
0.338555
0.264525
0.20221
0.151068
0.110575
0.079377
0.0553616
0.0374877
0.024768
0.0156004
0.00939865
0.00562029
0.0030686
0.00157337
0.000933793
0.000375337
0.000144868
0.000175166
-2.43021e-05
6.08813e-06
7.53676e-05
-7.66286e-05
3.71506e-05
2.70868e-05
-6.97049e-05
6.92295e-05
-2.93947e-05
-2.39996e-05
6.14985e-05
-6.55707e-05
3.75413e-05
6.19874e-06
-4.43127e-05
6.0879e-05
-5.12814e-05
2.21307e-05
1.33454e-05
-4.15167e-05
5.33849e-05
-4.68615e-05
2.6158e-05
7.73949e-07
-2.54113e-05
4.12722e-05
-4.53203e-05
3.807e-05
-2.27105e-05
3.75546e-06
1.42994e-05
-2.79753e-05
3.53231e-05
-3.5969e-05
3.08207e-05
-2.15948e-05
1.03176e-05
1.09315e-06
-1.11114e-05
1.87387e-05
-2.3516e-05
2.54473e-05
-2.48759e-05
2.23488e-05
-1.84937e-05
1.39215e-05
-9.16231e-06
4.62992e-06
-6.12353e-07
-2.72068e-06
5.2993e-06
-7.13018e-06
8.27279e-06
-8.81797e-06
8.87049e-06
-8.53592e-06
7.91169e-06
-7.08184e-06
6.11463e-06
-5.0622e-06
3.9618e-06
-2.83781e-06
1.70438e-06
-5.6826e-07
5.6826e-07
-1.70438e-06
2.83781e-06
-3.9618e-06
5.0622e-06
-6.11463e-06
7.08184e-06
-7.91169e-06
8.53592e-06
-8.87049e-06
8.81797e-06
-8.27279e-06
7.13018e-06
-5.2993e-06
2.72068e-06
6.12353e-07
-4.62992e-06
9.16231e-06
-1.39215e-05
1.84937e-05
-2.23488e-05
2.48759e-05
-2.54473e-05
2.3516e-05
-1.87387e-05
1.11114e-05
-1.09315e-06
-1.03176e-05
2.15948e-05
-3.08207e-05
3.5969e-05
-3.53231e-05
2.79753e-05
-1.42994e-05
-3.75546e-06
2.27105e-05
-3.807e-05
4.53203e-05
-4.12722e-05
2.54113e-05
-7.73949e-07
-2.6158e-05
4.68615e-05
-5.33849e-05
4.15167e-05
-1.33454e-05
-2.21307e-05
5.12814e-05
-6.0879e-05
4.43128e-05
-6.19865e-06
-3.7541e-05
6.5572e-05
-6.14943e-05
2.40134e-05
2.94386e-05
-6.90946e-05
7.01053e-05
-2.59413e-05
-3.39941e-05
8.5001e-05
-5.40081e-05
4.62801e-05
0.000147592
0.000103332
0.000458275
0.000876147
0.00155277
0.00315596
0.00554171
0.009392
0.0156933
0.0246761
0.0374817
0.0554675
0.0792807
0.110551
0.151195
0.202127
0.264458
0.338702
0.423126
0.515149
0.611843
0.7086
0.799957
0.880578
0.944298
0.985138
0.99998
0.988352
0.950931
0.890393
0.812412
0.724457
0.634481
0.550591
0.480313
0.42967
0.403063
