-9.33487e-05
6.07783e-05
3.72956e-05
-4.09061e-05
-6.70417e-05
0.000121222
-1.88754e-05
-0.000105915
6.93729e-05
6.83721e-05
-7.34704e-05
-9.15817e-05
0.000177258
-2.90006e-05
-0.000141944
7.29545e-05
0.000117348
-0.000101366
-0.000119939
0.000200821
-1.36148e-05
-0.000140299
3.50197e-05
0.00011607
-5.04549e-05
-0.000101433
8.699e-05
2.01435e-05
-1.25923e-05
-3.89678e-05
-2.92592e-05
9.17612e-05
2.4055e-05
-0.000130453
-1.95327e-06
0.00015198
-1.56286e-05
-0.000190925
9.86916e-05
0.000121453
-9.77808e-05
-4.44221e-05
-1.07994e-05
9.10648e-05
8.21286e-06
-9.91898e-05
-0.00011
7.20703e-05
1.35764e-05
-0.000360755
-0.000348226
-0.000364868
-0.000836917
-0.00143479
-0.00239218
-0.00366577
-0.00551818
-0.00873031
-0.0133287
-0.0195689
-0.0281838
-0.0403901
-0.0567596
-0.078112
-0.105533
-0.139882
-0.182583
-0.234266
-0.294577
-0.363912
-0.441459
-0.525583
-0.613985
-0.702547
-0.787102
-0.863151
-0.925327
-0.968701
-0.989
-0.983455
-0.951604
-0.894744
-0.815903
-0.719728
-0.612455
-0.500967
-0.392223
-0.292301
-0.205424
-0.13444
-0.0804178
-0.0423191
-0.0181545
-0.00453291
0.00206842
0.00409173
0.00376495
0.00230502
0.000457681
-0.000574708
0.000156275
0.000410248
0.000143418
-0.000552195
-0.00205718
-0.003849
-0.00430236
-0.00229715
0.00442133
0.0185205
0.0425731
0.0803406
0.134251
0.20514
0.2924
0.392546
0.501017
0.612345
0.719488
0.815852
0.895
0.951731
0.983374
0.988795
0.968648
0.925506
0.863265
0.78707
0.702344
0.613948
0.52579
0.441474
0.363885
0.294459
0.234194
0.182817
0.139874
0.105398
0.0781231
0.0567377
0.04051
0.0281944
0.0194319
0.013335
0.00881419
0.00556111
0.00356258
0.00239597
0.00147056
0.000822698
0.000439204
0.000242815
0.00033876
0.000124807
-0.000153842
8.68637e-05
0.000130652
-2.63524e-06
-0.000105666
1.85013e-05
6.45445e-05
2.03627e-05
-3.06595e-05
-0.000105982
0.000103548
0.000101371
-0.000162442
-4.09404e-05
0.000161847
-4.51379e-06
-0.000141027
3.08086e-05
0.000131802
-9.53811e-05
-2.82878e-05
3.16649e-05
2.42609e-05
7.86009e-06
-6.3588e-05
2.33687e-05
2.70887e-05
3.92523e-05
-0.000117563
3.50781e-05
0.00011696
-0.000101438
-6.02318e-05
9.65632e-05
7.1372e-05
-0.000181847
4.45029e-05
0.000145073
-0.000104322
-9.1263e-05
0.000123779
6.91606e-05
-0.000194205
5.6498e-05
0.000137916
-9.94493e-05
