-2.13963e-06
4.98371e-06
-7.48392e-06
8.51563e-06
-3.50278e-06
-2.87001e-06
1.91952e-05
-1.50728e-05
3.68229e-05
2.65773e-05
4.81736e-05
0.00016417
0.000190022
0.000471917
0.000784784
0.00134339
0.00243272
0.0038832
0.00647835
0.0102476
0.0158167
0.0241125
0.03546
0.0513254
0.0724768
0.100038
0.135451
0.179441
0.2331
0.296904
0.370583
0.453232
0.542892
0.636018
0.728521
0.815105
0.889872
0.947908
0.984103
0.995261
0.979836
0.937685
0.871267
0.784934
0.68446
0.576956
0.469671
0.368227
0.27758
0.200459
0.137868
0.0901309
0.055869
0.0326454
0.0179196
0.00908786
0.0038187
0.00134931
0.000520777
0.00024171
0.00014343
-5.53765e-06
-0.000254454
-0.000101506
0.000256533
9.85137e-05
-0.000128626
-0.000113391
-3.69328e-07
9.63763e-05
0.000151461
-0.00013849
-0.000199151
0.000145029
0.000203469
-0.000145833
-0.000147575
9.84898e-05
9.02608e-05
-2.31371e-05
-5.91698e-05
-5.23729e-05
5.27922e-05
0.000124878
-9.05737e-05
-0.000152091
0.000128754
0.000161018
-0.000183539
-0.000124726
0.000212253
8.22637e-05
-0.000236625
-1.80604e-05
0.000232091
-3.86175e-05
-0.000218929
9.79237e-05
0.000187205
-0.000146684
-3.48259e-05
3.95447e-05
2.39211e-05
-3.2065e-05
-1.82192e-05
1.86989e-05
1.55775e-05
9.91675e-06
-3.809e-05
-2.79035e-05
6.73232e-05
4.88135e-05
-0.000125491
-3.57497e-05
0.000172522
1.58454e-05
-0.000224346
3.67931e-05
0.000233905
-7.53031e-05
-0.000220005
9.91788e-05
0.000168505
-7.31656e-05
-0.000105641
-1.02134e-05
6.84234e-05
0.000109737
-4.04477e-05
-0.000225922
6.66546e-05
0.000246594
-3.79446e-05
-0.000228376
3.06921e-06
9.92093e-05
0.000127023
1.32926e-05
-0.000233996
-0.000131931
0.000236292
0.000280809
0.000390724
0.00143925
0.00385454
0.008967
0.0180055
0.0326742
0.0557586
0.0902148
0.13789
0.20035
0.277681
0.368218
0.469587
0.577056
0.684429
0.784875
0.871363
0.937635
0.979797
0.99536
0.984017
0.94792
0.889938
0.815011
0.728578
0.636033
0.542823
0.453299
0.370566
0.296858
0.233176
0.179387
0.135445
0.100102
0.0723902
0.0513856
0.0354586
0.0240562
0.0158991
0.010182
0.00649659
0.00391617
0.00237031
0.00140173
0.000757738
0.000459245
0.0002305
0.000119534
7.46616e-05
2.8647e-05
1.10112e-05
1.88573e-05
-5.3415e-06
1.41966e-06
1.24511e-05
-1.82692e-05
1.69657e-05
-6.63718e-06
