-1.87246e-05
3.13438e-05
-3.31441e-05
2.23988e-05
-1.25867e-06
-2.32203e-05
4.24414e-05
-4.51283e-05
3.17644e-05
5.15639e-06
-3.02469e-05
7.82362e-05
-3.06422e-05
9.77298e-05
0.000135515
0.000174797
0.000510932
0.000708205
0.00138936
0.00237218
0.00385119
0.00646769
0.0101383
0.0158014
0.0239866
0.0353878
0.0512155
0.072355
0.099956
0.135317
0.179419
0.233034
0.29698
0.370716
0.453465
0.543284
0.636449
0.729071
0.815611
0.890392
0.948254
0.984378
0.995338
0.979684
0.937434
0.870719
0.784321
0.683781
0.576321
0.469135
0.367939
0.27736
0.200382
0.138004
0.0902309
0.0561458
0.0329455
0.0181132
0.0091925
0.0040016
0.00136537
0.000593611
0.000365891
6.44271e-05
-6.2361e-05
-0.000169389
-8.94083e-05
0.000191831
0.000192888
-0.00020881
-0.000168815
0.000123245
0.000135962
-2.93118e-05
-7.19718e-05
-9.65514e-05
5.10185e-05
0.000187428
-5.50263e-05
-0.000235456
7.44125e-05
0.000243022
-0.000104088
-0.000201991
0.000106429
0.000157433
-0.00010593
-9.52593e-05
7.29498e-05
5.9842e-05
-4.59566e-05
-2.69943e-05
5.14143e-06
2.27619e-05
1.86779e-05
-2.16911e-05
-3.99623e-05
3.35207e-05
4.45881e-05
-4.15841e-05
0.000159465
-0.000198532
-0.000112524
0.000228764
5.60061e-05
-0.00024024
-3.91902e-06
0.000243432
-5.37477e-05
-0.000218264
8.75008e-05
0.000189959
-0.000113941
-0.00013606
9.46437e-05
9.83893e-05
-5.79882e-05
-5.82856e-05
-2.24304e-05
5.71273e-05
0.000103706
-7.3711e-05
-0.000181317
0.000108721
0.000225892
-0.000137911
-0.000211488
0.000105873
0.000176779
-3.90395e-05
-8.63281e-05
-0.000115387
4.14423e-05
0.000220761
3.34732e-05
-0.000297069
-7.63531e-05
0.000202127
0.000257538
0.000559008
0.00149746
0.00391878
0.00913781
0.0182473
0.0328687
0.0560914
0.0903581
0.137929
0.200337
0.277475
0.367869
0.469093
0.576438
0.683692
0.784308
0.870818
0.937338
0.979699
0.995411
0.984286
0.948286
0.890449
0.815508
0.729141
0.636462
0.543199
0.453561
0.370674
0.296945
0.233111
0.179357
0.13532
0.100011
0.0722839
0.0512515
0.035414
0.023912
0.0158801
0.0101022
0.00644007
0.00392764
0.00228772
0.00143884
0.000716105
0.00045355
0.000250313
7.88006e-05
0.000111595
-3.64325e-07
2.29559e-05
2.20693e-05
-2.14014e-05
2.44349e-05
-1.18161e-05
1.09174e-06
7.54927e-06
-1.01385e-05
8.77304e-06
-5.36553e-06
1.75612e-06
