0.000105771
-0.00010906
1.246e-06
0.000117324
-0.000124173
-2.03122e-06
0.000141831
-0.000142574
-1.43652e-05
0.000170133
-0.000148316
-3.78699e-05
0.000181786
-0.000119722
-6.56352e-05
0.000145676
-4.23996e-05
-7.40115e-05
3.76894e-05
6.36368e-05
-2.86915e-05
-0.000116717
0.000125155
7.33929e-05
-0.000206235
6.25484e-05
0.000143669
-9.92736e-05
-7.81583e-05
4.46498e-05
0.000143745
-8.00334e-05
-0.000144558
0.000235124
0.000230143
0.000202303
0.000622929
0.00160124
0.00324049
0.00568707
0.0104992
0.0188102
0.031626
0.0508002
0.0785026
0.117472
0.169083
0.234087
0.31269
0.403697
0.504494
0.60985
0.713702
0.809466
0.890849
0.952301
0.988952
0.998304
0.979955
0.936408
0.871774
0.791222
0.700374
0.604582
0.509212
0.418549
0.33619
0.264079
0.203118
0.153011
0.112834
0.0813913
0.0572576
0.0392735
0.0261233
0.0168988
0.0105389
0.00639326
0.00371738
0.00210965
0.00114174
0.000604275
0.000307399
0.000147837
7.57766e-05
2.75875e-05
2.06384e-05
-8.62387e-08
9.13568e-06
-5.32027e-06
6.51037e-06
-5.4986e-06
5.18339e-06
-4.4975e-06
3.87356e-06
-3.18146e-06
2.48607e-06
-1.77786e-06
1.06765e-06
-3.55886e-07
3.56031e-07
-1.06729e-06
1.77897e-06
-2.48269e-06
3.19146e-06
-3.84479e-06
4.57801e-06
-4.96438e-06
6.07742e-06
-5.02494e-06
9.02006e-06
-1.96799e-07
2.10238e-05
2.688e-05
7.68479e-05
0.000146371
0.000309269
0.000602014
0.00114435
0.00210679
0.00372035
0.00639037
0.0105415
0.0168968
0.0261244
0.0392735
0.0572562
0.0813941
0.11283
0.153017
0.203111
0.264086
0.336183
0.418555
0.509209
0.604582
0.700377
0.791215
0.871783
0.936397
0.979967
0.998294
0.988958
0.952301
0.890843
0.809477
0.713687
0.609866
0.50448
0.403704
0.312692
0.234075
0.169102
0.117451
0.0785207
0.0507915
0.0316214
0.0188277
0.0104735
0.00571268
0.00322435
0.00160095
0.000641033
0.00017209
0.000260974
0.000216838
-0.000147978
-5.46297e-05
0.000106445
7.67937e-05
-8.87244e-05
-0.000117439
0.000183282
2.12711e-05
-0.000186172
8.76749e-05
8.23104e-05
-6.90575e-05
-5.19341e-05
4.58353e-05
8.79043e-05
-0.000125293
-2.52835e-05
0.000177254
-0.000126501
-7.26685e-05
0.000185283
-9.26927e-05
-8.23793e-05
0.000146192
-5.52849e-05
-6.74647e-05
9.60515e-05
-2.85586e-05
-4.48971e-05
5.61857e-05
-1.5555e-05
-2.57472e-05
3.51457e-05
-1.51938e-05
