-5.53732e-11
-2.60131e-10
-1.12013e-09
-4.5913e-09
-1.79274e-08
-6.66238e-08
-2.35409e-07
-7.89972e-07
-2.51463e-06
-7.58319e-06
-2.1635e-05
-5.83139e-05
-0.000148277
-0.000355178
-0.000800443
-0.00169542
-0.00337333
-0.00630665
-0.0110964
-0.0184367
-0.0290921
-0.0439466
-0.0641504
-0.0912682
-0.127219
-0.173841
-0.232239
-0.302369
-0.383205
-0.473119
-0.5697
-0.668948
-0.764997
-0.851255
-0.921904
-0.972114
-0.997527
-0.995145
-0.965045
-0.910152
-0.834468
-0.742982
-0.642501
-0.540035
-0.44075
-0.348883
-0.268274
-0.200464
-0.145068
-0.101857
-0.0696931
-0.0460693
-0.0294403
-0.0185294
-0.0111704
-0.00642174
-0.00382323
-0.00205974
-0.00101305
-0.000680825
-0.000248527
-9.94897e-05
-0.000162241
5.11473e-05
-3.94412e-05
-4.68929e-05
7.68098e-05
-7.75782e-05
3.89802e-05
1.02691e-05
-5.10732e-05
6.84846e-05
-6.06781e-05
3.44342e-05
-1.10431e-06
-2.85533e-05
4.73889e-05
-5.28897e-05
4.64765e-05
-3.19579e-05
1.38818e-05
3.72694e-06
-1.80607e-05
2.77029e-05
-3.24409e-05
3.29022e-05
-3.01618e-05
2.54141e-05
-1.97468e-05
1.40195e-05
-8.82564e-06
4.50958e-06
-1.21415e-06
-1.06276e-06
2.41477e-06
-2.98378e-06
2.92908e-06
-2.4083e-06
1.56821e-06
-5.4293e-07
5.4293e-07
-1.56821e-06
2.4083e-06
-2.92908e-06
2.98378e-06
-2.41477e-06
1.06276e-06
1.21415e-06
-4.50958e-06
8.82564e-06
-1.40195e-05
1.97468e-05
-2.54141e-05
3.01618e-05
-3.29022e-05
3.24409e-05
-2.77029e-05
1.80607e-05
-3.72694e-06
-1.38818e-05
3.19579e-05
-4.64765e-05
5.28897e-05
-4.73889e-05
2.85533e-05
1.10431e-06
-3.44342e-05
6.06781e-05
-6.84846e-05
5.10732e-05
-1.02691e-05
-3.89802e-05
7.75782e-05
-7.68098e-05
4.68929e-05
3.94412e-05
-5.11473e-05
0.000162241
9.94897e-05
0.000248527
0.000680825
0.00101305
0.00205974
0.00382323
0.00642174
0.0111704
0.0185294
0.0294403
0.0460693
0.0696931
0.101857
0.145068
0.200464
0.268274
0.348883
0.44075
0.540035
0.642501
0.742982
0.834468
0.910152
0.965045
0.995145
0.997527
0.972114
0.921904
0.851255
0.764997
0.668948
0.5697
0.473119
0.383205
0.302369
0.232239
0.173841
0.127219
0.0912682
0.0641504
0.0439466
0.0290921
0.0184367
0.0110964
0.00630665
0.00337333
0.00169542
0.000800443
0.000355178
0.000148277
5.83139e-05
2.1635e-05
7.58319e-06
2.51463e-06
7.89972e-07
2.35409e-07
6.66238e-08
1.79274e-08
4.5914e-09
1.1207e-09
2.63098e-10
7.01259e-11
