-1.51323e-45
-6.27642e-44
-2.36881e-42
-8.17738e-41
-2.59266e-39
-7.57637e-38
-2.04692e-36
-5.12665e-35
-1.19312e-33
-2.58552e-32
-5.22663e-31
-9.87181e-30
-1.74455e-28
-2.88812e-27
-4.48388e-26
-6.53436e-25
-8.94546e-24
-1.15118e-22
-1.39334e-21
-1.58686e-20
-1.70108e-19
-1.7168e-18
-1.63144e-17
-1.4598e-16
-1.22986e-15
-9.75389e-15
-7.28021e-14
-5.11197e-13
-3.3752e-12
-2.0942e-11
-1.2202e-10
-6.67077e-10
-3.41842e-09
-1.64019e-08
-7.35925e-08
-3.08332e-07
-1.20435e-06
-4.37792e-06
-1.47812e-05
-4.62552e-05
-0.000133858
-0.000357413
-0.000878601
-0.00198492
-0.00411772
-0.00785103
-0.0138117
-0.0226077
-0.0349077
-0.0517473
-0.0748425
-0.10643
-0.148453
-0.201789
-0.26646
-0.342452
-0.429409
-0.525018
-0.624582
-0.722801
-0.814623
-0.893895
-0.953817
-0.989816
-0.999602
-0.98159
-0.936766
-0.869513
-0.784672
-0.687852
-0.58633
-0.485834
-0.390871
-0.305892
-0.232615
-0.171688
-0.123444
-0.0860752
-0.0583404
-0.0385903
-0.0245983
-0.0154315
-0.00931686
-0.00546371
-0.00320567
-0.0016966
-0.00100889
-0.000464279
-0.000281955
-0.000123585
-5.69089e-05
-4.52156e-05
5.736e-06
-2.73179e-05
1.72056e-05
-1.85971e-05
1.34668e-05
-1.03067e-05
6.00304e-06
-2.06049e-06
2.06049e-06
-6.00304e-06
1.03067e-05
-1.34668e-05
1.85971e-05
-1.72056e-05
2.73179e-05
-5.736e-06
4.52156e-05
5.69089e-05
0.000123585
0.000281955
0.000464279
0.00100889
0.0016966
0.00320567
0.00546371
0.00931686
0.0154315
0.0245983
0.0385903
0.0583404
0.0860752
0.123444
0.171688
0.232615
0.305892
0.390871
0.485834
0.58633
0.687852
0.784672
0.869513
0.936766
0.98159
0.999602
0.989816
0.953817
0.893895
0.814623
0.722801
0.624582
0.525018
0.429409
0.342452
0.26646
0.201789
0.148453
0.10643
0.0748425
0.0517473
0.0349077
0.0226077
0.0138117
0.00785103
0.00411772
0.00198492
0.000878601
0.000357413
0.000133858
4.62552e-05
1.47812e-05
4.37792e-06
1.20435e-06
3.08332e-07
7.35925e-08
1.64019e-08
3.41842e-09
6.67077e-10
1.2202e-10
2.0942e-11
3.3752e-12
5.11197e-13
7.28021e-14
9.75389e-15
1.22986e-15
1.4598e-16
1.63144e-17
1.7168e-18
1.70108e-19
1.58686e-20
1.39334e-21
1.15118e-22
8.94546e-24
6.53436e-25
4.48388e-26
2.88812e-27
1.74455e-28
9.87181e-30
5.22663e-31
2.58552e-32
1.19312e-33
5.12665e-35
2.04692e-36
7.57637e-38
2.59266e-39
8.17738e-41
2.36881e-42
6.27649e-44
1.54693e-45
