-6.93997e-05
-2.42242e-05
0.000115328
-1.8304e-05
-8.02644e-05
-3.47191e-05
0.000125974
5.06251e-05
-0.000172416
-3.08358e-05
0.000132883
0.000129733
-0.000201869
-0.000138281
0.000203475
0.000144786
-0.000124493
-0.000254649
0.000165321
0.00020329
-7.94812e-05
-0.000169389
-3.16949e-05
0.000172613
1.1761e-05
-7.4238e-07
-7.72504e-05
-0.000120644
7.93507e-05
0.000192876
2.82423e-05
-0.000267506
-0.000115889
0.0002425
0.000146654
-9.05781e-05
-0.000113912
-0.000113534
4.37114e-05
0.000156555
0.000204109
-0.000138892
-0.000347641
-2.20653e-05
7.15295e-05
0.000106321
0.000217396
0.000480821
0.000940291
0.00146882
0.00123338
-0.00165746
-0.00919499
-0.023342
-0.0473933
-0.0839541
-0.135068
-0.202597
-0.286152
-0.383397
-0.490123
-0.600704
-0.708329
-0.805919
-0.887462
-0.947773
-0.982821
-0.991615
-0.974361
-0.933052
-0.872123
-0.796262
-0.710572
-0.620682
-0.530989
-0.445127
-0.36601
-0.295293
-0.233802
-0.181652
-0.13861
-0.103807
-0.0761845
-0.0549755
-0.038917
-0.0268638
-0.0183683
-0.0122627
-0.00789134
-0.00517849
-0.00324627
-0.0018785
-0.00128236
-0.00071122
-0.000321579
-0.000334722
-0.000109565
6.61661e-08
-0.000153356
1.97148e-05
7.6314e-05
0.000226624
0.000190725
0.000404603
0.000781362
0.00112631
0.00199022
0.00328036
0.00502777
0.00802602
0.0122655
0.0182297
0.0270127
0.038893
0.0548553
0.0763337
0.103768
0.138508
0.181787
0.233766
0.295204
0.366121
0.445113
0.530903
0.620759
0.710602
0.796158
0.872172
0.933131
0.974235
0.991638
0.982949
0.947623
0.887469
0.806069
0.708186
0.600684
0.490272
0.383301
0.28609
0.202721
0.135054
0.0838412
0.0474698
0.0234301
0.00903291
0.00168917
-0.00108645
-0.00161143
-0.000980931
-0.00032061
-0.000278733
-0.000213993
3.0292e-05
9.0775e-05
0.000202098
0.000135731
-2.77923e-05
-0.000278511
-0.000131271
0.000264415
0.000129304
-5.58151e-05
-0.000114015
-9.37521e-05
1.27387e-05
0.000156266
0.000131781
-0.000154801
-0.000249906
0.00015136
0.000217272
-4.63066e-05
-0.000169785
-5.22064e-05
0.000145324
8.51664e-06
3.41133e-05
-7.00355e-05
-0.000107072
6.96611e-05
0.000129346
3.18215e-05
-0.000249797
-4.76993e-06
0.00023269
4.78502e-05
-0.000217607
-0.000114805
0.000259151
8.46763e-05
-0.000202868
-0.000123042
0.000190297
0.000145205
-0.000198989
-0.000119746
0.000150461
0.00015623
-0.000158348
