9.77007e-05
-5.08423e-05
-3.43491e-05
-1.59103e-06
8.93253e-05
-6.80175e-05
-2.65994e-05
4.62695e-05
-1.27337e-06
8.53756e-06
-5.18742e-05
3.60397e-05
-1.11472e-06
3.26586e-05
-4.94389e-05
-4.44537e-05
0.000110493
-1.28156e-06
-0.000103912
-1.7173e-05
0.000167393
-3.73935e-05
-0.0001847
9.95893e-05
0.000153697
-0.000120913
-0.000122369
0.000117018
0.000105611
-0.000121359
-4.99754e-05
5.8949e-05
2.62594e-05
5.48028e-05
-0.000115706
-4.74805e-05
0.000108561
0.000107033
-0.00014879
-0.0001348
0.000208691
4.99872e-05
-0.000109051
-6.26034e-05
1.39024e-05
0.000102263
5.7515e-05
-0.000121899
-0.000121863
0.000116384
0.000189185
-0.000145434
-0.000119548
3.88491e-05
5.11696e-05
0.000149516
-8.43727e-05
-0.000200284
3.63905e-05
0.000183244
4.60639e-05
-0.000128536
-0.000141519
-4.46327e-05
6.97166e-05
6.65818e-05
-0.000376115
-0.000551178
-0.000581639
-0.000974504
-0.00153207
-0.0027677
-0.00469116
-0.00694185
-0.0104062
-0.0155946
-0.0230069
-0.0336002
-0.0477018
-0.0661837
-0.0903554
-0.121309
-0.160066
-0.207269
-0.263062
-0.327411
-0.400165
-0.480923
-0.568689
-0.662319
-0.760072
-0.859889
-0.959912
-1.05766
-1.15041
-1.23533
-1.30877
-1.36746
-1.40859
-1.42961
0.996244
1.00199
1.01152
1.02247
1.03056
1.03114
1.0205
0.995005
0.953402
0.896498
0.826003
0.745683
0.659501
0.571026
0.484489
0.402858
0.32847
0.263194
0.207158
0.160074
0.121471
0.0902771
0.065893
0.0474268
0.0336199
0.0233498
0.0157793
0.0103666
0.00667292
0.00445133
0.00300854
0.00175235
0.000974218
0.000495361
0.000257536
0.0004479
0.000229327
-8.22332e-05
-5.36051e-05
-1.40536e-05
0.000115575
0.000163428
-0.000110299
-0.000165152
2.84053e-05
0.000188101
-2.31492e-06
-0.000107671
-4.9391e-05
-1.92192e-05
0.000184846
2.00174e-05
-0.000222982
6.05595e-06
0.000164131
1.58049e-05
-9.06823e-05
-6.96473e-05
6.07203e-05
6.08353e-05
5.10879e-05
-0.000161573
-5.03579e-05
0.000223952
-2.48807e-05
-0.00015814
-3.24078e-06
0.00015772
-2.39846e-05
-0.000103893
2.19326e-05
3.06892e-05
4.23525e-05
-1.51664e-05
-0.000104327
4.95607e-05
0.000116319
-6.61585e-05
-0.000133919
9.82823e-05
0.000151286
-0.000188619
-5.40311e-05
0.000159968
3.5232e-05
-0.000169612
-1.07003e-07
0.000193343
-0.000107243
-8.73062e-05
7.06076e-05
9.56626e-05
-0.000110774
-5.68618e-05
0.000145406
-3.98024e-05
-6.536e-05
1.49455e-06
0.000111185
-7.29141e-05
