-1.52735e-05
2.21885e-05
-1.73405e-05
4.27942e-06
8.69347e-06
-1.37005e-05
8.34861e-06
2.52566e-06
-9.80076e-06
6.22542e-06
7.95051e-06
-2.37598e-05
2.82904e-05
-1.3213e-05
-1.79722e-05
4.95014e-05
-6.07412e-05
3.97983e-05
8.95138e-06
-5.93542e-05
8.82392e-05
-6.41005e-05
2.41163e-05
6.67117e-05
-3.89164e-05
0.000147567
0.000138039
0.000267561
0.000590355
0.00096312
0.00169629
0.00297325
0.00486226
0.00786168
0.0125609
0.0191505
0.0288763
0.0423855
0.0605279
0.0848952
0.116235
0.155816
0.204825
0.263816
0.332894
0.411887
0.498909
0.591175
0.685182
0.775485
0.856726
0.923496
0.970516
0.993687
0.990872
0.96098
0.905218
0.827482
0.732799
0.627879
0.520119
0.415929
0.320071
0.236588
0.16739
0.112825
0.0724442
0.0444105
0.0256324
0.0136019
0.00664229
0.0028931
0.00114719
0.000599381
0.000354644
-0.000150226
-0.000266305
8.83132e-05
0.000240303
-3.41985e-05
-0.000137641
-3.90022e-05
3.81501e-05
8.1792e-05
6.5028e-05
-0.000120068
-0.00013828
0.00014234
0.00018736
-0.000156589
-0.000214336
0.000167589
0.000221318
-0.000172485
-0.000220922
0.000179996
0.000211697
-0.000185234
-0.000202975
0.00019359
2.81705e-05
-2.22974e-05
-2.6725e-05
8.11426e-06
1.75358e-05
1.92833e-05
-6.77665e-06
-5.50821e-05
-1.04164e-05
0.000105214
2.6056e-05
-0.000159903
-4.45848e-05
0.000215699
6.36863e-05
-0.000261766
-7.82229e-05
0.000273084
0.000101194
-0.000252516
-0.00010303
0.000155385
0.00011733
-3.5536e-05
-8.20502e-05
-0.000129634
0.000165391
0.000687182
0.00127856
0.00272927
0.00661589
0.0137793
0.0255388
0.044305
0.0726044
0.112818
0.167237
0.236712
0.320121
0.415772
0.520193
0.627971
0.732653
0.827513
0.905337
0.960843
0.990884
0.993803
0.970403
0.923484
0.856849
0.775377
0.685167
0.591296
0.498798
0.411888
0.332993
0.263718
0.204828
0.155911
0.116129
0.0849189
0.0606081
0.0422671
0.0289404
0.0191843
0.0124656
0.007938
0.00486344
0.0029017
0.00177592
0.000941631
0.000533637
0.000363768
6.94734e-05
0.000141049
3.92755e-05
-3.39623e-05
8.66604e-05
-5.49951e-05
1.8998e-05
2.48372e-05
-4.15687e-05
3.32352e-05
-9.2298e-06
-1.08585e-05
1.50229e-05
-3.30073e-06
-1.30948e-05
2.04977e-05
-1.17473e-05
-9.31629e-06
3.03544e-05
-3.8016e-05
2.59036e-05
1.49665e-06
-3.09615e-05
4.74528e-05
-4.20441e-05
1.66794e-05
