-1.79357e-05
3.17909e-05
-5.61197e-05
5.22683e-05
-7.89677e-06
1.33295e-05
-5.18014e-05
-2.18044e-05
0.000120552
-2.96287e-05
-7.51717e-05
-7.11503e-05
0.000168304
7.48851e-05
-0.00020293
-7.57578e-05
0.000158004
0.000183226
-0.000210065
-0.000180852
0.000169887
0.00018021
-8.34587e-05
-0.000194708
3.36563e-05
0.000127167
2.85313e-05
-3.1671e-06
-9.60708e-05
-0.000121113
0.000120845
0.00018857
-1.04181e-05
-0.000296813
-3.89024e-05
0.000248839
7.01582e-05
-3.28191e-05
-0.000149857
-8.97404e-05
1.49231e-05
0.00022306
0.000182522
-0.000232151
-0.000261702
-1.15519e-05
2.7462e-05
0.000112519
0.000240598
0.000441645
0.000962383
0.00157905
0.00138762
-0.0016253
-0.00895165
-0.0231408
-0.0473153
-0.0837665
-0.134996
-0.202726
-0.286357
-0.383672
-0.490552
-0.601176
-0.70871
-0.806257
-0.887849
-0.947844
-0.982848
-0.991622
-0.97408
-0.932742
-0.871898
-0.795838
-0.710254
-0.620489
-0.530737
-0.444972
-0.365986
-0.295243
-0.233779
-0.181735
-0.138667
-0.10382
-0.076296
-0.0550612
-0.0388992
-0.0269802
-0.0184261
-0.0122151
-0.00799563
-0.00520695
-0.00317097
-0.00198951
-0.00127189
-0.000641165
-0.000437905
-0.000305001
-6.85337e-05
-0.00015159
0.000416935
0.000383661
0.000827021
0.00124176
0.00190714
0.00333014
0.005128
0.00793636
0.0123624
0.018325
0.0269484
0.03903
0.054955
0.0762824
0.103932
0.138569
0.181726
0.233874
0.295168
0.36596
0.445064
0.530688
0.620434
0.710352
0.795816
0.871801
0.932864
0.974073
0.99149
0.982988
0.947849
0.887697
0.806398
0.708728
0.601027
0.490662
0.383716
0.286233
0.202763
0.135093
0.0836672
0.0472736
0.0232829
0.0088941
0.00150465
-0.0012198
-0.0015942
-0.00111277
-0.000319327
-0.00018845
-0.000244892
-1.60678e-05
0.00014442
0.000177579
0.000132554
-2.70753e-05
-0.000212698
-0.000189433
0.000197156
0.000241054
-9.9035e-05
-0.000105977
-0.000106273
3.09947e-05
0.000124644
0.000126735
-8.8075e-05
-0.000270928
8.45233e-05
0.000249469
-4.17879e-06
-0.00018996
-6.10024e-05
0.000111756
7.21286e-05
-1.79847e-05
-2.60649e-05
-0.000123216
3.58057e-05
0.000171469
-6.18812e-07
-0.000179858
-9.76404e-05
0.000271223
5.72122e-05
-0.00021756
-9.82996e-05
0.000186516
0.000160551
-0.000240296
-8.19906e-05
0.00014401
0.000132403
-0.000141638
-0.000148605
0.000177127
7.21626e-05
-8.47771e-05
-0.000143707
0.000128199
