0.000251252
6.75724e-06
-0.000177133
-0.000121503
0.0002269
9.7906e-05
-0.000165356
-0.000109959
7.96685e-05
0.000174235
-9.44908e-05
-9.59446e-05
3.64132e-06
6.12129e-05
5.47248e-05
-2.66212e-05
-2.97947e-05
-9.89654e-05
3.75179e-05
0.000179775
6.32676e-06
-0.000221905
-0.000100967
0.000227317
0.000201613
-0.000201409
-0.000205669
6.8837e-05
0.000160286
8.17126e-05
-9.06798e-05
-6.33716e-05
-0.000159665
6.10932e-05
0.000301033
4.56391e-05
-0.000232458
-0.000276183
4.07219e-05
0.000114876
0.000127731
0.000399167
0.000657229
0.00103052
0.00129718
-0.000136575
-0.00510075
-0.0157512
-0.034481
-0.0642785
-0.107906
-0.166732
-0.242017
-0.332603
-0.4349
-0.544145
-0.654117
-0.757694
-0.84819
-0.919842
-0.968348
-0.990671
-0.986417
-0.957247
-0.905667
-0.836548
-0.755274
-0.666698
-0.576109
-0.487898
-0.404912
-0.329645
-0.263376
-0.206537
-0.158906
-0.120007
-0.0890286
-0.0646933
-0.0460885
-0.0323766
-0.0221187
-0.0148213
-0.00992148
-0.00629671
-0.00395309
-0.00260684
-0.00145275
-0.000860746
-0.000640639
-0.000223419
-0.000150992
-0.000193158
3.81783e-05
-2.96471e-05
-9.82504e-05
8.88845e-05
-2.93239e-05
-6.69354e-05
9.70684e-05
-4.64962e-05
5.93411e-06
-4.08725e-06
1.52923e-05
1.46013e-05
1.46969e-05
6.85763e-05
8.8481e-05
0.000153609
0.000333937
0.000514286
0.000881505
0.00156649
0.00245911
0.00399313
0.00640987
0.00975817
0.0148765
0.0222293
0.0322051
0.0461536
0.0647955
0.0888675
0.120062
0.159004
0.2064
0.263403
0.329742
0.40482
0.487871
0.576216
0.666657
0.755181
0.836668
0.905677
0.957097
0.986538
0.990731
0.968166
0.919939
0.848281
0.757543
0.654136
0.544268
0.434818
0.332526
0.24214
0.166756
0.107741
0.0643697
0.0345959
0.0155728
0.00511522
0.000280814
-0.00137351
-0.0011359
-0.000539041
-0.000335262
-0.000287842
-0.000107634
0.00013554
0.000164466
0.000126251
0.000100993
-0.000261697
-0.000197685
0.000133759
0.00024885
2.30692e-05
-0.000233135
-3.8516e-05
2.71229e-05
8.0437e-05
0.000116632
-3.84331e-05
-0.000187996
-7.4304e-05
0.000225839
0.000166361
-0.000220799
-0.00019152
0.000148247
0.000191762
-5.06513e-05
-0.000213358
5.13019e-05
0.000113516
1.40702e-05
-5.39927e-05
-6.29986e-05
5.98753e-05
-1.61729e-05
5.94877e-05
-2.36489e-05
-6.65136e-05
1.31269e-05
3.68743e-05
8.39521e-05
-0.000124384
-2.95955e-05
6.43669e-05
