0.0167443
0.0349721
0.056637
0.0828532
0.115504
0.155748
0.204675
0.263354
0.33165
0.409472
0.495181
0.586256
0.679208
0.769028
0.850592
0.918161
0.966575
0.991794
0.991012
0.96342
0.910166
0.834258
0.740738
0.636058
0.527104
0.421055
0.323329
0.237974
0.167279
0.111352
0.0699734
0.0411359
0.0225017
0.0114915
0.00514491
0.00181713
0.000298377
-0.000170688
-1.01736e-05
0.000207699
-3.06179e-06
-0.00012693
-0.000153307
-1.85331e-05
0.000265309
3.77984e-05
-0.000163128
-0.000108505
3.91731e-05
0.000162952
7.35559e-05
-0.000221087
-7.93787e-05
0.000178166
5.90109e-05
-3.48043e-05
-0.000140775
-2.01453e-05
0.000189733
3.97739e-05
-0.000223198
1.40216e-05
0.000140747
9.88379e-06
-6.59043e-05
-8.56867e-05
5.65786e-05
0.000146946
-9.60592e-05
-0.000165438
0.000168682
8.76514e-05
-0.000154217
-3.67074e-05
0.000118633
-8.93811e-07
-4.28525e-05
-4.54478e-05
3.58178e-05
8.49302e-05
-6.53964e-05
-0.000108802
0.000137959
6.48209e-05
-0.000185308
1.71888e-05
0.00018619
-0.000108696
-0.000131156
0.00017108
3.95482e-05
-0.000180766
5.28537e-05
0.000143682
-0.00012438
-6.96368e-05
0.000153367
-1.40928e-05
-0.000141116
9.05233e-05
4.82051e-05
-7.0924e-05
-1.19469e-05
7.04313e-05
-2.1259e-05
-4.79374e-05
3.19985e-05
2.49607e-05
-2.313e-05
-1.56422e-05
2.73532e-06
3.57754e-05
-4.32025e-07
-7.10735e-05
3.21954e-05
9.47923e-05
-9.41397e-05
-8.15927e-05
0.000165429
1.04734e-05
-0.000188422
7.0325e-05
0.000168342
-0.000145644
-8.33584e-05
0.000131254
4.00716e-05
-9.38015e-05
-2.51161e-05
2.21131e-05
0.000105559
-4.07288e-05
-0.000157277
8.77872e-05
0.000173454
-0.000144869
-0.000120431
0.000125801
6.97952e-05
-2.07391e-05
-0.000119282
-3.75851e-05
0.000172814
7.39837e-05
-0.000229667
-2.60663e-05
0.000136366
7.8484e-05
-3.54607e-05
-0.000179446
-1.50161e-05
0.000225636
5.1664e-05
-0.000186192
-7.86668e-05
8.04953e-06
0.000219996
6.92628e-05
-0.000224006
-0.00011756
4.92361e-05
0.00013422
3.28511e-05
-0.000154971
0.000235719
0.00188477
0.00511641
0.0114618
0.0225736
0.0410619
0.0700098
0.111371
0.167219
0.238042
0.323287
0.421052
0.527144
0.636006
0.740773
0.834257
0.910135
0.963466
0.99098
0.991802
0.966612
0.918127
0.850669
0.769068
0.679314
0.586526
0.495543
0.410277
0.33297
0.265656
0.208638
0.162163
0.126009
0.0993313
0.0820982
0.0734567
