7.9841e-321
8.01869e-321
8.00386e-321
7.98904e-321
-1.23175e-60
-7.04886e-58
-1.97845e-55
-3.63029e-53
-4.89752e-51
-5.17973e-49
-4.47207e-47
-3.24082e-45
-2.01156e-43
-1.08595e-41
-5.16066e-40
-2.17968e-38
-8.24674e-37
-2.8132e-35
-8.69993e-34
-2.45035e-32
-6.31019e-31
-1.49081e-29
-3.24055e-28
-6.49702e-27
-1.20404e-25
-2.06629e-24
-3.28893e-23
-4.86189e-22
-6.68235e-21
-8.54725e-20
-1.01816e-18
-1.13016e-17
-1.16943e-16
-1.1283e-15
-1.01513e-14
-8.51617e-14
-6.66029e-13
-4.85406e-12
-3.29494e-11
-2.0817e-10
-1.22302e-09
-6.67476e-09
-3.37971e-08
-1.58537e-07
-6.8779e-07
-2.75438e-06
-1.01601e-05
-3.44382e-05
-0.000106986
-0.000303795
-0.000786402
-0.00185154
-0.00396
-0.00770021
-0.0136766
-0.0224252
-0.0345564
-0.0511846
-0.0742505
-0.106104
-0.14843
-0.201762
-0.266343
-0.342756
-0.430476
-0.526316
-0.625695
-0.724275
-0.816528
-0.895223
-0.954526
-0.990571
-0.999667
-0.980622
-0.935799
-0.868201
-0.782742
-0.686433
-0.585008
-0.484503
-0.390373
-0.30546
-0.232481
-0.17207
-0.123635
-0.0865986
-0.0587953
-0.0389321
-0.0250486
-0.0156351
-0.00958092
-0.00560935
-0.00329865
-0.00179767
-0.00102535
-0.000514551
-0.000288466
-0.00013191
-7.2885e-05
-3.17e-05
3.17e-05
7.2885e-05
0.00013191
0.000288466
0.000514551
0.00102535
0.00179767
0.00329865
0.00560935
0.00958092
0.0156351
0.0250486
0.0389321
0.0587953
0.0865986
0.123635
0.17207
0.232481
0.30546
0.390373
0.484503
0.585008
0.686433
0.782742
0.868201
0.935799
0.980622
0.999667
0.990571
0.954526
0.895223
0.816528
0.724275
0.625695
0.526316
0.430476
0.342756
0.266343
0.201762
0.14843
0.106104
0.0742505
0.0511846
0.0345564
0.0224252
0.0136766
0.00770021
0.00396
0.00185154
0.000786402
0.000303795
0.000106986
3.44382e-05
1.01601e-05
2.75438e-06
6.8779e-07
1.58537e-07
3.37971e-08
6.67476e-09
1.22302e-09
2.0817e-10
3.29494e-11
4.85406e-12
6.66029e-13
8.51617e-14
1.01513e-14
1.1283e-15
1.16943e-16
1.13016e-17
1.01816e-18
8.54725e-20
6.68235e-21
4.86189e-22
3.28893e-23
2.06629e-24
1.20404e-25
6.49702e-27
3.24055e-28
1.49081e-29
6.31019e-31
2.45035e-32
8.69993e-34
2.8132e-35
8.24674e-37
2.17968e-38
5.16066e-40
1.08595e-41
2.01156e-43
3.24082e-45
4.47207e-47
5.17973e-49
4.89752e-51
3.63029e-53
1.97845e-55
7.04886e-58
1.23175e-60
0
0
0
0
