-7.97857e-05
9.80229e-05
-4.20577e-05
-4.23899e-05
8.88865e-05
-6.4368e-05
-5.16877e-06
5.91399e-05
-5.60559e-05
8.90956e-06
3.04061e-05
-2.38845e-05
-1.35429e-05
2.98045e-05
5.84119e-06
-6.15467e-05
6.8636e-05
3.20033e-06
-9.91983e-05
0.000122059
-3.29628e-05
-9.44988e-05
0.000138614
-5.716e-05
-6.10632e-05
9.09818e-05
-1.50157e-05
-5.51688e-05
1.81336e-05
8.07593e-05
-9.78426e-05
-1.83211e-05
0.000139883
-0.000113384
-3.05123e-05
0.000104569
-1.94957e-05
-8.249e-05
2.89359e-05
0.000116469
-0.000130549
-2.92694e-05
0.000137106
-3.81937e-05
-9.4564e-05
2.78373e-05
0.000136758
-0.000111072
-8.53326e-05
0.000130616
4.43678e-05
-0.000111208
-7.17957e-05
0.000173483
1.05371e-05
-0.000145678
-2.36539e-05
0.000154485
3.98964e-05
-0.000186841
-1.4211e-05
0.000150611
9.09537e-05
-0.000152441
-4.53597e-06
0.000353938
0.000641043
0.00103047
0.00224542
0.00498724
0.00960107
0.0171254
0.0292978
0.0485646
0.0769114
0.116255
0.168242
0.234375
0.314814
0.407877
0.509879
0.615797
0.719774
0.815388
0.896087
0.955837
0.990267
0.997285
0.977422
0.933281
0.86911
0.790099
0.70212
0.611192
0.523169
0.443156
0.375261
0.322374
0.286329
0.2681
0.357785
0.378004
0.417553
0.474509
0.545791
0.627049
0.712896
0.797193
0.873627
0.936063
0.979079
0.998239
0.990798
0.956123
0.896237
0.815463
0.719812
0.615813
0.509888
0.407879
0.314817
0.234374
0.168245
0.116253
0.0769134
0.0485631
0.0292987
0.0171253
0.00960018
0.00498923
0.00224231
0.00103463
0.000636017
0.000359497
-1.01748e-05
-0.000147281
8.68877e-05
0.000152975
-1.43595e-05
-0.00018923
4.48645e-05
0.000147253
-1.48578e-05
-0.000154978
1.90188e-05
0.000167232
-6.90451e-05
-0.000109594
3.81789e-05
0.000140764
-9.7959e-05
-9.81696e-05
0.000126165
3.36581e-05
-9.38649e-05
-4.59003e-05
0.000150703
-4.60369e-05
-0.000114501
0.000105352
3.17048e-05
-7.53982e-05
-3.53037e-05
0.000125212
-5.01554e-05
-0.00010096
0.000139279
-3.07139e-05
-7.56266e-05
5.57402e-05
3.71276e-05
-6.05967e-05
-2.62816e-05
0.000115786
-9.03986e-05
-3.51414e-05
0.000133848
-0.000110333
-2.15886e-06
8.94299e-05
-8.00601e-05
7.78945e-06
4.09588e-05
-2.33179e-05
-2.36686e-05
3.42007e-05
1.12621e-05
-6.5885e-05
6.65711e-05
2.49905e-07
-8.18896e-05
0.000105747
-4.44838e-05
-5.81495e-05
0.000121926
-9.48537e-05
-5.10541e-06
0.000103529
-0.000126359
5.59096e-05
