0.000189082
2.07104e-05
-0.000246886
5.78382e-05
0.000183089
-1.25284e-05
-0.000219602
2.26841e-05
0.000251811
-7.86264e-05
-0.000194493
2.53612e-05
0.000234586
-4.67402e-05
-0.000224208
6.18357e-05
0.000165854
-1.14242e-05
-0.000153857
3.0414e-07
0.000101833
1.73624e-05
-1.77764e-05
-5.83496e-05
-6.92601e-05
0.000114801
0.0001093
-9.37333e-05
-0.000198795
9.13297e-05
0.000258945
-0.000116555
-0.000168243
-1.42653e-05
0.000149505
6.44068e-05
-4.94555e-05
-7.08472e-05
-0.000150657
0.00014225
0.000223682
-9.62575e-05
-0.000226441
-2.14567e-05
0.000156833
0.00011757
-1.51876e-05
-9.02393e-05
-0.000231154
6.25732e-05
0.000311505
3.18851e-05
-0.00011357
-0.000178019
-0.000138717
-4.48289e-06
0.000126268
0.000104859
0.000147542
0.000784915
0.00172454
0.00200933
0.000938831
-0.00373256
-0.0143211
-0.0329622
-0.0629775
-0.107054
-0.166878
-0.243271
-0.334839
-0.438046
-0.547805
-0.657788
-0.761116
-0.850935
-0.921799
-0.969178
-0.990354
-0.985252
-0.955088
-0.902922
-0.83381
-0.752429
-0.664143
-0.574278
-0.486408
-0.403932
-0.329344
-0.263311
-0.206722
-0.159529
-0.120688
-0.0898412
-0.0659209
-0.0475717
-0.0343693
-0.0252261
-0.0193184
-0.0166745
0.0377868
0.0428468
0.0532425
0.0694405
0.0921405
0.122167
0.160281
0.207283
0.263659
0.329396
0.404113
0.486487
0.574184
0.664275
0.752432
0.833694
0.903067
0.95505
0.985149
0.990509
0.969112
0.921718
0.851086
0.761038
0.657726
0.547936
0.43798
0.334782
0.243377
0.166848
0.106975
0.0630695
0.0329738
0.0142075
0.00381914
-0.000884785
-0.00216462
-0.00162941
-0.000713777
-0.000310268
-2.77687e-05
-3.90605e-05
-0.000136716
0.000167454
0.000282908
2.25848e-05
-8.15518e-05
-0.000183264
-9.12872e-05
9.79333e-05
0.000238399
3.00897e-05
-0.000273975
-5.82057e-05
9.98136e-05
8.86229e-05
0.000100421
-9.34407e-05
-0.000211022
4.22016e-05
0.000217423
7.30684e-05
-0.00023911
-5.11821e-05
0.00010618
4.9349e-05
6.58036e-05
-0.000107986
-0.000105537
3.42164e-05
0.000208024
-1.63395e-05
-0.000256396
3.00773e-05
0.000215813
-6.98985e-07
-0.000173167
-2.47265e-05
0.000133781
2.06057e-05
-6.90298e-05
-1.26182e-05
-2.90369e-05
7.18402e-05
3.54563e-05
-5.15874e-05
-8.78558e-05
4.84593e-05
0.000161891
-0.00012575
-0.000111746
7.73964e-05
0.000164541
-0.000103158
-0.000188873
0.000165444
0.000117503
-9.9691e-05
-0.000181342
0.000156771
