0.000163918
-8.01543e-05
-0.000120397
0.000128219
6.95348e-05
-0.000166682
8.82907e-06
0.000164573
-8.72192e-05
-0.000120411
0.000137558
5.59401e-05
-0.000151399
1.22132e-06
0.000153021
-7.36458e-05
-0.000101671
0.000103719
3.41443e-05
-6.74246e-05
-3.70974e-05
8.18803e-05
-1.0404e-05
-2.29314e-05
-2.03512e-05
-5.66732e-06
0.000103861
-8.13615e-05
-6.41265e-05
7.29323e-05
0.000101433
-0.000144897
-6.76579e-05
0.000202852
-4.13913e-05
-0.000126469
3.25321e-05
9.72384e-05
-2.0067e-05
-7.37911e-05
-1.4633e-05
4.60635e-05
6.30557e-05
-9.96984e-05
-0.00017647
0.000105305
-6.69438e-05
-0.000389211
-0.000417853
-0.00059022
-0.00103353
-0.00187876
-0.00298724
-0.00460033
-0.00695634
-0.0107597
-0.0163228
-0.0236147
-0.0338431
-0.0480826
-0.0667663
-0.0911274
-0.12187
-0.160175
-0.207307
-0.263296
-0.328132
-0.401581
-0.48265
-0.569211
-0.658101
-0.745261
-0.826078
-0.895893
-0.949432
-0.981643
-0.989458
-0.970891
-0.92638
-0.858326
-0.770076
-0.667475
-0.557346
-0.446321
-0.341349
-0.247295
-0.167746
-0.105163
-0.0592734
-0.0285649
-0.0101929
-0.00027595
0.0037987
0.00437987
0.0032887
0.00140592
1.96629e-05
-0.000447097
-0.00038908
1.69321e-05
4.8329e-05
6.99818e-05
0.000145191
0.000242797
0.000205125
-0.00023562
-0.00130686
-0.00290891
-0.00426206
-0.00392655
2.30922e-06
0.0100249
0.0288309
0.0594935
0.105144
0.167591
0.247034
0.341481
0.446582
0.557326
0.667402
0.769858
0.858333
0.926673
0.970862
0.989356
0.981544
0.949388
0.896135
0.826091
0.745092
0.658067
0.569243
0.48278
0.401577
0.328006
0.263261
0.207393
0.160281
0.121745
0.0910873
0.066819
0.0480787
0.0339359
0.0235054
0.0162557
0.0109154
0.00691446
0.00456121
0.0029927
0.00187559
0.00106814
0.000582848
0.000408349
0.000331574
0.000159072
-0.000106188
7.23022e-05
0.000199032
-8.28716e-05
-9.19831e-05
7.72721e-05
4.63262e-05
-4.62932e-06
-7.63921e-05
1.30581e-05
5.14516e-05
4.79836e-05
-0.000118934
-3.20378e-05
0.000190716
-8.58285e-05
-0.000116922
8.60335e-05
0.00011232
-0.000139256
-4.67706e-05
0.000150279
-4.02529e-05
-7.64476e-05
3.31407e-05
5.57825e-05
-3.9769e-05
-2.62553e-05
2.64419e-05
9.50624e-06
1.91704e-06
-2.70686e-05
-7.88756e-06
5.57011e-05
-2.14891e-05
-5.3655e-05
4.3065e-05
4.58829e-05
-6.48927e-05
-3.36177e-05
0.000103448
-3.09769e-05
-7.70777e-05
5.60255e-05
