0.000211556
-4.59466e-05
-0.000187609
5.77458e-05
0.000200621
-0.000114481
-0.000161699
0.000131092
0.00013253
-0.000129905
-0.000135582
0.000177831
6.09805e-05
-0.000132435
-5.63117e-05
0.000111289
5.97513e-05
-0.000121014
1.0606e-05
4.99919e-06
5.73597e-05
1.08836e-05
-7.60714e-05
-3.52168e-05
5.97678e-05
0.000146278
-0.000175166
-0.000107284
0.000171553
0.000110966
-0.000149713
-0.000139219
0.000161238
8.30041e-05
-7.34455e-05
-5.61091e-05
-5.11455e-05
7.04367e-05
0.00014483
-8.15986e-05
-0.000176136
1.29938e-05
0.00024801
-2.30479e-05
-0.000179334
-9.47569e-06
8.24608e-06
0.00014941
6.43009e-05
-0.000166081
-0.000155964
0.000118121
0.000207669
-3.53244e-05
-0.000147103
-6.90835e-05
-4.38726e-05
0.00023068
0.00014047
-0.000218206
-0.000143866
-1.25034e-05
0.000124195
0.000203184
3.00503e-05
-0.000203882
-0.000194484
5.94884e-06
5.59043e-05
-5.46761e-05
5.25755e-06
0.000119621
0.000912662
0.00214764
0.00266929
0.00169482
-0.00273909
-0.013208
-0.0318654
-0.0621304
-0.106858
-0.167609
-0.245298
-0.338341
-0.443108
-0.554903
-0.667352
-0.773897
-0.868601
-0.946083
-1.00282
-1.0373
-1.04991
-1.04334
-1.02195
-0.991199
-0.957169
-0.925658
-0.901609
-0.888651
1.23507
1.23568
1.23484
1.22989
1.2167
1.19103
1.14986
1.0907
1.01312
0.918833
0.81074
0.693698
0.573505
0.455944
0.346895
0.251044
0.171351
0.109111
0.0636485
0.0327998
0.0136258
0.00314113
-0.00148997
-0.00269293
-0.00197214
-0.000884213
-0.000225256
0.000143372
2.66337e-05
-0.00015406
0.000129496
0.000153965
0.000122114
8.05876e-05
-0.000223888
-0.000209051
0.000100179
0.000160465
0.000109805
-6.55223e-05
-0.000171955
-0.000103848
0.000154439
0.000217871
-0.000118233
-0.000136056
-3.52016e-05
2.05355e-05
0.000196989
3.50511e-05
-0.000243215
-4.88041e-05
0.000140551
0.000127596
-8.87847e-05
-8.90041e-05
-3.80252e-05
4.72678e-05
0.000195136
-0.000100223
-0.000203924
8.4194e-05
0.000176299
-3.79612e-05
-0.000140827
-6.20197e-07
8.84051e-05
2.1197e-05
2.40402e-05
-0.000137797
-2.40084e-05
0.000188392
9.21712e-07
-0.000164162
-5.94731e-05
0.000243851
-2.35624e-05
-0.000190475
4.13264e-05
0.000126157
-1.59838e-06
-0.000140838
5.42675e-05
5.38732e-05
-1.25718e-05
-2.42144e-05
-2.63446e-05
2.9538e-05
2.28342e-05
7.54811e-06
-7.16486e-05
1.0377e-05
8.83816e-05
-2.85665e-05
-9.08763e-05
3.59858e-05
0.000105022
-6.58034e-05
-9.24737e-05
8.039e-05
