7.97422e-321
8.01374e-321
7.93963e-321
8.04339e-321
7.90505e-321
8.02857e-321
7.95446e-321
7.94952e-321
8.1422e-321
7.79142e-321
8.22125e-321
7.8013e-321
8.0088e-321
8.16691e-321
7.61355e-321
8.33983e-321
7.93469e-321
7.61849e-321
8.49299e-321
7.86553e-321
7.49004e-321
8.54734e-321
8.24596e-321
7.17383e-321
8.0088e-321
8.99694e-321
7.97422e-321
6.67483e-321
7.47027e-321
9.3576e-321
9.97024e-321
8.43864e-321
-8.87572e-44
-3.58812e-41
-7.05767e-39
-9.00006e-37
-8.3652e-35
-6.04053e-33
-3.52731e-31
-1.71189e-29
-7.04317e-28
-2.49332e-26
-7.68241e-25
-2.07906e-23
-4.97783e-22
-1.06062e-20
-2.02069e-19
-3.45563e-18
-5.32107e-17
-7.39582e-16
-9.29658e-15
-1.05834e-13
-1.09223e-12
-1.02242e-11
-8.68211e-11
-6.68645e-10
-4.66719e-09
-2.94949e-08
-1.68511e-07
-8.68699e-07
-4.03126e-06
-1.67922e-05
-6.258e-05
-0.00020788
-0.000613105
-0.00159952
-0.00368187
-0.0074816
-0.0135144
-0.0220985
-0.0337682
-0.0500344
-0.0733835
-0.105892
-0.148257
-0.201144
-0.266267
-0.344054
-0.432116
-0.527823
-0.628261
-0.727445
-0.818963
-0.897541
-0.956557
-0.991257
-0.999463
-0.979575
-0.93375
-0.86557
-0.779961
-0.683678
-0.582496
-0.482774
-0.38902
-0.304907
-0.232441
-0.172351
-0.124346
-0.0872745
0.0872745
0.124346
0.172351
0.232441
0.304907
0.38902
0.482774
0.582496
0.683678
0.779961
0.86557
0.93375
0.979575
0.999463
0.991257
0.956557
0.897541
0.818963
0.727445
0.628261
0.527823
0.432116
0.344054
0.266267
0.201144
0.148257
0.105892
0.0733835
0.0500344
0.0337682
0.0220985
0.0135144
0.0074816
0.00368187
0.00159952
0.000613105
0.00020788
6.258e-05
1.67922e-05
4.03126e-06
8.68699e-07
1.68511e-07
2.94949e-08
4.66719e-09
6.68645e-10
8.68211e-11
1.02242e-11
1.09223e-12
1.05834e-13
9.29658e-15
7.39582e-16
5.32107e-17
3.45563e-18
2.02069e-19
1.06062e-20
4.97783e-22
2.07906e-23
7.68241e-25
2.49332e-26
7.04317e-28
1.71189e-29
3.52731e-31
6.04053e-33
8.3652e-35
9.00006e-37
7.05767e-39
3.58812e-41
8.87572e-44
0
0
0
0
0
0
0
0
0
0
0
0
0
0
0
0
0
0
0
0
0
0
0
0
0
0
0
0
0
0
0
0
