-2.11017e-34
-4.10128e-33
-7.48511e-32
-1.28698e-30
-2.08667e-29
-3.19303e-28
-4.61462e-27
-6.30267e-26
-8.13959e-25
-9.94406e-24
-1.14965e-22
-1.25816e-21
-1.30364e-20
-1.27907e-19
-1.18841e-18
-1.04561e-17
-8.71093e-17
-6.87031e-16
-5.12862e-15
-3.6224e-14
-2.41986e-13
-1.52817e-12
-9.11768e-12
-5.1362e-11
-2.72965e-10
-1.36742e-09
-6.45045e-09
-2.86215e-08
-1.19308e-07
-4.66575e-07
-1.70917e-06
-5.85512e-06
-1.87235e-05
-5.57824e-05
-0.000154521
-0.000397172
-0.000945481
-0.00208147
-0.00423504
-0.00797105
-0.0139268
-0.0227495
-0.0351474
-0.052128
-0.0752833
-0.106739
-0.148519
-0.201734
-0.266445
-0.342306
-0.428774
-0.523957
-0.623561
-0.72186
-0.813388
-0.892631
-0.953184
-0.98959
-0.999411
-0.982016
-0.937855
-0.870467
-0.785765
-0.689308
-0.587275
-0.486531
-0.391667
-0.306018
-0.232595
-0.171741
-0.122966
-0.0858287
-0.0580741
-0.0381008
-0.0245125
-0.0151059
-0.00915893
-0.00543144
-0.00299046
-0.00177731
-0.000875066
-0.000491561
-0.000271783
-7.63653e-05
-0.000114434
2.36723e-05
-5.37074e-05
2.05705e-05
-1.42541e-05
-1.78767e-06
9.49941e-06
-1.59203e-05
1.84243e-05
-1.88778e-05
1.74952e-05
-1.50768e-05
1.2024e-05
-8.68127e-06
5.22456e-06
-1.7423e-06
1.7423e-06
-5.22456e-06
8.68127e-06
-1.2024e-05
1.50768e-05
-1.74952e-05
1.88778e-05
-1.84243e-05
1.59203e-05
-9.49941e-06
1.78767e-06
1.42541e-05
-2.05705e-05
5.37074e-05
-2.36723e-05
0.000114434
7.63653e-05
0.000271783
0.000491561
0.000875066
0.00177731
0.00299046
0.00543144
0.00915893
0.0151059
0.0245125
0.0381008
0.0580741
0.0858287
0.122966
0.171741
0.232595
0.306018
0.391667
0.486531
0.587275
0.689308
0.785765
0.870467
0.937855
0.982016
0.999411
0.98959
0.953184
0.892631
0.813388
0.72186
0.623561
0.523957
0.428774
0.342306
0.266445
0.201734
0.148519
0.106739
0.0752833
0.052128
0.0351474
0.0227495
0.0139268
0.00797105
0.00423504
0.00208147
0.000945481
0.000397172
0.000154521
5.57824e-05
1.87235e-05
5.85512e-06
1.70917e-06
4.66575e-07
1.19308e-07
2.86215e-08
6.45045e-09
1.36742e-09
2.72965e-10
5.1362e-11
9.11768e-12
1.52817e-12
2.41986e-13
3.6224e-14
5.12862e-15
6.87031e-16
8.71093e-17
1.04561e-17
1.18841e-18
1.27907e-19
1.30364e-20
1.25816e-21
1.14965e-22
9.94406e-24
8.13959e-25
6.30267e-26
4.61462e-27
3.19303e-28
2.08667e-29
1.28698e-30
7.48511e-32
4.10177e-33
2.21734e-34
