0.000164821
3.73656e-06
-0.000149276
-4.63756e-05
0.000179991
5.60215e-05
-0.000186903
-8.0035e-05
0.000183252
0.000128204
-0.000191486
-0.000167762
0.000187249
0.000193595
-0.000150061
-0.000219173
9.00808e-05
0.000251117
-6.96877e-05
-0.00018232
-1.65936e-05
0.000114572
8.66689e-05
-6.18322e-05
-2.2991e-05
-0.000133376
3.77086e-05
0.000212662
3.04006e-05
-0.000202107
-0.000200912
0.000233942
0.000194242
-8.51191e-05
-0.000143428
-9.01524e-05
3.24173e-05
0.000142733
0.000178997
-5.89074e-05
-0.000349715
-0.000123608
0.000158064
8.91428e-05
0.000222182
0.00046422
0.000955569
0.00137349
0.00105868
-0.0017318
-0.00934003
-0.0236096
-0.0474984
-0.0840536
-0.135199
-0.202476
-0.285935
-0.383082
-0.48977
-0.600199
-0.707909
-0.805622
-0.887119
-0.947574
-0.9829
-0.991616
-0.974545
-0.933434
-0.872383
-0.796583
-0.710953
-0.620913
-0.531159
-0.445317
-0.366082
-0.295282
-0.233815
-0.181655
-0.138475
-0.103781
-0.0761626
-0.0548222
-0.0388949
-0.0268741
-0.0182073
-0.0122951
-0.00790528
-0.00504372
-0.0033091
-0.00189875
-0.00115643
-0.000808324
-0.000319091
-0.000229853
-0.000218452
2.62045e-05
-6.12821e-05
-9.12228e-05
9.11723e-05
-5.58483e-05
4.11881e-05
1.96283e-05
9.26994e-05
0.000133496
0.000207536
0.000437369
0.000696822
0.00115895
0.00201475
0.00317531
0.00507072
0.00801767
0.0121407
0.0182603
0.0269765
0.0387294
0.0548945
0.0762538
0.103614
0.138558
0.181733
0.233661
0.295355
0.366156
0.445189
0.531199
0.620994
0.710858
0.796572
0.872486
0.933375
0.974467
0.991753
0.982867
0.947446
0.88727
0.805625
0.707748
0.600337
0.489805
0.382935
0.286002
0.202565
0.135092
0.0840169
0.047639
0.0235621
0.0092107
0.00187877
-0.00102495
-0.00155325
-0.00085756
-0.000370816
-0.000348422
-0.00012477
-1.73674e-05
0.000104798
0.000193009
0.000175859
-8.5233e-05
-0.000311231
-3.5506e-05
0.000249268
7.96886e-05
-3.68728e-05
-0.000104356
-0.000115827
3.74228e-05
0.000158906
0.000152245
-0.000252916
-0.000173034
0.000175856
0.000182057
-4.93934e-05
-0.000209425
3.72775e-05
8.28466e-05
4.05108e-05
9.06133e-06
-7.88691e-05
-7.09596e-05
4.67073e-05
0.000158388
-2.48738e-05
-0.000214318
1.8982e-06
0.000233088
3.31798e-05
-0.000229389
-8.9341e-05
0.000253313
9.35523e-05
-0.00022865
-0.00011452
0.000193508
0.000168577
-0.000218231
-0.000147298
0.000173985
