-0.00986063
-0.0211353
-0.0352127
-0.0534941
-0.0775034
-0.10898
-0.149798
-0.201601
-0.265259
-0.34046
-0.425716
-0.518658
-0.616139
-0.713852
-0.806023
-0.885986
-0.947626
-0.986441
-0.999453
-0.984947
-0.943251
-0.87768
-0.793777
-0.697506
-0.594795
-0.49208
-0.39534
-0.30832
-0.232897
-0.170474
-0.12129
-0.0836382
-0.0555964
-0.0359424
-0.0227228
-0.0136806
-0.0079208
-0.00469538
-0.00257551
-0.00121753
-0.000770371
-0.000418338
-4.62762e-05
-0.000135192
-0.000100077
9.82692e-05
-6.77352e-05
-4.41361e-05
0.000101082
-7.91297e-05
-2.70071e-06
7.59867e-05
-9.17022e-05
4.55379e-05
2.59312e-05
-7.6379e-05
7.89964e-05
-3.80634e-05
-1.95394e-05
6.28291e-05
-7.29346e-05
4.95211e-05
-7.04323e-06
-3.46243e-05
5.94867e-05
-6.07845e-05
4.1406e-05
-1.06572e-05
-2.03404e-05
4.25976e-05
-5.14347e-05
4.67431e-05
-3.18596e-05
1.18249e-05
8.28577e-06
-2.45385e-05
3.46872e-05
-3.81694e-05
3.57402e-05
-2.89526e-05
1.9648e-05
-9.56067e-06
7.11391e-08
7.89596e-06
-1.38651e-05
1.77343e-05
-1.96698e-05
1.99984e-05
-1.91152e-05
1.74152e-05
-1.52493e-05
1.29006e-05
-1.05782e-05
8.42013e-06
-6.50337e-06
4.85575e-06
-3.46799e-06
2.30442e-06
-1.31161e-06
4.25181e-07
-4.25181e-07
1.31161e-06
-2.30442e-06
3.46799e-06
-4.85575e-06
6.50337e-06
-8.42013e-06
1.05782e-05
-1.29006e-05
1.52493e-05
-1.74152e-05
1.91152e-05
-1.99984e-05
1.96698e-05
-1.77343e-05
1.38651e-05
-7.89596e-06
-7.11391e-08
9.56067e-06
-1.9648e-05
2.89526e-05
-3.57402e-05
3.81694e-05
-3.46872e-05
2.45385e-05
-8.28577e-06
-1.18249e-05
3.18596e-05
-4.67431e-05
5.14347e-05
-4.25976e-05
2.03404e-05
1.06572e-05
-4.1406e-05
6.07845e-05
-5.94867e-05
3.46243e-05
7.04323e-06
-4.95211e-05
7.29346e-05
-6.28291e-05
1.95394e-05
3.80634e-05
-7.89964e-05
7.6379e-05
-2.59312e-05
-4.55379e-05
9.17022e-05
-7.59867e-05
2.70071e-06
7.91297e-05
-0.000101082
4.41361e-05
6.77352e-05
-9.82692e-05
0.000100077
0.000135192
4.62762e-05
0.000418338
0.000770371
0.00121753
0.00257551
0.00469538
0.0079208
0.0136806
0.0227228
0.0359424
0.0555964
0.0836382
0.12129
0.170474
0.232897
0.30832
0.39534
0.49208
0.594795
0.697506
0.793777
0.87768
0.943251
0.984947
0.999453
0.986441
0.947626
0.885986
0.806023
0.713853
0.616139
0.518659
0.425719
0.340471
0.265288
0.201676
0.149982
0.10941
0.0784593
0.0555118
0.0392531
0.0288095
0.0236926
