0.0264551
0.0569582
0.0940957
0.140224
0.198145
0.269305
0.352963
0.44721
0.548921
0.653152
0.753934
0.844769
0.918663
0.97004
0.99607
0.995112
0.966713
0.913659
0.84102
0.754225
0.659448
0.562578
0.467817
0.379137
0.300057
0.231937
0.175285
0.12997
0.0942378
0.0666244
0.046069
0.0307723
0.019796
0.0124442
0.00736648
0.00419255
0.00240914
0.00116657
0.000620333
0.00035295
6.47086e-05
0.000111697
2.69706e-05
-3.70324e-05
7.16937e-05
-5.03589e-05
1.30215e-05
3.06671e-05
-5.69867e-05
5.75383e-05
-3.42713e-05
-9.60913e-07
3.34992e-05
-5.17028e-05
5.07384e-05
-3.30294e-05
6.12535e-06
2.06832e-05
-3.95639e-05
4.61832e-05
-4.02557e-05
2.4821e-05
-4.78502e-06
-1.46817e-05
2.94283e-05
-3.70507e-05
3.70379e-05
-3.04623e-05
1.94132e-05
-6.36961e-06
-6.33932e-06
1.69024e-05
-2.42026e-05
2.78248e-05
-2.79453e-05
2.51575e-05
-2.02833e-05
1.42045e-05
-7.73476e-06
1.53852e-06
3.90664e-06
-8.31251e-06
1.1559e-05
-1.36596e-05
1.4722e-05
-1.4911e-05
1.44168e-05
-1.34302e-05
1.21267e-05
-1.06554e-05
9.13545e-06
-7.6552e-06
6.27444e-06
-5.0282e-06
3.93111e-06
-2.98172e-06
2.1665e-06
-1.46316e-06
8.43468e-07
-2.75351e-07
2.75351e-07
-8.43468e-07
1.46316e-06
-2.1665e-06
2.98172e-06
-3.93111e-06
5.0282e-06
-6.27444e-06
7.6552e-06
-9.13545e-06
1.06554e-05
-1.21267e-05
1.34302e-05
-1.44168e-05
1.4911e-05
-1.4722e-05
1.36596e-05
-1.1559e-05
8.31251e-06
-3.90664e-06
-1.53852e-06
7.73476e-06
-1.42045e-05
2.02833e-05
-2.51575e-05
2.79453e-05
-2.78248e-05
2.42026e-05
-1.69024e-05
6.33932e-06
6.36961e-06
-1.94132e-05
3.04623e-05
-3.70379e-05
3.70507e-05
-2.94283e-05
1.46817e-05
4.78502e-06
-2.4821e-05
4.02557e-05
-4.61832e-05
3.95639e-05
-2.06832e-05
-6.12533e-06
3.30295e-05
-5.07382e-05
5.17037e-05
-3.34962e-05
9.70766e-07
3.43026e-05
-5.74427e-05
5.72696e-05
-2.9859e-05
-1.07954e-05
5.62698e-05
-5.65764e-05
7.42439e-05
6.11197e-05
8.86983e-05
0.000373046
0.000564672
0.00122439
0.00238855
0.00415779
0.00743636
0.0123886
0.0197925
0.0308373
0.0459908
0.0666502
0.0942919
0.129878
0.175332
0.231984
0.299955
0.379195
0.467868
0.562464
0.659504
0.754296
0.840895
0.913692
0.96682
0.994989
0.99605
0.970188
0.918582
0.844674
0.754109
0.653217
0.548853
0.447531
0.353654
0.27027
0.200279
0.144773
0.102278
0.0714013
0.052008
0.0431937
