0.00342528
0.00860435
0.015904
0.0262933
0.0423449
0.0661807
0.0990363
0.142861
0.199718
0.270185
0.353597
0.448022
0.549679
0.653846
0.754959
0.845681
0.918984
0.970355
0.996401
0.9948
0.966153
0.913163
0.840124
0.753392
0.659027
0.561935
0.467262
0.379025
0.299811
0.231878
0.175599
0.130029
0.0944027
0.0669448
0.0460722
0.0309408
0.0199967
0.0124007
0.00754378
0.0042611
0.00236213
0.00131337
0.000572051
0.000354224
0.000145755
2.45298e-05
8.86198e-05
-4.06367e-05
2.74869e-05
1.59004e-05
-4.24925e-05
5.45244e-05
-4.52339e-05
2.15052e-05
7.76201e-06
-3.25292e-05
4.5853e-05
-4.51566e-05
3.2254e-05
-1.19773e-05
-9.6981e-06
2.74197e-05
-3.76514e-05
3.91375e-05
-3.27135e-05
2.06847e-05
-6.03425e-06
-8.31381e-06
2.00338e-05
-2.76832e-05
3.07485e-05
-2.95131e-05
2.48223e-05
-1.78199e-05
9.70901e-06
-1.57026e-06
-5.75099e-06
1.16919e-05
-1.59673e-05
1.853e-05
-1.95125e-05
1.9164e-05
-1.77928e-05
1.5719e-05
-1.32409e-05
1.06137e-05
-8.03904e-06
5.66342e-06
-3.58222e-06
1.84714e-06
-4.75177e-07
-5.42381e-07
1.23171e-06
-1.62958e-06
1.77808e-06
-1.72073e-06
1.50007e-06
-1.15637e-06
7.27246e-07
-2.4793e-07
2.4793e-07
-7.27246e-07
1.15637e-06
-1.50007e-06
1.72073e-06
-1.77808e-06
1.62958e-06
-1.23171e-06
5.42381e-07
4.75177e-07
-1.84714e-06
3.58222e-06
-5.66342e-06
8.03904e-06
-1.06137e-05
1.32409e-05
-1.5719e-05
1.77928e-05
-1.9164e-05
1.95125e-05
-1.853e-05
1.59673e-05
-1.16919e-05
5.75099e-06
1.57026e-06
-9.70901e-06
1.78199e-05
-2.48223e-05
2.95131e-05
-3.07485e-05
2.76832e-05
-2.00338e-05
8.31381e-06
6.03425e-06
-2.06847e-05
3.27135e-05
-3.91375e-05
3.76514e-05
-2.74197e-05
9.69813e-06
1.19774e-05
-3.22537e-05
4.51577e-05
-4.58494e-05
3.2541e-05
-7.72527e-06
-2.13943e-05
4.55571e-05
-5.36141e-05
4.49675e-05
-9.41025e-06
-1.10821e-05
8.05748e-05
4.95972e-06
0.000186346
0.000310928
0.000595637
0.00132432
0.00231934
0.00431396
0.00751171
0.01239
0.0200474
0.0308802
0.046102
0.0669698
0.0943361
0.130091
0.175591
0.231822
0.299891
0.378988
0.46722
0.562025
0.658969
0.75336
0.840223
0.913092
0.96612
0.99491
0.99633
0.970305
0.919107
0.845625
0.754874
0.653977
0.549667
0.44789
0.353705
0.270253
0.199559
0.142896
0.0992118
0.066109
0.0423388
0.0267052
0.0164571
0.00947214
0.00562946
0.00445383
