3.52748e-05
-4.75367e-05
2.97235e-05
4.63963e-06
-3.14607e-05
3.36153e-05
-1.31988e-05
-1.08062e-05
1.80839e-05
-3.99671e-06
-1.58077e-05
1.82275e-05
6.09505e-06
-4.08064e-05
5.35203e-05
-2.2599e-05
-3.97492e-05
8.98319e-05
-8.36741e-05
1.50599e-05
7.22836e-05
-0.000114025
7.68558e-05
1.06031e-05
-7.84298e-05
7.48435e-05
-1.309e-05
-4.02673e-05
2.97926e-05
3.13949e-05
-7.12922e-05
3.29594e-05
5.96092e-05
-0.000117273
7.63669e-05
2.8116e-05
-9.23056e-05
5.44906e-05
3.26087e-05
-5.81817e-05
-1.56901e-05
0.000101182
-8.4876e-05
-2.89872e-05
0.000112188
-6.73837e-05
-4.2726e-05
6.84433e-05
2.91525e-05
-0.000116076
6.14678e-05
7.4416e-05
-0.000110075
3.74405e-07
9.21667e-05
-1.58942e-05
-0.000108858
0.000117901
7.50003e-05
-4.76944e-05
0.000107642
0.000356037
0.000428312
0.000704801
0.00158305
0.00270027
0.00435983
0.00723511
0.0118866
0.0183821
0.0277118
0.0411187
0.0595038
0.0835951
0.114846
0.154832
0.204361
0.263905
0.333903
0.414177
0.502725
0.596271
0.690742
0.781474
0.862683
0.92849
0.973907
0.99544
0.990596
0.95841
0.900312
0.820689
0.725859
0.622817
0.51845
0.419548
0.332539
0.262918
0.214624
0.189976
0.122335
0.142461
0.182987
0.243389
0.32143
0.413407
0.514878
0.620861
0.725236
0.820786
0.900271
0.958023
0.990399
0.995721
0.974167
0.928282
0.862382
0.781617
0.691057
0.596178
0.502409
0.414238
0.334214
0.263856
0.204061
0.154881
0.115138
0.0835244
0.0592324
0.0412135
0.0279661
0.0182437
0.0116708
0.00741198
0.00452808
0.00248568
0.00147925
0.000947954
0.000442715
0.000123342
0.000172657
0.000159721
-8.26081e-05
-6.26808e-06
9.62046e-05
6.30611e-06
-0.000115055
8.27038e-05
5.28479e-05
-0.000107414
2.21305e-05
7.27086e-05
-4.31979e-05
-7.11464e-05
0.000119962
-3.97633e-05
-7.28153e-05
9.00392e-05
-7.77065e-06
-6.09523e-05
2.91768e-05
6.39226e-05
-0.000106126
4.34731e-05
6.30431e-05
-0.000109462
5.97647e-05
2.42302e-05
-5.56698e-05
1.26965e-05
4.64347e-05
-4.97766e-05
-1.4146e-05
8.69299e-05
-9.84888e-05
3.26101e-05
6.02055e-05
-0.000108899
8.13248e-05
-5.83684e-06
-5.79355e-05
6.88151e-05
-3.20573e-05
-1.29646e-05
2.9394e-05
-1.14585e-05
-1.60795e-05
2.2915e-05
2.40716e-07
-3.46274e-05
4.96326e-05
-2.79716e-05
-1.98479e-05
6.21492e-05
-6.83608e-05
3.07915e-05
2.91649e-05
-7.43926e-05
7.59313e-05
-3.17313e-05
