-7.73127e-05
-5.37749e-05
0.000127671
3.0908e-05
-6.63244e-05
-0.000125506
6.60878e-05
0.000191525
-5.35061e-05
-0.000175671
-0.000106589
0.000256076
0.000169184
-0.000201314
-0.000237715
3.43154e-05
0.000362364
1.62428e-05
-0.000246492
-0.00015598
0.000101968
0.000223406
-1.58534e-05
-2.85636e-05
-0.000150834
-0.000197055
-7.6246e-07
0.000308142
0.000525606
0.000487091
0.000681394
0.00072631
-0.000982227
-0.00615951
-0.0168036
-0.0355727
-0.0652643
-0.108536
-0.166757
-0.241129
-0.330902
-0.432576
-0.541418
-0.651153
-0.755109
-0.846116
-0.918286
-0.967585
-0.99093
-0.987369
-0.958697
-0.907767
-0.838872
-0.757297
-0.668586
-0.577847
-0.488886
-0.405561
-0.33013
-0.263397
-0.206251
-0.158693
-0.119636
-0.0884952
-0.0642621
-0.0457865
-0.0319143
-0.0217576
-0.0147029
-0.00962893
-0.00607102
-0.0039748
-0.00244791
-0.00132813
-0.000948892
-0.000532136
-0.000186231
-0.00021828
-0.000120544
3.11769e-05
-6.85783e-05
-2.81915e-05
2.78416e-05
-1.10209e-05
-1.96178e-05
9.67048e-06
1.21272e-05
-1.21169e-05
-1.7756e-05
3.93693e-05
-1.92305e-05
-2.89098e-05
5.35535e-05
-2.24796e-05
-3.80202e-05
6.65226e-05
-3.02876e-05
-3.80781e-05
7.12922e-05
-3.53004e-05
5.85024e-05
-0.000120934
7.03739e-05
4.63564e-05
-0.000120391
8.23576e-05
3.21557e-05
-0.000115253
8.86001e-05
2.22338e-05
-0.000111146
9.55522e-05
8.13374e-06
-9.34431e-05
8.83331e-05
1.22876e-05
-7.05424e-05
9.9837e-05
4.44609e-05
3.63165e-05
0.000194654
0.00030104
0.00046888
0.000863923
0.00147844
0.00241272
0.00383436
0.00623772
0.00962948
0.0145321
0.0218989
0.0319652
0.0456169
0.0643386
0.0885883
0.119525
0.158657
0.206379
0.263376
0.329991
0.405672
0.488975
0.577656
0.668629
0.757457
0.83873
0.90771
0.958834
0.987381
0.990783
0.967625
0.918438
0.845997
0.755
0.65134
0.541421
0.432412
0.330951
0.241261
0.1667
0.108379
0.0654047
0.0356723
0.0166321
0.00612179
0.00114135
-0.000709342
-0.000846945
-0.000481579
-0.000344974
-0.000354832
-0.000175679
0.000288117
0.000280873
-3.43411e-05
-0.000143822
-0.000131664
5.92713e-05
2.65792e-05
0.000138493
5.69297e-05
-0.000204517
-0.000134311
8.33503e-05
0.00030969
-4.65447e-05
-0.000301668
-7.04791e-05
0.000238648
0.000214113
-0.000224399
-0.000213477
9.59446e-05
0.000246534
-2.27243e-06
-0.000261543
-3.28375e-05
0.000188327
0.000132445
-0.000173436
