9.83807e-05
-0.000112042
2.55788e-05
9.01515e-05
-0.000131911
5.34503e-05
8.36977e-05
-0.000153869
8.17096e-05
7.51026e-05
-0.000167783
0.000100605
6.34554e-05
-0.000158814
9.21525e-05
5.32406e-05
-0.000113388
3.83571e-05
5.16702e-05
-3.02238e-05
-5.84162e-05
5.74368e-05
6.83616e-05
-0.000152212
4.84483e-05
0.000135283
-0.000159138
-5.58256e-06
0.000118708
-2.79764e-05
-8.83795e-05
6.94334e-06
0.000152528
-0.000100382
-0.000120238
0.000164606
2.92535e-05
-0.000109303
-6.46702e-05
0.000141191
7.53026e-05
-0.000200343
9.72823e-06
0.000176301
0.000125474
2.77547e-05
0.000337687
0.00116009
0.00205781
0.00384081
0.00740442
0.013827
0.0239732
0.0393737
0.062645
0.0959918
0.14138
0.19977
0.272019
0.35778
0.454852
0.559047
0.664493
0.765076
0.854235
0.925991
0.974823
0.997145
0.99166
0.9597
0.904713
0.831308
0.744935
0.651012
0.555086
0.461904
0.375524
0.298514
0.232316
0.177058
0.132173
0.0965442
0.0689057
0.0479701
0.0324954
0.0213983
0.013653
0.00845444
0.00505167
0.00293521
0.00163512
0.000894109
0.000461086
0.000240363
0.000112395
5.80599e-05
2.31551e-05
1.30995e-05
4.26555e-06
3.23449e-06
6.6494e-06
1.31611e-05
2.40906e-05
5.75285e-05
0.000113066
0.000239773
0.000461657
0.000893604
0.00163555
0.0029349
0.00505183
0.00845446
0.0136528
0.0213988
0.0324945
0.0479713
0.0689042
0.0965461
0.132171
0.17706
0.232313
0.298517
0.375522
0.461906
0.555084
0.651013
0.744936
0.831307
0.904716
0.959696
0.991665
0.997139
0.97483
0.925984
0.85424
0.765073
0.664493
0.55905
0.454846
0.357788
0.272009
0.19978
0.141371
0.0959983
0.0626431
0.0393701
0.0239823
0.0138137
0.00741963
0.00382683
0.00206723
0.00115794
0.000331252
4.20106e-05
0.000106379
0.000195478
-4.08705e-06
-0.000196475
8.35058e-05
0.000122366
-4.03684e-05
-0.00013141
4.12943e-05
0.000167836
-0.000138877
-7.21166e-05
0.000124932
2.2633e-05
-8.46299e-05
-5.11414e-05
0.000152606
-3.56373e-05
-0.000147305
0.000148788
1.4338e-05
-0.000113281
4.4593e-05
5.21539e-05
-2.48491e-05
-7.51538e-05
8.27057e-05
4.06915e-05
-0.000150035
0.000103668
5.93489e-05
-0.000166426
0.000109123
4.58179e-05
-0.000141986
9.89e-05
2.26565e-05
-0.000102003
7.97129e-05
3.28819e-06
-6.48158e-05
6.07052e-05
-9.98986e-06
-3.81916e-05
4.92753e-05
-2.16328e-05
