-0.000195476
-5.40374e-05
0.000264148
-8.67998e-06
-0.000187874
-7.67132e-05
0.000225812
0.000104694
-0.000265537
-6.59212e-05
0.000180053
0.000168337
-0.000217811
-0.000165803
0.000194315
0.000137839
-8.78342e-05
-0.000191455
7.81938e-05
0.000125034
-7.6653e-06
-4.01821e-05
-7.72903e-05
-2.80005e-05
9.20401e-05
0.000133451
-6.50896e-05
-0.00024702
2.92169e-05
0.000288577
1.66207e-05
-0.000191533
-0.000142979
0.000122114
0.000115086
3.78886e-05
1.40918e-05
-0.000245026
-8.07049e-05
0.000207331
0.00023784
-7.09545e-05
-0.000260904
-0.00010147
-4.37886e-05
4.11333e-05
0.00027481
0.000283579
0.000584689
0.00134291
0.00159888
0.000188596
-0.00469915
-0.0150886
-0.0340033
-0.0639769
-0.107401
-0.166805
-0.242592
-0.333239
-0.435996
-0.545542
-0.655372
-0.758846
-0.84921
-0.920613
-0.968508
-0.99061
-0.986139
-0.956309
-0.904751
-0.835707
-0.754081
-0.665861
-0.575544
-0.487224
-0.404632
-0.329565
-0.26327
-0.206623
-0.159091
-0.120175
-0.0891985
-0.0649151
-0.046322
-0.0324599
-0.022302
-0.0150071
-0.00989486
-0.00643498
-0.00407369
-0.00250085
-0.00157972
-0.000921433
-0.000505822
-0.000358893
-0.000165297
-6.65372e-05
-0.000114443
-1.77286e-05
0.00010052
0.000312702
0.000251382
0.000529332
0.0010264
0.00145406
0.00254231
0.00415309
0.00631288
0.0099477
0.0150678
0.0221927
0.0325103
0.0463749
0.0648201
0.0892343
0.120233
0.159008
0.206632
0.263351
0.329483
0.404615
0.487336
0.575456
0.665818
0.754228
0.835604
0.904694
0.956476
0.986034
0.990543
0.968673
0.920529
0.849131
0.758983
0.655339
0.545445
0.436081
0.33329
0.242461
0.166841
0.107523
0.0638368
0.0339804
0.0152602
0.00458022
-0.000257609
-0.00144639
-0.00137532
-0.000700029
-0.000204169
-0.00018449
-0.000186538
3.46414e-05
0.000267245
0.000162003
-3.56143e-05
-7.30325e-05
-0.000207323
-5.76537e-05
0.000288885
0.000117272
-0.000139861
-0.000222056
6.07149e-05
0.00013775
3.59118e-05
3.87144e-05
-0.000154725
-0.00012382
0.000130876
0.000214387
-7.31153e-05
-0.000263549
2.73639e-05
0.000243079
-4.91044e-06
-0.000137874
-6.21728e-05
7.88069e-05
6.69583e-05
-2.41618e-05
2.65804e-06
-0.000118424
4.05205e-05
0.000120597
1.42539e-05
-0.000143782
-9.48347e-05
0.000237837
4.16847e-05
-0.000171069
-0.000120074
0.000190653
0.000159343
-0.000236884
-0.000102362
0.000145466
0.000191557
-0.000185952
