0.00138393
0.00251755
0.00479429
0.00931083
0.0160816
0.0262861
0.042379
0.0660931
0.0988587
0.142832
0.199733
0.270188
0.353827
0.448343
0.549898
0.654282
0.755536
0.845952
0.9192
0.970658
0.996383
0.994656
0.966046
0.912725
0.839681
0.753175
0.658617
0.561624
0.46717
0.378754
0.299749
0.231997
0.175529
0.130186
0.0945492
0.0669014
0.0462647
0.0309757
0.0199805
0.0125783
0.00747725
0.00431822
0.00245131
0.0012097
0.00069196
0.000313168
0.000114509
0.000123214
-2.41755e-05
4.20889e-05
8.17453e-06
-3.12384e-05
5.02553e-05
-4.81657e-05
3.20889e-05
-6.97202e-06
-1.82542e-05
3.6665e-05
-4.40412e-05
3.98072e-05
-2.63803e-05
8.00651e-06
1.06338e-05
-2.55882e-05
3.43515e-05
-3.6089e-05
3.14468e-05
-2.21042e-05
1.02357e-05
1.98527e-06
-1.2752e-05
2.08314e-05
-2.56183e-05
2.70736e-05
-2.55914e-05
2.18376e-05
-1.65946e-05
1.06338e-05
-4.62614e-06
-9.08722e-07
5.61936e-06
-9.31453e-06
1.19389e-05
-1.35411e-05
1.42399e-05
-1.41937e-05
1.35756e-05
-1.25539e-05
1.12802e-05
-9.88183e-06
8.45926e-06
-7.08609e-06
5.81149e-06
-4.66355e-06
3.65301e-06
-2.77701e-06
2.02244e-06
-1.36876e-06
7.90321e-07
-2.58227e-07
2.58227e-07
-7.90321e-07
1.36876e-06
-2.02244e-06
2.77701e-06
-3.65301e-06
4.66355e-06
-5.81149e-06
7.08609e-06
-8.45926e-06
9.88183e-06
-1.12802e-05
1.25539e-05
-1.35756e-05
1.41937e-05
-1.42399e-05
1.35411e-05
-1.19389e-05
9.31453e-06
-5.61936e-06
9.08722e-07
4.62614e-06
-1.06338e-05
1.65946e-05
-2.18376e-05
2.55914e-05
-2.70736e-05
2.56183e-05
-2.08314e-05
1.2752e-05
-1.98527e-06
-1.02357e-05
2.21042e-05
-3.14468e-05
3.6089e-05
-3.43515e-05
2.55882e-05
-1.06338e-05
-8.00641e-06
2.63806e-05
-3.9806e-05
4.40452e-05
-3.66521e-05
1.82939e-05
7.09108e-06
-3.17442e-05
4.91302e-05
-4.76497e-05
3.80302e-05
8.89514e-06
-7.53182e-07
0.00012055
9.29668e-05
0.000351706
0.000652861
0.00123022
0.00246173
0.00427922
0.0075264
0.0125458
0.0199757
0.0310184
0.0462071
0.066938
0.09456
0.130131
0.175593
0.23197
0.299715
0.378828
0.467112
0.561616
0.658689
0.753096
0.839696
0.912793
0.965954
0.994684
0.996453
0.970554
0.919229
0.846035
0.755425
0.654296
0.550005
0.448236
0.353801
0.270325
0.199657
0.142741
0.0990054
0.0660948
0.0422237
0.0263864
0.0162167
0.00919146
0.00484742
0.00294206
0.00185517
0.000855324
