7.98904e-321
7.94952e-321
8.03351e-321
7.90011e-321
8.09774e-321
7.83588e-321
8.15208e-321
7.87541e-321
8.01869e-321
8.07303e-321
7.76671e-321
8.29042e-321
7.72719e-321
8.03351e-321
8.2509e-321
7.5098e-321
8.29042e-321
8.19161e-321
7.38628e-321
8.32007e-321
8.47323e-321
7.29735e-321
7.72719e-321
8.96235e-321
8.20643e-321
6.7687e-321
7.29735e-321
9.22421e-321
9.98013e-321
8.5424e-321
5.82997e-321
3.24107e-321
1.5069e-321
5.97819e-322
1.92686e-322
3.95253e-323
-2.27218e-41
-8.64026e-39
-1.59585e-36
-1.90749e-34
-1.65865e-32
-1.11827e-30
-6.08414e-29
-2.74505e-27
-1.04748e-25
-3.4307e-24
-9.75422e-23
-2.4291e-21
-5.33601e-20
-1.03985e-18
-1.80585e-17
-2.80493e-16
-3.9078e-15
-4.89394e-14
-5.51817e-13
-5.60791e-12
-5.13948e-11
-4.24801e-10
-3.16545e-09
-2.1247e-08
-1.28292e-07
-6.95578e-07
-3.37849e-06
-1.46583e-05
-5.66175e-05
-0.000193929
-0.000586612
-0.00156076
-0.00364226
-0.00745824
-0.0135018
-0.0220451
-0.0336254
-0.0498601
-0.0733077
-0.105892
-0.148159
-0.201015
-0.266368
-0.344256
-0.43221
-0.528117
-0.628735
-0.727732
-0.819368
-0.897973
-0.956677
-0.99146
-0.999427
-0.979341
-0.933562
-0.865096
-0.779637
-0.683238
-0.582171
-0.482518
-0.388828
-0.304846
-0.232413
-0.172414
0.172414
0.232413
0.304846
0.388828
0.482518
0.582171
0.683238
0.779637
0.865096
0.933562
0.979341
0.999427
0.99146
0.956677
0.897973
0.819368
0.727732
0.628735
0.528117
0.43221
0.344256
0.266368
0.201015
0.148159
0.105892
0.0733077
0.0498601
0.0336254
0.0220451
0.0135018
0.00745824
0.00364226
0.00156076
0.000586612
0.000193929
5.66175e-05
1.46583e-05
3.37849e-06
6.95578e-07
1.28292e-07
2.1247e-08
3.16545e-09
4.24801e-10
5.13948e-11
5.60791e-12
5.51817e-13
4.89394e-14
3.9078e-15
2.80493e-16
1.80585e-17
1.03985e-18
5.33601e-20
2.4291e-21
9.75422e-23
3.4307e-24
1.04748e-25
2.74505e-27
6.08414e-29
1.11827e-30
1.65865e-32
1.90749e-34
1.59585e-36
8.64026e-39
2.27218e-41
0
0
0
0
0
0
0
0
0
0
0
0
0
0
0
0
0
0
0
0
0
0
0
0
0
0
0
0
0
0
0
0
0
0
0
0
