8.0259e-05
-0.000109342
6.75727e-05
2.00297e-05
-9.76369e-05
0.000113066
-5.27501e-05
-4.60197e-05
0.000116913
-0.00010932
2.61532e-05
7.4723e-05
-0.000120891
8.0222e-05
1.29064e-05
-8.44332e-05
8.18382e-05
-1.84684e-05
-4.03065e-05
3.98461e-05
9.79826e-06
-4.37641e-05
1.15216e-05
6.29e-05
-9.74878e-05
3.80953e-05
7.36979e-05
-0.000131703
7.47597e-05
4.08224e-05
-9.5735e-05
4.02576e-05
4.54601e-05
-4.50062e-05
-4.7734e-05
0.00011124
-4.61314e-05
-8.71852e-05
0.000131028
-3.2902e-05
-7.55276e-05
4.85033e-05
6.87444e-05
-9.33431e-05
-3.30675e-05
0.000143226
-7.74774e-05
-7.03847e-05
7.91218e-05
6.00641e-05
-0.000114688
-2.46584e-05
0.000149904
-5.94214e-05
-9.7111e-05
5.11911e-05
0.000120783
-0.000108051
-8.70727e-05
0.000127
5.80343e-05
-0.000117709
-7.66978e-05
0.000163183
3.32984e-05
-0.000134167
-6.57214e-05
0.000162854
6.05816e-05
-0.000151127
-7.53723e-05
0.000152634
0.00014873
-8.08732e-05
-7.32468e-06
0.00035724
0.00077416
0.00114938
0.00222102
0.00465002
0.00904224
0.0161396
0.027777
0.0465351
0.0753286
0.116952
0.174428
0.250921
0.349122
0.470223
0.613364
0.77568
0.95249
1.13732
1.32183
1.49621
1.65019
1.77434
1.86122
1.90587
1.97184
1.92067
1.82176
1.68194
1.51096
1.32039
1.12212
0.927006
0.74397
0.579731
0.4386
0.322305
0.230064
0.159297
0.106757
0.0692497
0.0437309
0.0270188
0.0162307
0.00925458
0.00507363
0.00286291
0.0017688
0.000917287
0.00029844
7.93185e-05
0.000233188
0.00019124
-5.23871e-05
-0.000145512
6.88782e-05
0.000160566
-6.09469e-05
-0.000137217
3.58665e-05
0.000162141
-7.7213e-05
-0.000115348
5.38606e-05
0.000132795
-9.40382e-05
-0.00010059
0.00011369
5.69528e-05
-0.000100602
-5.89618e-05
0.000152897
-3.10464e-05
-0.000105532
4.9335e-05
8.9769e-05
-7.90623e-05
-7.25623e-05
0.00014339
-3.87874e-05
-8.2684e-05
5.49132e-05
6.27943e-05
-8.71007e-05
-2.6993e-05
0.000132719
-9.67357e-05
-3.04796e-05
9.30993e-05
-3.18437e-05
-5.39857e-05
4.4351e-05
5.19508e-05
-0.000115272
6.26437e-05
5.75827e-05
-0.000125288
8.10807e-05
1.84818e-05
-7.18648e-05
4.04019e-05
2.2028e-05
-3.72693e-05
-1.22877e-05
6.94605e-05
-6.53687e-05
-9.21564e-06
9.36209e-05
-0.000113275
4.63992e-05
5.78947e-05
-0.000121475
9.94203e-05
-1.1455e-05
-7.78633e-05
0.000109021
-6.75462e-05
-1.21533e-05
7.57175e-05
-8.58383e-05
4.24745e-05
2.26864e-05
-6.90121e-05
7.07724e-05
-2.94287e-05
