-9.23641e-16
-5.97669e-15
-3.61752e-14
-2.08986e-13
-1.15227e-12
-6.06024e-12
-3.03845e-11
-1.45126e-10
-6.5985e-10
-2.85359e-09
-1.17272e-08
-4.57528e-08
-1.69277e-07
-5.93233e-07
-1.96674e-06
-6.15987e-06
-1.81999e-05
-5.06491e-05
-0.000132557
-0.000325749
-0.00075056
-0.00161957
-0.00327068
-0.00618317
-0.0109611
-0.0182897
-0.0289116
-0.0436931
-0.0638034
-0.0908784
-0.126916
-0.17375
-0.232368
-0.302614
-0.383532
-0.473689
-0.570686
-0.670213
-0.766171
-0.852201
-0.922809
-0.972926
-0.997794
-0.994736
-0.964397
-0.909396
-0.83326
-0.741541
-0.641446
-0.539203
-0.439836
-0.34841
-0.268326
-0.200412
-0.14516
-0.102388
-0.0699873
-0.046251
-0.0299483
-0.0187261
-0.0112173
-0.00676961
-0.0038281
-0.00203741
-0.00124925
-0.000549082
-0.000281819
-0.000231317
1.46595e-05
-8.59013e-05
-1.95254e-05
4.51261e-05
-7.69385e-05
6.48874e-05
-3.70776e-05
-1.17612e-06
3.34833e-05
-5.30013e-05
5.68021e-05
-4.74129e-05
2.97007e-05
-9.16116e-06
-9.69848e-06
2.40131e-05
-3.26287e-05
3.5745e-05
-3.44094e-05
3.00308e-05
-2.40121e-05
1.75271e-05
-1.14259e-05
6.23219e-06
-2.19309e-06
-6.48508e-07
2.38216e-06
-3.1697e-06
3.20141e-06
-2.66856e-06
1.74974e-06
-6.07563e-07
6.07563e-07
-1.74974e-06
2.66856e-06
-3.20141e-06
3.1697e-06
-2.38216e-06
6.48508e-07
2.19309e-06
-6.23219e-06
1.14259e-05
-1.75271e-05
2.40121e-05
-3.00308e-05
3.44094e-05
-3.5745e-05
3.26287e-05
-2.40131e-05
9.69848e-06
9.16116e-06
-2.97007e-05
4.74129e-05
-5.68021e-05
5.30013e-05
-3.34833e-05
1.17612e-06
3.70776e-05
-6.48874e-05
7.69385e-05
-4.51261e-05
1.95254e-05
8.59013e-05
-1.46595e-05
0.000231317
0.000281819
0.000549082
0.00124925
0.00203741
0.0038281
0.00676961
0.0112173
0.0187261
0.0299483
0.046251
0.0699873
0.102388
0.14516
0.200412
0.268326
0.34841
0.439836
0.539203
0.641446
0.741541
0.83326
0.909396
0.964397
0.994736
0.997794
0.972926
0.922809
0.852201
0.766171
0.670213
0.570686
0.473689
0.383532
0.302614
0.232368
0.17375
0.126916
0.0908784
0.0638034
0.0436931
0.0289116
0.0182897
0.0109611
0.00618317
0.00327068
0.00161957
0.00075056
0.000325749
0.000132557
5.06491e-05
1.81999e-05
6.15987e-06
1.96674e-06
5.93233e-07
1.69277e-07
4.57528e-08
1.17272e-08
2.85359e-09
6.5985e-10
1.45126e-10
3.03845e-11
6.06024e-12
1.15227e-12
2.08987e-13
3.61784e-14
6.00008e-15
1.08668e-15
