0.00022644
-2.1886e-05
-0.000156892
-7.21366e-05
0.000226692
2.00247e-05
-0.000172978
-3.06348e-05
0.000110483
0.000102936
-0.000154903
-2.5197e-05
4.69534e-05
4.95708e-05
1.24991e-05
-6.75082e-05
-1.3064e-05
-3.55444e-05
0.000136156
4.05263e-05
-0.00017126
-8.4491e-05
0.000166372
0.00017805
-0.00019014
-0.000202224
0.000148614
0.000186434
-5.05693e-05
-0.000143636
-5.28303e-05
7.45142e-05
6.73301e-05
0.000122299
-0.000121192
-0.000242306
9.99599e-05
0.000229405
7.56577e-05
-0.000232225
-0.000109952
4.28809e-05
7.82966e-05
0.000214262
1.5402e-05
-0.00029225
-0.000193529
4.89124e-05
0.000128365
9.0718e-05
0.000283202
0.000767458
0.00127143
0.00176854
0.000458155
-0.00449826
-0.0148997
-0.0336785
-0.0636905
-0.107369
-0.166801
-0.242693
-0.333781
-0.43653
-0.546063
-0.656163
-0.759408
-0.849642
-0.92101
-0.968666
-0.990517
-0.985938
-0.955956
-0.904269
-0.835153
-0.753671
-0.665382
-0.57515
-0.487066
-0.404417
-0.329442
-0.263372
-0.206576
-0.15915
-0.120362
-0.0892055
-0.0650304
-0.0464846
-0.0324542
-0.022413
-0.0151054
-0.00986519
-0.00652799
-0.00410947
-0.00246943
-0.00165948
-0.000930213
-0.000505629
-0.000473348
-0.000230351
0.00082587
0.00119831
0.00159564
0.00259477
0.00420615
0.00638539
0.00998268
0.0151412
0.0222677
0.0325891
0.0464815
0.0649021
0.0893498
0.120331
0.159043
0.206717
0.263327
0.329357
0.40454
0.487028
0.575073
0.665482
0.753656
0.835072
0.904344
0.955984
0.98583
0.990579
0.968735
0.920871
0.849698
0.759512
0.656
0.546112
0.436651
0.33362
0.242722
0.16692
0.107256
0.063662
0.0338003
0.0148525
0.00440295
-0.000347993
-0.00173093
-0.00143492
-0.000672385
-0.000187686
-0.000262503
-8.95095e-05
7.67933e-05
8.86505e-05
0.000229327
0.000118833
-0.000216068
-0.000223662
4.14037e-05
0.000224995
5.74828e-05
-6.94192e-05
-7.71263e-05
-0.000178218
0.000138778
0.00022562
-3.6112e-05
-0.000240861
-6.50992e-05
0.000217876
5.91227e-05
-6.93717e-05
-6.58181e-05
-6.7655e-05
5.31749e-05
0.000152682
-5.01099e-06
-0.000191236
-8.46401e-05
0.000261056
7.89356e-05
-0.000227794
-8.99468e-05
0.000154569
0.000157398
-0.000187255
-7.48828e-05
9.10571e-05
7.22097e-05
-2.90132e-05
-0.000100271
6.81559e-05
-7.25176e-06
3.24563e-05
-1.79103e-05
-3.67647e-05
1.7641e-05
-1.85325e-06
7.02538e-05
-8.26511e-05
-1.11041e-05
3.41165e-05
