-0.000218985
7.02974e-05
0.000156954
-3.9291e-05
-0.000215051
0.000138176
0.000149916
-0.000153176
-0.000103838
0.000127
0.000138271
-0.000211745
-3.29967e-05
0.000152854
2.79577e-05
-0.000124782
-4.47371e-05
0.000149862
-3.06811e-05
-3.96149e-05
-3.15881e-05
1.51914e-05
6.92709e-05
-3.41837e-07
-7.71523e-05
-6.93945e-05
0.000159821
6.76611e-05
-0.000206417
-4.5142e-05
0.00020134
4.17388e-05
-0.000166801
-6.65711e-05
0.000150071
2.62987e-05
-1.96553e-05
-6.8713e-05
-9.94679e-05
0.000161175
0.000103454
-0.000114127
-0.000188808
0.000117704
0.000182644
-7.69034e-05
-8.4821e-05
-6.97719e-05
1.21719e-05
0.000209717
1.58143e-05
-0.000217688
-8.22022e-05
0.000134655
0.000158955
-4.61126e-05
-8.17438e-05
-0.000169394
2.8881e-05
0.00028548
1.57655e-05
-0.000174904
-0.00010061
-7.67878e-05
0.000175134
0.000227102
-4.69313e-05
-0.000190445
-0.000150825
-1.10319e-05
2.19114e-05
6.00818e-06
-9.46763e-05
8.55073e-05
0.00099814
0.00207573
0.00265364
0.00174035
-0.00301724
-0.0135184
-0.0325102
-0.0635517
-0.109073
-0.171322
-0.251293
-0.347201
-0.456323
-0.57402
-0.694172
-0.811184
-0.919241
-1.01339
-1.09084
-1.14987
-1.1909
-1.21643
-1.22953
-1.23441
-1.23518
-1.23457
1.58121
1.56277
1.52563
1.46921
1.39336
1.29868
1.18667
1.06031
0.923733
0.782054
0.641048
0.506609
0.384071
0.277633
0.190012
0.121903
0.0720991
0.0383544
0.017202
0.00528171
-0.000129646
-0.00182692
-0.00160107
-0.000539637
-2.3748e-06
0.000168742
0.000176166
-9.39303e-05
1.74712e-05
0.000262944
0.000108131
3.36675e-05
-0.000133786
-0.000233406
2.76247e-05
0.000212673
0.000123929
-9.32067e-05
-0.000149654
-8.02964e-05
7.27029e-05
0.000235958
-1.11998e-05
-0.000251494
8.44413e-07
5.13528e-05
0.000122441
7.7928e-05
-0.000178085
-0.00013715
0.000133567
0.000171625
-6.69488e-05
-0.000154537
1.25424e-05
4.6072e-05
0.000109546
2.49615e-05
-0.000237595
2.34307e-05
0.000188234
3.38484e-05
-0.000179781
-4.19206e-05
0.000138392
1.41534e-05
-1.28213e-05
-7.38297e-05
-5.37269e-05
0.000132922
7.31019e-05
-0.000158847
-8.35067e-05
0.000168792
0.000103198
-0.000222995
-2.34767e-05
0.000167624
6.95569e-06
-0.000113764
-3.48404e-05
0.000135438
-4.2011e-05
-2.47487e-05
-1.76408e-05
9.56577e-06
5.35783e-05
-3.24431e-05
-1.61611e-05
-4.65658e-05
0.000111485
-1.46333e-05
-0.000103224
3.32762e-05
8.57643e-05
-5.86469e-06
-0.000151463
9.77622e-05
8.54706e-05
-8.20328e-05
