8.01869e-321
7.98904e-321
8.03845e-321
7.94458e-321
8.05821e-321
7.93963e-321
8.05821e-321
7.98904e-321
7.9594e-321
8.09774e-321
7.81612e-321
8.17185e-321
7.826e-321
8.03845e-321
8.08291e-321
7.77165e-321
8.31018e-321
-8.26616e-53
-4.08565e-50
-9.87436e-48
-1.55524e-45
-1.79509e-43
-1.61881e-41
-1.18755e-39
-7.28551e-38
-3.81374e-36
-1.72951e-34
-6.87572e-33
-2.41903e-31
-7.58965e-30
-2.13696e-28
-5.42799e-27
-1.24926e-25
-2.61481e-24
-4.99279e-23
-8.71956e-22
-1.39586e-20
-2.05196e-19
-2.77409e-18
-3.45309e-17
-3.96117e-16
-4.19034e-15
-4.08944e-14
-3.68248e-13
-3.05954e-12
-2.34468e-11
-1.65654e-10
-1.07815e-09
-6.45769e-09
-3.55508e-08
-1.79607e-07
-8.31195e-07
-3.51605e-06
-1.35615e-05
-4.75623e-05
-0.000151216
-0.000434439
-0.00112441
-0.00261542
-0.00546336
-0.0102776
-0.0175693
-0.0277911
-0.0417713
-0.0612427
-0.0886289
-0.125861
-0.173633
-0.232377
-0.303177
-0.386127
-0.478543
-0.576587
-0.676659
-0.77321
-0.85899
-0.928431
-0.976624
-0.998662
-0.99314
-0.960788
-0.903332
-0.825984
-0.734416
-0.634558
-0.53338
-0.435687
-0.346063
-0.267368
-0.20069
-0.146688
-0.104108
-0.0719938
-0.048356
-0.0316373
-0.020134
-0.0124631
-0.0075241
-0.00440913
-0.00252471
0.00252471
0.00440913
0.0075241
0.0124631
0.020134
0.0316373
0.048356
0.0719938
0.104108
0.146688
0.20069
0.267368
0.346063
0.435687
0.53338
0.634558
0.734416
0.825984
0.903332
0.960788
0.99314
0.998662
0.976624
0.928431
0.85899
0.77321
0.676659
0.576587
0.478543
0.386127
0.303177
0.232377
0.173633
0.125861
0.0886289
0.0612427
0.0417713
0.0277911
0.0175693
0.0102776
0.00546336
0.00261542
0.00112441
0.000434439
0.000151216
4.75623e-05
1.35615e-05
3.51605e-06
8.31195e-07
1.79607e-07
3.55508e-08
6.45769e-09
1.07815e-09
1.65654e-10
2.34468e-11
3.05954e-12
3.68248e-13
4.08944e-14
4.19034e-15
3.96117e-16
3.45309e-17
2.77409e-18
2.05196e-19
1.39586e-20
8.71956e-22
4.99279e-23
2.61481e-24
1.24926e-25
5.42799e-27
2.13696e-28
7.58965e-30
2.41903e-31
6.87572e-33
1.72951e-34
3.81374e-36
7.28551e-38
1.18755e-39
1.61881e-41
1.79509e-43
1.55524e-45
9.87436e-48
4.08565e-50
8.26616e-53
0
0
0
0
0
0
0
0
0
0
0
0
0
0
0
0
0
