-3.7672e-05
1.23845e-05
5.14246e-05
-6.84979e-05
8.49502e-06
5.04387e-05
-2.1874e-05
-5.6051e-05
5.77545e-05
4.32195e-05
-0.000108859
2.80573e-05
9.60687e-05
-7.46762e-05
-7.38735e-05
0.000122409
2.37691e-05
-0.000154332
5.84563e-05
0.00013531
-0.00013711
-5.35471e-05
0.000139588
5.34465e-06
-0.000140319
5.23788e-05
0.000108872
-0.000103826
-8.64218e-06
1.68807e-05
4.71277e-05
-2.28063e-05
-6.97079e-05
9.64572e-06
4.95499e-05
-4.33989e-05
-0.000238518
-2.0128e-05
-0.000132008
-0.000560486
-0.000726139
-0.00102132
-0.00183722
-0.00306081
-0.00469763
-0.00714919
-0.0108926
-0.0163105
-0.0239641
-0.0341742
-0.0481803
-0.0671887
-0.0913453
-0.122062
-0.16051
-0.207409
-0.263203
-0.327881
-0.401126
-0.482005
-0.568349
-0.656779
-0.743637
-0.824796
-0.89466
-0.948169
-0.980798
-0.988962
-0.971404
-0.927623
-0.859493
-0.771598
-0.669374
-0.559403
-0.448416
-0.342534
-0.24774
-0.168008
-0.105094
-0.0588525
-0.027651
-0.00886433
0.000656285
0.00418781
0.00456495
0.00346625
0.00174918
0.000284891
-0.000615952
-0.000661789
-7.01208e-05
0.000230918
0.000160376
-0.000128934
-0.00038752
-5.78885e-05
0.000286989
0.000277597
9.06215e-05
-0.000330784
-3.86984e-05
-5.78562e-05
0.00016978
3.93928e-05
-9.26532e-05
-6.35616e-05
-0.00014903
0.000110138
0.000194512
-3.93682e-05
-2.27854e-05
2.35162e-05
0.000363868
0.000633128
-0.000156844
-0.00161883
-0.00345335
-0.00480944
-0.00421375
-0.000498774
0.00894463
0.0276269
0.0586837
0.105084
0.168144
0.247802
0.342462
0.448282
0.559479
0.66946
0.77159
0.859457
0.927504
0.971524
0.989045
0.980665
0.948199
0.894631
0.824838
0.743712
0.656644
0.568366
0.482077
0.401105
0.327863
0.263184
0.20744
0.160498
0.122096
0.0913017
0.0671581
0.0482909
0.0340833
0.0239679
0.0163716
0.0108199
0.00718657
0.00471705
0.00302274
0.00183077
0.00106492
0.000720509
0.000496638
0.000214003
-2.17562e-05
0.00022267
0.000111776
-0.000135194
2.26739e-05
0.000114122
-1.12925e-05
-0.000109339
7.58689e-05
2.95489e-05
-3.38459e-05
-1.39281e-05
-8.59769e-06
5.39078e-05
-6.97624e-06
-7.10274e-05
3.3034e-05
7.8434e-05
-7.25496e-05
-6.82797e-05
0.000128755
6.05055e-06
-0.000150335
8.86704e-05
8.95996e-05
-0.000116213
-5.17675e-05
0.000162201
-4.15154e-05
-0.000145794
0.000136901
4.59391e-05
-0.00013067
-6.23155e-06
0.000160846
-9.98029e-05
