-1.49425e-39
-4.0275e-38
-1.0091e-36
-2.35788e-35
-5.14771e-34
-1.0518e-32
-2.01427e-31
-3.62021e-30
-6.11332e-29
-9.70922e-28
-1.45156e-26
-2.04438e-25
-2.71419e-24
-3.39867e-23
-4.01569e-22
-4.47866e-21
-4.71612e-20
-4.6897e-19
-4.40419e-18
-3.90616e-17
-3.27158e-16
-2.58712e-15
-1.93114e-14
-1.36019e-13
-9.03606e-13
-5.65874e-12
-3.33843e-11
-1.85405e-10
-9.68463e-10
-4.7533e-09
-2.18965e-08
-9.45525e-08
-3.8219e-07
-1.44383e-06
-5.08899e-06
-1.67036e-05
-5.0953e-05
-0.000144141
-0.000377336
-0.000912254
-0.00203352
-0.00417649
-0.00791045
-0.013868
-0.022678
-0.0350294
-0.0519416
-0.0750642
-0.106579
-0.14848
-0.201766
-0.266464
-0.342377
-0.429074
-0.524486
-0.624093
-0.722328
-0.813977
-0.893273
-0.953532
-0.989678
-0.999486
-0.981849
-0.937305
-0.869946
-0.785266
-0.688585
-0.586744
-0.486237
-0.391267
-0.305897
-0.232677
-0.17168
-0.123176
-0.086028
-0.058129
-0.0383854
-0.0245742
-0.0152016
-0.00932558
-0.00537221
-0.00313736
-0.00174276
-0.000895975
-0.000549757
-0.000196302
-0.000173878
-2.87851e-05
-4.57036e-05
-1.10401e-05
2.46395e-06
-1.81965e-05
1.79973e-05
-2.03729e-05
1.84887e-05
-1.62477e-05
1.29059e-05
-9.35819e-06
5.62314e-06
-1.87796e-06
1.87796e-06
-5.62314e-06
9.35819e-06
-1.29059e-05
1.62477e-05
-1.84887e-05
2.03729e-05
-1.79973e-05
1.81965e-05
-2.46395e-06
1.10401e-05
4.57036e-05
2.87851e-05
0.000173878
0.000196302
0.000549757
0.000895975
0.00174276
0.00313736
0.00537221
0.00932558
0.0152016
0.0245742
0.0383854
0.058129
0.086028
0.123176
0.17168
0.232677
0.305897
0.391267
0.486237
0.586744
0.688585
0.785266
0.869946
0.937305
0.981849
0.999486
0.989678
0.953532
0.893273
0.813977
0.722328
0.624093
0.524486
0.429074
0.342377
0.266464
0.201766
0.14848
0.106579
0.0750642
0.0519416
0.0350294
0.022678
0.013868
0.00791045
0.00417649
0.00203352
0.000912254
0.000377336
0.000144141
5.0953e-05
1.67036e-05
5.08899e-06
1.44383e-06
3.8219e-07
9.45525e-08
2.18965e-08
4.7533e-09
9.68463e-10
1.85405e-10
3.33843e-11
5.65874e-12
9.03606e-13
1.36019e-13
1.93114e-14
2.58712e-15
3.27158e-16
3.90616e-17
4.40419e-18
4.6897e-19
4.71612e-20
4.47866e-21
4.01569e-22
3.39867e-23
2.71419e-24
2.04438e-25
1.45156e-26
9.70922e-28
6.11332e-29
3.62021e-30
2.01427e-31
1.0518e-32
5.14771e-34
2.35788e-35
1.0091e-36
4.02767e-38
1.54747e-39
