5.72425e-05
-8.85321e-05
7.95419e-05
-3.41473e-05
-2.70453e-05
7.58367e-05
-8.94156e-05
6.13227e-05
-5.01378e-06
-5.22289e-05
8.2637e-05
-7.21361e-05
2.78639e-05
2.555e-05
-5.95838e-05
5.8041e-05
-2.63469e-05
-1.22235e-05
3.18082e-05
-2.1348e-05
-7.45015e-06
2.83285e-05
-1.94547e-05
-1.74674e-05
5.82994e-05
-6.5822e-05
3.32675e-05
4.07257e-05
-7.27416e-05
0.000114247
1.93535e-05
7.66486e-05
0.000275133
0.000345743
0.000707703
0.00131497
0.00218775
0.00369721
0.00622659
0.00979767
0.0153946
0.0235535
0.0347989
0.0506241
0.0717529
0.0993201
0.134744
0.179064
0.232901
0.297175
0.371625
0.454879
0.545295
0.639228
0.732005
0.818534
0.893266
0.950373
0.985656
0.995899
0.978997
0.935483
0.86796
0.780678
0.679802
0.572891
0.466387
0.365983
0.276297
0.200106
0.138348
0.0912842
0.0576217
0.0344777
0.0191871
0.00986813
0.00469644
0.00199709
0.000915479
0.000520174
7.33368e-05
-0.000305284
-5.5993e-05
0.0002904
0.000113869
-0.000245132
-0.000116072
0.000159165
0.000111396
-9.28508e-05
-7.51223e-05
2.61715e-05
4.41454e-05
1.37925e-05
-6.06511e-06
-4.3682e-05
-2.10396e-05
5.44079e-05
4.32518e-05
-5.4554e-05
0.000203379
-0.000199341
-0.000209978
0.000195376
0.000221854
-0.000192943
-0.000230834
0.000179192
0.000243936
-0.000162706
-0.000238125
0.000119208
0.000227484
-7.35877e-05
-0.00017066
-5.74059e-06
9.90247e-05
6.19469e-05
3.40598e-05
-0.000115699
-8.34424e-05
0.000397181
0.00111737
0.00203055
0.00448489
0.00993571
0.0193574
0.0343287
0.057532
0.0914799
0.138322
0.199935
0.276421
0.366076
0.466206
0.57292
0.679956
0.780544
0.867906
0.935649
0.97893
0.995785
0.985813
0.950355
0.893134
0.818655
0.732036
0.639084
0.545391
0.454936
0.371478
0.297259
0.232959
0.178936
0.134805
0.0993896
0.0716227
0.0506875
0.0348625
0.0234223
0.0154767
0.00982979
0.00612043
0.00377569
0.00220671
0.00121886
0.00079371
0.000346689
0.000183771
0.000189337
-3.10005e-05
6.86478e-05
3.10275e-05
-4.54482e-05
4.58914e-05
-6.39498e-06
-2.1347e-05
2.20127e-05
6.80241e-06
-3.95646e-05
4.9026e-05
-2.30747e-05
-2.56392e-05
6.8383e-05
-7.83132e-05
4.69427e-05
1.09671e-05
-6.59443e-05
9.00428e-05
-7.13577e-05
1.93769e-05
4.07135e-05
-8.09047e-05
8.3561e-05
-4.87991e-05
-6.6527e-06
5.77367e-05
-8.22727e-05
7.02099e-05
-2.73765e-05
