-1.55596e-07
-5.57044e-07
-1.76909e-06
-5.31008e-06
-1.51184e-05
-4.07905e-05
-0.000104159
-0.000251389
-0.000572747
-0.00123051
-0.00249121
-0.00475213
-0.00854843
-0.0145336
-0.0234486
-0.0361233
-0.0535572
-0.077064
-0.108347
-0.149312
-0.201542
-0.265694
-0.341246
-0.426753
-0.520124
-0.618309
-0.716602
-0.808703
-0.888041
-0.949122
-0.987591
-0.999846
-0.983975
-0.941211
-0.875448
-0.791452
-0.694703
-0.59208
-0.490367
-0.394301
-0.307369
-0.232632
-0.171128
-0.121881
-0.0840806
-0.0565682
-0.036829
-0.0230368
-0.014219
-0.00851523
-0.00472036
-0.00273388
-0.00155188
-0.000654183
-0.000438785
-0.000250061
1.28422e-05
-0.000119027
-2.4996e-05
6.69838e-05
-9.64949e-05
5.17656e-05
1.20539e-05
-6.63012e-05
8.13066e-05
-5.67703e-05
9.03814e-06
3.78531e-05
-6.5237e-05
6.57565e-05
-4.34936e-05
9.54168e-06
2.36017e-05
-4.64589e-05
5.46565e-05
-4.87846e-05
3.28436e-05
-1.22375e-05
-7.95081e-06
2.4033e-05
-3.40956e-05
3.78469e-05
-3.61655e-05
3.05656e-05
-2.27264e-05
1.41591e-05
-6.02481e-06
-9.21229e-07
6.29816e-06
-1.00212e-05
1.22083e-05
-1.30926e-05
1.29525e-05
-1.20623e-05
1.0662e-05
-8.9429e-06
7.04468e-06
-5.05965e-06
3.04114e-06
-1.01403e-06
1.01403e-06
-3.04114e-06
5.05965e-06
-7.04468e-06
8.9429e-06
-1.0662e-05
1.20623e-05
-1.29525e-05
1.30926e-05
-1.22083e-05
1.00212e-05
-6.29816e-06
9.21229e-07
6.02481e-06
-1.41591e-05
2.27264e-05
-3.05656e-05
3.61655e-05
-3.78469e-05
3.40956e-05
-2.4033e-05
7.95081e-06
1.22375e-05
-3.28436e-05
4.87846e-05
-5.46565e-05
4.64589e-05
-2.36017e-05
-9.54168e-06
4.34936e-05
-6.57565e-05
6.5237e-05
-3.78531e-05
-9.03814e-06
5.67703e-05
-8.13066e-05
6.63012e-05
-1.20539e-05
-5.17656e-05
9.64949e-05
-6.69838e-05
2.4996e-05
0.000119027
-1.28422e-05
0.000250061
0.000438785
0.000654183
0.00155188
0.00273388
0.00472036
0.00851523
0.014219
0.0230368
0.036829
0.0565682
0.0840806
0.121881
0.171128
0.232632
0.307369
0.394301
0.490367
0.59208
0.694703
0.791452
0.875448
0.941211
0.983975
0.999846
0.987591
0.949122
0.888041
0.808703
0.716602
0.618309
0.520124
0.426753
0.341246
0.265694
0.201542
0.149312
0.108347
0.077064
0.0535572
0.0361233
0.0234486
0.0145336
0.00854843
0.00475213
0.00249121
0.00123051
0.000572747
0.000251389
0.000104159
4.07906e-05
1.51186e-05
5.31114e-06
1.7734e-06
5.73744e-07
2.17273e-07
