-0.00103682
-0.00249967
-0.00487137
-0.00872849
-0.0147485
-0.0236977
-0.036435
-0.0539715
-0.0775825
-0.10888
-0.149681
-0.201586
-0.265392
-0.340713
-0.42605
-0.519105
-0.616778
-0.71468
-0.80687
-0.88665
-0.948073
-0.986756
-0.999589
-0.984708
-0.942622
-0.876931
-0.793069
-0.696715
-0.593935
-0.491469
-0.395062
-0.308096
-0.232735
-0.170631
-0.121581
-0.0837633
-0.0557888
-0.0363005
-0.0228764
-0.0137173
-0.00814821
-0.00480105
-0.00249303
-0.00133974
-0.000849466
-0.000290736
-0.000130366
-0.000200523
3.71512e-05
8.77197e-06
-0.000106945
8.61419e-05
-1.40896e-05
-6.76928e-05
9.477e-05
-5.84127e-05
-1.19766e-05
6.95839e-05
-8.31461e-05
5.0715e-05
5.05262e-06
-5.37052e-05
7.34589e-05
-5.94455e-05
2.21495e-05
2.04107e-05
-5.15688e-05
6.19966e-05
-5.13192e-05
2.60918e-05
4.00941e-06
-2.99199e-05
4.5652e-05
-4.91356e-05
4.17179e-05
-2.69098e-05
8.97393e-06
8.22586e-06
-2.19185e-05
3.06573e-05
-3.42011e-05
3.31946e-05
-2.87891e-05
2.22997e-05
-1.49522e-05
7.73234e-06
-1.32658e-06
-3.87098e-06
7.71141e-06
-1.02264e-05
1.15626e-05
-1.19256e-05
1.15362e-05
-1.06017e-05
9.29881e-06
-7.76636e-06
6.10499e-06
-4.38097e-06
2.63259e-06
-8.77787e-07
8.77787e-07
-2.63259e-06
4.38097e-06
-6.10499e-06
7.76636e-06
-9.29881e-06
1.06017e-05
-1.15362e-05
1.19256e-05
-1.15626e-05
1.02264e-05
-7.71141e-06
3.87098e-06
1.32658e-06
-7.73234e-06
1.49522e-05
-2.22997e-05
2.87891e-05
-3.31946e-05
3.42011e-05
-3.06573e-05
2.19185e-05
-8.22586e-06
-8.97393e-06
2.69098e-05
-4.17179e-05
4.91356e-05
-4.5652e-05
2.99199e-05
-4.00941e-06
-2.60918e-05
5.13192e-05
-6.19966e-05
5.15688e-05
-2.04107e-05
-2.21495e-05
5.94455e-05
-7.34589e-05
5.37052e-05
-5.05262e-06
-5.0715e-05
8.31461e-05
-6.95839e-05
1.19766e-05
5.84127e-05
-9.477e-05
6.76928e-05
1.40896e-05
-8.61419e-05
0.000106945
-8.77197e-06
-3.71512e-05
0.000200523
0.000130366
0.000290736
0.000849466
0.00133974
0.00249303
0.00480105
0.00814821
0.0137173
0.0228764
0.0363005
0.0557888
0.0837633
0.121581
0.170631
0.232735
0.308096
0.395062
0.491469
0.593935
0.696715
0.793069
0.876931
0.942622
0.984708
0.999589
0.986756
0.948073
0.88665
0.80687
0.71468
0.616778
0.519105
0.42605
0.340713
0.265392
0.201586
0.149681
0.10888
0.0775828
0.0539726
0.0364383
0.0237071
0.0147746
0.00879709
0.00504278
0.00290635
0.00195207
