-0.00207535
-0.00582997
-0.0134582
-0.0275736
-0.0511665
-0.0868589
-0.136594
-0.201486
-0.281573
-0.375531
-0.480098
-0.589773
-0.697681
-0.796611
-0.880129
-0.943206
-0.981774
-0.993793
-0.9791
-0.939938
-0.880399
-0.804871
-0.71884
-0.627435
-0.536011
-0.448793
-0.36814
-0.29608
-0.233348
-0.180616
-0.137323
-0.102179
-0.0744517
-0.0531847
-0.0373933
-0.0257709
-0.0171509
-0.0111624
-0.00735616
-0.00465896
-0.00282954
-0.00157143
-0.00098618
-0.000760075
-0.000258233
-7.72367e-05
-0.00013656
-0.000138085
-1.88945e-05
9.34247e-05
-1.1481e-05
-0.000161023
9.02435e-05
9.94682e-05
-0.000117934
-2.08554e-05
5.10488e-05
5.28567e-05
-6.35946e-05
-6.62355e-05
0.000108817
3.91199e-05
-0.000165219
7.87098e-05
9.12867e-05
-0.000108678
-1.41604e-05
7.3307e-05
-5.8167e-06
-4.2617e-05
-1.62773e-05
6.84719e-05
3.69813e-06
-0.000113916
9.04066e-05
5.96819e-05
-0.00014206
4.10852e-05
0.000119055
-0.000139041
1.99895e-06
0.000117565
-8.4084e-05
-4.19161e-05
0.000103226
-4.44517e-05
-4.36902e-05
5.85972e-05
-4.95681e-06
-3.78366e-05
2.67636e-05
5.88716e-06
-1.41186e-05
-1.06752e-06
7.89775e-06
3.24641e-06
-1.02331e-05
-1.57277e-06
1.54865e-05
-9.51405e-06
7.41919e-05
-0.000137998
4.50625e-05
9.73748e-05
-0.000126577
1.13918e-05
0.000113817
-0.000106888
-1.80329e-05
0.000112203
-7.09009e-05
-4.68763e-05
9.91134e-05
-3.60737e-05
-4.95819e-05
5.3124e-05
9.37074e-06
-3.98754e-05
5.2466e-06
2.08812e-05
1.87561e-05
-6.34986e-05
2.07419e-05
7.57254e-05
-8.51033e-05
-3.75804e-05
0.000144827
-8.12891e-05
-8.70538e-05
0.000142707
-1.58929e-05
-0.000114142
7.78914e-05
4.33084e-05
-6.01158e-05
-2.25001e-05
2.88776e-05
7.35309e-05
-9.9282e-05
-3.78577e-05
0.000141882
-3.3491e-05
-0.000137199
0.000116521
4.16921e-05
-6.79986e-05
-3.85143e-05
5.23502e-05
0.000107354
-8.191e-05
-1.84592e-05
0.000245965
0.000197683
0.000188198
0.000604128
0.00106689
0.00175961
0.00268971
0.00453048
0.00745139
0.0112976
0.017095
0.0255955
0.0374499
0.0533694
0.0743996
0.102017
0.13733
0.180757
0.233425
0.295894
0.368075
0.448926
0.536103
0.627389
0.718659
0.804924
0.880541
0.939965
0.97899
0.993678
0.981874
0.94332
0.880123
0.796487
0.697619
0.589859
0.480199
0.375519
0.281466
0.201439
0.136648
0.0869743
0.0511846
0.0274867
0.0132709
0.00552133
0.00171166
-0.000174417
-0.00091377
