0.000109206
-7.04371e-05
-7.36867e-05
0.000139901
-4.54073e-05
-9.4235e-05
8.77746e-05
3.61599e-05
-0.000147733
1.96695e-05
6.51487e-05
-0.000233246
-0.000143117
-0.000152697
-0.0005044
-0.000844862
-0.00109168
-0.00198019
-0.00327919
-0.00479539
-0.00748923
-0.0113951
-0.0167915
-0.0243168
-0.0349688
-0.0491245
-0.067766
-0.0920801
-0.122843
-0.161196
-0.207623
-0.262956
-0.327352
-0.400071
-0.48
-0.565543
-0.653558
-0.739893
-0.820669
-0.890849
-0.944811
-0.978486
-0.988357
-0.972178
-0.92984
-0.863251
-0.776517
-0.674877
-0.564729
-0.452918
-0.346476
-0.250457
-0.168754
-0.104301
-0.0569913
-0.0251864
-0.00630847
0.00308052
0.00606076
0.00573138
0.00415804
0.00207972
0.000269274
-0.000637921
-0.000670259
-0.000487897
-0.000116181
0.000144497
0.000201201
0.000108485
-0.000272457
-0.000217681
0.000229205
0.000219352
7.13119e-05
-0.000207329
-0.000223142
0.000121453
9.89054e-05
3.94438e-05
4.74119e-05
-8.94327e-05
-6.86611e-05
-6.45435e-05
5.17259e-05
0.000218981
3.59842e-06
-0.000215601
-0.000144606
0.000117169
0.000274914
6.90637e-06
-0.000285588
-0.000147397
0.000186387
0.000268867
-4.51215e-05
-0.000302874
-0.000106343
0.000237045
0.000194551
-6.45002e-05
-0.000312432
-4.10962e-06
0.000273969
0.000121375
-0.00014713
-0.000281227
4.91616e-05
0.000326879
6.27036e-05
-0.000228696
-0.000219423
9.97444e-05
0.000294403
3.04538e-05
-0.000228983
-0.000140565
9.12209e-05
0.000145153
5.04196e-05
-5.28223e-05
-8.70636e-05
-5.26064e-05
-6.14823e-05
0.000117267
0.000252643
-7.02676e-05
-0.000233241
-0.000168043
0.000117452
0.000323888
-7.08941e-05
-0.000278456
-7.6526e-05
7.42178e-05
0.000486187
0.000715064
0.000590882
-0.000250436
-0.00208397
-0.00415229
-0.00573556
-0.0060524
-0.00309532
0.00629313
0.0252592
0.0569152
0.104297
0.168832
0.25038
0.346515
0.452897
0.564724
0.674932
0.776451
0.86325
0.929893
0.972179
0.988268
0.978552
0.944862
0.890738
0.82072
0.739918
0.653529
0.565552
0.47997
0.400119
0.327347
0.262914
0.207625
0.161274
0.122789
0.0919982
0.0679248
0.0490628
0.0348787
0.0244149
0.0168294
0.0112756
0.00751524
0.00491707
0.00314545
0.00198618
0.00118144
0.000800274
0.000448006
0.000221495
0.000161277
0.000146619
-7.45777e-06
-3.19984e-06
0.00010805
-3.81622e-05
-4.85786e-05
7.36042e-05
1.85388e-05
-9.4993e-05
5.58473e-05
