-0.000139501
0.000107574
4.15405e-05
-0.000100358
-1.52538e-05
0.000150636
-0.000116654
-5.55994e-05
0.000148408
-5.09753e-05
-9.73748e-05
7.88682e-05
7.3441e-05
-0.000177357
3.88128e-05
6.96155e-05
-0.000176081
-0.000137806
-9.55684e-05
-0.000351688
-0.000670343
-0.000860483
-0.00151579
-0.00253119
-0.00388129
-0.00600171
-0.00915304
-0.013745
-0.0201995
-0.0290548
-0.0413229
-0.0577366
-0.0790116
-0.106297
-0.140956
-0.183321
-0.234024
-0.294149
-0.362939
-0.439568
-0.522727
-0.610092
-0.697973
-0.782231
-0.858242
-0.920831
-0.965239
-0.986924
-0.983422
-0.953964
-0.898787
-0.821074
-0.725991
-0.619251
-0.50756
-0.397688
-0.29601
-0.207263
-0.134493
-0.078705
-0.0396208
-0.0151055
-0.00129481
0.00477464
0.00594149
0.00481564
0.00278625
0.00112355
-4.47452e-05
-0.000850038
-0.000703811
-0.000157372
0.000214048
0.000189176
-9.56586e-05
-0.000164759
2.45195e-06
7.3232e-05
5.26074e-05
7.49856e-05
5.31029e-05
-0.000125055
-0.000150935
-5.31889e-05
0.00019486
0.000261243
-0.000136084
-0.000292346
-7.43072e-05
0.000190841
0.000321852
-0.000102293
-0.000348615
-4.99621e-05
0.000186605
0.000279871
-5.64245e-05
-0.000370488
-3.51998e-05
0.000218897
0.000181721
-0.000136085
-0.000131052
-7.31191e-05
0.000170095
0.000217113
-0.000187426
-0.000200311
-1.19672e-06
0.000191238
0.000250044
-0.000215957
-0.000299515
5.47666e-05
0.000228561
0.000236629
-0.000172124
-0.000346895
5.46907e-05
0.00018615
0.000160739
-2.42816e-05
-0.000187553
-2.93591e-05
-4.08926e-06
-1.48103e-05
0.000134988
6.19331e-05
-0.000134851
-0.000209813
0.000144349
0.000682681
0.000836242
0.00012597
-0.00119255
-0.00278808
-0.00476725
-0.00600929
-0.00470087
0.00125984
0.0150649
0.0397053
0.0786363
0.13452
0.207279
0.295966
0.397718
0.507572
0.619235
0.725959
0.821134
0.898767
0.953929
0.983474
0.986869
0.965293
0.920828
0.858158
0.782334
0.697957
0.610029
0.522749
0.439634
0.362881
0.294113
0.234111
0.183269
0.140967
0.10629
0.0790005
0.0577945
0.0412677
0.0290307
0.02027
0.013749
0.0090514
0.00606277
0.0039731
0.00237643
0.00154916
0.000975236
0.00057402
0.000303318
0.000203218
0.000141446
4.23872e-05
4.19492e-05
-1.38339e-05
7.9687e-05
-4.03587e-05
-2.2537e-05
5.57664e-05
-2.88744e-06
-4.54188e-05
6.46206e-06
8.4523e-05
-0.000106045
2.28715e-05
6.1139e-05
-4.17395e-05
