-1.34172e-19
-1.09706e-18
-8.45106e-18
-6.212e-17
-4.35664e-16
-2.91433e-15
-1.8588e-14
-1.12993e-13
-6.54313e-13
-3.60747e-12
-1.8925e-11
-9.44046e-11
-4.47451e-10
-2.01341e-09
-8.59315e-09
-3.47511e-08
-1.33015e-07
-4.81304e-07
-1.64421e-06
-5.29538e-06
-1.60537e-05
-4.57399e-05
-0.000122274
-0.000306172
-0.000716992
-0.00156826
-0.00320147
-0.00610099
-0.0108728
-0.0181948
-0.028792
-0.0435186
-0.0635614
-0.0906125
-0.126723
-0.173708
-0.232457
-0.302754
-0.38373
-0.474096
-0.57139
-0.671048
-0.766896
-0.852833
-0.923484
-0.973464
-0.997875
-0.994466
-0.964066
-0.908849
-0.832345
-0.740671
-0.640826
-0.538509
-0.43923
-0.348257
-0.268248
-0.200297
-0.145413
-0.102655
-0.0700602
-0.0465821
-0.0301914
-0.01874
-0.0114763
-0.00685182
-0.00378168
-0.00223494
-0.00118293
-0.000547822
-0.000406873
-9.26351e-05
-8.9646e-05
-7.3349e-05
5.17441e-05
-7.83945e-05
4.74572e-05
-1.90957e-05
-1.60839e-05
4.01167e-05
-5.25295e-05
5.19634e-05
-4.20263e-05
2.66904e-05
-1.00489e-05
-4.90744e-06
1.64021e-05
-2.38179e-05
2.73748e-05
-2.77877e-05
2.5964e-05
-2.27899e-05
1.90067e-05
-1.51608e-05
1.16029e-05
-8.51533e-06
5.94981e-06
-3.86509e-06
2.1589e-06
-6.92363e-07
6.92363e-07
-2.1589e-06
3.86509e-06
-5.94981e-06
8.51533e-06
-1.16029e-05
1.51608e-05
-1.90067e-05
2.27899e-05
-2.5964e-05
2.77877e-05
-2.73748e-05
2.38179e-05
-1.64021e-05
4.90744e-06
1.00489e-05
-2.66904e-05
4.20263e-05
-5.19634e-05
5.25295e-05
-4.01167e-05
1.60839e-05
1.90957e-05
-4.74572e-05
7.83945e-05
-5.17441e-05
7.3349e-05
8.9646e-05
9.26351e-05
0.000406873
0.000547822
0.00118293
0.00223494
0.00378168
0.00685182
0.0114763
0.01874
0.0301914
0.0465821
0.0700602
0.102655
0.145413
0.200297
0.268248
0.348257
0.43923
0.538509
0.640826
0.740671
0.832345
0.908849
0.964066
0.994466
0.997875
0.973464
0.923484
0.852833
0.766896
0.671048
0.57139
0.474096
0.38373
0.302754
0.232457
0.173708
0.126723
0.0906125
0.0635614
0.0435186
0.028792
0.0181948
0.0108728
0.00610099
0.00320147
0.00156826
0.000716992
0.000306172
0.000122274
4.57399e-05
1.60537e-05
5.29538e-06
1.64421e-06
4.81304e-07
1.33015e-07
3.47511e-08
8.59315e-09
2.01341e-09
4.47451e-10
9.44046e-11
1.8925e-11
3.60747e-12
6.54313e-13
1.12993e-13
1.8588e-14
2.91433e-15
4.35664e-16
6.212e-17
8.45127e-18
1.09907e-18
1.52081e-19
