7.25921e-05
-0.000105018
7.93282e-05
-9.8904e-06
-6.43722e-05
0.000101733
-8.15179e-05
1.634e-05
5.50639e-05
-9.09817e-05
7.2277e-05
-1.41715e-05
-4.41268e-05
6.59925e-05
-4.24096e-05
-2.60545e-06
3.11788e-05
-2.19017e-05
-1.22555e-05
3.4271e-05
-1.54794e-05
-3.60061e-05
7.70343e-05
-6.4196e-05
-5.33081e-06
8.3936e-05
-0.000108925
5.68801e-05
3.14467e-05
-8.32681e-05
5.90002e-05
9.30085e-06
-4.73294e-05
1.28687e-05
5.74989e-05
-8.19375e-05
1.99319e-05
7.73179e-05
-0.000113548
5.02159e-05
4.5613e-05
-7.02104e-05
1.03895e-06
7.20206e-05
-4.90346e-05
-5.52302e-05
0.000120522
-6.24904e-05
-4.96718e-05
8.5243e-05
1.24821e-05
-7.44083e-05
7.5507e-05
0.000144948
6.85511e-06
0.000264272
0.000553841
0.000818869
0.00144996
0.00277375
0.00455263
0.00730862
0.011914
0.0185889
0.0279687
0.041267
0.0596981
0.0838383
0.115108
0.155004
0.204461
0.263839
0.333736
0.413812
0.502025
0.595261
0.689745
0.780563
0.861653
0.927427
0.973267
0.995367
0.990717
0.958624
0.900996
0.821873
0.726597
0.621909
0.514988
0.412133
0.317845
0.235442
0.167293
0.114241
0.074958
0.0468273
0.0274321
0.0151842
0.00864403
0.00606853
0.00276895
0.00415276
0.00789216
0.0152726
0.0275805
0.0465573
0.0746258
0.114363
0.167646
0.235426
0.317496
0.412068
0.515312
0.62203
0.7263
0.821719
0.901267
0.958795
0.990461
0.995197
0.973515
0.927585
0.861405
0.780428
0.690001
0.595357
0.501766
0.41376
0.334001
0.263826
0.204212
0.155078
0.115331
0.0836939
0.0595322
0.0414651
0.0280531
0.0183665
0.0119216
0.00752605
0.00443763
0.00262703
0.00162745
0.000874074
0.00034733
0.000330531
0.00016726
-1.88324e-05
2.87562e-05
0.000105491
-5.20547e-05
-5.39872e-05
0.000118666
-5.55591e-05
-4.39772e-05
6.36554e-05
1.19723e-05
-8.17787e-05
5.57529e-05
4.3646e-05
-0.000112187
8.19156e-05
9.84712e-06
-6.81331e-05
4.28212e-05
2.50286e-05
-5.38074e-05
8.01365e-06
6.83422e-05
-9.88225e-05
4.94521e-05
4.12894e-05
-0.000100431
8.55905e-05
-1.73811e-05
-4.47601e-05
5.59235e-05
-2.00628e-05
-2.0495e-05
2.58544e-05
7.52479e-06
-4.66024e-05
5.18917e-05
-1.11233e-05
-5.02392e-05
8.80914e-05
-7.23191e-05
8.61978e-06
6.50643e-05
-0.000103514
8.29129e-05
-1.49096e-05
-6.14189e-05
0.000103166
-8.79275e-05
2.52278e-05
5.00573e-05
-9.73436e-05
9.18964e-05
-3.72462e-05
