-9.17613e-05
0.000122902
-7.22335e-05
-2.74799e-05
0.00010994
-0.000118888
4.69737e-05
5.71782e-05
-0.000121191
0.000100259
-1.08817e-05
-8.02245e-05
0.000106692
-5.45195e-05
-2.75176e-05
7.03637e-05
-4.54163e-05
-1.10412e-05
3.49287e-05
-4.50656e-07
-5.01752e-05
4.85593e-05
2.33228e-05
-0.000102372
0.000101548
-4.45975e-06
-0.000104757
0.000120897
-3.09575e-05
-6.58908e-05
6.63387e-05
1.6235e-05
-6.45466e-05
1.90964e-06
0.000102349
-0.000109493
-9.34804e-06
0.000120757
-9.1724e-05
-3.10517e-05
7.48233e-05
2.23456e-05
-0.000114206
4.79358e-05
0.000103638
-0.000130321
-5.22505e-06
9.632e-05
-1.10237e-06
-0.000124591
6.11285e-05
0.000111627
-0.000122407
-4.37927e-05
0.000100332
5.85593e-05
-0.000154181
6.86074e-07
0.000142972
-2.07375e-05
-0.000135516
1.53559e-05
0.00016862
-6.02619e-05
-0.000135255
2.51739e-05
0.000173785
-4.21214e-05
-0.000164209
1.40476e-05
0.000177081
3.1019e-05
-0.000169258
3.06356e-06
0.000300083
0.000480342
0.000673984
0.00166268
0.00387129
0.00775576
0.0141575
0.0250461
0.0428123
0.0699613
0.108888
0.162308
0.23288
0.32244
0.431122
0.55725
0.697694
0.848223
1.00362
1.15774
1.30397
1.43585
1.54784
1.63554
1.69577
1.72642
1.85606
1.81559
1.73662
1.62312
1.48121
1.31879
1.14485
0.96829
0.797027
0.637422
0.494331
0.37112
0.269471
0.189106
0.127982
0.0831708
0.0516785
0.0308084
0.0177872
0.00996556
0.00517659
0.00240659
0.00108635
0.000701011
0.000414167
6.19968e-05
-0.00014291
4.70063e-05
0.000180024
2.05954e-05
-0.000167123
-3.74019e-05
0.000170039
2.8592e-05
-0.000137533
-5.93297e-05
0.000169393
1.27361e-05
-0.000131059
-2.67869e-05
0.000150128
-6.85712e-06
-0.00014715
5.3026e-05
0.000103429
-4.37222e-05
-0.000126005
0.000118604
5.15078e-05
-0.000113634
-1.16527e-05
0.000104533
-9.33318e-06
-0.000131526
0.000110451
3.63699e-05
-9.98954e-05
8.19118e-06
8.55732e-05
-3.55443e-05
-9.5153e-05
0.000131952
-2.60822e-05
-9.12293e-05
8.74793e-05
8.85669e-06
-6.08698e-05
2.17631e-06
8.7235e-05
-8.74622e-05
-1.57836e-05
0.000117774
-0.000115704
1.76934e-05
7.55246e-05
-8.20575e-05
1.7046e-05
3.72716e-05
-2.46947e-05
-3.04041e-05
5.67352e-05
-1.44794e-05
-6.31693e-05
0.00010249
-5.96689e-05
-3.80421e-05
0.000115165
-0.000110941
2.74194e-05
7.44345e-05
-0.000122812
8.70686e-05
4.21112e-06
-8.75658e-05
0.000109566
-6.0173e-05
-2.4969e-05
9.04694e-05
-9.62701e-05
4.06242e-05
