0.000116442
-8.38659e-05
-4.00123e-05
7.49224e-05
2.79769e-05
-0.000121415
7.31164e-05
5.13893e-05
-8.97849e-05
1.25065e-05
4.94134e-05
-4.76101e-06
-7.46103e-05
7.46919e-05
-1.15771e-05
-2.1451e-05
-3.94471e-06
-5.12743e-06
3.38877e-05
-7.31557e-05
-3.41745e-05
-3.72194e-05
-6.54322e-05
-0.000297587
-0.000306561
-0.000440286
-0.00104865
-0.00155874
-0.00231492
-0.0038499
-0.0061157
-0.00901739
-0.0135364
-0.020182
-0.0290074
-0.0411106
-0.0575133
-0.0788825
-0.106318
-0.140671
-0.183101
-0.234254
-0.294223
-0.362905
-0.439884
-0.523454
-0.610538
-0.698551
-0.783144
-0.859113
-0.921561
-0.96561
-0.987287
-0.983687
-0.953492
-0.897981
-0.82037
-0.725115
-0.618008
-0.50639
-0.396965
-0.295444
-0.206921
-0.134241
-0.0790159
-0.0403664
-0.0154503
-0.00167102
0.00423552
0.00557774
0.00455875
0.00289706
0.0011232
-0.000293613
-0.000801697
-0.000494685
-4.31352e-05
0.000111026
5.65603e-05
-6.40103e-05
-5.06124e-05
1.14577e-05
-6.48822e-05
9.16327e-05
0.000175999
-1.21157e-05
-0.00012171
-0.000240513
9.71957e-06
0.00034862
0.000108431
-0.000156412
-0.000279578
-0.00010281
0.000364304
0.000211478
-0.000166501
-0.00026253
-0.000157996
0.00030166
0.000193704
-2.1394e-05
-0.000336973
-6.23295e-05
0.000247519
0.000181466
-1.11446e-05
-0.000342471
-0.000139684
0.000302534
0.000217026
-1.384e-05
-0.000310978
-0.000232966
0.00027698
0.000247871
3.00821e-06
-0.000165856
-0.000235073
0.000100641
0.000135944
-2.33773e-05
2.73352e-05
-8.60064e-05
-7.31089e-05
0.000127941
0.000412455
0.000764468
0.000324887
-0.00107234
-0.00291324
-0.0046178
-0.00554072
-0.0042397
0.00170672
0.0154252
0.040301
0.0791243
0.134191
0.206899
0.295503
0.396885
0.506458
0.618002
0.725062
0.820423
0.897961
0.953489
0.983698
0.987289
0.965582
0.921584
0.859155
0.783045
0.698616
0.61056
0.523387
0.439943
0.36286
0.294245
0.234279
0.183054
0.140665
0.106379
0.0788725
0.0574146
0.0412148
0.029028
0.020066
0.0136076
0.009042
0.00607764
0.00383624
0.00234299
0.00156588
0.00102375
0.000458466
0.00026615
0.000374104
2.34668e-05
-2.31175e-05
0.000135298
6.09284e-05
-0.000116101
3.35876e-05
0.000121486
-0.000124653
4.56865e-06
7.54959e-05
-1.94409e-05
-7.36001e-05
7.03186e-05
2.42669e-05
-8.90016e-05
5.40527e-05
2.00052e-05
-3.40773e-05
-2.23861e-05
6.77165e-05
-3.70933e-05
