-0.0550238
-0.113321
-0.177721
-0.250138
-0.331197
-0.420195
-0.515348
-0.613954
-0.712159
-0.804635
-0.884974
-0.947001
-0.986067
-0.99929
-0.985182
-0.943992
-0.878671
-0.79471
-0.698431
-0.595823
-0.492932
-0.395739
-0.308498
-0.233081
-0.170403
-0.120899
-0.0833551
-0.0554472
-0.0355773
-0.0223767
-0.0136421
-0.00779454
-0.00443675
-0.00260921
-0.00125673
-0.00057841
-0.000461294
-0.000149904
3.04628e-05
-0.000141165
-1.53119e-05
9.36177e-05
-0.000102545
8.76368e-06
8.23998e-05
-0.000100374
3.60207e-05
5.15137e-05
-9.50195e-05
6.79835e-05
3.4836e-06
-6.76433e-05
8.4927e-05
-5.0148e-05
-1.07735e-05
6.1292e-05
-7.60543e-05
5.18856e-05
-5.02904e-06
-4.0398e-05
6.4891e-05
-6.10215e-05
3.3972e-05
3.17054e-06
-3.6003e-05
5.42098e-05
-5.4131e-05
3.84203e-05
-1.37684e-05
-1.19928e-05
3.2322e-05
-4.33611e-05
4.42208e-05
-3.64317e-05
2.29717e-05
-7.24913e-06
-7.70198e-06
1.97014e-05
-2.75821e-05
3.11049e-05
-3.07299e-05
2.7339e-05
-2.19783e-05
1.56588e-05
-9.22952e-06
3.31704e-06
1.68222e-06
-5.57595e-06
8.33189e-06
-1.0029e-05
1.08119e-05
-1.08543e-05
1.03312e-05
-9.40165e-06
8.19857e-06
-6.82543e-06
5.35674e-06
-3.84148e-06
2.30797e-06
-7.69534e-07
7.69534e-07
-2.30797e-06
3.84148e-06
-5.35674e-06
6.82543e-06
-8.19857e-06
9.40165e-06
-1.03312e-05
1.08543e-05
-1.08119e-05
1.0029e-05
-8.33189e-06
5.57595e-06
-1.68222e-06
-3.31704e-06
9.22952e-06
-1.56588e-05
2.19783e-05
-2.7339e-05
3.07299e-05
-3.11049e-05
2.75821e-05
-1.97014e-05
7.70198e-06
7.24913e-06
-2.29717e-05
3.64317e-05
-4.42208e-05
4.33611e-05
-3.2322e-05
1.19928e-05
1.37684e-05
-3.84203e-05
5.4131e-05
-5.42098e-05
3.6003e-05
-3.17054e-06
-3.3972e-05
6.10215e-05
-6.4891e-05
4.0398e-05
5.02904e-06
-5.18856e-05
7.60543e-05
-6.1292e-05
1.07735e-05
5.0148e-05
-8.4927e-05
6.76433e-05
-3.4836e-06
-6.79835e-05
9.50195e-05
-5.15137e-05
-3.60207e-05
0.000100374
-8.23998e-05
-8.76368e-06
0.000102545
-9.36177e-05
1.53119e-05
0.000141165
-3.04628e-05
0.000149904
0.000461294
0.00057841
0.00125673
0.00260921
0.00443675
0.00779454
0.0136421
0.0223767
0.0355773
0.0554472
0.0833551
0.120899
0.170403
0.233081
0.308498
0.395739
0.492932
0.595823
0.698431
0.79471
0.878672
0.943996
0.985194
0.999323
0.986149
0.9472
0.885433
0.805642
0.714259
0.618116
0.523185
0.434231
0.355128
0.289079
0.238427
0.204437
0.187464
