4.93189e-05
-7.92944e-06
-2.69256e-05
1.54693e-05
6.61801e-05
0.000130903
0.000156823
0.000385241
0.00107429
0.0019449
0.00338669
0.00666507
0.0120808
0.020048
0.0329383
0.0528202
0.0806997
0.118768
0.169371
0.233453
0.31113
0.400834
0.499576
0.603862
0.707825
0.804102
0.88641
0.948948
0.987269
0.999002
0.982911
0.940729
0.876806
0.796179
0.705025
0.608946
0.512696
0.421145
0.337542
0.264254
0.202566
0.151901
0.111615
0.0802181
0.0561235
0.0383259
0.0252552
0.0161268
0.00996928
0.00583637
0.00339991
0.00181123
0.000968484
0.000513074
0.000199007
0.000155249
1.39561e-05
4.25284e-05
7.88962e-06
-1.32912e-05
3.16915e-05
-3.58285e-05
3.52316e-05
-2.73611e-05
1.57557e-05
-2.453e-06
-1.00348e-05
1.99684e-05
-2.62645e-05
2.86006e-05
-2.72673e-05
2.29916e-05
-1.67301e-05
9.48525e-06
-2.16425e-06
-4.51083e-06
1.00433e-05
-1.41623e-05
1.67947e-05
-1.80223e-05
1.80327e-05
-1.7073e-05
1.54107e-05
-1.33037e-05
1.09809e-05
-8.63037e-06
6.39591e-06
-4.37805e-06
2.63883e-06
-1.2082e-06
9.11623e-08
7.25392e-07
-1.26668e-06
1.56503e-06
-1.65613e-06
1.57626e-06
-1.36068e-06
1.04271e-06
-6.53528e-07
2.22449e-07
-2.22449e-07
6.53528e-07
-1.04271e-06
1.36068e-06
-1.57626e-06
1.65613e-06
-1.56503e-06
1.26668e-06
-7.25392e-07
-9.11623e-08
1.2082e-06
-2.63883e-06
4.37805e-06
-6.39591e-06
8.63037e-06
-1.09809e-05
1.33037e-05
-1.54107e-05
1.7073e-05
-1.80327e-05
1.80223e-05
-1.67947e-05
1.41623e-05
-1.00433e-05
4.51083e-06
2.16425e-06
-9.48525e-06
1.67301e-05
-2.29916e-05
2.72674e-05
-2.86003e-05
2.62655e-05
-1.99651e-05
1.00451e-05
2.48467e-06
-1.56621e-05
2.76289e-05
-3.44901e-05
3.78144e-05
-2.65513e-05
2.61421e-05
2.31213e-05
2.96523e-05
0.000147985
0.000194723
0.000529074
0.000944262
0.00183689
0.00338119
0.00584085
0.00998226
0.0160993
0.0252881
0.0383004
0.0561302
0.0802352
0.11158
0.15194
0.202542
0.26425
0.337575
0.421097
0.512732
0.608943
0.704991
0.796234
0.876764
0.94073
0.982955
0.998939
0.987308
0.948963
0.886347
0.804168
0.707809
0.603811
0.499655
0.400792
0.311094
0.233541
0.169311
0.118741
0.0807942
0.0527492
0.03291
0.0201529
0.0120086
0.00662097
0.00350485
0.00188675
0.000997641
0.000511558
0.000137565
1.02917e-05
0.000176305
6.65756e-05
-0.000179618
3.59571e-05
0.000186239
-0.00012578
