0.000230607
-0.000102155
-0.000160613
0.000199539
0.000144229
-3.58637e-05
0.000307501
0.000792872
0.00133367
0.00255683
0.00489493
0.00898075
0.0156547
0.025895
0.041835
0.0656623
0.0984744
0.142315
0.199675
0.270751
0.354486
0.449216
0.551343
0.656099
0.757288
0.847357
0.920282
0.971366
0.996569
0.994338
0.965026
0.911216
0.838271
0.751725
0.657277
0.560645
0.466175
0.378138
0.2996
0.231909
0.17587
0.130576
0.0948061
0.0673732
0.0464862
0.0312229
0.0202995
0.0126578
0.00772395
0.004423
0.00249758
0.00135586
0.000649847
0.000387904
0.000123695
9.70898e-05
3.24155e-05
-5.50795e-06
3.95241e-05
-3.69527e-05
3.68126e-05
-2.52433e-05
1.11977e-05
4.30476e-06
-1.75897e-05
2.69313e-05
-3.12722e-05
3.06695e-05
-2.59061e-05
1.82456e-05
-9.11487e-06
-1.40897e-07
8.43094e-06
-1.50063e-05
1.94752e-05
-2.17643e-05
2.20482e-05
-2.06672e-05
1.8047e-05
-1.46313e-05
1.08317e-05
-6.99584e-06
3.39163e-06
-2.04385e-07
-2.45668e-06
4.54652e-06
-6.06991e-06
7.06684e-06
-7.59926e-06
7.73999e-06
-7.56412e-06
7.14287e-06
-6.53969e-06
5.80809e-06
-4.99093e-06
4.12069e-06
-3.22049e-06
2.30547e-06
-1.38441e-06
4.61567e-07
-4.61567e-07
1.38441e-06
-2.30547e-06
3.22049e-06
-4.12069e-06
4.99093e-06
-5.80809e-06
6.53969e-06
-7.14287e-06
7.56412e-06
-7.73999e-06
7.59926e-06
-7.06684e-06
6.06991e-06
-4.54652e-06
2.45668e-06
2.04385e-07
-3.39163e-06
6.99584e-06
-1.08317e-05
1.46313e-05
-1.8047e-05
2.06672e-05
-2.20482e-05
2.17643e-05
-1.94752e-05
1.50063e-05
-8.43093e-06
1.4091e-07
9.11492e-06
-1.82454e-05
2.59066e-05
-3.06677e-05
3.1278e-05
-2.69135e-05
1.76434e-05
-4.14838e-06
-1.07568e-05
2.64459e-05
-3.36415e-05
4.50312e-05
-1.96542e-05
5.26601e-05
7.54665e-05
0.000140727
0.000381083
0.000643109
0.0013756
0.00246995
0.00444977
0.00770787
0.0126559
0.0203205
0.0311893
0.0465196
0.0673547
0.0947997
0.130606
0.175828
0.231943
0.299593
0.378111
0.466223
0.560601
0.65729
0.751753
0.838215
0.911265
0.965017
0.994297
0.996635
0.971322
0.920269
0.847421
0.757219
0.656115
0.551397
0.449133
0.354526
0.270794
0.199583
0.14237
0.0985146
0.065561
0.0418958
0.0259433
0.0155425
0.00903452
0.0049664
0.00243588
0.00136032
0.000900719
0.000193231
-6.43263e-05
0.000287634
0.000129646
-0.00026764
4.08658e-05
0.00025955
-0.000168736
