7.9594e-321
7.98904e-321
8.13232e-321
7.5592e-321
8.69061e-321
7.55426e-321
7.27759e-321
9.49594e-321
8.97717e-321
5.38532e-321
2.14424e-321
5.97819e-322
1.23516e-322
9.88131e-324
0
0
0
0
0
0
0
0
0
0
0
0
0
0
0
0
0
0
0
0
0
0
0
0
0
0
0
0
0
0
0
0
0
0
0
0
0
0
0
0
0
0
0
0
0
0
0
0
0
0
0
0
0
0
0
0
0
0
0
0
0
0
0
0
0
-1.75802e-15
-2.14939e-13
-1.20031e-11
-4.05321e-10
-9.23432e-09
-1.49952e-07
-1.78746e-06
-1.58724e-05
-0.000105482
-0.000523078
-0.00192015
-0.0051811
-0.0104037
-0.0167709
-0.0254809
-0.0397869
-0.0600436
-0.0873043
-0.124623
-0.172414
-0.232432
0.232432
0.172414
0.124623
0.0873043
0.0600436
0.0397869
0.0254809
0.0167709
0.0104037
0.0051811
0.00192015
0.000523078
0.000105482
1.58724e-05
1.78746e-06
1.49952e-07
9.23432e-09
4.05321e-10
1.20031e-11
2.14939e-13
1.75802e-15
0
0
0
0
0
0
0
0
0
0
0
0
0
0
0
0
0
0
0
0
0
0
0
0
0
0
0
0
0
0
0
0
0
0
0
0
0
0
0
0
0
0
0
0
0
0
0
0
0
0
0
0
0
0
0
0
0
0
0
0
0
0
0
0
0
0
0
0
0
0
0
0
0
0
0
0
0
0
0
