0.000166574
-3.336e-05
-0.000160346
7.1334e-05
0.000132
-8.50172e-05
-0.000115676
0.000105724
8.42827e-05
-0.000112998
-3.93297e-05
7.49696e-05
4.68413e-05
-7.79111e-05
-1.52717e-05
3.55575e-05
9.6917e-06
3.44701e-05
-8.24254e-05
-1.00586e-05
6.58124e-05
7.27057e-05
-0.00012949
-9.01432e-05
0.000215222
1.1947e-05
-0.00016518
-5.8494e-05
0.000209729
2.0994e-05
-0.000186942
2.09962e-05
6.91406e-05
5.55717e-05
-2.77268e-05
-9.45207e-05
-3.12195e-05
0.000131064
9.90381e-05
-0.000179828
-0.000130741
0.000213294
7.01387e-05
-9.31888e-05
-8.78622e-05
-2.85071e-05
0.000119391
9.23697e-05
-4.47986e-05
-0.000228865
4.65218e-05
0.0002331
-1.87433e-05
-0.000103923
-8.88193e-05
-5.05344e-05
0.000206165
0.000114855
-0.000153116
-0.000177961
2.23233e-05
0.000171804
8.78344e-05
5.45353e-06
-0.00021975
-0.000157358
0.000203344
0.000166165
2.66232e-05
-3.79758e-05
-0.000286871
-0.000101953
6.62938e-05
-0.000126606
-0.000248942
-0.00028496
1.1551e-05
0.000840536
0.00140754
0.000637962
-0.00309607
-0.0120652
-0.0291437
-0.0576101
-0.100916
-0.162314
-0.243619
-0.34511
-0.465399
-0.600743
-0.746362
-0.896667
-1.04518
-1.18632
-1.31494
-1.42648
-1.51829
-1.58825
-1.63506
-1.65872
1.90027
1.85749
1.77475
1.65612
1.50834
1.33944
1.15751
0.971898
0.791004
0.621997
0.471514
0.343328
0.239194
0.159257
0.10077
0.060384
0.0344381
0.0185895
0.00988889
0.00576014
0.00377578
0.00291163
0.0022428
0.00138891
0.000761169
0.00043874
0.000330038
0.000338432
0.000231249
-1.42274e-05
-0.000237353
-5.09072e-05
0.000108483
0.000138428
0.000142865
-0.000157059
-0.000240416
0.000110038
0.000117649
8.9755e-05
-1.23527e-05
-0.000221469
-4.54529e-05
0.000186482
0.000125696
-0.000111516
-0.000135559
4.80794e-06
7.4405e-05
0.000138915
-2.87156e-05
-0.000259433
8.06134e-05
0.000174088
-6.71093e-06
-0.000100867
-7.3719e-05
5.12222e-05
9.37404e-05
5.4119e-05
-0.000164701
-9.3654e-05
0.00021669
6.17967e-05
-0.000189239
-2.74225e-05
9.39169e-05
7.36126e-05
-7.90486e-05
-3.72016e-05
-1.3967e-05
5.90507e-05
0.000105031
-0.000167676
-4.94286e-05
0.000141697
8.53854e-05
-0.000187329
-6.31817e-05
0.000223759
-2.01578e-05
-0.000159485
1.2328e-05
0.000156708
-4.65168e-05
-0.000122451
6.96862e-05
6.64932e-05
-4.90099e-05
-4.76815e-05
4.28736e-05
2.64216e-05
-3.2079e-05
-8.76446e-06
1.46064e-05
2.52837e-06
1.82503e-06
-1.00231e-05
4.47381e-07
3.88584e-06
