-0.0258022
-0.0536607
-0.0857942
-0.124599
-0.172401
-0.230956
-0.300911
-0.381569
-0.471072
-0.566702
-0.664827
-0.760499
-0.847446
-0.919066
-0.969878
-0.996174
-0.995691
-0.967621
-0.913592
-0.838122
-0.747274
-0.647069
-0.543526
-0.442967
-0.350595
-0.269172
-0.200043
-0.14415
-0.100983
-0.0684214
-0.0446751
-0.0284768
-0.0177013
-0.0103902
-0.00594367
-0.00351543
-0.00182664
-0.000837419
-0.000590868
-0.000269527
6.81756e-06
-0.00013685
-5.74425e-05
0.00010121
-8.68459e-05
-1.86845e-05
9.461e-05
-9.13951e-05
1.62216e-05
6.54166e-05
-9.46188e-05
5.67676e-05
1.56356e-05
-7.29456e-05
8.22002e-05
-4.35955e-05
-1.59541e-05
6.25979e-05
-7.44868e-05
5.02139e-05
-5.33984e-06
-3.81257e-05
6.25442e-05
-6.09459e-05
3.74365e-05
-3.22898e-06
-2.89111e-05
4.93027e-05
-5.37139e-05
4.33477e-05
-2.31796e-05
-3.29396e-07
2.12776e-05
-3.56268e-05
4.16547e-05
-3.97188e-05
3.16164e-05
-1.98287e-05
6.85901e-06
5.22452e-06
-1.5016e-05
2.18056e-05
-2.5481e-05
2.63626e-05
-2.50251e-05
2.21412e-05
-1.83647e-05
1.42563e-05
-1.02483e-05
6.63836e-06
-3.6021e-06
1.21551e-06
5.18993e-07
-1.64823e-06
2.24771e-06
-2.40611e-06
2.21468e-06
-1.76112e-06
1.12687e-06
-3.87163e-07
3.87163e-07
-1.12687e-06
1.76112e-06
-2.21468e-06
2.40611e-06
-2.24771e-06
1.64823e-06
-5.18993e-07
-1.21551e-06
3.6021e-06
-6.63836e-06
1.02483e-05
-1.42563e-05
1.83647e-05
-2.21412e-05
2.50251e-05
-2.63626e-05
2.5481e-05
-2.18056e-05
1.5016e-05
-5.22452e-06
-6.85901e-06
1.98287e-05
-3.16164e-05
3.97188e-05
-4.16547e-05
3.56268e-05
-2.12776e-05
3.29396e-07
2.31796e-05
-4.33477e-05
5.37139e-05
-4.93027e-05
2.89111e-05
3.22898e-06
-3.74365e-05
6.09459e-05
-6.25442e-05
3.81257e-05
5.33984e-06
-5.02139e-05
7.44868e-05
-6.25979e-05
1.59541e-05
4.35955e-05
-8.22002e-05
7.29456e-05
-1.56356e-05
-5.67676e-05
9.46188e-05
-6.54166e-05
-1.62216e-05
9.13951e-05
-9.461e-05
1.86845e-05
8.68459e-05
-0.00010121
5.74425e-05
0.00013685
-6.81756e-06
0.000269527
0.000590868
0.000837419
0.00182664
0.00351543
0.00594367
0.0103902
0.0177013
0.0284768
0.0446751
0.0684214
0.100983
0.14415
0.200043
0.269172
0.350595
0.442967
0.543526
0.647069
0.747274
0.838122
0.913592
0.967621
0.995691
0.996174
0.969879
0.919068
0.847453
0.760518
0.664876
0.566825
0.471365
0.382234
0.302342
0.23388
0.178077
0.135061
0.104121
0.0842327
0.074524
