-1.47794e-05
-4.39222e-05
-0.000111753
-0.00026611
-0.00059842
-0.00127117
-0.00254944
-0.00482733
-0.00863673
-0.0146314
-0.0235595
-0.0362624
-0.053744
-0.0772985
-0.108586
-0.149473
-0.201555
-0.265557
-0.341016
-0.426449
-0.519666
-0.617611
-0.71574
-0.807905
-0.887439
-0.948641
-0.987199
-0.99975
-0.984334
-0.941825
-0.876072
-0.792192
-0.695635
-0.592869
-0.49082
-0.394686
-0.30771
-0.232613
-0.170917
-0.121812
-0.0838894
-0.0561865
-0.036676
-0.0229431
-0.0139285
-0.00843512
-0.00475352
-0.00254219
-0.00154386
-0.000740361
-0.000283848
-0.00029566
-6.06058e-05
2.64291e-05
-0.000123736
5.42817e-05
1.69277e-05
-8.44574e-05
8.7465e-05
-3.98861e-05
-2.74191e-05
7.37991e-05
-7.84094e-05
4.44646e-05
6.84498e-06
-5.05174e-05
6.95033e-05
-5.99975e-05
2.97811e-05
7.49502e-06
-3.8599e-05
5.50485e-05
-5.45803e-05
4.01989e-05
-1.79167e-05
-5.67874e-06
2.52543e-05
-3.76546e-05
4.1989e-05
-3.91559e-05
3.11244e-05
-2.02278e-05
8.62439e-06
2.02288e-06
-1.0662e-05
1.68192e-05
-2.04797e-05
2.19369e-05
-2.16494e-05
2.01245e-05
-1.7839e-05
1.51925e-05
-1.24882e-05
9.93258e-06
-7.6464e-06
5.68056e-06
-4.03301e-06
2.66411e-06
-1.50911e-06
4.87892e-07
-4.87892e-07
1.50911e-06
-2.66411e-06
4.03301e-06
-5.68056e-06
7.6464e-06
-9.93258e-06
1.24882e-05
-1.51925e-05
1.7839e-05
-2.01245e-05
2.16494e-05
-2.19369e-05
2.04797e-05
-1.68192e-05
1.0662e-05
-2.02288e-06
-8.62439e-06
2.02278e-05
-3.11244e-05
3.91559e-05
-4.1989e-05
3.76546e-05
-2.52543e-05
5.67874e-06
1.79167e-05
-4.01989e-05
5.45803e-05
-5.50485e-05
3.8599e-05
-7.49502e-06
-2.97811e-05
5.99975e-05
-6.95033e-05
5.05174e-05
-6.84498e-06
-4.44646e-05
7.84094e-05
-7.37991e-05
2.74191e-05
3.98861e-05
-8.7465e-05
8.44574e-05
-1.69277e-05
-5.42817e-05
0.000123736
-2.64291e-05
6.06058e-05
0.00029566
0.000283848
0.000740361
0.00154386
0.00254219
0.00475352
0.00843512
0.0139285
0.0229431
0.036676
0.0561865
0.0838894
0.121812
0.170917
0.232613
0.30771
0.394686
0.49082
0.592869
0.695635
0.792192
0.876072
0.941825
0.984334
0.99975
0.987199
0.948641
0.887439
0.807905
0.71574
0.617611
0.519666
0.426449
0.341016
0.265557
0.201555
0.149473
0.108586
0.0772985
0.053744
0.0362624
0.0235595
0.0146314
0.00863673
0.00482733
0.00254945
0.00127119
0.000598497
0.000266376
0.000112624
4.66428e-05
2.28668e-05
