4.58652e-05
-2.50088e-07
-8.68188e-05
8.9882e-05
1.37368e-06
-5.06046e-05
-2.05522e-05
9.0303e-05
-1.33512e-05
-0.000125454
0.000112964
4.20409e-05
-8.68511e-05
-6.71802e-05
0.000162451
-3.56548e-06
-0.000185924
0.000104623
0.000110893
-9.43319e-05
-0.000126838
0.000168917
4.77611e-05
-0.000166764
2.28296e-05
9.81926e-05
-6.35312e-06
-7.99838e-05
2.53256e-06
4.79219e-05
2.95625e-05
-2.57647e-05
-9.73288e-05
5.87774e-05
0.000149717
-0.00015079
-8.99801e-05
0.000136206
8.61241e-05
-0.000134969
-7.34317e-05
0.000130604
6.47605e-06
8.3197e-06
-9.93167e-05
-4.19261e-05
0.000173618
2.00115e-05
-0.000179544
-2.95136e-05
0.000145121
3.31074e-05
-0.000148086
-9.86261e-05
-8.86284e-05
-4.37113e-05
-0.000213223
-0.000735006
-0.000859479
-0.0012262
-0.00220652
-0.00363752
-0.00575983
-0.00869978
-0.0128986
-0.0192791
-0.0283145
-0.040437
-0.056429
-0.0777067
-0.10522
-0.139958
-0.182806
-0.23398
-0.294401
-0.364168
-0.441974
-0.526432
-0.614646
-0.703071
-0.788096
-0.864284
-0.926346
-0.969431
-0.989105
-0.983271
-0.9513
-0.894034
-0.814873
-0.718461
-0.611045
-0.499884
-0.39152
-0.291796
-0.20508
-0.1337
-0.078749
-0.0396849
-0.0149843
-0.00322546
-0.00731282
-0.00375882
0.00422396
0.0190164
0.0434893
0.0809461
0.134367
0.204831
0.29154
0.391565
0.499979
0.611018
0.718149
0.81462
0.894142
0.951559
0.983531
0.989007
0.969082
0.926278
0.864388
0.788353
0.703191
0.614332
0.526303
0.442052
0.364301
0.294603
0.233775
0.182589
0.140083
0.105316
0.07782
0.0563361
0.0402314
0.028393
0.0194312
0.012932
0.00856833
0.00568092
0.00371636
0.00226975
0.00128958
0.00070437
0.000662467
0.000412748
6.03143e-06
4.56249e-05
8.62407e-05
0.000100085
7.60047e-05
-0.000131548
-6.50522e-05
0.000156081
7.06668e-05
-0.000144952
-7.83888e-05
0.000168745
-7.89898e-06
-4.58466e-05
-4.34693e-05
-1.08128e-05
0.000127565
-2.3855e-05
-0.000133964
2.24208e-05
0.000168707
-7.02937e-05
-0.000159303
0.00012451
9.28655e-05
-0.000124479
-2.24165e-05
5.61688e-05
4.14432e-05
-5.46437e-05
-1.98215e-05
1.54515e-05
3.33926e-05
2.9854e-05
-0.000129656
6.68314e-05
8.46845e-05
-6.7188e-05
-9.72481e-05
0.000110696
9.05312e-05
-0.000199068
3.75339e-05
0.000136922
-4.65109e-05
-0.00015194
0.000120196
0.000112218
-0.000192666
7.49726e-06
0.000140798
-1.75724e-05
-0.000173277
0.000115841
