2.79696e-05
-4.47955e-05
4.30259e-05
-2.18885e-05
-1.14391e-05
4.33845e-05
-5.87737e-05
4.76971e-05
-1.15444e-05
-3.53609e-05
7.07239e-05
-7.47479e-05
4.13717e-05
1.61667e-05
-6.99252e-05
9.11774e-05
-6.6795e-05
8.37619e-06
5.26583e-05
-8.26968e-05
6.64897e-05
-1.71337e-05
-3.16954e-05
4.90266e-05
-2.65268e-05
-1.09393e-05
3.36105e-05
-8.15098e-06
-2.46774e-05
8.66076e-05
-1.67778e-05
7.3616e-05
0.000220634
0.00019103
0.000586339
0.000968804
0.00161949
0.00292385
0.00480947
0.00775176
0.012383
0.0191024
0.028597
0.042195
0.0603969
0.0845535
0.116075
0.155691
0.20465
0.263825
0.3332
0.412153
0.49956
0.592154
0.686046
0.77658
0.857863
0.92427
0.971084
0.994193
0.990716
0.960451
0.904532
0.826243
0.731311
0.626711
0.51906
0.414923
0.319668
0.236435
0.167239
0.113089
0.0731122
0.0448315
0.025962
0.0140682
0.00689769
0.00295762
0.00141512
0.000816831
0.000185279
-0.000254741
-7.43494e-05
0.000184447
9.50036e-05
-7.67669e-05
-7.0824e-05
-2.49875e-05
2.84855e-05
0.000101754
1.96976e-05
-0.000150285
-6.82113e-05
0.000179793
0.000106151
-0.000188953
-0.000139186
0.000189156
0.000162037
-0.000178956
0.000116339
-0.000118558
-0.000123585
0.000129102
0.000139067
-0.000141495
-0.000167312
0.000157135
0.00019978
-0.000163164
-0.000238305
0.000158672
0.000268292
-0.000132811
-0.000277046
8.02232e-05
0.000252281
-1.63484e-05
-0.000161013
-3.20032e-05
0.000190386
0.00059739
0.00149975
0.00313323
0.00673959
0.0139698
0.0261628
0.0448268
0.0729198
0.113197
0.167363
0.236261
0.319647
0.415108
0.518961
0.6266
0.731476
0.826241
0.904371
0.96057
0.990784
0.994027
0.971147
0.924379
0.857721
0.776586
0.686185
0.592026
0.499542
0.412289
0.3331
0.263785
0.204782
0.155609
0.11602
0.0846925
0.0603075
0.0421565
0.0287173
0.0190186
0.0123548
0.00785845
0.00472898
0.00290058
0.00172996
0.000862612
0.00060297
0.000273508
0.000107493
0.000131107
1.70267e-05
-8.29032e-07
4.12098e-05
-6.31038e-07
-3.8212e-05
6.61789e-05
-4.69059e-05
-6.78815e-06
6.48854e-05
-9.06459e-05
6.85534e-05
-1.11092e-05
-4.95544e-05
8.18587e-05
-7.21006e-05
2.98493e-05
2.01519e-05
-5.29833e-05
5.62201e-05
-3.39133e-05
1.41237e-06
2.44526e-05
-3.378e-05
2.66032e-05
-1.02631e-05
-6.04899e-06
1.59852e-05
-1.77706e-05
1.30677e-05
-4.72315e-06
