-0.103339
-0.200646
-0.286622
-0.356112
-0.405939
-0.434128
-0.440971
-0.428813
-0.400979
-0.362071
-0.316158
-0.267285
-0.218953
-0.173863
-0.134278
-0.101061
-0.0742488
-0.0531899
-0.0369898
-0.0250306
-0.0167027
-0.0110442
-0.0072564
-0.00450132
-0.00251257
-0.00149254
-0.000925362
-0.000749137
-0.00039223
2.30749e-05
-1.72056e-06
-5.36938e-05
-0.0002211
-4.72849e-05
0.000189419
5.30511e-05
-0.000109765
-0.000117083
3.67408e-05
0.000176395
-1.11522e-05
-0.000199521
3.89776e-05
9.46573e-05
6.98005e-05
-9.8823e-05
-0.000134723
0.000155152
8.98628e-05
-0.000125647
-6.77431e-05
7.29125e-05
7.68773e-05
-1.30213e-05
-0.000166794
8.8063e-05
0.000140484
-0.00012736
-6.93246e-05
9.14383e-05
4.51601e-05
-4.31334e-05
-7.64304e-05
3.6598e-05
0.00013529
-0.000132635
-7.23753e-05
0.000161328
-4.08087e-06
-0.000142151
7.37991e-05
5.76689e-05
-4.62742e-05
-3.58276e-05
1.50013e-05
6.29837e-05
-2.88283e-05
-9.08406e-05
9.45643e-05
5.91987e-05
-0.000157101
4.3965e-05
0.000134793
-0.000132716
-4.93561e-05
0.000167261
-7.06596e-05
-0.000104069
0.000131135
9.54494e-06
-0.000127795
8.15961e-05
5.50598e-05
-0.000108039
2.36903e-05
8.25941e-05
-8.20158e-05
-1.60164e-05
8.83314e-05
-4.98189e-05
-5.45148e-05
9.29118e-05
-1.29385e-05
-7.82661e-05
6.37986e-05
2.98245e-05
-7.65857e-05
2.43884e-05
4.37722e-05
-3.7416e-05
-1.65786e-05
3.00714e-05
4.99951e-06
-1.2473e-05
-3.02937e-05
4.17583e-05
2.68842e-05
-8.19895e-05
1.30118e-05
0.000110975
-0.000103483
-5.88011e-05
0.000160122
-4.28068e-05
-0.000140435
0.000130147
5.44202e-05
-0.000143298
3.05359e-05
7.8461e-05
-2.21295e-05
-5.83187e-05
-2.92128e-06
7.8154e-05
2.06514e-05
-0.000158088
7.43767e-05
0.000132138
-0.0001298
-7.16387e-05
0.000129321
1.97417e-05
-6.58777e-05
-6.02796e-05
5.27507e-05
0.000133766
-0.000140717
-8.86678e-05
0.000146714
5.70902e-05
-0.000114502
-5.07482e-05
3.88151e-05
0.000147904
-7.34741e-05
-0.000175964
0.00011673
0.000103569
-1.64099e-05
-0.000132843
-4.81218e-05
0.000166768
8.99885e-05
-0.000167877
-6.67362e-05
9.53945e-05
0.000187747
0.000116832
-7.44173e-05
0.00029291
0.00066695
0.00106691
0.00157433
0.00246089
0.00440867
0.00720842
0.0111521
0.0167827
0.0249758
0.0367977
0.0529369
0.0740859
0.101437
0.136278
0.18005
0.233952
0.29863
0.375231
0.464407
0.566871
0.682402
0.809172
0.944589
1.08408
1.22265
1.35405
1.47123
1.56745
1.63573
1.67138
