8.02363e-321
7.94458e-321
8.07303e-321
7.90011e-321
8.05327e-321
7.96434e-321
7.90999e-321
8.16196e-321
7.70742e-321
8.29536e-321
7.80624e-321
7.8507e-321
8.43864e-321
7.5098e-321
8.02363e-321
8.57698e-321
7.41593e-321
7.6679e-321
8.92777e-321
8.08785e-321
6.71929e-321
7.65308e-321
9.60464e-321
9.72815e-321
7.54438e-321
4.58987e-321
2.24306e-321
9.09081e-322
3.11261e-322
7.41098e-323
4.94066e-324
0
0
0
0
0
0
0
0
0
0
0
0
0
0
0
0
-9.53023e-35
-2.99499e-32
-4.54383e-30
-4.43255e-28
-3.12429e-26
-1.69518e-24
-7.36572e-23
-2.6326e-21
-7.88923e-20
-2.01055e-18
-4.40432e-17
-8.36152e-16
-1.38442e-14
-2.00867e-13
-2.563e-12
-2.88324e-11
-2.86415e-10
-2.51431e-09
-1.95046e-08
-1.33597e-07
-8.06713e-07
-4.28427e-06
-1.99481e-05
-8.1112e-05
-0.000286693
-0.000876429
-0.00230665
-0.00521424
-0.0101633
-0.0173769
-0.0270698
-0.0404985
-0.0602337
-0.0884105
-0.125552
-0.172686
-0.232196
-0.304338
-0.387272
-0.480021
-0.57936
-0.6796
-0.776008
-0.861868
-0.930739
-0.977956
-0.998943
-0.992543
-0.958886
-0.900878
-0.823079
-0.731274
-0.631883
0.631883
0.731274
0.823079
0.900878
0.958886
0.992543
0.998943
0.977956
0.930739
0.861868
0.776008
0.6796
0.57936
0.480021
0.387272
0.304338
0.232196
0.172686
0.125552
0.0884105
0.0602337
0.0404985
0.0270698
0.0173769
0.0101633
0.00521424
0.00230665
0.000876429
0.000286693
8.1112e-05
1.99481e-05
4.28427e-06
8.06713e-07
1.33597e-07
1.95046e-08
2.51431e-09
2.86415e-10
2.88324e-11
2.563e-12
2.00867e-13
1.38442e-14
8.36152e-16
4.40432e-17
2.01055e-18
7.88923e-20
2.6326e-21
7.36572e-23
1.69518e-24
3.12429e-26
4.43255e-28
4.54383e-30
2.99499e-32
9.53023e-35
0
0
0
0
0
0
0
0
0
0
0
0
0
0
0
0
0
0
0
0
0
0
0
0
0
0
0
0
0
0
0
0
0
0
0
0
0
0
0
0
0
0
0
0
0
0
0
