-7.71385e-05
3.1769e-05
5.32616e-05
-3.46065e-05
-5.07862e-05
5.95812e-05
1.23731e-05
-4.08667e-05
-1.46101e-06
1.6779e-05
2.14459e-05
-3.04582e-05
-1.21103e-06
-1.21212e-05
5.87015e-05
-1.93853e-05
-8.48551e-05
7.53102e-05
5.45792e-05
-6.73397e-05
-0.000102754
0.000170837
2.29555e-05
-0.000184963
4.82566e-05
0.000139795
-3.84705e-05
-0.000175132
0.000127758
7.95172e-05
-9.38475e-05
-3.25551e-05
1.53871e-05
6.96338e-05
2.56125e-06
-7.80681e-05
-4.74944e-05
0.0001233
7.01389e-05
-0.000190743
-2.80072e-05
0.000202526
-3.7966e-05
-9.8493e-05
-3.25152e-05
7.78748e-05
6.98849e-05
-4.23777e-05
-0.000111371
-2.53688e-05
0.0002115
-4.26266e-05
-0.000213404
1.54264e-06
2.05524e-05
-7.08692e-05
-0.000244291
-0.000553699
-0.000613379
-0.00090759
-0.00173751
-0.00302271
-0.00457487
-0.00688482
-0.0105692
-0.0158873
-0.0235769
-0.0339008
-0.0475985
-0.0663388
-0.0907653
-0.12171
-0.160337
-0.207035
-0.262964
-0.328371
-0.402283
-0.483582
-0.570126
-0.658962
-0.746545
-0.827873
-0.897578
-0.950488
-0.982191
-0.989467
-0.970651
-0.925797
-0.856888
-0.768176
-0.665522
-0.555495
-0.445085
-0.340283
-0.246031
-0.166228
-0.102753
-0.0562798
-0.0264074
-0.0117581
-0.0070449
-0.00179083
0.0094546
0.0293789
0.0605245
0.105731
0.167612
0.246167
0.339881
0.445049
0.555601
0.665527
0.768053
0.85652
0.925703
0.970922
0.989718
0.98229
0.950243
0.8973
0.827919
0.746779
0.659159
0.570001
0.483342
0.402233
0.328498
0.263214
0.206965
0.160093
0.121716
0.0908138
0.0665267
0.0476248
0.033619
0.023601
0.0160142
0.0106153
0.00691283
0.00439308
0.00300341
0.00189022
0.00095764
0.000516032
0.000458044
0.000337911
0.000104705
-1.00575e-05
-2.86323e-05
8.2749e-05
0.000188806
-0.000151042
-0.000118497
0.000143293
6.03726e-05
-4.69514e-05
-8.75334e-05
2.13969e-05
6.97221e-05
4.94401e-05
-0.000107055
-8.66235e-05
0.000176347
4.56633e-05
-0.000199707
3.43112e-05
0.000122743
-1.51003e-05
-0.000105161
2.13619e-05
7.29793e-05
-2.53596e-05
4.58429e-06
-9.03744e-05
8.20789e-05
6.95393e-05
-0.000105951
-5.5259e-05
0.000121209
6.11346e-05
-0.000200883
5.12912e-05
0.000155048
-9.07077e-05
-0.000121703
0.00012415
8.55571e-05
-0.000168577
3.48204e-06
0.000139002
-4.72693e-05
-0.000112098
8.53523e-05
7.36129e-05
-0.000113453
-1.73499e-05
0.000109281
-2.61426e-05
-9.52952e-05
6.61838e-05
