-1.58071e-13
1.56764e-13
-1.55865e-13
1.54967e-13
-1.56457e-13
1.55212e-13
-1.54967e-13
1.54415e-13
-1.5632e-13
1.55362e-13
-1.55855e-13
1.54997e-13
-1.54354e-13
1.55722e-13
-1.56723e-13
1.22617e-13
-1.21923e-13
1.22127e-13
-1.21351e-13
1.22495e-13
-1.22005e-13
1.22617e-13
-1.2033e-13
1.20902e-13
-1.20902e-13
1.22617e-13
-1.1935e-13
1.19595e-13
-1.1984e-13
1.2131e-13
-1.3046e-13
1.32257e-13
-1.32175e-13
1.3291e-13
-1.3242e-13
1.32747e-13
-1.34544e-13
1.36586e-13
-1.36668e-13
1.36668e-13
-1.35851e-13
1.35279e-13
-1.33645e-13
1.32829e-13
-1.32012e-13
1.33074e-13
-1.3242e-13
1.32992e-13
-1.32338e-13
1.33155e-13
-1.32257e-13
1.32012e-13
-1.04809e-13
1.05299e-13
-1.04605e-13
1.04686e-13
-1.03665e-13
1.03257e-13
-1.02766e-13
1.34156e-13
-1.34156e-13
1.34238e-13
-1.3338e-13
1.36066e-13
-1.36592e-13
1.35795e-13
-1.35065e-13
1.33829e-13
-1.32869e-13
1.33993e-13
-1.33931e-13
1.32583e-13
-1.31726e-13
1.33278e-13
-1.04931e-13
1.06075e-13
-1.07586e-13
1.0873e-13
-1.08485e-13
1.08648e-13
-1.0824e-13
1.08403e-13
-1.07014e-13
1.06197e-13
-1.04564e-13
1.06524e-13
-1.04319e-13
1.04564e-13
-1.04564e-13
1.06197e-13
-1.06933e-13
1.06688e-13
-1.05299e-13
1.07178e-13
-1.05707e-13
1.05054e-13
-1.13958e-13
1.1404e-13
-1.14693e-13
1.13713e-13
-1.13305e-13
1.14938e-13
-1.14612e-13
1.12569e-13
-1.11834e-13
1.11181e-13
-1.08485e-13
1.09138e-13
-1.1065e-13
1.09302e-13
-1.09833e-13
1.0922e-13
-1.09588e-13
1.10323e-13
-1.09812e-13
1.10241e-13
-1.09486e-13
1.09588e-13
-1.39456e-13
1.38445e-13
-1.3797e-13
1.38823e-13
-1.38343e-13
1.36893e-13
-1.36076e-13
1.06565e-13
-1.08648e-13
1.08934e-13
-1.06443e-13
1.06688e-13
-1.06565e-13
1.07423e-13
-1.08281e-13
1.08893e-13
-1.07505e-13
1.07586e-13
-1.07586e-13
1.07668e-13
-1.07995e-13
1.06524e-13
-1.08158e-13
1.07423e-13
-1.07913e-13
1.06933e-13
-1.07178e-13
1.06034e-13
-1.06279e-13
1.07014e-13
-1.06769e-13
1.07995e-13
-1.0824e-13
1.05871e-13
-1.0342e-13
1.05462e-13
-1.04074e-13
1.03583e-13
-1.01051e-13
1.00479e-13
-1.00479e-13
1.01623e-13
-1.00724e-13
9.98665e-14
-1.00193e-13
1.00847e-13
-9.94989e-14
9.79876e-14
-9.68848e-14
9.79059e-14
-9.8151e-14
1.26048e-13
-1.26314e-13
1.28693e-13
-1.29888e-13
1.30398e-13
-1.30288e-13
1.31103e-13
-1.31185e-13
1.29408e-13
-1.30153e-13
1.30419e-13
-1.30745e-13
1.31767e-13
-1.31399e-13
1.334e-13
-1.3434e-13
1.34626e-13
-1.35892e-13
1.36709e-13
-1.34176e-13
1.34952e-13
-1.34952e-13
1.51536e-13
-1.50555e-13
1.50964e-13
-1.51372e-13
1.52026e-13
-1.5366e-13
1.5366e-13
-1.53823e-13
1.54558e-13
-1.53333e-13
1.5464e-13
-1.54395e-13
1.5513e-13
-1.53741e-13
1.52843e-13
-1.54313e-13
1.52924e-13
-1.52434e-13
1.52761e-13
-1.52924e-13
1.53333e-13
-1.52353e-13
1.35851e-13
-1.35116e-13
1.34789e-13
-1.33727e-13
1.33891e-13
-1.35279e-13
1.39527e-13
-1.40017e-13
1.40834e-13
-1.40385e-13
1.40201e-13
-1.4014e-13
1.40957e-13
-1.39813e-13
1.39476e-13
-1.3941e-13
1.39201e-13
-1.38251e-13
1.39936e-13
-1.39782e-13
1.39486e-13
-1.392e-13
1.12631e-13
-1.12181e-13
1.12651e-13
-1.12365e-13
1.12569e-13
-1.12733e-13
1.11671e-13
-1.11344e-13
1.1114e-13
-1.10895e-13
1.08812e-13
-1.10037e-13
1.08975e-13
-1.07178e-13
1.06688e-13
-1.05299e-13
1.06769e-13
-1.06606e-13
1.05707e-13
-1.05135e-13
1.06034e-13
-1.05054e-13
1.07014e-13
-1.06443e-13
1.05626e-13
-1.0489e-13
1.05544e-13
-1.04727e-13
1.03992e-13
-1.03583e-13
1.01868e-13
-1.01623e-13
1.00724e-13
-1.0199e-13
1.02399e-13
-1.05503e-13
1.05176e-13
-1.04278e-13
1.05381e-13
-1.05789e-13
1.03012e-13
-1.04237e-13
1.0534e-13
-1.04707e-13
1.04421e-13
-1.04074e-13
1.06126e-13
-1.05707e-13
1.05549e-13
-1.03518e-13
1.03185e-13
-1.04104e-13
1.04247e-13
-1.02991e-13
1.02521e-13
-1.0487e-13
1.0485e-13
-1.04359e-13
1.04074e-13
-1.02766e-13
1.02481e-13
-9.72115e-14
9.51284e-14
-9.61904e-14
9.54552e-14
-9.66805e-14
1.09628e-13
-1.10609e-13
1.11507e-13
-1.11099e-13
1.10119e-13
-1.11262e-13
1.07586e-13
-1.07014e-13
1.07341e-13
-1.0824e-13
1.08648e-13
-1.08975e-13
1.09057e-13
-1.102e-13
1.08648e-13
-1.09383e-13
1.09792e-13
-1.0922e-13
1.07423e-13
-1.08117e-13
1.06851e-13
-1.05993e-13
9.1289e-14
-9.21467e-14
9.30453e-14
-9.27186e-14
9.19425e-14
-9.26369e-14
9.10031e-14
-9.15341e-14
8.96552e-14
-9.10439e-14
8.9308e-14
-8.747e-14
8.76436e-14
-8.97267e-14
8.85013e-14
-9.03495e-14
8.78603e-14
-9.1026e-14
9.05538e-14
-9.05231e-14
8.99513e-14
-9.327e-14
7.22756e-14
-7.15608e-14
6.98861e-14
-7.06213e-14
7.17241e-14
-7.02946e-14
7.03354e-14
-6.90692e-14
6.85382e-14
-7.03762e-14
7.10706e-14
-7.16424e-14
6.92734e-14
-6.97227e-14
6.95593e-14
-7.04579e-14
7.00086e-14
-6.92734e-14
6.94368e-14
-6.911e-14
6.72312e-14
-6.79664e-14
6.72312e-14
-6.82931e-14
6.73946e-14
-6.92734e-14
6.81298e-14
-6.81298e-14
6.82115e-14
-7.05805e-14
6.78438e-14
-6.74762e-14
6.64143e-14
-6.67819e-14
6.57199e-14
-6.58833e-14
6.63734e-14
-6.5965e-14
6.64551e-14
-6.6741e-14
6.4515e-14
-6.33917e-14
6.29628e-14
-6.38002e-14
8.67347e-14
-8.44168e-14
8.4764e-14
-8.38296e-14
8.23949e-14
-8.42694e-14
8.61425e-14
-6.44077e-14
6.65879e-14
-6.51583e-14
6.52298e-14
-6.57812e-14
6.64551e-14
-6.50051e-14
6.41678e-14
-6.46171e-14
6.35959e-14
-6.28607e-14
6.18396e-14
-6.3841e-14
6.37593e-14
-6.55157e-14
7.55636e-14
-7.60946e-14
7.4665e-14
-7.58903e-14
7.46241e-14
-7.59312e-14
7.54002e-14
-7.34396e-14
7.20101e-14
-7.19692e-14
7.05805e-14
-7.00086e-14
6.92734e-14
-6.97227e-14
6.90692e-14
-7.18467e-14
7.13565e-14
-7.08255e-14
6.98453e-14
-6.94368e-14
6.80889e-14
-6.90692e-14
6.79255e-14
-6.84974e-14
6.82931e-14
-6.79255e-14
6.76396e-14
-6.71086e-14
6.72312e-14
-8.39777e-14
8.47333e-14
-8.51009e-14
8.61221e-14
-8.70002e-14
8.63467e-14
-8.48967e-14
8.61833e-14
-8.43964e-14
8.69027e-14
-8.70181e-14
8.76384e-14
-8.84911e-14
8.86034e-14
-8.84094e-14
8.96756e-14
-9.07172e-14
8.97981e-14
-8.97573e-14
8.93897e-14
-9.08397e-14
9.0227e-14
-1.04237e-13
1.03828e-13
-1.06116e-13
1.04319e-13
-1.04441e-13
1.03706e-13
-1.04441e-13
1.05544e-13
-1.05381e-13
1.05135e-13
-1.04237e-13
1.05462e-13
-1.06157e-13
1.05666e-13
-1.05993e-13
1.06933e-13
-1.0824e-13
1.0922e-13
-1.12569e-13
1.10936e-13
-1.10772e-13
1.09138e-13
-1.02276e-13
1.02235e-13
-1.03134e-13
1.03257e-13
-1.02766e-13
1.02644e-13
-1.02685e-13
1.02562e-13
-1.03134e-13
1.01398e-13
-1.0199e-13
1.00969e-13
-1.02276e-13
1.01255e-13
-1.015e-13
1.18257e-13
-1.18461e-13
1.18594e-13
-1.20616e-13
1.20011e-13
-1.20556e-13
1.1926e-13
-1.18461e-13
1.20075e-13
-1.19707e-13
1.19911e-13
-1.17348e-13
1.17757e-13
-1.1745e-13
1.16695e-13
-1.16e-13
1.15592e-13
-1.15388e-13
1.14897e-13
-1.15102e-13
1.12569e-13
-1.12733e-13
1.21678e-13
-1.21392e-13
1.19962e-13
-1.20902e-13
1.19186e-13
-1.21637e-13
1.19881e-13
-1.218e-13
1.21229e-13
-1.22209e-13
1.22086e-13
-1.2082e-13
1.21351e-13
-1.19105e-13
1.20493e-13
-1.22413e-13
1.22658e-13
-1.21964e-13
1.20616e-13
-1.22658e-13
1.21964e-13
-1.23107e-13
1.12365e-13
-1.11875e-13
1.12569e-13
-1.12202e-13
1.12283e-13
-1.12957e-13
1.12753e-13
-1.27825e-13
1.28274e-13
-1.27784e-13
1.28397e-13
-1.28652e-13
1.26702e-13
-1.28213e-13
1.28004e-13
-1.27868e-13
1.26118e-13
-1.27238e-13
1.25533e-13
-1.24333e-13
1.24312e-13
-1.26344e-13
1.26508e-13
-1.2758e-13
1.27907e-13
-1.28867e-13
1.28499e-13
-1.26804e-13
1.27294e-13
-1.3916e-13
1.421e-13
-1.41733e-13
1.41447e-13
-1.41447e-13
1.42631e-13
-1.43122e-13
1.43571e-13
-1.44469e-13
1.44265e-13
-1.4692e-13
1.46634e-13
-1.46144e-13
1.47247e-13
-1.47165e-13
1.48145e-13
-1.4786e-13
1.49085e-13
-1.49003e-13
1.48758e-13
-1.4786e-13
1.47941e-13
-1.42182e-13
1.43285e-13
-1.43407e-13
1.44592e-13
-1.44347e-13
1.46103e-13
-1.46593e-13
1.4741e-13
-1.48329e-13
1.48391e-13
-1.46144e-13
1.44204e-13
-1.44592e-13
1.44857e-13
-1.44214e-13
1.43755e-13
-1.42315e-13
1.43755e-13
-1.42029e-13
1.4147e-13
-1.39925e-13
1.39627e-13
-1.26258e-13
1.26186e-13
-1.25139e-13
1.26038e-13
-1.24986e-13
1.25456e-13
-1.26681e-13
1.27498e-13
-1.29316e-13
1.30439e-13
-1.29724e-13
1.29826e-13
-1.30786e-13
1.30235e-13
-1.29765e-13
1.28621e-13
-1.29193e-13
1.3001e-13
-1.28213e-13
1.30909e-13
-1.305e-13
1.30991e-13
-1.28785e-13
1.29765e-13
-1.28172e-13
1.29112e-13
-1.26988e-13
1.26334e-13
-1.26212e-13
1.27314e-13
-1.26661e-13
1.27478e-13
-1.25926e-13
1.25027e-13
-1.24741e-13
1.24088e-13
-1.23271e-13
1.24149e-13
-1.24312e-13
1.26212e-13
-1.26702e-13
1.28111e-13
-1.28152e-13
1.2809e-13
-1.39405e-13
1.39874e-13
-1.40334e-13
1.38373e-13
-1.38271e-13
1.39108e-13
-1.39946e-13
1.40681e-13
-1.40546e-13
1.39845e-13
-1.38197e-13
1.38649e-13
-1.39532e-13
1.41498e-13
-1.40742e-13
1.41876e-13
-1.4065e-13
1.4061e-13
-1.3967e-13
1.39568e-13
-1.38976e-13
1.39302e-13
-1.39588e-13
1.39711e-13
-1.39098e-13
1.40507e-13
-1.40283e-13
1.4065e-13
-1.39936e-13
1.38383e-13
-1.37199e-13
1.38547e-13
-1.38588e-13
1.38547e-13
-1.39323e-13
1.39445e-13
-1.39037e-13
1.38424e-13
-1.38751e-13
1.3871e-13
-1.39037e-13
1.38016e-13
-1.38629e-13
1.38098e-13
-1.38138e-13
1.38016e-13
-1.38465e-13
1.37628e-13
-1.38322e-13
1.37464e-13
-1.37791e-13
1.37628e-13
-1.39057e-13
1.37322e-13
-1.38322e-13
1.37505e-13
-1.39537e-13
1.39119e-13
-1.40467e-13
1.39313e-13
-1.38302e-13
1.36775e-13
-1.37498e-13
1.38461e-13
-1.39229e-13
1.41073e-13
-1.30794e-13
1.29535e-13
-1.31047e-13
1.28897e-13
-1.29459e-13
1.29152e-13
-1.29673e-13
1.26763e-13
-1.27907e-13
1.28438e-13
-1.295e-13
1.30071e-13
-1.29581e-13
1.27131e-13
-1.27417e-13
1.26845e-13
-1.24394e-13
1.26518e-13
-1.26559e-13
1.24455e-13
-1.23414e-13
1.23373e-13
-1.2131e-13
1.23026e-13
-1.24333e-13
1.24129e-13
-1.24986e-13
1.25844e-13
-1.26293e-13
1.22393e-13
-1.23986e-13
1.23373e-13
-1.24251e-13
1.23802e-13
-1.23557e-13
1.22862e-13
-1.22495e-13
1.22903e-13
-1.23271e-13
1.22352e-13
-1.2178e-13
1.2129e-13
-1.22576e-13
1.22699e-13
-1.31287e-13
1.31195e-13
-1.3193e-13
1.31583e-13
-1.30858e-13
1.29724e-13
-1.29301e-13
1.29972e-13
-1.29437e-13
1.30063e-13
-1.28619e-13
1.27184e-13
-1.28402e-13
1.27483e-13
-1.29255e-13
1.29561e-13
-1.28969e-13
1.29888e-13
-1.29275e-13
1.26722e-13
-1.25701e-13
1.25681e-13
-1.32869e-13
1.31624e-13
-1.30276e-13
1.29193e-13
-1.29704e-13
1.29336e-13
-1.28458e-13
1.30623e-13
-1.28744e-13
1.28499e-13
-1.26906e-13
1.27478e-13
-1.28111e-13
1.27743e-13
-1.27968e-13
1.27702e-13
-1.26518e-13
1.26538e-13
-1.26702e-13
1.28152e-13
-1.28826e-13
1.27784e-13
-1.25354e-13
1.27049e-13
-1.27702e-13
1.28213e-13
-1.28662e-13
1.27008e-13
-1.2809e-13
1.33891e-13
-1.34319e-13
1.3481e-13
-1.34871e-13
1.34973e-13
-1.35289e-13
1.34769e-13
-1.35126e-13
1.32987e-13
-1.33329e-13
1.32134e-13
-1.32522e-13
1.33149e-13
-1.34281e-13
1.35643e-13
-1.27118e-13
1.27309e-13
-1.26498e-13
1.25063e-13
-1.2516e-13
1.24445e-13
-1.24802e-13
1.33012e-13
-1.31746e-13
1.32083e-13
-1.3146e-13
1.32155e-13
-1.32747e-13
1.32645e-13
-1.32216e-13
1.31113e-13
-1.30378e-13
1.30337e-13
-1.32767e-13
1.31174e-13
-1.32808e-13
1.31358e-13
-1.31603e-13
1.30582e-13
-1.31419e-13
1.3046e-13
-1.3097e-13
1.30868e-13
-1.30562e-13
1.27049e-13
-1.26988e-13
1.27008e-13
-1.27907e-13
1.27376e-13
-1.28376e-13
1.27927e-13
-1.2901e-13
1.28887e-13
-1.30153e-13
1.29459e-13
-1.31828e-13
1.30848e-13
-1.31348e-13
1.31062e-13
-1.30929e-13
1.29877e-13
-1.29387e-13
1.28611e-13
-1.2928e-13
1.29658e-13
-1.30414e-13
1.21811e-13
-1.21662e-13
1.21249e-13
-1.20274e-13
1.19041e-13
-1.19365e-13
1.19957e-13
-1.20488e-13
1.20121e-13
-1.21688e-13
1.20902e-13
-1.20871e-13
1.2083e-13
-1.21943e-13
1.21821e-13
-1.27263e-13
1.28683e-13
-1.2954e-13
1.28907e-13
-1.28744e-13
1.2807e-13
-1.27682e-13
1.25211e-13
-1.26375e-13
1.24966e-13
-1.24762e-13
1.24578e-13
-1.25211e-13
1.24088e-13
-1.24231e-13
1.24088e-13
-1.25088e-13
1.25252e-13
-1.25293e-13
1.24231e-13
-1.24231e-13
1.24782e-13
-1.23352e-13
1.22699e-13
-1.23067e-13
1.23598e-13
-1.23209e-13
1.22474e-13
-1.21596e-13
1.28336e-13
-1.29265e-13
1.29908e-13
-1.29112e-13
1.28152e-13
-1.26977e-13
1.26926e-13
-1.27146e-13
1.2853e-13
-1.27422e-13
1.27598e-13
-1.27054e-13
1.27849e-13
-1.2794e-13
1.28265e-13
-1.21941e-13
1.23153e-13
-1.22862e-13
1.23628e-13
-1.20544e-13
1.20177e-13
-1.20024e-13
1.2034e-13
-1.19799e-13
1.20503e-13
-1.20892e-13
1.20728e-13
-1.20126e-13
1.20534e-13
-1.19727e-13
1.21188e-13
-1.1888e-13
1.19901e-13
-1.1792e-13
1.19962e-13
-1.18696e-13
1.19819e-13
-1.18574e-13
1.1935e-13
-1.20207e-13
1.21004e-13
-1.20514e-13
1.20861e-13
-1.21331e-13
1.23271e-13
-1.22699e-13
1.23332e-13
-1.21984e-13
1.22148e-13
-1.22944e-13
1.23067e-13
-1.23567e-13
1.22709e-13
-1.23546e-13
1.22811e-13
-1.21034e-13
1.21474e-13
-1.20534e-13
1.19339e-13
-1.18186e-13
1.18839e-13
-1.18252e-13
1.20565e-13
-1.20585e-13
1.21101e-13
-1.19679e-13
1.13833e-13
-1.13093e-13
1.12595e-13
0.00593378
1.07814e-13
-0.00596362
-0.0119377
-0.0179026
-0.0238388
-0.0297267
-0.0355466
-0.0412792
-0.0469052
-0.0524057
-0.0577619
-0.0629556
-0.0679689
-0.0727844
-0.0773855
-0.0817559
-0.0858801
-0.0897434
-0.0933318
-0.0966322
-0.0996323
-0.102321
-0.104687
-0.106722
-0.108418
-0.109766
-0.110762
-0.111399
-0.111675
-0.111586
-0.11113
-0.110309
-0.109121
-0.10757
-0.105659
-0.103393
-0.100776
-0.097816
-0.0945209
-0.0908998
-0.0869631
-0.0827219
-0.0781889
-0.0733773
-0.0683016
-0.0629772
-0.0574204
-0.0516481
-0.0456782
-0.0395295
-0.0332211
-0.0267731
-0.0202058
-0.0135402
-0.00679767
-1.14092e-13
0.00683081
0.0136725
0.0205027
0.027299
0.0340388
0.0406999
0.04726
0.053697
0.0599894
0.0661156
0.0720549
0.0777869
0.0832917
0.0885502
0.0935439
0.0982553
0.102667
0.106764
0.110531
0.113954
0.11702
0.119718
0.122036
0.123965
0.125497
0.126626
0.127345
0.12765
0.127538
0.127008
0.126059
0.124693
0.122911
0.120718
0.11812
0.115121
0.111731
0.107959
0.103816
0.0993118
0.0944612
0.089278
0.0837776
0.0779766
0.0718925
0.0655439
0.0589505
0.0521326
0.0451116
0.0379095
0.0305491
0.0230538
0.0154475
0.00775463
1.22623e-13
-0.00779124
-0.0155937
-0.0233819
-0.0311302
-0.0388129
-0.0464047
-0.0538802
-0.0612142
-0.0683822
-0.0753598
-0.0821232
-0.0886493
-0.0949156
-0.1009
-0.106582
-0.111942
-0.11696
-0.121618
-0.125899
-0.129788
-0.13327
-0.136331
-0.13896
-0.141146
-0.14288
-0.144154
-0.144961
-0.145297
-0.145159
-0.144545
-0.143454
-0.141888
-0.13985
-0.137345
-0.134378
-0.130957
-0.127091
-0.122791
-0.118069
-0.112938
-0.107414
-0.101512
-0.0952505
-0.0886483
-0.0817253
-0.0745027
-0.0670029
-0.0592492
-0.0512659
-0.043078
-0.0347114
-0.0261929
-0.0175495
-0.00880916
-1.21608e-13
0.0088494
0.0177102
0.0265534
0.03535
0.0440708
0.052687
0.0611698
0.0694908
0.077622
0.0855358
0.0932054
0.100604
0.107708
0.11449
0.120928
0.126999
0.132682
0.137956
0.142801
0.147201
0.151138
0.154598
0.157568
0.160034
0.161987
0.163419
0.164322
0.16469
0.164521
0.163812
0.162564
0.160777
0.158455
0.155605
0.152232
0.148345
0.143955
0.139073
0.133715
0.127894
0.121629
0.114938
0.10784
0.100357
0.0925128
0.0843305
0.0758356
0.0670546
0.0580151
0.0487455
0.0392752
0.0296344
0.0198539
0.00996509
1.13871e-13
-0.0100091
-0.0200295
-0.0300285
-0.0399733
-0.0498309
-0.0595686
-0.0691541
-0.0785552
-0.0877403
-0.0966784
-0.105339
-0.113693
-0.12171
-0.129365
-0.136629
-0.143477
-0.149886
-0.155831
-0.161292
-0.166249
-0.170683
-0.174577
-0.177916
-0.180688
-0.182879
-0.184481
-0.185486
-0.185888
-0.185683
-0.184868
-0.183445
-0.181415
-0.178782
-0.175552
-0.171734
-0.167336
-0.162371
-0.156854
-0.150799
-0.144224
-0.137148
-0.129593
-0.121581
-0.113136
-0.104285
-0.0950539
-0.0854722
-0.0755697
-0.0653773
-0.0549272
-0.0442525
-0.0333874
-0.0223665
-0.0112254
-1.30125e-13
0.0112732
0.0225575
0.0338159
0.0450115
0.0561072
0.0670663
0.0778523
0.0884291
0.0987612
0.108814
0.118552
0.127944
0.136956
0.145558
0.15372
0.161413
0.168609
0.175284
0.181413
0.186974
0.191946
0.19631
0.20005
0.20315
0.205598
0.207384
0.208497
0.208933
0.208686
0.207756
0.20614
0.203844
0.20087
0.197226
0.192921
0.187966
0.182376
0.176165
0.169351
0.161955
0.153997
0.145503
0.136497
0.127006
0.117061
0.106691
0.095929
0.0848085
0.0733644
0.0616329
0.0496512
0.0374577
0.0250913
0.012592
1.32762e-13
-0.0126437
-0.0252978
-0.037921
-0.0504719
-0.0629088
-0.0751907
-0.0872767
-0.0991263
-0.1107
-0.121958
-0.132863
-0.143377
-0.153465
-0.163091
-0.172223
-0.180828
-0.188876
-0.196338
-0.203187
-0.2094
-0.214951
-0.219822
-0.223992
-0.227446
-0.23017
-0.232151
-0.23338
-0.233849
-0.233555
-0.232496
-0.230671
-0.228083
-0.224738
-0.220644
-0.215812
-0.210253
-0.203984
-0.197022
-0.189388
-0.181102
-0.172191
-0.16268
-0.152599
-0.141979
-0.130851
-0.11925
-0.107213
-0.0947772
-0.0819816
-0.0688669
-0.0554747
-0.0418478
-0.0280299
-0.0140656
-1.1972e-13
0.0141212
0.028252
0.042346
0.0563571
0.0702388
0.0839454
0.0974311
0.110651
0.12356
0.136116
0.148276
0.159998
0.171242
0.181969
0.192143
0.201728
0.21069
0.218997
0.22662
0.23353
0.239703
0.245116
0.249747
0.253579
0.256596
0.258784
0.260134
0.260638
0.260291
0.25909
0.257036
0.254133
0.250388
0.245808
0.240406
0.234196
0.227195
0.219424
0.210905
0.201663
0.191726
0.181122
0.169885
0.158049
0.145651
0.132728
0.119321
0.105473
0.0912264
0.0766269
0.0617209
0.0465561
0.0311812
0.0156457
1.36082e-13
-0.0157052
-0.0314186
-0.0470888
-0.0626643
-0.0780937
-0.0933259
-0.10831
-0.122997
-0.137336
-0.15128
-0.164782
-0.177795
-0.190275
-0.20218
-0.213467
-0.224099
-0.234036
-0.243245
-0.251693
-0.259348
-0.266184
-0.272173
-0.277295
-0.281528
-0.284855
-0.287263
-0.288739
-0.289276
-0.288868
-0.287514
-0.285213
-0.28197
-0.277793
-0.272691
-0.266678
-0.259769
-0.251985
-0.243348
-0.233882
-0.223616
-0.21258
-0.200808
-0.188336
-0.175201
-0.161444
-0.147109
-0.13224
-0.116883
-0.101087
-0.0849034
-0.0683822
-0.0515768
-0.0345412
-0.0173303
-1.07307e-13
0.0173935
0.0347935
0.052143
0.0693849
0.0864624
0.103319
0.119899
0.136146
0.152007
0.167428
0.182357
0.196743
0.210537
0.223692
0.236162
0.247905
0.258879
0.269045
0.278367
0.286812
0.294348
0.300949
0.306588
0.311244
0.314899
0.317536
0.319144
0.319713
0.319238
0.317716
0.31515
0.311543
0.306904
0.301244
0.294579
0.286926
0.278307
0.268746
0.258273
0.246917
0.234714
0.221699
0.207913
0.193398
0.178199
0.162364
0.145941
0.128983
0.111544
0.0936788
0.0754443
0.0568989
0.0381025
0.0191157
8.18755e-14
-0.0191825
-0.0383691
-0.0574972
-0.0765037
-0.0953261
-0.113902
-0.13217
-0.150069
-0.167539
-0.184521
-0.200959
-0.216796
-0.231978
-0.246454
-0.260173
-0.273089
-0.285155
-0.296331
-0.306575
-0.315851
-0.324126
-0.331369
-0.337553
-0.342653
-0.34665
-0.349526
-0.351269
-0.351868
-0.351319
-0.349617
-0.346767
-0.342772
-0.337642
-0.33139
-0.324033
-0.31559
-0.306087
-0.29555
-0.28401
-0.271502
-0.258064
-0.243736
-0.228562
-0.212589
-0.195867
-0.178448
-0.160386
-0.141739
-0.122566
-0.102927
-0.0828862
-0.0625068
-0.0418546
-0.0209965
-8.15563e-14
0.0210666
0.0421346
0.063135
0.0839987
0.104657
0.125042
0.145085
0.164721
0.183882
0.202506
0.220528
0.237889
0.254529
0.270392
0.285422
0.299568
0.312781
0.325014
0.336224
0.346371
0.355418
0.363333
0.370084
0.375648
0.38
0.383124
0.385005
0.385632
0.385
0.383107
0.379954
0.375548
0.369899
0.363022
0.354936
0.345662
0.335227
0.323662
0.311001
0.297281
0.282545
0.266837
0.250206
0.232703
0.214382
0.195302
0.175521
0.155102
0.134111
0.112614
0.09068
0.068379
0.0457832
0.0229655
8.63025e-14
-0.0230387
-0.0460753
-0.0690345
-0.0918409
-0.114419
-0.136695
-0.158594
-0.180044
-0.200972
-0.22131
-0.240988
-0.25994
-0.278101
-0.29541
-0.311807
-0.327235
-0.341642
-0.354977
-0.367192
-0.378245
-0.388095
-0.396707
-0.404048
-0.41009
-0.41481
-0.418188
-0.420209
-0.420861
-0.42014
-0.418041
-0.414569
-0.409731
-0.403537
-0.396004
-0.387153
-0.377009
-0.3656
-0.35296
-0.339127
-0.324142
-0.308051
-0.290903
-0.272751
-0.253651
-0.233663
-0.21285
-0.191277
-0.169013
-0.146128
-0.122695
-0.09879
-0.0744889
-0.0498703
-0.0250137
-7.02459e-14
0.0250896
0.0501731
0.0751685
0.0999936
0.124567
0.148806
0.172633
0.195966
0.218729
0.240845
0.26224
0.282841
0.302579
0.321387
0.3392
0.355957
0.3716
0.386074
0.399329
0.411318
0.421997
0.431328
0.439276
0.445811
0.450908
0.454545
0.456706
0.457381
0.456561
0.454246
0.450439
0.445148
0.438385
0.430169
0.420522
0.409472
0.39705
0.383294
0.368243
0.351945
0.334448
0.315807
0.296078
0.275324
0.253609
0.231001
0.207573
0.183398
0.158553
0.133118
0.107174
0.080804
0.0540941
0.0271302
1.04854e-13
-0.0272083
-0.0544059
-0.0815038
-0.108413
-0.135045
-0.161311
-0.187125
-0.212401
-0.237055
-0.261004
-0.284168
-0.306468
-0.32783
-0.348181
-0.367451
-0.385574
-0.402488
-0.418133
-0.432456
-0.445405
-0.456934
-0.467002
-0.475571
-0.482609
-0.488089
-0.491988
-0.49429
-0.494982
-0.494057
-0.491515
-0.487358
-0.481596
-0.474244
-0.46532
-0.45485
-0.442864
-0.429396
-0.414487
-0.398182
-0.380529
-0.361583
-0.341403
-0.320051
-0.297594
-0.274101
-0.249648
-0.224311
-0.198172
-0.171312
-0.143819
-0.11578
-0.0872865
-0.0584293
-0.0293023
-1.13843e-13
0.0293821
0.0587482
0.088002
0.117048
0.145789
0.174132
0.201983
0.229248
0.255838
0.281663
0.306637
0.330675
0.353697
0.375625
0.396384
0.415902
0.434113
0.450953
0.466364
0.480292
0.492686
0.503503
0.512703
0.520251
0.526118
0.53028
0.532721
0.533426
0.532388
0.529608
0.525089
0.518841
0.510881
0.50123
0.489914
0.476967
0.462427
0.446337
0.428746
0.409707
0.389279
0.367525
0.344513
0.320314
0.295006
0.268667
0.241382
0.213236
0.184321
0.154728
0.124553
0.0938932
0.062847
0.0315154
1.20778e-13
-0.0315964
-0.0631707
-0.0946195
-0.12584
-0.156728
-0.187184
-0.217105
-0.246393
-0.27495
-0.302681
-0.329493
-0.355296
-0.380003
-0.403531
-0.425799
-0.446732
-0.466257
-0.484307
-0.50082
-0.515737
-0.529006
-0.540579
-0.550413
-0.558474
-0.564729
-0.569153
-0.571729
-0.572441
-0.571285
-0.568258
-0.563366
-0.55662
-0.548038
-0.537644
-0.525466
-0.511541
-0.495909
-0.478617
-0.459718
-0.439271
-0.417337
-0.393984
-0.369287
-0.343322
-0.316172
-0.287921
-0.258661
-0.228483
-0.197485
-0.165766
-0.133429
-0.100576
-0.0673149
-0.0337533
-1.06311e-13
0.0338349
0.0676409
0.101307
0.134724
0.16778
0.200368
0.232379
0.263707
0.294249
0.323901
0.352566
0.380147
0.406552
0.43169
0.455477
0.477832
0.498679
0.517944
0.535563
0.551473
0.565618
0.577947
0.588417
0.596988
0.603628
0.608311
0.611017
0.611732
0.610449
0.607168
0.601895
0.594643
0.58543
0.574282
0.561232
0.546317
0.529581
0.511077
0.490859
0.46899
0.445538
0.420576
0.394181
0.366438
0.337434
0.30726
0.276013
0.243792
0.210701
0.176846
0.142336
0.107282
0.0717978
0.0359983
1.35426e-13
-0.0360798
-0.0721234
-0.108013
-0.14363
-0.178858
-0.213581
-0.247684
-0.281054
