-1.00717e-18
9.97197e-19
-1.01714e-18
-6.23248e-19
6.03304e-19
-2.39327e-18
2.36834e-18
-2.39327e-18
2.37084e-18
-2.39456e-18
2.36834e-18
-2.39327e-18
2.36336e-18
-2.39327e-18
2.36336e-18
-2.39327e-18
5.98318e-19
-6.18262e-19
-1.20661e-18
1.18666e-18
-1.21658e-18
1.18666e-18
-1.21658e-18
1.17669e-18
-1.21658e-18
-5.98318e-20
1.99439e-20
-1.75507e-18
1.73512e-18
-2.65254e-18
2.61266e-18
-2.65254e-18
2.65254e-18
-2.69243e-18
2.65254e-18
-2.67249e-18
2.59271e-18
-2.6326e-18
2.75226e-18
-2.79215e-18
3.19103e-18
-3.25086e-18
3.21097e-18
-3.23092e-18
3.17109e-18
-3.23092e-18
3.21097e-18
-2.67249e-18
2.65254e-18
-2.67249e-18
2.6326e-18
-2.67249e-18
2.6326e-18
-2.6326e-18
2.60268e-18
-2.64257e-18
2.61266e-18
-2.65254e-18
2.60268e-18
-2.64257e-18
4.92117e-18
-4.95607e-18
7.24214e-18
-7.27954e-18
7.23705e-18
-7.27206e-18
7.23466e-18
-7.26956e-18
7.23965e-18
-4.87629e-18
4.85635e-18
-2.3135e-18
2.29355e-18
-1.19664e-19
9.97197e-20
-1.19664e-19
9.97197e-20
-1.19664e-19
7.97757e-20
-1.19664e-19
1.65535e-18
-1.67529e-18
2.99159e-18
-3.03148e-18
4.14834e-18
-4.18823e-18
4.14834e-18
-4.18823e-18
4.18823e-18
-4.22811e-18
4.18823e-18
-3.74946e-18
3.70957e-18
-3.74946e-18
3.66968e-18
-3.66968e-18
3.6298e-18
-3.6298e-18
3.6298e-18
-3.6298e-18
3.66968e-18
-3.60985e-18
3.58991e-18
-3.56996e-18
1.6354e-18
-1.6354e-18
-3.19103e-19
3.19103e-19
-3.19103e-19
3.39047e-19
-3.19103e-19
3.58991e-19
-3.19103e-19
-2.55282e-18
2.57277e-18
-5.49455e-18
5.51948e-18
-8.61578e-18
8.64071e-18
-8.61433e-18
8.64071e-18
-8.69556e-18
8.58088e-18
-8.55595e-18
5.49455e-18
-5.45467e-18
2.39327e-18
-2.33344e-18
-5.18542e-19
5.78374e-19
-4.98598e-19
5.18542e-19
-4.58711e-19
-1.91462e-18
1.95451e-18
-5.10565e-18
5.06576e-18
-5.06576e-18
5.10565e-18
-5.06576e-18
5.10565e-18
-5.06576e-18
5.10565e-18
-5.06576e-18
4.66688e-18
-4.62699e-18
4.66688e-18
-4.62699e-18
4.9461e-18
-4.90621e-18
4.98598e-18
-4.9461e-18
4.98598e-18
-4.98598e-18
5.06576e-18
-3.27081e-18
3.31069e-18
-1.15675e-18
1.23652e-18
2.39327e-19
-1.99439e-19
2.39327e-19
-1.79495e-19
2.59271e-19
-1.79495e-19
2.59271e-19
3.35058e-18
-3.29075e-18
7.15987e-18
-7.09007e-18
1.10888e-17
-1.1039e-17
1.10888e-17
-1.10415e-17
1.10927e-17
-1.1039e-17
1.10938e-17
-6.9006e-18
6.96043e-18
-6.60144e-18
6.66127e-18
-6.60144e-18
6.70116e-18
-6.62139e-18
6.68122e-18
-6.62139e-18
6.66127e-18
-6.5815e-18
7.45903e-18
-7.37926e-18
1.01714e-17
-1.00916e-17
1.25647e-17
-1.2445e-17
1.25647e-17
-1.2445e-17
1.26445e-17
-1.24849e-17
1.26046e-17
-1.18467e-17
1.19265e-17
-1.16871e-17
1.17669e-17
-1.08894e-17
1.10091e-17
-1.09293e-17
1.10888e-17
-1.09692e-17
1.10888e-17
-1.09692e-17
9.57309e-18
-9.45343e-18
6.70116e-18
-6.62139e-18
3.43036e-18
-3.31069e-18
3.47024e-18
-3.35058e-18
3.47024e-18
-3.39047e-18
3.4503e-18
-7.99752e-18
8.07729e-18
-7.65847e-18
7.73825e-18
-7.43909e-18
7.51886e-18
-7.45405e-18
7.51886e-18
-7.44373e-18
7.51637e-18
-7.44906e-18
7.33937e-18
-7.27954e-18
2.09411e-18
-2.03428e-18
-2.99159e-18
3.05142e-18
-2.9517e-18
2.99159e-18
-2.91181e-18
2.9517e-18
-2.83204e-18
-1.15675e-18
1.19664e-18
-5.50453e-18
5.62419e-18
-9.5332e-18
9.65287e-18
-9.57309e-18
9.65287e-18
-9.57309e-18
9.65287e-18
-9.57309e-18
8.69556e-18
-8.61578e-18
8.45623e-18
-8.45623e-18
8.93488e-18
-8.85511e-18
8.77533e-18
-8.77533e-18
8.85511e-18
-8.85511e-18
8.93488e-18
-5.90341e-18
5.90341e-18
-6.94049e-18
6.94049e-18
-7.93769e-18
7.93769e-18
-7.85791e-18
7.85791e-18
-7.85791e-18
7.85791e-18
-7.81802e-18
7.25959e-18
-7.25959e-18
1.36217e-17
-1.35818e-17
2.02232e-17
-2.01733e-17
2.02132e-17
-2.01583e-17
2.0217e-17
-2.01533e-17
2.02132e-17
-1.32129e-17
1.32827e-17
-6.02307e-18
6.10284e-18
5.5843e-19
-5.18542e-19
6.38206e-19
-5.5843e-19
6.38206e-19
-5.5843e-19
6.38206e-19
5.66408e-18
-5.5843e-18
1.02113e-17
-1.01315e-17
1.40405e-17
-1.39608e-17
1.40405e-17
-1.41203e-17
1.42001e-17
-1.42001e-17
1.41203e-17
-1.41203e-17
1.40405e-17
-1.42001e-17
1.42001e-17
-1.26843e-17
1.26046e-17
-1.27641e-17
1.26843e-17
-1.28439e-17
1.26046e-17
-1.26843e-17
1.00517e-17
-1.01315e-17
5.34498e-18
-5.5843e-18
-3.78489e-28
3.77913e-28
-7.97757e-20
-7.97757e-20
-3.98879e-20
3.75742e-28
-7.97757e-20
-7.77814e-18
7.65847e-18
-1.53967e-17
1.52771e-17
-2.35338e-17
2.34142e-17
-2.35538e-17
2.34242e-17
-2.35678e-17
1.44145e-17
-1.45591e-17
5.52447e-18
-5.66408e-18
-3.23092e-18
3.11125e-18
-3.27081e-18
3.07137e-18
-3.23092e-18
3.11125e-18
-3.27081e-18
-4.14834e-18
3.98879e-18
-4.14834e-18
3.90901e-18
-5.50453e-18
5.34498e-18
-5.50453e-18
5.2652e-18
-5.42475e-18
5.34498e-18
-5.42475e-18
5.2652e-18
-5.42475e-18
3.90901e-18
-4.06856e-18
3.66968e-18
-3.74946e-18
3.74946e-18
-3.90901e-18
3.82924e-18
-3.98879e-18
3.82924e-18
-7.97757e-20
-7.97757e-20
4.86632e-18
-5.02587e-18
9.25399e-18
-9.33376e-18
9.09444e-18
-9.17421e-18
9.09444e-18
-9.33376e-18
9.17421e-18
-2.39327e-19
7.97757e-20
9.05455e-18
-9.13432e-18
1.94653e-17
-1.95451e-17
1.94453e-17
-1.95251e-17
1.94254e-17
-1.95251e-17
1.94208e-17
-8.08727e-18
7.99752e-18
-8.07729e-18
8.01746e-18
-8.13713e-18
8.05735e-18
-8.17701e-18
8.13713e-18
-8.2169e-18
8.2169e-18
-8.29668e-18
9.89219e-18
-9.89219e-18
2.00237e-17
-1.99439e-17
2.73631e-17
-2.72833e-17
2.72833e-17
-2.72833e-17
2.72833e-17
-2.71238e-17
2.72833e-17
-2.37732e-17
2.39327e-17
-2.18586e-17
2.20181e-17
-2.15395e-17
2.1699e-17
-2.15395e-17
2.1699e-17
-2.15395e-17
2.1699e-17
-2.15395e-17
1.89866e-17
-1.88271e-17
1.48383e-17
-1.46787e-17
7.33937e-18
-7.17982e-18
7.17982e-18
-7.02027e-18
7.10004e-18
-7.02027e-18
7.02027e-18
-1.85877e-17
1.87473e-17
-1.86675e-17
1.87473e-17
-1.78299e-17
1.78698e-17
-1.779e-17
1.78299e-17
-1.777e-17
1.78e-17
-1.77538e-17
3.12123e-18
-3.05142e-18
-1.14678e-17
1.14877e-17
-2.57676e-17
2.58075e-17
-2.58473e-17
2.59271e-17
-2.58473e-17
2.59271e-17
-2.58473e-17
1.39608e-17
-1.3881e-17
2.87193e-18
-2.71238e-18
-8.93488e-18
9.09444e-18
-9.09444e-18
9.57309e-18
-9.41354e-18
9.09444e-18
-9.25399e-18
4.9461e-18
-5.2652e-18
-1.59551e-19
1.59551e-19
-3.19103e-19
1.59551e-19
-1.59551e-19
4.78654e-19
-3.19103e-19
4.78654e-19
-3.19103e-19
4.78654e-19
-3.19103e-19
3.19103e-19
-4.37323e-28
7.33937e-18
-7.17982e-18
7.49892e-18
-7.17982e-18
7.33937e-18
-7.17982e-18
7.33937e-18
6.22251e-18
-5.90341e-18
2.05821e-17
-2.01833e-17
3.70159e-17
-3.71356e-17
3.70159e-17
-3.71755e-17
3.67367e-17
-3.70658e-17
5.53339e-17
-5.5155e-17
5.49256e-17
-5.43273e-17
7.29948e-17
-7.29948e-17
7.28353e-17
-7.29948e-17
7.27555e-17
-7.29948e-17
7.2915e-17
-5.60026e-17
5.56835e-17
-5.5843e-17
5.55239e-17
-2.79215e-17
2.7762e-17
-2.79215e-17
2.7762e-17
-2.80811e-17
2.82406e-17
-2.82406e-17
4.06856e-17
-4.08452e-17
4.08452e-17
-4.11643e-17
4.88228e-17
-4.88228e-17
4.88228e-17
-4.91419e-17
4.91419e-17
-4.91419e-17
4.9461e-17
-5.83958e-17
5.82363e-17
-5.91936e-17
5.90341e-17
-6.81285e-17
6.78094e-17
-6.79689e-17
6.76498e-17
-6.78094e-17
6.76498e-17
-6.76498e-17
5.1216e-17
-5.1216e-17
5.10565e-17
-5.09767e-17
3.17507e-17
-3.18305e-17
3.18305e-17
-3.18305e-17
3.18305e-17
-3.18305e-17
3.18106e-17
-5.51912e-17
5.5145e-17
-5.52048e-17
5.5125e-17
-1.01315e-16
1.01156e-16
-1.01235e-16
1.01076e-16
-1.00996e-16
1.00837e-16
-1.00996e-16
5.93532e-17
-5.96723e-17
5.95127e-17
-5.96723e-17
2.47305e-17
-2.489e-17
2.45709e-17
-2.42518e-17
2.42518e-17
-2.42518e-17
2.42518e-17
-4.0207e-17
3.98879e-17
-3.98879e-17
3.98879e-17
-4.6589e-17
4.6589e-17
-4.6589e-17
4.6589e-17
-4.69081e-17
4.6589e-17
-4.6589e-17
5.16947e-17
-5.20138e-17
5.16947e-17
-5.20138e-17
6.15869e-17
-6.22251e-17
6.1906e-17
-6.22251e-17
6.20655e-17
-6.23846e-17
6.20655e-17
-4.16429e-17
4.13238e-17
-4.18025e-17
4.13238e-17
8.93488e-18
-9.17421e-18
9.01466e-18
-9.25399e-18
8.93488e-18
-9.2141e-18
8.87505e-18
4.95668e-17
-4.982e-17
4.95407e-17
-4.97801e-17
1.07697e-16
-1.07937e-16
1.07777e-16
-1.08016e-16
1.07857e-16
-1.08016e-16
1.07697e-16
-5.50453e-17
5.47262e-17
-5.48857e-17
5.45666e-17
-3.15912e-17
3.15912e-17
-3.19103e-17
3.15912e-17
-3.19103e-17
3.19103e-17
-3.22294e-17
4.18025e-17
-4.14834e-17
4.18025e-17
-4.14834e-17
4.88228e-17
-4.88228e-17
4.91419e-17
-4.88228e-17
4.91419e-17
-4.88228e-17
4.91419e-17
-5.55239e-17
5.5843e-17
-5.5843e-17
5.64812e-17
-5.5843e-17
5.64812e-17
-5.61621e-17
5.61621e-17
-5.61621e-17
5.61621e-17
-5.61621e-17
1.91462e-18
-2.07417e-18
1.91462e-18
-2.23372e-18
1.75507e-18
-2.07417e-18
1.75507e-18
-1.91462e-18
1.59551e-18
-1.83484e-18
1.55563e-18
-7.54822e-17
7.51687e-17
-7.55077e-17
7.52285e-17
-7.57072e-17
7.53083e-17
-7.56274e-17
7.53083e-17
-7.54679e-17
7.51488e-17
-7.56274e-17
4.11643e-17
-4.18025e-17
4.14834e-17
-4.18025e-17
4.11643e-17
-4.14834e-17
4.11643e-17
-4.18025e-17
4.14834e-17
-4.14834e-17
4.11643e-17
-6.66925e-17
6.63734e-17
-6.66925e-17
6.66925e-17
-6.73307e-17
6.70116e-17
-6.8288e-17
6.76498e-17
-6.76498e-17
6.70116e-17
-6.76498e-17
8.77533e-17
-8.77533e-17
8.71151e-17
-8.77533e-17
8.71151e-17
-8.80724e-17
8.77533e-17
-8.80724e-17
8.77533e-17
-8.77533e-17
8.74342e-17
-5.71194e-17
5.64812e-17
-5.68003e-17
5.64812e-17
-5.66408e-17
5.61621e-17
-5.64812e-17
5.61621e-17
-5.6561e-17
5.61621e-17
-5.65211e-17
1.02116e-16
-1.02432e-16
1.02113e-16
-1.02512e-16
1.02113e-16
-1.02432e-16
1.01953e-16
-1.02113e-16
1.01794e-16
-1.02113e-16
1.01794e-16
-2.07417e-17
2.07417e-17
-2.07417e-17
2.10608e-17
-2.10608e-17
2.13799e-17
-2.13799e-17
2.10608e-17
-2.1699e-17
2.10608e-17
-2.1699e-17
5.87149e-17
-5.87149e-17
5.80767e-17
-5.87149e-17
5.74385e-17
-5.74385e-17
5.61621e-17
-5.61621e-17
5.61621e-17
-5.74385e-17
5.74385e-17
-6.76498e-17
6.70116e-17
-6.76498e-17
6.63734e-17
-6.76498e-17
6.70116e-17
-6.8288e-17
6.70116e-17
-6.8288e-17
6.66925e-17
-6.8288e-17
2.68047e-17
-2.84002e-17
2.71238e-17
-2.84002e-17
2.71238e-17
-2.84002e-17
2.71238e-17
-2.82406e-17
2.68844e-17
-2.82406e-17
2.69243e-17
-1.42423e-16
1.41004e-16
-1.424e-16
1.41044e-16
-1.4232e-16
1.40724e-16
-1.4232e-16
1.41044e-16
-1.42639e-16
1.41363e-16
-1.42958e-16
3.82924e-17
-3.95688e-17
3.79733e-17
-3.95688e-17
3.82924e-17
-3.95688e-17
3.76542e-17
-3.95688e-17
3.82924e-17
-3.95688e-17
3.82924e-17
-6.63734e-17
6.5097e-17
-6.70116e-17
6.5097e-17
-6.70116e-17
6.5097e-17
-6.76498e-17
6.5097e-17
-6.70116e-17
6.44588e-17
-6.63734e-17
7.27555e-17
-7.53083e-17
7.33937e-17
-7.59465e-17
7.40319e-17
-7.72229e-17
7.46701e-17
-7.72229e-17
7.53083e-17
-7.78611e-17
7.59465e-17
2.71238e-17
-2.93575e-17
2.71238e-17
-2.96766e-17
2.80811e-17
-2.99957e-17
2.80811e-17
-3.01552e-17
2.82406e-17
-3.0235e-17
2.83603e-17
1.11194e-16
-1.12962e-16
1.11287e-16
-1.12962e-16
1.11367e-16
-1.13122e-16
1.11367e-16
-1.12962e-16
1.11048e-16
-1.12643e-16
1.11367e-16
-4.6589e-17
4.46744e-17
-4.59508e-17
4.40362e-17
-4.53126e-17
4.3398e-17
-4.46744e-17
8.29668e-17
-8.3605e-17
8.29668e-17
-8.48814e-17
1.16792e-16
-1.18706e-16
1.18068e-16
-1.18706e-16
1.18068e-16
-1.18706e-16
1.18068e-16
-1.09771e-16
1.09771e-16
-1.09771e-16
1.09133e-16
-1.4934e-16
1.48702e-16
-1.4934e-16
1.48064e-16
-1.49978e-16
1.48702e-16
-1.4934e-16
4.85037e-17
-4.91419e-17
4.85037e-17
-4.85037e-17
-8.0414e-17
7.91375e-17
-7.91375e-17
7.78611e-17
-7.91375e-17
7.7542e-17
-7.88184e-17
-8.96679e-17
8.87106e-17
-8.98275e-17
8.87505e-17
-1.77096e-16
1.75866e-16
-1.76943e-16
1.75666e-16
-1.76943e-16
1.75826e-16
-1.77102e-16
8.93488e-17
-9.09444e-17
8.93488e-17
-9.06252e-17
8.93488e-18
-9.57309e-18
8.29668e-18
-9.57309e-18
8.93488e-18
-9.57309e-18
7.65847e-18
-5.74385e-17
5.61621e-17
-5.74385e-17
5.61621e-17
-1.32747e-16
1.3147e-16
-1.32747e-16
1.3147e-16
-1.34023e-16
1.32747e-16
-1.353e-16
1.353e-16
-1.37852e-16
1.353e-16
-1.39129e-16
1.95291e-16
-1.9912e-16
1.95291e-16
-1.97844e-16
1.95291e-16
-1.95291e-16
1.95291e-16
-7.33937e-17
7.33937e-17
-7.46701e-17
7.02027e-17
-3.19103e-18
2.55282e-18
-6.38206e-19
1.91462e-18
1.59551e-18
9.57309e-19
-1.59551e-18
1.05942e-16
-1.08176e-16
1.0674e-16
-1.1017e-16
2.13768e-16
-2.14597e-16
2.15554e-16
-2.1699e-16
2.15714e-16
-2.16033e-16
2.1699e-16
-9.57309e-18
1.08495e-17
-8.29668e-18
9.57309e-18
1.86994e-16
-1.85718e-16
1.82527e-16
-1.8508e-16
1.91462e-16
-1.92738e-16
1.94015e-16
-7.02027e-17
7.14791e-17
-7.27555e-17
7.27555e-17
1.65934e-17
-2.42518e-17
2.80811e-17
-2.68047e-17
2.55282e-17
-2.55282e-17
2.80811e-17
-1.65934e-17
1.91462e-17
-1.78698e-17
1.78698e-17
-4.85037e-17
4.97801e-17
-4.85037e-17
4.72272e-17
-4.08452e-17
3.70159e-17
-4.3398e-17
-2.68047e-17
2.55282e-17
-2.1699e-17
1.8508e-17
-2.16352e-16
2.20819e-16
-2.13161e-16
2.15714e-16
-2.18266e-16
2.21457e-16
-2.21457e-16
-2.80811e-17
2.64855e-17
-2.6326e-17
2.6326e-17
-2.83277e-16
0.000526909
-3.26562e-16
-0.000523117
-0.00104076
-0.00155128
-0.00205305
-0.00254451
-0.00302411
-0.00349039
-0.0039419
-0.00437729
-0.00479524
-0.00519452
-0.00557396
-0.00593246
-0.006269
-0.00658263
-0.00687251
-0.00713786
-0.00737798
-0.00759227
-0.00778023
-0.00794142
-0.00807552
-0.00818229
-0.00826157
-0.0083133
-0.00833751
-0.00833434
-0.00830397
-0.00824672
-0.00816297
-0.00805317
-0.00791789
-0.00775774
-0.00757343
-0.00736574
-0.00713552
-0.00688369
-0.00661122
-0.00631916
-0.0060086
-0.00568069
-0.00533664
-0.00497768
-0.0046051
-0.0042202
-0.00382435
-0.00341892
-0.00300529
-0.00258488
-0.00215912
-0.00172943
-0.00129724
-0.000863997
-0.000431112
2.89374e-16
0.000427944
0.000851345
0.00126885
0.00167915
0.00208094
0.00247298
0.00285406
0.00322301
0.00357872
0.00392013
0.00424621
0.00455603
0.00484869
0.00512335
0.00537927
0.00561572
0.0058321
0.00602783
0.00620243
0.0063555
0.00648668
0.00659571
0.0066824
0.00674663
0.00678835
0.00680761
0.00680449
0.00677918
0.00673193
0.00666305
0.00657292
0.00646201
0.00633082
0.00617995
0.00601001
0.00582172
0.00561582
0.00539313
0.00515448
0.00490079
0.00463298
0.00435205
0.00405901
0.0037549
0.0034408
0.00311782
0.00278707
0.0024497
0.00210685
0.00175969
0.00140938
0.0010571
0.000704001
0.000351251
-2.51481e-16
-0.000348617
-0.000693479
-0.00103349
-0.00136757
-0.00169468
-0.0020138
-0.00232394
-0.00262416
-0.00291356
-0.00319126
-0.00345645
-0.00370837
-0.00394627
-0.0041695
-0.00437743
-0.0045695
-0.0047452
-0.00490408
-0.00504575
-0.00516987
-0.00527617
-0.00536445
-0.00543454
-0.00548635
-0.00551986
-0.00553509
-0.00553214
-0.00551114
-0.00547231
-0.0054159
-0.00534224
-0.00525169
-0.00514468
-0.00502169
-0.00488323
-0.00472988
-0.00456225
-0.00438099
-0.00418682
-0.00398044
-0.00376264
-0.00353422
-0.00329599
-0.00304882
-0.00279357
-0.00253115
-0.00226246
-0.00198844
-0.00171002
-0.00142814
-0.00114375
-0.000857792
-0.000571225
-0.000284983
1.30646e-16
0.000282802
0.000562515
0.00083825
0.00110913
0.00137432
0.00163299
0.00188434
0.00212761
0.00236206
0.002587
0.00280177
0.00300574
0.00319832
0.00337898
0.00354722
0.00370258
0.00384465
0.00397307
0.00408753
0.00418776
0.00427355
0.00434472
0.00440115
0.00444277
0.00446956
0.00448155
0.00447882
0.00446148
0.0044297
0.0043837
0.00432375
0.00425014
0.00416322
0.00406338
0.00395104
0.00382667
0.00369077
0.00354387
0.00338653
0.00321936
0.00304297
0.00285802
0.00266517
0.00246511
0.00225856
0.00204624
0.00182889
0.00160726
0.0013821
0.00115419
0.000924277
0.000693142
0.000461544
0.000230246
-1.53252e-16
-0.000228449
-0.000454368
-0.000677039
-0.00089576
-0.00110985
-0.00131863
-0.00152148
-0.00171777
-0.00190692
-0.00208836
-0.00226156
-0.00242601
-0.00258125
-0.00272685
-0.0028624
-0.00298753
-0.00310193
-0.0032053
-0.00329739
-0.00337799
-0.00344692
-0.00350405
-0.00354929
-0.00358258
-0.00360391
-0.00361331
-0.00361082
-0.00359657
-0.00357068
-0.00353333
-0.00348474
-0.00342515
-0.00335485
-0.00327414
-0.00318338
-0.00308294
-0.00297322
-0.00285466
-0.00272772
-0.00259287
-0.00245062
-0.00230149
-0.00214603
-0.00198479
-0.00181835
-0.00164728
-0.0014722
-0.00129369
-0.00111238
-0.00092887
-0.000743786
-0.000557743
-0.000371358
-0.000185241
1.11483e-16
0.000183768
0.000365472
0.000544537
0.000720396
0.000892502
0.00106032
0.00122334
0.00138106
0.00153302
0.00167875
0.00181784
0.00194987
0.00207449
0.00219133
0.00230009
0.00240046
0.00249218
0.00257504
0.00264882
0.00271335
0.00276851
0.00281418
0.0028503
0.00287682
0.00289372
0.00290104
0.00289883
0.00288716
0.00286616
0.00283597
0.00279675
0.00274872
0.00269209
0.00262713
0.00255411
0.00247333
0.00238513
0.00228984
0.00218785
0.00207953
0.00196529
0.00184556
0.00172076
0.00159135
0.00145779
0.00132054
0.0011801
0.00103693
0.000891533
0.000744401
0.000596028
0.00044691
0.00029754
0.000148408
-4.06847e-17
-0.000147205
-0.000292734
-0.000436127
-0.000576932
-0.000714708
-0.000849032
-0.00097949
-0.00110569
-0.00122725
-0.00134381
-0.00145504
-0.00156061
-0.00166022
-0.00175359
-0.00184048
-0.00192065
-0.00199389
-0.00206002
-0.00211888
-0.00217034
-0.00221429
-0.00225065
-0.00227936
-0.00230038
-0.00231373
-0.0023194
-0.00231745
-0.00230795
-0.00229099
-0.00226668
-0.00223517
-0.00219661
-0.00215119
-0.00209912
-0.00204062
-0.00197593
-0.00190532
-0.00182906
-0.00174746
-0.00166082
-0.00156946
-0.00147373
-0.00137397
-0.00127054
-0.00116382
-0.00105417
-0.00094198
-0.000827637
-0.000711533
-0.000594061
-0.000475618
-0.000356597
-0.000237394
-0.000118399
4.3856e-17
0.000117421
0.000233489
0.000347834
0.000460098
0.00056993
0.000676991
0.000780955
0.000881507
0.000978347
0.00107119
0.00115976
0.00124381
0.0013231
0.00139741
0.00146653
0.00153029
0.00158853
0.00164109
0.00168785
0.00172871
0.00176358
0.0017924
0.00181513
0.00183173
0.00184221
0.00184659
0.0018449
0.00183719
0.00182355
0.00180406
0.00177885
0.00174803
0.00171175
0.00167019
0.00162352
0.00157193
0.00151564
0.00145487
0.00138986
0.00132084
0.00124809
0.00117187
0.00109247
0.00101015
0.000925229
0.000837994
0.000748754
0.000657815
0.000565491
0.000472094
0.00037794
0.000283341
0.000188611
9.40618e-05
-6.80472e-17
-9.32706e-05
-0.000185452
-0.000276251
-0.000365383
-0.000452571
-0.000537545
-0.000620048
-0.000699828
-0.00077665
-0.000850285
-0.000920522
-0.000987157
-0.00105001
-0.00110889
-0.00116366
-0.00121416
-0.00126026
-0.00130186
-0.00133886
-0.00137116
-0.00139871
-0.00142146
-0.00143937
-0.00145243
-0.00146063
-0.00146399
-0.00146254
-0.00145632
-0.00144539
-0.00142984
-0.00140974
-0.00138521
-0.00135636
-0.00132333
-0.00128625
-0.00124529
-0.0012006
-0.00115238
-0.00110079
-0.00104605
-0.000988363
-0.000927934
-0.000864989
-0.000799754
-0.000732463
-0.000663352
-0.000592665
-0.000520644
-0.000447537
-0.000373593
-0.000299061
-0.000224188
-0.000149224
-7.44133e-05
7.40646e-17
7.37761e-05
0.000146679
0.000218478
0.000288948
0.00035787
0.00042503
0.000490226
0.000553261
0.000613946
0.000672104
0.000727567
0.000780175
0.000829781
0.00087625
0.000919456
0.000959285
0.000995637
0.00102842
0.00105756
0.001083
0.00110468
0.00112256
0.00113662
0.00114684
0.00115323
0.00115579
0.00115455
0.00114956
0.00114084
0.00112848
0.00111254
0.00109309
0.00107025
0.0010441
0.00101477
0.000982377
0.000947053
0.000908941
0.000868189
0.000824954
0.000779397
0.000731688
0.000682003
0.00063052
0.000577424
0.000522902
0.000467145
0.000410346
0.0003527
0.000294403
0.000235651
0.00017664
0.000117566
5.8622e-05
-3.38474e-17
-5.81112e-05
-0.000115526
-0.000172062
-0.000227543
-0.000281797
-0.000334655
-0.000385959
-0.000435553
-0.000483291
-0.000529032
-0.000572644
-0.000614003
-0.000652994
-0.000689509
-0.000723452
-0.000754733
-0.000783273
-0.000809004
-0.000831865
-0.000851807
-0.00086879
-0.000882785
-0.000893772
-0.000901742
-0.000906695
-0.00090864
-0.0009076
-0.000903602
-0.000896686
-0.0008869
-0.000874302
-0.000858957
-0.00084094
-0.000820333
-0.000797227
-0.000771719
-0.000743913
-0.000713922
-0.000681861
-0.000647855
-0.000612031
-0.000574524
-0.00053547
-0.00049501
-0.000453291
-0.000410458
-0.000366663
-0.000322057
-0.000276793
-0.000231025
-0.000184906
-0.000138592
-9.22355e-05
-4.59879e-05
3.85095e-17
4.55802e-05
9.06072e-05
0.000134939
0.000178435
0.000220963
0.000262391
0.000302593
0.000341449
0.000378843
0.000414667
0.000448817
0.000481196
0.000511714
0.000540287
0.000566841
0.000591305
0.000613618
0.000633727
0.000651586
0.000667155
0.000680405
0.000691312
0.000699863
0.000706049
0.000709873
0.000711342
0.000710472
0.000707289
0.000701822
0.000694109
0.000684197
0.000672138
0.000657989
0.000641816
0.000623691
0.000603689
0.000581893
0.00055839
0.000533274
0.000506639
0.000478588
0.000449224
0.000418655
0.000386992
0.00035435
0.000320842
0.000286587
0.000251703
0.00021631
0.000180529
0.00014448
0.000108283
7.20588e-05
3.59253e-05
-3.18213e-17
-3.56013e-05
-7.07651e-05
-0.00010538
-0.000139338
-0.000172535
-0.000204867
-0.000236237
-0.000266552
-0.000295722
-0.000323661
-0.000350289
-0.000375531
-0.000399317
-0.000421582
-0.000442268
-0.00046132
-0.000478692
-0.000494342
-0.000508233
-0.000520337
-0.000530631
-0.000539096
-0.000545722
-0.000550504
-0.000553443
-0.000554545
-0.000553826
-0.000551302
-0.000546998
-0.000540946
-0.000533181
-0.000523743
-0.000512678
-0.000500039
-0.00048588
-0.000470262
-0.000453249
-0.000434909
-0.000415315
-0.000394541
-0.000372668
-0.000349776
-0.00032595
-0.000301275
-0.000275842
-0.000249738
-0.000223058
-0.000195892
-0.000168334
-0.000140478
-0.000112418
-8.42475e-05
-5.60595e-05
-2.79466e-05
2.86331e-17
2.76903e-05
5.50361e-05
8.19511e-05
0.000108351
0.000134155
0.000159282
0.000183659
0.000207211
0.000229869
0.000251567
0.000272243
0.000291838
0.0003103
0.000327577
0.000343623
0.000358399
0.000371867
0.000383994
0.000394755
0.000404125
0.000412088
0.00041863
0.000423743
0.000427424
0.000429673
0.000430496
0.000429904
0.000427912
0.00042454
0.00041981
0.000413752
0.000406397
0.000397781
0.000387945
0.000376931
0.000364787
0.000351563
0.000337312
0.00032209
0.000305956
0.000288972
0.0002712
0.000252707
0.000233559
0.000213826
0.000193577
0.000172883
0.000151816
0.000130449
0.000108854
8.71039e-05
6.52717e-05
4.34294e-05
2.16486e-05
-1.3373e-17
-2.14468e-05
-4.26236e-05
-6.34634e-05
-8.39014e-05
-0.000103874
-0.000123321
-0.000142183
-0.000160404
-0.00017793
-0.00019471
-0.000210697
-0.000225846
-0.000240114
-0.000253464
-0.00026586
-0.00027727
-0.000287667
-0.000297026
-0.000305327
-0.00031255
-0.000318684
-0.000323719
-0.000327648
-0.000330468
-0.000332182
-0.000332793
-0.00033231
-0.000330745
-0.000328113
-0.000324433
-0.000319726
-0.000314019
-0.000307338
-0.000299715
-0.000291184
-0.000281781
-0.000271545
-0.000260518
-0.000248742
-0.000236265
-0.000223132
-0.000209394
-0.0001951
-0.000180303
-0.000165057
-0.000149415
-0.000133432
-0.000117163
-0.000100665
-8.39945e-05
-6.72065e-05
-5.03577e-05
-3.35036e-05
-1.66995e-05
1.74489e-17
1.65414e-05
3.28719e-05
4.89401e-05
6.4696e-05
8.00909e-05
9.50778e-05
0.000109612
0.000123649
0.000137149
0.000150071
0.000162381
0.000174042
0.000185024
0.000195296
0.000204831
0.000213606
0.000221599
0.000228791
0.000235166
0.000240711
0.000245417
0.000249275
0.000252281
0.000254433
0.000255733
0.000256183
0.000255792
0.000254568
0.000252523
0.000249672
0.000246031
0.000241621
0.000236462
0.000230579
0.000223999
0.000216749
0.000208859
0.000200362
0.000191291
0.000181682
0.00017157
0.000160994
0.000149993
0.000138606
0.000126876
0.000114843
0.000102551
9.00404e-05
7.73559e-05
6.45403e-05
5.16367e-05
3.86883e-05
2.57378e-05
1.28278e-05
-1.01746e-17
-1.27043e-05
-2.52448e-05
-3.7582e-05
-4.96774e-05
-6.14937e-05
-7.29951e-05
-8.41468e-05
-9.49158e-05
-0.00010527
-0.000115181
-0.000124619
-0.000133558
-0.000141974
-0.000149845
-0.000157149
-0.000163869
-0.000169987
-0.000175491
-0.000180367
-0.000184606
-0.000188201
-0.000191144
-0.000193435
-0.00019507
-0.000196051
-0.000196382
-0.000196067
-0.000195114
-0.000193531
-0.000191332
-0.000188527
-0.000185133
-0.000181167
-0.000176647
-0.000171592
-0.000166026
-0.00015997
-0.00015345
-0.000146492
-0.000139122
-0.000131369
-0.000123262
-0.00011483
-0.000106105
-9.71178e-05
-8.79006e-05
-7.84858e-05
-6.8906e-05
-5.91943e-05
-4.93837e-05
-3.95074e-05
-2.95983e-05
-1.96891e-05
-9.81233e-06
8.47541e-18
9.71641e-06
1.9306e-05
2.87387e-05
3.7985e-05
4.70166e-05
5.5806e-05
6.43268e-05
7.25537e-05
8.04626e-05
8.80308e-05
9.52368e-05
0.000102061
0.000108484
0.000114489
0.00012006
0.000125185
0.000129849
0.000134043
0.000137757
0.000140984
0.000143718
0.000145955
0.000147692
0.000148929
0.000149667
0.000149908
0.000149656
0.000148917
0.000147698
0.000146008
0.000143857
0.000141257
0.00013822
0.00013476
0.000130895
0.000126639
0.00012201
0.000117029
0.000111713
0.000106085
0.000100165
9.39766e-05
8.75415e-05
8.08837e-05
7.40271e-05
6.69963e-05
5.98159e-05
5.25109e-05
4.51065e-05
3.76279e-05
3.01003e-05
2.25489e-05
1.49986e-05
7.47421e-06
-3.46521e-18
-7.40001e-06
-1.47023e-05
-2.1884e-05
-2.89227e-05
-3.57969e-05
-4.24856e-05
-4.89688e-05
-5.52272e-05
