-1.5802e-15
1.72571e-15
-1.64912e-15
1.48064e-15
-1.50106e-15
-4.36022e-15
4.19684e-15
-4.51339e-15
4.35001e-15
-9.63946e-15
9.5782e-15
-9.5782e-15
9.53735e-15
-9.39439e-15
9.4965e-15
-9.45566e-15
5.75917e-15
-5.59579e-15
5.75917e-15
-5.63664e-15
3.30846e-15
-3.30846e-15
3.18592e-15
-3.22677e-15
3.26761e-15
-3.22677e-15
3.22677e-15
-3.39015e-15
3.55353e-15
-3.431e-15
3.30846e-15
-1.91972e-15
1.96057e-15
-2.0831e-15
2.0831e-15
-2.00141e-15
2.20564e-15
-2.20564e-15
5.86128e-15
-5.82044e-15
6.06551e-15
-5.98382e-15
1.11099e-14
-1.1069e-14
1.11916e-14
-1.1069e-14
1.11916e-14
-1.11099e-14
1.13039e-14
-4.85037e-15
5.00353e-15
-5.07501e-15
5.34051e-15
-5.26137e-15
5.19723e-15
-4.99588e-15
4.91163e-15
-4.7942e-15
4.70741e-15
-4.65635e-15
4.84015e-15
-4.96269e-15
5.08523e-15
-5.0648e-15
5.24861e-15
-5.35072e-15
5.24861e-15
-5.22818e-15
5.10565e-15
-5.08523e-15
5.26903e-15
-5.14649e-15
5.22818e-15
-5.18734e-15
5.14649e-15
-2.57325e-15
2.57325e-15
-2.57325e-15
2.81832e-15
-2.69578e-15
2.49156e-15
-2.40987e-15
2.77747e-15
-2.73663e-15
2.73663e-15
-2.90001e-15
1.2662e-15
-1.02113e-15
9.39439e-16
-7.76058e-16
7.76058e-16
-8.57749e-16
8.57749e-16
-5.22818e-15
5.10565e-15
-5.22818e-15
5.28945e-15
-1.08852e-14
1.08036e-14
-1.09669e-14
1.08648e-14
-1.09261e-14
1.08852e-14
-1.10997e-14
3.94156e-15
-3.88029e-15
3.90071e-15
-3.96709e-15
4.05388e-15
-3.95343e-15
3.90582e-15
-4.13047e-15
4.07431e-15
-4.21727e-15
4.07431e-15
-4.03346e-15
3.83945e-15
-1.08444e-14
1.08648e-14
-1.07423e-14
1.07014e-14
-1.08036e-14
1.08444e-14
-1.07423e-14
1.0824e-14
-1.08648e-14
1.07423e-14
-1.08648e-14
1.06606e-14
-1.07423e-14
1.0824e-14
-1.07831e-14
1.07423e-14
-1.08648e-14
1.07423e-14
-1.07831e-14
1.06606e-14
-1.09057e-14
1.08648e-14
-8.82256e-15
8.61833e-15
-8.61833e-15
8.65918e-15
-8.4958e-15
8.45495e-15
-8.37326e-15
8.4958e-15
-8.78171e-15
8.8634e-15
-8.94509e-15
9.10848e-15
-9.23101e-15
9.21059e-15
-9.21059e-15
9.55777e-15
-9.4965e-15
9.47608e-15
-9.59862e-15
9.45566e-15
-9.21059e-15
9.45566e-15
6.72924e-15
-6.66287e-15
6.72669e-15
-6.72032e-15
6.56331e-15
-6.88241e-15
7.10706e-15
-6.90284e-15
6.7803e-15
-6.94368e-15
6.73946e-15
-6.57607e-15
6.53523e-15
-6.35143e-15
6.39227e-15
-6.37185e-15
6.45354e-15
-6.57607e-15
6.61692e-15
-6.331e-15
6.08593e-15
-6.37185e-15
1.06606e-14
-1.06197e-14
1.04564e-14
-1.05789e-14
1.04972e-14
-1.06606e-14
1.05789e-14
-9.63946e-15
9.51693e-15
-9.27186e-15
9.35355e-15
-9.27186e-15
9.27186e-15
-9.80284e-15
9.96622e-15
-9.68031e-15
9.762e-15
-9.39439e-15
9.51693e-15
-9.3127e-15
9.3127e-15
-9.39439e-15
3.22677e-15
-3.39015e-15
3.26761e-15
-3.26761e-15
3.30846e-15
-3.14508e-15
3.08381e-15
-1.12528e-14
1.10282e-14
-1.10384e-14
1.09465e-14
-1.08852e-14
1.08444e-14
-1.0533e-14
1.03736e-14
-1.01475e-14
1.0441e-14
-1.05074e-14
1.063e-14
-1.06606e-14
1.05585e-14
-1.06606e-14
-6.22889e-15
6.49438e-15
-6.55565e-15
6.53523e-15
-6.45354e-15
6.57607e-15
-6.65776e-15
-5.71833e-15
5.84086e-15
-5.88171e-15
5.9634e-15
-5.75917e-15
5.84086e-15
-5.84086e-15
6.00424e-15
-5.84086e-15
6.00424e-15
-6.00424e-15
5.92255e-15
-6.08593e-15
6.29016e-15
-5.92255e-15
8.12819e-15
-8.12819e-15
8.12819e-15
-8.20988e-15
8.29157e-15
-8.12819e-15
8.08735e-15
1.55212e-15
-1.42958e-15
1.51127e-15
-1.22536e-15
1.18451e-15
-1.30705e-15
1.22536e-15
-1.38874e-15
7.76058e-16
-6.94368e-16
5.92255e-16
-8.16904e-16
7.96481e-16
-7.55636e-16
4.08452e-16
9.16974e-15
-8.99105e-15
9.03189e-15
-9.22873e-15
9.28717e-15
-9.20038e-15
9.4046e-15
4.49297e-16
-3.88029e-16
6.12678e-17
-3.47184e-16
2.45071e-16
-1.83803e-16
5.30987e-16
-4.08452e-16
6.12678e-16
-5.71833e-16
2.45071e-16
-2.85916e-16
3.67607e-16
-3.67607e-16
2.85916e-16
5.14649e-15
-5.22818e-15
5.30987e-15
-5.30987e-15
5.59579e-15
-5.67748e-15
5.71833e-15
-4.57466e-15
4.49297e-15
-4.65635e-15
4.49297e-15
-4.57466e-15
4.49297e-15
-4.45212e-15
4.28874e-15
-4.41128e-15
4.16621e-15
-3.92114e-15
3.92114e-15
-4.08452e-15
4.28874e-15
-4.28874e-15
-1.07831e-14
1.08648e-14
-1.11916e-14
1.14367e-14
-1.11507e-14
1.10282e-14
-1.11099e-14
-8.35284e-15
8.55707e-15
-8.4958e-15
8.14861e-15
-7.99544e-15
7.80143e-15
-7.83972e-15
7.71605e-15
-7.73506e-15
7.64315e-15
-7.63805e-15
7.7708e-15
-8.10777e-15
8.29157e-15
-8.33242e-15
-1.21106e-14
1.15183e-14
-1.18451e-14
1.19268e-14
-1.23761e-14
1.2131e-14
-1.22944e-14
-3.14508e-15
3.30846e-15
-3.431e-15
3.10423e-15
-3.06339e-15
2.9817e-15
-2.85916e-15
2.69578e-15
-2.94085e-15
2.94085e-15
-2.94085e-15
2.69578e-15
-2.5324e-15
2.28733e-15
-2.04226e-15
3.51269e-15
-3.3493e-15
3.26761e-15
-3.18592e-15
2.94085e-15
-2.94085e-15
3.22677e-15
2.28733e-15
-2.36902e-15
2.45071e-15
-2.57325e-15
2.65494e-15
-2.94085e-15
2.90001e-15
-3.431e-15
3.10423e-15
-3.02254e-15
2.81832e-15
-3.12466e-15
2.69578e-15
-2.92043e-15
2.59367e-15
8.98594e-15
-8.87362e-15
8.91446e-15
-8.83321e-15
8.68471e-15
-8.60812e-15
8.25073e-15
3.49226e-15
-3.81902e-15
3.77818e-15
-3.49226e-15
3.63522e-15
-3.55353e-15
3.67607e-15
-3.30846e-15
3.39015e-15
-3.39015e-15
2.85916e-15
-3.39015e-15
3.431e-15
-2.9817e-15
3.02254e-15
-2.94085e-15
2.94085e-15
-3.10423e-15
3.431e-15
-3.10423e-15
3.18592e-15
-2.85916e-15
5.39156e-15
-5.14649e-15
5.14649e-15
-4.90142e-15
4.41128e-15
-4.32959e-15
4.65635e-15
-4.32959e-15
4.81973e-15
-4.81973e-15
4.90142e-15
-5.0648e-15
5.30987e-15
-5.02396e-15
4.73804e-15
-4.81973e-15
4.86058e-15
-4.90142e-15
4.49297e-15
-4.57466e-15
4.65635e-15
-4.81973e-15
-1.91155e-14
1.87684e-14
-1.85846e-14
1.86254e-14
-1.86152e-14
1.86458e-14
-1.84263e-14
1.81105e-14
-1.82833e-14
1.82884e-14
-1.84927e-14
1.81148e-14
-1.84212e-14
1.84212e-14
-1.82782e-14
1.86662e-14
-1.84212e-14
1.7931e-14
-1.76451e-14
1.76043e-14
-1.73592e-14
1.76043e-14
-2.6386e-14
2.61409e-14
-2.6386e-14
2.64677e-14
-2.63043e-14
2.66311e-14
-2.68761e-14
2.67944e-14
-2.69578e-14
2.68761e-14
-2.69578e-14
2.67127e-14
-2.67127e-14
2.62226e-14
-2.59775e-14
2.60592e-14
-2.58958e-14
2.59775e-14
-2.58958e-14
2.54057e-14
-2.54057e-14
2.54874e-14
-1.20085e-14
1.16e-14
-1.16e-14
1.15183e-14
-1.1355e-14
1.09874e-14
-1.10282e-14
1.04972e-14
-1.05789e-14
1.04972e-14
-1.06606e-14
1.04972e-14
-1.04768e-14
1.08036e-14
-1.05993e-14
1.04462e-14
-1.0099e-14
1.00071e-14
-9.80813e-15
1.00479e-14
-1.02317e-14
1.01398e-14
1.74613e-14
-1.74613e-14
1.73388e-14
-1.74409e-14
1.68282e-14
-1.65015e-14
1.6624e-14
-1.59705e-14
1.62972e-14
-1.64606e-14
1.63381e-14
-1.60113e-14
1.56846e-14
-1.56846e-14
1.56846e-14
-1.56029e-14
1.58479e-14
-1.59296e-14
1.59296e-14
-1.59296e-14
1.60113e-14
-1.58479e-14
1.76451e-14
-1.78902e-14
1.79719e-14
-1.8462e-14
1.86254e-14
-1.82986e-14
1.82986e-14
-1.86254e-14
1.8462e-14
-1.87888e-14
1.85437e-14
-1.89522e-14
1.94423e-14
-1.94423e-14
1.96057e-14
-1.96057e-14
2.0586e-14
-2.02592e-14
2.02184e-14
-1.96874e-14
1.98099e-14
-2.00958e-14
6.73946e-15
-6.65776e-15
6.43312e-15
-6.51481e-15
6.43312e-15
-6.51481e-15
6.58118e-15
-6.54685e-15
6.15741e-15
-6.21868e-15
5.90213e-15
-5.80002e-15
5.73875e-15
-6.331e-15
6.53523e-15
-6.65776e-15
6.94368e-15
-6.90284e-15
7.14791e-15
-6.98453e-15
7.51551e-15
-7.51551e-15
-1.34789e-14
1.33155e-14
-1.33155e-14
1.36423e-14
-1.3724e-14
1.42958e-14
-1.42958e-14
1.3724e-14
-1.35606e-14
1.36423e-14
-1.35606e-14
1.41324e-14
-1.36423e-14
1.35606e-14
-1.36423e-14
1.3724e-14
-1.36423e-14
1.3724e-14
-1.3724e-14
1.42141e-14
-1.42958e-14
1.43775e-14
1.38874e-15
-1.96057e-15
1.87888e-15
-1.47043e-15
2.04226e-15
-1.38874e-15
1.67465e-15
2.37719e-14
-2.39761e-14
2.35268e-14
-2.35268e-14
2.34451e-14
-2.37311e-14
2.37923e-14
-2.46092e-14
2.46092e-14
-2.44152e-14
2.43795e-14
-2.4529e-14
2.3583e-14
-2.41089e-14
2.39557e-14
-7.5972e-15
7.80143e-15
-7.92397e-15
8.20988e-15
-8.08735e-15
8.0465e-15
-8.00566e-15
2.14846e-14
-2.10761e-14
2.13212e-14
-2.15663e-14
2.23015e-14
-2.21381e-14
2.1893e-14
-2.15663e-14
2.1893e-14
-2.14029e-14
2.19747e-14
-2.14029e-14
2.12395e-14
-2.14029e-14
2.09944e-14
-1.90339e-14
1.96874e-14
-1.94423e-14
1.98508e-14
-1.9524e-14
2.01775e-14
-2.01775e-14
1.56029e-14
-1.52761e-14
1.59296e-14
-1.54395e-14
1.58479e-14
-1.56846e-14
1.57662e-14
-1.63381e-14
1.62564e-14
-1.65015e-14
1.64198e-14
-1.62564e-14
1.58479e-14
-1.53578e-14
1.56029e-14
-4.73396e-14
4.69311e-14
-4.68494e-14
4.65635e-14
-4.65431e-14
4.71456e-14
-4.73855e-14
1.27906e-14
-1.23352e-14
1.2611e-14
-1.26212e-14
1.28254e-14
-1.30909e-14
1.25395e-14
-1.23761e-14
1.26212e-14
-1.24986e-14
1.24169e-14
-1.27845e-14
1.29071e-14
-1.35606e-14
1.27437e-14
-3.65156e-14
3.54536e-14
-3.60255e-14
3.59438e-14
-3.61071e-14
3.57804e-14
-3.61071e-14
2.49973e-14
-2.56508e-14
2.52423e-14
-2.58958e-14
2.52423e-14
-2.5324e-14
2.54874e-14
-2.59775e-14
2.66311e-14
-2.67944e-14
2.71212e-14
-2.72029e-14
2.67127e-14
-2.70395e-14
2.69578e-14
-1.78085e-14
1.85437e-14
-1.8217e-14
1.79719e-14
-1.8217e-14
1.8462e-14
-1.76451e-14
3.18592e-14
-3.19001e-14
3.2186e-14
-3.20226e-14
3.16142e-14
-3.18184e-14
3.18388e-14
-3.21247e-14
3.20022e-14
-3.23596e-14
3.20277e-14
-3.18842e-14
3.15172e-14
-3.15121e-14
3.14099e-14
-1.24986e-14
1.3193e-14
-1.35606e-14
1.33155e-14
-1.28662e-14
1.20902e-14
-1.16817e-14
2.72846e-14
-2.68761e-14
2.69578e-14
-2.65494e-14
2.66311e-14
-2.67127e-14
2.66311e-14
-2.67944e-14
2.67944e-14
-2.71212e-14
2.69578e-14
-2.66311e-14
2.68761e-14
-2.65494e-14
2.6386e-14
-2.30367e-14
2.34451e-14
-2.30367e-14
2.31184e-14
-2.2955e-14
2.32001e-14
-2.32818e-14
1.17634e-14
-1.08648e-14
1.08648e-14
-1.06197e-14
1.17634e-14
-1.12733e-14
1.16e-14
-1.11099e-14
1.16e-14
-1.20085e-14
1.08648e-14
-1.16817e-14
1.19268e-14
-1.10282e-14
1.12733e-14
-4.72987e-14
4.72987e-14
-4.67269e-14
4.71762e-14
-4.67473e-14
4.76868e-14
-4.78246e-14
8.66489e-15
-8.23541e-15
8.27115e-15
-8.63876e-15
8.61833e-15
-8.45495e-15
8.61833e-15
-8.25073e-15
8.0465e-15
-8.0465e-15
7.92397e-15
-8.00566e-15
7.35213e-15
-7.27044e-15
6.7803e-15
-2.07494e-14
2.16479e-14
-2.17296e-14
2.13212e-14
-2.1893e-14
2.20564e-14
-2.21381e-14
1.5031e-14
-1.44592e-14
1.51944e-14
-1.51127e-14
1.51944e-14
-1.54395e-14
1.51944e-14
-1.5031e-14
1.5031e-14
-1.54395e-14
1.56029e-14
-1.64198e-14
1.56846e-14
-1.58479e-14
1.60113e-14
-1.56846e-14
1.56846e-14
-1.60113e-14
1.56029e-14
-1.52761e-14
1.56846e-14
-1.61747e-14
3.30029e-14
-3.25128e-14
3.2717e-14
-3.23494e-14
3.28804e-14
-3.23902e-14
3.27578e-14
-3.27578e-14
3.31867e-14
-3.2717e-14
3.29978e-14
-3.32998e-14
3.31612e-14
-3.36054e-14
3.33297e-14
-3.3248e-14
3.27578e-14
-3.30438e-14
3.28804e-14
-3.28395e-14
3.3248e-14
-3.40649e-14
6.79664e-14
-6.8865e-14
6.90284e-14
-6.96819e-14
6.96002e-14
-6.8865e-14
6.91917e-14
-6.84565e-14
6.911e-14
-6.85382e-14
6.87833e-14
-6.83748e-14
6.87016e-14
-6.79664e-14
6.82931e-14
-6.86199e-14
6.87833e-14
-6.86199e-14
6.94368e-14
-6.94368e-14
6.96002e-14
-6.91917e-14
5.53861e-14
-5.52227e-14
5.49776e-14
-5.48959e-14
5.39973e-14
-5.39156e-14
5.44058e-14
-5.50593e-14
5.48142e-14
-5.48142e-14
5.46509e-14
-5.43241e-14
5.4079e-14
-5.42424e-14
5.42016e-14
-5.39973e-14
5.33438e-14
-5.28945e-14
5.31804e-14
-5.32009e-14
5.31396e-14
-5.27975e-14
3.13071e-14
-3.10883e-14
3.11445e-14
-3.11853e-14
3.15529e-14
-3.18592e-14
3.2186e-14
-3.24311e-14
3.34522e-14
-3.31663e-14
3.39832e-14
-3.37381e-14
3.38198e-14
-3.40649e-14
3.41466e-14
-3.42283e-14
3.48001e-14
-3.47184e-14
3.50452e-14
-3.47184e-14
3.49635e-14
-3.47184e-14
2.7448e-14
-2.76113e-14
2.69578e-14
-2.72846e-14
2.71212e-14
-2.72846e-14
2.64677e-14
-2.67944e-14
2.72846e-14
-2.71212e-14
2.58142e-14
-2.61409e-14
2.63043e-14
-2.61409e-14
2.62226e-14
-2.64677e-14
2.62226e-14
-2.76113e-14
2.7448e-14
-2.8755e-14
2.86733e-14
-2.85099e-14
6.51072e-14
-6.51889e-14
6.56791e-14
-6.51072e-14
6.48213e-14
-6.44945e-14
6.42495e-14
-6.46988e-14
6.5434e-14
-6.49847e-14
6.55055e-14
-6.49411e-14
6.5046e-14
-6.49336e-14
6.4229e-14
-6.42495e-14
6.42903e-14
-6.35551e-14
6.35551e-14
-6.33509e-14
6.38002e-14
-6.24931e-14
1.00234e-13
-1.00724e-13
1.01051e-13
-1.01378e-13
1.01051e-13
-1.01133e-13
1.01378e-13
-1.00806e-13
1.01623e-13
-1.02276e-13
1.02603e-13
-1.02766e-13
1.03257e-13
-1.03747e-13
1.04727e-13
-1.04564e-13
1.04074e-13
-1.0391e-13
1.03747e-13
-1.03747e-13
1.02766e-13
-1.0244e-13
9.67214e-14
-9.67214e-14
9.77017e-14
-9.71298e-14
9.71298e-14
-9.81101e-14
9.83552e-14
-9.81918e-14
9.78651e-14
-9.77834e-14
9.8927e-14
-9.91721e-14
9.93355e-14
-9.94989e-14
9.94172e-14
-9.98256e-14
9.90496e-14
-9.79059e-14
9.63129e-14
-9.69052e-14
9.69869e-14
-9.70073e-14
7.37722e-14
-7.41544e-14
7.37256e-14
-7.24594e-14
7.2541e-14
-7.1765e-14
7.2296e-14
-7.23368e-14
7.23777e-14
-7.15608e-14
7.19692e-14
0.495467
0.455413
0.413929
0.371152
0.327224
0.28229
0.236497
0.189997
0.142943
0.0954882
0.0477885
6.15619e-14
-0.0477212
-0.0952194
-0.14234
-0.188929
-0.234837
-0.279913
-0.324012
-0.366991
-0.408712
-0.44904
-0.487845
-0.525004
-0.560397
-0.593911
-0.62544
-0.654883
-0.682148
-0.707149
-0.729806
-0.750051
-0.767819
-0.783058
-0.79572
-0.805768
-0.813174
-0.817917
-0.819985
-0.819376
-0.816096
-0.810159
-0.801589
-0.790417
-0.776684
-0.760439
-0.741738
-0.720647
-0.697237
-0.671588
-0.643788
-0.613931
-0.582117
-0.548452
-0.513051
-0.47603
-0.437514
-0.39763
-0.35651
-0.314291
-0.271112
-0.227115
-0.182446
-0.137251
-0.091679
-0.0458786
-3.73868e-14
0.045807
0.091393
0.136609
0.181309
0.225348
0.268582
0.310872
0.352082
0.392077
0.430731
0.467919
0.503521
0.537425
0.569522
0.59971
0.627894
0.653985
0.677901
0.699568
0.718919
0.735894
0.750441
0.762518
0.772088
0.779124
0.783609
0.78553
0.784887
0.781685
0.775939
0.767672
0.756915
0.743707
0.728096
0.710137
0.689891
0.667429
0.642828
0.616171
0.587549
0.55706
0.524804
0.490892
0.455435
0.418553
0.380368
0.341008
0.300601
0.259283
0.21719
0.174459
0.131233
0.0876522
0.0438602
1.63966e-14
-0.043785
-0.0873521
-0.130559
-0.173266
-0.215335
-0.256628
-0.297013
-0.33636
-0.374541
-0.411435
-0.446922
-0.48089
-0.513231
-0.543841
-0.572624
-0.59949
-0.624353
-0.647136
-0.667768
-0.686187
-0.702335
-0.716164
-0.727633
-0.736709
-0.743367
-0.747588
-0.749364
-0.748693
-0.745581
-0.740044
-0.732103
-0.72179
-0.709141
-0.694202
-0.677027
-0.657675
-0.636213
-0.612715
-0.587263
-0.559941
-0.530843
-0.500068
-0.467718
-0.433902
-0.398733
-0.362329
-0.32481
-0.286301
-0.24693
-0.206826
-0.166122
-0.124952
-0.0834505
-0.0417545
-8.04218e-15
0.0416765
0.0831393
0.124253
0.164885
0.204903
0.244177
0.282581
0.319991
0.356287
0.391353
0.425076
0.457348
0.488068
0.517138
0.544466
0.569967
0.59356
0.615173
0.634737
0.652195
0.667492
0.680583
0.69143
0.700001
0.706272
0.710229
0.711861
0.711169
0.70816
0.702847
0.695252
0.685405
0.673342
0.659107
0.642751
0.624331
0.603911
0.581562
0.557361
0.53139
0.503737
0.474497
0.443767
0.411651
0.378257
0.343696
0.308083
0.271536
0.234177
0.19613
0.157519
0.118472
0.0791167
0.039583
1.283e-14
-0.0395031
-0.0787975
-0.117755
-0.15625
-0.194157
-0.231354
-0.267721
-0.303141
-0.3375
-0.370688
-0.402599
-0.433132
-0.462191
-0.489682
-0.51552
-0.539623
-0.561917
-0.582333
-0.600808
-0.617285
-0.631715
-0.644055
-0.654269
-0.662329
-0.668212
-0.671903
-0.673396
-0.67269
-0.669792
-0.664716
-0.657483
-0.648122
-0.636666
-0.623159
-0.607648
-0.590189
-0.570842
-0.549675
-0.52676
-0.502177
-0.476008
-0.448343
-0.419275
-0.388902
-0.357326
-0.324652
-0.29099
-0.256452
-0.221151
-0.185206
-0.148734
-0.111856
-0.074693
-0.0373669
-2.31967e-14
0.0372858
0.0743688
0.111129
0.147446
0.183203
0.218285
0.252578
0.285972
0.318361
0.34964
0.379711
0.408477
0.435847
0.461736
0.486062
0.50875
0.529728
0.548932
0.566304
0.58179
0.595345
0.606928
0.616506
0.624053
0.629548
0.632977
0.634335
0.633622
0.630844
0.626015
0.619156
0.610293
0.599461
0.586698
0.572051
0.555572
0.537319
0.517355
0.49575
0.472577
0.447917
0.421852
0.394472
0.365867
0.336136
0.305377
0.273692
0.241188
0.207973
0.174156
0.13985
0.105166
0.0702205
0.0351268
1.47729e-14
-0.0350451
-0.0698944
-0.104435
-0.138554
-0.172141
-0.205089
-0.237291
-0.268644
-0.299047
-0.328403
-0.35662
-0.383607
-0.40928
-0.433558
-0.456364
-0.477629
-0.497286
-0.515275
-0.53154
-0.546034
-0.558713
-0.56954
-0.578484
-0.585521
-0.590631
-0.593803
-0.595032
-0.594317
-0.591666
-0.587092
-0.580615
-0.57226
-0.56206
-0.550051
-0.536278
-0.52079
-0.503641
-0.484891
-0.464606
-0.442856
-0.419714
-0.39526
-0.369577
-0.342752
-0.314875
-0.286039
-0.256342
-0.225881
-0.194759
-0.163078
-0.130944
-0.0984617
-0.0657388
-0.0328823
-1.83048e-14
0.0328009
0.0654135
0.0977318
0.129651
0.161068
0.191882
0.221993
0.251305
0.279725
0.307161
0.333527
0.358739
0.382719
0.40539
0.426682
0.446529
0.464871
0.48165
0.496816
0.510324
0.522134
0.532212
0.540528
0.547061
0.551794
0.554715
0.55582
0.55511
0.552591
0.548278
0.542187
0.534345
0.52478
0.513529
0.500632
0.486136
0.470092
0.452557
0.433591
0.413261
0.391636
0.36879
0.3448
0.319749
0.29372
0.266802
0.239083
0.210657
0.181619
0.152064
0.12209
0.0917975
0.0612846
0.0306521
-1.77983e-14
-0.0305714
-0.0609627
-0.0910751
-0.120811
-0.150075
-0.178772
-0.20681
-0.234099
-0.260553
-0.286087
-0.31062
-0.334075
-0.356379
-0.37746
-0.397255
-0.415702
-0.432744
-0.44833
-0.462411
-0.474948
-0.485902
-0.495242
-0.502942
-0.508982
-0.513346
-0.516024
-0.517012
-0.516312
-0.513931
-0.50988
-0.504177
-0.496846
-0.487916
-0.477418
-0.465392
-0.451882
-0.436935
-0.420605
-0.402948
-0.384025
-0.363902
-0.342647
-0.320334
-0.297037
-0.272837
-0.247813
-0.22205
-0.195634
-0.168654
-0.141198
-0.113358
-0.085225
-0.0568925
-0.0284531
1.83881e-15
0.0283739
0.0565763
0.0845156
0.112101
0.139244
0.165858
0.191856
0.217155
0.241676
0.26534
0.288072
0.3098
0.330458
0.34998
0.368305
0.385378
0.401147
0.415562
0.428582
0.440167
0.450285
0.458905
0.466005
0.471565
0.475572
0.478016
0.478895
0.47821
0.475968
0.47218
0.466864
0.46004
0.451736
0.441983
0.430817
0.418279
0.404413
0.389268
0.372898
0.355359
0.336712
0.317021
0.296354
0.274781
0.252374
0.229209
0.205365
0.18092
0.155957
0.130558
0.104808
0.0787909
0.0525933
0.026301
-6.86604e-15
-0.0262238
-0.052285
-0.0780992
-0.103583
-0.128653
-0.153231
-0.177236
-0.200592
-0.223225
-0.245064
-0.266038
-0.286083
-0.305136
-0.323137
-0.340032
-0.355767
-0.370295
-0.383572
-0.39556
-0.406221
-0.415527
-0.423449
-0.429968
-0.435064
-0.438727
-0.440949
-0.441726
-0.44106
-0.438959
-0.435432
-0.430496
-0.424172
-0.416484
-0.407461
-0.397137
-0.385549
-0.372739
-0.358753
-0.34364
-0.327452
-0.310246
-0.29208
-0.273018
-0.253124
-0.232466
-0.211112
-0.189136
-0.16661
-0.143611
-0.120213
-0.0964958
-0.0725367
-0.0484149
-0.0242096
8.96505e-15
0.0241348
0.0481164
0.0718669
0.0953096
0.118369
0.140971
0.163043
0.184514
0.205318
0.225387
0.244659
0.263073
0.280572
0.297101
0.31261
0.327051
0.340381
0.352559
0.363549
0.373319
0.381842
0.389093
0.395052
0.399704
0.403038
0.405048
0.405731
0.405089
0.403127
0.399858
0.395296
0.389458
0.38237
0.374058
0.364552
0.353888
0.342104
0.329242
0.315348
0.30047
0.28466
0.267972
0.250464
0.232196
0.213229
0.193628
0.173458
0.152788
0.131686
0.110223
0.0884701
0.0664986
0.0443814
0.0221909
-1.53176e-14
-0.022119
-0.0440942
-0.0658544
-0.0873291
-0.108449
-0.129147
-0.149356
-0.169013
-0.188054
-0.20642
-0.224053
-0.240898
-0.256902
-0.272016
-0.286194
-0.299391
-0.31157
-0.322692
-0.332726
-0.341642
-0.349415
-0.356022
-0.361447
-0.365676
-0.368698
-0.370508
-0.371104
-0.370489
-0.368667
-0.365649
-0.361449
-0.356085
-0.349577
-0.341951
-0.333236
-0.323463
-0.312668
-0.30089
-0.28817
-0.274554
-0.260087
-0.244821
-0.228808
-0.212103
-0.194763
-0.176846
-0.158412
-0.139524
-0.120245
-0.100639
-0.0807713
-0.0607072
-0.0405131
-0.0202552
-3.35496e-15
0.0201865
0.0402386
0.0600915
0.0796808
0.0989437
0.117818
0.136245
0.154164
0.171519
0.188256
0.204321
0.219666
0.234241
0.248003
0.260909
0.27292
0.284
0.294116
0.303238
0.31134
0.318399
0.324395
0.329313
0.33314
0.335868
0.337491
0.338008
0.337421
0.335736
0.332963
0.329113
0.324204
0.318254
0.311288
0.303331
0.294413
0.284566
0.273825
0.26223
0.249819
0.236638
0.222732
0.208148
0.192936
0.177149
0.16084
0.144064
0.126877
0.109337
0.0915028
0.0734329
0.0551875
0.0368267
0.0184107
-6.9042e-16
-0.0183455
-0.036566
-0.0546027
-0.0723972
-0.0898924
-0.107032
-0.123762
-0.140029
-0.155781
-0.170969
-0.185545
-0.199464
-0.212683
-0.225161
-0.23686
-0.247745
-0.257783
-0.266945
-0.275203
-0.282534
-0.288918
-0.294336
-0.298776
-0.302225
-0.304676
-0.306125
-0.306571
-0.306015
-0.304464
-0.301926
-0.298412
-0.293938
-0.288522
-0.282185
-0.274951
-0.266846
-0.257902
-0.248149
-0.237622
-0.226359
-0.214399
-0.201784
-0.188557
-0.174764
-0.160452
-0.145669
-0.130465
-0.114892
-0.0990013
-0.0828465
-0.066481
-0.049959
-0.0333351
-0.0166639
3.1572e-15
0.0166023
0.0330891
0.0494069
0.0655032
0.0813262
0.0968253
0.111951
0.126656
0.140893
0.154617
0.167786
0.180359
0.192298
0.203564
0.214125
0.223948
0.233004
0.241266
0.248711
0.255317
0.261066
0.265942
0.269932
0.273028
0.275221
0.276509
0.27689
0.276367
0.274945
0.272632
0.269439
0.265379
0.260469
0.254729
0.248179
0.240846
0.232755
0.223936
0.21442
0.204241
0.193435
0.182039
0.170094
0.157639
0.144718
0.131375
0.117654
0.103602
0.0892661
0.0746941
0.0599344
0.045036
0.030048
0.0150196
-1.86032e-14
-0.0149617
-0.0298171
-0.0445179
-0.0590168
-0.0732674
-0.0872239
-0.100842
-0.114079
-0.126892
-0.139242
-0.151091
-0.1624
-0.173136
-0.183266
-0.192759
-0.201587
-0.209723
-0.217143
-0.223826
-0.229754
-0.234909
-0.239278
-0.242849
-0.245615
-0.24757
-0.248709
-0.249033
-0.248544
-0.247246
-0.245147
-0.242257
-0.238588
-0.234156
-0.228978
-0.223074
-0.216466
-0.209178
-0.201237
-0.192671
-0.18351
-0.173788
-0.163537
-0.152794
-0.141595
-0.12998
-0.117986
-0.105655
-0.0930294
-0.0801503
-0.0670613
-0.0538057
-0.0404277
-0.0269712
-0.0134806
1.44919e-14
0.0134267
0.0267558
0.0399442
0.0529495
0.06573
0.0782448
0.0904542
0.10232
0.113804
0.12487
0.135485
0.145615
0.15523
0.1643
0.172797
0.180696
0.187975
0.194611
0.200585
0.205881
0.210485
0.214383
0.217567
0.220028
0.221762
0.222765
0.223038
0.222583
0.221404
0.219507
0.216903
0.213602
0.209618
0.204967
0.199667
0.193737
0.1872
0.180079
0.172401
0.164192
0.155481
0.146299
0.136678
0.12665
0.116252
0.105517
0.0944821
0.0831849
0.0716633
0.0599556
0.0481009
0.0361385
0.0241079
