-2.46092e-14
2.46092e-14
-2.44152e-14
2.43795e-14
-2.4529e-14
2.3583e-14
-2.41089e-14
2.39557e-14
-7.5972e-15
7.80143e-15
-7.92397e-15
8.20988e-15
-8.08735e-15
8.0465e-15
-8.00566e-15
2.14846e-14
-2.10761e-14
2.13212e-14
-2.15663e-14
2.23015e-14
-2.21381e-14
2.1893e-14
-2.15663e-14
2.1893e-14
-2.14029e-14
2.19747e-14
-2.14029e-14
2.12395e-14
-2.14029e-14
2.09944e-14
-1.90339e-14
1.96874e-14
-1.94423e-14
1.98508e-14
-1.9524e-14
2.01775e-14
-2.01775e-14
1.56029e-14
-1.52761e-14
1.59296e-14
-1.54395e-14
1.58479e-14
-1.56846e-14
1.57662e-14
-1.63381e-14
1.62564e-14
-1.65015e-14
1.64198e-14
-1.62564e-14
1.58479e-14
-1.53578e-14
1.56029e-14
-4.73396e-14
4.69311e-14
-4.68494e-14
4.65635e-14
-4.65431e-14
4.71456e-14
-4.73855e-14
1.27906e-14
-1.23352e-14
1.2611e-14
-1.26212e-14
1.28254e-14
-1.30909e-14
1.25395e-14
-1.23761e-14
1.26212e-14
-1.24986e-14
1.24169e-14
-1.27845e-14
1.29071e-14
-1.35606e-14
1.27437e-14
-3.65156e-14
3.54536e-14
-3.60255e-14
3.59438e-14
-3.61071e-14
3.57804e-14
-3.61071e-14
2.49973e-14
-2.56508e-14
2.52423e-14
-2.58958e-14
2.52423e-14
-2.5324e-14
2.54874e-14
-2.59775e-14
2.66311e-14
-2.67944e-14
2.71212e-14
-2.72029e-14
2.67127e-14
-2.70395e-14
2.69578e-14
-1.78085e-14
1.85437e-14
-1.8217e-14
1.79719e-14
-1.8217e-14
1.8462e-14
-1.76451e-14
3.18592e-14
-3.19001e-14
3.2186e-14
-3.20226e-14
3.16142e-14
-3.18184e-14
3.18388e-14
-3.21247e-14
3.20022e-14
-3.23596e-14
3.20277e-14
-3.18842e-14
3.15172e-14
-3.15121e-14
3.14099e-14
-1.24986e-14
1.3193e-14
-1.35606e-14
1.33155e-14
-1.28662e-14
1.20902e-14
-1.16817e-14
2.72846e-14
-2.68761e-14
2.69578e-14
-2.65494e-14
2.66311e-14
-2.67127e-14
2.66311e-14
-2.67944e-14
2.67944e-14
-2.71212e-14
2.69578e-14
-2.66311e-14
2.68761e-14
-2.65494e-14
2.6386e-14
-2.30367e-14
2.34451e-14
-2.30367e-14
2.31184e-14
-2.2955e-14
2.32001e-14
-2.32818e-14
1.17634e-14
-1.08648e-14
1.08648e-14
-1.06197e-14
1.17634e-14
-1.12733e-14
1.16e-14
-1.11099e-14
1.16e-14
-1.20085e-14
1.08648e-14
-1.16817e-14
1.19268e-14
-1.10282e-14
1.12733e-14
-4.72987e-14
4.72987e-14
-4.67269e-14
4.71762e-14
-4.67473e-14
4.76868e-14
-4.78246e-14
8.66489e-15
-8.23541e-15
8.27115e-15
-8.63876e-15
8.61833e-15
-8.45495e-15
8.61833e-15
-8.25073e-15
8.0465e-15
-8.0465e-15
7.92397e-15
-8.00566e-15
7.35213e-15
-7.27044e-15
6.7803e-15
-2.07494e-14
2.16479e-14
-2.17296e-14
2.13212e-14
-2.1893e-14
2.20564e-14
-2.21381e-14
1.5031e-14
-1.44592e-14
1.51944e-14
-1.51127e-14
1.51944e-14
-1.54395e-14
1.51944e-14
-1.5031e-14
1.5031e-14
-1.54395e-14
1.56029e-14
-1.64198e-14
1.56846e-14
-1.58479e-14
1.60113e-14
-1.56846e-14
1.56846e-14
-1.60113e-14
1.56029e-14
-1.52761e-14
1.56846e-14
-1.61747e-14
3.30029e-14
-3.25128e-14
3.2717e-14
-3.23494e-14
3.28804e-14
-3.23902e-14
3.27578e-14
-3.27578e-14
3.31867e-14
-3.2717e-14
3.29978e-14
-3.32998e-14
3.31612e-14
-3.36054e-14
3.33297e-14
-3.3248e-14
3.27578e-14
-3.30438e-14
3.28804e-14
-3.28395e-14
3.3248e-14
-3.40649e-14
6.79664e-14
-6.8865e-14
6.90284e-14
-6.96819e-14
6.96002e-14
-6.8865e-14
6.91917e-14
-6.84565e-14
6.911e-14
-6.85382e-14
6.87833e-14
-6.83748e-14
6.87016e-14
-6.79664e-14
6.82931e-14
-6.86199e-14
6.87833e-14
-6.86199e-14
6.94368e-14
-6.94368e-14
6.96002e-14
-6.91917e-14
5.53861e-14
-5.52227e-14
5.49776e-14
-5.48959e-14
5.39973e-14
-5.39156e-14
5.44058e-14
-5.50593e-14
5.48142e-14
-5.48142e-14
5.46509e-14
-5.43241e-14
5.4079e-14
-5.42424e-14
5.42016e-14
-5.39973e-14
5.33438e-14
-5.28945e-14
5.31804e-14
-5.32009e-14
5.31396e-14
-5.27975e-14
3.13071e-14
-3.10883e-14
3.11445e-14
-3.11853e-14
3.15529e-14
-3.18592e-14
3.2186e-14
-3.24311e-14
3.34522e-14
-3.31663e-14
3.39832e-14
-3.37381e-14
3.38198e-14
-3.40649e-14
3.41466e-14
-3.42283e-14
3.48001e-14
-3.47184e-14
3.50452e-14
-3.47184e-14
3.49635e-14
-3.47184e-14
2.7448e-14
-2.76113e-14
2.69578e-14
-2.72846e-14
2.71212e-14
-2.72846e-14
2.64677e-14
-2.67944e-14
2.72846e-14
-2.71212e-14
2.58142e-14
-2.61409e-14
2.63043e-14
-2.61409e-14
2.62226e-14
-2.64677e-14
2.62226e-14
-2.76113e-14
2.7448e-14
-2.8755e-14
2.86733e-14
-2.85099e-14
6.51072e-14
-6.51889e-14
6.56791e-14
-6.51072e-14
6.48213e-14
-6.44945e-14
6.42495e-14
-6.46988e-14
6.5434e-14
-6.49847e-14
6.55055e-14
-6.49411e-14
6.5046e-14
-6.49336e-14
6.4229e-14
-6.42495e-14
6.42903e-14
-6.35551e-14
6.35551e-14
-6.33509e-14
6.38002e-14
-6.24931e-14
1.00234e-13
-1.00724e-13
1.01051e-13
-1.01378e-13
1.01051e-13
-1.01133e-13
1.01378e-13
-1.00806e-13
1.01623e-13
-1.02276e-13
1.02603e-13
-1.02766e-13
1.03257e-13
-1.03747e-13
1.04727e-13
-1.04564e-13
1.04074e-13
-1.0391e-13
1.03747e-13
-1.03747e-13
1.02766e-13
-1.0244e-13
9.67214e-14
-9.67214e-14
9.77017e-14
-9.71298e-14
9.71298e-14
-9.81101e-14
9.83552e-14
-9.81918e-14
9.78651e-14
-9.77834e-14
9.8927e-14
-9.91721e-14
9.93355e-14
-9.94989e-14
9.94172e-14
-9.98256e-14
9.90496e-14
-9.79059e-14
9.63129e-14
-9.69052e-14
9.69869e-14
-9.70073e-14
7.37722e-14
-7.41544e-14
7.37256e-14
-7.24594e-14
7.2541e-14
-7.1765e-14
7.2296e-14
-7.23368e-14
7.23777e-14
-7.15608e-14
7.19692e-14
-7.2541e-14
7.30312e-14
-7.3603e-14
7.40115e-14
-7.41749e-14
7.39298e-14
-7.43382e-14
7.43382e-14
-7.45016e-14
7.49918e-14
-7.51551e-14
5.97973e-14
-5.91438e-14
5.97973e-14
-5.91438e-14
6.07776e-14
-6.04509e-14
6.04509e-14
-5.70199e-14
5.68565e-14
-5.751e-14
5.73466e-14
-5.68565e-14
5.60396e-14
-5.55494e-14
5.66931e-14
-5.61213e-14
5.49776e-14
-5.57128e-14
5.6203e-14
-5.48959e-14
5.45692e-14
-5.55494e-14
9.48425e-14
-9.4189e-14
9.35355e-14
-9.34538e-14
9.32496e-14
-9.27186e-14
9.30862e-14
-4.37452e-14
4.46642e-14
-4.36022e-14
4.31325e-14
-4.39163e-14
4.32755e-14
-4.30304e-14
4.24586e-14
-4.28466e-14
4.33367e-14
-4.38677e-14
4.35818e-14
-4.46029e-14
4.44396e-14
-4.43579e-14
6.46988e-14
-6.4372e-14
6.49438e-14
-6.51889e-14
6.58424e-14
-6.60058e-14
6.61692e-14
-5.21185e-14
5.30987e-14
-5.26086e-14
5.32621e-14
-5.30987e-14
5.24452e-14
-5.14649e-14
5.16283e-14
-5.13015e-14
5.17917e-14
-5.19551e-14
5.13015e-14
-4.99945e-14
4.95044e-14
-4.96677e-14
3.51269e-14
-3.48001e-14
3.41466e-14
-3.46367e-14
3.59438e-14
-3.56987e-14
3.59438e-14
-6.90284e-14
6.82931e-14
-6.82115e-14
6.83748e-14
-6.7803e-14
6.84565e-14
-6.7803e-14
6.76396e-14
-6.64143e-14
6.62509e-14
-6.63734e-14
6.58833e-14
-6.56995e-14
6.53931e-14
-6.52195e-14
1.53912e-14
-1.63585e-14
1.54191e-14
-1.54599e-14
1.55212e-14
-1.65423e-14
1.65831e-14
-6.45354e-14
6.42086e-14
-6.37185e-14
6.36368e-14
-6.51072e-14
6.38002e-14
-6.38819e-14
6.4372e-14
-6.36368e-14
6.26565e-14
-6.17579e-14
6.27382e-14
-6.24114e-14
6.11044e-14
-5.99607e-14
5.22818e-14
-5.32621e-14
5.4079e-14
-5.4079e-14
5.39156e-14
-5.44058e-14
5.44058e-14
-5.22818e-14
5.19551e-14
-5.32621e-14
5.37523e-14
-5.35889e-14
5.35889e-14
-5.30987e-14
5.30987e-14
-5.29354e-14
5.35889e-14
-5.3834e-14
5.41607e-14
-5.3834e-14
5.42424e-14
-5.53044e-14
7.69523e-14
-7.65439e-14
7.69523e-14
-7.7034e-14
7.76875e-14
-7.84636e-14
7.87495e-14
-5.44058e-14
5.48551e-14
-5.46917e-14
5.42832e-14
-5.4047e-14
5.34051e-14
-5.29762e-14
5.27924e-14
-5.29762e-14
5.31396e-14
-5.33847e-14
5.31396e-14
-5.34255e-14
5.31804e-14
-5.33438e-14
9.77834e-14
-9.8927e-14
1.00479e-13
-1.00071e-13
1.00071e-13
-9.90087e-14
9.96622e-14
-7.22143e-14
7.28678e-14
-7.18875e-14
7.15608e-14
-7.18875e-14
7.18875e-14
-7.18875e-14
7.18875e-14
-7.28678e-14
7.30312e-14
-7.20509e-14
7.2541e-14
-7.40115e-14
7.31946e-14
-7.41749e-14
7.38481e-14
-7.28678e-14
7.40115e-14
-7.38481e-14
7.40115e-14
-7.38481e-14
7.48284e-14
-1.0971e-13
1.08403e-13
-1.08648e-13
1.08893e-13
-1.08975e-13
1.08812e-13
-1.08321e-13
1.08158e-13
-1.08566e-13
1.08648e-13
-1.07872e-13
1.09506e-13
-1.092e-13
1.08383e-13
-1.08301e-13
1.08157e-13
-1.09138e-13
1.09363e-13
-1.0969e-13
1.10323e-13
-1.1069e-13
1.1163e-13
-1.61338e-13
1.61338e-13
-1.5995e-13
1.61175e-13
-1.6093e-13
1.60603e-13
-1.60522e-13
1.61829e-13
-1.61665e-13
1.61257e-13
-1.60113e-13
1.60113e-13
-1.60113e-13
1.60276e-13
-1.59296e-13
1.61257e-13
-1.60767e-13
1.59786e-13
-1.5995e-13
1.5946e-13
-1.60276e-13
1.6044e-13
-1.55212e-13
1.55702e-13
-1.54068e-13
1.52924e-13
-1.52271e-13
1.52924e-13
-1.51781e-13
1.51454e-13
-1.52107e-13
1.51944e-13
-1.52598e-13
1.51944e-13
-1.50882e-13
1.50637e-13
-1.51536e-13
1.50882e-13
-1.51454e-13
1.51127e-13
-1.50964e-13
1.51045e-13
-1.50637e-13
1.51005e-13
-1.49698e-13
1.5174e-13
-1.52148e-13
1.5127e-13
-1.51178e-13
1.51168e-13
-1.52087e-13
1.51413e-13
-1.50841e-13
1.51454e-13
-1.51045e-13
1.50964e-13
-1.50147e-13
1.49984e-13
-1.52026e-13
1.51862e-13
-1.52598e-13
1.52107e-13
-1.53415e-13
1.53251e-13
-1.53251e-13
1.55048e-13
-1.54558e-13
1.54395e-13
-1.53905e-13
1.54885e-13
-1.54231e-13
1.53905e-13
-1.55212e-13
1.55375e-13
-1.56682e-13
1.56519e-13
-1.56519e-13
1.57172e-13
-1.57009e-13
1.57499e-13
-1.57009e-13
1.56519e-13
-1.56029e-13
1.55538e-13
-1.55212e-13
1.54722e-13
-1.56029e-13
1.56029e-13
-1.92299e-13
1.92789e-13
-1.92626e-13
1.91809e-13
-1.91564e-13
1.91646e-13
-1.91727e-13
1.91809e-13
-1.90502e-13
1.89603e-13
-1.89522e-13
1.88991e-13
-1.88501e-13
1.89603e-13
-1.90093e-13
1.89043e-13
-1.90533e-13
1.90134e-13
-1.89297e-13
1.89562e-13
-1.89481e-13
1.8993e-13
-2.42539e-13
2.42375e-13
-2.4262e-13
2.43927e-13
-2.41558e-13
2.41313e-13
-2.41395e-13
2.41477e-13
-2.4164e-13
2.41477e-13
-2.43111e-13
2.43601e-13
-2.43274e-13
2.43111e-13
-2.43111e-13
2.43764e-13
-2.43111e-13
2.42784e-13
-2.43111e-13
2.43274e-13
-2.44254e-13
2.43437e-13
-2.38372e-13
2.39189e-13
-2.39353e-13
2.37719e-13
-2.37229e-13
2.36902e-13
-2.36902e-13
2.36739e-13
-2.36739e-13
2.36739e-13
-2.38046e-13
2.37719e-13
-2.40006e-13
2.38944e-13
-2.38781e-13
2.38699e-13
-2.40006e-13
2.41068e-13
-2.41722e-13
2.42212e-13
-2.41844e-13
2.42702e-13
-1.87193e-13
1.8654e-13
-1.85498e-13
1.84865e-13
-1.84998e-13
1.85172e-13
-1.84477e-13
1.85253e-13
-1.85764e-13
1.85315e-13
-1.83926e-13
1.83068e-13
-1.82741e-13
1.82251e-13
-1.82088e-13
1.82986e-13
-1.82415e-13
1.81434e-13
-1.81189e-13
1.80536e-13
-1.80209e-13
1.80372e-13
-1.51617e-13
1.52924e-13
-1.52107e-13
1.51944e-13
-1.52107e-13
1.50964e-13
-1.51291e-13
1.51781e-13
-1.50637e-13
1.50147e-13
-1.4982e-13
1.49167e-13
-1.48513e-13
1.49657e-13
-1.49493e-13
1.4933e-13
-1.48513e-13
1.4884e-13
-1.4786e-13
1.48513e-13
-1.48676e-13
1.49984e-13
-1.87234e-13
1.88541e-13
-1.88051e-13
1.88705e-13
-1.88215e-13
1.8846e-13
-1.88133e-13
1.38383e-13
-1.38629e-13
1.38302e-13
-1.39813e-13
1.38914e-13
-1.37812e-13
1.36954e-13
-1.39517e-13
1.38507e-13
-1.39098e-13
1.38241e-13
-1.38241e-13
1.38179e-13
-1.39976e-13
1.39854e-13
-1.39527e-13
1.40998e-13
-1.40344e-13
1.40344e-13
-1.41488e-13
1.40916e-13
-1.41488e-13
1.0244e-13
-1.0244e-13
1.01296e-13
-1.0293e-13
1.00969e-13
-1.00643e-13
1.00643e-13
-9.98256e-14
1.00643e-13
-1.01296e-13
1.01133e-13
-1.0244e-13
1.02113e-13
-1.01786e-13
1.02276e-13
-1.0244e-13
1.0391e-13
-1.03583e-13
1.03257e-13
-1.0293e-13
1.02766e-13
-1.02766e-13
1.29398e-13
-1.30378e-13
1.28744e-13
-1.28581e-13
1.29561e-13
-1.30051e-13
1.28417e-13
-1.27927e-13
1.27355e-13
-1.28336e-13
1.27927e-13
-1.26538e-13
1.27192e-13
-1.27437e-13
1.28989e-13
-7.39706e-14
7.47875e-14
-7.4808e-14
7.58189e-14
-7.51066e-14
7.52164e-14
-7.49713e-14
1.305e-13
-1.30623e-13
1.305e-13
-1.31399e-13
1.31848e-13
-1.32257e-13
1.31521e-13
-1.30786e-13
1.30378e-13
-1.31031e-13
1.29643e-13
-1.28172e-13
1.28417e-13
-1.28254e-13
1.27927e-13
-9.85186e-14
9.93355e-14
-9.98256e-14
9.91721e-14
-9.9989e-14
9.94989e-14
-9.9989e-14
1.08321e-13
-1.10445e-13
1.10119e-13
-1.11426e-13
1.11262e-13
-1.09628e-13
1.11099e-13
-1.10445e-13
1.09628e-13
-1.09465e-13
1.08648e-13
-1.08812e-13
1.08158e-13
-1.07014e-13
1.08158e-13
-1.44919e-13
1.44429e-13
-1.44102e-13
1.43938e-13
-1.43285e-13
1.43203e-13
-1.45736e-13
1.46062e-13
-1.45245e-13
1.44919e-13
-1.44796e-13
1.44755e-13
-1.4449e-13
1.44265e-13
-1.43285e-13
1.42032e-13
-1.4161e-13
1.42162e-13
-1.41324e-13
1.421e-13
-1.42264e-13
1.421e-13
-1.94178e-13
1.9475e-13
-1.9475e-13
1.9524e-13
-1.94995e-13
1.9573e-13
-1.95812e-13
1.94995e-13
-1.95077e-13
1.94423e-13
-1.9377e-13
1.9475e-13
-1.94913e-13
1.95893e-13
-1.96384e-13
1.96384e-13
-1.96057e-13
1.95567e-13
-1.9573e-13
1.95567e-13
-1.95567e-13
1.9622e-13
-1.91646e-13
1.91972e-13
-1.93116e-13
1.92789e-13
-1.93116e-13
1.9377e-13
-1.93933e-13
2.19094e-13
-2.1893e-13
2.18603e-13
-2.20074e-13
2.1991e-13
-2.19502e-13
2.20156e-13
-2.20401e-13
2.21054e-13
-2.20972e-13
2.19992e-13
-2.19747e-13
2.17787e-13
-2.1697e-13
2.16112e-13
-1.60562e-13
1.61338e-13
-1.60276e-13
1.5998e-13
-1.59185e-13
1.59378e-13
-1.59725e-13
2.18522e-13
-2.17378e-13
2.18113e-13
-0.333516
-0.279649
-0.224854
-0.169309
-0.113196
-0.0566985
-1.13881e-13
0.056714
0.113258
0.169448
0.2251
0.280032
0.334064
0.387019
0.438725
0.489012
0.537716
0.584677
0.629741
0.672761
0.713595
0.75211
0.788179
0.821684
0.852516
0.880572
0.90576
0.927998
0.947212
0.963339
0.976325
0.986128
0.992714
0.996063
0.996161
0.993008
0.986614
0.976999
0.964193
0.948239
0.929187
0.907099
0.882047
0.854113
0.823386
0.789967
0.753964
0.715495
0.674685
0.631667
0.58658
0.539573
0.490798
0.440414
0.388585
0.335481
0.281275
0.226144
0.170268
0.113829
0.0570109
1.03056e-13
-0.0570178
-0.113856
-0.17033
-0.226253
-0.281445
-0.335724
-0.388913
-0.440838
-0.49133
-0.540224
-0.587358
-0.632581
-0.675743
-0.716703
-0.755328
-0.791491
-0.825074
-0.855967
-0.884069
-0.909288
-0.931541
-0.950756
-0.966869
-0.979828
-0.98959
-0.996124
-0.999407
-0.999429
-0.99619
-0.989699
-0.979979
-0.967061
-0.950986
-0.931808
-0.909588
-0.8844
-0.856325
-0.825456
-0.791892
-0.755744
-0.717129
-0.676174
-0.633012
-0.587785
-0.54064
-0.49173
-0.441217
-0.389264
-0.336042
-0.281724
-0.226487
-0.170513
-0.113984
-0.0570843
-4.8149e-14
0.0570824
0.113977
0.170497
0.226458
0.281678
0.335976
0.389176
0.441102
0.491587
0.540464
0.587575
0.632766
0.675889
0.716803
0.755376
0.79148
0.825
0.855825
0.883854
0.908997
0.931172
0.950307
0.966338
0.979215
0.988896
0.995349
0.998553
0.998498
0.995186
0.988626
0.978842
0.965865
0.949737
0.930513
0.908255
0.883036
0.854939
0.824056
0.790489
0.754347
0.715749
0.674821
0.631698
0.586519
0.539434
0.490597
0.440166
0.388307
0.33519
0.280988
0.225879
0.170042
0.11366
0.0569178
1.08032e-13
-0.0569073
-0.113618
-0.169947
-0.225711
-0.280728
-0.334817
-0.387803
-0.439513
-0.489778
-0.538435
-0.585324
-0.630293
-0.673196
-0.713893
-0.752251
-0.788147
-0.821462
-0.852089
-0.879929
-0.904892
-0.926896
-0.94587
-0.961753
-0.974494
-0.984053
-0.990398
-0.993511
-0.99338
-0.990009
-0.983409
-0.973601
-0.96062
-0.944508
-0.925319
-0.903116
-0.877972
-0.849972
-0.819206
-0.785776
-0.749792
-0.711373
-0.670644
-0.627739
-0.582799
-0.535972
-0.48741
-0.437274
-0.385726
-0.332937
-0.279078
-0.224326
-0.16886
-0.112862
-0.0565136
-1.00198e-13
0.0564944
0.112785
0.168689
0.224023
0.278606
0.332261
0.384813
0.436091
0.485928
0.534161
0.580634
0.625195
0.667699
0.70801
0.745995
0.781532
0.814506
0.844809
0.872344
0.897023
0.918765
0.937501
0.953171
0.965724
0.975122
0.981335
0.984344
0.984139
0.980724
0.974111
0.964323
0.951393
0.935364
0.91629
0.894235
0.869273
0.841485
0.810964
0.777811
0.742136
0.704055
0.663694
0.621186
0.576672
0.530296
0.482212
0.432577
0.381554
0.32931
0.276017
0.221849
0.166982
0.111598
0.0558766
1.73098e-13
-0.0558491
-0.111488
-0.166736
-0.221413
-0.275339
-0.328341
-0.380243
-0.430879
-0.480084
-0.527696
-0.573563
-0.617534
-0.659467
-0.699227
-0.736685
-0.771719
-0.804217
-0.834074
-0.861194
-0.885489
-0.906882
-0.925305
-0.940699
-0.953016
-0.962216
-0.968273
-0.971167
-0.970891
-0.967448
-0.960851
-0.951123
-0.938298
-0.922419
-0.90354
-0.881725
-0.857046
-0.829586
-0.799436
-0.766695
-0.731473
-0.693886
-0.654059
-0.612121
-0.568213
-0.522477
-0.475066
-0.426134
-0.375842
-0.324356
-0.271843
-0.218477
-0.164432
-0.109885
-0.0550149
-1.04097e-13
0.0549794
0.109744
0.164115
0.217915
0.270969
0.323104
0.37415
0.423942
0.472318
0.519121
0.564199
0.607406
0.648602
0.687654
0.724437
0.75883
0.790725
0.820018
0.846616
0.870433
0.891395
0.909433
0.924493
0.936526
0.945495
0.951373
0.954144
0.9538
0.950345
0.943792
0.934165
0.921498
0.905835
0.887227
0.86574
0.841444
0.814421
0.784762
0.752565
0.717937
0.680994
0.641857
0.600656
0.557527
0.512613
0.466061
0.418024
0.368661
0.318134
0.266609
0.214254
0.161242
0.107745
0.053939
7.89993e-14
-0.053896
-0.107573
-0.160856
-0.213572
-0.265548
-0.316616
-0.366609
-0.415366
-0.462728
-0.508541
-0.552658
-0.594936
-0.635237
-0.673434
-0.709401
-0.743024
-0.774195
-0.802815
-0.828791
-0.852042
-0.872493
-0.890082
-0.904751
-0.916457
-0.925163
-0.930844
-0.933483
-0.933075
-0.929624
-0.923144
-0.913658
-0.9012
-0.885814
-0.867551
-0.846475
-0.822657
-0.796177
-0.767124
-0.735594
-0.701694
-0.665535
-0.627239
-0.586931
-0.544746
-0.500823
-0.455307
-0.408347
-0.3601
-0.310722
-0.260377
-0.20923
-0.157449
-0.105202
-0.0526622
-1.74305e-14
0.0526122
0.105003
0.157
0.208436
0.259143
0.308955
0.357712
0.405254
0.451429
0.496086
0.539081
0.580275
0.619536
0.656738
0.691761
0.724493
0.754829
0.782672
0.807935
0.830537
0.850408
0.867484
0.881714
0.893053
0.901468
0.906934
0.909436
0.908969
0.905538
0.899157
0.889849
0.877649
0.862598
0.84475
0.824165
0.800913
0.775074
0.746733
0.715987
0.682938
0.647696
0.61038
0.571112
0.530023
0.48725
0.442933
0.39722
0.35026
0.302209
0.253224
0.203466
0.1531
0.102289
0.0511997
1.87697e-14
-0.0511432
-0.102063
-0.152594
-0.20257
-0.251831
-0.300215
-0.347565
-0.393729
-0.438557
-0.481903
-0.523629
-0.5636
-0.601687
-0.637768
-0.671727
-0.703457
-0.732857
-0.759832
-0.784297
-0.806176
-0.825401
-0.841911
-0.855656
-0.866593
-0.874692
-0.879928
-0.882288
-0.881768
-0.878372
-0.872116
-0.863022
-0.851124
-0.836465
-0.819095
-0.799074
-0.776471
-0.751362
-0.723833
-0.693977
-0.661893
-0.627689
-0.59148
-0.553386
-0.513533
-0.472055
-0.429087
-0.384773
-0.339259
-0.292695
-0.245233
-0.197031
-0.148246
-0.099038
-0.0495689
-2.59098e-14
0.0495066
0.0987895
0.147688
0.196043
0.243697
0.290496
0.336288
0.380925
0.424263
0.466161
0.506485
0.545105
0.581898
0.616745
0.649536
0.680165
0.708537
0.73456
0.758154
0.779245
0.797766
0.813661
0.826881
0.837387
0.845148
0.850143
0.852358
0.85179
0.848445
0.842337
0.83349
0.821936
0.807718
0.790884
0.771494
0.749613
0.725318
0.69869
0.669819
0.638803
0.605747
0.570759
0.533959
0.495467
0.455413
0.413929
0.371152
0.327224
0.28229
0.236497
0.189997
0.142943
0.0954882
0.0477885
6.96596e-14
-0.0477212
-0.0952194
-0.14234
-0.188929
-0.234837
-0.279913
-0.324012
-0.366991
-0.408712
-0.44904
-0.487845
-0.525004
-0.560397
-0.593911
-0.62544
-0.654883
-0.682148
-0.707149
-0.729806
-0.750051
-0.767819
-0.783058
-0.79572
-0.805768
-0.813174
-0.817917
-0.819985
-0.819376
-0.816096
-0.810159
-0.801589
-0.790417
-0.776684
-0.760439
-0.741738
-0.720647
-0.697237
-0.671588
-0.643788
-0.613931
-0.582117
-0.548452
-0.513051
-0.47603
-0.437514
-0.39763
-0.35651
-0.314291
-0.271112
-0.227115
-0.182446
-0.137251
-0.091679
-0.0458786
-4.76424e-14
0.045807
0.091393
0.136609
0.181309
0.225348
0.268582
0.310872
0.352082
0.392077
0.430731
0.467919
0.503521
0.537425
0.569522
0.59971
0.627894
0.653985
0.677901
0.699568
0.718919
0.735894
0.750441
0.762518
0.772088
0.779124
0.783609
0.78553
0.784887
0.781685
0.775939
0.767672
0.756915
0.743707
0.728096
0.710137
0.689891
0.667429
0.642828
0.616171
0.587549
0.55706
0.524804
0.490892
0.455435
0.418553
0.380368
0.341008
0.300601
0.259283
0.21719
0.174459
0.131233
0.0876522
0.0438602
2.17465e-14
-0.043785
-0.0873521
-0.130559
-0.173266
-0.215335
-0.256628
-0.297013
-0.33636
-0.374541
-0.411435
-0.446922
-0.48089
-0.513231
-0.543841
-0.572624
-0.59949
-0.624353
-0.647136
-0.667768
-0.686187
-0.702335
-0.716164
-0.727633
-0.736709
-0.743367
-0.747588
-0.749364
-0.748693
-0.745581
-0.740044
-0.732103
-0.72179
-0.709141
-0.694202
-0.677027
-0.657675
-0.636213
-0.612715
-0.587263
-0.559941
-0.530843
-0.500068
-0.467718
-0.433902
-0.398733
-0.362329
-0.32481
-0.286301
-0.24693
-0.206826
-0.166122
-0.124952
-0.0834505
-0.0417545
-8.59729e-15
0.0416765
0.0831393
0.124253
0.164885
0.204903
0.244177
0.282581
0.319991
0.356287
0.391353
0.425076
0.457348
0.488068
0.517138
0.544466
0.569967
0.59356
0.615173
0.634737
0.652195
0.667492
0.680583
0.69143
0.700001
0.706272
0.710229
0.711861
0.711169
0.70816
0.702847
0.695252
0.685405
0.673342
0.659107
0.642751
0.624331
0.603911
0.581562
0.557361
0.53139
0.503737
0.474497
0.443767
0.411651
0.378257
0.343696
0.308083
0.271536
0.234177
0.19613
0.157519
0.118472
0.0791167
0.039583
1.7493e-14
-0.0395031
-0.0787975
-0.117755
-0.15625
-0.194157
-0.231354
-0.267721
-0.303141
-0.3375
-0.370688
-0.402599
-0.433132
-0.462191
-0.489682
-0.51552
-0.539623
-0.561917
-0.582333
-0.600808
-0.617285
-0.631715
-0.644055
-0.654269
-0.662329
-0.668212
-0.671903
-0.673396
-0.67269
-0.669792
-0.664716
-0.657483
-0.648122
-0.636666
-0.623159
-0.607648
-0.590189
-0.570842
-0.549675
-0.52676
-0.502177
-0.476008
-0.448343
-0.419275
-0.388902
-0.357326
-0.324652
-0.29099
-0.256452
-0.221151
-0.185206
-0.148734
-0.111856
-0.074693
-0.0373669
-2.99066e-14
0.0372858
0.0743688
0.111129
0.147446
0.183203
0.218285
0.252578
0.285972
0.318361
0.34964
0.379711
0.408477
0.435847
0.461736
0.486062
0.50875
0.529728
0.548932
0.566304
0.58179
0.595345
0.606928
0.616506
0.624053
0.629548
0.632977
0.634335
0.633622
0.630844
0.626015
0.619156
0.610293
0.599461
0.586698
0.572051
0.555572
0.537319
0.517355
0.49575
0.472577
0.447917
0.421852
0.394472
0.365867
0.336136
0.305377
0.273692
0.241188
0.207973
0.174156
0.13985
0.105166
0.0702205
0.0351268
1.84852e-14
-0.0350451
-0.0698944
-0.104435
-0.138554
-0.172141
-0.205089
-0.237291
-0.268644
-0.299047
-0.328403
-0.35662
-0.383607
-0.40928
-0.433558
-0.456364
-0.477629
-0.497286
-0.515275
-0.53154
-0.546034
-0.558713
-0.56954
-0.578484
-0.585521
-0.590631
-0.593803
-0.595032
-0.594317
-0.591666
-0.587092
-0.580615
-0.57226
-0.56206
-0.550051
-0.536278
-0.52079
-0.503641
-0.484891
-0.464606
-0.442856
-0.419714
-0.39526
-0.369577
-0.342752
-0.314875
-0.286039
-0.256342
-0.225881
-0.194759
-0.163078
-0.130944
-0.0984617
-0.0657388
-0.0328823
-2.60417e-14
0.0328009
0.0654135
0.0977318
