0
0
0
0
0
0
0
0
0
0
0
0
0
0
0
0
0
0
0
0
0
0
0
0
0
0
0
0
0
0
0
0
0
0
0
0
0
0
0
0
0
0
0
0
0
0
0
0
0
0
0
0
0
0
0
0
0
0
0
0
0
0
0
0
0
0
0
0
0
0
0
0
0
0
0
0
0
0
0
0
0
0
0
0
0
0
0
0
0
0
0
0
0
0
0
0
0
0
0
0
0
0
0
0
0
0
0
0
0
0
0
0
0
0
0
0
0
0
0
0
0
0
0
0
0
0
0
0
0
0
0
0
0
0
0
0
0
0
0
0
0
0
0
0
0
0
0
0
0
0
0
0
0
0
0
0
0
0
0
0
0
0
0
0
0
0
0
0
0
0
0
0
0
0
0
0
0
0
0
0
0
0
0
0
0
0
0
0
0
0
0
0
0
0
0
0
0
0
0
0
0
0
0
0
0
0
0
0
0
0
0
0
0
0
0
0
0
0
0
0
0
0
0
0
0
0
0
0
0
0
0
0
0
0
0
0
0
0
0
0
0
0
0
0
0
0
0
0
0
0
0
0
0
0
0
0
0
0
0
0
0
0
0
0
0
0
0
0
0
0
0
0
0
0
0
0
0
0
0
0
0
0
0
0
0
0
0
0
0
0
0
0
0
0
0
0
0
0
0
0
0
0
0
0
0
0
0
0
0
0
0
0
0
0
0
0
0
0
0
0
0
0
0
0
0
0
0
0
0
0
0
0
0
0
0
0
0
0
0
0
0
0
0
0
0
0
0
0
0
0
0
0
0
0
0
0
0
0
0
0
0
0
0
0
0
0
0
0
0
0
0
0
0
0
0
0
0
0
0
0
0
0
0
0
0
0
0
0
0
0
0
0
0
0
0
0
0
0
0
0
0
0
0
0
0
0
0
0
0
0
0
0
0
0
0
0
0
0
0
0
0
0
0
0
0
0
0
0
0
0
0
0
0
0
0
0
0
0
0
0
0
0
0
0
0
0
0
0
0
0
0
0
0
0
0
0
0
0
0
0
0
0
0
0
0
0
0
0
0
0
0
0
0
0
0
0
0
0
0
0
0
0
0
0
0
0
0
0
0
0
0
0
0
0
0
0
0
0
0
0
0
0
0
0
0
0
0
0
0
0
0
0
0
0
0
0
0
0
0
0
0
0
0
0
0
0
0
0
0
0
0
0
0
0
0
0
0
0
0
0
0
0
0
0
0
0
0
0
0
0
0
0
0
0
0
0
0
0
0
0
0
0
0
0
0
0
0
0
0
0
0
0
0
0
0
0
0
0
0
0
0
0
0
0
0
0
0
0
0
0
0
0
0
0
0
0
0
0
0
0
0
0
0
0
0
0
0
0
0
0
0
0
0
0
0
0
0
0
0
0
0
0
0
0
0
0
0
0
0
0
0
0
0
0
0
0
0
0
0
0
0
0
0
0
0
0
0
0
0
0
0
0
0
0
0
0
0
0
0
0
0
0
0
0
0
0
0
0
0
0
0
0
0
0
0
0
0
0
0
0
0
0
0
0
0
0
0
0
0
0
0
0
0
0
0
0
0
0
0
0
0
0
0
0
0
0
0
0
0
0
0
0
0
0
0
0
0
0
0
0
0
0
0
0
0
0
0
0
0
0
0
0
0
0
0
0
0
0
0
0
0
0
0
0
0
0
0
0
0
0
0
0
0
0
0
0
0
0
0
0
0
0
0
0
0
0
0
0
0
0
0
0
0
0
0
0
0
0
0
0
0
0
0
0
0
0
0
0
0
0
0
0
0
0
0
0
0
0
0
0
0
0
0
0
0
0
0
0
0
0
0
0
0
0
0
0
0
0
0
0
0
0
0
0
0
0
0
0
0
0
0
0
0
0
0
0
0
0
0
0
0
0
0
0
0
0
0
0
0
0
0
0
0
0
0
0
0
0
0
0
0
0
0
0
0
0
0
0
0
0
0
0
0
0
0
0
0
0
0
0
0
0
0
0
0
0
0
0
0
0
0
0
0
0
0
0
0
0
0
0
0
0
-2.43456e-24
-4.86913e-24
-7.05297e-38
-4.86913e-24
-9.73825e-24
-8.66927e-38
-9.73825e-24
-9.73825e-24
9.73825e-24
-1.94765e-23
-2.92148e-23
-1.94765e-23
-4.02607e-37
-1.94765e-23
-8.46356e-37
-1.94765e-23
1.94765e-23
-1.94765e-23
1.94765e-23
-1.94765e-23
1.94765e-23
-3.8953e-23
-3.83211e-36
-1.94765e-23
-4.13774e-36
-3.8953e-23
-4.78426e-36
-5.84295e-23
1.94765e-23
-5.84295e-23
3.8953e-23
-5.84295e-23
3.8953e-23
-5.84295e-23
1.94765e-23
-3.8953e-23
3.8953e-23
-5.84295e-23
3.8953e-23
-9.73825e-23
5.84295e-23
-1.16859e-22
9.73825e-23
-1.75289e-22
1.46074e-22
-1.75289e-22
1.46074e-22
-1.85027e-22
1.6555e-22
-1.89896e-22
9.49479e-23
-1.19294e-22
1.6793e-22
-1.94765e-22
1.72854e-22
-1.99634e-22
2.48325e-22
-2.62933e-22
2.43456e-22
-2.62933e-22
3.11624e-22
-3.50577e-22
3.31101e-22
-2.14242e-22
2.53195e-22
-2.92148e-22
2.72671e-22
-2.14242e-22
1.94765e-22
-2.14242e-22
1.94765e-22
-1.55812e-22
1.36336e-22
-1.75289e-22
1.16859e-22
-1.16859e-22
7.7906e-23
-1.16859e-22
7.7906e-23
-1.16859e-22
3.8953e-23
-7.7906e-23
-3.43244e-35
-3.8953e-23
-3.8953e-23
-3.8953e-23
3.8953e-23
2.38214e-35
-2.14817e-35
-3.8953e-23
-7.7906e-23
7.7906e-23
-9.73825e-23
-1.94765e-23
-1.16859e-22
1.16859e-22
-7.7906e-23
9.73825e-23
-1.07786e-07
-1.17735e-07
-1.27169e-07
-1.36062e-07
-1.44392e-07
-1.5214e-07
-1.59288e-07
-1.6582e-07
-1.71723e-07
-1.76984e-07
-1.81596e-07
-1.85552e-07
-1.88846e-07
-1.91478e-07
-1.93446e-07
-1.94753e-07
-1.95404e-07
-1.95404e-07
-1.94763e-07
-1.9349e-07
-1.91599e-07
-1.89102e-07
-1.86017e-07
-1.82361e-07
-1.78154e-07
-1.73417e-07
-1.68172e-07
-1.62442e-07
-1.56255e-07
-1.49634e-07
-1.42609e-07
-1.35206e-07
-1.27457e-07
-1.1939e-07
-1.11036e-07
-1.02427e-07
-9.35935e-08
-8.45683e-08
-7.53834e-08
-6.6071e-08
-5.66634e-08
-4.71928e-08
-3.76912e-08
-2.81901e-08
-1.87208e-08
-9.3141e-09
2.00178e-22
9.19206e-09
1.82335e-08
2.70964e-08
3.57542e-08
4.4181e-08
5.23521e-08
6.0244e-08
6.78345e-08
7.51025e-08
8.20284e-08
8.85938e-08
9.4782e-08
1.00578e-07
1.05967e-07
1.10937e-07
1.15477e-07
1.19578e-07
1.23233e-07
1.26434e-07
1.29178e-07
1.31462e-07
1.33284e-07
1.34643e-07
1.35543e-07
1.35985e-07
1.35975e-07
1.35519e-07
1.34623e-07
1.33296e-07
1.31549e-07
1.29393e-07
1.26841e-07
1.23905e-07
1.20601e-07
1.16944e-07
1.12952e-07
1.08641e-07
1.0403e-07
9.91378e-08
9.39848e-08
8.85911e-08
8.29777e-08
7.71658e-08
7.11772e-08
6.50339e-08
5.87582e-08
5.23725e-08
4.58993e-08
3.93608e-08
3.27796e-08
2.61779e-08
1.95776e-08
1.30003e-08
6.4675e-09
0
0
0
0
0
0
0
0
0
0
0
0
0
0
0
0
0
0
0
0
0
0
0
0
0
0
0
0
0
0
0
0
0
0
0
0
0
0
0
0
0
0
0
0
0
0
0
0
0
0
0
0
0
0
0
0
0
0
0
0
0
0
0
0
0
0
0
0
0
0
0
0
0
0
0
0
0
0
0
0
0
0
0
0
0
0
0
0
0
0
0
0
0
0
0
0
0
0
0
0
0
0
0
0
0
0
0
0
0
0
0
0
0
0
0
0
0
0
0
0
0
0
0
0
0
0
0
0
0
0
0
0
0
0
0
0
0
0
0
0
0
0
0
0
0
0
0
0
0
0
0
0
0
0
0
0
0
0
0
0
0
0
0
0
0
0
0
0
0
0
0
0
0
0
0
0
0
0
0
0
0
0
0
0
0
0
0
0
0
0
0
0
0
0
0
0
0
0
0
0
0
0
0
0
0
0
0
0
0
0
0
0
0
0
0
0
0
0
0
0
0
0
0
0
0
0
0
0
0
0
0
0
0
0
0
0
0
0
0
0
0
0
0
0
0
0
0
0
0
0
0
0
0
0
0
0
0
0
0
0
0
0
0
0
0
0
0
0
0
0
0
0
0
0
0
0
0
0
0
0
0
0
0
0
0
0
0
0
0
0
0
0
0
0
0
0
0
0
0
0
0
0
0
0
0
0
0
0
0
0
0
0
0
0
0
0
0
0
0
0
0
0
0
0
0
0
0
0
0
0
0
0
0
0
0
0
0
0
0
0
0
0
0
0
0
0
0
0
0
0
0
0
0
0
0
0
0
0
0
0
0
0
0
0
0
0
0
0
0
0
0
0
0
0
0
0
0
0
0
0
0
0
0
0
0
0
0
0
0
0
0
0
0
0
0
0
0
0
0
0
0
0
0
0
0
0
0
0
0
0
0
0
0
0
0
0
0
0
0
0
0
0
0
0
0
0
0
0
0
0
0
0
0
0
0
0
0
0
0
0
0
0
0
0
0
0
0
0
0
0
0
0
0
0
0
0
0
0
0
0
0
0
0
0
0
0
0
0
0
0
0
0
0
0
0
0
0
0
0
0
0
0
0
0
0
0
0
0
0
0
0
0
0
0
0
0
0
0
0
0
0
0
0
0
0
0
0
0
0
0
0
0
0
0
0
0
0
0
0
0
0
0
0
0
0
0
0
0
0
0
0
0
0
0
0
0
0
0
0
0
0
0
0
0
0
0
0
0
0
0
0
0
0
0
0
0
0
0
0
0
0
0
0
0
0
0
0
0
0
0
0
0
0
0
0
0
0
0
0
0
0
0
0
0
0
0
0
0
0
0
0
0
0
0
0
0
0
0
0
0
0
0
0
0
0
0
0
0
0
0
0
0
0
0
0
0
0
0
0
0
0
0
0
0
0
0
0
0
0
0
0
0
0
0
0
0
0
0
0
0
0
0
0
0
0
0
0
0
0
0
0
0
0
0
0
0
0
0
0
0
0
0
0
0
0
0
0
0
0
0
0
0
0
0
0
0
0
0
0
0
0
0
0
0
0
0
0
0
0
0
0
0
0
0
0
0
0
0
0
0
0
0
0
0
0
0
0
0
0
0
0
0
0
0
0
0
0
0
0
0
0
0
0
0
0
0
0
0
0
0
0
0
0
0
0
0
0
0
0
0
0
0
0
0
0
0
0
0
0
0
0
0
0
0
0
0
0
0
0
0
0
0
0
0
0
0
0
0
0
0
0
0
0
0
0
0
0
0
0
0
0
0
0
0
0
0
0
0
0
0
0
0
0
0
0
0
0
0
0
0
0
0
0
0
0
0
0
0
0
0
0
0
0
0
0
0
0
0
0
0
0
0
0
0
0
0
0
0
0
0
0
0
0
0
0
0
0
0
0
0
0
0
0
0
0
0
0
0
0
0
0
0
0
0
0
0
0
0
0
0
0
0
0
0
0
0
0
0
0
0
0
0
0
0
0
0
0
0
0
0
0
0
0
0
0
0
0
0
0
0
0
0
0
0
0
0
0
0
0
