0
0.441983
0.397819
0.3567
0.318517
0.28316
0.250522
0.220493
0.192966
0.16783
0.144978
0.1243
0.105689
0.0890346
0.0742287
0.0611626
0.0497274
0.0398146
0.0313152
0.0241207
0.0181222
0.0132111
0.00927859
0.00621593
0.0039144
0.00226528
0.00115982
0.000489301
0.000144978
1.81222e-05
0
0
0
0
0
0
0
0
0
0
0
0
0
0
0
0
0
0
0
0
0
0
0
0
0
0
0
0
0
0
0
0
0
0
0
0
0
0
0
0
0
0
0
0
0
0
0
0
0
0
0
0
0
0
0
0
0
0
0
0
0
0
0
0
0
0
0
0
0
0
0
0
0
0
0
0
0
0
0
0
0
0
0
0
0
0
0
0
0
0
0
0
0
0
0
0
0
0
0
0
0
0
0
0
0
0
0
0
0
0
0
0
0
0
0
0
0
0
0
0
0
0
0
0
0
0
0
0
0
0
0
0
0
0
0
0
0
0
0
0
0
0
0
0
0
0
0
0
0
0
0
0
0
0
0
0
0
0
0
0
0
0
0
0
0
0
0
0
0
0
0
0
0
0
0
0
0
0
0
0
0
0
0
0
0
0
0
0
0
0
0
0
0
0
0
0
0
0
0
0
0
1.81222e-05
0.000144978
0.000489301
0.00115982
0.00226528
0.0039144
0.00621593
0.00927859
0.0132111
0.0181222
0.0241207
0.0313152
0.0398146
0.0497274
0.0611626
0.0742287
0.0890346
0.105689
0.1243
0.144978
0.16783
0.192966
0.220493
0.250522
0.28316
0.318517
0.3567
0.397819
0.441983
