44654.9
82623.6
69954.3
58652.2
48639.2
39837.2
32167.9
25553.3
19915.3
15175.8
11256.5
8079.41
5566.4
3639.32
2220.05
1230.47
592.447
227.864
58.5937
6.51041
0
0
0
0
0
0
0
0
0
0
0
0
0
0
0
0
0
0
0
0
0
0
0
0
0
0
0
0
0
0
0
0
0
0
0
0
0
0
0
0
0
0
0
0
0
0
0
0
0
0
0
0
0
0
0
0
0
0
0
0
0
0
0
0
0
0
0
0
0
0
0
0
0
0
0
0
0
0
0
0
0
0
0
0
0
0
0
0
0
0
0
0
0
0
0
0
0
0
0
0
0
0
0
0
0
0
0
0
0
0
0
0
0
0
0
0
0
0
0
0
0
0
0
0
0
0
0
0
0
0
0
0
0
0
0
0
0
0
0
0
0
0
0
0
0
0
0
0
0
0
0
0
0
0
0
0
0
0
0
0
0
0
0
0
0
0
0
0
0
0
0
0
0
0
0
0
0
0
0
0
0
0
0
0
0
0
0
0
0
0
0
0
0
0
0
0
0
0
0
0
6.51041
58.5937
227.864
592.447
1230.47
2220.05
3639.32
5566.4
8079.41
11256.5
15175.8
19915.3
25553.3
32167.9
39837.2
48639.2
58652.2
69954.3
82623.6
0
